2.4510
2.9894
2.5489
3.5238
2.8504
1.9722
1.8557
1.6675
2.1724
1.8223
1.1863
1.0827
1.2773
1.2157
1.3204
0.9760
1.0179
0.9557
1.6459
1.1019
0.8068
0.7744
0.9383
0.7913
0.8626
0.7869
0.8267
1.1629
0.7299
1.2485
0.9801
3.8854
1.5498
1.0434
1.1270
1.0792
1.0537
0.9072
0.5556
0.8363
0.7018
0.6130
0.9508
0.6417
0.8838
0.8143
0.8627
0.9280
0.8912
0.9518
0.8564
0.9796
1.2607
0.8848
1.0108
0.8875
0.9616
0.7972
1.1691
0.7726
0.8573
1.0205
0.6027
1.3493
0.7030
0.9853
0.7802
0.9366
1.1997
1.0406
0.7307
1.0020
0.7336
0.6768
0.8013
