0.8067
0.9683
0.8686
0.6307
0.8484
0.6499
0.7096
0.7089
0.6438
0.6292
0.7806
0.6298
0.6664
0.9043
0.7414
0.8054
1.1454
0.7351
0.7155
0.7254
0.6473
0.8731
0.6498
0.7024
0.9168
0.8668
0.6755
0.7946
0.7759
1.0232
0.7727
0.6936
0.7250
0.6271
0.5942
0.7112
0.6959
0.7223
0.6794
0.7043
0.6529
0.6103
0.7581
0.7630
0.8621
0.5907
0.6760
0.6783
0.6243
0.5979
0.6221
0.8154
0.8090
0.7556
0.7783
0.7617
0.7677
0.5907
0.7346
0.5918
0.5714
0.8854
0.8937
0.6791
0.9385
0.6417
0.8151
0.8025
0.6917
0.6742
0.5784
0.7482
0.7781
0.7165
0.5451
