2.298493
2.298493
2.298517
2.298517
2.299437
2.299437
2.297309
2.297309
2.298281
2.298281
2.301751
2.301751
2.297805
2.297805
2.298882
2.298882
2.296035
2.296035
2.295507
2.295507
2.293658
2.293658
2.297312
2.297312
2.295157
2.295157
2.293261
2.293261
2.293696
2.293696
2.289931
2.289931
2.291664
2.291664
2.277446
2.277446
2.285029
2.285029
2.291325
2.291325
2.287348
2.287348
2.285385
2.285385
2.285845
2.285845
2.287083
2.287083
2.283131
2.283131
2.280534
2.280534
2.278756
2.278756
2.281161
2.281161
2.280691
2.280691
2.281351
2.281351
2.276547
2.276547
2.278120
2.278120
2.273944
2.273944
2.272445
2.272445
2.270190
2.270190
2.273615
2.273615
2.270332
2.270332
2.265180
2.265180
2.263597
2.263597
2.268950
2.268950
2.268583
2.268583
2.262352
2.262352
2.260427
2.260427
2.262061
2.262061
2.256946
2.256946
2.259873
2.259873
2.260588
2.260588
2.253251
2.253251
2.255110
2.255110
2.251163
2.251163
2.255658
2.255658
2.252048
2.252048
2.249408
2.249408
2.238666
2.238666
2.248348
2.248348
2.243858
2.243858
2.246411
2.246411
2.241821
2.241821
2.244989
2.244989
2.233617
2.233617
2.238858
2.238858
2.239079
2.239079
2.239909
2.239909
2.237380
2.237380
2.234954
2.234954
2.214078
2.214078
2.236846
2.236846
2.226838
2.226838
2.229506
2.229506
2.228388
2.228388
2.227572
2.227572
2.226761
2.226761
2.227716
2.227716
2.226562
2.226562
2.219754
2.219754
2.216243
2.216243
2.219709
2.219709
2.212926
2.212926
2.212157
2.212157
2.212325
2.212325
2.215862
2.215862
2.209699
2.209699
2.213557
2.213557
2.217116
2.217116
2.205560
2.205560
2.202964
2.202964
2.206722
2.206722
2.202902
2.202902
2.194551
2.194551
2.201159
2.201159
2.192255
2.192255
2.186683
2.186683
2.197676
2.197676
2.188173
2.188173
2.190826
2.190826
2.178195
2.178195
2.177915
2.177915
2.179056
2.179056
2.177194
2.177194
2.174828
2.174828
2.176983
2.176983
2.189297
2.189297
2.166959
2.166959
2.166388
2.166388
2.167794
2.167794
2.160987
2.160987
2.154957
2.154957
2.146214
2.146214
2.146730
2.146730
2.147278
2.147278
2.146880
2.146880
2.146242
2.146242
2.149144
2.149144
2.147054
2.147054
2.130643
2.130643
2.136028
2.136028
2.137336
2.137336
2.130637
2.130637
2.120100
2.120100
2.111427
2.111427
2.117499
2.117499
2.112902
2.112902
2.115159
2.115159
2.112273
2.112273
2.105545
2.105545
2.102997
2.102997
2.098457
2.098457
2.101261
2.101261
2.096680
2.096680
2.085328
2.085328
2.084049
2.084049
2.102938
2.102938
2.077584
2.077584
2.080092
2.080092
2.067844
2.067844
2.066419
2.066419
2.080283
2.080283
2.063199
2.063199
2.064279
2.064279
2.058557
2.058557
2.053687
2.053687
2.047590
2.047590
2.047426
2.047426
2.035124
2.035124
2.047664
2.047664
2.034517
2.034517
2.031713
2.031713
2.020278
2.020278
2.032726
2.032726
2.032128
2.032128
2.027004
2.027004
2.017155
2.017155
2.001910
2.001910
2.005820
2.005820
2.011469
2.011469
2.025229
2.025229
2.003979
2.003979
1.986781
1.986781
1.989937
1.989937
1.993624
1.993624
1.997508
1.997508
1.969316
1.969316
1.987279
1.987279
1.986363
1.986363
1.970174
1.970174
1.967395
1.967395
1.968485
1.968485
1.946653
1.946653
1.955498
1.955498
1.965668
1.965668
1.955120
1.955120
1.950633
1.950633
1.961022
1.961022
1.968172
1.968172
1.936432
1.936432
1.955782
1.955782
1.938097
1.938097
1.939520
1.939520
1.940670
1.940670
1.934295
1.934295
1.927802
1.927802
1.923507
1.923507
1.931376
1.931376
1.924068
1.924068
1.930531
1.930531
1.911630
1.911630
1.910101
1.910101
1.937368
1.937368
1.904122
1.904122
1.905532
1.905532
1.911180
1.911180
1.901173
1.901173
1.898079
1.898079
1.904474
1.904474
1.900574
1.900574
1.899172
1.899172
1.910376
1.910376
1.848920
1.848920
1.884067
1.884067
1.888875
1.888875
1.909951
1.909951
1.882018
1.882018
1.884275
1.884275
1.880993
1.880993
1.887009
1.887009
1.881400
1.881400
1.871079
1.871079
1.879650
1.879650
1.875699
1.875699
1.889624
1.889624
1.872556
1.872556
1.883045
1.883045
1.867932
1.867932
1.873249
1.873249
1.859081
1.859081
1.831757
1.831757
1.871065
1.871065
1.855839
1.855839
1.862732
1.862732
1.855377
1.855377
1.857284
1.857284
1.897420
1.897420
1.864578
1.864578
1.858049
1.858049
1.845202
1.845202
1.849078
1.849078
1.855927
1.855927
1.825704
1.825704
1.838186
1.838186
1.846048
1.846048
1.862421
1.862421
1.842054
1.842054
1.843903
1.843903
1.840699
1.840699
1.846058
1.846058
1.833695
1.833695
1.844146
1.844146
1.848968
1.848968
1.828082
1.828082
1.822115
1.822115
1.807188
1.807188
1.844700
1.844700
1.834577
1.834577
1.841853
1.841853
1.840431
1.840431
1.823153
1.823153
1.840448
1.840448
1.826477
1.826477
1.821603
1.821603
1.826172
1.826172
1.822926
1.822926
1.832183
1.832183
1.834638
1.834638
1.809376
1.809376
1.816472
1.816472
1.822342
1.822342
1.833711
1.833711
1.787331
1.787331
1.820635
1.820635
1.822155
1.822155
1.820941
1.820941
1.811471
1.811471
1.812541
1.812541
1.803824
1.803824
1.821579
1.821579
1.810636
1.810636
1.813943
1.813943
1.805404
1.805404
1.810300
1.810300
1.810034
1.810034
1.805941
1.805941
1.797328
1.797328
1.806902
1.806902
1.809706
1.809706
1.823053
1.823053
1.779182
1.779182
1.804983
1.804983
1.812755
1.812755
1.808806
1.808806
1.793058
1.793058
1.799102
1.799102
1.794996
1.794996
1.796584
1.796584
1.809806
1.809806
1.796582
1.796582
1.801609
1.801609
1.797204
1.797204
1.771919
1.771919
1.802635
1.802635
1.805574
1.805574
1.791406
1.791406
1.786519
1.786519
1.792284
1.792284
1.796989
1.796989
1.803928
1.803928
1.795204
1.795204
1.793030
1.793030
1.791442
1.791442
1.777375
1.777375
1.793807
1.793807
1.799959
1.799959
1.792861
1.792861
1.791487
1.791487
1.782888
1.782888
1.778000
1.778000
1.787040
1.787040
1.780290
1.780290
1.781825
1.781825
1.790764
1.790764
1.796384
1.796384
1.786049
1.786049
1.744458
1.744458
1.773915
1.773915
1.774513
1.774513
1.782393
1.782393
1.795200
1.795200
1.785492
1.785492
1.797882
1.797882
1.761970
1.761970
1.781171
1.781171
1.782639
1.782639
1.787162
1.787162
1.783695
1.783695
1.793540
1.793540
1.778578
1.778578
1.770860
1.770860
1.784549
1.784549
1.776376
1.776376
1.777386
1.777386
1.754879
1.754879
1.779360
1.779360
1.769383
1.769383
1.768924
1.768924
1.769450
1.769450
1.778804
1.778804
1.804095
1.804095
1.778775
1.778775
1.770046
1.770046
1.777002
1.777002
1.766734
1.766734
1.763891
1.763891
1.772321
1.772321
1.770415
1.770415
1.779978
1.779978
1.760677
1.760677
1.765453
1.765453
1.764168
1.764168
1.786050
1.786050
1.763436
1.763436
1.768087
1.768087
1.778278
1.778278
1.768102
1.768102
1.754371
1.754371
1.757436
1.757436
1.761160
1.761160
1.766364
1.766364
1.766047
1.766047
1.760749
1.760749
1.767359
1.767359
1.745841
1.745841
1.760679
1.760679
1.759863
1.759863
1.771265
1.771265
1.751240
1.751240
1.765087
1.765087
1.754427
1.754427
1.760881
1.760881
1.755271
1.755271
1.754608
1.754608
1.758768
1.758768
1.760140
1.760140
1.796249
1.796249
1.764953
1.764953
1.747668
1.747668
1.762765
1.762765
1.746793
1.746793
1.757024
1.757024
1.787133
1.787133
1.758248
1.758248
1.751267
1.751267
1.747593
1.747593
1.771055
1.771055
1.748499
1.748499
1.728241
1.728241
1.751005
1.751005
1.753671
1.753671
1.759888
1.759888
1.748675
1.748675
1.750831
1.750831
1.736663
1.736663
1.741251
1.741251
1.768273
1.768273
1.735330
1.735330
1.747413
1.747413
1.757658
1.757658
1.756479
1.756479
1.751689
1.751689
1.734736
1.734736
1.747894
1.747894
1.752728
1.752728
1.752264
1.752264
1.753867
1.753867
1.758559
1.758559
1.743048
1.743048
1.760849
1.760849
1.737194
1.737194
1.732894
1.732894
1.728520
1.728520
1.747265
1.747265
1.750870
1.750870
1.740381
1.740381
1.751135
1.751135
1.727038
1.727038
1.764596
1.764596
1.759613
1.759613
1.737047
1.737047
1.741876
1.741876
1.743120
1.743120
1.731292
1.731292
1.722675
1.722675
1.727662
1.727662
1.744707
1.744707
1.740360
1.740360
1.737541
1.737541
1.757129
1.757129
1.692171
1.692171
1.725994
1.725994
1.750588
1.750588
1.747929
1.747929
1.736107
1.736107
1.725479
1.725479
1.767269
1.767269
1.723802
1.723802
1.729454
1.729454
1.740301
1.740301
1.744108
1.744108
1.747096
1.747096
1.712029
1.712029
1.731150
1.731150
1.742079
1.742079
1.739563
1.739563
1.726966
1.726966
1.733679
1.733679
1.724264
1.724264
1.734089
1.734089
1.729122
1.729122
1.725473
1.725473
1.735728
1.735728
1.743979
1.743979
1.697086
1.697086
1.721267
1.721267
1.749373
1.749373
1.731104
1.731104
1.719418
1.719418
1.734135
1.734135
1.724492
1.724492
1.726408
1.726408
1.717738
1.717738
1.745659
1.745659
1.725661
1.725661
1.737728
1.737728
1.680681
1.680681
1.728138
1.728138
1.738330
1.738330
1.719393
1.719393
1.725354
1.725354
1.720912
1.720912
1.759970
1.759970
1.721717
1.721717
1.726686
1.726686
1.728179
1.728179
1.719535
1.719535
1.733081
1.733081
1.721641
1.721641
1.729085
1.729085
1.718359
1.718359
1.742321
1.742321
1.712489
1.712489
1.718499
1.718499
1.721320
1.721320
1.715444
1.715444
1.710138
1.710138
1.721415
1.721415
1.733729
1.733729
1.732038
1.732038
1.721080
1.721080
1.727664
1.727664
1.723730
1.723730
1.705394
1.705394
1.735582
1.735582
1.710928
1.710928
1.732091
1.732091
1.720219
1.720219
1.728291
1.728291
1.716807
1.716807
1.714765
1.714765
1.718846
1.718846
1.713124
1.713124
1.709819
1.709819
1.720628
1.720628
1.721195
1.721195
1.726139
1.726139
1.711760
1.711760
1.729607
1.729607
1.725269
1.725269
1.698473
1.698473
1.717138
1.717138
1.726380
1.726380
1.715011
1.715011
1.732139
1.732139
1.732053
1.732053
1.705745
1.705745
1.711402
1.711402
1.730584
1.730584
1.699564
1.699564
1.705536
1.705536
1.703882
1.703882
1.732902
1.732902
1.717230
1.717230
1.711064
1.711064
1.707957
1.707957
1.701451
1.701451
1.718292
1.718292
1.719426
1.719426
1.718742
1.718742
1.705881
1.705881
1.714236
1.714236
1.634096
1.634096
1.721422
1.721422
1.718919
1.718919
1.704473
1.704473
1.701622
1.701622
1.710317
1.710317
1.723216
1.723216
1.710606
1.710606
1.714514
1.714514
1.714940
1.714940
1.701662
1.701662
1.711150
1.711150
1.708629
1.708629
1.711945
1.711945
1.697273
1.697273
1.722103
1.722103
1.714357
1.714357
1.699402
1.699402
1.719666
1.719666
1.705285
1.705285
1.706908
1.706908
1.712025
1.712025
1.707256
1.707256
1.709721
1.709721
1.705154
1.705154
1.710459
1.710459
1.691426
1.691426
1.695877
1.695877
1.725516
1.725516
1.711866
1.711866
1.705068
1.705068
1.704641
1.704641
1.704066
1.704066
1.701486
1.701486
1.707762
1.707762
1.707425
1.707425
1.729582
1.729582
1.704528
1.704528
1.703299
1.703299
1.711664
1.711664
1.704560
1.704560
1.696704
1.696704
1.719786
1.719786
1.710592
1.710592
1.695550
1.695550
1.703539
1.703539
1.704580
1.704580
1.704380
1.704380
1.695012
1.695012
1.707087
1.707087
1.707516
1.707516
1.696963
1.696963
1.692718
1.692718
1.705908
1.705908
1.711881
1.711881
1.698959
1.698959
1.711390
1.711390
1.704169
1.704169
1.692697
1.692697
1.702185
1.702185
1.678200
1.678200
1.701305
1.701305
1.699605
1.699605
1.695830
1.695830
1.705373
1.705373
1.701203
1.701203
1.679792
1.679792
1.697979
1.697979
1.692407
1.692407
1.706290
1.706290
1.700696
1.700696
1.693654
1.693654
1.722992
1.722992
1.696616
1.696616
1.698204
1.698204
1.698558
1.698558
1.708591
1.708591
1.689592
1.689592
1.684967
1.684967
1.685740
1.685740
1.687491
1.687491
1.704830
1.704830
1.700664
1.700664
1.703304
1.703304
1.715083
1.715083
1.698381
1.698381
1.688254
1.688254
1.689719
1.689719
1.712015
1.712015
1.690707
1.690707
1.703390
1.703390
1.703961
1.703961
1.706121
1.706121
1.687711
1.687711
1.685750
1.685750
1.698208
1.698208
1.654527
1.654527
1.693098
1.693098
1.687935
1.687935
1.695804
1.695804
1.695617
1.695617
1.696094
1.696094
1.710237
1.710237
1.681481
1.681481
1.687414
1.687414
1.681299
1.681299
1.704666
1.704666
1.708900
1.708900
1.710169
1.710169
1.686995
1.686995
1.706715
1.706715
1.690130
1.690130
1.696622
1.696622
1.682070
1.682070
1.685337
1.685337
1.687115
1.687115
1.687535
1.687535
1.698984
1.698984
1.689815
1.689815
1.698807
1.698807
1.654955
1.654955
1.698167
1.698167
1.691496
1.691496
1.680452
1.680452
1.687800
1.687800
1.689440
1.689440
1.721492
1.721492
1.698411
1.698411
1.686853
1.686853
1.673948
1.673948
1.696736
1.696736
1.694253
1.694253
1.673170
1.673170
1.693907
1.693907
1.671455
1.671455
1.694660
1.694660
1.695431
1.695431
1.689377
1.689377
1.679778
1.679778
1.676805
1.676805
1.695186
1.695186
1.686336
1.686336
1.683372
1.683372
1.695679
1.695679
1.701113
1.701113
1.712634
1.712634
1.677412
1.677412
1.684085
1.684085
1.675810
1.675810
1.687355
1.687355
1.677283
1.677283
1.703587
1.703587
1.696504
1.696504
1.678904
1.678904
1.682560
1.682560
1.671356
1.671356
1.682677
1.682677
1.689161
1.689161
1.673582
1.673582
1.691413
1.691413
1.685025
1.685025
1.692894
1.692894
1.664444
1.664444
1.687430
1.687430
1.691413
1.691413
1.679841
1.679841
1.679774
1.679774
1.688709
1.688709
1.671467
1.671467
1.677067
1.677067
1.692401
1.692401
1.692446
1.692446
1.672114
1.672114
1.688348
1.688348
1.675784
1.675784
1.677755
1.677755
1.678930
1.678930
1.683081
1.683081
1.682711
1.682711
1.686831
1.686831
1.733769
1.733769
1.694466
1.694466
1.681986
1.681986
1.669261
1.669261
1.678958
1.678958
1.686572
1.686572
1.694259
1.694259
1.680766
1.680766
1.671153
1.671153
1.691515
1.691515
1.685176
1.685176
1.681606
1.681606
1.675853
1.675853
1.676095
1.676095
1.684548
1.684548
1.675005
1.675005
1.690385
1.690385
1.683488
1.683488
1.657159
1.657159
1.680154
1.680154
1.687296
1.687296
1.668559
1.668559
1.680309
1.680309
1.679649
1.679649
1.721834
1.721834
1.686226
1.686226
1.676407
1.676407
1.681241
1.681241
1.671326
1.671326
1.688444
1.688444
1.648317
1.648317
1.681275
1.681275
1.678604
1.678604
1.676597
1.676597
1.682314
1.682314
1.677028
1.677028
1.678155
1.678155
1.673884
1.673884
1.682398
1.682398
1.681411
1.681411
1.673328
1.673328
1.681062
1.681062
1.681763
1.681763
1.697475
1.697475
1.681279
1.681279
1.670559
1.670559
1.675575
1.675575
1.669517
1.669517
1.644414
1.644414
1.673697
1.673697
1.676564
1.676564
1.672960
1.672960
1.686768
1.686768
1.678713
1.678713
1.658933
1.658933
1.681820
1.681820
1.683062
1.683062
1.688317
1.688317
1.668811
1.668811
1.661085
1.661085
1.674442
1.674442
1.676096
1.676096
1.671047
1.671047
1.676218
1.676218
1.683330
1.683330
1.675423
1.675423
1.659568
1.659568
1.673245
1.673245
1.678519
1.678519
1.673223
1.673223
1.653315
1.653315
1.693152
1.693152
1.706995
1.706995
1.678603
1.678603
1.671148
1.671148
1.666330
1.666330
1.676751
1.676751
1.678270
1.678270
1.688501
1.688501
1.680320
1.680320
1.669976
1.669976
1.674726
1.674726
1.674186
1.674186
1.675374
1.675374
1.646442
1.646442
1.679709
1.679709
1.674250
1.674250
1.680172
1.680172
1.671615
1.671615
1.667289
1.667289
1.637793
1.637793
1.671598
1.671598
1.692549
1.692549
1.665352
1.665352
1.679414
1.679414
1.651935
1.651935
1.697419
1.697419
1.669888
1.669888
1.663843
1.663843
1.676759
1.676759
1.682999
1.682999
1.678124
1.678124
1.606531
1.606531
1.667412
1.667412
1.668187
1.668187
1.670500
1.670500
1.684297
1.684297
1.664633
1.664633
1.695877
1.695877
1.669711
1.669711
1.666838
1.666838
1.668881
1.668881
1.673409
1.673409
1.676734
1.676734
1.674262
1.674262
1.674249
1.674249
1.676248
1.676248
1.669093
1.669093
1.655055
1.655055
1.680991
1.680991
1.656090
1.656090
1.685343
1.685343
1.669294
1.669294
1.673258
1.673258
1.667726
1.667726
1.658356
1.658356
1.648258
1.648258
1.675658
1.675658
1.669236
1.669236
1.657566
1.657566
1.673267
1.673267
1.671465
1.671465
1.673218
1.673218
1.690289
1.690289
1.667399
1.667399
1.673783
1.673783
1.656027
1.656027
1.656598
1.656598
1.675109
1.675109
1.664756
1.664756
1.676882
1.676882
1.660815
1.660815
1.671893
1.671893
1.668791
1.668791
1.663830
1.663830
1.677638
1.677638
1.662876
1.662876
1.671947
1.671947
1.659553
1.659553
1.669276
1.669276
1.660267
1.660267
1.661813
1.661813
1.658873
1.658873
1.663011
1.663011
1.666491
1.666491
1.688325
1.688325
1.663044
1.663044
1.676601
1.676601
1.654280
1.654280
1.663882
1.663882
1.671541
1.671541
1.664931
1.664931
1.694965
1.694965
1.662562
1.662562
1.664307
1.664307
1.665848
1.665848
1.672765
1.672765
1.670752
1.670752
1.645770
1.645770
1.665977
1.665977
1.658238
1.658238
1.667315
1.667315
1.674628
1.674628
1.668494
1.668494
1.640236
1.640236
1.660629
1.660629
1.671226
1.671226
1.667805
1.667805
1.658271
1.658271
1.669288
1.669288
1.673336
1.673336
1.673423
1.673423
1.673818
1.673818
1.674169
1.674169
1.642899
1.642899
1.658123
1.658123
1.689132
1.689132
1.663848
1.663848
1.662565
1.662565
1.669312
1.669312
1.664173
1.664173
1.665475
1.665475
1.654743
1.654743
1.658542
1.658542
1.660792
1.660792
1.664776
1.664776
1.680764
1.680764
1.662264
1.662264
1.627132
1.627132
1.665114
1.665114
1.674025
1.674025
1.666636
1.666636
1.660537
1.660537
1.655908
1.655908
1.642630
1.642630
1.664025
1.664025
1.652370
1.652370
1.670481
1.670481
1.667328
1.667328
1.656834
1.656834
1.700829
1.700829
1.659838
1.659838
1.668412
1.668412
1.668913
1.668913
1.659467
1.659467
1.663149
1.663149
1.629754
1.629754
1.655646
1.655646
1.665597
1.665597
1.671214
1.671214
1.666978
1.666978
1.646622
1.646622
1.703894
1.703894
1.657583
1.657583
1.679263
1.679263
1.658557
1.658557
1.651411
1.651411
1.668850
1.668850
1.625724
1.625724
1.675834
1.675834
1.656907
1.656907
1.663039
1.663039
1.657634
1.657634
1.656097
1.656097
1.651379
1.651379
1.660852
1.660852
1.660077
1.660077
1.673293
1.673293
1.651321
1.651321
1.660767
1.660767
1.658516
1.658516
1.659932
1.659932
1.648420
1.648420
1.650532
1.650532
1.667278
1.667278
1.675800
1.675800
1.674000
1.674000
1.654749
1.654749
1.679449
1.679449
1.663173
1.663173
1.647928
1.647928
1.659200
1.659200
1.644275
1.644275
1.655143
1.655143
1.672387
1.672387
1.656956
1.656956
1.658312
1.658312
1.660021
1.660021
1.641869
1.641869
1.648481
1.648481
1.673446
1.673446
1.665914
1.665914
1.651163
1.651163
1.657299
1.657299
1.670776
1.670776
1.667799
1.667799
1.667483
1.667483
1.656730
1.656730
1.667366
1.667366
1.638113
1.638113
1.648939
1.648939
1.654756
1.654756
1.662153
1.662153
1.656668
1.656668
1.657767
1.657767
1.665520
1.665520
1.637675
1.637675
1.643325
1.643325
1.679635
1.679635
1.649555
1.649555
1.657341
1.657341
1.666338
1.666338
1.627669
1.627669
1.657603
1.657603
1.665541
1.665541
1.662657
1.662657
1.648495
1.648495
1.655064
1.655064
1.659285
1.659285
1.651633
1.651633
1.659786
1.659786
1.649699
1.649699
1.660699
1.660699
1.665699
1.665699
1.658224
1.658224
1.649259
1.649259
1.652100
1.652100
1.658541
1.658541
1.659388
1.659388
1.662125
1.662125
1.684214
1.684214
1.653672
1.653672
1.661206
1.661206
1.650568
1.650568
1.651842
1.651842
1.662151
1.662151
1.681602
1.681602
1.654074
1.654074
1.648551
1.648551
1.649239
1.649239
1.670212
1.670212
1.661395
1.661395
1.640025
1.640025
1.650704
1.650704
1.658168
1.658168
1.656793
1.656793
1.654167
1.654167
1.658662
1.658662
1.659179
1.659179
1.652356
1.652356
1.652263
1.652263
1.665334
1.665334
1.651759
1.651759
1.658643
1.658643
1.634536
1.634536
1.654673
1.654673
1.653096
1.653096
1.660670
1.660670
1.654421
1.654421
1.654105
1.654105
1.644809
1.644809
1.661581
1.661581
1.654908
1.654908
1.655952
1.655952
1.649583
1.649583
1.653724
1.653724
1.641572
1.641572
1.653069
1.653069
1.656443
1.656443
1.648230
1.648230
1.654103
1.654103
1.660080
1.660080
1.654960
1.654960
1.651682
1.651682
1.665412
1.665412
1.653452
1.653452
1.649204
1.649204
1.652002
1.652002
1.645187
1.645187
1.666683
1.666683
1.659870
1.659870
1.643995
1.643995
1.648987
1.648987
1.650626
1.650626
1.644255
1.644255
1.647757
1.647757
1.652403
1.652403
1.661944
1.661944
1.649864
1.649864
1.660261
1.660261
1.619959
1.619959
1.655896
1.655896
1.655620
1.655620
1.642659
1.642659
1.649174
1.649174
1.660656
1.660656
1.662760
1.662760
1.643502
1.643502
1.665436
1.665436
1.653185
1.653185
1.643390
1.643390
1.660346
1.660346
1.639868
1.639868
1.653125
1.653125
1.650267
1.650267
1.651026
1.651026
1.650874
1.650874
1.659812
1.659812
1.634855
1.634855
1.663936
1.663936
1.645383
1.645383
1.649278
1.649278
1.657212
1.657212
1.646264
1.646264
1.645345
1.645345
1.653090
1.653090
1.640571
1.640571
1.647861
1.647861
1.667080
1.667080
1.645753
1.645753
1.686710
1.686710
1.651913
1.651913
1.651724
1.651724
1.650640
1.650640
1.667900
1.667900
1.640247
1.640247
1.624351
1.624351
1.673779
1.673779
1.661116
1.661116
1.631024
1.631024
1.646534
1.646534
1.647298
1.647298
1.631704
1.631704
1.663884
1.663884
1.648961
1.648961
1.650535
1.650535
1.650780
1.650780
1.643253
1.643253
1.635735
1.635735
1.660779
1.660779
1.635561
1.635561
1.650484
1.650484
1.644543
1.644543
1.658325
1.658325
1.675484
1.675484
1.651748
1.651748
1.638132
1.638132
1.650905
1.650905
1.671440
1.671440
1.641675
1.641675
1.637777
1.637777
1.638877
1.638877
1.648219
1.648219
1.652569
1.652569
1.657243
1.657243
1.655722
1.655722
1.636030
1.636030
1.655058
1.655058
1.642439
1.642439
1.653647
1.653647
1.641724
1.641724
1.660144
1.660144
1.622678
1.622678
1.645221
1.645221
1.653058
1.653058
1.643406
1.643406
1.653145
1.653145
1.646189
1.646189
1.689416
1.689416
1.668717
1.668717
1.651323
1.651323
1.636913
1.636913
1.643725
1.643725
1.641304
1.641304
1.672456
1.672456
1.641858
1.641858
1.653022
1.653022
1.650870
1.650870
1.651723
1.651723
1.653422
1.653422
1.604015
1.604015
1.654637
1.654637
1.649897
1.649897
1.642045
1.642045
1.652059
1.652059
1.642311
1.642311
1.658652
1.658652
1.645106
1.645106
1.650288
1.650288
1.659979
1.659979
1.645875
1.645875
1.641081
1.641081
1.639613
1.639613
1.657678
1.657678
1.645118
1.645118
1.642388
1.642388
1.640518
1.640518
1.654834
1.654834
1.643044
1.643044
1.653144
1.653144
1.650289
1.650289
1.652616
1.652616
1.643520
1.643520
1.640828
1.640828
1.635871
1.635871
1.657232
1.657232
1.629551
1.629551
1.659104
1.659104
1.645330
1.645330
1.647265
1.647265
1.640525
1.640525
1.639802
1.639802
1.661821
1.661821
1.654161
1.654161
1.638685
1.638685
1.644530
1.644530
1.629502
1.629502
1.659899
1.659899
1.644765
1.644765
1.640582
1.640582
1.651239
1.651239
1.637258
1.637258
1.653960
1.653960
1.639221
1.639221
1.639239
1.639239
1.654473
1.654473
1.650460
1.650460
1.649233
1.649233
1.649956
1.649956
1.641930
1.641930
1.650426
1.650426
1.628627
1.628627
1.647918
1.647918
1.653272
1.653272
1.707533
1.707533
1.638928
1.638928
1.644764
1.644764
1.646546
1.646546
1.634990
1.634990
1.660882
1.660882
1.671553
1.671553
1.638622
1.638622
1.656497
1.656497
1.638361
1.638361
1.646096
1.646096
1.643866
1.643866
1.681464
1.681464
1.641823
1.641823
1.643790
1.643790
1.643131
1.643131
1.658437
1.658437
1.640325
1.640325
1.648229
1.648229
1.628844
1.628844
1.654841
1.654841
1.649677
1.649677
1.647872
1.647872
1.645176
1.645176
1.648501
1.648501
1.658612
1.658612
1.636819
1.636819
1.656519
1.656519
1.640266
1.640266
1.634533
1.634533
1.638432
1.638432
1.650153
1.650153
1.646591
1.646591
1.640250
1.640250
1.629693
1.629693
1.658420
1.658420
1.640979
1.640979
1.647731
1.647731
1.664332
1.664332
1.637643
1.637643
1.637072
1.637072
1.641614
1.641614
1.612576
1.612576
1.641135
1.641135
1.648634
1.648634
1.641099
1.641099
1.644244
1.644244
1.641090
1.641090
1.685004
1.685004
1.635756
1.635756
1.633290
1.633290
1.643643
1.643643
1.658785
1.658785
1.645736
1.645736
1.670049
1.670049
1.638071
1.638071
1.652747
1.652747
1.652840
1.652840
1.634849
1.634849
1.646099
1.646099
1.612148
1.612148
1.643728
1.643728
1.630877
1.630877
1.639519
1.639519
1.656942
1.656942
1.645536
1.645536
1.654594
1.654594
1.645650
1.645650
1.643239
1.643239
1.642779
1.642779
1.641484
1.641484
1.641352
1.641352
1.659422
1.659422
1.655851
1.655851
1.636754
1.636754
1.642510
1.642510
1.649586
1.649586
1.632922
1.632922
1.629480
1.629480
1.653618
1.653618
1.640551
1.640551
1.640580
1.640580
1.653059
1.653059
1.627950
1.627950
1.631915
1.631915
1.634780
1.634780
1.655573
1.655573
1.647994
1.647994
1.636049
1.636049
1.635437
1.635437
1.662586
1.662586
1.657241
1.657241
1.638534
1.638534
1.632828
1.632828
1.641637
1.641637
1.640199
1.640199
1.650800
1.650800
1.646801
1.646801
1.654456
1.654456
1.638650
1.638650
1.635232
1.635232
1.630172
1.630172
1.675349
1.675349
1.642182
1.642182
1.632386
1.632386
1.631946
1.631946
1.647459
1.647459
1.652644
1.652644
1.658564
1.658564
1.643893
1.643893
1.634511
1.634511
1.648187
1.648187
1.630194
1.630194
1.649815
1.649815
1.650295
1.650295
1.653270
1.653270
1.638150
1.638150
1.644416
1.644416
1.635274
1.635274
1.641965
1.641965
1.600027
1.600027
1.650804
1.650804
1.639542
1.639542
1.633594
1.633594
1.648830
1.648830
1.636687
1.636687
1.615754
1.615754
1.637664
1.637664
1.647959
1.647959
1.640845
1.640845
1.632869
1.632869
1.643932
1.643932
1.648472
1.648472
1.636414
1.636414
1.635054
1.635054
1.639892
1.639892
1.636988
1.636988
1.649686
1.649686
1.675494
1.675494
1.642889
1.642889
1.636156
1.636156
1.649499
1.649499
1.645627
1.645627
1.628220
1.628220
1.640369
1.640369
1.643379
1.643379
1.647387
1.647387
1.639891
1.639891
1.645165
1.645165
1.625464
1.625464
1.639431
1.639431
1.627894
1.627894
1.643151
1.643151
1.642777
1.642777
1.639654
1.639654
1.646505
1.646505
1.638753
1.638753
1.627996
1.627996
1.632715
1.632715
1.633560
1.633560
1.649065
1.649065
1.657384
1.657384
1.625906
1.625906
1.642470
1.642470
1.631575
1.631575
1.632003
1.632003
1.636919
1.636919
1.648342
1.648342
1.679254
1.679254
1.637304
1.637304
1.649420
1.649420
1.633800
1.633800
1.644247
1.644247
1.629500
1.629500
1.653308
1.653308
1.644603
1.644603
1.630916
1.630916
1.636880
1.636880
1.640504
1.640504
1.641103
1.641103
1.649527
1.649527
1.654711
1.654711
1.635116
1.635116
1.631579
1.631579
1.644956
1.644956
1.630363
1.630363
1.626125
1.626125
1.634513
1.634513
1.649740
1.649740
1.629372
1.629372
1.646235
1.646235
1.635799
1.635799
1.627028
1.627028
1.640682
1.640682
1.637095
1.637095
1.637064
1.637064
1.647711
1.647711
1.630265
1.630265
1.638938
1.638938
1.643348
1.643348
1.644330
1.644330
1.627585
1.627585
1.639406
1.639406
1.636344
1.636344
1.643092
1.643092
1.627999
1.627999
1.638211
1.638211
1.645762
1.645762
1.643194
1.643194
1.633985
1.633985
1.647855
1.647855
1.644542
1.644542
1.629374
1.629374
1.624661
1.624661
1.647611
1.647611
1.640862
1.640862
1.654697
1.654697
1.642849
1.642849
1.647583
1.647583
1.643404
1.643404
1.621570
1.621570
1.639494
1.639494
1.595994
1.595994
1.629303
1.629303
1.632147
1.632147
1.653961
1.653961
1.638578
1.638578
1.637260
1.637260
1.612345
1.612345
1.637789
1.637789
1.645691
1.645691
1.648337
1.648337
1.627515
1.627515
1.627205
1.627205
1.636737
1.636737
1.624002
1.624002
1.631277
1.631277
1.647356
1.647356
1.634676
1.634676
1.645415
1.645415
1.655068
1.655068
1.639216
1.639216
1.652405
1.652405
1.638228
1.638228
1.628532
1.628532
1.631812
1.631812
1.599535
1.599535
1.648416
1.648416
1.629233
1.629233
1.641929
1.641929
1.643219
1.643219
1.623493
1.623493
1.617508
1.617508
1.637454
1.637454
1.638538
1.638538
1.635149
1.635149
1.638158
1.638158
1.631024
1.631024
1.648661
1.648661
1.623877
1.623877
1.636749
1.636749
1.626160
1.626160
1.638256
1.638256
1.658407
1.658407
1.620741
1.620741
1.635371
1.635371
1.634387
1.634387
1.638905
1.638905
1.624617
1.624617
1.645964
1.645964
1.640802
1.640802
1.628981
1.628981
1.639673
1.639673
1.631788
1.631788
1.647867
1.647867
1.626612
1.626612
1.662514
1.662514
1.638886
1.638886
1.646563
1.646563
1.632748
1.632748
1.635014
1.635014
1.620304
1.620304
1.666645
1.666645
1.636648
1.636648
1.627856
1.627856
1.649730
1.649730
1.622571
1.622571
1.640752
1.640752
1.635608
1.635608
1.642069
1.642069
1.636393
1.636393
1.625986
1.625986
1.638599
1.638599
1.631099
1.631099
1.653718
1.653718
1.633888
1.633888
1.631657
1.631657
1.641808
1.641808
1.631588
1.631588
1.637066
1.637066
1.636224
1.636224
1.627420
1.627420
1.638320
1.638320
1.632592
1.632592
1.636490
1.636490
1.641078
1.641078
1.630804
1.630804
1.630970
1.630970
1.637024
1.637024
1.636281
1.636281
1.624891
1.624891
1.649198
1.649198
1.608768
1.608768
1.637052
1.637052
1.648621
1.648621
1.629278
1.629278
1.630494
1.630494
1.625528
1.625528
1.650340
1.650340
1.629404
1.629404
1.619643
1.619643
1.642077
1.642077
1.641418
1.641418
1.641397
1.641397
1.624004
1.624004
1.647970
1.647970
1.639233
1.639233
1.637744
1.637744
1.628182
1.628182
1.621166
1.621166
1.615793
1.615793
1.633414
1.633414
1.622160
1.622160
1.645084
1.645084
1.638360
1.638360
1.635900
1.635900
1.606167
1.606167
1.626354
1.626354
1.653155
1.653155
1.634940
1.634940
1.629050
1.629050
1.625304
1.625304
1.641034
1.641034
1.623996
1.623996
1.636413
1.636413
1.632120
1.632120
1.638813
1.638813
1.634215
1.634215
1.657333
1.657333
1.621582
1.621582
1.631432
1.631432
1.630462
1.630462
1.650895
1.650895
1.634858
1.634858
1.627878
1.627878
1.651140
1.651140
1.624069
1.624069
1.626576
1.626576
1.627918
1.627918
1.642150
1.642150
1.604504
1.604504
1.643406
1.643406
1.627447
1.627447
1.630384
1.630384
1.620136
1.620136
1.646085
1.646085
1.626518
1.626518
1.636133
1.636133
1.625924
1.625924
1.630390
1.630390
1.637858
1.637858
1.636298
1.636298
1.625183
1.625183
1.636691
1.636691
1.640640
1.640640
1.631017
1.631017
1.627372
1.627372
1.632954
1.632954
1.605124
1.605124
1.635204
1.635204
1.653240
1.653240
1.615902
1.615902
1.638053
1.638053
1.623360
1.623360
1.617311
1.617311
1.640712
1.640712
1.632829
1.632829
1.629925
1.629925
1.622773
1.622773
1.632728
1.632728
1.655992
1.655992
1.645478
1.645478
1.634021
1.634021
1.629362
1.629362
1.625801
1.625801
1.623889
1.623889
1.652984
1.652984
1.614460
1.614460
1.629470
1.629470
1.651817
1.651817
1.621026
1.621026
1.638907
1.638907
1.665303
1.665303
1.642797
1.642797
1.617183
1.617183
1.636773
1.636773
1.630538
1.630538
1.631937
1.631937
1.634842
1.634842
1.626551
1.626551
1.637614
1.637614
1.637074
1.637074
1.635596
1.635596
1.625722
1.625722
1.606694
1.606694
1.622736
1.622736
1.630797
1.630797
1.632097
1.632097
1.640330
1.640330
1.636488
1.636488
1.602225
1.602225
1.643145
1.643145
1.627738
1.627738
1.615427
1.615427
1.632854
1.632854
1.637454
1.637454
1.635913
1.635913
1.638106
1.638106
1.619714
1.619714
1.634638
1.634638
1.628158
1.628158
1.631685
1.631685
1.659857
1.659857
1.630520
1.630520
1.626279
1.626279
1.625062
1.625062
1.640273
1.640273
1.630321
1.630321
1.654360
1.654360
1.639334
1.639334
1.630971
1.630971
1.629135
1.629135
1.622500
1.622500
1.632285
1.632285
1.638222
1.638222
1.634957
1.634957
1.629209
1.629209
1.638774
1.638774
1.625364
1.625364
1.631277
1.631277
1.598831
1.598831
1.627138
1.627138
1.629280
1.629280
1.637688
1.637688
1.631134
1.631134
1.628314
1.628314
1.635038
1.635038
1.631542
1.631542
1.627144
1.627144
1.628652
1.628652
1.641012
1.641012
1.625819
1.625819
1.628227
1.628227
1.625652
1.625652
1.619204
1.619204
1.634480
1.634480
1.643948
1.643948
1.632110
1.632110
1.617359
1.617359
1.634174
1.634174
1.613442
1.613442
1.637425
1.637425
1.631118
1.631118
1.633043
1.633043
1.654588
1.654588
1.639211
1.639211
1.633184
1.633184
1.629986
1.629986
1.626449
1.626449
1.624828
1.624828
1.621514
1.621514
1.630033
1.630033
1.641336
1.641336
1.627876
1.627876
1.620616
1.620616
1.631140
1.631140
1.633576
1.633576
1.626613
1.626613
1.639753
1.639753
1.628834
1.628834
1.639604
1.639604
1.616333
1.616333
1.626457
1.626457
1.639379
1.639379
1.632276
1.632276
1.628340
1.628340
1.620592
1.620592
1.630779
1.630779
1.619159
1.619159
1.629405
1.629405
1.630222
1.630222
1.647558
1.647558
1.627215
1.627215
1.618365
1.618365
1.604925
1.604925
1.634069
1.634069
1.628245
1.628245
1.626082
1.626082
1.632590
1.632590
1.629365
1.629365
1.615917
1.615917
1.652608
1.652608
1.624030
1.624030
1.636351
1.636351
1.615803
1.615803
1.619207
1.619207
1.625777
1.625777
1.620279
1.620279
1.641142
1.641142
1.615458
1.615458
1.629011
1.629011
1.633737
1.633737
1.674233
1.674233
1.635369
1.635369
1.638930
1.638930
1.618240
1.618240
1.624675
1.624675
1.628418
1.628418
1.629014
1.629014
1.636313
1.636313
1.627284
1.627284
1.624073
1.624073
1.629878
1.629878
1.632085
1.632085
1.597888
1.597888
1.635241
1.635241
1.636913
1.636913
1.631220
1.631220
1.632375
1.632375
1.608677
1.608677
1.628076
1.628076
1.617744
1.617744
1.623859
1.623859
1.626702
1.626702
1.642433
1.642433
1.631067
1.631067
1.641561
1.641561
1.628790
1.628790
1.629201
1.629201
1.633590
1.633590
1.627776
1.627776
1.619667
1.619667
1.655873
1.655873
1.631991
1.631991
1.634142
1.634142
1.627755
1.627755
1.641058
1.641058
1.609223
1.609223
1.619504
1.619504
1.621342
1.621342
1.635113
1.635113
1.618323
1.618323
1.633057
1.633057
1.633835
1.633835
1.633531
1.633531
1.638760
1.638760
1.630065
1.630065
1.639062
1.639062
1.614553
1.614553
1.625327
1.625327
1.590893
1.590893
1.630659
1.630659
1.619789
1.619789
1.641439
1.641439
1.621035
1.621035
1.627954
1.627954
1.630547
1.630547
1.621240
1.621240
1.633313
1.633313
1.625675
1.625675
1.639400
1.639400
1.620591
1.620591
1.629030
1.629030
1.617816
1.617816
1.637235
1.637235
1.632401
1.632401
1.617563
1.617563
1.638850
1.638850
1.599000
1.599000
1.622261
1.622261
1.626325
1.626325
1.624714
1.624714
1.634380
1.634380
1.629498
1.629498
1.637606
1.637606
1.619326
1.619326
1.636776
1.636776
1.637845
1.637845
1.620935
1.620935
1.627346
1.627346
1.601218
1.601218
1.625957
1.625957
1.622839
1.622839
1.623767
1.623767
1.637107
1.637107
1.625215
1.625215
1.645968
1.645968
1.613418
1.613418
1.646851
1.646851
1.632742
1.632742
1.623509
1.623509
1.620135
1.620135
1.630998
1.630998
1.621482
1.621482
1.627370
1.627370
1.612432
1.612432
1.638994
1.638994
1.635542
1.635542
1.632612
1.632612
1.641620
1.641620
1.616611
1.616611
1.621175
1.621175
1.622554
1.622554
1.635963
1.635963
1.614229
1.614229
1.614709
1.614709
1.628385
1.628385
1.629336
1.629336
1.636524
1.636524
1.621947
1.621947
1.654970
1.654970
1.622039
1.622039
1.635789
1.635789
1.642464
1.642464
1.620491
1.620491
1.617819
1.617819
1.599530
1.599530
1.627558
1.627558
1.622670
1.622670
1.624035
1.624035
1.619864
1.619864
1.638880
1.638880
1.631733
1.631733
1.628443
1.628443
1.639441
1.639441
1.615400
1.615400
1.624132
1.624132
1.624987
1.624987
1.632299
1.632299
1.617685
1.617685
1.631533
1.631533
1.627203
1.627203
1.621616
1.621616
1.634455
1.634455
1.628090
1.628090
1.646495
1.646495
1.623457
1.623457
1.617299
1.617299
1.615776
1.615776
1.628961
1.628961
1.627869
1.627869
1.635721
1.635721
1.622001
1.622001
1.623834
1.623834
1.624772
1.624772
1.625992
1.625992
1.622540
1.622540
1.631499
1.631499
1.613377
1.613377
1.621767
1.621767
1.631742
1.631742
1.630524
1.630524
1.641822
1.641822
1.624139
1.624139
1.620363
1.620363
1.635965
1.635965
1.621907
1.621907
1.630509
1.630509
1.611478
1.611478
1.609715
1.609715
1.606343
1.606343
1.627842
1.627842
1.649016
1.649016
1.641694
1.641694
1.595680
1.595680
1.613483
1.613483
1.623167
1.623167
1.628399
1.628399
1.634553
1.634553
1.629865
1.629865
1.625437
1.625437
1.622265
1.622265
1.634162
1.634162
1.628929
1.628929
1.632192
1.632192
1.613946
1.613946
1.608579
1.608579
1.620792
1.620792
1.632662
1.632662
1.612573
1.612573
1.622458
1.622458
1.640470
1.640470
1.621767
1.621767
1.620651
1.620651
1.623718
1.623718
1.634985
1.634985
1.627024
1.627024
1.621767
1.621767
1.623168
1.623168
1.632013
1.632013
1.621590
1.621590
1.625489
1.625489
1.633300
1.633300
1.617677
1.617677
1.606884
1.606884
1.635038
1.635038
1.626544
1.626544
1.617291
1.617291
1.629319
1.629319
1.613864
1.613864
1.655010
1.655010
1.628196
1.628196
1.612600
1.612600
1.636549
1.636549
1.624459
1.624459
1.621273
1.621273
1.644629
1.644629
1.628125
1.628125
1.624828
1.624828
1.616941
1.616941
1.629350
1.629350
1.626974
1.626974
1.620874
1.620874
1.632240
1.632240
1.616419
1.616419
1.627707
1.627707
1.634142
1.634142
1.612429
1.612429
1.638243
1.638243
1.632023
1.632023
1.627841
1.627841
1.633447
1.633447
1.617844
1.617844
1.612327
1.612327
1.630046
1.630046
1.612331
1.612331
1.637253
1.637253
1.615631
1.615631
1.631052
1.631052
1.626827
1.626827
1.628574
1.628574
1.614629
1.614629
1.639455
1.639455
1.615631
1.615631
1.632347
1.632347
1.623633
1.623633
1.608156
1.608156
1.632348
1.632348
1.608945
1.608945
1.628779
1.628779
1.630971
1.630971
1.624974
1.624974
1.602209
1.602209
1.622133
1.622133
1.621959
1.621959
1.622164
1.622164
1.629185
1.629185
1.628945
1.628945
1.609301
1.609301
1.641449
1.641449
1.623132
1.623132
1.616603
1.616603
1.616864
1.616864
1.622357
1.622357
1.632615
1.632615
1.637365
1.637365
1.625419
1.625419
1.611525
1.611525
1.619818
1.619818
1.626045
1.626045
1.630736
1.630736
1.624641
1.624641
1.627232
1.627232
1.623216
1.623216
1.625612
1.625612
1.623191
1.623191
1.602661
1.602661
1.633917
1.633917
1.631476
1.631476
1.630011
1.630011
1.608239
1.608239
1.614090
1.614090
1.639224
1.639224
1.622295
1.622295
1.629409
1.629409
1.632042
1.632042
1.615463
1.615463
1.619782
1.619782
1.626810
1.626810
1.602189
1.602189
1.629358
1.629358
1.619684
1.619684
1.620379
1.620379
1.646557
1.646557
1.626676
1.626676
1.619298
1.619298
1.624215
1.624215
1.624268
1.624268
1.622756
1.622756
1.630172
1.630172
1.605921
1.605921
1.606914
1.606914
1.605141
1.605141
1.642053
1.642053
1.630178
1.630178
1.640286
1.640286
1.578386
1.578386
1.618555
1.618555
1.612874
1.612874
1.629588
1.629588
1.626195
1.626195
1.626730
1.626730
1.645312
1.645312
1.629956
1.629956
1.622344
1.622344
1.625663
1.625663
1.625916
1.625916
1.612919
1.612919
1.622778
1.622778
1.633098
1.633098
1.628130
1.628130
1.623277
1.623277
1.621847
1.621847
1.609187
1.609187
1.627784
1.627784
1.626355
1.626355
1.613750
1.613750
1.621875
1.621875
1.623485
1.623485
1.630824
1.630824
1.620505
1.620505
1.627931
1.627931
1.619295
1.619295
1.612402
1.612402
1.628741
1.628741
1.630213
1.630213
1.603447
1.603447
1.623932
1.623932
1.623400
1.623400
1.637341
1.637341
1.613500
1.613500
1.619847
1.619847
1.605356
1.605356
1.621700
1.621700
1.617863
1.617863
1.630342
1.630342
1.625873
1.625873
1.619960
1.619960
1.617973
1.617973
1.623721
1.623721
1.626808
1.626808
1.620066
1.620066
1.625744
1.625744
1.615212
1.615212
1.641304
1.641304
1.618032
1.618032
1.623895
1.623895
1.619113
1.619113
1.627018
1.627018
1.625336
1.625336
1.624251
1.624251
1.624091
1.624091
1.621321
1.621321
1.635198
1.635198
1.619454
1.619454
1.614553
1.614553
1.612605
1.612605
1.615534
1.615534
1.640787
1.640787
1.606926
1.606926
1.619077
1.619077
1.630761
1.630761
1.618708
1.618708
1.624644
1.624644
1.613757
1.613757
1.624865
1.624865
1.618419
1.618419
1.625443
1.625443
1.652804
1.652804
1.623608
1.623608
1.635430
1.635430
1.602377
1.602377
1.628622
1.628622
1.623296
1.623296
1.607188
1.607188
1.605229
1.605229
1.627051
1.627051
1.604207
1.604207
1.637383
1.637383
1.637164
1.637164
1.617589
1.617589
1.620621
1.620621
1.634411
1.634411
1.614679
1.614679
1.619883
1.619883
1.621894
1.621894
1.609448
1.609448
1.615890
1.615890
1.618748
1.618748
1.616733
1.616733
1.639646
1.639646
1.620141
1.620141
1.607479
1.607479
1.627834
1.627834
1.623517
1.623517
1.612067
1.612067
1.615640
1.615640
1.628743
1.628743
1.626492
1.626492
1.625982
1.625982
1.611194
1.611194
1.626254
1.626254
1.626647
1.626647
1.618356
1.618356
1.619623
1.619623
1.629268
1.629268
1.619041
1.619041
1.615506
1.615506
1.615514
1.615514
1.628154
1.628154
1.623093
1.623093
1.622894
1.622894
1.612706
1.612706
1.612782
1.612782
1.632326
1.632326
1.624173
1.624173
1.637532
1.637532
1.615937
1.615937
1.627608
1.627608
1.614707
1.614707
1.632868
1.632868
1.614990
1.614990
1.626873
1.626873
1.625985
1.625985
1.618776
1.618776
1.631526
1.631526
1.625236
1.625236
1.609699
1.609699
1.590558
1.590558
1.617048
1.617048
1.621232
1.621232
1.624205
1.624205
1.612919
1.612919
1.630858
1.630858
1.619781
1.619781
1.617313
1.617313
1.623134
1.623134
1.612202
1.612202
1.616383
1.616383
1.633533
1.633533
1.640116
1.640116
1.620102
1.620102
1.613390
1.613390
1.624546
1.624546
1.628364
1.628364
1.619726
1.619726
1.613819
1.613819
1.624383
1.624383
1.606716
1.606716
1.621657
1.621657
1.626756
1.626756
1.621138
1.621138
1.647512
1.647512
1.630948
1.630948
1.629092
1.629092
1.623459
1.623459
1.602426
1.602426
1.620867
1.620867
1.605387
1.605387
1.606048
1.606048
1.626581
1.626581
1.626456
1.626456
1.618802
1.618802
1.632493
1.632493
1.580288
1.580288
1.622214
1.622214
1.618709
1.618709
1.619797
1.619797
1.628706
1.628706
1.616332
1.616332
1.608510
1.608510
1.629197
1.629197
1.622037
1.622037
1.624947
1.624947
1.610185
1.610185
1.613999
1.613999
1.640981
1.640981
1.624464
1.624464
1.614111
1.614111
1.620277
1.620277
1.625563
1.625563
1.613765
1.613765
1.650970
1.650970
1.616879
1.616879
1.626509
1.626509
1.622606
1.622606
1.611251
1.611251
1.623693
1.623693
1.628612
1.628612
1.630081
1.630081
1.614802
1.614802
1.604187
1.604187
1.621779
1.621779
1.629011
1.629011
1.632420
1.632420
1.624347
1.624347
1.616373
1.616373
1.624855
1.624855
1.608068
1.608068
1.626944
1.626944
1.624735
1.624735
1.623887
1.623887
1.620910
1.620910
1.616093
1.616093
1.606163
1.606163
1.626101
1.626101
1.670754
1.670754
1.632893
1.632893
1.616144
1.616144
1.621131
1.621131
1.614860
1.614860
1.615790
1.615790
1.618424
1.618424
1.613976
1.613976
1.627102
1.627102
1.620934
1.620934
1.615049
1.615049
1.616119
1.616119
1.666156
1.666156
1.625530
1.625530
1.625025
1.625025
1.610759
1.610759
1.627020
1.627020
1.614484
1.614484
1.600134
1.600134
1.624345
1.624345
1.617651
1.617651
1.615711
1.615711
1.617262
1.617262
1.624316
1.624316
1.619994
1.619994
1.611836
1.611836
1.619034
1.619034
1.612145
1.612145
1.626910
1.626910
1.624211
1.624211
1.650735
1.650735
1.618473
1.618473
1.630497
1.630497
1.605892
1.605892
1.621471
1.621471
1.621288
1.621288
1.625300
1.625300
1.620901
1.620901
1.617693
1.617693
1.621667
1.621667
1.617072
1.617072
1.614661
1.614661
1.659143
1.659143
1.616499
1.616499
1.619427
1.619427
1.628058
1.628058
1.599830
1.599830
1.632974
1.632974
1.625970
1.625970
1.627524
1.627524
1.609858
1.609858
1.618387
1.618387
1.627131
1.627131
1.613079
1.613079
1.630112
1.630112
1.612601
1.612601
1.617958
1.617958
1.615412
1.615412
1.621798
1.621798
1.623497
1.623497
1.658845
1.658845
1.616143
1.616143
1.622502
1.622502
1.623366
1.623366
1.623552
1.623552
1.614391
1.614391
1.598637
1.598637
1.620053
1.620053
1.642917
1.642917
1.610988
1.610988
1.614605
1.614605
1.607083
1.607083
1.623108
1.623108
1.626575
1.626575
1.602029
1.602029
1.623685
1.623685
1.623082
1.623082
1.617963
1.617963
1.635262
1.635262
1.613703
1.613703
1.615535
1.615535
1.629620
1.629620
1.614481
1.614481
1.620349
1.620349
1.629947
1.629947
1.601661
1.601661
1.628877
1.628877
1.624798
1.624798
1.616638
1.616638
1.615422
1.615422
1.669032
1.669032
1.625105
1.625105
1.621827
1.621827
1.620768
1.620768
1.610772
1.610772
1.618999
1.618999
1.601885
1.601885
1.620866
1.620866
1.641301
1.641301
1.613101
1.613101
1.605949
1.605949
1.611797
1.611797
1.629254
1.629254
1.628514
1.628514
1.611085
1.611085
1.624382
1.624382
1.623394
1.623394
1.608842
1.608842
1.607140
1.607140
1.622337
1.622337
1.609389
1.609389
1.615998
1.615998
1.625062
1.625062
1.622506
1.622506
1.611425
1.611425
1.616762
1.616762
1.622507
1.622507
1.613417
1.613417
1.621746
1.621746
1.626274
1.626274
1.573580
1.573580
1.616749
1.616749
1.622576
1.622576
1.620358
1.620358
1.618226
1.618226
1.612549
1.612549
1.636829
1.636829
1.623964
1.623964
1.623082
1.623082
1.620320
1.620320
1.624724
1.624724
1.604576
1.604576
1.592255
1.592255
1.613914
1.613914
1.604449
1.604449
1.622578
1.622578
1.631480
1.631480
1.621113
1.621113
1.608815
1.608815
1.616611
1.616611
1.621135
1.621135
1.623968
1.623968
1.618747
1.618747
1.613689
1.613689
1.600255
1.600255
1.625321
1.625321
1.617119
1.617119
1.628758
1.628758
1.611860
1.611860
1.613464
1.613464
1.580714
1.580714
1.623393
1.623393
1.620559
1.620559
1.606839
1.606839
1.629734
1.629734
1.614397
1.614397
1.588368
1.588368
1.621581
1.621581
1.613633
1.613633
1.619790
1.619790
1.615611
1.615611
1.621728
1.621728
1.602273
1.602273
1.622703
1.622703
1.607848
1.607848
1.625697
1.625697
1.608712
1.608712
1.624462
1.624462
1.619562
1.619562
1.617801
1.617801
1.621385
1.621385
1.626044
1.626044
1.620510
1.620510
1.604212
1.604212
1.614648
1.614648
1.615182
1.615182
1.610489
1.610489
1.619220
1.619220
1.617493
1.617493
1.627876
1.627876
1.610981
1.610981
1.628430
1.628430
1.617581
1.617581
1.612601
1.612601
1.614168
1.614168
1.612732
1.612732
1.640163
1.640163
1.619548
1.619548
1.606046
1.606046
1.616156
1.616156
1.635111
1.635111
1.608800
1.608800
1.635931
1.635931
1.618142
1.618142
1.616382
1.616382
1.603329
1.603329
1.615988
1.615988
1.630726
1.630726
1.639180
1.639180
1.616132
1.616132
1.620943
1.620943
1.618718
1.618718
1.612802
1.612802
1.622167
1.622167
1.595843
1.595843
1.616156
1.616156
1.616046
1.616046
1.636252
1.636252
1.605533
1.605533
1.613989
1.613989
1.612303
1.612303
1.619554
1.619554
1.622628
1.622628
1.623228
1.623228
1.617075
1.617075
1.605445
1.605445
1.610642
1.610642
1.613992
1.613992
1.614436
1.614436
1.637359
1.637359
1.612479
1.612479
1.608152
1.608152
1.618739
1.618739
1.617619
1.617619
1.615059
1.615059
1.636343
1.636343
1.611340
1.611340
1.610085
1.610085
1.591595
1.591595
1.608788
1.608788
1.628729
1.628729
1.606758
1.606758
1.620176
1.620176
1.619937
1.619937
1.630381
1.630381
1.634163
1.634163
1.602414
1.602414
1.609833
1.609833
1.620655
1.620655
1.617851
1.617851
1.625436
1.625436
1.618102
1.618102
1.623089
1.623089
1.623898
1.623898
1.605265
1.605265
1.618062
1.618062
1.601309
1.601309
1.624583
1.624583
1.611851
1.611851
1.619205
1.619205
1.615252
1.615252
1.616439
1.616439
1.607189
1.607189
1.608420
1.608420
1.626163
1.626163
1.616693
1.616693
1.616801
1.616801
1.619223
1.619223
1.606299
1.606299
1.614277
1.614277
1.630086
1.630086
1.625642
1.625642
1.607524
1.607524
1.604646
1.604646
1.637821
1.637821
1.619647
1.619647
1.615189
1.615189
1.616675
1.616675
1.611309
1.611309
1.622793
1.622793
1.612868
1.612868
1.616658
1.616658
1.613839
1.613839
1.607295
1.607295
1.635255
1.635255
1.611751
1.611751
1.616319
1.616319
1.623628
1.623628
1.620702
1.620702
1.609996
1.609996
1.601488
1.601488
1.624329
1.624329
1.644407
1.644407
1.610534
1.610534
1.637922
1.637922
1.623475
1.623475
1.605919
1.605919
1.610923
1.610923
1.584535
1.584535
1.620790
1.620790
1.613646
1.613646
1.620661
1.620661
1.608939
1.608939
1.614976
1.614976
1.644734
1.644734
1.602383
1.602383
1.613422
1.613422
1.620448
1.620448
1.634634
1.634634
1.604994
1.604994
1.662485
1.662485
1.603332
1.603332
1.616133
1.616133
1.621930
1.621930
1.620281
1.620281
1.610482
1.610482
1.684835
1.684835
1.621361
1.621361
1.613615
1.613615
1.622571
1.622571
1.611535
1.611535
1.612357
1.612357
1.621106
1.621106
1.620341
1.620341
1.615940
1.615940
1.617388
1.617388
1.613292
1.613292
1.617615
1.617615
1.597171
1.597171
1.605767
1.605767
1.629510
1.629510
1.619528
1.619528
1.613941
1.613941
1.614451
1.614451
1.603396
1.603396
1.625383
1.625383
1.602989
1.602989
1.612697
1.612697
1.608923
1.608923
1.630916
1.630916
1.616225
1.616225
1.618275
1.618275
1.628650
1.628650
1.610723
1.610723
1.618916
1.618916
1.605562
1.605562
1.606372
1.606372
1.616742
1.616742
1.610668
1.610668
1.613460
1.613460
1.617376
1.617376
1.620063
1.620063
1.628659
1.628659
1.612557
1.612557
1.615900
1.615900
1.613923
1.613923
1.629455
1.629455
1.607993
1.607993
1.616252
1.616252
1.620944
1.620944
1.619111
1.619111
1.606504
1.606504
1.625808
1.625808
1.609728
1.609728
1.599442
1.599442
1.610069
1.610069
1.613111
1.613111
1.616239
1.616239
1.619851
1.619851
1.618109
1.618109
1.628338
1.628338
1.617534
1.617534
1.617635
1.617635
1.612619
1.612619
1.616943
1.616943
1.616298
1.616298
1.602718
1.602718
1.612004
1.612004
1.602793
1.602793
1.622232
1.622232
1.620907
1.620907
1.620847
1.620847
1.615330
1.615330
1.613846
1.613846
1.624407
1.624407
1.608603
1.608603
1.617216
1.617216
1.615725
1.615725
1.606371
1.606371
1.612783
1.612783
1.626680
1.626680
1.622598
1.622598
1.609507
1.609507
1.611113
1.611113
1.584873
1.584873
1.621199
1.621199
1.608559
1.608559
1.614476
1.614476
1.627254
1.627254
1.609716
1.609716
1.590783
1.590783
1.623162
1.623162
1.606592
1.606592
1.624363
1.624363
1.617847
1.617847
1.610622
1.610622
1.577759
1.577759
1.611885
1.611885
1.629514
1.629514
1.613738
1.613738
1.611905
1.611905
1.609390
1.609390
1.615297
1.615297
1.610852
1.610852
1.613761
1.613761
1.617045
1.617045
1.621382
1.621382
1.612412
1.612412
1.619742
1.619742
1.612732
1.612732
1.608464
1.608464
1.615085
1.615085
1.623481
1.623481
1.615180
1.615180
1.621095
1.621095
1.609707
1.609707
1.632593
1.632593
1.620421
1.620421
1.597836
1.597836
1.609631
1.609631
1.650139
1.650139
1.609383
1.609383
1.620230
1.620230
1.612775
1.612775
1.620230
1.620230
1.610594
1.610594
1.627998
1.627998
1.615994
1.615994
1.615210
1.615210
1.609860
1.609860
1.612101
1.612101
1.614550
1.614550
1.661963
1.661963
1.615244
1.615244
1.634132
1.634132
1.606916
1.606916
1.614712
1.614712
1.607991
1.607991
1.586073
1.586073
1.622186
1.622186
1.608240
1.608240
1.611808
1.611808
1.620432
1.620432
1.613854
1.613854
1.598502
1.598502
1.605982
1.605982
1.611177
1.611177
1.612791
1.612791
1.620530
1.620530
1.616530
1.616530
1.657474
1.657474
1.610899
1.610899
1.626834
1.626834
1.608274
1.608274
1.618559
1.618559
1.611625
1.611625
1.595023
1.595023
1.618190
1.618190
1.610541
1.610541
1.614172
1.614172
1.603267
1.603267
1.621476
1.621476
1.648699
1.648699
1.619690
1.619690
1.609672
1.609672
1.604570
1.604570
1.610820
1.610820
1.621883
1.621883
1.653678
1.653678
1.610796
1.610796
1.609527
1.609527
1.624040
1.624040
1.614596
1.614596
1.607242
1.607242
1.655244
1.655244
1.618916
1.618916
1.622102
1.622102
1.616077
1.616077
1.614470
1.614470
1.601492
1.601492
1.609225
1.609225
1.610363
1.610363
1.620094
1.620094
1.622108
1.622108
1.613442
1.613442
1.607584
1.607584
1.604314
1.604314
1.617008
1.617008
1.623977
1.623977
1.604835
1.604835
1.618035
1.618035
1.611132
1.611132
1.594680
1.594680
1.618173
1.618173
1.607496
1.607496
1.617415
1.617415
1.613021
1.613021
1.617762
1.617762
1.601765
1.601765
1.624221
1.624221
1.589400
1.589400
1.616965
1.616965
1.621069
1.621069
1.623457
1.623457
1.593950
1.593950
1.615299
1.615299
1.607500
1.607500
1.619384
1.619384
1.621351
1.621351
1.609228
1.609228
1.608688
1.608688
1.632006
1.632006
1.609190
1.609190
1.625474
1.625474
1.600902
1.600902
1.608227
1.608227
1.587329
1.587329
1.615695
1.615695
1.616715
1.616715
1.619277
1.619277
1.612627
1.612627
1.610648
1.610648
1.590600
1.590600
1.616738
1.616738
1.605768
1.605768
1.614226
1.614226
1.616561
1.616561
1.616088
1.616088
1.624702
1.624702
1.602752
1.602752
1.609483
1.609483
1.624362
1.624362
1.629833
1.629833
1.599998
1.599998
1.641613
1.641613
1.604747
1.604747
1.609249
1.609249
1.620901
1.620901
1.625329
1.625329
1.609534
1.609534
1.617012
1.617012
1.614160
1.614160
1.604690
1.604690
1.621035
1.621035
1.623225
1.623225
1.604064
1.604064
1.631664
1.631664
1.607304
1.607304
1.603665
1.603665
1.611292
1.611292
1.621904
1.621904
1.625344
1.625344
1.614718
1.614718
1.616226
1.616226
1.611255
1.611255
1.608744
1.608744
1.619895
1.619895
1.618700
1.618700
1.577976
1.577976
1.608702
1.608702
1.611895
1.611895
1.605122
1.605122
1.628914
1.628914
1.620642
1.620642
1.572679
1.572679
1.611328
1.611328
1.613648
1.613648
1.620496
1.620496
1.620498
1.620498
1.605372
1.605372
1.596535
1.596535
1.619932
1.619932
1.612692
1.612692
1.609174
1.609174
1.617129
1.617129
1.610415
1.610415
1.607854
1.607854
1.611762
1.611762
1.604924
1.604924
1.618225
1.618225
1.622703
1.622703
1.609099
1.609099
1.623305
1.623305
1.611250
1.611250
1.614317
1.614317
1.611386
1.611386
1.615975
1.615975
1.618897
1.618897
1.588084
1.588084
1.621459
1.621459
1.606026
1.606026
1.612093
1.612093
1.612103
1.612103
1.617127
1.617127
1.605814
1.605814
1.614501
1.614501
1.610196
1.610196
1.615607
1.615607
1.607919
1.607919
1.620344
1.620344
1.605459
1.605459
1.623609
1.623609
1.616152
1.616152
1.600610
1.600610
1.608856
1.608856
1.623439
1.623439
1.576775
1.576775
1.623903
1.623903
1.614776
1.614776
1.604868
1.604868
1.614424
1.614424
1.612732
1.612732
1.588201
1.588201
1.616405
1.616405
1.616435
1.616435
1.614374
1.614374
1.620889
1.620889
1.598765
1.598765
1.611915
1.611915
1.603536
1.603536
1.608461
1.608461
1.624696
1.624696
1.613794
1.613794
1.616058
1.616058
1.612783
1.612783
1.623194
1.623194
1.603034
1.603034
1.613134
1.613134
1.620368
1.620368
1.612014
1.612014
1.576712
1.576712
1.617579
1.617579
1.607028
1.607028
1.621478
1.621478
1.609105
1.609105
1.617949
1.617949
1.565773
1.565773
1.610939
1.610939
1.607509
1.607509
1.614396
1.614396
1.610660
1.610660
1.617542
1.617542
1.643657
1.643657
1.624416
1.624416
1.601759
1.601759
1.611921
1.611921
1.613437
1.613437
1.617103
1.617103
1.591776
1.591776
1.621014
1.621014
1.616114
1.616114
1.610092
1.610092
1.609293
1.609293
1.606267
1.606267
1.627115
1.627115
1.603095
1.603095
1.619180
1.619180
1.616339
1.616339
1.606633
1.606633
1.616498
1.616498
1.631332
1.631332
1.602267
1.602267
1.617870
1.617870
1.615896
1.615896
1.621590
1.621590
1.599513
1.599513
1.659339
1.659339
1.607163
1.607163
1.631553
1.631553
1.608304
1.608304
1.605762
1.605762
1.609310
1.609310
1.625199
1.625199
1.615321
1.615321
1.621118
1.621118
1.604478
1.604478
1.616236
1.616236
1.613635
1.613635
1.566555
1.566555
1.610255
1.610255
1.599675
1.599675
1.617455
1.617455
1.621863
1.621863
1.614879
1.614879
1.607964
1.607964
1.605094
1.605094
1.596201
1.596201
1.624323
1.624323
1.623749
1.623749
1.615063
1.615063
1.603430
1.603430
1.613919
1.613919
1.603606
1.603606
1.614219
1.614219
1.614710
1.614710
1.609956
1.609956
1.653158
1.653158
1.614901
1.614901
1.615737
1.615737
1.613142
1.613142
1.608798
1.608798
1.607169
1.607169
1.628511
1.628511
1.621419
1.621419
1.605140
1.605140
1.624274
1.624274
1.617103
1.617103
1.590969
1.590969
1.631373
1.631373
1.604593
1.604593
1.625306
1.625306
1.613350
1.613350
1.607590
1.607590
1.612253
1.612253
1.602003
1.602003
1.607657
1.607657
1.602309
1.602309
1.616005
1.616005
1.621187
1.621187
1.612581
1.612581
1.622339
1.622339
1.609647
1.609647
1.605299
1.605299
1.615404
1.615404
1.621838
1.621838
1.604580
1.604580
1.641134
1.641134
1.611490
1.611490
1.616817
1.616817
1.620819
1.620819
1.612299
1.612299
1.596795
1.596795
1.630981
1.630981
1.609462
1.609462
1.617059
1.617059
1.611320
1.611320
1.609406
1.609406
1.616031
1.616031
1.596567
1.596567
1.621520
1.621520
1.614328
1.614328
1.613169
1.613169
1.609176
1.609176
1.605470
1.605470
1.591844
1.591844
1.601368
1.601368
1.619477
1.619477
1.615019
1.615019
1.619990
1.619990
1.606907
1.606907
1.594836
1.594836
1.615607
1.615607
1.610941
1.610941
1.598946
1.598946
1.623196
1.623196
1.608595
1.608595
1.627772
1.627772
1.605589
1.605589
1.618796
1.618796
1.603925
1.603925
1.616880
1.616880
1.616313
1.616313
1.598076
1.598076
1.603684
1.603684
1.619904
1.619904
1.617527
1.617527
1.619665
1.619665
1.601564
1.601564
1.590665
1.590665
1.616101
1.616101
1.604216
1.604216
1.608643
1.608643
1.618571
1.618571
1.615658
1.615658
1.584008
1.584008
1.599005
1.599005
1.616380
1.616380
1.622499
1.622499
1.597523
1.597523
1.623997
1.623997
1.607490
1.607490
1.604397
1.604397
1.616468
1.616468
1.612862
1.612862
1.617272
1.617272
1.603446
1.603446
1.638826
1.638826
1.616312
1.616312
1.617190
1.617190
1.616704
1.616704
1.603284
1.603284
1.604436
1.604436
1.615379
1.615379
1.617993
1.617993
1.612827
1.612827
1.596981
1.596981
1.619411
1.619411
1.612959
1.612959
1.599718
1.599718
1.618532
1.618532
1.615240
1.615240
1.592461
1.592461
1.618004
1.618004
1.613514
1.613514
1.615126
1.615126
1.613873
1.613873
1.622357
1.622357
1.604136
1.604136
1.608698
1.608698
1.606088
1.606088
1.631891
1.631891
1.606749
1.606749
1.616468
1.616468
1.610950
1.610950
1.605600
1.605600
1.619204
1.619204
1.605714
1.605714
1.606786
1.606786
1.605361
1.605361
1.621398
1.621398
1.619216
1.619216
1.601318
1.601318
1.636052
1.636052
1.627483
1.627483
1.601923
1.601923
1.616684
1.616684
1.599408
1.599408
1.618183
1.618183
1.571872
1.571872
1.621485
1.621485
1.606866
1.606866
1.614090
1.614090
1.600647
1.600647
1.617304
1.617304
1.591922
1.591922
1.615178
1.615178
1.617877
1.617877
1.615511
1.615511
1.604139
1.604139
1.601092
1.601092
1.633993
1.633993
1.624430
1.624430
1.598692
1.598692
1.604861
1.604861
1.620989
1.620989
1.606279
1.606279
1.623154
1.623154
1.612659
1.612659
1.602589
1.602589
1.610834
1.610834
1.627283
1.627283
1.605778
1.605778
1.595880
1.595880
1.605855
1.605855
1.623782
1.623782
1.613316
1.613316
1.610094
1.610094
1.606629
1.606629
1.590390
1.590390
1.604783
1.604783
1.617915
1.617915
1.611176
1.611176
1.614782
1.614782
1.607544
1.607544
1.611311
1.611311
1.610953
1.610953
1.610574
1.610574
1.608527
1.608527
1.618173
1.618173
1.612984
1.612984
1.576089
1.576089
1.618164
1.618164
1.603543
1.603543
1.619054
1.619054
1.606535
1.606535
1.613290
1.613290
1.578138
1.578138
1.618528
1.618528
1.608243
1.608243
1.602181
1.602181
1.611562
1.611562
1.612504
1.612504
1.626393
1.626393
1.614492
1.614492
1.599566
1.599566
1.619152
1.619152
1.606714
1.606714
1.615913
1.615913
1.606961
1.606961
1.617376
1.617376
1.600213
1.600213
1.625188
1.625188
1.611543
1.611543
1.602430
1.602430
1.599494
1.599494
1.608047
1.608047
1.610716
1.610716
1.618194
1.618194
1.603526
1.603526
1.611969
1.611969
1.626248
1.626248
1.594856
1.594856
1.608614
1.608614
1.626583
1.626583
1.613866
1.613866
1.615295
1.615295
1.579725
1.579725
1.601184
1.601184
1.610560
1.610560
1.611658
1.611658
1.616478
1.616478
1.609137
1.609137
1.643364
1.643364
1.612810
1.612810
1.616113
1.616113
1.611726
1.611726
1.615415
1.615415
1.596000
1.596000
1.622163
1.622163
1.609360
1.609360
1.606137
1.606137
1.614909
1.614909
1.615063
1.615063
1.606518
1.606518
1.621309
1.621309
1.614340
1.614340
1.615666
1.615666
1.609297
1.609297
1.609126
1.609126
1.605896
1.605896
1.604406
1.604406
1.606077
1.606077
1.613873
1.613873
1.607254
1.607254
1.611196
1.611196
1.613207
1.613207
1.620239
1.620239
1.606933
1.606933
1.608511
1.608511
1.617673
1.617673
1.609141
1.609141
1.607512
1.607512
1.630359
1.630359
1.612139
1.612139
1.611082
1.611082
1.602741
1.602741
1.608855
1.608855
1.618524
1.618524
1.604513
1.604513
1.625573
1.625573
1.594077
1.594077
1.608204
1.608204
1.619290
1.619290
1.603680
1.603680
1.618569
1.618569
1.601582
1.601582
1.604781
1.604781
1.605790
1.605790
1.612108
1.612108
1.625519
1.625519
1.623682
1.623682
1.602004
1.602004
1.610077
1.610077
1.613640
1.613640
1.609921
1.609921
1.616668
1.616668
1.605709
1.605709
1.619364
1.619364
1.605194
1.605194
1.623385
1.623385
1.595365
1.595365
1.606650
1.606650
1.619884
1.619884
1.596571
1.596571
1.615850
1.615850
1.611686
1.611686
1.608488
1.608488
1.617996
1.617996
1.614414
1.614414
1.606676
1.606676
1.605330
1.605330
1.613739
1.613739
1.606942
1.606942
1.619277
1.619277
1.604161
1.604161
1.607491
1.607491
1.612582
1.612582
1.600336
1.600336
1.624944
1.624944
1.605023
1.605023
1.613892
1.613892
1.595555
1.595555
1.604770
1.604770
1.613917
1.613917
1.620284
1.620284
1.618674
1.618674
1.594386
1.594386
1.599445
1.599445
1.624344
1.624344
1.605337
1.605337
1.601897
1.601897
1.619251
1.619251
1.611372
1.611372
1.596788
1.596788
1.605636
1.605636
1.607629
1.607629
1.618173
1.618173
1.621718
1.621718
1.611593
1.611593
1.597947
1.597947
1.629446
1.629446
1.606036
1.606036
1.611477
1.611477
1.606241
1.606241
1.601923
1.601923
1.599360
1.599360
1.621567
1.621567
1.617826
1.617826
1.611095
1.611095
1.597502
1.597502
1.624828
1.624828
1.608953
1.608953
1.616840
1.616840
1.603458
1.603458
1.616733
1.616733
1.602934
1.602934
1.613331
1.613331
1.618206
1.618206
1.607872
1.607872
1.607126
1.607126
1.601181
1.601181
1.617614
1.617614
1.591685
1.591685
1.613159
1.613159
1.607031
1.607031
1.599970
1.599970
1.615534
1.615534
1.619692
1.619692
1.566638
1.566638
1.614734
1.614734
1.604171
1.604171
1.610256
1.610256
1.611615
1.611615
1.612026
1.612026
1.581879
1.581879
1.616338
1.616338
1.607469
1.607469
1.610648
1.610648
1.603297
1.603297
1.613273
1.613273
1.592729
1.592729
1.606952
1.606952
1.611739
1.611739
1.610943
1.610943
1.606975
1.606975
1.610824
1.610824
1.615604
1.615604
1.591074
1.591074
1.612795
1.612795
1.597039
1.597039
1.628421
1.628421
1.617412
1.617412
1.619364
1.619364
1.605168
1.605168
1.613165
1.613165
1.604830
1.604830
1.596953
1.596953
1.628394
1.628394
1.606834
1.606834
1.605378
1.605378
1.627051
1.627051
1.589585
1.589585
1.621835
1.621835
1.606188
1.606188
1.595842
1.595842
1.609663
1.609663
1.603744
1.603744
1.610953
1.610953
1.597753
1.597753
1.623216
1.623216
1.625587
1.625587
1.605338
1.605338
1.603698
1.603698
1.607489
1.607489
1.615034
1.615034
1.617713
1.617713
1.598472
1.598472
1.609236
1.609236
1.606369
1.606369
1.614024
1.614024
1.604337
1.604337
1.619164
1.619164
1.572782
1.572782
1.610757
1.610757
1.628909
1.628909
1.600151
1.600151
1.604271
1.604271
1.603775
1.603775
1.606283
1.606283
1.605359
1.605359
1.601476
1.601476
1.612057
1.612057
1.612636
1.612636
1.614349
1.614349
1.618264
1.618264
1.603474
1.603474
1.612282
1.612282
1.605271
1.605271
1.622841
1.622841
1.602125
1.602125
1.616994
1.616994
1.603445
1.603445
1.627531
1.627531
1.610765
1.610765
1.602695
1.602695
1.607917
1.607917
1.574813
1.574813
1.605895
1.605895
1.617784
1.617784
1.611653
1.611653
1.598269
1.598269
1.617978
1.617978
1.578569
1.578569
1.601304
1.601304
1.605552
1.605552
1.611600
1.611600
1.605761
1.605761
1.618744
1.618744
1.632760
1.632760
1.611957
1.611957
1.611317
1.611317
1.619723
1.619723
1.593302
1.593302
1.610528
1.610528
1.605215
1.605215
1.623599
1.623599
1.597306
1.597306
1.595583
1.595583
1.608805
1.608805
1.618772
1.618772
1.621070
1.621070
1.612831
1.612831
1.607505
1.607505
1.612572
1.612572
1.602994
1.602994
1.610892
1.610892
1.601034
1.601034
1.605343
1.605343
1.612420
1.612420
1.616010
1.616010
1.610057
1.610057
1.602345
1.602345
1.603172
1.603172
1.602960
1.602960
1.619133
1.619133
1.602725
1.602725
1.608082
1.608082
1.610373
1.610373
1.620312
1.620312
1.603209
1.603209
1.625394
1.625394
1.603564
1.603564
1.610593
1.610593
1.606133
1.606133
1.581003
1.581003
1.604464
1.604464
1.612616
1.612616
1.602808
1.602808
1.617288
1.617288
1.608893
1.608893
1.596667
1.596667
1.612161
1.612161
1.609884
1.609884
1.604116
1.604116
1.608803
1.608803
1.608606
1.608606
1.610842
1.610842
1.601816
1.601816
1.607633
1.607633
1.610584
1.610584
1.615435
1.615435
1.607471
1.607471
1.613208
1.613208
1.605698
1.605698
1.616766
1.616766
1.615649
1.615649
1.603271
1.603271
1.602691
1.602691
1.603531
1.603531
1.599756
1.599756
1.604161
1.604161
1.608544
1.608544
1.617336
1.617336
1.614806
1.614806
1.598070
1.598070
1.609916
1.609916
1.607499
1.607499
1.608606
1.608606
1.604423
1.604423
1.610555
1.610555
1.619792
1.619792
1.605694
1.605694
1.606710
1.606710
1.620012
1.620012
1.604197
1.604197
1.602435
1.602435
1.631283
1.631283
1.606122
1.606122
1.608048
1.608048
1.615469
1.615469
1.606436
1.606436
1.606222
1.606222
1.608841
1.608841
1.617530
1.617530
1.601904
1.601904
1.606847
1.606847
1.600209
1.600209
1.619532
1.619532
1.584287
1.584287
1.611152
1.611152
1.617851
1.617851
1.599359
1.599359
1.597395
1.597395
1.611450
1.611450
1.641878
1.641878
1.616214
1.616214
1.620641
1.620641
1.606120
1.606120
1.605764
1.605764
1.593529
1.593529
1.608085
1.608085
1.610870
1.610870
1.613925
1.613925
1.612982
1.612982
1.600298
1.600298
1.604968
1.604968
1.602097
1.602097
1.601262
1.601262
1.598361
1.598361
1.610515
1.610515
1.613598
1.613598
1.615140
1.615140
1.628668
1.628668
1.611559
1.611559
1.598812
1.598812
1.618804
1.618804
1.611507
1.611507
1.604403
1.604403
1.587343
1.587343
1.607765
1.607765
1.611474
1.611474
1.624516
1.624516
1.600032
1.600032
1.598464
1.598464
1.604701
1.604701
1.622154
1.622154
1.597744
1.597744
1.606187
1.606187
1.603960
1.603960
1.611135
1.611135
1.610041
1.610041
1.603907
1.603907
1.611311
1.611311
1.616329
1.616329
1.605368
1.605368
1.608722
1.608722
1.579153
1.579153
1.615409
1.615409
1.610022
1.610022
1.604283
1.604283
1.606370
1.606370
1.608673
1.608673
1.583335
1.583335
1.610135
1.610135
1.609648
1.609648
1.611938
1.611938
1.608193
1.608193
1.602787
1.602787
1.595411
1.595411
1.611497
1.611497
1.613977
1.613977
1.605722
1.605722
1.609002
1.609002
1.600528
1.600528
1.606260
1.606260
1.603152
1.603152
1.612584
1.612584
1.603835
1.603835
1.609016
1.609016
1.608233
1.608233
1.629196
1.629196
1.602127
1.602127
1.605744
1.605744
1.607215
1.607215
1.616619
1.616619
1.610424
1.610424
1.593452
1.593452
1.605699
1.605699
1.598217
1.598217
1.625722
1.625722
1.612373
1.612373
1.600542
1.600542
1.589989
1.589989
1.607071
1.607071
1.614234
1.614234
1.593294
1.593294
1.608473
1.608473
1.614644
1.614644
1.620156
1.620156
1.601556
1.601556
1.617667
1.617667
1.583586
1.583586
1.611766
1.611766
1.623378
1.623378
1.618284
1.618284
1.605558
1.605558
1.605240
1.605240
1.617772
1.617772
1.597446
1.597446
1.613398
1.613398
1.608194
1.608194
1.604796
1.604796
1.609060
1.609060
1.603747
1.603747
1.612293
1.612293
1.609078
1.609078
1.609244
1.609244
1.603089
1.603089
1.614854
1.614854
1.617479
1.617479
1.602423
1.602423
1.600585
1.600585
1.611585
1.611585
1.622910
1.622910
1.597490
1.597490
1.604997
1.604997
1.608345
1.608345
1.604398
1.604398
1.612792
1.612792
1.611828
1.611828
1.601491
1.601491
1.599109
1.599109
1.616895
1.616895
1.606644
1.606644
1.626102
1.626102
1.601357
1.601357
1.605124
1.605124
1.595215
1.595215
1.625711
1.625711
1.613629
1.613629
1.591606
1.591606
1.609940
1.609940
1.601005
1.601005
1.616801
1.616801
1.616048
1.616048
1.595951
1.595951
1.598144
1.598144
1.606854
1.606854
1.611411
1.611411
1.610747
1.610747
1.596688
1.596688
1.607603
1.607603
1.638572
1.638572
1.619746
1.619746
1.611846
1.611846
1.607092
1.607092
1.595771
1.595771
1.605396
1.605396
1.594135
1.594135
1.617637
1.617637
1.599198
1.599198
1.604195
1.604195
1.614432
1.614432
1.602839
1.602839
1.602949
1.602949
1.609303
1.609303
1.603363
1.603363
1.599741
1.599741
1.608500
1.608500
1.615191
1.615191
1.616222
1.616222
1.602338
1.602338
1.610724
1.610724
1.616591
1.616591
1.611975
1.611975
1.592535
1.592535
1.627947
1.627947
1.615439
1.615439
1.616345
1.616345
1.613077
1.613077
1.588093
1.588093
1.609841
1.609841
1.571045
1.571045
1.611149
1.611149
1.607649
1.607649
1.596856
1.596856
1.605039
1.605039
1.612674
1.612674
1.632052
1.632052
1.591456
1.591456
1.616078
1.616078
1.624156
1.624156
1.612521
1.612521
1.592080
1.592080
1.611811
1.611811
1.611730
1.611730
1.610776
1.610776
1.607721
1.607721
1.590671
1.590671
1.615152
1.615152
1.611937
1.611937
1.618072
1.618072
1.596832
1.596832
1.603879
1.603879
1.612720
1.612720
1.604384
1.604384
1.611759
1.611759
1.602551
1.602551
1.607859
1.607859
1.605466
1.605466
1.619505
1.619505
1.600869
1.600869
1.608358
1.608358
1.596668
1.596668
1.602402
1.602402
1.607041
1.607041
1.615453
1.615453
1.612271
1.612271
1.623838
1.623838
1.602528
1.602528
1.617352
1.617352
1.603092
1.603092
1.590183
1.590183
1.616441
1.616441
1.651551
1.651551
1.601610
1.601610
1.610788
1.610788
1.603432
1.603432
1.599343
1.599343
1.615053
1.615053
1.647806
1.647806
1.614590
1.614590
1.599282
1.599282
1.597679
1.597679
1.612503
1.612503
1.612106
1.612106
1.609921
1.609921
1.614019
1.614019
1.607498
1.607498
1.601315
1.601315
1.598398
1.598398
1.610396
1.610396
1.639954
1.639954
1.620638
1.620638
1.606626
1.606626
1.598006
1.598006
1.615772
1.615772
1.596936
1.596936
1.597778
1.597778
1.606391
1.606391
1.606841
1.606841
1.609322
1.609322
1.604585
1.604585
1.613220
1.613220
1.580771
1.580771
1.612382
1.612382
1.610772
1.610772
1.608535
1.608535
1.609096
1.609096
1.597722
1.597722
1.591391
1.591391
1.603870
1.603870
1.593387
1.593387
1.616651
1.616651
1.606580
1.606580
1.613215
1.613215
1.621559
1.621559
1.615313
1.615313
1.600219
1.600219
1.605878
1.605878
1.604513
1.604513
1.607391
1.607391
1.622817
1.622817
1.609576
1.609576
1.600628
1.600628
1.615714
1.615714
1.596558
1.596558
1.611583
1.611583
1.617028
1.617028
1.612147
1.612147
1.605012
1.605012
1.612664
1.612664
1.604311
1.604311
1.604757
1.604757
1.583809
1.583809
1.615207
1.615207
1.616624
1.616624
1.605113
1.605113
1.595375
1.595375
1.605691
1.605691
1.587968
1.587968
1.603660
1.603660
1.599210
1.599210
1.607086
1.607086
1.618704
1.618704
1.602888
1.602888
1.629259
1.629259
1.596179
1.596179
1.612364
1.612364
1.611161
1.611161
1.611464
1.611464
1.600575
1.600575
1.627426
1.627426
1.606590
1.606590
1.596004
1.596004
1.601035
1.601035
1.606558
1.606558
1.620881
1.620881
1.631438
1.631438
1.615167
1.615167
1.599207
1.599207
1.599786
1.599786
1.611832
1.611832
1.607304
1.607304
1.615482
1.615482
1.598560
1.598560
1.609190
1.609190
1.604763
1.604763
1.615781
1.615781
1.603218
1.603218
1.625183
1.625183
1.604666
1.604666
1.599652
1.599652
1.605389
1.605389
1.610440
1.610440
1.616042
1.616042
1.592573
1.592573
1.607537
1.607537
1.609894
1.609894
1.605325
1.605325
1.611219
1.611219
1.603253
1.603253
1.584426
1.584426
1.608104
1.608104
1.603799
1.603799
1.596401
1.596401
1.614562
1.614562
1.604305
1.604305
1.649576
1.649576
1.609035
1.609035
1.600148
1.600148
1.615752
1.615752
1.601873
1.601873
1.609822
1.609822
1.586860
1.586860
1.613626
1.613626
1.600598
1.600598
1.609393
1.609393
1.605181
1.605181
1.604147
1.604147
1.610473
1.610473
1.588555
1.588555
1.609454
1.609454
1.610678
1.610678
1.613094
1.613094
1.602138
1.602138
1.668697
1.668697
1.604918
1.604918
1.606660
1.606660
1.605389
1.605389
1.599223
1.599223
1.618173
1.618173
1.599260
1.599260
1.608405
1.608405
1.611903
1.611903
1.604815
1.604815
1.592437
1.592437
1.613823
1.613823
1.616998
1.616998
1.604729
1.604729
1.616431
1.616431
1.616202
1.616202
1.599876
1.599876
1.596073
1.596073
1.602704
1.602704
1.596248
1.596248
1.591461
1.591461
1.625182
1.625182
1.606217
1.606217
1.613736
1.613736
1.604500
1.604500
1.605594
1.605594
1.610011
1.610011
1.599753
1.599753
1.598015
1.598015
1.620390
1.620390
1.597509
1.597509
1.613642
1.613642
1.602420
1.602420
1.604732
1.604732
1.616282
1.616282
1.594966
1.594966
1.607945
1.607945
1.611137
1.611137
1.585864
1.585864
1.606976
1.606976
1.620975
1.620975
1.609257
1.609257
1.594146
1.594146
1.593686
1.593686
1.615577
1.615577
1.605955
1.605955
1.609565
1.609565
1.610662
1.610662
1.586476
1.586476
1.608294
1.608294
1.612509
1.612509
1.599051
1.599051
1.604315
1.604315
1.610115
1.610115
1.594279
1.594279
1.605645
1.605645
1.616610
1.616610
1.617153
1.617153
1.592742
1.592742
1.602105
1.602105
1.594851
1.594851
1.602582
1.602582
1.597922
1.597922
1.608182
1.608182
1.612728
1.612728
1.615377
1.615377
1.578316
1.578316
1.627298
1.627298
1.593265
1.593265
1.594253
1.594253
1.618211
1.618211
1.599061
1.599061
1.609023
1.609023
1.606189
1.606189
1.604002
1.604002
1.598108
1.598108
1.616474
1.616474
1.606201
1.606201
1.615100
1.615100
1.601013
1.601013
1.607852
1.607852
1.605433
1.605433
1.611423
1.611423
1.609864
1.609864
1.583292
1.583292
1.598776
1.598776
1.617249
1.617249
1.609903
1.609903
1.601046
1.601046
1.602569
1.602569
1.621595
1.621595
1.610612
1.610612
1.607587
1.607587
1.605963
1.605963
1.602625
1.602625
1.603073
1.603073
1.619114
1.619114
1.616825
1.616825
1.596441
1.596441
1.600834
1.600834
1.620782
1.620782
1.595828
1.595828
1.612870
1.612870
1.623647
1.623647
1.607469
1.607469
1.607644
1.607644
1.586352
1.586352
1.606867
1.606867
1.602578
1.602578
1.598389
1.598389
1.604809
1.604809
1.600018
1.600018
1.617360
1.617360
1.612017
1.612017
1.597228
1.597228
1.612269
1.612269
1.612285
1.612285
1.596147
1.596147
1.609630
1.609630
1.601507
1.601507
1.601245
1.601245
1.615676
1.615676
1.595726
1.595726
1.597507
1.597507
1.614698
1.614698
1.614820
1.614820
1.556476
1.556476
1.602120
1.602120
1.599021
1.599021
1.607264
1.607264
1.612797
1.612797
1.611855
1.611855
1.589513
1.589513
1.605452
1.605452
1.604518
1.604518
1.601380
1.601380
1.610012
1.610012
1.606438
1.606438
1.621680
1.621680
1.598629
1.598629
1.608317
1.608317
1.588207
1.588207
1.611461
1.611461
1.618517
1.618517
1.636961
1.636961
1.603484
1.603484
1.599436
1.599436
1.610473
1.610473
1.605124
1.605124
1.613601
1.613601
1.590071
1.590071
1.604621
1.604621
1.611516
1.611516
1.610470
1.610470
1.609538
1.609538
1.593114
1.593114
1.607158
1.607158
1.603243
1.603243
1.592140
1.592140
1.607885
1.607885
1.604169
1.604169
1.616137
1.616137
1.643440
1.643440
1.614666
1.614666
1.606430
1.606430
1.596858
1.596858
1.606844
1.606844
1.608367
1.608367
1.580566
1.580566
1.602316
1.602316
1.612793
1.612793
1.596100
1.596100
1.619338
1.619338
1.600148
1.600148
1.596168
1.596168
1.599830
1.599830
1.605496
1.605496
1.615579
1.615579
1.608255
1.608255
1.601617
1.601617
1.594334
1.594334
1.602611
1.602611
1.603967
1.603967
1.613951
1.613951
1.599534
1.599534
1.607264
1.607264
1.615163
1.615163
1.598700
1.598700
1.606989
1.606989
1.609604
1.609604
1.606300
1.606300
1.607697
1.607697
1.601773
1.601773
1.598339
1.598339
1.606061
1.606061
1.607331
1.607331
1.601331
1.601331
1.611131
1.611131
1.634083
1.634083
1.592110
1.592110
1.610978
1.610978
1.616102
1.616102
1.602294
1.602294
1.606340
1.606340
1.607951
1.607951
1.607517
1.607517
1.601976
1.601976
1.610140
1.610140
1.611993
1.611993
1.597147
1.597147
1.599012
1.599012
1.606773
1.606773
1.591140
1.591140
1.611941
1.611941
1.606691
1.606691
1.612816
1.612816
1.593387
1.593387
1.594575
1.594575
1.619366
1.619366
1.601955
1.601955
1.606475
1.606475
1.605536
1.605536
1.601292
1.601292
1.595198
1.595198
1.611883
1.611883
1.607361
1.607361
1.611844
1.611844
1.600290
1.600290
1.608813
1.608813
1.615613
1.615613
1.591924
1.591924
1.604105
1.604105
1.612982
1.612982
1.604795
1.604795
1.590185
1.590185
1.606817
1.606817
1.597053
1.597053
1.602276
1.602276
1.610265
1.610265
1.607459
1.607459
1.626346
1.626346
1.595053
1.595053
1.615202
1.615202
1.602217
1.602217
1.607320
1.607320
1.605899
1.605899
1.613967
1.613967
1.589012
1.589012
1.610745
1.610745
1.611210
1.611210
1.602603
1.602603
1.611225
1.611225
1.619833
1.619833
1.607476
1.607476
1.613889
1.613889
1.594203
1.594203
1.614079
1.614079
1.599239
1.599239
1.592749
1.592749
1.602279
1.602279
1.617833
1.617833
1.584290
1.584290
1.609420
1.609420
1.613624
1.613624
1.600738
1.600738
1.600896
1.600896
1.603997
1.603997
1.601066
1.601066
1.605619
1.605619
1.613068
1.613068
1.617667
1.617667
1.614102
1.614102
1.600632
1.600632
1.591761
1.591761
1.621745
1.621745
1.600413
1.600413
1.591429
1.591429
1.597841
1.597841
1.604915
1.604915
1.602946
1.602946
1.606936
1.606936
1.612290
1.612290
1.615987
1.615987
1.600077
1.600077
1.604914
1.604914
1.616569
1.616569
1.601381
1.601381
1.601630
1.601630
1.617722
1.617722
1.612539
1.612539
1.608625
1.608625
1.609481
1.609481
1.598476
1.598476
1.595602
1.595602
1.616655
1.616655
1.609556
1.609556
1.612911
1.612911
1.597189
1.597189
1.595239
1.595239
1.608700
1.608700
1.624355
1.624355
1.610616
1.610616
1.605892
1.605892
1.612646
1.612646
1.595629
1.595629
1.601038
1.601038
1.610417
1.610417
1.603006
1.603006
1.609640
1.609640
1.601666
1.601666
1.609062
1.609062
1.605195
1.605195
1.593045
1.593045
1.608526
1.608526
1.607558
1.607558
1.603424
1.603424
1.598321
1.598321
1.608566
1.608566
1.607491
1.607491
1.597065
1.597065
1.617548
1.617548
1.617793
1.617793
1.596867
1.596867
1.598155
1.598155
1.600062
1.600062
1.603302
1.603302
1.617388
1.617388
1.595633
1.595633
1.604391
1.604391
1.603475
1.603475
1.619742
1.619742
1.609089
1.609089
1.606136
1.606136
1.599576
1.599576
1.616461
1.616461
1.596600
1.596600
1.593359
1.593359
1.603975
1.603975
1.602657
1.602657
1.610931
1.610931
1.599930
1.599930
1.610592
1.610592
1.589584
1.589584
1.608604
1.608604
1.613210
1.613210
1.600118
1.600118
1.597437
1.597437
1.601056
1.601056
1.637745
1.637745
1.606859
1.606859
1.598195
1.598195
1.611100
1.611100
1.607701
1.607701
1.603843
1.603843
1.588329
1.588329
1.605511
1.605511
1.602082
1.602082
1.613242
1.613242
1.609093
1.609093
1.597693
1.597693
1.587572
1.587572
1.598912
1.598912
1.612637
1.612637
1.594941
1.594941
1.612745
1.612745
1.604802
1.604802
1.609991
1.609991
1.596472
1.596472
1.591269
1.591269
1.611771
1.611771
1.624461
1.624461
1.597656
1.597656
1.624810
1.624810
1.592202
1.592202
1.611823
1.611823
1.597063
1.597063
1.598078
1.598078
1.623759
1.623759
1.615478
1.615478
1.604725
1.604725
1.604296
1.604296
1.608385
1.608385
1.601869
1.601869
1.605556
1.605556
1.602030
1.602030
1.596817
1.596817
1.606006
1.606006
1.604941
1.604941
1.620194
1.620194
1.596200
1.596200
1.605149
1.605149
1.606735
1.606735
1.602535
1.602535
1.595949
1.595949
1.606786
1.606786
1.612576
1.612576
1.600232
1.600232
1.596869
1.596869
1.604628
1.604628
1.598473
1.598473
1.619686
1.619686
1.603152
1.603152
1.610152
1.610152
1.609745
1.609745
1.606925
1.606925
1.588602
1.588602
1.606065
1.606065
1.610442
1.610442
1.615254
1.615254
1.606405
1.606405
1.610194
1.610194
1.600177
1.600177
1.603445
1.603445
1.602190
1.602190
1.608643
1.608643
1.618964
1.618964
1.595894
1.595894
1.597814
1.597814
1.610733
1.610733
1.598445
1.598445
1.609866
1.609866
1.599781
1.599781
1.595897
1.595897
1.606011
1.606011
1.609235
1.609235
1.612249
1.612249
1.599856
1.599856
1.601918
1.601918
1.597585
1.597585
1.607738
1.607738
1.606147
1.606147
1.605857
1.605857
1.625223
1.625223
1.605221
1.605221
1.615042
1.615042
1.606449
1.606449
1.593568
1.593568
1.601365
1.601365
1.608832
1.608832
1.596579
1.596579
1.609675
1.609675
1.603825
1.603825
1.622492
1.622492
1.590960
1.590960
1.595392
1.595392
1.593798
1.593798
1.607683
1.607683
1.603931
1.603931
1.606144
1.606144
1.608932
1.608932
1.614364
1.614364
1.589634
1.589634
1.612648
1.612648
1.603704
1.603704
1.612668
1.612668
1.603449
1.603449
1.602417
1.602417
1.618480
1.618480
1.602399
1.602399
1.607200
1.607200
1.596200
1.596200
1.596350
1.596350
1.611533
1.611533
1.615134
1.615134
1.596543
1.596543
1.615208
1.615208
1.590362
1.590362
1.602212
1.602212
1.619823
1.619823
1.595572
1.595572
1.597903
1.597903
1.603608
1.603608
1.617559
1.617559
1.606948
1.606948
1.605981
1.605981
1.598565
1.598565
1.615602
1.615602
1.609908
1.609908
1.601693
1.601693
1.604176
1.604176
1.550625
1.550625
1.603579
1.603579
1.613927
1.613927
1.613111
1.613111
1.591840
1.591840
1.600354
1.600354
1.597176
1.597176
1.603650
1.603650
1.598744
1.598744
1.613648
1.613648
1.597577
1.597577
1.609062
1.609062
1.598608
1.598608
1.599289
1.599289
1.602573
1.602573
1.613304
1.613304
1.603012
1.603012
1.601363
1.601363
1.619570
1.619570
1.603782
1.603782
1.592082
1.592082
1.606147
1.606147
1.617004
1.617004
1.605159
1.605159
1.588984
1.588984
1.596352
1.596352
1.603196
1.603196
1.602907
1.602907
1.608566
1.608566
1.610820
1.610820
1.603233
1.603233
1.600890
1.600890
1.604322
1.604322
1.594965
1.594965
1.603383
1.603383
1.614166
1.614166
1.629601
1.629601
1.604040
1.604040
1.612903
1.612903
1.613854
1.613854
1.588256
1.588256
1.606975
1.606975
1.574501
1.574501
1.608927
1.608927
1.604992
1.604992
1.612466
1.612466
1.596530
1.596530
1.592938
1.592938
1.639711
1.639711
1.610784
1.610784
1.602366
1.602366
1.600577
1.600577
1.597353
1.597353
1.605105
1.605105
1.636423
1.636423
1.597919
1.597919
1.617016
1.617016
1.600858
1.600858
1.599407
1.599407
1.603266
1.603266
1.620215
1.620215
1.590443
1.590443
1.621877
1.621877
1.613068
1.613068
1.594077
1.594077
1.599590
1.599590
1.615055
1.615055
1.601691
1.601691
1.601566
1.601566
1.607042
1.607042
1.607517
1.607517
1.605782
1.605782
1.584283
1.584283
1.589058
1.589058
1.616271
1.616271
1.602653
1.602653
1.604527
1.604527
1.604911
1.604911
1.623755
1.623755
1.599480
1.599480
1.592535
1.592535
1.593889
1.593889
1.615006
1.615006
1.624275
1.624275
1.571789
1.571789
1.612119
1.612119
1.598060
1.598060
1.596128
1.596128
1.615091
1.615091
1.601947
1.601947
1.582474
1.582474
1.601393
1.601393
1.606133
1.606133
1.600434
1.600434
1.607866
1.607866
1.606853
1.606853
1.584945
1.584945
1.601611
1.601611
1.597051
1.597051
1.599689
1.599689
1.609699
1.609699
1.610363
1.610363
1.611522
1.611522
1.607729
1.607729
1.594878
1.594878
1.611918
1.611918
1.601529
1.601529
1.603060
1.603060
1.606192
1.606192
1.602876
1.602876
1.603163
1.603163
1.602627
1.602627
1.608374
1.608374
1.599075
1.599075
1.625150
1.625150
1.598091
1.598091
1.605541
1.605541
1.603006
1.603006
1.602595
1.602595
1.607033
1.607033
1.624041
1.624041
1.618565
1.618565
1.603047
1.603047
1.604881
1.604881
1.595746
1.595746
1.599877
1.599877
1.585501
1.585501
1.593729
1.593729
1.609987
1.609987
1.609602
1.609602
1.601537
1.601537
1.608489
1.608489
1.576966
1.576966
1.598990
1.598990
1.620724
1.620724
1.599528
1.599528
1.609218
1.609218
1.589405
1.589405
1.612845
1.612845
1.585092
1.585092
1.622405
1.622405
1.608577
1.608577
1.608315
1.608315
1.595300
1.595300
1.601188
1.601188
1.599944
1.599944
1.616495
1.616495
1.613736
1.613736
1.594586
1.594586
1.593158
1.593158
1.613034
1.613034
1.597398
1.597398
1.610589
1.610589
1.616214
1.616214
1.598185
1.598185
1.592452
1.592452
1.633707
1.633707
1.612649
1.612649
1.596264
1.596264
1.608301
1.608301
1.598552
1.598552
1.598072
1.598072
1.640487
1.640487
1.599286
1.599286
1.602316
1.602316
1.609647
1.609647
1.595431
1.595431
1.610070
1.610070
1.620859
1.620859
1.609063
1.609063
1.597763
1.597763
1.605593
1.605593
1.610241
1.610241
1.599488
1.599488
1.584786
1.584786
1.593006
1.593006
1.611974
1.611974
1.601940
1.601940
1.604053
1.604053
1.608431
1.608431
1.602125
1.602125
1.601811
1.601811
1.610394
1.610394
1.607123
1.607123
1.604536
1.604536
1.595896
1.595896
1.599139
1.599139
1.599323
1.599323
1.599887
1.599887
1.596345
1.596345
1.599788
1.599788
1.621600
1.621600
1.616618
1.616618
1.605342
1.605342
1.605726
1.605726
1.596283
1.596283
1.609313
1.609313
1.605909
1.605909
1.577970
1.577970
1.595056
1.595056
1.589729
1.589729
1.611758
1.611758
1.620009
1.620009
1.600770
1.600770
1.610409
1.610409
1.596168
1.596168
1.605644
1.605644
1.611720
1.611720
1.606564
1.606564
1.600289
1.600289
1.589179
1.589179
1.611726
1.611726
1.586930
1.586930
1.618285
1.618285
1.601491
1.601491
1.596602
1.596602
1.623441
1.623441
1.601525
1.601525
1.610891
1.610891
1.604272
1.604272
1.602509
1.602509
1.599344
1.599344
1.600289
1.600289
1.596961
1.596961
1.601037
1.601037
1.610322
1.610322
1.613800
1.613800
1.590537
1.590537
1.638939
1.638939
1.600175
1.600175
1.597990
1.597990
1.606749
1.606749
1.612590
1.612590
1.603088
1.603088
1.586433
1.586433
1.606268
1.606268
1.599846
1.599846
1.603381
1.603381
1.611581
1.611581
1.600158
1.600158
1.581156
1.581156
1.588823
1.588823
1.598884
1.598884
1.603057
1.603057
1.614898
1.614898
1.610025
1.610025
1.616654
1.616654
1.596715
1.596715
1.602503
1.602503
1.597364
1.597364
1.620085
1.620085
1.597339
1.597339
1.626506
1.626506
1.612223
1.612223
1.588864
1.588864
1.604124
1.604124
1.609701
1.609701
1.607197
1.607197
1.572370
1.572370
1.611151
1.611151
1.603387
1.603387
1.603064
1.603064
1.600211
1.600211
1.601158
1.601158
1.591896
1.591896
1.605589
1.605589
1.602484
1.602484
1.599132
1.599132
1.597492
1.597492
1.615856
1.615856
1.580414
1.580414
1.595995
1.595995
1.594516
1.594516
1.617063
1.617063
1.598592
1.598592
1.607685
1.607685
1.623043
1.623043
1.604222
1.604222
1.596198
1.596198
1.599916
1.599916
1.605650
1.605650
1.603028
1.603028
1.653536
1.653536
1.615078
1.615078
1.600724
1.600724
1.603844
1.603844
1.597271
1.597271
1.603843
1.603843
1.575979
1.575979
1.592960
1.592960
1.610461
1.610461
1.601597
1.601597
1.607602
1.607602
1.608432
1.608432
1.572887
1.572887
1.603415
1.603415
1.601902
1.601902
1.611505
1.611505
1.600288
1.600288
1.596855
1.596855
1.618340
1.618340
1.597728
1.597728
1.614915
1.614915
1.595263
1.595263
1.602861
1.602861
1.609512
1.609512
1.576323
1.576323
1.616342
1.616342
1.605985
1.605985
1.588571
1.588571
1.599899
1.599899
1.603582
1.603582
1.614260
1.614260
1.608710
1.608710
1.604736
1.604736
1.610383
1.610383
1.599877
1.599877
1.593611
1.593611
1.594072
1.594072
1.592330
1.592330
1.607635
1.607635
1.604812
1.604812
1.601053
1.601053
1.605795
1.605795
1.629478
1.629478
1.599930
1.599930
1.606231
1.606231
1.600777
1.600777
1.607320
1.607320
1.602473
1.602473
1.594817
1.594817
1.599304
1.599304
1.608067
1.608067
1.609987
1.609987
1.598222
1.598222
1.599940
1.599940
1.601720
1.601720
1.606487
1.606487
1.596783
1.596783
1.608436
1.608436
1.604558
1.604558
1.595643
1.595643
1.624774
1.624774
1.601439
1.601439
1.604587
1.604587
1.601015
1.601015
1.603629
1.603629
1.600764
1.600764
1.627632
1.627632
1.599933
1.599933
1.618996
1.618996
1.598524
1.598524
1.610039
1.610039
1.590038
1.590038
1.587767
1.587767
1.600629
1.600629
1.607648
1.607648
1.590962
1.590962
1.613673
1.613673
1.600323
1.600323
1.615442
1.615442
1.603358
1.603358
1.609195
1.609195
1.604232
1.604232
1.599215
1.599215
1.603864
1.603864
1.572128
1.572128
1.606122
1.606122
1.602545
1.602545
1.601758
1.601758
1.602871
1.602871
1.604240
1.604240
1.587010
1.587010
1.599799
1.599799
1.612306
1.612306
1.610888
1.610888
1.593930
1.593930
1.596905
1.596905
1.610080
1.610080
1.605550
1.605550
1.611358
1.611358
1.599373
1.599373
1.604967
1.604967
1.600758
1.600758
1.555300
1.555300
1.594952
1.594952
1.590083
1.590083
1.604486
1.604486
1.613623
1.613623
1.610830
1.610830
1.606954
1.606954
1.614983
1.614983
1.609120
1.609120
1.597070
1.597070
1.602814
1.602814
1.592416
1.592416
1.591076
1.591076
1.610236
1.610236
1.594726
1.594726
1.597425
1.597425
1.603797
1.603797
1.604824
1.604824
1.625906
1.625906
1.594662
1.594662
1.608608
1.608608
1.612771
1.612771
1.595887
1.595887
1.600552
1.600552
1.615201
1.615201
1.595928
1.595928
1.603825
1.603825
1.613715
1.613715
1.601816
1.601816
1.597576
1.597576
1.611681
1.611681
1.591005
1.591005
1.609591
1.609591
1.597385
1.597385
1.607091
1.607091
1.607147
1.607147
1.614914
1.614914
1.592683
1.592683
1.592298
1.592298
1.614467
1.614467
1.613220
1.613220
1.601818
1.601818
1.598736
1.598736
1.607848
1.607848
1.599552
1.599552
1.596027
1.596027
1.594392
1.594392
1.610281
1.610281
1.638780
1.638780
1.607076
1.607076
1.610902
1.610902
1.593343
1.593343
1.595980
1.595980
1.609703
1.609703
1.579709
1.579709
1.596320
1.596320
1.601087
1.601087
1.611375
1.611375
1.601126
1.601126
1.603194
1.603194
1.605509
1.605509
1.596739
1.596739
1.606956
1.606956
1.607641
1.607641
1.605462
1.605462
1.600524
1.600524
1.578010
1.578010
1.590977
1.590977
1.604598
1.604598
1.593367
1.593367
1.615613
1.615613
1.608751
1.608751
1.603247
1.603247
1.605000
1.605000
1.597342
1.597342
1.606188
1.606188
1.608472
1.608472
1.597842
1.597842
1.592331
1.592331
1.610697
1.610697
1.599171
1.599171
1.592673
1.592673
1.604449
1.604449
1.604574
1.604574
1.613038
1.613038
1.594383
1.594383
1.606197
1.606197
1.598472
1.598472
1.615399
1.615399
1.596961
1.596961
1.613317
1.613317
1.602944
1.602944
1.599559
1.599559
1.605070
1.605070
1.599562
1.599562
1.609476
1.609476
1.578406
1.578406
1.598956
1.598956
1.600972
1.600972
1.597998
1.597998
1.613223
1.613223
1.601119
1.601119
1.606349
1.606349
1.604387
1.604387
1.605490
1.605490
1.596518
1.596518
1.599441
1.599441
1.603884
1.603884
1.622257
1.622257
1.621472
1.621472
1.582310
1.582310
1.590090
1.590090
1.606952
1.606952
1.610014
1.610014
1.614234
1.614234
1.619202
1.619202
1.586556
1.586556
1.606758
1.606758
1.609512
1.609512
1.594761
1.594761
1.575166
1.575166
1.601894
1.601894
1.595933
1.595933
1.603174
1.603174
1.609720
1.609720
1.599802
1.599802
1.614942
1.614942
1.589787
1.589787
1.609116
1.609116
1.600974
1.600974
1.605795
1.605795
1.604124
1.604124
1.617127
1.617127
1.613614
1.613614
1.610376
1.610376
1.608471
1.608471
1.597131
1.597131
1.585145
1.585145
1.582631
1.582631
1.603731
1.603731
1.603482
1.603482
1.606676
1.606676
1.597544
1.597544
1.607615
1.607615
1.553533
1.553533
1.602200
1.602200
1.597213
1.597213
1.600413
1.600413
1.595857
1.595857
1.611535
1.611535
1.630662
1.630662
1.601326
1.601326
1.607719
1.607719
1.602489
1.602489
1.595865
1.595865
1.604646
1.604646
1.598764
1.598764
1.609593
1.609593
1.590590
1.590590
1.614203
1.614203
1.602051
1.602051
1.593201
1.593201
1.613857
1.613857
1.598884
1.598884
1.613376
1.613376
1.589917
1.589917
1.620086
1.620086
1.594266
1.594266
1.569213
1.569213
1.603535
1.603535
1.603019
1.603019
1.607067
1.607067
1.595217
1.595217
1.596789
1.596789
1.640431
1.640431
1.593702
1.593702
1.597778
1.597778
1.608259
1.608259
1.597904
1.597904
1.616998
1.616998
1.580912
1.580912
1.597023
1.597023
1.610040
1.610040
1.604496
1.604496
1.604910
1.604910
1.594240
1.594240
1.606719
1.606719
1.598772
1.598772
1.597631
1.597631
1.600191
1.600191
1.599536
1.599536
1.609626
1.609626
1.638921
1.638921
1.604873
1.604873
1.604882
1.604882
1.607078
1.607078
1.598153
1.598153
1.595348
1.595348
1.607841
1.607841
1.597701
1.597701
1.597680
1.597680
1.599573
1.599573
1.605732
1.605732
1.605230
1.605230
1.634458
1.634458
1.603800
1.603800
1.594136
1.594136
1.600223
1.600223
1.603451
1.603451
1.605436
1.605436
1.625207
1.625207
1.590651
1.590651
1.617942
1.617942
1.594987
1.594987
1.606547
1.606547
1.605123
1.605123
1.569983
1.569983
1.601473
1.601473
1.602035
1.602035
1.608126
1.608126
1.598309
1.598309
1.598523
1.598523
1.613413
1.613413
1.609185
1.609185
1.613588
1.613588
1.612718
1.612718
1.590487
1.590487
1.584607
1.584607
1.599066
1.599066
1.608380
1.608380
1.608940
1.608940
1.601422
1.601422
1.599422
1.599422
1.592405
1.592405
1.599143
1.599143
1.602861
1.602861
1.615832
1.615832
1.603005
1.603005
1.592763
1.592763
1.594568
1.594568
1.609018
1.609018
1.602329
1.602329
1.599940
1.599940
1.603943
1.603943
1.612430
1.612430
1.593086
1.593086
1.591000
1.591000
1.599598
1.599598
1.588253
1.588253
1.607366
1.607366
1.616105
1.616105
1.595455
1.595455
1.622972
1.622972
1.599592
1.599592
1.598365
1.598365
1.605388
1.605388
1.597884
1.597884
1.606653
1.606653
1.615222
1.615222
1.600819
1.600819
1.594653
1.594653
1.602394
1.602394
1.611455
1.611455
1.600264
1.600264
1.603863
1.603863
1.602613
1.602613
1.598334
1.598334
1.614307
1.614307
1.589418
1.589418
1.606602
1.606602
1.591648
1.591648
1.608539
1.608539
1.602525
1.602525
1.602462
1.602462
1.605377
1.605377
1.591036
1.591036
1.598715
1.598715
1.611431
1.611431
1.600718
1.600718
1.607293
1.607293
1.597880
1.597880
1.592386
1.592386
1.599178
1.599178
1.608927
1.608927
1.605628
1.605628
1.609535
1.609535
1.598184
1.598184
1.590294
1.590294
1.580305
1.580305
1.599974
1.599974
1.603842
1.603842
1.605012
1.605012
1.603619
1.603619
1.594014
1.594014
1.619898
1.619898
1.612847
1.612847
1.603741
1.603741
1.594126
1.594126
1.602290
1.602290
1.595426
1.595426
1.606559
1.606559
1.603217
1.603217
1.609198
1.609198
1.595973
1.595973
1.593894
1.593894
1.607785
1.607785
1.595278
1.595278
1.606622
1.606622
1.606477
1.606477
1.609450
1.609450
1.580822
1.580822
1.609527
1.609527
1.576825
1.576825
1.610304
1.610304
1.619107
1.619107
1.596419
1.596419
1.600861
1.600861
1.587020
1.587020
1.570975
1.570975
1.597229
1.597229
1.609928
1.609928
1.607741
1.607741
1.589022
1.589022
1.607175
1.607175
1.587346
1.587346
1.603907
1.603907
1.608907
1.608907
1.599674
1.599674
1.595415
1.595415
1.602202
1.602202
1.593357
1.593357
1.604601
1.604601
1.600099
1.600099
