2.316486
2.316486
2.316267
2.316267
2.317987
2.317987
2.317144
2.317144
2.314609
2.314609
2.314112
2.314112
2.315418
2.315418
2.314703
2.314703
2.315524
2.315524
2.313971
2.313971
2.311770
2.311770
2.313339
2.313339
2.311872
2.311872
2.312069
2.312069
2.309252
2.309252
2.308911
2.308911
2.309327
2.309327
2.309705
2.309705
2.309010
2.309010
2.310116
2.310116
2.307955
2.307955
2.305740
2.305740
2.304053
2.304053
2.303370
2.303370
2.306034
2.306034
2.304659
2.304659
2.303406
2.303406
2.301242
2.301242
2.300648
2.300648
2.298354
2.298354
2.298551
2.298551
2.300720
2.300720
2.298439
2.298439
2.296320
2.296320
2.296661
2.296661
2.295416
2.295416
2.296408
2.296408
2.292561
2.292561
2.292506
2.292506
2.291133
2.291133
2.289575
2.289575
2.290965
2.290965
2.288270
2.288270
2.288655
2.288655
2.286273
2.286273
2.286651
2.286651
2.287860
2.287860
2.283417
2.283417
2.283933
2.283933
2.281492
2.281492
2.284248
2.284248
2.282135
2.282135
2.279778
2.279778
2.277421
2.277421
2.278093
2.278093
2.278552
2.278552
2.275005
2.275005
2.277316
2.277316
2.274804
2.274804
2.271897
2.271897
2.274928
2.274928
2.273957
2.273957
2.269166
2.269166
2.272631
2.272631
2.271959
2.271959
2.264383
2.264383
2.266590
2.266590
2.266340
2.266340
2.268489
2.268489
2.259022
2.259022
2.258601
2.258601
2.260200
2.260200
2.260219
2.260219
2.261862
2.261862
2.264898
2.264898
2.259286
2.259286
2.254511
2.254511
2.251974
2.251974
2.253613
2.253613
2.252956
2.252956
2.251054
2.251054
2.252738
2.252738
2.248919
2.248919
2.248664
2.248664
2.244275
2.244275
2.245383
2.245383
2.242432
2.242432
2.238955
2.238955
2.242374
2.242374
2.235420
2.235420
2.241295
2.241295
2.234863
2.234863
2.233834
2.233834
2.231385
2.231385
2.232002
2.232002
2.224515
2.224515
2.226549
2.226549
2.225498
2.225498
2.222231
2.222231
2.221331
2.221331
2.221475
2.221475
2.217786
2.217786
2.213511
2.213511
2.212528
2.212528
2.210827
2.210827
2.209024
2.209024
2.210011
2.210011
2.200392
2.200392
2.203714
2.203714
2.194815
2.194815
2.205395
2.205395
2.201417
2.201417
2.189621
2.189621
2.191342
2.191342
2.194785
2.194785
2.187491
2.187491
2.185301
2.185301
2.185161
2.185161
2.187133
2.187133
2.178062
2.178062
2.180359
2.180359
2.179941
2.179941
2.167282
2.167282
2.167687
2.167687
2.173628
2.173628
2.158745
2.158745
2.158519
2.158519
2.161146
2.161146
2.158567
2.158567
2.159384
2.159384
2.151608
2.151608
2.153409
2.153409
2.150520
2.150520
2.145893
2.145893
2.147551
2.147551
2.144006
2.144006
2.138286
2.138286
2.130016
2.130016
2.133111
2.133111
2.127196
2.127196
2.127495
2.127495
2.133764
2.133764
2.123031
2.123031
2.113988
2.113988
2.117273
2.117273
2.107381
2.107381
2.114706
2.114706
2.107286
2.107286
2.105163
2.105163
2.104988
2.104988
2.097730
2.097730
2.091571
2.091571
2.102988
2.102988
2.095189
2.095189
2.090066
2.090066
2.087726
2.087726
2.071163
2.071163
2.085992
2.085992
2.089643
2.089643
2.066747
2.066747
2.082847
2.082847
2.072686
2.072686
2.073854
2.073854
2.070756
2.070756
2.061896
2.061896
2.047966
2.047966
2.054522
2.054522
2.060086
2.060086
2.042553
2.042553
2.055135
2.055135
2.061968
2.061968
2.036554
2.036554
2.041847
2.041847
2.041348
2.041348
2.033698
2.033698
2.034671
2.034671
2.032551
2.032551
2.026497
2.026497
2.033768
2.033768
2.035860
2.035860
2.010540
2.010540
2.020253
2.020253
2.011780
2.011780
2.027184
2.027184
2.011138
2.011138
2.011686
2.011686
2.009546
2.009546
2.002790
2.002790
2.009555
2.009555
2.004031
2.004031
2.002883
2.002883
2.002844
2.002844
1.995738
1.995738
1.994528
1.994528
1.988036
1.988036
1.986110
1.986110
1.996231
1.996231
1.974267
1.974267
1.974827
1.974827
1.997550
1.997550
1.985448
1.985448
1.964534
1.964534
1.978052
1.978052
1.973801
1.973801
1.968511
1.968511
1.975903
1.975903
1.978333
1.978333
1.960756
1.960756
1.956828
1.956828
1.945787
1.945787
1.963263
1.963263
1.952819
1.952819
1.969153
1.969153
1.946630
1.946630
1.944842
1.944842
1.945766
1.945766
1.934800
1.934800
1.945531
1.945531
1.938902
1.938902
1.944285
1.944285
1.938180
1.938180
1.927641
1.927641
1.933249
1.933249
1.933849
1.933849
1.933134
1.933134
1.917175
1.917175
1.931433
1.931433
1.930611
1.930611
1.917681
1.917681
1.915378
1.915378
1.924727
1.924727
1.921697
1.921697
1.917782
1.917782
1.904639
1.904639
1.933110
1.933110
1.909864
1.909864
1.896160
1.896160
1.893273
1.893273
1.889367
1.889367
1.898968
1.898968
1.904056
1.904056
1.909647
1.909647
1.913845
1.913845
1.890638
1.890638
1.890287
1.890287
1.880668
1.880668
1.896045
1.896045
1.889769
1.889769
1.887361
1.887361
1.906758
1.906758
1.882681
1.882681
1.874952
1.874952
1.873938
1.873938
1.887484
1.887484
1.868412
1.868412
1.886087
1.886087
1.875151
1.875151
1.887882
1.887882
1.869426
1.869426
1.866990
1.866990
1.888645
1.888645
1.884514
1.884514
1.845550
1.845550
1.870079
1.870079
1.869355
1.869355
1.856919
1.856919
1.866034
1.866034
1.864503
1.864503
1.862322
1.862322
1.857876
1.857876
1.846674
1.846674
1.855771
1.855771
1.880815
1.880815
1.859499
1.859499
1.864089
1.864089
1.848301
1.848301
1.849173
1.849173
1.850608
1.850608
1.851465
1.851465
1.843489
1.843489
1.843808
1.843808
1.840662
1.840662
1.865502
1.865502
1.846200
1.846200
1.834532
1.834532
1.843488
1.843488
1.842431
1.842431
1.846054
1.846054
1.841799
1.841799
1.839393
1.839393
1.838541
1.838541
1.845387
1.845387
1.815749
1.815749
1.844070
1.844070
1.832929
1.832929
1.825733
1.825733
1.845405
1.845405
1.848096
1.848096
1.820214
1.820214
1.821599
1.821599
1.827705
1.827705
1.827505
1.827505
1.829888
1.829888
1.830643
1.830643
1.822297
1.822297
1.833474
1.833474
1.820889
1.820889
1.807960
1.807960
1.825368
1.825368
1.823506
1.823506
1.804569
1.804569
1.818252
1.818252
1.831422
1.831422
1.816222
1.816222
1.818945
1.818945
1.817017
1.817017
1.816442
1.816442
1.823243
1.823243
1.819351
1.819351
1.807782
1.807782
1.808622
1.808622
1.806467
1.806467
1.806186
1.806186
1.818899
1.818899
1.820371
1.820371
1.804532
1.804532
1.807963
1.807963
1.806982
1.806982
1.799501
1.799501
1.813499
1.813499
1.813737
1.813737
1.809769
1.809769
1.805745
1.805745
1.786211
1.786211
1.806595
1.806595
1.799742
1.799742
1.801342
1.801342
1.810351
1.810351
1.793694
1.793694
1.788837
1.788837
1.803095
1.803095
1.809315
1.809315
1.800508
1.800508
1.793735
1.793735
1.803859
1.803859
1.789180
1.789180
1.814595
1.814595
1.795238
1.795238
1.784334
1.784334
1.796735
1.796735
1.801527
1.801527
1.799625
1.799625
1.785555
1.785555
1.785100
1.785100
1.783103
1.783103
1.796150
1.796150
1.797570
1.797570
1.789831
1.789831
1.802629
1.802629
1.794336
1.794336
1.780261
1.780261
1.780141
1.780141
1.783439
1.783439
1.788168
1.788168
1.774668
1.774668
1.778829
1.778829
1.790126
1.790126
1.793643
1.793643
1.789346
1.789346
1.783098
1.783098
1.782985
1.782985
1.789744
1.789744
1.785212
1.785212
1.795499
1.795499
1.770332
1.770332
1.760145
1.760145
1.789129
1.789129
1.775908
1.775908
1.779616
1.779616
1.774489
1.774489
1.787532
1.787532
1.770318
1.770318
1.781308
1.781308
1.782572
1.782572
1.763972
1.763972
1.753371
1.753371
1.795146
1.795146
1.779491
1.779491
1.767188
1.767188
1.786597
1.786597
1.774172
1.774172
1.763108
1.763108
1.771065
1.771065
1.758011
1.758011
1.776423
1.776423
1.777038
1.777038
1.775216
1.775216
1.762975
1.762975
1.787756
1.787756
1.768336
1.768336
1.770728
1.770728
1.765669
1.765669
1.783665
1.783665
1.762526
1.762526
1.765091
1.765091
1.764161
1.764161
1.763239
1.763239
1.779396
1.779396
1.761409
1.761409
1.776173
1.776173
1.748399
1.748399
1.770414
1.770414
1.760212
1.760212
1.777289
1.777289
1.754099
1.754099
1.777527
1.777527
1.755933
1.755933
1.757041
1.757041
1.771015
1.771015
1.741054
1.741054
1.772599
1.772599
1.771087
1.771087
1.754123
1.754123
1.747023
1.747023
1.764076
1.764076
1.753391
1.753391
1.761779
1.761779
1.779535
1.779535
1.735383
1.735383
1.762749
1.762749
1.753768
1.753768
1.743821
1.743821
1.772643
1.772643
1.755697
1.755697
1.755960
1.755960
1.749981
1.749981
1.759377
1.759377
1.759436
1.759436
1.749991
1.749991
1.755526
1.755526
1.755828
1.755828
1.740079
1.740079
1.764551
1.764551
1.749411
1.749411
1.755874
1.755874
1.746927
1.746927
1.756010
1.756010
1.757132
1.757132
1.758197
1.758197
1.741466
1.741466
1.742123
1.742123
1.751029
1.751029
1.761551
1.761551
1.750687
1.750687
1.744057
1.744057
1.759502
1.759502
1.738240
1.738240
1.749430
1.749430
1.733808
1.733808
1.736092
1.736092
1.765234
1.765234
1.756700
1.756700
1.738929
1.738929
1.746135
1.746135
1.751606
1.751606
1.755136
1.755136
1.741349
1.741349
1.733812
1.733812
1.761243
1.761243
1.729211
1.729211
1.744106
1.744106
1.753129
1.753129
1.754649
1.754649
1.728180
1.728180
1.751476
1.751476
1.751285
1.751285
1.751646
1.751646
1.748399
1.748399
1.750332
1.750332
1.726374
1.726374
1.731415
1.731415
1.751352
1.751352
1.731604
1.731604
1.748151
1.748151
1.745285
1.745285
1.726993
1.726993
1.751069
1.751069
1.747442
1.747442
1.729537
1.729537
1.727875
1.727875
1.733589
1.733589
1.749874
1.749874
1.732435
1.732435
1.741944
1.741944
1.738898
1.738898
1.733991
1.733991
1.733918
1.733918
1.742756
1.742756
1.726196
1.726196
1.730227
1.730227
1.745009
1.745009
1.723737
1.723737
1.756866
1.756866
1.721236
1.721236
1.718612
1.718612
1.728830
1.728830
1.729774
1.729774
1.736365
1.736365
1.752929
1.752929
1.727163
1.727163
1.750998
1.750998
1.727544
1.727544
1.734078
1.734078
1.731665
1.731665
1.737164
1.737164
1.733729
1.733729
1.734062
1.734062
1.726025
1.726025
1.722048
1.722048
1.746009
1.746009
1.737293
1.737293
1.719846
1.719846
1.732717
1.732717
1.728171
1.728171
1.728820
1.728820
1.710021
1.710021
1.734058
1.734058
1.735382
1.735382
1.723369
1.723369
1.730282
1.730282
1.736498
1.736498
1.739028
1.739028
1.735387
1.735387
1.731830
1.731830
1.735078
1.735078
1.734230
1.734230
1.723750
1.723750
1.703943
1.703943
1.731230
1.731230
1.724896
1.724896
1.721428
1.721428
1.729627
1.729627
1.725885
1.725885
1.739883
1.739883
1.718498
1.718498
1.720834
1.720834
1.733961
1.733961
1.716549
1.716549
1.731519
1.731519
1.724091
1.724091
1.729021
1.729021
1.703912
1.703912
1.738208
1.738208
1.718873
1.718873
1.706006
1.706006
1.728780
1.728780
1.730462
1.730462
1.721158
1.721158
1.738099
1.738099
1.716344
1.716344
1.738822
1.738822
1.713824
1.713824
1.718404
1.718404
1.728096
1.728096
1.717962
1.717962
1.707981
1.707981
1.730073
1.730073
1.715934
1.715934
1.719290
1.719290
1.714164
1.714164
1.722087
1.722087
1.712905
1.712905
1.721973
1.721973
1.744773
1.744773
1.711905
1.711905
1.712960
1.712960
1.721744
1.721744
1.733121
1.733121
1.712317
1.712317
1.712965
1.712965
1.733061
1.733061
1.707848
1.707848
1.727496
1.727496
1.714695
1.714695
1.721014
1.721014
1.714988
1.714988
1.720222
1.720222
1.719078
1.719078
1.717368
1.717368
1.717313
1.717313
1.721637
1.721637
1.711930
1.711930
1.721077
1.721077
1.707465
1.707465
1.723523
1.723523
1.714380
1.714380
1.727860
1.727860
1.718312
1.718312
1.714194
1.714194
1.705517
1.705517
1.715088
1.715088
1.713902
1.713902
1.707384
1.707384
1.723529
1.723529
1.708834
1.708834
1.715234
1.715234
1.712404
1.712404
1.712759
1.712759
1.725299
1.725299
1.734682
1.734682
1.716577
1.716577
1.699831
1.699831
1.716957
1.716957
1.703821
1.703821
1.714581
1.714581
1.702385
1.702385
1.716553
1.716553
1.706897
1.706897
1.721796
1.721796
1.699164
1.699164
1.716629
1.716629
1.717480
1.717480
1.703573
1.703573
1.698623
1.698623
1.714940
1.714940
1.728711
1.728711
1.709900
1.709900
1.710885
1.710885
1.698489
1.698489
1.717831
1.717831
1.702479
1.702479
1.710571
1.710571
1.709571
1.709571
1.711682
1.711682
1.699499
1.699499
1.725542
1.725542
1.711966
1.711966
1.706411
1.706411
1.714896
1.714896
1.708157
1.708157
1.703284
1.703284
1.705350
1.705350
1.716504
1.716504
1.710806
1.710806
1.707856
1.707856
1.704459
1.704459
1.703262
1.703262
1.722074
1.722074
1.701908
1.701908
1.710442
1.710442
1.708676
1.708676
1.700293
1.700293
1.703410
1.703410
1.711247
1.711247
1.719825
1.719825
1.711000
1.711000
1.695624
1.695624
1.712098
1.712098
1.706381
1.706381
1.705090
1.705090
1.706155
1.706155
1.707383
1.707383
1.709017
1.709017
1.699997
1.699997
1.713171
1.713171
1.705978
1.705978
1.701818
1.701818
1.705537
1.705537
1.700204
1.700204
1.710456
1.710456
1.706456
1.706456
1.708449
1.708449
1.698824
1.698824
1.702829
1.702829
1.701169
1.701169
1.708281
1.708281
1.713706
1.713706
1.701620
1.701620
1.702855
1.702855
1.695752
1.695752
1.703010
1.703010
1.702782
1.702782
1.706005
1.706005
1.695642
1.695642
1.711268
1.711268
1.709988
1.709988
1.703765
1.703765
1.694041
1.694041
1.716940
1.716940
1.697401
1.697401
1.697073
1.697073
1.695900
1.695900
1.714057
1.714057
1.702455
1.702455
1.701993
1.701993
1.702237
1.702237
1.691202
1.691202
1.716404
1.716404
1.698613
1.698613
1.692572
1.692572
1.700133
1.700133
1.697795
1.697795
1.704415
1.704415
1.696610
1.696610
1.700720
1.700720
1.704656
1.704656
1.697371
1.697371
1.685717
1.685717
1.700392
1.700392
1.695426
1.695426
1.707869
1.707869
1.706826
1.706826
1.706710
1.706710
1.691508
1.691508
1.696686
1.696686
1.708179
1.708179
1.704805
1.704805
1.694314
1.694314
1.708522
1.708522
1.684298
1.684298
1.693355
1.693355
1.693874
1.693874
1.690109
1.690109
1.701140
1.701140
1.707431
1.707431
1.710915
1.710915
1.690492
1.690492
1.690037
1.690037
1.697254
1.697254
1.676691
1.676691
1.706082
1.706082
1.700554
1.700554
1.694759
1.694759
1.702717
1.702717
1.708587
1.708587
1.701203
1.701203
1.693598
1.693598
1.690864
1.690864
1.693477
1.693477
1.694354
1.694354
1.698358
1.698358
1.709250
1.709250
1.695138
1.695138
1.699850
1.699850
1.680136
1.680136
1.690885
1.690885
1.709340
1.709340
1.691606
1.691606
1.706986
1.706986
1.704121
1.704121
1.698635
1.698635
1.676352
1.676352
1.694647
1.694647
1.687853
1.687853
1.705186
1.705186
1.698810
1.698810
1.697549
1.697549
1.676632
1.676632
1.689152
1.689152
1.707348
1.707348
1.705942
1.705942
1.692928
1.692928
1.687077
1.687077
1.684847
1.684847
1.683564
1.683564
1.694159
1.694159
1.704529
1.704529
1.695216
1.695216
1.689512
1.689512
1.707385
1.707385
1.693959
1.693959
1.691611
1.691611
1.686977
1.686977
1.697625
1.697625
1.704471
1.704471
1.691912
1.691912
1.677207
1.677207
1.692976
1.692976
1.689664
1.689664
1.697013
1.697013
1.690197
1.690197
1.683002
1.683002
1.707759
1.707759
1.679280
1.679280
1.685295
1.685295
1.694774
1.694774
1.697063
1.697063
1.692357
1.692357
1.698709
1.698709
1.685763
1.685763
1.681348
1.681348
1.682085
1.682085
1.689253
1.689253
1.690613
1.690613
1.689250
1.689250
1.697915
1.697915
1.689531
1.689531
1.697255
1.697255
1.697149
1.697149
1.678216
1.678216
1.685616
1.685616
1.699287
1.699287
1.668418
1.668418
1.713925
1.713925
1.684489
1.684489
1.676199
1.676199
1.691002
1.691002
1.699348
1.699348
1.680768
1.680768
1.695930
1.695930
1.702439
1.702439
1.673294
1.673294
1.697672
1.697672
1.692689
1.692689
1.684914
1.684914
1.680604
1.680604
1.695134
1.695134
1.687359
1.687359
1.678099
1.678099
1.690182
1.690182
1.687154
1.687154
1.690168
1.690168
1.668705
1.668705
1.687842
1.687842
1.704294
1.704294
1.688624
1.688624
1.688941
1.688941
1.696835
1.696835
1.669705
1.669705
1.699400
1.699400
1.687470
1.687470
1.681697
1.681697
1.690044
1.690044
1.694548
1.694548
1.676807
1.676807
1.674248
1.674248
1.701650
1.701650
1.691316
1.691316
1.681216
1.681216
1.691247
1.691247
1.692970
1.692970
1.688015
1.688015
1.678269
1.678269
1.687033
1.687033
1.683775
1.683775
1.687884
1.687884
1.688049
1.688049
1.687363
1.687363
1.685894
1.685894
1.693121
1.693121
1.686741
1.686741
1.669980
1.669980
1.682985
1.682985
1.700729
1.700729
1.690702
1.690702
1.693176
1.693176
1.677135
1.677135
1.672229
1.672229
1.677089
1.677089
1.689329
1.689329
1.703311
1.703311
1.677232
1.677232
1.693066
1.693066
1.702818
1.702818
1.674188
1.674188
1.680485
1.680485
1.676811
1.676811
1.687856
1.687856
1.668066
1.668066
1.685029
1.685029
1.681298
1.681298
1.700174
1.700174
1.692526
1.692526
1.673775
1.673775
1.687129
1.687129
1.681921
1.681921
1.666609
1.666609
1.676921
1.676921
1.689180
1.689180
1.687891
1.687891
1.698970
1.698970
1.679932
1.679932
1.682609
1.682609
1.676493
1.676493
1.694233
1.694233
1.686749
1.686749
1.680914
1.680914
1.680433
1.680433
1.673786
1.673786
1.680038
1.680038
1.687348
1.687348
1.677864
1.677864
1.676707
1.676707
1.687623
1.687623
1.682918
1.682918
1.682545
1.682545
1.688721
1.688721
1.687607
1.687607
1.685991
1.685991
1.674912
1.674912
1.679511
1.679511
1.677660
1.677660
1.675473
1.675473
1.683914
1.683914
1.683180
1.683180
1.695855
1.695855
1.674195
1.674195
1.679304
1.679304
1.679420
1.679420
1.668313
1.668313
1.681843
1.681843
1.675480
1.675480
1.682951
1.682951
1.681330
1.681330
1.679220
1.679220
1.674757
1.674757
1.696141
1.696141
1.684355
1.684355
1.678792
1.678792
1.679412
1.679412
1.664800
1.664800
1.683647
1.683647
1.686925
1.686925
1.687503
1.687503
1.684971
1.684971
1.682540
1.682540
1.667312
1.667312
1.685561
1.685561
1.677784
1.677784
1.681334
1.681334
1.680618
1.680618
1.672729
1.672729
1.680642
1.680642
1.686290
1.686290
1.686678
1.686678
1.671794
1.671794
1.683384
1.683384
1.672864
1.672864
1.684427
1.684427
1.664910
1.664910
1.691675
1.691675
1.670418
1.670418
1.677300
1.677300
1.687091
1.687091
1.677256
1.677256
1.672791
1.672791
1.678922
1.678922
1.672653
1.672653
1.683508
1.683508
1.685898
1.685898
1.673561
1.673561
1.685694
1.685694
1.682726
1.682726
1.677006
1.677006
1.691802
1.691802
1.670654
1.670654
1.673118
1.673118
1.684034
1.684034
1.661323
1.661323
1.684763
1.684763
1.682777
1.682777
1.672392
1.672392
1.666088
1.666088
1.683803
1.683803
1.690828
1.690828
1.653253
1.653253
1.679642
1.679642
1.699172
1.699172
1.682746
1.682746
1.680565
1.680565
1.673669
1.673669
1.661340
1.661340
1.652167
1.652167
1.675614
1.675614
1.663901
1.663901
1.684798
1.684798
1.683119
1.683119
1.677802
1.677802
1.672871
1.672871
1.677040
1.677040
1.694371
1.694371
1.675989
1.675989
1.662897
1.662897
1.669746
1.669746
1.673369
1.673369
1.684905
1.684905
1.668660
1.668660
1.669315
1.669315
1.671679
1.671679
1.667272
1.667272
1.689507
1.689507
1.676034
1.676034
1.678196
1.678196
1.678697
1.678697
1.669908
1.669908
1.685249
1.685249
1.674180
1.674180
1.678260
1.678260
1.668245
1.668245
1.677613
1.677613
1.672155
1.672155
1.673779
1.673779
1.675369
1.675369
1.692433
1.692433
1.673415
1.673415
1.663639
1.663639
1.682045
1.682045
1.657225
1.657225
1.686323
1.686323
1.667940
1.667940
1.668683
1.668683
1.678020
1.678020
1.666133
1.666133
1.677694
1.677694
1.679219
1.679219
1.686061
1.686061
1.665697
1.665697
1.687956
1.687956
1.673715
1.673715
1.662871
1.662871
1.673093
1.673093
1.668688
1.668688
1.685936
1.685936
1.673940
1.673940
1.673153
1.673153
1.681294
1.681294
1.668177
1.668177
1.650418
1.650418
1.690439
1.690439
1.678573
1.678573
1.684903
1.684903
1.668903
1.668903
1.663925
1.663925
1.676628
1.676628
1.677118
1.677118
1.658021
1.658021
1.671580
1.671580
1.672098
1.672098
1.668130
1.668130
1.671448
1.671448
1.673479
1.673479
1.677586
1.677586
1.678487
1.678487
1.666398
1.666398
1.666909
1.666909
1.672809
1.672809
1.669887
1.669887
1.680402
1.680402
1.683776
1.683776
1.664569
1.664569
1.660839
1.660839
1.668049
1.668049
1.681382
1.681382
1.670275
1.670275
1.691865
1.691865
1.668843
1.668843
1.657075
1.657075
1.672445
1.672445
1.669038
1.669038
1.664826
1.664826
1.667090
1.667090
1.685833
1.685833
1.672583
1.672583
1.667090
1.667090
1.671448
1.671448
1.669247
1.669247
1.674893
1.674893
1.665875
1.665875
1.673032
1.673032
1.669987
1.669987
1.674307
1.674307
1.674740
1.674740
1.674605
1.674605
1.670252
1.670252
1.657057
1.657057
1.677882
1.677882
1.680441
1.680441
1.654880
1.654880
1.666246
1.666246
1.670520
1.670520
1.667482
1.667482
1.676148
1.676148
1.665639
1.665639
1.682520
1.682520
1.661056
1.661056
1.678621
1.678621
1.653480
1.653480
1.669629
1.669629
1.674779
1.674779
1.671032
1.671032
1.680363
1.680363
1.658042
1.658042
1.667939
1.667939
1.663586
1.663586
1.663581
1.663581
1.674327
1.674327
1.675225
1.675225
1.664655
1.664655
1.683891
1.683891
1.666471
1.666471
1.676189
1.676189
1.666787
1.666787
1.655278
1.655278
1.667291
1.667291
1.680237
1.680237
1.675765
1.675765
1.659289
1.659289
1.690277
1.690277
1.681662
1.681662
1.653195
1.653195
1.663148
1.663148
1.665455
1.665455
1.671132
1.671132
1.667501
1.667501
1.661118
1.661118
1.670749
1.670749
1.669747
1.669747
1.669883
1.669883
1.683613
1.683613
1.652933
1.652933
1.678445
1.678445
1.646933
1.646933
1.663051
1.663051
1.665319
1.665319
1.686631
1.686631
1.671404
1.671404
1.666231
1.666231
1.669032
1.669032
1.671921
1.671921
1.663669
1.663669
1.660108
1.660108
1.666700
1.666700
1.675621
1.675621
1.669704
1.669704
1.663427
1.663427
1.661543
1.661543
1.675734
1.675734
1.669573
1.669573
1.660118
1.660118
1.673338
1.673338
1.671652
1.671652
1.672309
1.672309
1.662601
1.662601
1.664433
1.664433
1.662439
1.662439
1.675368
1.675368
1.677024
1.677024
1.651304
1.651304
1.658232
1.658232
1.671856
1.671856
1.660273
1.660273
1.667163
1.667163
1.678770
1.678770
1.673028
1.673028
1.656155
1.656155
1.675171
1.675171
1.664712
1.664712
1.667589
1.667589
1.657477
1.657477
1.661426
1.661426
1.674332
1.674332
1.667051
1.667051
1.664688
1.664688
1.695330
1.695330
1.659390
1.659390
1.666454
1.666454
1.669091
1.669091
1.652581
1.652581
1.653289
1.653289
1.650569
1.650569
1.661419
1.661419
1.673616
1.673616
1.664327
1.664327
1.670300
1.670300
1.671005
1.671005
1.675223
1.675223
1.659914
1.659914
1.668822
1.668822
1.665405
1.665405
1.675628
1.675628
1.654069
1.654069
1.667149
1.667149
1.671582
1.671582
1.666909
1.666909
1.684501
1.684501
1.652875
1.652875
1.660836
1.660836
1.661080
1.661080
1.668698
1.668698
1.661417
1.661417
1.656296
1.656296
1.667484
1.667484
1.678364
1.678364
1.669452
1.669452
1.663658
1.663658
1.650817
1.650817
1.672253
1.672253
1.656802
1.656802
1.672488
1.672488
1.668695
1.668695
1.677151
1.677151
1.657215
1.657215
1.667832
1.667832
1.647839
1.647839
1.664025
1.664025
1.676041
1.676041
1.647452
1.647452
1.666192
1.666192
1.672508
1.672508
1.666029
1.666029
1.659619
1.659619
1.658743
1.658743
1.669321
1.669321
1.669985
1.669985
1.669369
1.669369
1.658849
1.658849
1.650936
1.650936
1.682115
1.682115
1.669313
1.669313
1.664668
1.664668
1.656041
1.656041
1.672553
1.672553
1.656130
1.656130
1.667229
1.667229
1.665416
1.665416
1.666986
1.666986
1.650643
1.650643
1.676546
1.676546
1.659504
1.659504
1.658463
1.658463
1.663993
1.663993
1.678244
1.678244
1.662299
1.662299
1.667784
1.667784
1.664813
1.664813
1.670088
1.670088
1.652801
1.652801
1.664725
1.664725
1.665440
1.665440
1.662814
1.662814
1.684032
1.684032
1.652875
1.652875
1.666729
1.666729
1.658107
1.658107
1.660637
1.660637
1.657926
1.657926
1.650647
1.650647
1.656478
1.656478
1.663225
1.663225
1.665089
1.665089
1.655375
1.655375
1.676160
1.676160
1.682786
1.682786
1.658400
1.658400
1.671844
1.671844
1.674015
1.674015
1.653690
1.653690
1.666314
1.666314
1.650235
1.650235
1.666265
1.666265
1.665774
1.665774
1.676503
1.676503
1.656492
1.656492
1.662557
1.662557
1.667342
1.667342
1.649249
1.649249
1.657623
1.657623
1.662603
1.662603
1.675696
1.675696
1.649067
1.649067
1.670554
1.670554
1.668688
1.668688
1.646835
1.646835
1.662043
1.662043
1.660784
1.660784
1.651063
1.651063
1.667387
1.667387
1.672016
1.672016
1.660993
1.660993
1.658499
1.658499
1.663192
1.663192
1.656834
1.656834
1.650254
1.650254
1.656986
1.656986
1.658717
1.658717
1.665402
1.665402
1.671585
1.671585
1.678558
1.678558
1.658457
1.658457
1.668768
1.668768
1.659234
1.659234
1.646055
1.646055
1.664447
1.664447
1.669214
1.669214
1.665780
1.665780
1.662176
1.662176
1.649401
1.649401
1.667052
1.667052
1.656640
1.656640
1.658352
1.658352
1.668718
1.668718
1.668200
1.668200
1.659346
1.659346
1.664961
1.664961
1.660758
1.660758
1.657753
1.657753
1.654573
1.654573
1.661658
1.661658
1.670674
1.670674
1.660911
1.660911
1.663763
1.663763
1.647180
1.647180
1.670504
1.670504
1.650734
1.650734
1.663754
1.663754
1.672819
1.672819
1.663495
1.663495
1.660156
1.660156
1.655310
1.655310
1.665453
1.665453
1.657635
1.657635
1.665444
1.665444
1.654145
1.654145
1.655231
1.655231
1.655319
1.655319
1.663771
1.663771
1.664351
1.664351
1.663696
1.663696
1.657020
1.657020
1.665073
1.665073
1.662847
1.662847
1.655960
1.655960
1.652061
1.652061
1.660830
1.660830
1.660434
1.660434
1.670651
1.670651
1.656888
1.656888
1.650208
1.650208
1.661297
1.661297
1.668913
1.668913
1.671809
1.671809
1.649520
1.649520
1.660698
1.660698
1.655157
1.655157
1.644746
1.644746
1.664573
1.664573
1.664545
1.664545
1.665689
1.665689
1.660829
1.660829
1.656031
1.656031
1.662220
1.662220
1.660722
1.660722
1.662619
1.662619
1.660680
1.660680
1.671434
1.671434
1.654693
1.654693
1.659674
1.659674
1.638053
1.638053
1.654295
1.654295
1.662530
1.662530
1.656745
1.656745
1.660425
1.660425
1.664231
1.664231
1.659443
1.659443
1.655691
1.655691
1.653895
1.653895
1.652477
1.652477
1.665314
1.665314
1.669422
1.669422
1.657026
1.657026
1.662528
1.662528
1.648516
1.648516
1.657561
1.657561
1.666450
1.666450
1.650272
1.650272
1.653471
1.653471
1.667354
1.667354
1.656668
1.656668
1.661034
1.661034
1.661661
1.661661
1.643806
1.643806
1.653621
1.653621
1.663579
1.663579
1.660361
1.660361
1.662474
1.662474
1.669012
1.669012
1.658961
1.658961
1.647494
1.647494
1.666021
1.666021
1.661566
1.661566
1.666947
1.666947
1.655429
1.655429
1.648835
1.648835
1.658942
1.658942
1.656533
1.656533
1.662793
1.662793
1.652997
1.652997
1.649452
1.649452
1.663157
1.663157
1.666052
1.666052
1.660946
1.660946
1.662701
1.662701
1.652231
1.652231
1.651926
1.651926
1.657381
1.657381
1.658668
1.658668
1.663386
1.663386
1.646564
1.646564
1.640788
1.640788
1.664635
1.664635
1.674993
1.674993
1.658413
1.658413
1.658597
1.658597
1.659844
1.659844
1.650905
1.650905
1.652941
1.652941
1.653251
1.653251
1.654393
1.654393
1.653377
1.653377
1.667889
1.667889
1.674832
1.674832
1.647932
1.647932
1.666589
1.666589
1.670765
1.670765
1.655283
1.655283
1.655920
1.655920
1.657971
1.657971
1.638527
1.638527
1.660414
1.660414
1.662162
1.662162
1.655406
1.655406
1.658102
1.658102
1.657401
1.657401
1.648368
1.648368
1.655869
1.655869
1.639923
1.639923
1.659242
1.659242
1.654716
1.654716
1.665491
1.665491
1.660071
1.660071
1.658352
1.658352
1.659526
1.659526
1.654525
1.654525
1.656752
1.656752
1.657168
1.657168
1.644515
1.644515
1.652553
1.652553
1.658157
1.658157
1.678852
1.678852
1.665155
1.665155
1.641275
1.641275
1.659009
1.659009
1.660549
1.660549
1.657214
1.657214
1.651459
1.651459
1.659805
1.659805
1.666380
1.666380
1.660801
1.660801
1.653192
1.653192
1.642284
1.642284
1.646994
1.646994
1.663371
1.663371
1.661127
1.661127
1.644208
1.644208
1.671012
1.671012
1.671032
1.671032
1.662132
1.662132
1.640085
1.640085
1.650462
1.650462
1.650226
1.650226
1.650110
1.650110
1.638477
1.638477
1.649088
1.649088
1.657505
1.657505
1.658265
1.658265
1.674760
1.674760
1.665959
1.665959
1.656104
1.656104
1.648789
1.648789
1.651240
1.651240
1.653937
1.653937
1.662837
1.662837
1.655598
1.655598
1.664984
1.664984
1.666070
1.666070
1.650226
1.650226
1.665789
1.665789
1.644893
1.644893
1.644705
1.644705
1.659134
1.659134
1.659776
1.659776
1.654191
1.654191
1.660612
1.660612
1.643645
1.643645
1.649878
1.649878
1.649097
1.649097
1.671728
1.671728
1.660611
1.660611
1.661030
1.661030
1.656317
1.656317
1.653330
1.653330
1.651187
1.651187
1.658118
1.658118
1.667006
1.667006
1.630867
1.630867
1.652716
1.652716
1.659435
1.659435
1.648948
1.648948
1.648175
1.648175
1.649555
1.649555
1.661013
1.661013
1.672131
1.672131
1.665854
1.665854
1.643728
1.643728
1.674863
1.674863
1.647175
1.647175
1.663792
1.663792
1.645088
1.645088
1.637882
1.637882
1.659997
1.659997
1.641931
1.641931
1.662718
1.662718
1.661608
1.661608
1.653579
1.653579
1.652587
1.652587
1.649178
1.649178
1.653737
1.653737
1.666505
1.666505
1.661176
1.661176
1.641617
1.641617
1.642898
1.642898
1.650099
1.650099
1.673729
1.673729
1.659816
1.659816
1.651870
1.651870
1.654547
1.654547
1.642471
1.642471
1.665569
1.665569
1.655356
1.655356
1.649778
1.649778
1.643384
1.643384
1.658523
1.658523
1.657607
1.657607
1.651261
1.651261
1.664332
1.664332
1.638252
1.638252
1.673548
1.673548
1.646540
1.646540
1.668659
1.668659
1.649798
1.649798
1.642227
1.642227
1.646623
1.646623
1.655893
1.655893
1.676486
1.676486
1.645497
1.645497
1.658420
1.658420
1.653191
1.653191
1.645081
1.645081
1.668402
1.668402
1.647661
1.647661
1.660561
1.660561
1.647533
1.647533
1.650841
1.650841
1.647450
1.647450
1.661350
1.661350
1.661438
1.661438
1.650965
1.650965
1.656145
1.656145
1.665189
1.665189
1.662029
1.662029
1.650557
1.650557
1.646696
1.646696
1.657542
1.657542
1.642107
1.642107
1.647207
1.647207
1.654958
1.654958
1.637060
1.637060
1.639908
1.639908
1.662642
1.662642
1.662633
1.662633
1.670094
1.670094
1.641953
1.641953
1.648979
1.648979
1.651587
1.651587
1.656232
1.656232
1.657057
1.657057
1.639640
1.639640
1.653870
1.653870
1.672890
1.672890
1.655363
1.655363
1.651354
1.651354
1.644423
1.644423
1.654582
1.654582
1.650560
1.650560
1.659142
1.659142
1.659200
1.659200
1.648479
1.648479
1.661772
1.661772
1.650907
1.650907
1.655290
1.655290
1.643893
1.643893
1.663597
1.663597
1.643789
1.643789
1.648690
1.648690
1.653290
1.653290
1.675613
1.675613
1.650794
1.650794
1.649354
1.649354
1.650094
1.650094
1.635913
1.635913
1.656775
1.656775
1.653715
1.653715
1.655963
1.655963
1.658126
1.658126
1.639467
1.639467
1.651438
1.651438
1.653283
1.653283
1.650436
1.650436
1.652409
1.652409
1.656029
1.656029
1.647555
1.647555
1.657695
1.657695
1.646198
1.646198
1.659151
1.659151
1.653021
1.653021
1.666310
1.666310
1.670817
1.670817
1.654701
1.654701
1.642078
1.642078
1.640421
1.640421
1.629681
1.629681
1.662789
1.662789
1.647964
1.647964
1.653601
1.653601
1.646508
1.646508
1.666179
1.666179
1.640616
1.640616
1.642624
1.642624
1.645313
1.645313
1.642179
1.642179
1.657297
1.657297
1.645788
1.645788
1.665570
1.665570
1.659891
1.659891
1.643035
1.643035
1.664804
1.664804
1.651306
1.651306
1.643279
1.643279
1.647366
1.647366
1.656305
1.656305
1.651888
1.651888
1.642841
1.642841
1.667816
1.667816
1.659493
1.659493
1.644559
1.644559
1.660789
1.660789
1.642640
1.642640
1.641350
1.641350
1.638113
1.638113
1.648997
1.648997
1.639891
1.639891
1.652582
1.652582
1.672487
1.672487
1.647515
1.647515
1.654213
1.654213
1.637916
1.637916
1.644911
1.644911
1.661764
1.661764
1.654809
1.654809
1.629840
1.629840
1.645935
1.645935
1.660938
1.660938
1.664027
1.664027
1.656331
1.656331
1.639136
1.639136
1.660576
1.660576
1.634726
1.634726
1.652977
1.652977
1.656966
1.656966
1.658880
1.658880
1.650281
1.650281
1.653790
1.653790
1.643889
1.643889
1.655269
1.655269
1.654872
1.654872
1.648593
1.648593
1.648111
1.648111
1.644535
1.644535
1.652678
1.652678
1.648271
1.648271
1.657547
1.657547
1.652957
1.652957
1.654430
1.654430
1.641121
1.641121
1.657587
1.657587
1.656061
1.656061
1.656024
1.656024
1.635625
1.635625
1.662689
1.662689
1.641298
1.641298
1.642035
1.642035
1.661569
1.661569
1.658184
1.658184
1.640442
1.640442
1.636113
1.636113
1.657063
1.657063
1.643693
1.643693
1.661141
1.661141
1.652998
1.652998
1.654753
1.654753
1.638561
1.638561
1.650648
1.650648
1.643077
1.643077
1.652953
1.652953
1.667220
1.667220
1.641188
1.641188
1.648418
1.648418
1.661779
1.661779
1.661408
1.661408
1.641331
1.641331
1.651136
1.651136
1.646446
1.646446
1.640108
1.640108
1.662268
1.662268
1.649381
1.649381
1.660265
1.660265
1.649593
1.649593
1.646377
1.646377
1.640902
1.640902
1.657761
1.657761
1.657949
1.657949
1.638876
1.638876
1.639538
1.639538
1.652604
1.652604
1.662136
1.662136
1.638656
1.638656
1.636349
1.636349
1.644159
1.644159
1.658207
1.658207
1.655169
1.655169
1.654510
1.654510
1.653543
1.653543
1.647290
1.647290
1.655661
1.655661
1.646006
1.646006
1.639290
1.639290
1.654064
1.654064
1.649982
1.649982
1.651961
1.651961
1.652396
1.652396
1.645293
1.645293
1.649443
1.649443
1.656465
1.656465
1.651080
1.651080
1.647122
1.647122
1.654356
1.654356
1.638737
1.638737
1.653137
1.653137
1.657030
1.657030
1.642674
1.642674
1.654510
1.654510
1.654841
1.654841
1.647386
1.647386
1.626656
1.626656
1.656604
1.656604
1.628820
1.628820
1.658088
1.658088
1.646370
1.646370
1.639528
1.639528
1.658989
1.658989
1.657931
1.657931
1.644170
1.644170
1.645235
1.645235
1.653849
1.653849
1.647949
1.647949
1.638727
1.638727
1.662731
1.662731
1.649192
1.649192
1.641356
1.641356
1.649339
1.649339
1.656398
1.656398
1.650291
1.650291
1.644967
1.644967
1.643826
1.643826
1.658886
1.658886
1.653022
1.653022
1.654294
1.654294
1.640615
1.640615
1.650945
1.650945
1.642410
1.642410
1.641888
1.641888
1.663424
1.663424
1.640545
1.640545
1.658173
1.658173
1.642711
1.642711
1.652875
1.652875
1.656427
1.656427
1.645837
1.645837
1.642058
1.642058
1.646033
1.646033
1.648474
1.648474
1.654882
1.654882
1.636992
1.636992
1.655620
1.655620
1.649239
1.649239
1.649827
1.649827
1.646841
1.646841
1.645395
1.645395
1.649899
1.649899
1.646816
1.646816
1.661116
1.661116
1.643909
1.643909
1.643963
1.643963
1.658763
1.658763
1.648880
1.648880
1.649752
1.649752
1.640563
1.640563
1.624699
1.624699
1.651304
1.651304
1.674416
1.674416
1.667691
1.667691
1.636732
1.636732
1.654129
1.654129
1.642192
1.642192
1.652771
1.652771
1.643051
1.643051
1.637688
1.637688
1.658807
1.658807
1.642251
1.642251
1.649341
1.649341
1.643562
1.643562
1.648674
1.648674
1.642535
1.642535
1.655003
1.655003
1.644204
1.644204
1.640054
1.640054
1.649006
1.649006
1.660695
1.660695
1.647865
1.647865
1.655066
1.655066
1.635466
1.635466
1.637360
1.637360
1.653162
1.653162
1.650767
1.650767
1.647913
1.647913
1.645084
1.645084
1.660161
1.660161
1.638749
1.638749
1.656219
1.656219
1.644489
1.644489
1.643388
1.643388
1.651912
1.651912
1.647711
1.647711
1.651063
1.651063
1.637311
1.637311
1.649805
1.649805
1.656307
1.656307
1.645842
1.645842
1.656155
1.656155
1.638083
1.638083
1.646703
1.646703
1.638546
1.638546
1.646908
1.646908
1.648486
1.648486
1.650841
1.650841
1.633406
1.633406
1.653253
1.653253
1.643874
1.643874
1.662944
1.662944
1.657558
1.657558
1.653455
1.653455
1.656682
1.656682
1.644924
1.644924
1.624510
1.624510
1.654470
1.654470
1.638583
1.638583
1.655104
1.655104
1.644197
1.644197
1.639844
1.639844
1.645595
1.645595
1.653741
1.653741
1.646748
1.646748
1.646687
1.646687
1.655682
1.655682
1.644310
1.644310
1.655414
1.655414
1.655110
1.655110
1.637652
1.637652
1.636018
1.636018
1.646883
1.646883
1.629675
1.629675
1.652954
1.652954
1.665984
1.665984
1.638322
1.638322
1.647688
1.647688
1.642820
1.642820
1.656200
1.656200
1.656926
1.656926
1.650910
1.650910
1.647627
1.647627
1.643841
1.643841
1.638905
1.638905
1.652452
1.652452
1.633327
1.633327
1.635271
1.635271
1.643741
1.643741
1.661853
1.661853
1.650715
1.650715
1.645068
1.645068
1.648225
1.648225
1.640197
1.640197
1.660760
1.660760
1.642777
1.642777
1.639087
1.639087
1.654467
1.654467
1.646069
1.646069
1.637804
1.637804
1.644310
1.644310
1.651085
1.651085
1.646064
1.646064
1.639554
1.639554
1.642071
1.642071
1.651455
1.651455
1.646900
1.646900
1.649604
1.649604
1.649448
1.649448
1.642114
1.642114
1.648028
1.648028
1.637232
1.637232
1.643287
1.643287
1.651575
1.651575
1.657532
1.657532
1.649688
1.649688
1.651973
1.651973
1.652825
1.652825
1.648992
1.648992
1.645081
1.645081
1.642924
1.642924
1.624443
1.624443
1.661228
1.661228
1.632342
1.632342
1.646772
1.646772
1.643565
1.643565
1.640356
1.640356
1.655102
1.655102
1.641525
1.641525
1.624665
1.624665
1.648401
1.648401
1.650412
1.650412
1.662159
1.662159
1.650479
1.650479
1.648685
1.648685
1.631576
1.631576
1.649802
1.649802
1.647165
1.647165
1.637353
1.637353
1.653054
1.653054
1.648317
1.648317
1.642337
1.642337
1.641870
1.641870
1.649220
1.649220
1.643038
1.643038
1.651407
1.651407
1.650017
1.650017
1.643631
1.643631
1.644741
1.644741
1.635001
1.635001
1.649639
1.649639
1.653318
1.653318
1.650732
1.650732
1.645557
1.645557
1.643079
1.643079
1.635575
1.635575
1.640892
1.640892
1.652122
1.652122
1.644377
1.644377
1.651999
1.651999
1.642908
1.642908
1.649089
1.649089
1.645604
1.645604
1.626790
1.626790
1.639071
1.639071
1.646008
1.646008
1.656553
1.656553
1.640372
1.640372
1.636727
1.636727
1.646332
1.646332
1.658599
1.658599
1.634834
1.634834
1.659620
1.659620
1.644207
1.644207
1.628550
1.628550
1.665106
1.665106
1.642729
1.642729
1.641866
1.641866
1.627959
1.627959
1.650259
1.650259
1.642286
1.642286
1.633479
1.633479
1.652685
1.652685
1.648472
1.648472
1.672069
1.672069
1.640434
1.640434
1.651890
1.651890
1.642303
1.642303
1.646264
1.646264
1.638725
1.638725
1.643913
1.643913
1.656703
1.656703
1.647374
1.647374
1.644503
1.644503
1.636268
1.636268
1.633198
1.633198
1.650507
1.650507
1.644658
1.644658
1.666972
1.666972
1.647577
1.647577
1.653418
1.653418
1.645524
1.645524
1.633806
1.633806
1.645314
1.645314
1.641306
1.641306
1.648440
1.648440
1.643064
1.643064
1.637434
1.637434
1.632021
1.632021
1.639785
1.639785
1.661312
1.661312
1.657286
1.657286
1.639497
1.639497
1.648113
1.648113
1.642673
1.642673
1.642665
1.642665
1.649131
1.649131
1.643538
1.643538
1.645135
1.645135
1.637086
1.637086
1.652985
1.652985
1.652236
1.652236
1.647017
1.647017
1.640093
1.640093
1.642123
1.642123
1.632508
1.632508
1.642717
1.642717
1.649861
1.649861
1.641229
1.641229
1.647294
1.647294
1.640461
1.640461
1.639903
1.639903
1.650238
1.650238
1.638221
1.638221
1.638817
1.638817
1.639070
1.639070
1.644133
1.644133
1.657988
1.657988
1.642373
1.642373
1.640521
1.640521
1.645929
1.645929
1.641293
1.641293
1.645219
1.645219
1.632788
1.632788
1.647014
1.647014
1.654219
1.654219
1.639662
1.639662
1.648844
1.648844
1.633006
1.633006
1.647560
1.647560
1.644974
1.644974
1.651382
1.651382
1.641085
1.641085
1.654138
1.654138
1.629208
1.629208
1.640667
1.640667
1.663851
1.663851
1.645379
1.645379
1.643949
1.643949
1.629665
1.629665
1.636739
1.636739
1.648458
1.648458
1.641585
1.641585
1.651011
1.651011
1.632701
1.632701
1.654773
1.654773
1.641508
1.641508
1.641738
1.641738
1.643128
1.643128
1.642111
1.642111
1.647886
1.647886
1.645723
1.645723
1.641499
1.641499
1.644810
1.644810
1.642626
1.642626
1.640081
1.640081
1.652175
1.652175
1.650085
1.650085
1.648860
1.648860
1.630559
1.630559
1.644695
1.644695
1.643540
1.643540
1.631238
1.631238
1.633969
1.633969
1.636385
1.636385
1.640225
1.640225
1.641990
1.641990
1.631791
1.631791
1.658332
1.658332
1.674136
1.674136
1.634419
1.634419
1.643851
1.643851
1.652549
1.652549
1.659241
1.659241
1.643525
1.643525
1.633623
1.633623
1.634819
1.634819
1.664047
1.664047
1.645449
1.645449
1.639105
1.639105
1.648780
1.648780
1.640933
1.640933
1.630191
1.630191
1.632185
1.632185
1.648051
1.648051
1.646661
1.646661
1.644969
1.644969
1.642388
1.642388
1.638367
1.638367
1.658037
1.658037
1.615378
1.615378
1.640113
1.640113
1.642979
1.642979
1.650781
1.650781
1.652707
1.652707
1.635757
1.635757
1.635971
1.635971
1.646573
1.646573
1.632401
1.632401
1.650571
1.650571
1.638226
1.638226
1.640688
1.640688
1.639148
1.639148
1.652051
1.652051
1.654566
1.654566
1.647053
1.647053
1.641747
1.641747
1.644320
1.644320
1.638081
1.638081
1.640408
1.640408
1.651015
1.651015
1.639894
1.639894
1.645236
1.645236
1.634932
1.634932
1.640026
1.640026
1.647746
1.647746
1.630943
1.630943
1.655652
1.655652
1.652914
1.652914
1.641102
1.641102
1.652839
1.652839
1.633657
1.633657
1.653817
1.653817
1.624139
1.624139
1.639864
1.639864
1.667655
1.667655
1.649848
1.649848
1.640434
1.640434
1.647932
1.647932
1.634796
1.634796
1.644053
1.644053
1.645875
1.645875
1.639661
1.639661
1.653144
1.653144
1.639749
1.639749
1.643596
1.643596
1.634763
1.634763
1.646178
1.646178
1.628421
1.628421
1.665452
1.665452
1.637027
1.637027
1.655000
1.655000
1.643080
1.643080
1.651051
1.651051
1.645018
1.645018
1.628235
1.628235
1.642443
1.642443
1.644423
1.644423
1.640385
1.640385
1.648842
1.648842
1.638882
1.638882
1.638934
1.638934
1.644849
1.644849
1.645719
1.645719
1.641758
1.641758
1.647058
1.647058
1.629005
1.629005
1.660806
1.660806
1.641762
1.641762
1.646509
1.646509
1.627470
1.627470
1.637182
1.637182
1.640085
1.640085
1.656743
1.656743
1.634610
1.634610
1.647870
1.647870
1.641481
1.641481
1.639680
1.639680
1.657171
1.657171
1.644000
1.644000
1.635921
1.635921
1.643967
1.643967
1.635056
1.635056
1.637951
1.637951
1.645076
1.645076
1.645453
1.645453
1.633553
1.633553
1.643290
1.643290
1.643644
1.643644
1.650974
1.650974
1.644403
1.644403
1.633377
1.633377
1.647878
1.647878
1.639407
1.639407
1.654965
1.654965
1.638842
1.638842
1.633479
1.633479
1.641716
1.641716
1.642151
1.642151
1.656103
1.656103
1.640752
1.640752
1.641732
1.641732
1.640576
1.640576
1.638690
1.638690
1.638565
1.638565
1.642137
1.642137
1.649903
1.649903
1.653023
1.653023
1.637283
1.637283
1.633596
1.633596
1.641287
1.641287
1.644116
1.644116
1.637338
1.637338
1.646272
1.646272
1.645853
1.645853
1.639550
1.639550
1.634376
1.634376
1.644326
1.644326
1.642648
1.642648
1.646095
1.646095
1.637526
1.637526
1.636527
1.636527
1.629652
1.629652
1.647368
1.647368
1.651099
1.651099
1.637368
1.637368
1.665783
1.665783
1.646235
1.646235
1.641948
1.641948
1.655096
1.655096
1.638180
1.638180
1.634736
1.634736
1.637092
1.637092
1.642269
1.642269
1.656452
1.656452
1.647722
1.647722
1.632033
1.632033
1.638039
1.638039
1.649990
1.649990
1.636817
1.636817
1.627618
1.627618
1.624576
1.624576
1.647273
1.647273
1.644094
1.644094
1.646383
1.646383
1.650976
1.650976
1.642089
1.642089
1.635001
1.635001
1.642823
1.642823
1.635629
1.635629
1.645127
1.645127
1.645953
1.645953
1.644029
1.644029
1.648705
1.648705
1.623192
1.623192
1.639761
1.639761
1.647494
1.647494
1.633581
1.633581
1.632804
1.632804
1.648023
1.648023
1.649538
1.649538
1.639066
1.639066
1.646121
1.646121
1.636506
1.636506
1.657322
1.657322
1.633701
1.633701
1.628776
1.628776
1.648890
1.648890
1.636668
1.636668
1.633632
1.633632
1.645213
1.645213
1.640045
1.640045
1.644199
1.644199
1.633452
1.633452
1.645320
1.645320
1.650569
1.650569
1.650635
1.650635
1.638757
1.638757
1.641202
1.641202
1.644580
1.644580
1.635459
1.635459
1.639255
1.639255
1.637557
1.637557
1.649110
1.649110
1.639938
1.639938
1.642818
1.642818
1.622371
1.622371
1.644521
1.644521
1.641444
1.641444
1.651681
1.651681
1.639679
1.639679
1.638978
1.638978
1.637850
1.637850
1.648891
1.648891
1.632849
1.632849
1.644366
1.644366
1.647738
1.647738
1.632487
1.632487
1.636586
1.636586
1.659034
1.659034
1.646578
1.646578
1.642016
1.642016
1.629935
1.629935
1.640710
1.640710
1.645789
1.645789
1.634997
1.634997
1.646066
1.646066
1.647687
1.647687
1.633168
1.633168
1.652657
1.652657
1.617897
1.617897
1.642282
1.642282
1.647821
1.647821
1.630811
1.630811
1.635572
1.635572
1.651471
1.651471
1.640201
1.640201
1.635486
1.635486
1.648088
1.648088
1.625849
1.625849
1.639127
1.639127
1.646541
1.646541
1.640083
1.640083
1.640542
1.640542
1.646437
1.646437
1.632212
1.632212
1.648028
1.648028
1.635995
1.635995
1.641863
1.641863
1.640992
1.640992
1.639132
1.639132
1.648935
1.648935
1.634209
1.634209
1.645568
1.645568
1.646559
1.646559
1.622993
1.622993
1.653139
1.653139
1.631095
1.631095
1.656863
1.656863
1.646489
1.646489
1.641685
1.641685
1.650787
1.650787
1.639036
1.639036
1.643373
1.643373
1.624506
1.624506
1.637394
1.637394
1.643195
1.643195
1.639069
1.639069
1.632777
1.632777
1.643331
1.643331
1.651568
1.651568
1.632005
1.632005
1.642625
1.642625
1.623078
1.623078
1.645280
1.645280
1.649837
1.649837
1.637528
1.637528
1.653331
1.653331
1.640467
1.640467
1.629433
1.629433
1.641844
1.641844
1.652070
1.652070
1.646873
1.646873
1.629060
1.629060
1.635981
1.635981
1.646951
1.646951
1.623374
1.623374
1.646317
1.646317
1.636037
1.636037
1.641924
1.641924
1.630425
1.630425
1.632290
1.632290
1.647185
1.647185
1.652835
1.652835
1.636082
1.636082
1.641137
1.641137
1.641835
1.641835
1.639983
1.639983
1.636453
1.636453
1.649104
1.649104
1.635900
1.635900
1.650657
1.650657
1.637703
1.637703
1.637071
1.637071
1.645679
1.645679
1.641323
1.641323
1.632521
1.632521
1.634630
1.634630
1.630770
1.630770
1.640081
1.640081
1.644070
1.644070
1.648017
1.648017
1.636852
1.636852
1.635185
1.635185
1.649960
1.649960
1.646398
1.646398
1.621201
1.621201
1.642346
1.642346
1.637359
1.637359
1.642756
1.642756
1.660800
1.660800
1.624404
1.624404
1.645943
1.645943
1.633357
1.633357
1.638885
1.638885
1.646544
1.646544
1.649864
1.649864
1.632320
1.632320
1.630242
1.630242
1.646045
1.646045
1.636331
1.636331
1.643817
1.643817
1.637394
1.637394
1.640485
1.640485
1.634960
1.634960
1.641299
1.641299
1.640388
1.640388
1.650695
1.650695
1.637179
1.637179
1.641872
1.641872
1.634160
1.634160
1.636940
1.636940
1.636041
1.636041
1.635695
1.635695
1.643437
1.643437
1.643917
1.643917
1.630546
1.630546
1.646600
1.646600
1.646333
1.646333
1.626657
1.626657
1.652339
1.652339
1.640370
1.640370
1.641394
1.641394
1.636974
1.636974
1.636909
1.636909
1.636081
1.636081
1.628416
1.628416
1.648696
1.648696
1.642464
1.642464
1.634233
1.634233
1.635257
1.635257
1.639976
1.639976
1.631322
1.631322
1.645319
1.645319
1.647006
1.647006
1.651513
1.651513
1.626257
1.626257
1.635921
1.635921
1.647058
1.647058
1.626440
1.626440
1.640663
1.640663
1.642060
1.642060
1.638434
1.638434
1.631074
1.631074
1.644345
1.644345
1.634159
1.634159
1.649774
1.649774
1.631519
1.631519
1.650183
1.650183
1.632324
1.632324
1.628969
1.628969
1.625787
1.625787
1.652158
1.652158
1.643462
1.643462
1.642345
1.642345
1.635017
1.635017
1.628440
1.628440
1.649195
1.649195
1.650190
1.650190
1.649088
1.649088
1.617041
1.617041
1.648317
1.648317
1.631841
1.631841
1.642429
1.642429
1.646890
1.646890
1.642797
1.642797
1.633156
1.633156
1.632982
1.632982
1.646126
1.646126
1.644305
1.644305
1.646074
1.646074
1.643324
1.643324
1.635855
1.635855
1.625801
1.625801
1.639234
1.639234
1.638533
1.638533
1.631214
1.631214
1.644148
1.644148
1.647028
1.647028
1.637902
1.637902
1.637919
1.637919
1.632075
1.632075
1.644751
1.644751
1.641888
1.641888
1.643051
1.643051
1.641652
1.641652
1.633903
1.633903
1.633009
1.633009
1.639290
1.639290
1.640495
1.640495
1.625184
1.625184
1.646150
1.646150
1.630688
1.630688
1.634383
1.634383
1.641017
1.641017
1.646623
1.646623
1.653624
1.653624
1.645840
1.645840
1.641433
1.641433
1.641826
1.641826
1.623369
1.623369
1.639826
1.639826
1.646442
1.646442
1.629681
1.629681
1.629894
1.629894
1.626652
1.626652
1.646320
1.646320
1.656228
1.656228
1.650183
1.650183
1.621170
1.621170
1.641501
1.641501
1.636345
1.636345
1.646621
1.646621
1.627078
1.627078
1.627479
1.627479
1.645599
1.645599
1.649521
1.649521
1.637743
1.637743
1.630087
1.630087
1.632530
1.632530
1.639764
1.639764
1.632949
1.632949
1.647228
1.647228
1.637008
1.637008
1.657795
1.657795
1.638090
1.638090
1.649687
1.649687
1.646653
1.646653
1.633002
1.633002
1.631504
1.631504
1.632264
1.632264
1.638139
1.638139
1.641611
1.641611
1.647440
1.647440
1.627799
1.627799
1.651132
1.651132
1.630523
1.630523
1.639580
1.639580
1.625612
1.625612
1.630214
1.630214
1.641420
1.641420
1.643806
1.643806
1.637397
1.637397
1.640499
1.640499
1.639627
1.639627
1.632980
1.632980
1.641946
1.641946
1.641305
1.641305
1.643204
1.643204
1.626940
1.626940
1.640939
1.640939
1.627979
1.627979
1.648917
1.648917
1.637038
1.637038
1.632068
1.632068
1.627991
1.627991
1.647004
1.647004
1.634720
1.634720
1.643985
1.643985
1.647464
1.647464
1.631519
1.631519
1.631828
1.631828
1.646477
1.646477
1.643644
1.643644
1.633164
1.633164
1.639916
1.639916
1.640695
1.640695
1.631257
1.631257
1.636699
1.636699
1.631734
1.631734
1.652091
1.652091
1.643144
1.643144
1.632513
1.632513
1.639326
1.639326
1.638919
1.638919
1.627171
1.627171
1.645166
1.645166
1.634980
1.634980
1.631743
1.631743
1.640234
1.640234
1.654152
1.654152
1.621563
1.621563
1.641930
1.641930
1.632034
1.632034
1.642832
1.642832
1.632858
1.632858
1.646901
1.646901
1.654873
1.654873
1.629354
1.629354
1.644911
1.644911
1.646581
1.646581
1.647100
1.647100
1.621375
1.621375
1.632997
1.632997
1.649476
1.649476
1.644394
1.644394
1.637316
1.637316
1.625506
1.625506
1.644902
1.644902
1.644865
1.644865
1.627986
1.627986
1.644938
1.644938
1.643898
1.643898
1.646593
1.646593
1.633252
1.633252
1.627919
1.627919
1.627871
1.627871
1.653076
1.653076
1.632015
1.632015
1.636140
1.636140
1.651409
1.651409
1.642821
1.642821
1.640028
1.640028
1.631886
1.631886
1.632772
1.632772
1.627576
1.627576
1.641093
1.641093
1.633988
1.633988
1.632087
1.632087
1.642707
1.642707
1.645835
1.645835
1.633590
1.633590
1.637015
1.637015
1.645144
1.645144
1.636886
1.636886
1.643335
1.643335
1.634757
1.634757
1.624087
1.624087
1.639001
1.639001
1.646813
1.646813
1.643467
1.643467
1.629112
1.629112
1.635881
1.635881
1.629332
1.629332
1.645173
1.645173
1.645093
1.645093
1.638667
1.638667
1.646765
1.646765
1.631237
1.631237
1.634577
1.634577
1.643794
1.643794
1.634663
1.634663
1.641048
1.641048
1.632297
1.632297
1.638208
1.638208
1.634676
1.634676
1.629619
1.629619
1.645342
1.645342
1.638002
1.638002
1.646125
1.646125
1.632047
1.632047
1.639401
1.639401
1.642687
1.642687
1.640324
1.640324
1.632346
1.632346
1.622760
1.622760
1.646815
1.646815
1.643335
1.643335
1.637689
1.637689
1.648463
1.648463
1.636481
1.636481
1.634112
1.634112
1.643841
1.643841
1.633186
1.633186
1.627395
1.627395
1.639209
1.639209
1.633173
1.633173
1.640577
1.640577
1.652022
1.652022
1.631173
1.631173
1.624265
1.624265
1.647577
1.647577
1.639804
1.639804
1.642398
1.642398
1.635762
1.635762
1.638523
1.638523
1.635414
1.635414
1.632614
1.632614
1.640175
1.640175
1.636209
1.636209
1.633721
1.633721
1.630193
1.630193
1.635418
1.635418
1.649696
1.649696
1.638161
1.638161
1.641620
1.641620
1.635398
1.635398
1.644302
1.644302
1.658960
1.658960
1.618275
1.618275
1.630268
1.630268
1.636809
1.636809
1.639302
1.639302
1.629916
1.629916
1.641693
1.641693
1.640021
1.640021
1.627884
1.627884
1.631758
1.631758
1.644513
1.644513
1.650878
1.650878
1.623371
1.623371
1.635277
1.635277
1.636880
1.636880
1.652357
1.652357
1.644861
1.644861
1.637637
1.637637
1.626058
1.626058
1.633191
1.633191
1.634724
1.634724
1.632539
1.632539
1.642964
1.642964
1.637014
1.637014
1.641885
1.641885
1.637517
1.637517
1.643657
1.643657
1.623708
1.623708
1.640290
1.640290
1.630684
1.630684
1.640283
1.640283
1.649164
1.649164
1.628111
1.628111
1.634516
1.634516
1.647643
1.647643
1.628224
1.628224
1.644377
1.644377
1.628226
1.628226
1.638710
1.638710
1.636634
1.636634
1.637854
1.637854
1.634595
1.634595
1.637494
1.637494
1.639364
1.639364
1.641428
1.641428
1.629946
1.629946
1.636962
1.636962
1.635743
1.635743
1.635249
1.635249
1.638128
1.638128
1.637796
1.637796
1.633002
1.633002
1.630812
1.630812
1.651479
1.651479
1.632957
1.632957
1.639403
1.639403
1.646327
1.646327
1.633002
1.633002
1.630595
1.630595
1.639388
1.639388
1.633204
1.633204
1.635588
1.635588
1.624384
1.624384
1.626212
1.626212
1.637735
1.637735
1.640093
1.640093
1.643418
1.643418
1.654664
1.654664
1.635695
1.635695
1.630941
1.630941
1.633751
1.633751
1.637485
1.637485
1.636540
1.636540
1.643352
1.643352
1.638097
1.638097
1.645722
1.645722
1.620349
1.620349
1.643162
1.643162
1.638975
1.638975
1.632169
1.632169
1.634777
1.634777
1.642092
1.642092
1.647680
1.647680
1.633318
1.633318
1.622502
1.622502
1.632667
1.632667
1.642879
1.642879
1.634052
1.634052
1.645691
1.645691
1.641443
1.641443
1.638945
1.638945
1.624539
1.624539
1.636364
1.636364
1.621267
1.621267
1.649814
1.649814
1.646403
1.646403
1.638662
1.638662
1.625091
1.625091
1.636201
1.636201
1.637056
1.637056
1.649501
1.649501
1.626271
1.626271
1.645067
1.645067
1.635260
1.635260
1.634005
1.634005
1.640168
1.640168
1.641296
1.641296
1.636229
1.636229
1.633320
1.633320
1.632120
1.632120
1.621552
1.621552
1.625222
1.625222
1.633118
1.633118
1.653699
1.653699
1.638070
1.638070
1.658405
1.658405
1.615563
1.615563
1.636746
1.636746
1.630717
1.630717
1.637823
1.637823
1.638518
1.638518
1.645797
1.645797
1.634544
1.634544
1.624412
1.624412
1.627219
1.627219
1.642088
1.642088
1.627064
1.627064
1.644291
1.644291
1.631916
1.631916
1.636199
1.636199
1.648201
1.648201
1.623509
1.623509
1.641162
1.641162
1.634665
1.634665
1.635128
1.635128
1.633219
1.633219
1.634783
1.634783
1.658084
1.658084
1.629118
1.629118
1.640614
1.640614
1.633523
1.633523
1.630078
1.630078
1.643840
1.643840
1.635823
1.635823
1.641468
1.641468
1.642507
1.642507
1.624900
1.624900
1.636850
1.636850
1.638591
1.638591
1.635694
1.635694
1.637367
1.637367
1.636490
1.636490
1.638880
1.638880
1.631607
1.631607
1.639322
1.639322
1.645153
1.645153
1.632028
1.632028
1.629172
1.629172
1.635838
1.635838
1.634354
1.634354
1.629355
1.629355
1.652930
1.652930
1.630645
1.630645
1.636715
1.636715
1.638627
1.638627
1.625377
1.625377
1.637931
1.637931
1.646062
1.646062
1.625509
1.625509
1.644332
1.644332
1.631976
1.631976
1.637670
1.637670
1.623347
1.623347
1.637963
1.637963
1.637351
1.637351
1.631951
1.631951
1.637109
1.637109
1.635669
1.635669
1.641859
1.641859
1.624837
1.624837
1.635895
1.635895
1.638837
1.638837
1.631290
1.631290
1.634037
1.634037
1.635291
1.635291
1.634306
1.634306
1.643723
1.643723
1.640037
1.640037
1.640432
1.640432
1.629185
1.629185
1.648550
1.648550
1.631194
1.631194
1.624010
1.624010
1.636691
1.636691
1.633356
1.633356
1.637897
1.637897
1.630609
1.630609
1.641002
1.641002
1.632887
1.632887
1.634681
1.634681
1.640982
1.640982
1.639653
1.639653
1.639090
1.639090
1.635407
1.635407
1.638141
1.638141
1.628105
1.628105
1.637849
1.637849
1.628881
1.628881
1.646521
1.646521
1.625773
1.625773
1.630389
1.630389
1.636374
1.636374
1.625572
1.625572
1.644363
1.644363
1.643007
1.643007
1.636962
1.636962
1.635611
1.635611
1.631927
1.631927
1.619178
1.619178
1.637348
1.637348
1.645306
1.645306
1.646181
1.646181
1.635697
1.635697
1.635370
1.635370
1.639727
1.639727
1.628517
1.628517
1.637457
1.637457
1.641331
1.641331
1.627257
1.627257
1.623300
1.623300
1.627521
1.627521
1.639321
1.639321
1.651953
1.651953
1.637581
1.637581
1.628515
1.628515
1.642079
1.642079
1.639215
1.639215
1.641893
1.641893
1.627052
1.627052
1.640055
1.640055
1.642481
1.642481
1.629478
1.629478
1.622049
1.622049
1.632995
1.632995
1.649236
1.649236
1.614697
1.614697
1.635792
1.635792
1.641647
1.641647
1.628314
1.628314
1.649324
1.649324
1.635517
1.635517
1.635455
1.635455
1.628876
1.628876
1.637290
1.637290
1.651037
1.651037
1.624947
1.624947
1.633037
1.633037
1.622971
1.622971
1.622261
1.622261
1.635751
1.635751
1.640584
1.640584
1.646052
1.646052
1.637938
1.637938
1.645314
1.645314
1.635342
1.635342
1.638486
1.638486
1.647463
1.647463
1.639100
1.639100
1.629222
1.629222
1.633087
1.633087
1.618106
1.618106
1.626892
1.626892
1.649065
1.649065
1.638038
1.638038
1.622772
1.622772
1.628196
1.628196
1.650122
1.650122
1.629125
1.629125
1.633362
1.633362
1.637034
1.637034
1.632100
1.632100
1.636666
1.636666
1.639382
1.639382
1.632255
1.632255
1.635755
1.635755
1.632541
1.632541
1.643008
1.643008
1.642963
1.642963
1.635307
1.635307
1.627583
1.627583
1.642444
1.642444
1.615293
1.615293
1.637064
1.637064
1.628284
1.628284
1.638964
1.638964
1.626654
1.626654
1.648381
1.648381
1.642643
1.642643
1.617966
1.617966
1.631815
1.631815
1.627067
1.627067
1.635762
1.635762
1.638704
1.638704
1.640014
1.640014
1.628091
1.628091
1.649564
1.649564
1.637356
1.637356
1.644270
1.644270
1.627983
1.627983
1.633103
1.633103
1.644648
1.644648
1.629247
1.629247
1.624360
1.624360
1.620854
1.620854
1.621027
1.621027
1.646390
1.646390
1.655292
1.655292
1.635254
1.635254
1.623803
1.623803
1.644880
1.644880
1.649805
1.649805
1.628006
1.628006
1.628389
1.628389
1.638053
1.638053
1.635563
1.635563
1.632199
1.632199
1.628640
1.628640
1.628416
1.628416
1.638602
1.638602
1.635018
1.635018
1.630996
1.630996
1.634862
1.634862
1.641530
1.641530
1.631562
1.631562
1.635297
1.635297
1.639497
1.639497
1.630882
1.630882
1.645047
1.645047
1.632442
1.632442
1.629080
1.629080
1.626213
1.626213
1.636295
1.636295
1.642880
1.642880
1.627671
1.627671
1.638090
1.638090
1.636799
1.636799
1.627158
1.627158
1.630934
1.630934
1.624411
1.624411
1.634710
1.634710
1.638262
1.638262
1.628766
1.628766
1.638228
1.638228
1.632244
1.632244
1.650342
1.650342
1.626968
1.626968
1.644281
1.644281
1.644426
1.644426
1.644281
1.644281
1.627647
1.627647
1.622217
1.622217
1.629609
1.629609
1.629221
1.629221
1.628554
1.628554
1.637313
1.637313
1.631120
1.631120
1.637457
1.637457
1.638522
1.638522
1.642137
1.642137
1.634400
1.634400
1.633275
1.633275
1.637629
1.637629
1.644140
1.644140
1.633167
1.633167
1.617051
1.617051
1.646464
1.646464
1.645166
1.645166
1.622729
1.622729
1.639015
1.639015
1.629621
1.629621
1.646251
1.646251
1.635423
1.635423
1.617576
1.617576
1.639255
1.639255
1.638601
1.638601
1.626623
1.626623
1.636148
1.636148
1.635744
1.635744
1.628533
1.628533
1.638106
1.638106
1.640798
1.640798
1.622575
1.622575
1.624287
1.624287
1.641466
1.641466
1.639780
1.639780
1.639404
1.639404
1.631424
1.631424
1.640151
1.640151
1.642756
1.642756
1.639426
1.639426
1.625785
1.625785
1.625563
1.625563
1.637083
1.637083
1.626169
1.626169
1.646563
1.646563
1.630552
1.630552
1.625116
1.625116
1.630316
1.630316
1.637372
1.637372
1.630454
1.630454
1.641755
1.641755
1.643839
1.643839
1.644470
1.644470
1.615734
1.615734
1.635577
1.635577
1.630775
1.630775
1.627617
1.627617
1.645835
1.645835
1.619251
1.619251
1.639757
1.639757
1.650073
1.650073
1.613821
1.613821
1.638044
1.638044
1.641118
1.641118
1.639759
1.639759
1.625220
1.625220
1.625458
1.625458
1.623814
1.623814
1.639317
1.639317
1.649532
1.649532
1.637721
1.637721
1.640991
1.640991
1.628117
1.628117
1.651512
1.651512
1.627897
1.627897
1.640175
1.640175
1.643084
1.643084
1.625090
1.625090
1.616988
1.616988
1.640490
1.640490
1.636700
1.636700
1.635698
1.635698
1.640245
1.640245
1.624787
1.624787
1.632344
1.632344
1.626380
1.626380
1.631126
1.631126
1.630202
1.630202
1.634944
1.634944
1.641092
1.641092
1.621752
1.621752
1.637955
1.637955
1.646990
1.646990
1.617179
1.617179
1.634901
1.634901
1.649940
1.649940
1.632227
1.632227
1.639639
1.639639
1.631742
1.631742
1.633993
1.633993
1.641956
1.641956
1.617846
1.617846
1.636347
1.636347
1.630127
1.630127
1.634763
1.634763
1.636720
1.636720
1.646697
1.646697
1.638287
1.638287
1.637867
1.637867
1.637195
1.637195
1.643503
1.643503
1.632518
1.632518
1.625376
1.625376
1.620412
1.620412
1.637006
1.637006
1.632993
1.632993
1.649441
1.649441
1.629104
1.629104
1.628263
1.628263
1.636830
1.636830
1.622946
1.622946
1.633835
1.633835
1.640146
1.640146
1.638342
1.638342
1.639662
1.639662
1.637315
1.637315
1.626841
1.626841
1.619094
1.619094
1.632541
1.632541
1.633340
1.633340
1.637048
1.637048
1.636892
1.636892
1.638083
1.638083
1.629005
1.629005
1.633371
1.633371
1.632215
1.632215
1.647767
1.647767
1.631745
1.631745
1.646953
1.646953
1.626518
1.626518
1.619672
1.619672
1.635736
1.635736
1.641381
1.641381
1.626130
1.626130
1.637459
1.637459
1.630588
1.630588
1.632739
1.632739
1.637867
1.637867
1.632585
1.632585
1.618187
1.618187
1.636678
1.636678
1.630111
1.630111
1.628989
1.628989
1.632725
1.632725
1.646357
1.646357
1.652902
1.652902
1.636842
1.636842
1.644801
1.644801
1.643244
1.643244
1.640605
1.640605
1.625029
1.625029
1.620408
1.620408
1.624393
1.624393
1.636859
1.636859
1.627364
1.627364
1.644511
1.644511
1.641037
1.641037
1.618455
1.618455
1.634616
1.634616
1.636726
1.636726
1.623625
1.623625
1.646861
1.646861
1.625129
1.625129
1.632331
1.632331
1.629249
1.629249
1.632654
1.632654
1.656260
1.656260
1.626552
1.626552
1.625467
1.625467
1.632301
1.632301
1.650710
1.650710
1.634046
1.634046
1.630704
1.630704
1.638895
1.638895
1.633117
1.633117
1.647578
1.647578
1.639955
1.639955
1.618846
1.618846
1.636455
1.636455
1.627192
1.627192
1.632797
1.632797
1.632859
1.632859
1.628564
1.628564
1.637670
1.637670
1.628315
1.628315
1.638370
1.638370
1.635222
1.635222
1.635067
1.635067
1.635117
1.635117
1.644325
1.644325
1.623626
1.623626
1.633732
1.633732
1.623421
1.623421
1.639439
1.639439
1.636049
1.636049
1.630243
1.630243
1.632243
1.632243
1.628452
1.628452
1.634657
1.634657
1.638329
1.638329
1.625427
1.625427
1.651977
1.651977
1.624268
1.624268
1.638713
1.638713
1.649254
1.649254
1.627589
1.627589
1.625890
1.625890
1.631685
1.631685
1.639715
1.639715
1.644784
1.644784
1.635210
1.635210
1.630878
1.630878
1.617944
1.617944
1.634728
1.634728
1.626589
1.626589
1.651083
1.651083
1.636851
1.636851
1.642963
1.642963
1.631822
1.631822
1.634340
1.634340
1.631575
1.631575
1.614227
1.614227
1.647622
1.647622
1.633218
1.633218
1.634516
1.634516
1.638577
1.638577
1.641719
1.641719
1.634161
1.634161
1.621361
1.621361
1.628367
1.628367
1.633901
1.633901
1.632898
1.632898
1.636967
1.636967
1.632740
1.632740
1.621835
1.621835
1.642237
1.642237
1.632292
1.632292
1.633443
1.633443
1.635150
1.635150
1.647654
1.647654
1.632271
1.632271
1.621778
1.621778
1.629548
1.629548
1.632719
1.632719
1.626831
1.626831
1.625983
1.625983
1.637065
1.637065
1.637356
1.637356
1.627314
1.627314
1.641616
1.641616
1.637776
1.637776
1.635039
1.635039
1.632863
1.632863
1.639816
1.639816
1.628649
1.628649
1.637951
1.637951
1.622371
1.622371
1.636321
1.636321
1.627233
1.627233
1.641922
1.641922
1.620628
1.620628
1.634087
1.634087
1.639157
1.639157
1.641114
1.641114
1.624127
1.624127
1.639734
1.639734
1.632921
1.632921
1.629881
1.629881
1.626062
1.626062
1.639722
1.639722
1.631008
1.631008
1.631161
1.631161
1.623861
1.623861
1.637724
1.637724
1.632555
1.632555
1.648869
1.648869
1.633134
1.633134
1.623219
1.623219
1.630509
1.630509
1.644912
1.644912
1.629360
1.629360
1.634232
1.634232
1.629540
1.629540
1.637860
1.637860
1.631085
1.631085
1.618894
1.618894
1.634818
1.634818
1.634308
1.634308
1.644498
1.644498
1.625977
1.625977
1.631334
1.631334
1.623408
1.623408
1.640291
1.640291
1.632955
1.632955
1.628808
1.628808
1.645685
1.645685
1.641034
1.641034
1.628166
1.628166
1.636847
1.636847
1.611602
1.611602
1.623791
1.623791
1.630347
1.630347
1.629809
1.629809
1.624097
1.624097
1.641121
1.641121
1.650674
1.650674
1.634500
1.634500
1.625809
1.625809
1.645851
1.645851
1.646299
1.646299
1.643693
1.643693
1.627778
1.627778
1.618971
1.618971
1.621324
1.621324
1.627326
1.627326
1.629978
1.629978
1.650612
1.650612
1.641326
1.641326
1.623709
1.623709
1.638033
1.638033
1.616808
1.616808
1.648280
1.648280
1.639579
1.639579
1.622847
1.622847
1.625795
1.625795
1.620530
1.620530
1.643005
1.643005
1.633264
1.633264
1.626336
1.626336
1.627436
1.627436
1.634587
1.634587
1.637761
1.637761
1.630886
1.630886
1.638241
1.638241
1.639569
1.639569
1.641405
1.641405
1.629004
1.629004
1.622120
1.622120
1.635967
1.635967
1.636925
1.636925
1.636806
1.636806
1.626837
1.626837
1.636254
1.636254
1.629115
1.629115
1.639887
1.639887
1.628757
1.628757
1.632802
1.632802
1.626439
1.626439
1.639517
1.639517
1.631624
1.631624
1.633549
1.633549
1.634117
1.634117
1.638439
1.638439
1.625655
1.625655
1.628248
1.628248
1.640628
1.640628
1.648429
1.648429
1.623519
1.623519
1.646304
1.646304
1.624781
1.624781
1.630569
1.630569
1.626164
1.626164
1.626262
1.626262
1.621281
1.621281
1.637825
1.637825
1.633700
1.633700
1.631913
1.631913
1.612889
1.612889
1.643249
1.643249
1.654956
1.654956
1.634232
1.634232
1.632767
1.632767
1.624202
1.624202
1.638658
1.638658
1.625065
1.625065
1.647014
1.647014
1.621109
1.621109
1.635571
1.635571
1.649009
1.649009
1.634668
1.634668
1.635868
1.635868
1.627666
1.627666
1.622050
1.622050
1.616249
1.616249
1.638875
1.638875
1.634313
1.634313
1.634910
1.634910
1.620297
1.620297
1.645939
1.645939
1.637720
1.637720
1.604281
1.604281
1.627401
1.627401
1.622386
1.622386
1.629352
1.629352
1.630960
1.630960
1.631746
1.631746
1.643218
1.643218
1.647221
1.647221
1.643178
1.643178
1.629003
1.629003
1.631535
1.631535
1.628550
1.628550
1.640440
1.640440
1.629709
1.629709
1.620365
1.620365
1.629292
1.629292
1.632573
1.632573
1.629868
1.629868
1.626976
1.626976
1.634838
1.634838
1.647214
1.647214
1.623466
1.623466
1.653124
1.653124
1.636405
1.636405
1.617692
1.617692
1.636879
1.636879
1.633155
1.633155
1.618916
1.618916
1.631065
1.631065
1.643159
1.643159
1.635853
1.635853
1.625062
1.625062
1.637246
1.637246
1.628005
1.628005
1.628825
1.628825
1.628555
1.628555
1.640534
1.640534
1.619930
1.619930
1.642898
1.642898
1.630172
1.630172
1.638123
1.638123
1.626283
1.626283
1.630081
1.630081
1.643106
1.643106
1.635578
1.635578
1.628032
1.628032
1.635681
1.635681
1.619908
1.619908
1.633295
1.633295
1.634038
1.634038
1.620770
1.620770
1.619062
1.619062
1.642376
1.642376
1.637888
1.637888
1.633212
1.633212
1.637558
1.637558
1.641570
1.641570
1.639764
1.639764
1.618944
1.618944
1.636616
1.636616
1.618417
1.618417
1.623828
1.623828
1.649152
1.649152
1.647824
1.647824
1.628500
1.628500
1.636042
1.636042
1.629762
1.629762
1.626426
1.626426
1.634197
1.634197
1.639193
1.639193
1.634759
1.634759
1.628813
1.628813
1.632360
1.632360
1.632991
1.632991
1.627402
1.627402
1.637291
1.637291
1.641829
1.641829
1.623960
1.623960
1.629863
1.629863
1.628051
1.628051
1.635084
1.635084
1.636507
1.636507
1.645287
1.645287
1.628397
1.628397
1.619804
1.619804
1.639575
1.639575
1.622473
1.622473
1.642315
1.642315
1.640869
1.640869
1.638063
1.638063
1.609143
1.609143
1.636490
1.636490
1.626654
1.626654
1.633000
1.633000
1.636205
1.636205
1.626744
1.626744
1.645282
1.645282
1.629856
1.629856
1.627652
1.627652
1.624752
1.624752
1.636600
1.636600
1.625621
1.625621
1.643166
1.643166
1.637371
1.637371
1.626210
1.626210
1.634296
1.634296
1.646021
1.646021
1.638512
1.638512
1.635492
1.635492
1.628326
1.628326
1.622935
1.622935
1.636551
1.636551
1.611827
1.611827
1.635978
1.635978
1.622632
1.622632
1.633504
1.633504
1.620152
1.620152
1.649352
1.649352
1.633912
1.633912
1.630699
1.630699
1.634888
1.634888
1.645358
1.645358
1.624040
1.624040
1.627424
1.627424
1.621959
1.621959
1.630538
1.630538
1.648127
1.648127
1.627595
1.627595
1.638129
1.638129
1.640017
1.640017
1.625437
1.625437
1.633167
1.633167
1.637469
1.637469
1.619259
1.619259
1.630272
1.630272
1.634747
1.634747
1.638529
1.638529
1.622745
1.622745
1.641597
1.641597
1.632226
1.632226
1.620976
1.620976
1.637591
1.637591
1.639879
1.639879
1.630686
1.630686
1.624777
1.624777
1.618940
1.618940
1.630435
1.630435
1.648940
1.648940
1.632160
1.632160
1.641855
1.641855
1.626847
1.626847
1.629299
1.629299
1.633397
1.633397
1.633063
1.633063
1.626798
1.626798
1.634034
1.634034
1.632258
1.632258
1.645785
1.645785
1.620681
1.620681
1.629969
1.629969
1.629839
1.629839
1.633210
1.633210
1.629443
1.629443
1.622169
1.622169
1.622953
1.622953
1.639099
1.639099
1.624868
1.624868
1.637085
1.637085
1.658857
1.658857
1.618091
1.618091
1.634718
1.634718
1.628641
1.628641
1.632160
1.632160
1.645822
1.645822
1.629405
1.629405
1.637431
1.637431
1.636229
1.636229
1.626963
1.626963
1.627453
1.627453
1.634400
1.634400
1.623492
1.623492
1.639159
1.639159
1.639388
1.639388
1.630964
1.630964
1.632376
1.632376
1.628357
1.628357
1.638194
1.638194
1.626217
1.626217
1.624595
1.624595
1.649764
1.649764
1.634810
1.634810
1.636717
1.636717
1.621854
1.621854
1.641681
1.641681
1.628143
1.628143
1.635947
1.635947
1.618582
1.618582
1.637989
1.637989
1.635342
1.635342
1.647399
1.647399
1.650887
1.650887
1.613580
1.613580
1.622342
1.622342
1.603601
1.603601
1.643502
1.643502
1.632294
1.632294
1.631292
1.631292
1.627909
1.627909
1.633437
1.633437
1.624207
1.624207
1.626709
1.626709
1.631523
1.631523
1.632522
1.632522
1.640569
1.640569
1.624651
1.624651
1.636939
1.636939
1.617291
1.617291
1.641536
1.641536
1.630341
1.630341
1.620245
1.620245
1.633053
1.633053
1.620207
1.620207
1.649651
1.649651
1.632751
1.632751
1.637211
1.637211
1.635042
1.635042
1.634265
1.634265
1.628453
1.628453
1.630644
1.630644
1.640373
1.640373
1.623044
1.623044
1.628099
1.628099
1.622532
1.622532
1.626488
1.626488
1.634674
1.634674
1.635783
1.635783
1.634983
1.634983
1.628438
1.628438
1.641887
1.641887
1.636018
1.636018
1.627214
1.627214
1.626647
1.626647
1.636605
1.636605
1.638693
1.638693
1.625776
1.625776
1.628902
1.628902
1.634992
1.634992
1.617916
1.617916
1.630955
1.630955
1.627266
1.627266
1.634621
1.634621
1.637290
1.637290
1.641319
1.641319
1.630110
1.630110
1.637947
1.637947
1.617280
1.617280
1.633669
1.633669
1.641838
1.641838
1.628932
1.628932
1.629820
1.629820
1.632967
1.632967
1.634285
1.634285
1.644614
1.644614
1.628011
1.628011
1.632426
1.632426
1.619154
1.619154
1.625639
1.625639
1.626303
1.626303
1.623964
1.623964
1.653300
1.653300
1.622151
1.622151
1.619273
1.619273
1.637136
1.637136
1.639463
1.639463
1.633133
1.633133
1.638293
1.638293
1.629366
1.629366
1.621298
1.621298
1.629815
1.629815
1.632119
1.632119
1.636886
1.636886
1.617817
1.617817
1.641732
1.641732
1.631484
1.631484
1.627525
1.627525
1.629546
1.629546
1.638855
1.638855
1.632981
1.632981
1.629297
1.629297
1.629969
1.629969
1.637684
1.637684
1.627773
1.627773
1.633352
1.633352
1.635715
1.635715
1.622644
1.622644
1.630599
1.630599
1.623230
1.623230
1.637903
1.637903
1.628540
1.628540
1.631408
1.631408
1.645976
1.645976
1.616887
1.616887
1.639293
1.639293
1.627026
1.627026
1.629355
1.629355
1.622951
1.622951
1.631734
1.631734
1.634495
1.634495
1.637387
1.637387
1.626759
1.626759
1.624124
1.624124
1.638507
1.638507
1.638941
1.638941
1.610412
1.610412
1.640075
1.640075
1.646708
1.646708
1.631067
1.631067
1.629574
1.629574
1.626697
1.626697
1.624780
1.624780
1.633510
1.633510
1.640205
1.640205
1.635666
1.635666
1.640893
1.640893
1.630827
1.630827
1.637627
1.637627
1.643621
1.643621
1.625860
1.625860
1.613132
1.613132
1.625727
1.625727
1.624474
1.624474
1.640381
1.640381
1.631754
1.631754
1.629337
1.629337
1.630387
1.630387
1.634677
1.634677
1.626295
1.626295
1.631026
1.631026
1.635481
1.635481
1.623860
1.623860
1.630421
1.630421
1.626155
1.626155
1.635668
1.635668
1.639186
1.639186
1.617050
1.617050
1.632080
1.632080
1.621338
1.621338
1.640617
1.640617
1.633183
1.633183
1.625918
1.625918
1.658140
1.658140
1.631969
1.631969
1.630873
1.630873
1.623362
1.623362
1.630735
1.630735
1.631165
1.631165
1.637914
1.637914
1.632125
1.632125
1.628775
1.628775
1.631482
1.631482
1.641891
1.641891
1.616775
1.616775
1.634923
1.634923
1.621242
1.621242
1.648592
1.648592
1.638856
1.638856
1.617690
1.617690
1.631449
1.631449
1.625410
1.625410
1.635121
1.635121
1.631726
1.631726
1.639914
1.639914
1.641044
1.641044
1.635699
1.635699
1.636964
1.636964
1.616039
1.616039
1.622670
1.622670
1.640909
1.640909
1.618340
1.618340
1.621594
1.621594
1.637314
1.637314
1.614252
1.614252
1.630985
1.630985
1.630480
1.630480
1.638735
1.638735
1.648836
1.648836
1.643364
1.643364
1.619354
1.619354
1.634203
1.634203
1.632421
1.632421
1.632941
1.632941
1.621908
1.621908
1.631165
1.631165
1.626387
1.626387
1.626478
1.626478
1.628991
1.628991
1.614071
1.614071
1.648499
1.648499
1.640006
1.640006
1.630503
1.630503
1.629823
1.629823
1.641189
1.641189
1.627414
1.627414
1.631428
1.631428
1.617045
1.617045
1.631972
1.631972
1.639256
1.639256
1.636581
1.636581
1.630857
1.630857
1.629420
1.629420
1.631622
1.631622
1.630260
1.630260
1.630862
1.630862
1.622180
1.622180
1.627983
1.627983
1.633220
1.633220
1.624617
1.624617
1.628159
1.628159
1.629782
1.629782
1.632104
1.632104
1.643496
1.643496
1.645290
1.645290
1.635084
1.635084
1.634279
1.634279
1.624951
1.624951
1.621835
1.621835
1.630811
1.630811
1.617755
1.617755
1.633445
1.633445
1.629596
1.629596
1.642971
1.642971
1.625623
1.625623
1.628720
1.628720
1.625287
1.625287
1.628043
1.628043
1.631359
1.631359
1.629737
1.629737
1.634346
1.634346
1.631096
1.631096
1.629031
1.629031
1.630301
1.630301
1.627500
1.627500
1.635899
1.635899
1.624591
1.624591
1.613155
1.613155
1.657421
1.657421
1.623830
1.623830
1.633927
1.633927
1.622288
1.622288
1.621944
1.621944
1.623796
1.623796
1.634256
1.634256
1.631637
1.631637
1.631057
1.631057
1.627372
1.627372
1.650687
1.650687
1.639735
1.639735
1.626032
1.626032
1.624026
1.624026
1.634314
1.634314
1.621208
1.621208
1.627075
1.627075
1.646189
1.646189
1.628850
1.628850
1.629931
1.629931
1.630189
1.630189
1.622206
1.622206
1.639128
1.639128
1.627863
1.627863
1.636230
1.636230
1.639788
1.639788
1.618608
1.618608
1.642342
1.642342
1.633502
1.633502
1.624049
1.624049
1.622344
1.622344
1.631910
1.631910
1.625092
1.625092
1.631729
1.631729
1.640960
1.640960
1.622095
1.622095
1.631051
1.631051
1.638483
1.638483
1.617472
1.617472
1.632504
1.632504
1.623040
1.623040
1.633055
1.633055
1.622466
1.622466
1.636357
1.636357
1.634118
1.634118
1.629965
1.629965
1.633555
1.633555
1.626689
1.626689
1.621695
1.621695
1.643908
1.643908
1.621818
1.621818
1.640461
1.640461
1.619516
1.619516
1.639485
1.639485
1.627960
1.627960
1.636607
1.636607
1.641998
1.641998
1.615815
1.615815
1.632221
1.632221
1.609676
1.609676
1.638358
1.638358
1.623896
1.623896
1.635355
1.635355
1.629419
1.629419
1.630727
1.630727
1.626052
1.626052
1.625489
1.625489
1.642580
1.642580
1.632767
1.632767
1.629247
1.629247
1.634376
1.634376
1.625497
1.625497
1.615518
1.615518
1.631259
1.631259
1.630407
1.630407
1.620836
1.620836
1.641870
1.641870
1.616071
1.616071
1.632400
1.632400
1.634948
1.634948
1.637426
1.637426
1.637059
1.637059
1.630244
1.630244
1.620563
1.620563
1.636286
1.636286
1.623056
1.623056
1.631152
1.631152
1.634881
1.634881
1.617243
1.617243
1.631577
1.631577
1.631472
1.631472
1.631850
1.631850
1.627624
1.627624
1.638221
1.638221
1.635129
1.635129
1.645863
1.645863
1.633930
1.633930
1.610275
1.610275
1.632666
1.632666
1.636907
1.636907
1.635860
1.635860
1.606581
1.606581
1.632548
1.632548
1.623159
1.623159
1.636037
1.636037
1.634140
1.634140
1.623415
1.623415
1.630181
1.630181
1.630744
1.630744
1.631692
1.631692
1.625886
1.625886
1.637108
1.637108
1.621142
1.621142
1.627850
1.627850
1.631021
1.631021
1.638577
1.638577
1.629932
1.629932
1.618828
1.618828
1.630886
1.630886
1.632686
1.632686
1.643202
1.643202
1.624667
1.624667
1.630123
1.630123
1.620548
1.620548
1.626023
1.626023
1.631061
1.631061
1.628726
1.628726
1.633749
1.633749
1.628268
1.628268
1.648108
1.648108
1.626088
1.626088
1.637269
1.637269
1.620322
1.620322
1.633059
1.633059
1.629138
1.629138
1.624076
1.624076
1.645157
1.645157
1.632205
1.632205
1.633644
1.633644
1.624641
1.624641
1.620374
1.620374
1.631972
1.631972
1.633241
1.633241
1.635315
1.635315
1.635937
1.635937
1.623853
1.623853
1.637815
1.637815
1.630138
1.630138
1.620814
1.620814
1.619555
1.619555
1.647209
1.647209
1.629783
1.629783
1.627278
1.627278
1.625411
1.625411
1.645821
1.645821
1.629205
1.629205
1.621508
1.621508
1.629044
1.629044
1.633444
1.633444
1.626637
1.626637
1.630817
1.630817
1.638446
1.638446
1.621184
1.621184
1.620267
1.620267
1.641642
1.641642
1.623185
1.623185
1.616475
1.616475
1.627530
1.627530
1.628952
1.628952
1.636683
1.636683
1.635769
1.635769
1.644528
1.644528
1.632178
1.632178
1.627183
1.627183
1.630923
1.630923
1.630798
1.630798
1.623640
1.623640
1.637158
1.637158
1.622923
1.622923
1.629813
1.629813
1.607784
1.607784
1.630761
1.630761
1.633078
1.633078
1.631485
1.631485
1.634132
1.634132
1.646127
1.646127
1.631426
1.631426
1.627070
1.627070
1.631022
1.631022
1.622378
1.622378
1.642268
1.642268
1.621241
1.621241
1.632362
1.632362
1.644709
1.644709
1.627537
1.627537
1.637858
1.637858
1.625952
1.625952
1.625323
1.625323
1.627028
1.627028
1.611166
1.611166
1.635329
1.635329
1.630408
1.630408
1.630177
1.630177
1.639632
1.639632
1.619606
1.619606
1.633048
1.633048
1.611751
1.611751
1.632294
1.632294
1.622057
1.622057
1.616950
1.616950
1.645375
1.645375
1.645457
1.645457
1.620083
1.620083
1.621361
1.621361
1.635158
1.635158
1.650077
1.650077
1.620828
1.620828
1.611519
1.611519
1.622993
1.622993
1.630064
1.630064
1.639862
1.639862
1.626256
1.626256
1.643891
1.643891
1.620685
1.620685
1.632313
1.632313
1.646924
1.646924
1.612556
1.612556
1.620842
1.620842
1.614803
1.614803
1.654732
1.654732
1.601426
1.601426
1.642456
1.642456
1.634287
1.634287
1.632146
1.632146
1.624606
1.624606
1.638089
1.638089
1.632277
1.632277
1.629959
1.629959
1.621794
1.621794
1.627229
1.627229
1.628116
1.628116
1.627856
1.627856
1.633080
1.633080
1.638699
1.638699
1.631012
1.631012
1.626966
1.626966
1.625454
1.625454
1.627900
1.627900
1.618610
1.618610
1.640284
1.640284
1.616530
1.616530
1.613507
1.613507
1.634429
1.634429
1.620573
1.620573
1.638666
1.638666
1.648294
1.648294
1.631617
1.631617
1.638401
1.638401
1.619552
1.619552
1.623905
1.623905
1.642502
1.642502
1.611026
1.611026
1.642895
1.642895
1.627231
1.627231
1.633470
1.633470
1.628402
1.628402
1.637925
1.637925
1.622650
1.622650
1.625686
1.625686
1.629945
1.629945
1.637550
1.637550
1.630896
1.630896
1.623627
1.623627
1.627157
1.627157
1.630465
1.630465
1.628091
1.628091
1.626258
1.626258
1.633446
1.633446
1.637179
1.637179
1.621579
1.621579
1.638975
1.638975
1.633291
1.633291
1.616088
1.616088
1.622873
1.622873
1.636846
1.636846
1.624369
1.624369
1.630840
1.630840
1.610615
1.610615
1.625449
1.625449
1.641405
1.641405
1.642027
1.642027
1.628728
1.628728
1.628582
1.628582
1.643319
1.643319
1.637348
1.637348
1.620615
1.620615
1.627798
1.627798
1.616733
1.616733
1.639928
1.639928
1.625115
1.625115
1.641453
1.641453
1.630551
1.630551
1.629977
1.629977
1.609357
1.609357
1.633353
1.633353
1.620007
1.620007
1.632143
1.632143
1.629976
1.629976
1.641056
1.641056
1.620631
1.620631
1.634176
1.634176
1.631037
1.631037
1.629197
1.629197
1.652302
1.652302
1.622624
1.622624
1.621048
1.621048
1.634904
1.634904
1.615337
1.615337
1.635064
1.635064
1.637554
1.637554
1.616545
1.616545
1.636650
1.636650
1.632297
1.632297
1.623262
1.623262
1.633162
1.633162
1.628384
1.628384
1.637285
1.637285
1.615005
1.615005
1.631422
1.631422
1.632632
1.632632
1.626272
1.626272
1.640848
1.640848
1.621881
1.621881
1.624289
1.624289
1.631504
1.631504
1.642776
1.642776
1.633112
1.633112
1.635735
1.635735
1.614463
1.614463
1.623288
1.623288
1.634183
1.634183
1.629406
1.629406
1.638865
1.638865
1.628049
1.628049
1.633383
1.633383
1.619109
1.619109
1.619745
1.619745
1.628886
1.628886
1.614724
1.614724
1.636388
1.636388
1.626753
1.626753
1.644507
1.644507
1.628983
1.628983
1.623075
1.623075
1.622327
1.622327
1.634824
1.634824
1.624887
1.624887
1.623920
1.623920
1.638875
1.638875
1.628862
1.628862
1.632215
1.632215
1.630001
1.630001
1.627288
1.627288
1.635005
1.635005
1.626499
1.626499
1.625073
1.625073
1.632566
1.632566
1.626592
1.626592
1.632210
1.632210
1.629525
1.629525
1.623147
1.623147
1.637758
1.637758
1.629602
1.629602
1.625110
1.625110
1.624640
1.624640
1.620082
1.620082
1.635789
1.635789
1.635619
1.635619
1.623121
1.623121
1.631125
1.631125
1.624020
1.624020
1.635828
1.635828
1.640562
1.640562
1.609233
1.609233
1.626800
1.626800
1.624638
1.624638
1.634708
1.634708
1.630991
1.630991
1.639228
1.639228
1.625898
1.625898
1.614397
1.614397
1.630049
1.630049
1.631770
1.631770
1.633518
1.633518
1.633148
1.633148
1.635969
1.635969
1.631871
1.631871
1.619842
1.619842
1.626798
1.626798
1.636129
1.636129
1.619079
1.619079
1.635147
1.635147
1.636074
1.636074
1.620386
1.620386
1.621944
1.621944
1.622141
1.622141
1.637461
1.637461
1.636969
1.636969
1.630058
1.630058
1.636196
1.636196
1.630877
1.630877
1.630748
1.630748
1.621525
1.621525
1.622090
1.622090
1.635677
1.635677
1.629427
1.629427
1.634442
1.634442
1.629500
1.629500
1.623508
1.623508
1.638791
1.638791
1.632048
1.632048
1.621069
1.621069
1.634479
1.634479
1.620328
1.620328
1.626591
1.626591
1.637518
1.637518
1.624935
1.624935
1.614704
1.614704
1.635843
1.635843
1.640102
1.640102
1.618931
1.618931
1.624799
1.624799
1.635125
1.635125
1.620333
1.620333
1.638976
1.638976
1.637227
1.637227
1.616857
1.616857
1.628556
1.628556
1.627123
1.627123
1.621944
1.621944
1.630152
1.630152
1.623006
1.623006
1.634688
1.634688
1.627673
1.627673
1.642852
1.642852
1.630691
1.630691
1.638198
1.638198
1.636760
1.636760
1.628142
1.628142
1.638970
1.638970
1.617010
1.617010
1.603581
1.603581
1.615404
1.615404
1.631327
1.631327
1.629555
1.629555
1.630364
1.630364
1.632324
1.632324
1.631991
1.631991
1.633835
1.633835
1.641426
1.641426
1.615291
1.615291
1.627014
1.627014
1.644295
1.644295
1.629795
1.629795
1.618778
1.618778
1.624954
1.624954
1.622533
1.622533
1.638636
1.638636
1.629218
1.629218
1.637960
1.637960
1.635171
1.635171
1.610543
1.610543
1.628193
1.628193
1.630390
1.630390
1.628498
1.628498
1.628613
1.628613
1.624692
1.624692
1.631370
1.631370
1.615432
1.615432
1.651084
1.651084
1.640184
1.640184
1.630058
1.630058
1.627960
1.627960
1.625549
1.625549
1.628716
1.628716
1.621102
1.621102
1.627298
1.627298
1.621965
1.621965
1.627083
1.627083
1.631058
1.631058
1.632095
1.632095
1.627362
1.627362
1.625946
1.625946
1.638937
1.638937
1.642897
1.642897
1.616825
1.616825
1.625749
1.625749
1.626160
1.626160
1.629467
1.629467
1.627937
1.627937
1.632556
1.632556
1.631019
1.631019
1.619956
1.619956
1.608100
1.608100
1.631146
1.631146
1.639843
1.639843
1.636327
1.636327
1.636500
1.636500
1.625859
1.625859
1.631760
1.631760
1.640604
1.640604
1.629323
1.629323
1.628062
1.628062
1.620993
1.620993
1.620469
1.620469
1.632937
1.632937
1.634169
1.634169
1.618618
1.618618
1.626039
1.626039
1.644793
1.644793
1.614572
1.614572
1.629585
1.629585
1.636758
1.636758
1.627543
1.627543
1.633301
1.633301
1.615256
1.615256
1.639020
1.639020
1.624051
1.624051
1.622656
1.622656
1.632713
1.632713
1.613096
1.613096
1.633829
1.633829
1.630673
1.630673
1.609697
1.609697
1.640112
1.640112
1.647823
1.647823
1.625786
1.625786
1.621596
1.621596
1.614545
1.614545
1.640241
1.640241
1.635906
1.635906
1.630437
1.630437
1.634079
1.634079
1.634289
1.634289
1.622089
1.622089
1.626692
1.626692
1.620409
1.620409
1.629339
1.629339
1.626245
1.626245
1.649407
1.649407
1.617703
1.617703
1.625551
1.625551
1.622356
1.622356
1.629187
1.629187
1.646495
1.646495
1.631195
1.631195
1.628311
1.628311
1.628816
1.628816
1.629035
1.629035
1.632937
1.632937
1.613590
1.613590
1.643597
1.643597
1.628864
1.628864
1.620926
1.620926
1.624062
1.624062
1.636177
1.636177
1.629972
1.629972
1.628899
1.628899
1.621205
1.621205
1.634332
1.634332
1.623659
1.623659
1.632929
1.632929
1.624943
1.624943
1.623376
1.623376
1.627818
1.627818
1.627990
1.627990
1.632969
1.632969
1.630019
1.630019
1.629024
1.629024
1.643871
1.643871
1.619608
1.619608
1.618152
1.618152
1.614228
1.614228
1.638448
1.638448
1.639459
1.639459
1.615077
1.615077
1.619755
1.619755
1.634990
1.634990
1.637383
1.637383
1.628719
1.628719
1.631879
1.631879
1.631568
1.631568
1.620695
1.620695
1.626011
1.626011
1.633801
1.633801
1.617174
1.617174
1.636440
1.636440
1.623934
1.623934
1.646740
1.646740
1.632722
1.632722
1.620046
1.620046
1.634490
1.634490
1.627056
1.627056
1.624897
1.624897
1.636945
1.636945
1.618323
1.618323
1.622693
1.622693
1.637511
1.637511
1.626474
1.626474
1.629083
1.629083
1.621967
1.621967
1.625619
1.625619
1.638949
1.638949
1.623794
1.623794
1.625866
1.625866
1.638185
1.638185
1.628116
1.628116
1.626325
1.626325
1.629578
1.629578
1.625438
1.625438
1.623189
1.623189
1.616706
1.616706
1.618526
1.618526
1.639049
1.639049
1.631714
1.631714
1.634549
1.634549
1.638260
1.638260
1.614585
1.614585
1.645685
1.645685
1.624040
1.624040
1.631466
1.631466
1.626652
1.626652
1.630974
1.630974
1.623535
1.623535
1.619795
1.619795
1.615646
1.615646
1.636851
1.636851
1.632247
1.632247
1.628386
1.628386
1.630550
1.630550
1.639372
1.639372
1.638774
1.638774
1.636272
1.636272
1.634853
1.634853
1.605972
1.605972
1.638849
1.638849
1.623313
1.623313
1.615627
1.615627
1.633394
1.633394
1.616144
1.616144
1.641499
1.641499
1.623355
1.623355
1.625841
1.625841
1.616260
1.616260
1.648695
1.648695
1.620670
1.620670
1.630580
1.630580
1.628459
1.628459
1.626871
1.626871
1.628283
1.628283
1.620551
1.620551
1.649241
1.649241
1.622293
1.622293
1.634713
1.634713
1.634240
1.634240
1.619613
1.619613
1.630345
1.630345
1.617422
1.617422
1.643649
1.643649
1.637425
1.637425
1.629756
1.629756
1.637456
1.637456
1.619336
1.619336
1.620773
1.620773
1.633549
1.633549
1.612883
1.612883
1.626325
1.626325
1.623860
1.623860
1.638695
1.638695
1.632877
1.632877
1.630419
1.630419
1.624922
1.624922
1.615150
1.615150
1.627929
1.627929
1.622534
1.622534
1.640594
1.640594
1.627542
1.627542
1.618774
1.618774
1.628915
1.628915
1.632335
1.632335
1.636594
1.636594
1.626357
1.626357
1.619242
1.619242
1.628789
1.628789
1.635635
1.635635
1.627997
1.627997
1.618913
1.618913
1.622360
1.622360
1.632115
1.632115
1.612182
1.612182
1.631306
1.631306
1.635004
1.635004
1.635703
1.635703
1.627150
1.627150
1.635746
1.635746
1.617626
1.617626
1.618879
1.618879
1.625701
1.625701
1.630535
1.630535
1.635301
1.635301
1.634280
1.634280
1.638847
1.638847
1.630584
1.630584
1.627818
1.627818
1.621082
1.621082
1.628278
1.628278
1.616335
1.616335
1.635219
1.635219
1.629803
1.629803
1.620628
1.620628
1.620156
1.620156
1.639493
1.639493
1.619310
1.619310
1.646412
1.646412
1.614629
1.614629
1.616703
1.616703
1.622247
1.622247
1.633245
1.633245
1.639622
1.639622
1.624394
1.624394
1.629462
1.629462
1.630898
1.630898
1.639835
1.639835
1.616225
1.616225
1.639681
1.639681
1.633165
1.633165
1.618162
1.618162
1.625055
1.625055
1.621248
1.621248
1.612666
1.612666
1.622557
1.622557
1.629812
1.629812
1.632370
1.632370
1.628200
1.628200
1.644596
1.644596
1.625336
1.625336
1.622695
1.622695
1.626134
1.626134
1.625959
1.625959
1.634913
1.634913
1.627517
1.627517
1.633885
1.633885
1.625044
1.625044
1.635266
1.635266
1.607809
1.607809
1.636385
1.636385
1.629450
1.629450
1.633605
1.633605
1.628818
1.628818
1.625398
1.625398
1.634007
1.634007
1.629697
1.629697
1.617444
1.617444
1.623538
1.623538
1.625926
1.625926
1.626746
1.626746
1.647686
1.647686
1.626595
1.626595
1.640540
1.640540
1.623008
1.623008
1.615839
1.615839
1.626537
1.626537
1.631924
1.631924
1.635947
1.635947
1.616083
1.616083
1.631436
1.631436
1.632488
1.632488
1.618519
1.618519
1.634338
1.634338
1.629334
1.629334
1.639245
1.639245
1.629774
1.629774
1.618010
1.618010
1.632954
1.632954
1.627427
1.627427
1.618695
1.618695
1.637673
1.637673
1.635816
1.635816
1.616449
1.616449
1.637403
1.637403
1.637179
1.637179
1.609249
1.609249
1.624768
1.624768
1.649582
1.649582
1.619342
1.619342
1.633489
1.633489
1.632624
1.632624
1.633112
1.633112
1.634144
1.634144
1.617553
1.617553
1.619674
1.619674
1.625018
1.625018
1.621098
1.621098
1.638277
1.638277
1.624138
1.624138
1.617002
1.617002
1.634223
1.634223
1.636904
1.636904
1.623136
1.623136
1.625714
1.625714
1.629223
1.629223
1.623157
1.623157
1.634496
1.634496
1.645330
1.645330
1.624566
1.624566
1.606431
1.606431
1.620488
1.620488
1.633122
1.633122
1.627262
1.627262
1.629194
1.629194
1.637289
1.637289
1.626035
1.626035
1.621224
1.621224
1.635187
1.635187
1.637630
1.637630
1.612287
1.612287
1.633594
1.633594
1.617031
1.617031
1.629304
1.629304
1.633651
1.633651
1.626338
1.626338
1.621111
1.621111
1.629435
1.629435
1.634104
1.634104
1.629068
1.629068
1.629876
1.629876
1.624432
1.624432
1.620957
1.620957
1.644265
1.644265
1.628501
1.628501
1.623561
1.623561
1.609806
1.609806
1.624959
1.624959
1.651689
1.651689
1.636844
1.636844
1.628340
1.628340
1.628381
1.628381
1.617851
1.617851
1.630588
1.630588
1.618201
1.618201
1.637854
1.637854
1.631858
1.631858
1.630655
1.630655
1.628387
1.628387
1.628681
1.628681
1.623187
1.623187
1.630820
1.630820
1.615398
1.615398
1.628854
1.628854
1.640564
1.640564
1.623776
1.623776
1.625537
1.625537
1.624418
1.624418
1.617918
1.617918
1.634714
1.634714
1.630085
1.630085
1.644608
1.644608
1.617135
1.617135
1.617835
1.617835
1.619747
1.619747
1.636941
1.636941
1.626860
1.626860
1.621851
1.621851
1.632348
1.632348
1.629138
1.629138
1.627760
1.627760
1.640693
1.640693
1.612138
1.612138
1.630964
1.630964
1.631861
1.631861
1.626092
1.626092
1.623861
1.623861
1.639396
1.639396
1.624411
1.624411
1.625191
1.625191
1.619927
1.619927
1.620675
1.620675
1.620705
1.620705
1.626609
1.626609
1.637666
1.637666
1.627459
1.627459
1.636075
1.636075
1.622480
1.622480
1.627348
1.627348
1.622959
1.622959
1.640055
1.640055
1.611851
1.611851
1.625702
1.625702
1.649522
1.649522
1.609527
1.609527
1.639224
1.639224
1.616355
1.616355
1.629185
1.629185
1.618286
1.618286
1.617655
1.617655
1.644238
1.644238
1.628495
1.628495
1.632182
1.632182
1.624795
1.624795
1.637243
1.637243
1.631652
1.631652
1.619160
1.619160
1.622221
1.622221
1.624626
1.624626
1.632939
1.632939
1.626904
1.626904
1.620020
1.620020
1.632042
1.632042
1.623471
1.623471
1.633480
1.633480
1.621685
1.621685
1.625432
1.625432
1.628806
1.628806
1.621542
1.621542
1.634651
1.634651
1.627960
1.627960
1.623769
1.623769
1.632267
1.632267
1.626946
1.626946
1.618150
1.618150
1.626717
1.626717
1.635829
1.635829
1.621440
1.621440
1.628674
1.628674
1.639452
1.639452
1.629353
1.629353
1.625807
1.625807
1.611898
1.611898
1.637818
1.637818
1.642378
1.642378
1.617798
1.617798
1.628452
1.628452
1.649225
1.649225
1.622145
1.622145
1.634592
1.634592
1.619764
1.619764
1.622195
1.622195
1.620853
1.620853
1.622824
1.622824
1.645180
1.645180
1.625405
1.625405
1.628706
1.628706
1.619970
1.619970
1.635749
1.635749
1.620082
1.620082
1.612879
1.612879
1.635732
1.635732
1.626260
1.626260
1.616838
1.616838
1.640696
1.640696
1.617642
1.617642
1.641411
1.641411
1.606816
1.606816
1.619090
1.619090
1.629471
1.629471
1.631820
1.631820
1.626388
1.626388
1.633359
1.633359
1.613211
1.613211
1.646008
1.646008
1.616074
1.616074
1.640919
1.640919
1.632639
1.632639
1.628839
1.628839
1.630223
1.630223
1.623933
1.623933
1.616167
1.616167
1.632211
1.632211
1.613511
1.613511
1.630808
1.630808
1.628061
1.628061
1.629596
1.629596
1.631412
1.631412
1.627867
1.627867
1.632342
1.632342
1.622770
1.622770
1.638359
1.638359
1.637600
1.637600
1.615216
1.615216
1.611319
1.611319
1.641033
1.641033
1.628360
1.628360
1.634816
1.634816
1.624152
1.624152
1.613276
1.613276
1.633026
1.633026
1.632921
1.632921
1.626294
1.626294
1.627474
1.627474
1.635940
1.635940
1.617862
1.617862
1.631348
1.631348
1.628578
1.628578
1.626224
1.626224
1.624614
1.624614
1.625291
1.625291
1.622718
1.622718
1.620315
1.620315
1.632992
1.632992
1.626895
1.626895
1.628870
1.628870
1.640877
1.640877
1.638317
1.638317
1.633752
1.633752
1.632302
1.632302
1.621156
1.621156
1.625811
1.625811
1.620136
1.620136
1.617630
1.617630
1.637989
1.637989
1.618591
1.618591
1.638629
1.638629
1.623504
1.623504
1.611568
1.611568
1.632281
1.632281
1.630996
1.630996
1.629645
1.629645
1.640230
1.640230
1.618054
1.618054
1.627289
1.627289
1.619907
1.619907
1.626824
1.626824
1.631124
1.631124
1.626878
1.626878
1.620553
1.620553
1.624099
1.624099
1.632346
1.632346
1.627587
1.627587
1.617318
1.617318
1.651242
1.651242
1.628279
1.628279
1.630951
1.630951
1.624032
1.624032
1.619159
1.619159
1.629087
1.629087
1.637148
1.637148
1.619109
1.619109
1.615469
1.615469
1.614211
1.614211
1.639703
1.639703
1.630587
1.630587
1.629562
1.629562
1.623395
1.623395
1.643550
1.643550
1.615187
1.615187
1.622655
1.622655
1.622703
1.622703
1.633917
1.633917
1.630199
1.630199
1.629593
1.629593
1.641433
1.641433
1.621418
1.621418
1.633893
1.633893
1.621936
1.621936
1.625586
1.625586
1.625284
1.625284
1.635749
1.635749
1.625944
1.625944
1.633885
1.633885
1.633051
1.633051
