2.2798
2.4652
2.0999
2.2274
2.3854
2.1333
2.5660
2.6794
2.2302
2.2953
2.4314
2.2312
2.2196
2.1687
2.4534
2.3171
2.2030
2.4478
2.3051
2.1939
2.5082
2.2825
2.4324
2.3158
2.3206
2.3774
2.1426
2.2200
1.9996
1.9869
2.4140
2.2730
2.2620
2.2941
2.0889
2.4070
2.3170
2.3713
2.4286
2.0361
2.3743
2.3997
2.2923
2.4229
2.3908
2.7456
2.2492
2.5652
2.2119
2.5153
2.3302
2.4081
2.6679
2.5582
2.5149
2.3474
2.4591
2.1812
2.2251
2.7429
2.2922
2.2018
2.5810
2.7045
2.6740
2.6837
2.6832
2.6929
2.5720
2.5277
2.5266
2.4529
2.5641
2.4271
2.9554
2.1692
2.1440
3.1730
2.5677
2.4792
3.5339
2.3367
2.4017
2.7270
2.4688
2.7015
3.1043
2.5693
2.8428
2.8576
2.6359
2.5397
2.4995
2.7491
3.0842
2.6141
2.4352
4.3570
2.2956
2.7023
