2.319578
2.319578
2.316541
2.316541
2.315223
2.315223
2.316692
2.316692
2.315406
2.315406
2.313402
2.313402
2.313562
2.313562
2.315812
2.315812
2.315512
2.315512
2.313077
2.313077
2.313304
2.313304
2.310705
2.310705
2.313722
2.313722
2.308179
2.308179
2.311267
2.311267
2.308764
2.308764
2.308589
2.308589
2.301351
2.301351
2.307974
2.307974
2.303608
2.303608
2.302912
2.302912
2.302737
2.302737
2.306144
2.306144
2.295466
2.295466
2.300424
2.300424
2.298692
2.298692
2.298064
2.298064
2.295743
2.295743
2.297681
2.297681
2.287090
2.287090
2.293317
2.293317
2.289654
2.289654
2.290131
2.290131
2.289767
2.289767
2.287095
2.287095
2.294297
2.294297
2.281981
2.281981
2.284768
2.284768
2.280155
2.280155
2.275567
2.275567
2.280772
2.280772
2.281183
2.281183
2.273311
2.273311
2.271166
2.271166
2.268001
2.268001
2.266211
2.266211
2.267988
2.267988
2.276331
2.276331
2.264408
2.264408
2.261525
2.261525
2.252191
2.252191
2.250463
2.250463
2.251018
2.251018
2.260621
2.260621
2.240235
2.240235
2.249047
2.249047
2.240858
2.240858
2.234505
2.234505
2.241232
2.241232
2.239568
2.239568
2.228336
2.228336
2.228062
2.228062
2.230888
2.230888
2.218651
2.218651
2.218060
2.218060
2.213113
2.213113
2.219167
2.219167
2.202190
2.202190
2.211166
2.211166
2.200849
2.200849
2.205234
2.205234
2.216110
2.216110
2.193260
2.193260
2.196592
2.196592
2.191594
2.191594
2.187329
2.187329
2.190422
2.190422
2.206992
2.206992
2.180491
2.180491
2.196721
2.196721
2.173028
2.173028
2.168857
2.168857
2.168078
2.168078
2.185463
2.185463
2.167784
2.167784
2.170260
2.170260
2.176381
2.176381
2.157540
2.157540
2.154274
2.154274
2.137716
2.137716
2.150371
2.150371
2.157323
2.157323
2.155500
2.155500
2.156527
2.156527
2.145705
2.145705
2.148668
2.148668
2.146688
2.146688
2.145117
2.145117
2.135840
2.135840
2.137340
2.137340
2.150354
2.150354
2.089331
2.089331
2.130067
2.130067
2.133258
2.133258
2.128644
2.128644
2.138144
2.138144
2.122629
2.122629
2.172024
2.172024
2.118256
2.118256
2.129669
2.129669
2.130738
2.130738
2.115206
2.115206
2.110283
2.110283
2.115497
2.115497
2.113483
2.113483
2.102925
2.102925
2.110643
2.110643
2.107433
2.107433
2.110812
2.110812
2.138431
2.138431
2.104992
2.104992
2.105766
2.105766
2.099238
2.099238
2.096386
2.096386
2.085567
2.085567
2.078022
2.078022
2.093542
2.093542
2.078768
2.078768
2.085915
2.085915
2.094826
2.094826
2.075445
2.075445
2.079563
2.079563
2.075057
2.075057
2.076045
2.076045
2.084722
2.084722
2.060431
2.060431
2.064660
2.064660
2.066351
2.066351
2.062377
2.062377
2.074315
2.074315
2.058302
2.058302
2.049081
2.049081
2.049575
2.049575
1.991798
1.991798
2.038719
2.038719
2.056456
2.056456
2.039071
2.039071
2.045254
2.045254
2.030317
2.030317
2.007150
2.007150
2.037199
2.037199
2.024656
2.024656
2.027778
2.027778
2.014874
2.014874
2.013309
2.013309
2.039693
2.039693
2.005572
2.005572
2.003562
2.003562
2.010629
2.010629
2.010316
2.010316
1.995270
1.995270
2.001052
2.001052
1.988631
1.988631
1.988603
1.988603
1.978963
1.978963
1.987348
1.987348
1.983159
1.983159
1.969166
1.969166
1.965260
1.965260
1.967941
1.967941
1.961048
1.961048
1.967358
1.967358
1.959706
1.959706
1.958596
1.958596
1.949030
1.949030
1.956063
1.956063
1.940364
1.940364
1.942028
1.942028
1.927848
1.927848
1.928597
1.928597
1.927876
1.927876
1.932081
1.932081
1.920268
1.920268
1.921468
1.921468
1.907483
1.907483
1.912645
1.912645
1.908821
1.908821
1.909840
1.909840
1.902314
1.902314
1.891190
1.891190
1.893530
1.893530
1.920155
1.920155
1.895479
1.895479
1.886582
1.886582
1.880205
1.880205
1.872510
1.872510
1.876578
1.876578
1.898113
1.898113
1.875839
1.875839
1.862393
1.862393
1.849380
1.849380
1.868917
1.868917
1.870430
1.870430
1.860533
1.860533
1.851305
1.851305
1.841122
1.841122
1.844142
1.844142
1.860482
1.860482
1.852469
1.852469
1.849365
1.849365
1.841346
1.841346
1.826065
1.826065
1.840179
1.840179
1.840083
1.840083
1.830669
1.830669
1.853060
1.853060
1.820494
1.820494
1.830207
1.830207
1.830651
1.830651
1.823470
1.823470
1.812739
1.812739
1.840964
1.840964
1.822498
1.822498
1.815463
1.815463
1.808451
1.808451
1.812582
1.812582
1.806939
1.806939
1.815240
1.815240
1.804351
1.804351
1.806003
1.806003
1.803356
1.803356
1.798925
1.798925
1.803870
1.803870
1.827257
1.827257
1.802016
1.802016
1.787534
1.787534
1.793918
1.793918
1.796960
1.796960
1.794076
1.794076
1.809966
1.809966
1.789022
1.789022
1.794390
1.794390
1.788944
1.788944
1.790209
1.790209
1.772759
1.772759
1.802486
1.802486
1.787319
1.787319
1.760023
1.760023
1.786087
1.786087
1.785657
1.785657
1.778726
1.778726
1.815052
1.815052
1.789147
1.789147
1.773386
1.773386
1.764962
1.764962
1.777715
1.777715
1.764564
1.764564
1.762258
1.762258
1.775673
1.775673
1.773661
1.773661
1.759592
1.759592
1.758551
1.758551
1.773435
1.773435
1.743516
1.743516
1.758709
1.758709
1.757701
1.757701
1.764729
1.764729
1.776653
1.776653
1.751729
1.751729
1.772004
1.772004
1.745877
1.745877
1.756142
1.756142
1.752798
1.752798
1.778524
1.778524
1.751043
1.751043
1.754378
1.754378
1.758864
1.758864
1.740559
1.740559
1.754712
1.754712
1.750554
1.750554
1.754351
1.754351
1.754281
1.754281
1.747016
1.747016
1.735756
1.735756
1.752298
1.752298
1.747238
1.747238
1.752286
1.752286
1.761054
1.761054
1.746897
1.746897
1.736851
1.736851
1.753718
1.753718
1.729329
1.729329
1.752443
1.752443
1.698702
1.698702
1.738695
1.738695
1.738294
1.738294
1.742825
1.742825
1.744063
1.744063
1.727187
1.727187
1.777001
1.777001
1.737556
1.737556
1.735300
1.735300
1.743402
1.743402
1.740695
1.740695
1.724869
1.724869
1.677299
1.677299
1.731575
1.731575
1.745462
1.745462
1.721635
1.721635
1.723115
1.723115
1.735499
1.735499
1.736546
1.736546
1.726795
1.726795
1.736498
1.736498
1.727441
1.727441
1.727956
1.727956
1.722433
1.722433
1.722334
1.722334
1.727014
1.727014
1.721674
1.721674
1.740741
1.740741
1.714505
1.714505
1.721072
1.721072
1.716989
1.716989
1.726032
1.726032
1.731565
1.731565
1.711721
1.711721
1.725265
1.725265
1.714895
1.714895
1.714365
1.714365
1.708889
1.708889
1.730333
1.730333
1.725243
1.725243
1.718990
1.718990
1.713454
1.713454
1.686669
1.686669
1.717774
1.717774
1.711274
1.711274
1.720111
1.720111
1.717131
1.717131
1.715002
1.715002
1.693043
1.693043
1.715477
1.715477
1.720825
1.720825
1.710253
1.710253
1.712049
1.712049
1.704639
1.704639
1.730054
1.730054
1.704336
1.704336
1.719693
1.719693
1.700001
1.700001
1.709624
1.709624
1.716221
1.716221
1.730108
1.730108
1.710162
1.710162
1.702579
1.702579
1.711191
1.711191
1.712571
1.712571
1.705528
1.705528
1.678814
1.678814
1.713917
1.713917
1.702370
1.702370
1.693789
1.693789
1.704138
1.704138
1.712003
1.712003
1.714236
1.714236
1.704215
1.704215
1.707196
1.707196
1.690766
1.690766
1.705298
1.705298
1.706859
1.706859
1.713552
1.713552
1.704264
1.704264
1.703434
1.703434
1.697174
1.697174
1.705456
1.705456
1.694549
1.694549
1.691049
1.691049
1.694357
1.694357
1.689962
1.689962
1.702942
1.702942
1.710362
1.710362
1.696612
1.696612
1.685471
1.685471
1.688012
1.688012
1.692582
1.692582
1.704026
1.704026
1.694216
1.694216
1.702343
1.702343
1.709785
1.709785
1.691849
1.691849
1.695383
1.695383
1.698305
1.698305
1.695902
1.695902
1.689068
1.689068
1.706736
1.706736
1.696522
1.696522
1.694122
1.694122
1.691495
1.691495
1.690933
1.690933
1.691558
1.691558
1.661226
1.661226
1.684934
1.684934
1.696916
1.696916
1.699452
1.699452
1.703648
1.703648
1.667673
1.667673
1.681514
1.681514
1.691075
1.691075
1.695261
1.695261
1.686208
1.686208
1.681223
1.681223
1.690380
1.690380
1.666396
1.666396
1.685873
1.685873
1.706594
1.706594
1.675241
1.675241
1.675630
1.675630
1.689928
1.689928
1.679290
1.679290
1.694268
1.694268
1.672721
1.672721
1.675031
1.675031
1.699244
1.699244
1.685763
1.685763
1.648358
1.648358
1.681306
1.681306
1.680561
1.680561
1.674679
1.674679
1.690767
1.690767
1.689221
1.689221
1.661736
1.661736
1.686525
1.686525
1.678875
1.678875
1.660249
1.660249
1.692771
1.692771
1.688607
1.688607
1.667862
1.667862
1.692703
1.692703
1.666296
1.666296
1.680833
1.680833
1.684894
1.684894
1.676178
1.676178
1.644773
1.644773
1.680085
1.680085
1.681755
1.681755
1.669861
1.669861
1.683528
1.683528
1.669953
1.669953
1.721430
1.721430
1.689119
1.689119
1.665539
1.665539
1.669423
1.669423
1.682019
1.682019
1.676692
1.676692
1.665912
1.665912
1.675370
1.675370
1.666236
1.666236
1.677484
1.677484
1.685961
1.685961
1.669462
1.669462
1.671582
1.671582
1.679700
1.679700
1.681069
1.681069
1.662163
1.662163
1.676548
1.676548
1.666195
1.666195
1.685180
1.685180
1.667753
1.667753
1.675159
1.675159
1.669160
1.669160
1.675340
1.675340
1.675556
1.675556
1.641793
1.641793
1.669625
1.669625
1.677740
1.677740
1.665738
1.665738
1.671646
1.671646
1.669670
1.669670
1.661922
1.661922
1.664714
1.664714
1.657760
1.657760
1.681053
1.681053
1.673340
1.673340
1.669036
1.669036
1.680093
1.680093
1.674573
1.674573
1.674248
1.674248
1.674016
1.674016
1.661686
1.661686
1.652543
1.652543
1.705837
1.705837
1.663274
1.663274
1.672990
1.672990
1.667629
1.667629
1.667403
1.667403
1.662595
1.662595
1.673675
1.673675
1.664558
1.664558
1.674010
1.674010
1.678170
1.678170
1.664860
1.664860
1.645781
1.645781
1.673037
1.673037
1.669517
1.669517
1.661052
1.661052
1.663943
1.663943
1.666393
1.666393
1.660254
1.660254
1.670806
1.670806
1.678328
1.678328
1.673326
1.673326
1.656310
1.656310
1.644208
1.644208
1.659015
1.659015
1.708461
1.708461
1.672505
1.672505
1.653360
1.653360
1.654484
1.654484
1.671549
1.671549
1.660114
1.660114
1.642753
1.642753
1.658499
1.658499
1.662281
1.662281
1.667897
1.667897
1.668513
1.668513
1.646748
1.646748
1.664916
1.664916
1.662323
1.662323
1.657029
1.657029
1.647888
1.647888
1.668497
1.668497
1.665764
1.665764
1.630648
1.630648
1.653159
1.653159
1.661982
1.661982
1.663001
1.663001
1.657662
1.657662
1.659000
1.659000
1.640220
1.640220
1.665502
1.665502
1.648842
1.648842
1.655477
1.655477
1.660815
1.660815
1.652234
1.652234
1.701115
1.701115
1.672094
1.672094
1.661345
1.661345
1.651245
1.651245
1.640100
1.640100
1.656843
1.656843
1.658473
1.658473
1.650484
1.650484
1.654727
1.654727
1.661214
1.661214
1.657209
1.657209
1.654749
1.654749
1.639329
1.639329
1.655264
1.655264
1.652934
1.652934
1.654248
1.654248
1.658985
1.658985
1.649570
1.649570
1.664063
1.664063
1.641062
1.641062
1.648282
1.648282
1.683453
1.683453
1.655035
1.655035
1.641886
1.641886
1.628614
1.628614
1.644043
1.644043
1.655031
1.655031
1.657847
1.657847
1.659277
1.659277
1.646927
1.646927
1.646819
1.646819
1.644635
1.644635
1.655263
1.655263
1.658745
1.658745
1.653263
1.653263
1.647371
1.647371
1.640020
1.640020
1.649401
1.649401
1.652220
1.652220
1.650083
1.650083
1.656876
1.656876
1.644652
1.644652
1.658116
1.658116
1.643000
1.643000
1.642106
1.642106
1.654992
1.654992
1.651316
1.651316
1.656617
1.656617
1.667215
1.667215
1.647936
1.647936
1.632669
1.632669
1.645462
1.645462
1.655102
1.655102
1.665709
1.665709
1.633645
1.633645
1.639331
1.639331
1.644902
1.644902
1.649612
1.649612
1.650012
1.650012
1.655769
1.655769
1.661463
1.661463
1.643708
1.643708
1.645955
1.645955
1.650492
1.650492
1.644454
1.644454
1.652359
1.652359
1.641269
1.641269
1.648314
1.648314
1.653745
1.653745
1.642899
1.642899
1.644737
1.644737
1.642079
1.642079
1.647012
1.647012
1.645848
1.645848
1.651613
1.651613
1.656790
1.656790
1.637944
1.637944
1.634187
1.634187
1.657390
1.657390
1.643147
1.643147
1.652115
1.652115
1.631082
1.631082
1.636770
1.636770
1.656376
1.656376
1.682716
1.682716
1.633880
1.633880
1.639809
1.639809
1.649754
1.649754
1.648686
1.648686
1.647958
1.647958
1.635147
1.635147
1.646275
1.646275
1.640680
1.640680
1.637357
1.637357
1.639230
1.639230
1.650751
1.650751
1.652297
1.652297
1.649506
1.649506
1.641451
1.641451
1.650803
1.650803
1.636021
1.636021
1.636941
1.636941
1.609630
1.609630
1.631875
1.631875
1.637040
1.637040
1.656762
1.656762
1.637869
1.637869
1.643539
1.643539
1.647949
1.647949
1.631474
1.631474
1.647123
1.647123
1.638129
1.638129
1.647482
1.647482
1.639112
1.639112
1.649334
1.649334
1.642583
1.642583
1.630608
1.630608
1.642409
1.642409
1.640628
1.640628
1.643381
1.643381
1.648867
1.648867
1.643477
1.643477
1.631163
1.631163
1.641028
1.641028
1.637431
1.637431
1.640790
1.640790
1.665247
1.665247
1.646503
1.646503
1.639871
1.639871
1.633675
1.633675
1.635885
1.635885
1.638875
1.638875
1.615090
1.615090
1.630493
1.630493
1.642898
1.642898
1.632305
1.632305
1.629027
1.629027
1.651619
1.651619
1.661445
1.661445
1.640435
1.640435
1.628909
1.628909
1.636244
1.636244
1.644640
1.644640
1.634645
1.634645
1.641647
1.641647
1.635700
1.635700
1.632027
1.632027
1.640290
1.640290
1.634491
1.634491
1.640020
1.640020
1.631186
1.631186
1.638432
1.638432
1.626161
1.626161
1.644069
1.644069
1.636171
1.636171
1.637700
1.637700
1.598940
1.598940
1.640405
1.640405
1.643763
1.643763
1.629748
1.629748
1.634362
1.634362
1.625262
1.625262
1.657890
1.657890
1.637504
1.637504
1.626336
1.626336
1.622680
1.622680
1.648836
1.648836
1.636635
1.636635
1.644683
1.644683
1.633636
1.633636
1.632996
1.632996
1.638616
1.638616
1.635210
1.635210
1.632995
1.632995
1.601292
1.601292
1.627848
1.627848
1.639286
1.639286
1.641269
1.641269
1.628565
1.628565
1.631792
1.631792
1.614712
1.614712
1.638703
1.638703
1.620825
1.620825
1.647185
1.647185
1.641026
1.641026
1.617808
1.617808
1.613053
1.613053
1.638355
1.638355
1.628223
1.628223
1.622522
1.622522
1.639704
1.639704
1.627633
1.627633
1.669360
1.669360
1.629991
1.629991
1.623624
1.623624
1.627842
1.627842
1.631537
1.631537
1.643156
1.643156
1.636253
1.636253
1.632036
1.632036
1.630041
1.630041
1.633299
1.633299
1.635659
1.635659
1.618522
1.618522
1.670225
1.670225
1.639355
1.639355
1.629762
1.629762
1.625039
1.625039
1.627092
1.627092
1.629723
1.629723
1.624512
1.624512
1.631413
1.631413
1.627872
1.627872
1.625702
1.625702
1.630747
1.630747
1.636980
1.636980
1.576170
1.576170
1.630407
1.630407
1.626952
1.626952
1.631310
1.631310
1.626091
1.626091
1.627039
1.627039
1.653834
1.653834
1.623712
1.623712
1.640383
1.640383
1.630688
1.630688
1.630078
1.630078
1.615227
1.615227
1.641198
1.641198
1.632086
1.632086
1.625961
1.625961
1.632150
1.632150
1.615669
1.615669
1.633679
1.633679
1.617164
1.617164
1.635688
1.635688
1.628055
1.628055
1.628103
1.628103
1.620707
1.620707
1.623455
1.623455
1.624138
1.624138
1.624282
1.624282
1.616514
1.616514
1.616620
1.616620
1.636898
1.636898
1.638550
1.638550
1.628257
1.628257
1.620056
1.620056
1.631285
1.631285
1.630567
1.630567
1.622493
1.622493
1.628046
1.628046
1.607086
1.607086
1.616310
1.616310
1.631150
1.631150
1.634381
1.634381
1.617603
1.617603
1.626868
1.626868
1.644435
1.644435
1.623821
1.623821
1.629938
1.629938
1.616202
1.616202
1.627800
1.627800
1.625539
1.625539
1.649796
1.649796
1.625787
1.625787
1.633911
1.633911
1.620753
1.620753
1.623690
1.623690
1.620379
1.620379
1.613607
1.613607
1.636236
1.636236
1.608194
1.608194
1.634035
1.634035
1.619457
1.619457
1.625684
1.625684
1.599418
1.599418
1.623133
1.623133
1.634178
1.634178
1.618165
1.618165
1.621958
1.621958
1.622827
1.622827
1.611137
1.611137
1.628743
1.628743
1.609235
1.609235
1.632641
1.632641
1.627772
1.627772
1.620446
1.620446
1.606295
1.606295
1.606907
1.606907
1.621135
1.621135
1.632185
1.632185
1.624780
1.624780
1.632648
1.632648
1.598355
1.598355
1.630724
1.630724
1.614686
1.614686
1.621916
1.621916
1.627168
1.627168
1.619693
1.619693
1.613030
1.613030
1.631165
1.631165
1.608650
1.608650
1.622948
1.622948
1.630039
1.630039
1.621042
1.621042
1.595374
1.595374
1.624075
1.624075
1.615812
1.615812
1.625624
1.625624
1.621778
1.621778
1.621877
1.621877
1.619079
1.619079
1.614883
1.614883
1.616886
1.616886
1.625337
1.625337
1.630227
1.630227
1.616426
1.616426
1.652743
1.652743
1.618392
1.618392
1.627341
1.627341
1.624551
1.624551
1.618835
1.618835
1.616207
1.616207
1.616202
1.616202
1.609895
1.609895
1.634236
1.634236
1.612714
1.612714
1.629881
1.629881
1.614032
1.614032
1.640165
1.640165
1.628520
1.628520
1.614174
1.614174
1.624946
1.624946
1.604635
1.604635
1.627446
1.627446
1.628825
1.628825
1.617908
1.617908
1.606453
1.606453
1.612087
1.612087
1.636319
1.636319
1.624219
1.624219
1.630985
1.630985
1.622412
1.622412
1.621237
1.621237
1.617319
1.617319
1.617451
1.617451
1.614224
1.614224
1.647926
1.647926
1.622105
1.622105
1.619385
1.619385
1.607763
1.607763
1.623890
1.623890
1.622102
1.622102
1.597450
1.597450
1.617146
1.617146
1.616011
1.616011
1.619300
1.619300
1.610876
1.610876
1.624252
1.624252
1.650785
1.650785
1.616545
1.616545
1.622940
1.622940
1.625885
1.625885
1.624854
1.624854
1.602229
1.602229
1.581023
1.581023
1.620396
1.620396
1.622723
1.622723
1.615392
1.615392
1.612228
1.612228
1.617097
1.617097
1.607220
1.607220
1.620637
1.620637
1.608411
1.608411
1.621014
1.621014
1.611842
1.611842
1.617794
1.617794
1.668839
1.668839
1.624818
1.624818
1.599895
1.599895
1.616897
1.616897
1.616760
1.616760
1.620786
1.620786
1.656624
1.656624
1.610983
1.610983
1.609241
1.609241
1.620291
1.620291
1.615531
1.615531
1.623211
1.623211
1.639207
1.639207
1.616188
1.616188
1.611549
1.611549
1.607607
1.607607
1.629143
1.629143
1.615713
1.615713
1.613171
1.613171
1.614354
1.614354
1.610068
1.610068
1.622708
1.622708
1.620126
1.620126
1.614485
1.614485
1.579952
1.579952
1.633111
1.633111
1.609770
1.609770
1.598745
1.598745
1.619264
1.619264
1.615857
1.615857
1.609411
1.609411
1.625310
1.625310
1.600181
1.600181
1.608954
1.608954
1.629072
1.629072
1.610289
1.610289
1.616640
1.616640
1.607687
1.607687
1.615510
1.615510
1.621669
1.621669
1.609514
1.609514
1.617592
1.617592
1.612007
1.612007
1.621796
1.621796
1.600332
1.600332
1.618129
1.618129
1.620801
1.620801
1.607336
1.607336
1.627557
1.627557
1.614374
1.614374
1.601610
1.601610
1.620371
1.620371
1.610095
1.610095
1.622128
1.622128
1.605974
1.605974
1.619437
1.619437
1.615852
1.615852
1.609528
1.609528
1.604086
1.604086
1.617492
1.617492
1.607725
1.607725
1.611482
1.611482
1.617305
1.617305
1.605824
1.605824
1.618527
1.618527
1.611384
1.611384
1.607085
1.607085
1.622661
1.622661
1.610501
1.610501
1.609563
1.609563
1.621896
1.621896
1.597524
1.597524
1.611554
1.611554
1.617204
1.617204
1.612881
1.612881
1.611727
1.611727
1.611289
1.611289
1.609176
1.609176
1.591095
1.591095
1.608636
1.608636
1.612966
1.612966
1.613896
1.613896
1.614908
1.614908
1.609714
1.609714
1.594116
1.594116
1.608227
1.608227
1.620151
1.620151
1.611076
1.611076
1.608898
1.608898
1.611610
1.611610
1.579866
1.579866
1.608563
1.608563
1.618519
1.618519
1.607862
1.607862
1.611241
1.611241
1.608225
1.608225
1.618441
1.618441
1.610279
1.610279
1.618191
1.618191
1.608897
1.608897
1.604245
1.604245
1.614691
1.614691
1.580067
1.580067
1.615437
1.615437
1.615419
1.615419
1.595274
1.595274
1.615158
1.615158
1.610343
1.610343
1.608221
1.608221
1.624370
1.624370
1.592118
1.592118
1.607771
1.607771
1.610899
1.610899
1.615486
1.615486
1.600642
1.600642
1.599408
1.599408
1.609870
1.609870
1.616602
1.616602
1.605000
1.605000
1.620078
1.620078
1.580455
1.580455
1.606332
1.606332
1.616504
1.616504
1.607926
1.607926
1.608582
1.608582
1.608860
1.608860
1.591727
1.591727
1.610918
1.610918
1.589627
1.589627
1.613555
1.613555
1.622942
1.622942
1.607141
1.607141
1.617579
1.617579
1.607545
1.607545
1.619118
1.619118
1.613602
1.613602
1.591237
1.591237
1.612402
1.612402
1.607230
1.607230
1.612192
1.612192
1.607945
1.607945
1.625635
1.625635
1.606818
1.606818
1.593487
1.593487
1.571904
1.571904
1.611650
1.611650
1.603955
1.603955
1.623644
1.623644
1.604051
1.604051
1.599901
1.599901
1.588481
1.588481
1.608120
1.608120
1.607955
1.607955
1.615729
1.615729
1.603391
1.603391
1.603108
1.603108
1.624396
1.624396
1.604535
1.604535
1.606229
1.606229
1.615702
1.615702
1.618860
1.618860
1.593344
1.593344
1.606518
1.606518
1.601269
1.601269
1.611391
1.611391
1.601855
1.601855
1.613785
1.613785
1.608549
1.608549
1.610541
1.610541
1.593424
1.593424
1.617453
1.617453
1.600932
1.600932
1.610537
1.610537
1.614112
1.614112
1.603071
1.603071
1.621079
1.621079
1.600714
1.600714
1.601301
1.601301
1.604906
1.604906
1.611292
1.611292
1.563302
1.563302
1.604832
1.604832
1.604356
1.604356
1.607150
1.607150
1.612012
1.612012
1.607417
1.607417
1.585807
1.585807
1.606139
1.606139
1.600763
1.600763
1.621135
1.621135
1.610912
1.610912
1.594077
1.594077
1.599853
1.599853
1.603093
1.603093
1.602983
1.602983
1.604300
1.604300
1.610619
1.610619
1.608671
1.608671
1.617733
1.617733
1.612237
1.612237
1.604038
1.604038
1.601457
1.601457
1.592831
1.592831
1.615268
1.615268
1.640346
1.640346
1.603347
1.603347
1.603187
1.603187
1.611879
1.611879
1.601360
1.601360
1.601993
1.601993
1.666071
1.666071
1.591501
1.591501
1.599176
1.599176
1.595910
1.595910
1.620843
1.620843
1.614768
1.614768
1.647650
1.647650
1.610401
1.610401
1.594442
1.594442
1.597440
1.597440
1.610611
1.610611
1.609677
1.609677
1.631111
1.631111
1.601089
1.601089
1.603511
1.603511
1.605087
1.605087
1.604297
1.604297
1.607995
1.607995
1.625170
1.625170
1.603470
1.603470
1.606616
1.606616
1.609628
1.609628
1.596593
1.596593
1.609090
1.609090
1.579899
1.579899
1.600466
1.600466
1.611253
1.611253
1.604280
1.604280
1.609073
1.609073
1.592868
1.592868
1.643395
1.643395
1.602433
1.602433
1.604232
1.604232
1.598497
1.598497
1.614776
1.614776
1.603783
1.603783
1.575530
1.575530
1.602123
1.602123
1.608520
1.608520
1.607107
1.607107
1.603063
1.603063
1.603032
1.603032
1.563747
1.563747
1.608296
1.608296
1.599656
1.599656
1.604610
1.604610
1.603534
1.603534
1.600941
1.600941
1.620214
1.620214
1.590248
1.590248
1.607666
1.607666
1.592920
1.592920
1.603082
1.603082
1.619732
1.619732
1.640993
1.640993
1.587781
1.587781
1.603973
1.603973
1.610170
1.610170
1.607683
1.607683
1.603107
1.603107
1.636711
1.636711
1.600483
1.600483
1.595307
1.595307
1.611897
1.611897
1.604782
1.604782
1.601228
1.601228
1.614104
1.614104
1.597796
1.597796
1.612999
1.612999
1.595536
1.595536
1.607637
1.607637
1.597014
1.597014
1.628842
1.628842
1.602163
1.602163
1.595880
1.595880
1.613267
1.613267
1.597862
1.597862
1.603295
1.603295
1.600419
1.600419
1.604663
1.604663
1.613333
1.613333
1.597869
1.597869
1.601358
1.601358
1.593304
1.593304
1.606963
1.606963
1.597652
1.597652
1.607603
1.607603
1.598364
1.598364
1.584681
1.584681
1.619933
1.619933
1.619269
1.619269
1.604740
1.604740
1.602544
1.602544
1.600548
1.600548
1.593839
1.593839
1.604874
1.604874
1.624684
1.624684
1.605392
1.605392
1.596372
1.596372
1.603555
1.603555
1.594778
1.594778
1.605490
1.605490
1.622791
1.622791
1.601837
1.601837
1.596330
1.596330
1.610876
1.610876
1.593871
1.593871
1.604405
1.604405
1.595882
1.595882
1.601355
1.601355
1.594280
1.594280
1.595626
1.595626
1.607736
1.607736
1.605495
1.605495
1.614141
1.614141
1.594459
1.594459
1.595525
1.595525
1.592237
1.592237
1.600346
1.600346
1.623212
1.623212
1.590437
1.590437
1.608384
1.608384
1.591285
1.591285
1.594055
1.594055
1.604791
1.604791
1.605391
1.605391
1.598075
1.598075
1.589119
1.589119
1.601843
1.601843
1.593309
1.593309
1.611467
1.611467
1.604372
1.604372
1.625973
1.625973
1.603697
1.603697
1.605653
1.605653
1.603955
1.603955
1.594900
1.594900
1.597671
1.597671
1.557762
1.557762
1.607999
1.607999
1.597864
1.597864
1.601162
1.601162
1.588452
1.588452
1.606365
1.606365
1.587168
1.587168
1.601387
1.601387
1.597277
1.597277
1.605790
1.605790
1.599639
1.599639
1.593648
1.593648
1.616066
1.616066
1.607571
1.607571
1.591314
1.591314
1.600064
1.600064
1.595074
1.595074
1.601052
1.601052
1.629690
1.629690
1.594668
1.594668
1.596074
1.596074
1.596086
1.596086
1.607256
1.607256
1.601422
1.601422
1.613521
1.613521
1.593852
1.593852
1.604151
1.604151
1.586543
1.586543
1.602088
1.602088
1.610237
1.610237
1.586921
1.586921
1.589762
1.589762
1.592678
1.592678
1.615423
1.615423
1.583577
1.583577
1.612375
1.612375
1.604224
1.604224
1.599298
1.599298
1.598666
1.598666
1.601638
1.601638
1.601379
1.601379
1.593244
1.593244
1.585738
1.585738
1.591081
1.591081
1.584277
1.584277
1.598378
1.598378
1.608531
1.608531
1.607283
1.607283
1.618087
1.618087
1.603310
1.603310
1.588029
1.588029
1.594989
1.594989
1.596315
1.596315
1.606836
1.606836
1.605870
1.605870
1.598598
1.598598
1.600933
1.600933
1.596477
1.596477
1.601296
1.601296
1.589491
1.589491
1.619581
1.619581
1.603773
1.603773
1.590500
1.590500
1.604751
1.604751
1.596932
1.596932
1.595597
1.595597
1.560490
1.560490
1.598879
1.598879
1.607704
1.607704
1.603904
1.603904
1.595754
1.595754
1.579967
1.579967
1.602265
1.602265
1.604840
1.604840
1.601756
1.601756
1.586336
1.586336
1.594255
1.594255
1.596977
1.596977
1.612099
1.612099
1.591706
1.591706
1.597215
1.597215
1.614625
1.614625
1.600113
1.600113
1.583476
1.583476
1.571998
1.571998
1.598328
1.598328
1.596537
1.596537
1.598889
1.598889
1.591348
1.591348
1.600085
1.600085
1.582850
1.582850
1.594726
1.594726
1.585847
1.585847
1.601247
1.601247
1.605379
1.605379
1.596721
1.596721
1.587035
1.587035
1.595897
1.595897
1.591391
1.591391
1.601026
1.601026
1.597710
1.597710
1.597948
1.597948
1.577387
1.577387
1.599878
1.599878
1.602257
1.602257
1.597241
1.597241
1.593124
1.593124
1.590727
1.590727
1.575755
1.575755
1.602681
1.602681
1.587504
1.587504
1.591533
1.591533
1.591727
1.591727
1.606316
1.606316
1.599666
1.599666
1.600703
1.600703
1.584926
1.584926
1.593965
1.593965
1.612956
1.612956
1.585596
1.585596
1.604978
1.604978
1.607561
1.607561
1.601719
1.601719
1.587423
1.587423
1.600176
1.600176
1.580504
1.580504
1.603017
1.603017
1.593594
1.593594
1.597358
1.597358
1.593575
1.593575
1.578101
1.578101
1.614257
1.614257
1.597043
1.597043
1.601712
1.601712
1.599606
1.599606
1.598976
1.598976
1.582005
1.582005
1.594009
1.594009
1.591352
1.591352
1.588908
1.588908
1.595943
1.595943
1.601660
1.601660
1.594566
1.594566
1.593635
1.593635
1.597831
1.597831
1.594142
1.594142
1.595568
1.595568
1.588235
1.588235
1.604288
1.604288
1.591509
1.591509
1.600081
1.600081
1.581650
1.581650
1.601098
1.601098
1.610792
1.610792
1.587296
1.587296
1.594641
1.594641
1.577039
1.577039
1.595445
1.595445
1.604034
1.604034
1.592580
1.592580
1.583411
1.583411
1.596061
1.596061
1.610078
1.610078
1.581597
1.581597
1.595322
1.595322
1.600027
1.600027
1.606332
1.606332
1.592418
1.592418
1.559062
1.559062
1.587816
1.587816
1.591221
1.591221
1.602118
1.602118
1.603319
1.603319
1.585960
1.585960
1.602418
1.602418
1.608255
1.608255
1.595382
1.595382
1.587486
1.587486
1.596292
1.596292
1.584522
1.584522
1.576090
1.576090
1.596860
1.596860
1.597396
1.597396
1.596024
1.596024
1.591032
1.591032
1.592140
1.592140
1.548609
1.548609
1.589060
1.589060
1.604577
1.604577
1.600010
1.600010
1.584673
1.584673
1.591737
1.591737
1.571573
1.571573
1.597753
1.597753
1.589481
1.589481
1.596360
1.596360
1.590479
1.590479
1.593828
1.593828
1.583918
1.583918
1.590066
1.590066
1.603536
1.603536
1.588116
1.588116
1.589538
1.589538
1.597674
1.597674
1.566586
1.566586
1.599576
1.599576
1.594293
1.594293
1.594211
1.594211
1.586233
1.586233
1.593101
1.593101
1.575044
1.575044
1.585218
1.585218
1.609280
1.609280
1.588436
1.588436
1.595281
1.595281
1.587157
1.587157
1.587780
1.587780
1.600937
1.600937
1.587886
1.587886
1.587412
1.587412
1.598844
1.598844
1.588063
1.588063
1.601324
1.601324
1.589303
1.589303
1.595094
1.595094
1.596904
1.596904
1.597563
1.597563
1.585109
1.585109
1.583225
1.583225
1.593267
1.593267
1.596226
1.596226
1.590290
1.590290
1.602540
1.602540
1.581388
1.581388
1.576226
1.576226
1.602389
1.602389
1.590685
1.590685
1.578468
1.578468
1.591399
1.591399
1.596220
1.596220
1.614016
1.614016
1.597584
1.597584
1.587624
1.587624
1.596785
1.596785
1.586579
1.586579
1.590891
1.590891
1.604185
1.604185
1.601522
1.601522
1.590827
1.590827
1.587627
1.587627
1.601986
1.601986
1.581071
1.581071
1.562682
1.562682
1.603908
1.603908
1.590888
1.590888
1.596888
1.596888
1.591409
1.591409
1.577385
1.577385
1.580834
1.580834
1.594989
1.594989
1.588840
1.588840
1.595424
1.595424
1.585188
1.585188
1.591378
1.591378
1.618408
1.618408
1.591365
1.591365
1.596261
1.596261
1.592687
1.592687
1.592688
1.592688
1.588022
1.588022
1.557647
1.557647
1.594701
1.594701
1.591035
1.591035
1.591958
1.591958
1.591808
1.591808
1.586300
1.586300
1.602876
1.602876
1.586316
1.586316
1.589852
1.589852
1.593728
1.593728
1.587732
1.587732
1.597166
1.597166
1.606889
1.606889
1.588596
1.588596
1.594368
1.594368
1.582623
1.582623
1.593067
1.593067
1.598516
1.598516
1.574916
1.574916
1.585535
1.585535
1.592269
1.592269
1.588051
1.588051
1.606526
1.606526
1.584934
1.584934
1.565235
1.565235
1.593348
1.593348
1.585320
1.585320
1.589881
1.589881
1.589523
1.589523
1.592304
1.592304
1.627001
1.627001
1.596495
1.596495
1.583847
1.583847
1.597521
1.597521
1.585145
1.585145
1.591409
1.591409
1.578614
1.578614
1.605378
1.605378
1.595555
1.595555
1.581214
1.581214
1.579621
1.579621
1.589706
1.589706
1.600493
1.600493
1.593968
1.593968
1.608354
1.608354
1.589620
1.589620
1.579151
1.579151
1.577919
1.577919
1.617260
1.617260
1.592681
1.592681
1.585863
1.585863
1.593501
1.593501
1.597253
1.597253
1.582100
1.582100
1.585609
1.585609
1.590675
1.590675
1.591217
1.591217
1.582662
1.582662
1.590035
1.590035
1.594562
1.594562
1.600449
1.600449
1.600405
1.600405
1.590418
1.590418
1.591770
1.591770
1.587887
1.587887
1.581120
1.581120
1.569511
1.569511
1.593151
1.593151
1.594513
1.594513
1.581929
1.581929
1.587802
1.587802
1.590404
1.590404
1.601425
1.601425
1.591589
1.591589
1.596326
1.596326
1.600790
1.600790
1.584691
1.584691
1.575467
1.575467
1.585544
1.585544
1.588156
1.588156
1.608553
1.608553
1.588547
1.588547
1.577494
1.577494
1.585491
1.585491
1.586394
1.586394
1.596597
1.596597
1.582386
1.582386
1.579622
1.579622
1.585403
1.585403
1.602775
1.602775
1.595388
1.595388
1.580574
1.580574
1.595047
1.595047
1.586053
1.586053
1.595188
1.595188
1.591055
1.591055
1.577656
1.577656
1.595049
1.595049
1.585050
1.585050
1.582673
1.582673
1.590219
1.590219
1.589756
1.589756
1.622686
1.622686
1.586712
1.586712
1.596664
1.596664
1.573837
1.573837
1.603700
1.603700
1.584532
1.584532
1.587998
1.587998
1.595257
1.595257
1.577795
1.577795
1.584314
1.584314
1.596963
1.596963
1.590439
1.590439
1.586384
1.586384
1.594151
1.594151
1.594364
1.594364
1.591176
1.591176
1.584957
1.584957
1.579504
1.579504
1.584658
1.584658
1.582846
1.582846
1.589544
1.589544
1.589959
1.589959
1.592266
1.592266
1.591750
1.591750
1.552486
1.552486
1.600341
1.600341
1.583693
1.583693
1.567553
1.567553
1.586542
1.586542
1.607098
1.607098
1.553850
1.553850
1.585182
1.585182
1.591573
1.591573
1.579314
1.579314
1.586717
1.586717
1.600393
1.600393
1.566278
1.566278
1.595514
1.595514
1.598221
1.598221
1.573136
1.573136
1.581941
1.581941
1.589101
1.589101
1.613201
1.613201
1.590537
1.590537
1.597012
1.597012
1.582895
1.582895
1.586300
1.586300
1.585344
1.585344
1.565218
1.565218
1.585099
1.585099
1.577289
1.577289
1.596418
1.596418
1.590722
1.590722
1.590586
1.590586
1.577116
1.577116
1.597265
1.597265
1.591380
1.591380
1.587533
1.587533
1.588274
1.588274
1.575162
1.575162
1.573766
1.573766
1.590678
1.590678
1.585402
1.585402
1.580001
1.580001
1.587015
1.587015
1.592615
1.592615
1.603227
1.603227
1.579175
1.579175
1.583841
1.583841
1.589370
1.589370
1.595545
1.595545
1.590113
1.590113
1.571270
1.571270
1.589041
1.589041
1.581338
1.581338
1.580790
1.580790
1.603351
1.603351
1.580393
1.580393
1.593911
1.593911
1.587321
1.587321
1.599861
1.599861
1.580024
1.580024
1.582076
1.582076
1.586669
1.586669
1.575768
1.575768
1.593303
1.593303
1.594419
1.594419
1.577037
1.577037
1.591242
1.591242
1.580097
1.580097
1.567025
1.567025
1.584200
1.584200
1.581910
1.581910
1.590917
1.590917
1.598658
1.598658
1.577371
1.577371
1.589585
1.589585
1.584440
1.584440
1.602645
1.602645
1.574315
1.574315
1.584037
1.584037
1.588538
1.588538
1.574320
1.574320
1.591344
1.591344
1.584347
1.584347
1.593242
1.593242
1.576179
1.576179
1.590320
1.590320
1.553448
1.553448
1.583983
1.583983
1.593677
1.593677
1.582277
1.582277
1.584643
1.584643
1.588606
1.588606
1.568427
1.568427
1.596501
1.596501
1.580865
1.580865
1.607819
1.607819
1.576025
1.576025
1.569825
1.569825
1.584467
1.584467
1.588741
1.588741
1.584992
1.584992
1.587628
1.587628
1.578106
1.578106
1.591965
1.591965
1.574988
1.574988
1.578999
1.578999
1.583075
1.583075
1.583414
1.583414
1.595617
1.595617
1.589861
1.589861
1.572851
1.572851
1.583187
1.583187
1.588060
1.588060
1.584568
1.584568
1.584118
1.584118
1.591378
1.591378
1.562636
1.562636
1.593501
1.593501
1.575933
1.575933
1.593217
1.593217
1.581575
1.581575
1.584143
1.584143
1.585338
1.585338
1.589566
1.589566
1.580975
1.580975
1.577508
1.577508
1.590390
1.590390
1.588880
1.588880
1.590446
1.590446
1.585330
1.585330
1.579853
1.579853
1.582446
1.582446
1.592616
1.592616
1.585321
1.585321
1.603137
1.603137
1.583214
1.583214
1.581887
1.581887
1.583562
1.583562
1.591748
1.591748
1.584535
1.584535
1.602736
1.602736
1.582611
1.582611
1.586438
1.586438
1.590349
1.590349
1.579242
1.579242
1.586690
1.586690
1.591823
1.591823
1.577095
1.577095
1.582513
1.582513
1.583510
1.583510
1.592463
1.592463
1.588846
1.588846
1.595483
1.595483
1.575110
1.575110
1.581157
1.581157
1.594743
1.594743
1.586786
1.586786
1.588881
1.588881
1.569014
1.569014
1.594514
1.594514
1.580202
1.580202
1.581709
1.581709
1.583465
1.583465
1.586853
1.586853
1.563520
1.563520
1.582446
1.582446
1.578353
1.578353
1.580930
1.580930
1.588522
1.588522
1.595021
1.595021
1.572777
1.572777
1.579856
1.579856
1.582442
1.582442
1.588811
1.588811
1.580451
1.580451
1.591854
1.591854
1.587545
1.587545
1.589011
1.589011
1.586277
1.586277
1.579445
1.579445
1.579324
1.579324
1.586253
1.586253
1.614925
1.614925
1.584992
1.584992
1.582785
1.582785
1.570892
1.570892
1.588927
1.588927
1.591325
1.591325
1.623907
1.623907
1.580564
1.580564
1.592113
1.592113
1.584019
1.584019
1.582582
1.582582
1.581567
1.581567
1.599195
1.599195
1.579580
1.579580
1.577737
1.577737
1.582523
1.582523
1.592129
1.592129
1.588869
1.588869
1.593716
1.593716
1.587392
1.587392
1.591813
1.591813
1.578895
1.578895
1.588268
1.588268
1.575598
1.575598
1.577194
1.577194
1.593523
1.593523
1.580436
1.580436
1.571870
1.571870
1.588859
1.588859
1.587889
1.587889
1.565291
1.565291
1.590398
1.590398
1.580891
1.580891
1.581172
1.581172
1.582582
1.582582
1.583267
1.583267
1.600700
1.600700
1.583836
1.583836
1.575234
1.575234
1.584314
1.584314
1.591606
1.591606
1.580761
1.580761
1.618938
1.618938
1.590726
1.590726
1.578440
1.578440
1.592649
1.592649
1.581051
1.581051
1.578990
1.578990
1.551200
1.551200
1.592012
1.592012
1.585797
1.585797
1.578548
1.578548
1.576645
1.576645
1.586148
1.586148
1.574375
1.574375
1.588105
1.588105
1.585809
1.585809
1.581499
1.581499
1.582437
1.582437
1.581910
1.581910
1.565633
1.565633
1.574619
1.574619
1.574661
1.574661
1.588833
1.588833
1.596059
1.596059
1.584215
1.584215
1.576383
1.576383
1.586589
1.586589
1.576041
1.576041
1.586610
1.586610
1.584091
1.584091
1.581185
1.581185
1.611473
1.611473
1.576025
1.576025
1.584894
1.584894
1.586118
1.586118
1.593649
1.593649
1.579811
1.579811
1.545846
1.545846
1.581085
1.581085
1.576129
1.576129
1.583997
1.583997
1.585284
1.585284
1.589493
1.589493
1.585112
1.585112
1.587071
1.587071
1.589366
1.589366
1.588025
1.588025
1.563966
1.563966
1.589381
1.589381
1.562207
1.562207
1.581574
1.581574
1.571031
1.571031
1.577110
1.577110
1.589743
1.589743
1.594555
1.594555
1.595592
1.595592
1.581480
1.581480
1.584415
1.584415
1.577724
1.577724
1.585607
1.585607
1.583810
1.583810
1.601496
1.601496
1.587020
1.587020
1.576016
1.576016
1.584906
1.584906
1.591266
1.591266
1.574148
1.574148
1.594295
1.594295
1.591798
1.591798
1.576987
1.576987
1.577492
1.577492
1.578418
1.578418
1.588856
1.588856
1.587702
1.587702
1.591441
1.591441
1.594681
1.594681
1.570259
1.570259
1.582994
1.582994
1.575464
1.575464
1.569928
1.569928
1.593274
1.593274
1.572511
1.572511
1.578871
1.578871
1.588581
1.588581
1.579391
1.579391
1.587391
1.587391
1.582796
1.582796
1.586876
1.586876
1.587508
1.587508
1.588103
1.588103
1.571122
1.571122
1.546122
1.546122
1.575878
1.575878
1.582806
1.582806
1.580190
1.580190
1.587767
1.587767
1.582392
1.582392
1.616469
1.616469
1.573977
1.573977
1.587601
1.587601
1.588687
1.588687
1.583187
1.583187
1.576185
1.576185
1.606836
1.606836
1.582219
1.582219
1.591150
1.591150
1.580180
1.580180
1.579779
1.579779
1.578980
1.578980
1.574152
1.574152
1.583506
1.583506
1.575149
1.575149
1.587293
1.587293
1.579352
1.579352
1.584147
1.584147
1.595496
1.595496
1.586493
1.586493
1.581327
1.581327
1.571416
1.571416
1.588515
1.588515
1.584371
1.584371
1.563562
1.563562
1.576693
1.576693
1.586982
1.586982
1.577278
1.577278
1.576915
1.576915
1.590217
1.590217
1.599024
1.599024
1.585226
1.585226
1.587647
1.587647
1.575658
1.575658
1.585805
1.585805
1.574534
1.574534
1.587261
1.587261
1.593631
1.593631
1.583756
1.583756
1.572274
1.572274
1.578682
1.578682
1.583513
1.583513
1.553677
1.553677
1.582139
1.582139
1.590295
1.590295
1.570868
1.570868
1.583048
1.583048
1.579937
1.579937
1.603694
1.603694
1.579876
1.579876
1.593491
1.593491
1.578341
1.578341
1.574311
1.574311
1.581679
1.581679
1.584110
1.584110
1.573176
1.573176
1.589395
1.589395
1.583030
1.583030
1.588054
1.588054
1.574112
1.574112
1.579781
1.579781
1.592948
1.592948
1.577340
1.577340
1.574198
1.574198
1.579474
1.579474
1.582588
1.582588
1.587316
1.587316
1.581735
1.581735
1.584935
1.584935
1.572256
1.572256
1.583117
1.583117
1.586528
1.586528
1.560623
1.560623
1.579636
1.579636
1.579184
1.579184
1.570643
1.570643
1.587951
1.587951
1.584979
1.584979
1.615148
1.615148
1.572912
1.572912
1.572315
1.572315
1.592800
1.592800
1.573358
1.573358
1.589578
1.589578
1.622213
1.622213
1.574535
1.574535
1.588513
1.588513
1.575426
1.575426
1.581481
1.581481
1.582188
1.582188
1.605808
1.605808
1.578921
1.578921
1.574969
1.574969
1.585193
1.585193
1.578876
1.578876
1.587071
1.587071
1.573866
1.573866
1.573246
1.573246
1.585317
1.585317
1.578568
1.578568
1.590516
1.590516
1.575199
1.575199
1.592446
1.592446
1.577082
1.577082
1.585041
1.585041
1.582856
1.582856
1.565446
1.565446
1.590940
1.590940
1.603279
1.603279
1.586754
1.586754
1.580310
1.580310
1.584563
1.584563
1.573140
1.573140
1.578942
1.578942
1.576675
1.576675
1.580438
1.580438
1.579498
1.579498
1.588938
1.588938
1.568879
1.568879
1.586117
1.586117
1.571851
1.571851
1.586847
1.586847
1.578599
1.578599
1.581237
1.581237
1.576632
1.576632
1.580956
1.580956
1.562600
1.562600
1.568416
1.568416
1.571675
1.571675
1.584679
1.584679
1.583323
1.583323
1.594423
1.594423
1.574537
1.574537
1.587302
1.587302
1.568770
1.568770
1.581493
1.581493
1.581741
1.581741
1.580589
1.580589
1.593594
1.593594
1.585093
1.585093
1.582693
1.582693
1.577066
1.577066
1.578351
1.578351
1.579915
1.579915
1.554510
1.554510
1.581066
1.581066
1.580764
1.580764
1.572895
1.572895
1.586468
1.586468
1.576646
1.576646
1.602228
1.602228
1.581396
1.581396
1.578379
1.578379
1.582182
1.582182
1.585304
1.585304
1.574602
1.574602
1.557969
1.557969
1.583134
1.583134
1.584794
1.584794
1.566741
1.566741
1.592252
1.592252
1.573659
1.573659
1.567117
1.567117
1.576795
1.576795
1.583171
1.583171
1.580151
1.580151
1.579265
1.579265
1.579775
1.579775
1.576969
1.576969
1.578642
1.578642
1.584352
1.584352
1.580179
1.580179
1.582901
1.582901
1.571927
1.571927
1.583607
1.583607
1.586740
1.586740
1.584813
1.584813
1.575279
1.575279
1.577433
1.577433
1.573308
1.573308
1.583425
1.583425
1.581313
1.581313
1.582049
1.582049
1.566063
1.566063
1.586827
1.586827
1.581558
1.581558
1.578014
1.578014
1.579700
1.579700
1.578223
1.578223
1.583899
1.583899
1.577110
1.577110
1.578302
1.578302
1.580824
1.580824
1.578114
1.578114
1.576390
1.576390
1.582529
1.582529
1.590972
1.590972
1.572789
1.572789
1.540257
1.540257
1.582836
1.582836
1.572774
1.572774
1.583559
1.583559
1.579352
1.579352
1.573022
1.573022
1.626294
1.626294
1.569633
1.569633
1.577846
1.577846
1.583951
1.583951
1.579206
1.579206
1.585660
1.585660
1.570484
1.570484
1.577619
1.577619
1.576503
1.576503
1.582824
1.582824
1.585732
1.585732
1.572673
1.572673
1.572600
1.572600
1.571857
1.571857
1.578934
1.578934
1.577613
1.577613
1.587369
1.587369
1.578513
1.578513
1.577432
1.577432
1.576251
1.576251
1.578176
1.578176
1.581825
1.581825
1.581650
1.581650
1.575510
1.575510
1.581840
1.581840
1.566241
1.566241
1.582260
1.582260
1.580277
1.580277
1.572747
1.572747
1.591855
1.591855
1.577891
1.577891
1.574071
1.574071
1.575917
1.575917
1.581182
1.581182
1.580068
1.580068
1.582809
1.582809
1.566859
1.566859
1.580619
1.580619
1.575239
1.575239
1.578957
1.578957
1.587405
1.587405
1.566839
1.566839
1.613630
1.613630
1.569078
1.569078
1.584633
1.584633
1.586112
1.586112
1.576302
1.576302
1.575023
1.575023
1.589674
1.589674
1.580189
1.580189
1.572012
1.572012
1.584401
1.584401
1.569311
1.569311
1.586841
1.586841
1.570273
1.570273
1.569131
1.569131
1.570008
1.570008
1.583308
1.583308
1.582068
1.582068
1.589754
1.589754
1.552239
1.552239
1.564221
1.564221
1.586624
1.586624
1.578939
1.578939
1.579254
1.579254
1.580019
1.580019
1.601553
1.601553
1.579976
1.579976
1.571909
1.571909
1.578360
1.578360
1.584934
1.584934
1.577791
1.577791
1.559587
1.559587
1.570934
1.570934
1.578347
1.578347
1.573635
1.573635
1.583628
1.583628
1.584482
1.584482
1.576711
1.576711
1.576027
1.576027
1.583193
1.583193
1.573816
1.573816
1.579676
1.579676
1.578664
1.578664
1.570448
1.570448
1.568338
1.568338
1.593650
1.593650
1.568916
1.568916
1.591831
1.591831
1.564742
1.564742
1.604879
1.604879
1.581244
1.581244
1.579272
1.579272
1.581111
1.581111
1.573109
1.573109
1.568646
1.568646
1.640695
1.640695
1.587585
1.587585
1.571947
1.571947
1.577152
1.577152
1.574707
1.574707
1.578787
1.578787
1.568198
1.568198
1.575280
1.575280
1.570472
1.570472
1.585730
1.585730
1.583600
1.583600
1.576677
1.576677
1.549364
1.549364
1.579819
1.579819
1.584822
1.584822
1.570318
1.570318
1.581757
1.581757
1.567812
1.567812
1.619438
1.619438
1.590018
1.590018
1.576989
1.576989
1.565571
1.565571
1.580046
1.580046
1.574801
1.574801
1.587999
1.587999
1.580198
1.580198
1.567616
1.567616
1.583915
1.583915
1.581384
1.581384
1.570650
1.570650
1.621577
1.621577
1.568246
1.568246
1.571344
1.571344
1.578012
1.578012
1.582085
1.582085
1.587790
1.587790
1.581773
1.581773
1.572793
1.572793
1.578162
1.578162
1.577373
1.577373
1.575055
1.575055
1.583683
1.583683
1.583687
1.583687
1.578476
1.578476
1.581288
1.581288
1.578067
1.578067
1.567035
1.567035
1.584905
1.584905
1.554203
1.554203
1.589185
1.589185
1.572996
1.572996
1.574295
1.574295
1.577712
1.577712
1.574733
1.574733
1.559932
1.559932
1.581159
1.581159
1.569783
1.569783
1.576325
1.576325
1.581870
1.581870
1.581987
1.581987
1.534204
1.534204
1.570580
1.570580
1.588609
1.588609
1.572402
1.572402
1.571907
1.571907
1.584294
1.584294
1.563383
1.563383
1.572103
1.572103
1.581933
1.581933
1.582352
1.582352
1.587669
1.587669
1.560909
1.560909
1.588746
1.588746
1.579380
1.579380
1.582245
1.582245
1.580117
1.580117
1.561356
1.561356
1.578607
1.578607
1.617973
1.617973
1.577880
1.577880
1.581424
1.581424
1.581485
1.581485
1.574956
1.574956
1.569641
1.569641
1.576898
1.576898
1.574989
1.574989
1.575535
1.575535
1.571571
1.571571
1.581148
1.581148
1.581005
1.581005
1.583677
1.583677
1.589980
1.589980
1.582704
1.582704
1.572024
1.572024
1.580653
1.580653
1.562075
1.562075
1.548365
1.548365
1.583229
1.583229
1.574066
1.574066
1.587306
1.587306
1.569666
1.569666
1.569673
1.569673
1.580418
1.580418
1.575813
1.575813
1.576178
1.576178
1.573009
1.573009
1.581199
1.581199
1.573361
1.573361
1.621472
1.621472
1.581504
1.581504
1.571704
1.571704
1.580768
1.580768
1.571994
1.571994
1.579063
1.579063
1.563209
1.563209
1.587460
1.587460
1.572013
1.572013
1.573512
1.573512
1.580571
1.580571
1.573044
1.573044
1.542553
1.542553
1.580413
1.580413
1.575102
1.575102
1.577637
1.577637
1.575063
1.575063
1.576876
1.576876
1.552563
1.552563
1.584615
1.584615
1.571830
1.571830
1.579514
1.579514
1.574732
1.574732
1.570309
1.570309
1.590005
1.590005
1.574094
1.574094
1.578743
1.578743
1.568947
1.568947
1.578900
1.578900
1.582022
1.582022
1.570241
1.570241
1.572796
1.572796
1.573464
1.573464
1.568304
1.568304
1.586505
1.586505
1.584745
1.584745
1.536550
1.536550
1.587431
1.587431
1.565868
1.565868
1.571420
1.571420
1.577766
1.577766
1.579077
1.579077
1.575289
1.575289
1.578177
1.578177
1.575861
1.575861
1.572743
1.572743
1.581495
1.581495
1.574590
1.574590
1.557402
1.557402
1.579466
1.579466
1.592553
1.592553
1.561530
1.561530
1.575178
1.575178
1.570489
1.570489
1.588693
1.588693
1.573491
1.573491
1.578941
1.578941
1.570891
1.570891
1.581924
1.581924
1.577296
1.577296
1.551875
1.551875
1.578027
1.578027
1.573703
1.573703
1.580079
1.580079
1.569211
1.569211
1.579152
1.579152
1.571930
1.571930
1.578415
1.578415
1.582278
1.582278
1.567592
1.567592
1.572955
1.572955
1.579744
1.579744
1.559152
1.559152
1.573844
1.573844
1.589781
1.589781
1.572536
1.572536
1.580987
1.580987
1.560142
1.560142
1.591257
1.591257
1.573300
1.573300
1.575424
1.575424
1.585276
1.585276
1.566485
1.566485
1.574610
1.574610
1.609133
1.609133
1.584313
1.584313
1.572836
1.572836
1.575192
1.575192
1.576880
1.576880
1.572300
1.572300
1.541976
1.541976
1.571366
1.571366
1.573935
1.573935
1.577188
1.577188
1.573831
1.573831
1.584014
1.584014
1.551250
1.551250
1.573071
1.573071
1.571533
1.571533
1.583430
1.583430
1.572908
1.572908
1.576727
1.576727
1.573319
1.573319
1.586633
1.586633
1.574389
1.574389
1.574069
1.574069
1.580105
1.580105
1.561617
1.561617
1.577083
1.577083
1.587754
1.587754
1.575913
1.575913
1.577801
1.577801
1.569257
1.569257
1.565200
1.565200
1.582520
1.582520
1.579326
1.579326
1.571459
1.571459
1.583668
1.583668
1.579804
1.579804
1.561913
1.561913
1.576632
1.576632
1.578753
1.578753
1.579506
1.579506
1.568701
1.568701
1.570040
1.570040
1.578277
1.578277
1.582011
1.582011
1.559647
1.559647
1.586256
1.586256
1.575543
1.575543
1.571926
1.571926
1.577343
1.577343
1.625655
1.625655
1.567380
1.567380
1.574728
1.574728
1.579101
1.579101
1.567571
1.567571
1.584912
1.584912
1.595545
1.595545
1.573703
1.573703
1.568992
1.568992
1.584528
1.584528
1.574154
1.574154
1.573523
1.573523
1.581405
1.581405
1.580387
1.580387
1.573907
1.573907
1.576838
1.576838
1.575031
1.575031
1.569233
1.569233
1.573425
1.573425
1.574327
1.574327
1.593059
1.593059
1.579848
1.579848
1.561580
1.561580
1.565850
1.565850
1.579118
1.579118
1.580875
1.580875
1.572321
1.572321
1.565430
1.565430
1.578396
1.578396
1.578231
1.578231
1.572092
1.572092
1.584412
1.584412
1.566907
1.566907
1.585369
1.585369
1.561256
1.561256
1.575342
1.575342
1.589404
1.589404
1.574178
1.574178
1.576982
1.576982
1.574405
1.574405
1.572143
1.572143
1.573272
1.573272
1.608332
1.608332
1.573319
1.573319
1.574643
1.574643
1.570120
1.570120
1.572495
1.572495
1.581401
1.581401
1.594142
1.594142
1.573806
1.573806
1.569392
1.569392
1.580314
1.580314
1.575348
1.575348
1.576776
1.576776
1.553576
1.553576
1.574913
1.574913
1.573412
1.573412
1.570638
1.570638
1.577037
1.577037
1.579194
1.579194
1.554188
1.554188
1.569494
1.569494
1.555081
1.555081
1.589683
1.589683
1.574644
1.574644
1.584858
1.584858
1.564497
1.564497
1.570554
1.570554
1.582752
1.582752
1.571779
1.571779
1.573578
1.573578
1.575947
1.575947
1.551804
1.551804
1.565751
1.565751
1.577559
1.577559
1.568496
1.568496
1.579211
1.579211
1.577223
1.577223
1.611975
1.611975
1.577732
1.577732
1.574747
1.574747
1.580329
1.580329
1.570461
1.570461
1.567226
1.567226
1.586779
1.586779
1.567268
1.567268
1.574030
1.574030
1.576777
1.576777
1.581780
1.581780
1.570918
1.570918
1.580496
1.580496
1.581060
1.581060
1.573503
1.573503
1.587891
1.587891
1.569654
1.569654
1.558927
1.558927
1.574768
1.574768
1.577584
1.577584
1.570030
1.570030
1.576297
1.576297
1.574901
1.574901
1.576021
1.576021
1.534392
1.534392
1.571062
1.571062
1.576748
1.576748
1.571393
1.571393
1.577908
1.577908
1.575706
1.575706
1.550539
1.550539
1.581394
1.581394
1.569928
1.569928
1.572216
1.572216
1.569411
1.569411
1.577363
1.577363
1.570980
1.570980
1.563394
1.563394
1.577554
1.577554
1.572344
1.572344
1.571753
1.571753
1.582853
1.582853
1.591486
1.591486
1.575179
1.575179
1.571713
1.571713
1.572793
1.572793
1.569389
1.569389
1.579921
1.579921
1.577967
1.577967
1.578331
1.578331
1.575373
1.575373
1.573525
1.573525
1.578095
1.578095
1.565584
1.565584
1.555987
1.555987
1.572799
1.572799
1.581096
1.581096
1.566453
1.566453
1.568280
1.568280
1.579254
1.579254
1.583475
1.583475
1.570865
1.570865
1.569072
1.569072
1.573494
1.573494
1.566890
1.566890
1.588528
1.588528
1.571474
1.571474
1.579010
1.579010
1.573188
1.573188
1.569964
1.569964
1.573439
1.573439
1.572492
1.572492
1.577020
1.577020
1.582569
1.582569
1.571950
1.571950
1.569770
1.569770
1.576752
1.576752
1.566345
1.566345
1.581260
1.581260
1.573983
1.573983
1.587760
1.587760
1.577026
1.577026
1.560184
1.560184
1.571179
1.571179
1.550868
1.550868
1.578208
1.578208
1.569194
1.569194
1.572006
1.572006
1.574763
1.574763
1.572517
1.572517
1.582914
1.582914
1.577392
1.577392
1.569435
1.569435
1.578584
1.578584
1.561885
1.561885
1.578302
1.578302
1.591103
1.591103
1.568008
1.568008
1.577759
1.577759
1.572173
1.572173
1.568603
1.568603
1.579052
1.579052
1.588410
1.588410
1.574245
1.574245
1.578652
1.578652
1.568302
1.568302
1.570209
1.570209
1.574200
1.574200
1.585467
1.585467
1.567410
1.567410
1.570177
1.570177
1.583701
1.583701
1.568889
1.568889
1.576521
1.576521
1.571525
1.571525
1.583531
1.583531
1.574970
1.574970
1.560381
1.560381
1.567671
1.567671
1.580047
1.580047
1.568980
1.568980
1.580862
1.580862
1.572103
1.572103
1.568548
1.568548
1.571656
1.571656
1.570087
1.570087
1.600219
1.600219
1.572905
1.572905
1.567583
1.567583
1.566743
1.566743
1.588526
1.588526
1.569527
1.569527
1.577919
1.577919
1.572060
1.572060
1.577822
1.577822
1.561957
1.561957
1.573121
1.573121
1.579221
1.579221
1.587513
1.587513
1.570421
1.570421
1.562539
1.562539
1.574560
1.574560
1.572814
1.572814
1.584575
1.584575
1.578826
1.578826
1.576779
1.576779
1.569659
1.569659
1.568552
1.568552
1.576499
1.576499
1.573843
1.573843
1.572406
1.572406
1.569635
1.569635
1.580927
1.580927
1.577278
1.577278
1.568290
1.568290
1.566116
1.566116
1.600960
1.600960
1.573039
1.573039
1.570495
1.570495
1.569074
1.569074
1.572764
1.572764
1.577093
1.577093
1.595813
1.595813
1.569013
1.569013
1.574942
1.574942
1.565817
1.565817
1.576863
1.576863
1.575352
1.575352
1.596626
1.596626
1.569808
1.569808
1.566424
1.566424
1.577146
1.577146
1.573030
1.573030
1.578433
1.578433
1.563186
1.563186
1.573759
1.573759
1.575873
1.575873
1.571042
1.571042
1.570758
1.570758
1.566221
1.566221
1.630083
1.630083
1.569623
1.569623
1.588568
1.588568
1.566249
1.566249
1.558827
1.558827
1.575370
1.575370
1.615897
1.615897
1.576151
1.576151
1.565868
1.565868
1.579409
1.579409
1.564474
1.564474
1.576154
1.576154
1.578279
1.578279
1.569602
1.569602
1.577720
1.577720
1.574053
1.574053
1.569678
1.569678
1.569714
1.569714
1.587497
1.587497
1.570842
1.570842
1.569662
1.569662
1.570191
1.570191
1.571814
1.571814
1.578350
1.578350
1.582954
1.582954
1.567018
1.567018
1.572940
1.572940
1.568079
1.568079
1.567938
1.567938
1.587993
1.587993
1.548701
1.548701
1.574951
1.574951
1.574487
1.574487
1.574783
1.574783
1.560573
1.560573
1.577606
1.577606
1.562267
1.562267
1.571205
1.571205
1.571228
1.571228
1.582503
1.582503
1.568413
1.568413
1.569497
1.569497
1.556207
1.556207
1.571638
1.571638
1.577317
1.577317
1.561423
1.561423
1.570915
1.570915
1.580268
1.580268
1.566488
1.566488
1.570736
1.570736
1.569689
1.569689
1.574378
1.574378
1.571004
1.571004
1.575386
1.575386
1.567596
1.567596
1.573933
1.573933
1.578337
1.578337
1.578223
1.578223
1.562041
1.562041
1.569255
1.569255
1.559568
1.559568
1.578293
1.578293
1.576418
1.576418
1.578932
1.578932
1.560510
1.560510
1.566411
1.566411
1.569085
1.569085
1.564760
1.564760
1.572543
1.572543
1.557517
1.557517
1.582492
1.582492
1.583702
1.583702
1.561366
1.561366
1.573159
1.573159
1.571454
1.571454
1.579317
1.579317
1.573075
1.573075
1.564404
1.564404
1.554461
1.554461
1.560468
1.560468
1.576113
1.576113
1.573820
1.573820
1.565775
1.565775
1.579627
1.579627
1.608359
1.608359
1.580182
1.580182
1.564674
1.564674
1.569740
1.569740
1.573181
1.573181
1.569262
1.569262
1.594380
1.594380
1.568965
1.568965
1.571690
1.571690
1.578481
1.578481
1.570880
1.570880
1.570320
1.570320
1.559438
1.559438
1.569718
1.569718
1.567404
1.567404
1.577200
1.577200
1.562428
1.562428
1.579739
1.579739
1.596006
1.596006
1.574711
1.574711
1.568699
1.568699
1.570031
1.570031
1.573871
1.573871
1.576030
1.576030
1.524888
1.524888
1.572143
1.572143
1.571580
1.571580
1.574300
1.574300
1.559470
1.559470
1.580445
1.580445
1.576207
1.576207
1.581551
1.581551
1.565170
1.565170
1.564553
1.564553
1.570481
1.570481
1.576666
1.576666
1.567546
1.567546
1.567390
1.567390
1.580374
1.580374
1.570395
1.570395
1.570415
1.570415
1.570984
1.570984
1.551979
1.551979
1.571287
1.571287
1.569790
1.569790
1.567755
1.567755
1.570642
1.570642
1.571464
1.571464
1.634706
1.634706
1.570533
1.570533
1.570892
1.570892
1.569941
1.569941
1.576900
1.576900
1.574764
1.574764
1.511362
1.511362
1.566635
1.566635
1.575331
1.575331
1.574162
1.574162
1.576575
1.576575
1.562437
1.562437
1.587897
1.587897
1.577255
1.577255
1.566974
1.566974
1.572871
1.572871
1.569407
1.569407
1.566931
1.566931
1.601887
1.601887
1.583167
1.583167
1.572464
1.572464
1.553090
1.553090
1.577633
1.577633
1.569175
1.569175
1.577897
1.577897
1.568955
1.568955
1.569967
1.569967
1.578123
1.578123
1.581427
1.581427
1.559952
1.559952
1.546003
1.546003
1.580874
1.580874
1.563175
1.563175
1.569625
1.569625
1.570938
1.570938
1.569244
1.569244
1.588248
1.588248
1.571810
1.571810
1.568034
1.568034
1.565109
1.565109
1.576789
1.576789
1.572278
1.572278
1.582062
1.582062
1.570710
1.570710
1.579999
1.579999
1.573878
1.573878
1.560941
1.560941
1.569511
1.569511
1.568700
1.568700
1.561415
1.561415
1.574574
1.574574
1.567434
1.567434
1.571004
1.571004
1.578837
1.578837
1.584346
1.584346
1.563866
1.563866
1.577415
1.577415
1.580047
1.580047
1.569986
1.569986
1.561268
1.561268
1.588862
1.588862
1.569452
1.569452
1.573335
1.573335
1.560866
1.560866
1.572232
1.572232
1.578397
1.578397
1.570049
1.570049
1.567129
1.567129
1.565038
1.565038
1.572100
1.572100
1.568055
1.568055
1.580866
1.580866
1.580142
1.580142
1.571012
1.571012
1.570517
1.570517
1.571389
1.571389
1.578031
1.578031
1.562367
1.562367
1.578256
1.578256
1.572589
1.572589
1.553080
1.553080
1.581946
1.581946
1.577318
1.577318
1.571320
1.571320
1.549406
1.549406
1.569080
1.569080
1.576040
1.576040
1.563837
1.563837
1.571442
1.571442
1.574756
1.574756
1.559245
1.559245
1.571856
1.571856
1.566445
1.566445
1.561327
1.561327
1.582448
1.582448
1.572946
1.572946
1.558177
1.558177
1.561463
1.561463
1.573691
1.573691
1.570105
1.570105
1.580546
1.580546
1.567862
1.567862
1.569205
1.569205
1.575375
1.575375
1.560830
1.560830
1.573300
1.573300
1.571798
1.571798
1.573749
1.573749
1.552950
1.552950
1.568009
1.568009
1.560699
1.560699
1.574320
1.574320
1.583584
1.583584
1.564709
1.564709
1.588624
1.588624
1.569114
1.569114
1.560413
1.560413
1.577337
1.577337
1.573765
1.573765
1.571479
1.571479
1.577599
1.577599
1.559552
1.559552
1.571350
1.571350
1.574534
1.574534
1.589030
1.589030
1.560219
1.560219
1.548439
1.548439
1.572169
1.572169
1.575220
1.575220
1.566494
1.566494
1.562098
1.562098
1.573380
1.573380
1.597905
1.597905
1.580310
1.580310
1.563414
1.563414
1.562484
1.562484
1.569764
1.569764
1.574627
1.574627
1.582185
1.582185
1.568774
1.568774
1.566993
1.566993
1.573341
1.573341
1.577443
1.577443
1.565830
1.565830
1.562253
1.562253
1.568765
1.568765
1.577690
1.577690
1.573245
1.573245
1.552375
1.552375
1.579156
1.579156
1.571523
1.571523
1.569045
1.569045
1.576596
1.576596
1.572508
1.572508
1.569347
1.569347
1.561850
1.561850
1.589028
1.589028
1.563270
1.563270
1.580291
1.580291
1.561911
1.561911
1.581596
1.581596
1.565565
1.565565
1.555296
1.555296
1.575248
1.575248
1.576355
1.576355
1.563614
1.563614
1.569598
1.569598
1.564238
1.564238
1.590131
1.590131
1.579031
1.579031
1.568344
1.568344
1.574440
1.574440
1.559413
1.559413
1.570181
1.570181
1.565485
1.565485
1.564950
1.564950
1.572551
1.572551
1.586450
1.586450
1.563812
1.563812
1.561729
1.561729
1.583913
1.583913
1.568591
1.568591
1.571532
1.571532
1.564323
1.564323
1.568658
1.568658
1.577724
1.577724
1.568812
1.568812
1.561702
1.561702
1.574867
1.574867
1.566746
1.566746
1.567837
1.567837
1.579687
1.579687
1.566431
1.566431
1.579154
1.579154
1.572718
1.572718
1.567314
1.567314
1.567520
1.567520
1.564058
1.564058
1.566522
1.566522
1.562349
1.562349
1.573043
1.573043
1.566808
1.566808
1.576735
1.576735
1.569126
1.569126
1.593294
1.593294
1.569139
1.569139
1.564529
1.564529
1.563102
1.563102
1.579569
1.579569
1.574963
1.574963
1.560953
1.560953
1.572510
1.572510
1.564179
1.564179
1.566340
1.566340
1.574211
1.574211
1.572849
1.572849
1.571848
1.571848
1.560421
1.560421
1.570181
1.570181
1.569657
1.569657
1.572797
1.572797
1.575936
1.575936
1.578991
1.578991
1.571232
1.571232
1.570291
1.570291
1.565256
1.565256
1.557636
1.557636
1.584112
1.584112
1.577780
1.577780
1.556898
1.556898
1.576905
1.576905
1.567027
1.567027
1.570911
1.570911
1.572664
1.572664
1.613401
1.613401
1.564011
1.564011
1.564713
1.564713
1.566794
1.566794
1.582626
1.582626
1.568758
1.568758
1.583989
1.583989
1.574961
1.574961
1.562779
1.562779
1.567845
1.567845
1.577256
1.577256
1.567015
1.567015
1.551546
1.551546
1.561798
1.561798
1.556307
1.556307
1.568817
1.568817
1.586801
1.586801
1.576292
1.576292
1.546673
1.546673
1.572743
1.572743
1.571179
1.571179
1.579978
1.579978
1.567763
1.567763
1.560019
1.560019
1.527400
1.527400
1.562819
1.562819
1.571002
1.571002
1.575496
1.575496
1.564734
1.564734
1.567147
1.567147
1.628573
1.628573
1.562684
1.562684
1.568636
1.568636
1.577303
1.577303
1.572101
1.572101
1.568464
1.568464
1.545064
1.545064
1.569463
1.569463
1.570561
1.570561
1.568068
1.568068
1.570428
1.570428
1.569473
1.569473
1.552497
1.552497
1.561219
1.561219
1.581810
1.581810
1.565140
1.565140
1.572525
1.572525
1.566469
1.566469
1.556434
1.556434
1.558659
1.558659
1.582033
1.582033
1.568038
1.568038
1.579756
1.579756
1.555485
1.555485
1.585685
1.585685
1.570726
1.570726
1.563826
1.563826
1.581761
1.581761
1.563261
1.563261
1.567994
1.567994
1.547966
1.547966
1.566362
1.566362
1.563195
1.563195
1.572950
1.572950
1.565481
1.565481
1.581821
1.581821
1.522926
1.522926
1.570655
1.570655
1.567144
1.567144
1.569593
1.569593
1.569526
1.569526
1.569794
1.569794
1.550636
1.550636
1.569493
1.569493
1.565909
1.565909
1.570930
1.570930
1.576197
1.576197
1.564238
1.564238
1.547582
1.547582
1.570250
1.570250
1.567915
1.567915
1.567750
1.567750
1.572272
1.572272
1.565066
1.565066
1.581125
1.581125
1.562120
1.562120
1.577280
1.577280
1.568004
1.568004
1.567738
1.567738
1.574075
1.574075
1.519381
1.519381
1.585042
1.585042
1.560138
1.560138
1.569483
1.569483
1.550458
1.550458
1.578876
1.578876
1.569521
1.569521
1.571488
1.571488
1.562906
1.562906
1.568402
1.568402
1.569838
1.569838
1.574498
1.574498
1.535748
1.535748
1.577694
1.577694
1.560788
1.560788
1.566033
1.566033
1.569972
1.569972
1.568158
1.568158
1.578178
1.578178
1.569209
1.569209
1.572792
1.572792
1.564515
1.564515
1.568925
1.568925
1.570472
1.570472
1.543476
1.543476
1.568572
1.568572
1.572644
1.572644
1.563059
1.563059
1.569585
1.569585
1.567793
1.567793
1.585495
1.585495
1.561808
1.561808
1.576802
1.576802
1.575006
1.575006
1.557982
1.557982
1.572940
1.572940
1.554370
1.554370
1.559973
1.559973
1.569680
1.569680
1.571091
1.571091
1.567959
1.567959
1.572427
1.572427
1.585942
1.585942
1.570342
1.570342
1.563487
1.563487
1.569982
1.569982
1.567524
1.567524
1.566153
1.566153
1.621662
1.621662
1.566151
1.566151
1.572147
1.572147
1.568940
1.568940
1.568892
1.568892
1.566544
1.566544
1.568659
1.568659
1.574265
1.574265
1.558700
1.558700
1.568180
1.568180
1.575830
1.575830
1.568626
1.568626
1.538744
1.538744
1.572800
1.572800
1.574193
1.574193
1.570198
1.570198
1.560330
1.560330
1.564091
1.564091
1.577941
1.577941
1.573588
1.573588
1.565936
1.565936
1.567311
1.567311
1.570427
1.570427
1.567787
1.567787
1.542914
1.542914
1.570444
1.570444
1.559236
1.559236
1.571909
1.571909
1.565842
1.565842
1.572754
1.572754
1.590204
1.590204
1.566729
1.566729
1.572587
1.572587
1.566100
1.566100
1.563408
1.563408
1.571604
1.571604
1.585974
1.585974
1.559894
1.559894
1.568494
1.568494
1.576124
1.576124
1.563045
1.563045
1.577756
1.577756
1.535256
1.535256
1.559981
1.559981
1.557125
1.557125
1.567124
1.567124
1.574214
1.574214
1.583767
1.583767
1.565231
1.565231
1.566711
1.566711
1.561095
1.561095
1.567820
1.567820
1.574443
1.574443
1.572481
1.572481
1.561536
1.561536
1.565208
1.565208
1.561387
1.561387
1.576485
1.576485
1.574646
1.574646
1.561301
1.561301
1.595986
1.595986
1.576701
1.576701
1.566155
1.566155
1.562580
1.562580
1.566046
1.566046
1.570412
1.570412
1.566464
1.566464
1.577251
1.577251
1.562618
1.562618
1.562761
1.562761
1.565108
1.565108
1.572652
1.572652
1.581209
1.581209
1.566101
1.566101
1.577116
1.577116
1.566452
1.566452
1.563206
1.563206
1.567241
1.567241
1.582774
1.582774
1.571025
1.571025
1.574811
1.574811
1.565977
1.565977
1.569487
1.569487
1.558198
1.558198
1.588232
1.588232
1.570521
1.570521
1.561957
1.561957
1.571281
1.571281
1.562138
1.562138
1.572978
1.572978
1.594772
1.594772
1.558577
1.558577
1.590866
1.590866
1.556787
1.556787
1.562506
1.562506
1.571021
1.571021
1.585515
1.585515
1.569306
1.569306
1.574361
1.574361
1.571966
1.571966
1.558156
1.558156
1.570187
1.570187
1.541344
1.541344
1.580131
1.580131
1.563240
1.563240
1.568374
1.568374
1.568871
1.568871
1.563210
1.563210
1.538793
1.538793
1.575304
1.575304
1.580367
1.580367
1.560475
1.560475
1.566748
1.566748
1.561987
1.561987
1.522307
1.522307
1.569281
1.569281
1.565273
1.565273
1.574072
1.574072
1.563623
1.563623
1.566958
1.566958
1.573640
1.573640
1.557663
1.557663
1.565592
1.565592
1.563859
1.563859
1.577307
1.577307
1.574144
1.574144
1.575957
1.575957
1.566233
1.566233
1.561539
1.561539
1.566383
1.566383
1.569540
1.569540
1.572760
1.572760
1.593619
1.593619
1.568602
1.568602
1.566390
1.566390
1.569270
1.569270
1.567011
1.567011
1.566531
1.566531
1.577900
1.577900
1.564612
1.564612
1.571422
1.571422
1.575140
1.575140
1.558070
1.558070
1.570020
1.570020
1.562013
1.562013
1.573147
1.573147
1.564894
1.564894
1.567006
1.567006
1.562884
1.562884
1.571997
1.571997
1.553775
1.553775
1.560111
1.560111
1.562072
1.562072
1.566251
1.566251
1.581059
1.581059
1.570459
1.570459
1.551017
1.551017
1.577736
1.577736
1.563406
1.563406
1.565237
1.565237
1.572796
1.572796
1.558437
1.558437
1.571796
1.571796
1.576321
1.576321
1.578909
1.578909
1.561993
1.561993
1.565809
1.565809
1.557712
1.557712
1.537757
1.537757
1.572545
1.572545
1.558100
1.558100
1.567842
1.567842
1.564908
1.564908
1.570642
1.570642
1.602800
1.602800
1.567034
1.567034
1.565002
1.565002
1.570697
1.570697
1.566996
1.566996
1.566501
1.566501
1.580327
1.580327
1.570269
1.570269
1.575123
1.575123
1.568859
1.568859
1.555013
1.555013
1.570813
1.570813
1.542192
1.542192
1.572300
1.572300
1.568740
1.568740
1.564397
1.564397
1.560238
1.560238
1.572079
1.572079
1.565694
1.565694
1.566479
1.566479
1.580467
1.580467
1.564130
1.564130
1.565045
1.565045
1.559234
1.559234
1.588729
1.588729
1.568815
1.568815
1.566742
1.566742
1.563312
1.563312
1.574163
1.574163
1.560078
1.560078
1.608436
1.608436
1.560447
1.560447
1.571313
1.571313
1.577916
1.577916
1.558463
1.558463
1.572644
1.572644
1.528891
1.528891
1.568305
1.568305
1.563239
1.563239
1.568649
1.568649
1.562433
1.562433
1.572763
1.572763
1.581652
1.581652
1.568114
1.568114
1.559192
1.559192
1.566799
1.566799
1.569120
1.569120
1.571407
1.571407
1.588224
1.588224
1.565867
1.565867
1.574506
1.574506
1.566729
1.566729
1.563295
1.563295
1.563871
1.563871
1.589506
1.589506
1.574672
1.574672
1.552897
1.552897
1.566933
1.566933
1.571450
1.571450
1.569972
1.569972
1.571732
1.571732
1.565932
1.565932
1.555673
1.555673
1.576554
1.576554
1.571964
1.571964
1.570177
1.570177
1.526233
1.526233
1.574290
1.574290
1.565018
1.565018
1.577040
1.577040
1.570205
1.570205
1.550565
1.550565
1.556244
1.556244
1.551197
1.551197
1.578568
1.578568
1.565211
1.565211
1.573063
1.573063
1.566459
1.566459
1.581200
1.581200
1.559524
1.559524
1.558962
1.558962
1.574539
1.574539
1.566897
1.566897
1.574259
1.574259
1.583208
1.583208
1.575554
1.575554
1.560226
1.560226
1.562826
1.562826
1.563722
1.563722
1.568934
1.568934
1.610595
1.610595
1.573236
1.573236
1.556301
1.556301
1.574019
1.574019
1.571663
1.571663
1.563154
1.563154
1.538746
1.538746
1.571920
1.571920
1.568888
1.568888
1.564110
1.564110
1.563254
1.563254
1.569778
1.569778
1.541584
1.541584
1.568934
1.568934
1.556755
1.556755
1.565147
1.565147
1.567885
1.567885
1.576983
1.576983
1.561542
1.561542
1.571473
1.571473
1.556367
1.556367
1.558398
1.558398
1.576377
1.576377
1.572891
1.572891
1.561151
1.561151
1.557477
1.557477
1.581559
1.581559
1.559213
1.559213
1.569445
1.569445
1.564870
1.564870
1.589165
1.589165
1.564544
1.564544
1.570075
1.570075
1.567848
1.567848
1.569744
1.569744
1.567009
1.567009
1.520501
1.520501
1.562394
1.562394
1.563741
1.563741
1.575184
1.575184
1.562273
1.562273
1.567130
1.567130
1.603636
1.603636
1.570632
1.570632
1.562664
1.562664
1.570775
1.570775
1.558880
1.558880
1.565842
1.565842
1.621888
1.621888
1.568340
1.568340
1.572063
1.572063
1.570365
1.570365
1.559282
1.559282
1.565930
1.565930
1.548835
1.548835
1.568916
1.568916
1.570086
1.570086
1.561178
1.561178
1.566597
1.566597
1.569145
1.569145
1.549033
1.549033
1.567948
1.567948
1.567430
1.567430
1.571239
1.571239
1.568445
1.568445
1.560953
1.560953
1.547550
1.547550
1.569322
1.569322
1.565057
1.565057
1.567189
1.567189
1.564607
1.564607
1.565939
1.565939
1.585612
1.585612
1.562054
1.562054
1.579920
1.579920
1.566832
1.566832
1.557542
1.557542
1.566400
1.566400
1.577428
1.577428
1.567241
1.567241
1.563646
1.563646
1.579672
1.579672
1.564645
1.564645
1.559238
1.559238
1.558611
1.558611
1.567287
1.567287
1.573619
1.573619
1.575371
1.575371
1.560035
1.560035
1.553193
1.553193
1.606386
1.606386
1.564270
1.564270
1.566372
1.566372
1.567841
1.567841
1.579844
1.579844
1.555225
1.555225
1.564339
1.564339
1.570989
1.570989
1.569700
1.569700
1.566025
1.566025
1.570399
1.570399
1.555251
1.555251
1.574792
1.574792
1.570171
1.570171
1.573291
1.573291
1.561331
1.561331
1.560427
1.560427
1.571223
1.571223
1.532561
1.532561
1.566402
1.566402
1.563540
1.563540
1.575883
1.575883
1.563647
1.563647
1.563066
1.563066
1.569679
1.569679
1.565708
1.565708
1.570294
1.570294
1.556904
1.556904
1.570835
1.570835
1.567658
1.567658
1.578999
1.578999
1.563874
1.563874
1.565099
1.565099
1.557458
1.557458
1.571392
1.571392
1.575197
1.575197
1.560919
1.560919
1.563190
1.563190
1.566656
1.566656
1.564485
1.564485
1.569240
1.569240
1.566411
1.566411
1.588915
1.588915
1.555197
1.555197
1.573140
1.573140
1.568389
1.568389
1.572345
1.572345
1.567336
1.567336
1.522573
1.522573
1.560836
1.560836
1.563467
1.563467
1.559534
1.559534
1.568832
1.568832
1.580215
1.580215
1.556093
1.556093
1.563050
1.563050
1.575259
1.575259
1.560576
1.560576
1.572258
1.572258
1.556947
1.556947
1.602528
1.602528
1.578482
1.578482
1.562778
1.562778
1.562543
1.562543
1.561214
1.561214
1.569028
1.569028
1.541095
1.541095
1.561874
1.561874
1.576392
1.576392
1.564576
1.564576
1.560177
1.560177
1.569199
1.569199
1.557592
1.557592
1.568447
1.568447
1.565620
1.565620
1.569360
1.569360
1.568903
1.568903
1.559123
1.559123
1.565290
1.565290
1.572252
1.572252
1.552112
1.552112
1.561056
1.561056
1.573771
1.573771
1.574672
1.574672
1.542294
1.542294
1.549877
1.549877
1.571277
1.571277
1.576488
1.576488
1.576495
1.576495
1.559558
1.559558
1.543096
1.543096
1.560921
1.560921
1.574218
1.574218
1.564892
1.564892
1.564632
1.564632
1.565560
1.565560
1.576559
1.576559
1.561265
1.561265
1.565535
1.565535
1.576288
1.576288
1.562010
1.562010
1.561249
1.561249
1.614987
1.614987
1.568620
1.568620
1.569242
1.569242
1.572953
1.572953
1.566408
1.566408
1.554013
1.554013
1.565855
1.565855
1.576458
1.576458
1.561842
1.561842
1.569982
1.569982
1.569872
1.569872
1.551486
1.551486
1.580393
1.580393
1.561191
1.561191
1.573605
1.573605
1.567795
1.567795
1.567138
1.567138
1.563892
1.563892
1.538763
1.538763
1.570504
1.570504
1.555365
1.555365
1.572746
1.572746
1.566689
1.566689
1.565069
1.565069
1.570406
1.570406
1.564042
1.564042
1.568313
1.568313
1.571013
1.571013
1.560616
1.560616
1.564826
1.564826
1.585418
1.585418
1.572453
1.572453
1.563300
1.563300
1.552216
1.552216
1.568737
1.568737
1.571876
1.571876
1.587502
1.587502
1.567193
1.567193
1.573589
1.573589
1.558567
1.558567
1.557794
1.557794
1.573745
1.573745
1.562749
1.562749
1.560628
1.560628
1.568982
1.568982
1.578613
1.578613
1.555423
1.555423
1.562210
1.562210
1.611462
1.611462
1.569368
1.569368
1.571550
1.571550
1.565654
1.565654
1.565596
1.565596
1.560867
1.560867
1.538226
1.538226
1.567839
1.567839
1.562555
1.562555
1.562954
1.562954
1.574161
1.574161
1.562544
1.562544
1.566640
1.566640
1.572622
1.572622
1.564847
1.564847
1.567734
1.567734
1.564034
1.564034
1.562181
1.562181
1.550463
1.550463
1.556638
1.556638
1.580799
1.580799
1.564859
1.564859
1.565031
1.565031
1.562700
1.562700
1.561719
1.561719
1.573889
1.573889
1.564837
1.564837
1.567894
1.567894
1.558888
1.558888
1.565293
1.565293
1.551868
1.551868
1.554606
1.554606
1.573697
1.573697
1.570997
1.570997
1.564106
1.564106
1.566125
1.566125
1.561908
1.561908
1.575053
1.575053
1.554738
1.554738
1.572400
1.572400
1.567397
1.567397
1.557622
1.557622
1.583329
1.583329
1.563579
1.563579
1.573907
1.573907
1.557172
1.557172
1.578966
1.578966
1.555671
1.555671
1.561373
1.561373
1.570016
1.570016
1.568656
1.568656
1.554669
1.554669
1.563919
1.563919
1.570634
1.570634
1.573029
1.573029
1.566802
1.566802
1.560436
1.560436
1.560092
1.560092
1.569917
1.569917
1.570379
1.570379
1.573139
1.573139
1.563618
1.563618
1.573468
1.573468
1.568907
1.568907
1.562042
1.562042
1.563933
1.563933
1.528322
1.528322
1.571836
1.571836
1.560629
1.560629
1.558770
1.558770
1.568088
1.568088
1.571073
1.571073
1.541824
1.541824
1.562128
1.562128
1.567508
1.567508
1.565231
1.565231
1.571496
1.571496
1.562063
1.562063
1.560109
1.560109
1.574988
1.574988
1.564185
1.564185
1.555940
1.555940
1.565503
1.565503
1.569609
1.569609
1.540911
1.540911
1.576467
1.576467
1.559302
1.559302
1.565131
1.565131
1.564640
1.564640
1.563142
1.563142
1.554158
1.554158
1.559999
1.559999
1.558876
1.558876
1.572012
1.572012
1.576456
1.576456
1.563251
1.563251
1.533362
1.533362
1.563611
1.563611
1.565870
1.565870
1.562315
1.562315
1.565426
1.565426
1.572487
1.572487
1.541251
1.541251
1.562603
1.562603
1.565442
1.565442
1.569093
1.569093
1.557113
1.557113
1.571853
1.571853
1.575973
1.575973
1.568028
1.568028
1.557408
1.557408
1.578515
1.578515
1.571734
1.571734
1.554497
1.554497
1.533441
1.533441
1.568167
1.568167
1.555773
1.555773
1.576874
1.576874
1.569496
1.569496
1.555349
1.555349
1.578674
1.578674
1.570043
1.570043
1.557515
1.557515
1.558758
1.558758
1.566327
1.566327
1.573771
1.573771
1.570964
1.570964
1.569251
1.569251
1.556868
1.556868
1.563650
1.563650
1.567985
1.567985
1.568414
1.568414
1.572296
1.572296
1.566042
1.566042
1.565213
1.565213
1.573365
1.573365
1.564919
1.564919
1.554842
1.554842
1.589388
1.589388
1.561232
1.561232
1.563221
1.563221
1.564105
1.564105
1.567321
1.567321
1.571783
1.571783
1.555545
1.555545
1.565560
1.565560
1.559786
1.559786
1.563815
1.563815
1.575739
1.575739
1.564902
1.564902
1.532520
1.532520
1.564610
1.564610
1.566199
1.566199
1.546225
1.546225
1.565766
1.565766
1.581942
1.581942
1.582041
1.582041
1.559363
1.559363
1.572615
1.572615
1.575420
1.575420
1.563923
1.563923
1.553015
1.553015
1.587346
1.587346
1.564069
1.564069
1.563375
1.563375
1.571692
1.571692
1.568460
1.568460
1.558787
1.558787
1.567666
1.567666
1.554510
1.554510
1.558201
1.558201
1.575791
1.575791
1.570252
1.570252
1.563766
1.563766
1.605801
1.605801
1.572054
1.572054
1.557727
1.557727
1.568229
1.568229
1.557797
1.557797
1.571547
1.571547
1.554597
1.554597
1.572432
1.572432
1.567067
1.567067
1.553220
1.553220
1.561870
1.561870
1.572122
1.572122
1.557366
1.557366
1.569049
1.569049
1.559482
1.559482
1.563465
1.563465
1.558795
1.558795
1.572615
1.572615
1.587530
1.587530
1.569279
1.569279
1.562010
1.562010
1.559563
1.559563
1.563834
1.563834
1.568680
1.568680
1.585561
1.585561
1.570514
1.570514
1.565995
1.565995
1.558393
1.558393
1.570984
1.570984
1.558895
1.558895
1.569009
1.569009
1.557606
1.557606
1.571393
1.571393
1.571930
1.571930
1.561249
1.561249
1.562343
1.562343
1.570071
1.570071
1.572630
1.572630
1.562255
1.562255
1.566155
1.566155
1.572285
1.572285
1.552948
1.552948
1.550689
1.550689
1.571573
1.571573
1.561945
1.561945
1.558712
1.558712
1.569290
1.569290
1.560657
1.560657
1.589355
1.589355
1.559492
1.559492
1.568915
1.568915
1.560394
1.560394
1.566071
1.566071
1.571748
1.571748
1.543401
1.543401
1.562874
1.562874
1.559902
1.559902
1.560836
1.560836
1.571626
1.571626
1.567943
1.567943
1.576399
1.576399
1.570191
1.570191
1.561811
1.561811
1.561250
1.561250
1.569086
1.569086
1.560894
1.560894
1.574031
1.574031
1.552067
1.552067
1.572850
1.572850
1.573779
1.573779
1.557475
1.557475
1.566185
1.566185
1.580052
1.580052
1.569569
1.569569
1.569579
1.569579
1.562439
1.562439
1.566290
1.566290
1.557709
1.557709
1.543918
1.543918
1.556473
1.556473
1.569332
1.569332
1.569170
1.569170
1.566176
1.566176
1.559476
1.559476
1.590079
1.590079
1.569486
1.569486
1.558164
1.558164
1.567557
1.567557
1.562501
1.562501
1.565556
1.565556
1.561056
1.561056
1.568269
1.568269
1.574584
1.574584
1.555687
1.555687
1.554310
1.554310
1.572007
1.572007
1.543918
1.543918
1.565518
1.565518
1.568473
1.568473
1.568405
1.568405
1.561101
1.561101
1.563013
1.563013
1.527943
1.527943
1.565005
1.565005
1.571621
1.571621
1.567746
1.567746
1.558623
1.558623
1.559437
1.559437
1.568701
1.568701
1.561364
1.561364
1.569095
1.569095
1.564506
1.564506
1.558282
1.558282
1.571560
1.571560
1.543691
1.543691
1.559614
1.559614
1.561167
1.561167
1.558152
1.558152
1.570311
1.570311
1.570551
1.570551
1.592585
1.592585
1.571649
1.571649
1.549611
1.549611
1.567938
1.567938
1.565421
1.565421
1.565939
1.565939
1.585616
1.585616
1.564410
1.564410
1.573675
1.573675
1.557894
1.557894
1.560802
1.560802
1.560530
1.560530
1.618455
1.618455
1.571624
1.571624
1.568484
1.568484
1.551493
1.551493
1.564262
1.564262
1.564586
1.564586
1.586189
1.586189
1.564157
1.564157
1.565932
1.565932
1.559091
1.559091
1.563114
1.563114
1.568590
1.568590
1.580854
1.580854
1.567581
1.567581
1.558014
1.558014
1.568008
1.568008
1.565877
1.565877
1.561432
1.561432
1.580312
1.580312
1.564513
1.564513
1.560631
1.560631
1.557751
1.557751
1.569712
1.569712
1.571919
1.571919
1.543341
1.543341
1.578054
1.578054
1.567091
1.567091
1.560441
1.560441
1.553685
1.553685
1.563360
1.563360
1.560664
1.560664
1.560724
1.560724
1.560423
1.560423
1.560188
1.560188
1.567731
1.567731
1.567584
1.567584
1.620397
1.620397
1.566115
1.566115
1.564305
1.564305
1.569955
1.569955
1.562894
1.562894
1.561259
1.561259
1.541288
1.541288
1.557707
1.557707
1.555922
1.555922
1.584810
1.584810
1.559313
1.559313
1.562412
1.562412
1.584197
1.584197
1.561626
1.561626
1.559257
1.559257
1.567763
1.567763
1.570268
1.570268
1.562698
1.562698
1.569053
1.569053
1.567769
1.567769
1.563865
1.563865
1.574793
1.574793
1.554971
1.554971
1.560923
1.560923
1.562042
1.562042
1.551014
1.551014
1.564427
1.564427
1.561101
1.561101
1.564696
1.564696
1.582450
1.582450
1.548306
1.548306
1.577219
1.577219
1.563506
1.563506
1.551341
1.551341
1.566072
1.566072
1.563565
1.563565
1.567144
1.567144
1.563127
1.563127
1.567214
1.567214
1.557057
1.557057
1.569645
1.569645
1.563922
1.563922
1.573284
1.573284
1.567598
1.567598
1.564445
1.564445
1.566692
1.566692
1.563265
1.563265
1.556326
1.556326
1.598304
1.598304
1.565144
1.565144
1.559602
1.559602
1.568600
1.568600
1.564887
1.564887
1.563278
1.563278
1.564329
1.564329
1.553023
1.553023
1.566547
1.566547
1.560925
1.560925
1.568649
1.568649
1.568507
1.568507
1.600124
1.600124
1.567320
1.567320
1.555719
1.555719
1.565169
1.565169
1.561784
1.561784
1.574323
1.574323
1.532145
1.532145
1.568509
1.568509
1.570940
1.570940
1.571121
1.571121
1.555545
1.555545
1.556784
1.556784
1.545329
1.545329
1.561798
1.561798
1.562003
1.562003
1.562594
1.562594
1.558904
1.558904
1.573832
1.573832
1.581824
1.581824
1.570246
1.570246
1.571879
1.571879
1.564011
1.564011
1.559618
1.559618
1.555104
1.555104
1.562405
1.562405
1.569494
1.569494
1.572135
1.572135
1.553636
1.553636
1.562153
1.562153
1.561116
1.561116
1.583556
1.583556
1.564064
1.564064
1.565629
1.565629
1.560616
1.560616
1.567361
1.567361
1.563571
1.563571
1.553610
1.553610
1.557976
1.557976
1.557320
1.557320
1.570094
1.570094
1.570875
1.570875
1.561404
1.561404
1.585612
1.585612
1.558205
1.558205
1.564960
1.564960
1.564999
1.564999
1.564033
1.564033
1.570725
1.570725
1.530226
1.530226
1.562586
1.562586
1.552254
1.552254
1.566571
1.566571
1.564722
1.564722
1.570495
1.570495
1.592364
1.592364
1.567901
1.567901
1.555033
1.555033
1.557677
1.557677
1.573793
1.573793
1.559417
1.559417
1.619436
1.619436
1.568483
1.568483
1.562159
1.562159
1.554397
1.554397
1.561854
1.561854
1.570916
1.570916
1.578970
1.578970
1.546566
1.546566
1.564077
1.564077
1.562919
1.562919
1.564131
1.564131
1.582459
1.582459
1.554386
1.554386
1.571230
1.571230
1.555679
1.555679
1.561202
1.561202
1.571346
1.571346
1.557456
1.557456
1.584878
1.584878
1.561224
1.561224
1.561835
1.561835
1.565139
1.565139
1.570859
1.570859
1.563705
1.563705
1.525068
1.525068
1.555234
1.555234
1.558505
1.558505
1.555328
1.555328
1.574033
1.574033
1.574060
1.574060
1.579349
1.579349
1.567939
1.567939
1.572362
1.572362
1.561908
1.561908
1.552044
1.552044
1.564670
1.564670
1.560658
1.560658
1.553454
1.553454
1.566697
1.566697
1.563223
1.563223
1.568999
1.568999
1.565391
1.565391
1.571806
1.571806
1.565898
1.565898
1.562710
1.562710
1.567511
1.567511
1.561438
1.561438
1.562410
1.562410
1.548960
1.548960
1.550852
1.550852
1.563112
1.563112
1.570502
1.570502
1.565695
1.565695
1.570703
1.570703
1.539837
1.539837
1.556183
1.556183
1.561725
1.561725
1.560493
1.560493
1.575167
1.575167
1.565537
1.565537
1.558028
1.558028
1.564563
1.564563
1.560164
1.560164
1.572695
1.572695
1.565125
1.565125
1.557503
1.557503
1.547974
1.547974
1.576087
1.576087
1.564098
1.564098
1.556234
1.556234
1.560245
1.560245
1.561919
1.561919
1.560834
1.560834
1.565289
1.565289
1.560075
1.560075
1.570453
1.570453
1.555169
1.555169
1.565125
1.565125
1.584535
1.584535
1.571828
1.571828
1.564787
1.564787
1.560903
1.560903
1.557532
1.557532
1.561016
1.561016
1.584301
1.584301
1.559783
1.559783
1.562033
1.562033
1.567492
1.567492
1.568967
1.568967
1.563270
1.563270
1.529344
1.529344
1.569606
1.569606
1.572954
1.572954
1.566409
1.566409
1.550702
1.550702
1.557540
1.557540
1.572701
1.572701
1.570999
1.570999
1.563687
1.563687
1.563590
1.563590
1.560465
1.560465
1.559935
1.559935
1.557374
1.557374
1.572137
1.572137
1.560693
1.560693
1.556471
1.556471
1.565187
1.565187
1.561845
1.561845
1.578779
1.578779
1.566466
1.566466
1.552771
1.552771
1.567554
1.567554
1.562824
1.562824
1.567882
1.567882
1.565091
1.565091
1.554627
1.554627
1.563155
1.563155
1.578565
1.578565
1.558327
1.558327
1.561491
1.561491
1.575795
1.575795
1.559283
1.559283
1.569616
1.569616
1.566142
1.566142
1.557003
1.557003
1.564816
1.564816
1.567155
1.567155
1.558178
1.558178
1.560633
1.560633
1.567782
1.567782
1.563887
1.563887
1.566141
1.566141
1.569249
1.569249
1.565946
1.565946
1.567407
1.567407
1.561660
1.561660
1.567303
1.567303
1.554975
1.554975
1.562213
1.562213
1.555676
1.555676
1.566848
1.566848
1.565034
1.565034
1.566252
1.566252
1.561584
1.561584
1.580341
1.580341
1.558336
1.558336
1.565187
1.565187
1.571138
1.571138
1.553789
1.553789
1.566906
1.566906
1.580338
1.580338
1.546134
1.546134
1.570191
1.570191
1.567992
1.567992
1.566300
1.566300
1.568069
1.568069
1.546979
1.546979
1.574838
1.574838
1.573481
1.573481
1.557954
1.557954
1.552447
1.552447
1.559149
1.559149
1.554180
1.554180
1.557723
1.557723
1.566963
1.566963
1.566905
1.566905
1.568193
1.568193
1.560301
1.560301
1.529956
1.529956
1.558964
1.558964
1.576321
1.576321
1.556899
1.556899
1.565011
1.565011
1.558988
1.558988
1.567997
1.567997
1.560624
1.560624
1.550912
1.550912
1.578916
1.578916
1.561266
1.561266
1.566819
1.566819
1.543730
1.543730
1.556339
1.556339
1.555925
1.555925
1.574326
1.574326
1.565175
1.565175
1.565594
1.565594
1.554879
1.554879
1.578188
1.578188
1.578250
1.578250
1.553488
1.553488
1.545806
1.545806
1.560548
1.560548
1.565102
1.565102
1.559579
1.559579
1.563313
1.563313
1.567088
1.567088
1.565037
1.565037
1.563517
1.563517
1.543034
1.543034
1.559091
1.559091
1.555884
1.555884
1.574541
1.574541
1.562245
1.562245
1.566245
1.566245
1.549009
1.549009
1.563325
1.563325
1.561733
1.561733
1.555408
1.555408
1.560142
1.560142
1.572094
1.572094
1.601535
1.601535
1.566050
1.566050
1.558970
1.558970
1.563308
1.563308
1.564580
1.564580
1.563792
1.563792
1.560457
1.560457
1.574868
1.574868
1.571078
1.571078
1.566462
1.566462
1.556989
1.556989
1.550950
1.550950
1.522760
1.522760
1.560421
1.560421
1.558388
1.558388
1.559203
1.559203
1.570624
1.570624
1.570973
1.570973
1.530504
1.530504
1.568508
1.568508
1.555920
1.555920
1.561707
1.561707
1.564982
1.564982
1.563946
1.563946
1.575982
1.575982
1.566714
1.566714
1.559330
1.559330
1.565369
1.565369
1.568825
1.568825
1.559726
1.559726
1.526163
1.526163
1.565146
1.565146
1.567796
1.567796
1.565620
1.565620
1.554820
1.554820
1.563598
1.563598
1.556429
1.556429
1.564900
1.564900
1.560995
1.560995
1.557169
1.557169
1.570011
1.570011
1.563473
1.563473
1.561379
1.561379
1.565096
1.565096
1.558260
1.558260
1.568225
1.568225
1.555432
1.555432
1.568265
1.568265
1.573676
1.573676
1.559634
1.559634
1.564639
1.564639
1.560304
1.560304
1.565258
1.565258
1.565650
1.565650
1.570499
1.570499
1.571392
1.571392
1.558623
1.558623
1.561943
1.561943
1.558731
1.558731
1.568408
1.568408
1.532532
1.532532
1.561116
1.561116
1.558887
1.558887
1.560566
1.560566
1.570878
1.570878
1.566110
1.566110
1.545483
1.545483
1.551928
1.551928
1.575878
1.575878
1.567836
1.567836
1.552427
1.552427
1.565041
1.565041
1.587620
1.587620
1.561628
1.561628
1.556025
1.556025
1.567886
1.567886
1.567207
1.567207
1.562626
1.562626
1.563361
1.563361
1.566142
1.566142
1.562799
1.562799
1.561236
1.561236
1.561699
1.561699
1.563314
1.563314
1.562746
1.562746
1.566020
1.566020
1.557433
1.557433
1.576143
1.576143
1.561456
1.561456
1.555947
1.555947
1.541645
1.541645
1.572513
1.572513
1.567095
1.567095
1.559942
1.559942
1.564028
1.564028
1.555175
1.555175
1.521198
1.521198
1.552330
1.552330
1.559256
1.559256
1.562142
1.562142
1.572644
1.572644
1.564414
1.564414
1.598703
1.598703
1.553085
1.553085
1.565596
1.565596
1.561438
1.561438
1.565619
1.565619
1.567231
1.567231
1.576158
1.576158
1.558890
1.558890
1.573115
1.573115
1.558560
1.558560
1.573142
1.573142
1.551153
1.551153
1.557366
1.557366
1.571200
1.571200
1.553663
1.553663
1.559934
1.559934
1.559766
1.559766
1.566815
1.566815
1.590848
1.590848
1.572144
1.572144
1.554000
1.554000
1.556151
1.556151
1.571121
1.571121
1.561565
1.561565
1.552964
1.552964
1.560022
1.560022
1.564052
1.564052
1.562097
1.562097
1.566750
1.566750
1.561943
1.561943
1.552912
1.552912
1.565081
1.565081
1.562652
1.562652
1.558077
1.558077
1.571025
1.571025
1.555691
1.555691
1.575116
1.575116
1.567544
1.567544
1.551265
1.551265
1.554306
1.554306
1.575568
1.575568
1.566766
1.566766
1.545828
1.545828
1.551358
1.551358
1.567150
1.567150
1.563647
1.563647
1.570743
1.570743
1.562343
1.562343
1.547165
1.547165
1.560522
1.560522
1.564879
1.564879
1.558417
1.558417
1.560490
1.560490
1.562342
1.562342
1.632439
1.632439
1.563844
1.563844
1.562149
1.562149
1.557927
1.557927
1.560064
1.560064
1.570872
1.570872
1.549212
1.549212
1.566094
1.566094
1.563288
1.563288
1.569522
1.569522
1.548348
1.548348
1.565669
1.565669
1.568081
1.568081
1.565830
1.565830
1.554120
1.554120
1.562438
1.562438
1.568033
1.568033
1.560524
1.560524
1.587554
1.587554
1.567885
1.567885
1.560166
1.560166
1.564000
1.564000
1.556340
1.556340
1.565222
1.565222
1.559518
1.559518
1.552461
1.552461
1.565546
1.565546
1.559897
1.559897
1.566945
1.566945
1.563574
1.563574
1.610225
1.610225
1.548468
1.548468
1.570175
1.570175
1.565154
1.565154
1.565745
1.565745
1.564575
1.564575
1.552297
1.552297
1.574802
1.574802
1.551216
1.551216
1.556758
1.556758
1.560448
1.560448
1.565561
1.565561
1.604720
1.604720
1.556794
1.556794
1.565531
1.565531
1.556097
1.556097
1.572707
1.572707
1.561522
1.561522
1.565964
1.565964
1.564403
1.564403
1.570568
1.570568
1.552695
1.552695
1.562989
1.562989
1.561817
1.561817
1.567337
1.567337
1.555423
1.555423
1.553084
1.553084
1.569057
1.569057
1.562016
1.562016
1.573922
1.573922
1.554922
1.554922
1.564789
1.564789
1.573372
1.573372
1.566133
1.566133
1.559509
1.559509
1.551108
1.551108
1.538554
1.538554
1.556714
1.556714
1.567013
1.567013
1.555896
1.555896
1.570168
1.570168
1.560521
1.560521
1.583482
1.583482
1.556180
1.556180
1.562250
1.562250
1.561202
1.561202
1.566370
1.566370
1.568849
1.568849
1.537513
1.537513
1.555458
1.555458
1.566657
1.566657
1.565115
1.565115
1.556485
1.556485
1.568039
1.568039
1.567988
1.567988
1.561263
1.561263
1.573693
1.573693
1.561385
1.561385
1.552272
1.552272
1.560230
1.560230
1.595349
1.595349
1.551213
1.551213
1.564574
1.564574
1.562158
1.562158
1.569430
1.569430
1.565619
1.565619
1.552041
1.552041
1.565976
1.565976
1.547565
1.547565
1.566500
1.566500
1.563148
1.563148
1.568588
1.568588
1.562631
1.562631
1.571986
1.571986
1.562475
1.562475
1.561270
1.561270
1.559060
1.559060
1.555419
1.555419
1.575999
1.575999
1.570094
1.570094
1.564840
1.564840
1.565779
1.565779
1.555535
1.555535
1.552431
1.552431
1.590107
1.590107
1.568925
1.568925
1.574379
1.574379
1.557828
1.557828
1.550594
1.550594
1.558780
1.558780
1.571225
1.571225
1.566781
1.566781
1.554670
1.554670
1.550097
1.550097
1.575775
1.575775
1.563574
1.563574
1.566231
1.566231
1.566160
1.566160
1.569528
1.569528
1.565088
1.565088
1.561162
1.561162
1.550617
1.550617
1.548671
1.548671
1.557277
1.557277
1.555914
1.555914
1.570319
1.570319
1.564808
1.564808
1.565841
1.565841
1.532841
1.532841
1.557847
1.557847
1.553092
1.553092
1.564339
1.564339
1.565923
1.565923
1.571259
1.571259
1.550140
1.550140
1.571188
1.571188
1.556388
1.556388
1.556714
1.556714
1.568182
1.568182
1.557917
1.557917
1.571397
1.571397
1.556677
1.556677
1.554399
1.554399
1.569545
1.569545
1.565375
1.565375
1.564369
1.564369
1.572595
1.572595
1.554962
1.554962
1.563554
1.563554
1.562497
1.562497
1.567888
1.567888
1.562337
1.562337
1.564600
1.564600
1.570407
1.570407
1.560410
1.560410
1.556858
1.556858
1.567676
1.567676
1.557507
1.557507
1.548418
1.548418
1.563409
1.563409
1.566659
1.566659
1.564875
1.564875
1.570910
1.570910
1.545834
1.545834
1.558819
1.558819
1.558255
1.558255
1.557000
1.557000
1.560764
1.560764
1.563550
1.563550
1.571667
1.571667
1.560341
1.560341
1.544556
1.544556
1.573171
1.573171
1.566895
1.566895
1.565405
1.565405
1.559430
1.559430
1.575884
1.575884
1.561991
1.561991
1.562059
1.562059
1.562697
1.562697
1.562202
1.562202
1.563218
1.563218
1.546813
1.546813
1.560136
1.560136
1.561749
1.561749
1.551747
1.551747
1.578248
1.578248
1.557556
1.557556
1.572914
1.572914
1.561394
1.561394
1.558013
1.558013
1.557101
1.557101
1.564654
1.564654
1.571297
1.571297
1.542517
1.542517
1.567275
1.567275
1.553401
1.553401
1.565002
1.565002
1.570210
1.570210
1.556130
1.556130
1.547486
1.547486
1.563232
1.563232
1.561434
1.561434
1.559550
1.559550
1.564413
1.564413
1.560562
1.560562
1.575528
1.575528
1.561414
1.561414
1.568747
1.568747
1.558882
1.558882
1.561840
1.561840
1.565392
1.565392
1.502694
1.502694
1.562047
1.562047
1.559800
1.559800
1.556907
1.556907
1.563053
1.563053
1.569479
1.569479
1.550088
1.550088
1.570705
1.570705
1.562359
1.562359
1.562141
1.562141
1.556520
1.556520
1.555328
1.555328
1.590388
1.590388
1.573026
1.573026
1.562759
1.562759
1.567356
1.567356
1.551936
1.551936
1.553744
1.553744
1.571139
1.571139
1.562990
1.562990
1.565591
1.565591
1.557544
1.557544
1.561657
1.561657
1.563179
1.563179
1.547830
1.547830
1.563531
1.563531
1.556927
1.556927
1.563054
1.563054
1.561927
1.561927
1.565109
1.565109
1.550670
1.550670
1.570068
1.570068
1.559620
1.559620
1.558710
1.558710
1.551769
1.551769
1.565925
1.565925
1.594464
1.594464
1.562995
1.562995
1.567688
1.567688
1.557604
1.557604
1.558670
1.558670
1.565574
1.565574
1.528603
1.528603
1.568747
1.568747
1.560140
1.560140
1.560707
1.560707
1.562657
1.562657
1.558850
1.558850
1.541161
1.541161
1.568727
1.568727
1.568524
1.568524
1.553653
1.553653
1.558482
1.558482
1.558163
1.558163
1.576540
1.576540
1.571987
1.571987
1.553517
1.553517
1.555811
1.555811
1.571795
1.571795
1.558095
1.558095
1.539869
1.539869
1.564806
1.564806
1.572588
1.572588
1.559526
1.559526
1.565919
1.565919
1.549792
1.549792
1.525195
1.525195
1.563953
1.563953
1.546980
1.546980
1.571830
1.571830
1.554641
1.554641
1.566212
1.566212
1.615551
1.615551
1.561515
1.561515
1.558962
1.558962
1.572110
1.572110
1.552332
1.552332
1.564751
1.564751
1.554186
1.554186
1.559044
1.559044
1.564889
1.564889
1.563590
1.563590
1.550336
1.550336
1.569774
1.569774
1.573357
1.573357
1.560859
1.560859
1.572169
1.572169
1.552985
1.552985
1.560581
1.560581
1.561531
1.561531
1.568263
1.568263
1.562014
1.562014
1.558422
1.558422
1.561187
1.561187
1.560369
1.560369
1.567278
1.567278
1.556016
1.556016
1.566729
1.566729
1.564824
1.564824
1.553283
1.553283
1.568882
1.568882
1.556066
1.556066
1.550079
1.550079
1.569118
1.569118
1.556308
1.556308
1.575430
1.575430
1.557001
1.557001
1.553338
1.553338
1.534719
1.534719
1.563213
1.563213
1.567526
1.567526
1.561356
1.561356
1.572059
1.572059
1.547489
1.547489
1.528371
1.528371
1.567499
1.567499
1.565353
1.565353
1.570899
1.570899
1.542713
1.542713
1.561571
1.561571
1.563125
1.563125
1.554407
1.554407
1.569868
1.569868
1.551130
1.551130
1.561593
1.561593
1.572742
1.572742
1.544343
1.544343
1.556605
1.556605
1.569909
1.569909
1.563436
1.563436
1.553136
1.553136
1.564048
1.564048
1.569785
1.569785
1.571361
1.571361
1.567842
1.567842
1.556610
1.556610
1.554108
1.554108
1.559832
1.559832
1.543307
1.543307
1.555840
1.555840
1.559404
1.559404
1.555172
1.555172
1.562243
1.562243
1.571051
1.571051
1.602971
1.602971
1.568195
1.568195
1.560606
1.560606
1.559618
1.559618
1.568051
1.568051
1.553255
1.553255
1.541325
1.541325
1.554228
1.554228
1.566172
1.566172
1.562011
1.562011
1.574542
1.574542
1.551078
1.551078
1.557553
1.557553
1.560511
1.560511
1.561928
1.561928
