0.4908
0.5079
0.4241
0.4066
0.3315
0.3965
0.3422
0.3417
0.4097
0.3816
0.3276
0.3389
0.3717
0.3528
0.3629
0.3675
0.2993
0.3467
0.3677
0.3504
0.2996
0.3332
0.3035
0.3865
0.3795
0.3832
0.3249
0.2861
0.3280
0.3559
0.3290
0.3226
0.3568
0.2910
0.2809
0.3262
0.3067
0.3153
0.3582
0.3222
0.3482
0.3139
0.3172
0.3292
0.3427
0.3426
0.3889
0.3266
0.3001
0.3736
0.2831
0.2994
0.2572
0.3276
0.3090
0.3638
0.3404
0.3368
0.3022
0.2985
0.3011
0.3059
0.3328
0.3233
0.3028
0.3196
0.3024
0.3044
0.3086
0.3209
0.3409
0.2887
0.2900
0.3022
0.2576
