0.7429
1.0314
0.9431
0.9009
0.8395
0.7831
0.6151
0.7776
0.7477
0.8600
0.8279
0.9234
0.8068
0.7376
0.7644
0.6907
0.6871
0.9507
0.8220
0.5975
0.8222
0.8290
0.6924
0.7074
0.8240
0.8190
0.7502
0.7245
0.7353
0.7857
0.6511
0.9333
0.7530
0.7787
0.7831
0.7713
0.7403
0.7138
0.6681
0.6690
0.6515
0.9037
0.6613
0.7921
0.6279
0.6674
0.6613
0.7802
0.7378
0.7007
0.8362
0.6584
0.7133
0.6864
0.6236
0.8778
0.7738
0.9531
0.8393
0.6430
0.8563
0.7206
0.7404
0.6598
0.6122
0.7180
0.6879
0.7855
0.6781
0.7443
0.5915
0.7059
0.7315
0.6940
0.7845
