3.1611
5.2043
8.9313
10.7518
11.2063
9.7566
9.7641
10.2304
9.6824
9.6388
10.3364
14.6880
12.2961
11.2564
9.2283
11.4246
12.6566
10.2851
14.3670
12.5472
14.6871
15.2954
15.2840
16.7828
12.6305
17.4449
14.8308
15.1576
13.4171
18.6631
16.6078
15.1677
15.8764
14.0683
15.7177
21.3302
13.0975
12.9943
21.6090
16.6773
17.6260
24.3794
17.4623
25.7432
29.0426
17.8984
20.5437
22.3887
19.0710
24.9889
21.6138
34.4560
30.0907
30.8979
25.5226
25.2337
22.0581
21.5834
15.1257
22.1646
39.1352
19.9040
30.8656
26.9778
21.9882
24.2778
24.5970
29.3036
22.2111
28.0426
29.0254
24.2713
22.7172
24.7897
37.1040
23.1702
27.0156
29.1544
21.3205
20.1870
26.9187
15.9139
20.4707
24.6363
25.4185
24.6693
27.2931
23.2900
27.5252
21.2822
29.8268
23.0461
25.6100
18.4731
32.9667
23.1234
24.9399
37.1953
25.3006
23.9376
