1.6409
2.3761
3.5045
3.2639
4.2540
3.5161
5.2044
5.5370
4.3655
3.5872
3.4272
3.5785
4.0875
4.4077
3.5487
3.2864
4.2185
3.7546
3.4464
6.5760
4.9438
4.6474
6.2358
3.7175
4.6634
4.1478
3.7292
4.1009
5.4450
3.1487
5.7029
4.8426
4.4898
4.5732
3.4727
4.0469
5.7958
3.9486
4.9173
3.9694
5.1363
5.3336
6.0226
4.2153
6.9692
5.1736
5.0457
6.0829
4.5210
7.0775
5.1147
4.8428
5.9543
5.2856
5.2562
5.3726
5.6513
6.9745
5.0771
5.5314
6.0001
5.2576
7.9366
5.1498
4.8850
5.7655
5.5387
5.8539
5.3038
6.6542
4.5499
7.9690
9.1264
4.9376
7.9781
6.4723
5.1325
7.9436
7.6672
7.3674
4.8342
8.8837
13.7365
5.4076
5.1328
4.8638
6.5552
8.0831
10.5877
6.6867
7.4955
7.8627
8.6092
7.2862
8.1426
6.8323
14.2704
6.8346
6.4275
7.9773
