2.4510
4.1984
4.0530
3.6349
3.4815
3.1674
3.1772
2.5489
2.4301
2.4858
2.0414
2.2769
2.4938
2.4986
2.1460
2.3183
1.7799
1.9146
1.5449
1.9071
1.6959
1.5134
1.6083
1.6248
2.0420
1.4508
1.7978
1.5210
1.4019
1.6371
1.7473
3.3695
1.8372
1.4886
1.5477
1.4046
1.6485
1.2852
1.2281
1.6182
1.5349
1.0770
1.4229
1.5397
1.5073
1.1655
1.4467
1.3619
1.2868
1.2626
1.3084
1.4347
1.4186
1.2719
1.1254
1.2817
1.3951
1.2416
1.6461
1.2319
1.2179
1.4601
1.1393
1.3404
1.5790
1.1635
1.3997
1.1501
1.7329
1.3053
1.1047
0.9956
1.2035
1.1327
1.1323
