0.5106
0.8438
0.5874
0.5480
0.4676
0.4379
0.4347
0.4648
0.4352
0.4664
0.5272
0.4364
0.4432
0.5293
0.3999
0.4303
0.4864
0.4431
0.4721
0.4329
0.5813
0.5342
0.4719
0.5396
0.4923
0.4446
0.4364
0.4356
0.4619
0.5233
0.3830
0.5220
0.4189
0.4604
0.3979
0.3893
0.4917
0.4309
0.4014
0.3685
0.4345
0.5252
0.4586
0.5398
0.4253
0.4414
0.4050
0.4263
0.4840
0.4656
0.4339
0.4673
0.4447
0.4657
0.3983
0.4392
0.4470
0.4021
0.4017
0.4543
0.3928
0.4076
0.3778
0.4053
0.4185
0.3971
0.4905
0.4978
0.3551
0.4433
0.4615
0.5101
0.4522
0.4069
0.3831
