1.2677
1.1875
1.5855
1.5292
1.7375
1.7067
1.9505
1.8620
2.2494
3.2444
2.0554
2.8894
2.8539
4.1349
2.4841
3.4432
2.7889
3.3746
2.7500
3.8914
4.7920
2.9350
3.9880
3.7153
4.3979
4.6379
3.8829
4.3952
3.2825
3.6976
4.9133
3.9673
2.9973
5.4173
4.7147
3.9589
4.3271
3.8371
3.3375
5.2731
4.5234
3.6241
3.7543
5.8385
4.6105
5.0724
4.8959
4.9439
3.7670
4.9815
3.3190
4.2732
6.1948
4.1453
4.3384
3.2876
5.3264
4.8421
6.4948
5.1157
5.6492
6.3087
5.2514
4.2297
3.6249
7.3564
5.2290
5.3475
7.4012
4.3354
6.4908
4.6228
6.0710
5.0234
6.6661
4.9129
5.7162
6.2845
4.8052
4.1759
5.4389
4.4861
6.7102
6.6603
5.8216
7.3726
5.8773
5.0495
5.4031
5.6640
8.0122
4.8056
4.9254
6.1346
5.7479
6.2376
5.2615
6.1046
6.5638
4.2211
