1.1451
1.0290
1.1537
1.2844
0.9916
1.1268
1.1109
1.1880
1.2960
1.1840
0.9565
1.2163
1.0510
1.1817
1.0859
1.2021
1.0903
1.1798
1.3050
1.3125
1.0833
1.1939
1.0490
1.1108
1.1022
0.9982
1.0208
1.2046
0.9947
1.1026
1.0614
1.2522
1.0882
1.3227
1.0210
1.2536
1.0307
1.2525
1.1363
1.2803
1.0885
1.0248
1.0987
1.1523
1.1519
1.0835
1.1175
1.2472
1.1615
0.9728
1.1574
1.0929
1.3157
1.1818
1.0632
1.1697
1.1538
1.1282
0.9864
1.0823
0.9936
0.9338
0.9378
1.0653
0.9608
1.0715
1.2911
1.0272
1.0256
0.9656
1.1191
1.2535
1.0844
1.1687
1.1555
