2.305815
2.305815
2.307084
2.307084
2.306867
2.306867
2.306970
2.306970
2.305155
2.305155
2.304067
2.304067
2.303273
2.303273
2.301877
2.301877
2.301869
2.301869
2.299164
2.299164
2.298826
2.298826
2.296308
2.296308
2.294364
2.294364
2.293861
2.293861
2.291586
2.291586
2.290262
2.290262
2.285645
2.285645
2.286183
2.286183
2.282588
2.282588
2.282253
2.282253
2.279359
2.279359
2.274471
2.274471
2.276114
2.276114
2.270706
2.270706
2.269326
2.269326
2.267518
2.267518
2.264017
2.264017
2.261893
2.261893
2.259264
2.259264
2.253917
2.253917
2.252191
2.252191
2.251607
2.251607
2.247311
2.247311
2.245810
2.245810
2.247018
2.247018
2.253831
2.253831
2.258246
2.258246
2.258756
2.258756
2.253609
2.253609
2.250570
2.250570
2.244952
2.244952
2.245113
2.245113
2.243254
2.243254
2.237293
2.237293
2.232876
2.232876
2.230320
2.230320
2.225945
2.225945
2.234272
2.234272
2.242858
2.242858
2.238861
2.238861
2.235620
2.235620
2.232459
2.232459
2.229209
2.229209
2.224460
2.224460
2.217551
2.217551
2.217569
2.217569
2.211911
2.211911
2.211220
2.211220
2.205155
2.205155
2.204217
2.204217
2.199740
2.199740
2.203660
2.203660
2.215981
2.215981
2.213485
2.213485
2.211878
2.211878
2.208349
2.208349
2.203438
2.203438
2.198347
2.198347
2.193317
2.193317
2.188986
2.188986
2.185693
2.185693
2.184918
2.184918
2.176945
2.176945
2.171618
2.171618
2.187575
2.187575
2.180403
2.180403
2.178518
2.178518
2.176212
2.176212
2.163662
2.163662
2.165000
2.165000
2.163766
2.163766
2.155653
2.155653
2.167595
2.167595
2.165864
2.165864
2.162155
2.162155
2.154591
2.154591
2.146659
2.146659
2.149477
2.149477
2.141621
2.141621
2.159342
2.159342
2.152296
2.152296
2.149658
2.149658
2.147328
2.147328
2.138755
2.138755
2.154904
2.154904
2.166832
2.166832
2.164466
2.164466
2.161248
2.161248
2.163232
2.163232
2.146157
2.146157
2.153253
2.153253
2.137248
2.137248
2.134124
2.134124
2.125894
2.125894
2.133883
2.133883
2.121899
2.121899
2.118965
2.118965
2.122603
2.122603
2.112049
2.112049
2.119631
2.119631
2.145290
2.145290
2.135903
2.135903
2.135547
2.135547
2.124890
2.124890
2.113981
2.113981
2.108324
2.108324
2.110931
2.110931
2.104686
2.104686
2.104668
2.104668
2.090424
2.090424
2.093451
2.093451
2.085879
2.085879
2.098405
2.098405
2.115367
2.115367
2.109637
2.109637
2.109512
2.109512
2.104113
2.104113
2.101406
2.101406
2.086907
2.086907
2.087784
2.087784
2.077773
2.077773
2.075968
2.075968
2.096771
2.096771
2.114817
2.114817
2.131320
2.131320
2.126946
2.126946
2.111196
2.111196
2.116154
2.116154
2.106991
2.106991
2.090731
2.090731
2.101167
2.101167
2.087137
2.087137
2.084980
2.084980
2.088296
2.088296
2.079548
2.079548
2.069268
2.069268
2.087014
2.087014
2.101540
2.101540
2.101735
2.101735
2.096414
2.096414
2.078541
2.078541
2.109027
2.109027
2.092310
2.092310
2.086111
2.086111
2.105878
2.105878
2.084903
2.084903
2.074101
2.074101
2.073261
2.073261
2.062887
2.062887
2.085016
2.085016
2.088633
2.088633
2.104563
2.104563
2.103659
2.103659
2.099591
2.099591
2.091887
2.091887
2.081703
2.081703
2.086368
2.086368
2.071784
2.071784
2.069021
2.069021
2.062197
2.062197
2.057064
2.057064
2.054764
2.054764
2.046156
2.046156
2.044714
2.044714
2.044263
2.044263
2.071650
2.071650
2.081237
2.081237
2.068949
2.068949
2.069167
2.069167
2.048273
2.048273
2.050170
2.050170
2.053385
2.053385
2.046016
2.046016
2.037022
2.037022
2.026596
2.026596
2.019879
2.019879
2.009856
2.009856
2.029214
2.029214
2.034906
2.034906
2.027104
2.027104
2.003204
2.003204
2.023734
2.023734
2.015236
2.015236
2.017990
2.017990
2.020979
2.020979
2.011447
2.011447
1.989292
1.989292
1.999764
1.999764
1.972238
1.972238
1.992553
1.992553
2.020684
2.020684
2.006778
2.006778
1.985967
1.985967
1.985429
1.985429
1.983026
1.983026
1.984854
1.984854
1.971473
1.971473
1.970435
1.970435
1.954465
1.954465
1.966179
1.966179
1.957004
1.957004
1.946594
1.946594
1.932938
1.932938
1.941959
1.941959
1.942651
1.942651
1.928490
1.928490
1.920631
1.920631
1.944260
1.944260
1.947503
1.947503
1.946543
1.946543
1.944842
1.944842
1.930354
1.930354
1.935897
1.935897
1.937022
1.937022
1.910898
1.910898
1.921959
1.921959
1.912157
1.912157
1.913854
1.913854
1.915048
1.915048
1.903012
1.903012
1.912288
1.912288
1.895829
1.895829
1.895736
1.895736
1.890988
1.890988
1.886951
1.886951
1.902371
1.902371
1.894838
1.894838
1.896946
1.896946
1.914156
1.914156
1.909093
1.909093
1.916883
1.916883
1.899362
1.899362
1.887694
1.887694
1.895219
1.895219
1.893713
1.893713
1.887655
1.887655
1.886127
1.886127
1.883463
1.883463
1.880818
1.880818
1.890862
1.890862
1.871573
1.871573
1.878678
1.878678
1.879461
1.879461
1.865728
1.865728
1.867911
1.867911
1.880754
1.880754
1.891411
1.891411
1.897038
1.897038
1.898949
1.898949
1.898769
1.898769
1.889777
1.889777
1.903785
1.903785
1.884891
1.884891
1.886476
1.886476
1.870473
1.870473
1.881728
1.881728
1.866621
1.866621
1.873176
1.873176
1.873034
1.873034
1.879335
1.879335
1.860193
1.860193
1.854541
1.854541
1.868850
1.868850
1.859999
1.859999
1.864237
1.864237
1.846158
1.846158
1.858093
1.858093
1.848733
1.848733
1.847291
1.847291
1.848140
1.848140
1.853103
1.853103
1.840616
1.840616
1.828996
1.828996
1.836419
1.836419
1.843322
1.843322
1.825974
1.825974
1.828027
1.828027
1.838987
1.838987
1.831779
1.831779
1.853949
1.853949
1.849503
1.849503
1.860532
1.860532
1.879293
1.879293
1.867376
1.867376
1.861399
1.861399
1.858351
1.858351
1.872873
1.872873
1.853101
1.853101
1.869899
1.869899
1.855801
1.855801
1.853040
1.853040
1.851368
1.851368
1.847289
1.847289
1.849611
1.849611
1.861112
1.861112
1.853232
1.853232
1.828404
1.828404
1.849631
1.849631
1.847454
1.847454
1.818723
1.818723
1.841188
1.841188
1.826096
1.826096
1.826511
1.826511
1.827153
1.827153
1.835426
1.835426
1.807407
1.807407
1.832623
1.832623
1.836367
1.836367
1.825351
1.825351
1.802793
1.802793
1.805720
1.805720
1.821859
1.821859
1.814462
1.814462
1.815479
1.815479
1.817991
1.817991
1.813273
1.813273
1.811381
1.811381
1.822611
1.822611
1.816191
1.816191
1.829777
1.829777
1.818078
1.818078
1.826251
1.826251
1.825250
1.825250
1.828288
1.828288
1.810526
1.810526
1.827611
1.827611
1.822802
1.822802
1.812953
1.812953
1.800853
1.800853
1.815810
1.815810
1.797503
1.797503
1.825168
1.825168
1.825619
1.825619
1.822374
1.822374
1.823888
1.823888
1.816062
1.816062
1.822191
1.822191
1.829560
1.829560
1.826770
1.826770
1.812035
1.812035
1.811115
1.811115
1.808095
1.808095
1.829214
1.829214
1.818225
1.818225
1.801809
1.801809
1.823132
1.823132
1.790543
1.790543
1.802617
1.802617
1.807913
1.807913
1.814763
1.814763
1.810692
1.810692
1.800103
1.800103
1.794673
1.794673
1.809905
1.809905
1.804036
1.804036
1.813471
1.813471
1.818375
1.818375
1.805213
1.805213
1.816658
1.816658
1.803685
1.803685
1.812627
1.812627
1.812734
1.812734
1.811928
1.811928
1.786225
1.786225
1.799945
1.799945
1.795728
1.795728
1.796744
1.796744
1.799509
1.799509
1.810877
1.810877
1.783117
1.783117
1.788168
1.788168
1.801291
1.801291
1.772400
1.772400
1.796004
1.796004
1.807680
1.807680
1.786155
1.786155
1.800435
1.800435
1.794441
1.794441
1.805891
1.805891
1.804235
1.804235
1.807132
1.807132
1.806142
1.806142
1.792838
1.792838
1.792884
1.792884
1.788470
1.788470
1.789383
1.789383
1.789766
1.789766
1.809725
1.809725
1.801671
1.801671
1.797394
1.797394
1.790191
1.790191
1.801888
1.801888
1.801540
1.801540
1.789570
1.789570
1.793328
1.793328
1.792293
1.792293
1.806703
1.806703
1.776379
1.776379
1.788464
1.788464
1.781033
1.781033
1.786668
1.786668
1.781530
1.781530
1.795542
1.795542
1.793611
1.793611
1.782929
1.782929
1.790152
1.790152
1.786279
1.786279
1.778035
1.778035
1.791322
1.791322
1.786858
1.786858
1.788304
1.788304
1.799109
1.799109
1.783860
1.783860
1.778113
1.778113
1.787442
1.787442
1.783825
1.783825
1.789053
1.789053
1.791073
1.791073
1.776984
1.776984
1.773553
1.773553
1.770686
1.770686
1.785265
1.785265
1.777376
1.777376
1.784213
1.784213
1.797343
1.797343
1.791009
1.791009
1.778393
1.778393
1.789244
1.789244
1.792438
1.792438
1.788195
1.788195
1.777854
1.777854
1.778766
1.778766
1.782898
1.782898
1.781098
1.781098
1.793550
1.793550
1.785659
1.785659
1.779835
1.779835
1.768534
1.768534
1.768324
1.768324
1.783386
1.783386
1.777846
1.777846
1.781058
1.781058
1.762498
1.762498
1.759168
1.759168
1.781273
1.781273
1.771397
1.771397
1.766267
1.766267
1.762045
1.762045
1.781305
1.781305
1.773749
1.773749
1.782830
1.782830
1.778723
1.778723
1.775297
1.775297
1.772533
1.772533
1.774741
1.774741
1.769448
1.769448
1.771191
1.771191
1.776402
1.776402
1.774132
1.774132
1.769827
1.769827
1.782081
1.782081
1.775082
1.775082
1.751102
1.751102
1.775936
1.775936
1.752449
1.752449
1.775240
1.775240
1.772978
1.772978
1.788810
1.788810
1.774777
1.774777
1.768770
1.768770
1.774863
1.774863
1.783544
1.783544
1.770222
1.770222
1.766364
1.766364
1.770666
1.770666
1.755211
1.755211
1.765834
1.765834
1.767795
1.767795
1.784303
1.784303
1.768352
1.768352
1.762955
1.762955
1.771222
1.771222
1.771845
1.771845
1.749912
1.749912
1.761320
1.761320
1.763943
1.763943
1.760177
1.760177
1.755147
1.755147
1.761074
1.761074
1.754643
1.754643
1.758917
1.758917
1.752243
1.752243
1.765438
1.765438
1.765920
1.765920
1.775844
1.775844
1.771832
1.771832
1.762767
1.762767
1.762551
1.762551
1.768049
1.768049
1.752397
1.752397
1.760316
1.760316
1.774224
1.774224
1.759897
1.759897
1.751901
1.751901
1.750579
1.750579
1.751818
1.751818
1.750697
1.750697
1.773185
1.773185
1.750894
1.750894
1.752100
1.752100
1.752625
1.752625
1.759300
1.759300
1.756205
1.756205
1.764346
1.764346
1.766331
1.766331
1.773970
1.773970
1.784392
1.784392
1.763721
1.763721
1.752301
1.752301
1.761507
1.761507
1.757246
1.757246
1.753987
1.753987
1.770590
1.770590
1.769545
1.769545
1.763329
1.763329
1.760463
1.760463
1.745277
1.745277
1.768321
1.768321
1.763956
1.763956
1.749013
1.749013
1.760671
1.760671
1.739727
1.739727
1.767405
1.767405
1.752803
1.752803
1.741728
1.741728
1.740281
1.740281
1.738007
1.738007
1.751672
1.751672
1.756575
1.756575
1.763978
1.763978
1.751160
1.751160
1.759272
1.759272
1.741174
1.741174
1.736837
1.736837
1.736784
1.736784
1.740344
1.740344
1.749672
1.749672
1.752452
1.752452
1.746102
1.746102
1.737299
1.737299
1.759079
1.759079
1.755895
1.755895
1.747679
1.747679
1.762411
1.762411
1.765187
1.765187
1.767863
1.767863
1.752906
1.752906
1.737396
1.737396
1.757229
1.757229
1.753793
1.753793
1.750554
1.750554
1.739167
1.739167
1.763124
1.763124
1.746477
1.746477
1.749343
1.749343
1.751987
1.751987
1.752821
1.752821
1.740631
1.740631
1.744717
1.744717
1.736014
1.736014
1.758743
1.758743
1.734267
1.734267
1.741090
1.741090
1.731795
1.731795
1.748519
1.748519
1.746416
1.746416
1.733567
1.733567
1.746204
1.746204
1.748024
1.748024
1.745854
1.745854
1.741923
1.741923
1.736806
1.736806
1.748113
1.748113
1.760609
1.760609
1.727607
1.727607
1.747707
1.747707
1.734374
1.734374
1.740704
1.740704
1.753156
1.753156
1.748763
1.748763
1.745923
1.745923
1.761276
1.761276
1.743668
1.743668
1.734435
1.734435
1.738391
1.738391
1.741037
1.741037
1.758460
1.758460
1.760899
1.760899
1.745452
1.745452
1.727325
1.727325
1.745011
1.745011
1.746989
1.746989
1.754578
1.754578
1.736457
1.736457
1.754005
1.754005
1.746757
1.746757
1.753585
1.753585
1.737223
1.737223
1.737701
1.737701
1.739481
1.739481
1.748999
1.748999
1.734404
1.734404
1.743430
1.743430
1.732162
1.732162
1.740175
1.740175
1.750331
1.750331
1.739095
1.739095
1.725860
1.725860
1.729312
1.729312
1.738811
1.738811
1.730014
1.730014
1.725556
1.725556
1.738122
1.738122
1.741220
1.741220
1.745506
1.745506
1.736676
1.736676
1.749998
1.749998
1.744098
1.744098
1.743069
1.743069
1.727955
1.727955
1.736737
1.736737
1.748503
1.748503
1.739409
1.739409
1.726805
1.726805
1.739147
1.739147
1.736197
1.736197
1.738483
1.738483
1.734514
1.734514
1.742891
1.742891
1.729677
1.729677
1.733584
1.733584
1.731515
1.731515
1.742983
1.742983
1.743319
1.743319
1.732884
1.732884
1.726443
1.726443
1.738400
1.738400
1.732869
1.732869
1.724379
1.724379
1.754606
1.754606
1.724730
1.724730
1.743103
1.743103
1.733864
1.733864
1.750624
1.750624
1.752104
1.752104
1.748809
1.748809
1.732944
1.732944
1.745553
1.745553
1.724512
1.724512
1.735466
1.735466
1.740157
1.740157
1.740084
1.740084
1.729284
1.729284
1.734302
1.734302
1.722192
1.722192
1.740528
1.740528
1.733128
1.733128
1.730933
1.730933
1.726920
1.726920
1.717468
1.717468
1.722939
1.722939
1.734986
1.734986
1.718060
1.718060
1.737350
1.737350
1.724441
1.724441
1.730445
1.730445
1.729481
1.729481
1.712793
1.712793
1.722184
1.722184
1.733951
1.733951
1.717637
1.717637
1.715751
1.715751
1.725811
1.725811
1.726785
1.726785
1.736784
1.736784
1.723275
1.723275
1.741436
1.741436
1.727244
1.727244
1.740753
1.740753
1.742861
1.742861
1.720841
1.720841
1.740359
1.740359
1.729797
1.729797
1.731354
1.731354
1.747847
1.747847
1.744319
1.744319
1.741517
1.741517
1.719999
1.719999
1.715203
1.715203
1.729480
1.729480
1.723649
1.723649
1.717300
1.717300
1.740377
1.740377
1.720372
1.720372
1.737769
1.737769
1.725415
1.725415
1.743189
1.743189
1.713069
1.713069
1.727476
1.727476
1.740454
1.740454
1.717584
1.717584
1.725830
1.725830
1.734846
1.734846
1.728638
1.728638
1.737347
1.737347
1.711006
1.711006
1.731823
1.731823
1.711890
1.711890
1.748499
1.748499
1.726182
1.726182
1.726256
1.726256
1.733458
1.733458
1.729962
1.729962
1.721687
1.721687
1.707620
1.707620
1.748171
1.748171
1.716034
1.716034
1.723794
1.723794
1.718774
1.718774
1.722515
1.722515
1.717697
1.717697
1.726054
1.726054
1.715604
1.715604
1.738696
1.738696
1.746288
1.746288
1.735646
1.735646
1.716380
1.716380
1.722587
1.722587
1.721999
1.721999
1.728842
1.728842
1.726767
1.726767
1.726553
1.726553
1.721356
1.721356
1.716656
1.716656
1.717187
1.717187
1.711509
1.711509
1.725793
1.725793
1.740897
1.740897
1.728001
1.728001
1.734781
1.734781
1.721241
1.721241
1.728476
1.728476
1.725890
1.725890
1.729796
1.729796
1.722168
1.722168
1.713046
1.713046
1.739037
1.739037
1.716567
1.716567
1.718713
1.718713
1.727512
1.727512
1.717805
1.717805
1.720899
1.720899
1.714046
1.714046
1.729380
1.729380
1.715141
1.715141
1.733342
1.733342
1.705437
1.705437
1.712812
1.712812
1.716623
1.716623
1.722525
1.722525
1.722473
1.722473
1.718784
1.718784
1.717183
1.717183
1.724864
1.724864
1.711466
1.711466
1.714689
1.714689
1.731325
1.731325
1.717892
1.717892
1.711903
1.711903
1.707581
1.707581
1.706285
1.706285
1.704592
1.704592
1.716623
1.716623
1.736999
1.736999
1.714306
1.714306
1.719191
1.719191
1.712113
1.712113
1.727505
1.727505
1.732966
1.732966
1.716368
1.716368
1.734719
1.734719
1.698639
1.698639
1.716041
1.716041
1.721532
1.721532
1.730591
1.730591
1.709160
1.709160
1.728961
1.728961
1.713563
1.713563
1.717097
1.717097
1.717749
1.717749
1.731277
1.731277
1.726030
1.726030
1.709132
1.709132
1.699872
1.699872
1.705417
1.705417
1.710413
1.710413
1.706794
1.706794
1.720849
1.720849
1.740808
1.740808
1.723801
1.723801
1.716780
1.716780
1.716191
1.716191
1.723359
1.723359
1.732499
1.732499
1.731848
1.731848
1.734345
1.734345
1.715599
1.715599
1.720484
1.720484
1.721627
1.721627
1.706711
1.706711
1.726567
1.726567
1.709827
1.709827
1.727010
1.727010
1.705344
1.705344
1.719841
1.719841
1.727479
1.727479
1.694911
1.694911
1.712958
1.712958
1.721167
1.721167
1.717497
1.717497
1.711995
1.711995
1.718292
1.718292
1.707782
1.707782
1.702574
1.702574
1.723384
1.723384
1.716514
1.716514
1.708557
1.708557
1.716192
1.716192
1.698127
1.698127
1.709280
1.709280
1.703996
1.703996
1.695849
1.695849
1.713801
1.713801
1.699969
1.699969
1.733903
1.733903
1.689513
1.689513
1.713334
1.713334
1.707090
1.707090
1.712078
1.712078
1.709346
1.709346
1.710032
1.710032
1.726523
1.726523
1.714571
1.714571
1.716225
1.716225
1.709940
1.709940
1.715765
1.715765
1.708792
1.708792
1.722884
1.722884
1.728783
1.728783
1.720662
1.720662
1.718439
1.718439
1.720052
1.720052
1.722226
1.722226
1.706655
1.706655
1.715339
1.715339
1.709567
1.709567
1.718713
1.718713
1.710510
1.710510
1.714386
1.714386
1.716455
1.716455
1.705515
1.705515
1.717946
1.717946
1.713791
1.713791
1.705461
1.705461
1.712549
1.712549
1.720483
1.720483
1.710528
1.710528
1.706596
1.706596
1.697351
1.697351
1.705940
1.705940
1.709947
1.709947
1.704915
1.704915
1.703561
1.703561
1.708155
1.708155
1.702666
1.702666
1.708839
1.708839
1.705058
1.705058
1.695203
1.695203
1.694736
1.694736
1.723748
1.723748
1.707274
1.707274
1.693902
1.693902
1.708132
1.708132
1.703842
1.703842
1.699189
1.699189
1.699697
1.699697
1.696271
1.696271
1.704560
1.704560
1.714375
1.714375
1.709346
1.709346
1.709746
1.709746
1.718182
1.718182
1.714562
1.714562
1.719733
1.719733
1.701172
1.701172
1.714051
1.714051
1.725226
1.725226
1.702799
1.702799
1.708915
1.708915
1.721418
1.721418
1.707668
1.707668
1.701202
1.701202
1.723749
1.723749
1.718718
1.718718
1.703161
1.703161
1.698220
1.698220
1.713923
1.713923
1.713423
1.713423
1.713282
1.713282
1.704600
1.704600
1.720294
1.720294
1.705576
1.705576
1.702224
1.702224
1.708216
1.708216
1.691584
1.691584
1.706921
1.706921
1.692550
1.692550
1.714220
1.714220
1.702765
1.702765
1.705806
1.705806
1.707210
1.707210
1.693632
1.693632
1.718270
1.718270
1.701778
1.701778
1.685385
1.685385
1.703218
1.703218
1.696730
1.696730
1.705967
1.705967
1.693561
1.693561
1.705207
1.705207
1.706488
1.706488
1.696029
1.696029
1.703998
1.703998
1.689550
1.689550
1.700361
1.700361
1.715319
1.715319
1.704219
1.704219
1.695231
1.695231
1.701294
1.701294
1.725271
1.725271
1.697271
1.697271
1.712870
1.712870
1.701962
1.701962
1.709270
1.709270
1.723507
1.723507
1.710974
1.710974
1.698652
1.698652
1.709304
1.709304
1.697989
1.697989
1.715990
1.715990
1.720197
1.720197
1.712012
1.712012
1.688044
1.688044
1.697799
1.697799
1.699299
1.699299
1.696351
1.696351
1.705608
1.705608
1.704302
1.704302
1.709634
1.709634
1.689468
1.689468
1.704768
1.704768
1.698725
1.698725
1.688266
1.688266
1.705463
1.705463
1.704934
1.704934
1.702736
1.702736
1.704249
1.704249
1.711123
1.711123
1.696297
1.696297
1.688048
1.688048
1.709636
1.709636
1.705661
1.705661
1.693715
1.693715
1.709205
1.709205
1.685473
1.685473
1.705800
1.705800
1.689021
1.689021
1.710716
1.710716
1.706493
1.706493
1.700179
1.700179
1.702854
1.702854
1.689837
1.689837
1.709774
1.709774
1.700750
1.700750
1.700759
1.700759
1.696731
1.696731
1.703495
1.703495
1.702725
1.702725
1.702772
1.702772
1.714445
1.714445
1.707020
1.707020
1.702453
1.702453
1.710524
1.710524
1.701990
1.701990
1.698927
1.698927
1.695773
1.695773
1.697019
1.697019
1.707496
1.707496
1.709468
1.709468
1.702186
1.702186
1.690204
1.690204
1.722578
1.722578
1.688616
1.688616
1.696223
1.696223
1.706813
1.706813
1.689993
1.689993
1.708582
1.708582
1.690019
1.690019
1.708946
1.708946
1.694779
1.694779
1.698316
1.698316
1.685100
1.685100
1.706519
1.706519
1.701327
1.701327
1.692802
1.692802
1.685053
1.685053
1.697883
1.697883
1.696810
1.696810
1.705887
1.705887
1.719842
1.719842
1.715737
1.715737
1.681999
1.681999
1.718418
1.718418
1.693761
1.693761
1.692689
1.692689
1.701787
1.701787
1.691489
1.691489
1.705123
1.705123
1.695362
1.695362
1.702497
1.702497
1.701695
1.701695
1.690972
1.690972
1.700086
1.700086
1.698652
1.698652
1.692748
1.692748
1.691391
1.691391
1.704702
1.704702
1.697865
1.697865
1.699281
1.699281
1.678178
1.678178
1.678383
1.678383
1.704977
1.704977
1.704722
1.704722
1.694549
1.694549
1.703410
1.703410
1.701541
1.701541
1.699674
1.699674
1.702449
1.702449
1.689333
1.689333
1.682549
1.682549
1.684546
1.684546
1.695761
1.695761
1.693283
1.693283
1.701470
1.701470
1.713552
1.713552
1.702408
1.702408
1.698593
1.698593
1.711185
1.711185
1.705106
1.705106
1.710271
1.710271
1.711497
1.711497
1.706099
1.706099
1.693280
1.693280
1.711691
1.711691
1.702790
1.702790
1.724761
1.724761
1.693528
1.693528
1.695434
1.695434
1.706132
1.706132
1.687850
1.687850
1.683980
1.683980
1.709847
1.709847
1.697632
1.697632
1.707642
1.707642
1.699597
1.699597
1.690834
1.690834
1.687357
1.687357
1.707524
1.707524
1.702317
1.702317
1.698800
1.698800
1.706235
1.706235
1.672716
1.672716
1.695494
1.695494
1.708554
1.708554
1.692352
1.692352
1.688388
1.688388
1.695340
1.695340
1.691766
1.691766
1.690830
1.690830
1.704658
1.704658
1.693244
1.693244
1.686754
1.686754
1.685079
1.685079
1.696641
1.696641
1.700397
1.700397
1.677905
1.677905
1.681317
1.681317
1.704799
1.704799
1.704551
1.704551
1.680232
1.680232
1.681485
1.681485
1.684414
1.684414
1.699834
1.699834
1.690526
1.690526
1.690360
1.690360
1.674502
1.674502
1.694483
1.694483
1.702614
1.702614
1.697249
1.697249
1.673058
1.673058
1.699286
1.699286
1.695766
1.695766
1.675583
1.675583
1.692739
1.692739
1.689678
1.689678
1.708449
1.708449
1.690666
1.690666
1.692451
1.692451
1.682759
1.682759
1.698483
1.698483
1.698614
1.698614
1.678797
1.678797
1.700480
1.700480
1.698882
1.698882
1.701999
1.701999
1.688802
1.688802
1.713190
1.713190
1.694569
1.694569
1.687012
1.687012
1.680943
1.680943
1.699947
1.699947
1.695429
1.695429
1.686931
1.686931
1.694716
1.694716
1.679289
1.679289
1.691078
1.691078
1.696068
1.696068
1.684220
1.684220
1.697951
1.697951
1.680458
1.680458
1.690099
1.690099
1.682161
1.682161
1.690058
1.690058
1.705717
1.705717
1.684394
1.684394
1.688605
1.688605
1.700413
1.700413
1.702573
1.702573
1.693997
1.693997
1.685576
1.685576
1.702509
1.702509
1.697469
1.697469
1.686113
1.686113
1.690890
1.690890
1.687329
1.687329
1.695802
1.695802
1.680890
1.680890
1.689925
1.689925
1.696765
1.696765
1.695784
1.695784
1.680290
1.680290
1.688732
1.688732
1.705558
1.705558
1.685919
1.685919
1.688744
1.688744
1.686553
1.686553
1.685371
1.685371
1.684764
1.684764
1.695558
1.695558
1.690367
1.690367
1.687365
1.687365
1.697893
1.697893
1.692288
1.692288
1.694496
1.694496
1.693007
1.693007
1.682816
1.682816
1.704040
1.704040
1.687188
1.687188
1.690453
1.690453
1.697651
1.697651
1.707518
1.707518
1.678492
1.678492
1.677743
1.677743
1.691900
1.691900
1.698420
1.698420
1.689555
1.689555
1.694831
1.694831
1.678921
1.678921
1.691718
1.691718
1.687941
1.687941
1.700341
1.700341
1.679302
1.679302
1.688555
1.688555
1.694818
1.694818
1.683994
1.683994
1.696571
1.696571
1.688276
1.688276
1.674818
1.674818
1.688718
1.688718
1.699946
1.699946
1.691958
1.691958
1.701675
1.701675
1.673836
1.673836
1.690941
1.690941
1.692774
1.692774
1.692210
1.692210
1.692099
1.692099
1.684981
1.684981
1.688839
1.688839
1.687340
1.687340
1.675668
1.675668
1.703776
1.703776
1.687698
1.687698
1.686452
1.686452
1.683746
1.683746
1.675538
1.675538
1.684803
1.684803
1.696268
1.696268
1.696734
1.696734
1.685471
1.685471
1.689562
1.689562
1.689963
1.689963
1.689081
1.689081
1.693238
1.693238
1.697261
1.697261
1.696497
1.696497
1.693670
1.693670
1.679565
1.679565
1.691638
1.691638
1.687078
1.687078
1.688013
1.688013
1.686868
1.686868
1.700742
1.700742
1.671348
1.671348
1.697235
1.697235
1.694257
1.694257
1.683698
1.683698
1.687778
1.687778
1.680890
1.680890
1.686502
1.686502
1.673542
1.673542
1.690292
1.690292
1.697080
1.697080
1.682841
1.682841
1.680454
1.680454
1.682112
1.682112
1.692771
1.692771
1.685833
1.685833
1.697484
1.697484
1.675712
1.675712
1.686259
1.686259
1.694533
1.694533
1.680069
1.680069
1.693261
1.693261
1.691056
1.691056
1.679519
1.679519
1.677434
1.677434
1.705129
1.705129
1.682394
1.682394
1.694328
1.694328
1.677985
1.677985
1.677794
1.677794
1.687721
1.687721
1.697169
1.697169
1.688858
1.688858
1.680922
1.680922
1.680502
1.680502
1.704014
1.704014
1.674332
1.674332
1.679356
1.679356
1.680437
1.680437
1.705037
1.705037
1.671878
1.671878
1.685360
1.685360
1.686366
1.686366
1.693294
1.693294
1.683016
1.683016
1.675618
1.675618
1.684934
1.684934
1.710297
1.710297
1.684308
1.684308
1.688480
1.688480
1.700638
1.700638
1.679805
1.679805
1.675709
1.675709
1.678081
1.678081
1.692619
1.692619
1.686601
1.686601
1.683184
1.683184
1.684597
1.684597
1.693954
1.693954
1.682364
1.682364
1.685848
1.685848
1.668703
1.668703
1.688867
1.688867
1.686829
1.686829
1.687682
1.687682
1.675593
1.675593
1.684343
1.684343
1.674260
1.674260
1.683408
1.683408
1.702725
1.702725
1.691193
1.691193
1.677770
1.677770
1.694950
1.694950
1.685696
1.685696
1.683426
1.683426
1.697319
1.697319
1.693821
1.693821
1.705189
1.705189
1.679417
1.679417
1.684637
1.684637
1.704069
1.704069
1.675803
1.675803
1.714825
1.714825
1.682398
1.682398
1.682526
1.682526
1.698635
1.698635
1.694360
1.694360
1.678025
1.678025
1.693074
1.693074
1.677501
1.677501
1.680043
1.680043
1.693386
1.693386
1.683929
1.683929
1.680115
1.680115
1.685963
1.685963
1.692993
1.692993
1.687142
1.687142
1.667282
1.667282
1.677812
1.677812
1.681407
1.681407
1.691623
1.691623
1.680208
1.680208
1.678033
1.678033
1.695389
1.695389
1.674157
1.674157
1.684484
1.684484
1.668600
1.668600
1.680421
1.680421
1.664389
1.664389
1.680063
1.680063
1.691266
1.691266
1.685960
1.685960
1.673941
1.673941
1.681011
1.681011
1.676690
1.676690
1.675948
1.675948
1.673764
1.673764
1.689147
1.689147
1.668296
1.668296
1.677391
1.677391
1.690169
1.690169
1.682150
1.682150
1.667882
1.667882
1.677927
1.677927
1.697102
1.697102
1.675732
1.675732
1.675475
1.675475
1.679187
1.679187
1.689139
1.689139
1.689434
1.689434
1.666366
1.666366
1.681684
1.681684
1.685962
1.685962
1.663910
1.663910
1.686275
1.686275
1.694607
1.694607
1.691992
1.691992
1.662980
1.662980
1.671234
1.671234
1.676896
1.676896
1.676394
1.676394
1.692067
1.692067
1.695849
1.695849
1.692303
1.692303
1.681205
1.681205
1.671273
1.671273
1.692147
1.692147
1.688324
1.688324
1.672641
1.672641
1.689499
1.689499
1.673541
1.673541
1.685215
1.685215
1.701425
1.701425
1.665413
1.665413
1.679257
1.679257
1.673762
1.673762
1.707208
1.707208
1.683321
1.683321
1.687567
1.687567
1.683655
1.683655
1.666216
1.666216
1.675435
1.675435
1.692167
1.692167
1.659857
1.659857
1.681121
1.681121
1.678257
1.678257
1.692342
1.692342
1.686592
1.686592
1.689390
1.689390
1.684882
1.684882
1.663417
1.663417
1.673298
1.673298
1.682308
1.682308
1.681128
1.681128
1.679002
1.679002
1.685983
1.685983
1.692376
1.692376
1.693249
1.693249
1.692896
1.692896
1.682341
1.682341
1.684647
1.684647
1.691901
1.691901
1.691857
1.691857
1.686715
1.686715
1.683758
1.683758
1.689607
1.689607
1.696848
1.696848
1.670935
1.670935
1.693192
1.693192
1.693015
1.693015
1.661264
1.661264
1.686951
1.686951
1.690278
1.690278
1.692065
1.692065
1.683398
1.683398
1.672448
1.672448
1.682979
1.682979
1.681561
1.681561
1.676553
1.676553
1.679319
1.679319
1.687673
1.687673
1.687629
1.687629
1.667916
1.667916
1.681015
1.681015
1.685998
1.685998
1.672994
1.672994
1.676121
1.676121
1.679154
1.679154
1.681212
1.681212
1.686300
1.686300
1.669506
1.669506
1.675272
1.675272
1.675119
1.675119
1.673524
1.673524
1.672448
1.672448
1.675591
1.675591
1.681417
1.681417
1.679973
1.679973
1.676859
1.676859
1.664449
1.664449
1.678343
1.678343
1.694681
1.694681
1.662525
1.662525
1.694818
1.694818
1.674661
1.674661
1.671258
1.671258
1.681122
1.681122
1.657618
1.657618
1.684320
1.684320
1.671031
1.671031
1.679769
1.679769
1.669295
1.669295
1.676652
1.676652
1.692045
1.692045
1.657231
1.657231
1.667363
1.667363
1.685558
1.685558
1.673433
1.673433
1.674628
1.674628
1.681866
1.681866
1.668115
1.668115
1.675495
1.675495
1.685291
1.685291
1.688132
1.688132
1.678181
1.678181
1.678928
1.678928
1.665287
1.665287
1.690634
1.690634
1.674734
1.674734
1.687999
1.687999
1.681088
1.681088
1.665895
1.665895
1.684770
1.684770
1.675665
1.675665
1.675670
1.675670
1.676443
1.676443
1.680430
1.680430
1.679940
1.679940
1.674768
1.674768
1.698496
1.698496
1.680235
1.680235
1.675076
1.675076
1.692523
1.692523
1.689688
1.689688
1.697371
1.697371
1.675976
1.675976
1.676222
1.676222
1.680864
1.680864
1.683387
1.683387
1.673706
1.673706
1.690825
1.690825
1.680145
1.680145
1.686775
1.686775
1.687703
1.687703
1.691929
1.691929
1.672180
1.672180
1.670754
1.670754
1.683336
1.683336
1.675934
1.675934
1.673274
1.673274
1.698033
1.698033
1.683194
1.683194
1.659836
1.659836
1.675937
1.675937
1.682444
1.682444
1.686616
1.686616
1.669003
1.669003
1.672961
1.672961
1.682753
1.682753
1.674725
1.674725
1.685958
1.685958
1.667278
1.667278
1.667309
1.667309
1.680710
1.680710
1.681544
1.681544
1.674187
1.674187
1.665528
1.665528
1.670986
1.670986
1.668818
1.668818
1.690466
1.690466
1.679911
1.679911
1.669678
1.669678
1.663917
1.663917
1.676499
1.676499
1.687829
1.687829
1.685016
1.685016
1.671682
1.671682
1.646882
1.646882
1.674328
1.674328
1.671613
1.671613
1.666994
1.666994
1.686776
1.686776
1.671413
1.671413
1.679274
1.679274
1.678121
1.678121
1.662594
1.662594
1.677307
1.677307
1.679299
1.679299
1.681790
1.681790
1.682780
1.682780
1.677756
1.677756
1.666857
1.666857
1.678137
1.678137
1.669703
1.669703
1.687215
1.687215
1.658413
1.658413
1.687378
1.687378
1.683616
1.683616
1.678432
1.678432
1.670887
1.670887
1.679866
1.679866
1.671301
1.671301
1.677484
1.677484
1.673347
1.673347
1.667732
1.667732
1.679038
1.679038
1.682858
1.682858
1.664491
1.664491
1.679425
1.679425
1.668040
1.668040
1.664149
1.664149
1.680139
1.680139
1.672817
1.672817
1.658392
1.658392
1.674622
1.674622
1.682914
1.682914
1.683844
1.683844
1.671710
1.671710
1.676659
1.676659
1.674786
1.674786
1.678307
1.678307
1.673650
1.673650
1.679606
1.679606
1.673451
1.673451
1.680101
1.680101
1.675596
1.675596
1.669912
1.669912
1.678018
1.678018
1.674975
1.674975
1.673818
1.673818
1.672168
1.672168
1.680645
1.680645
1.666363
1.666363
1.662840
1.662840
1.669487
1.669487
1.673926
1.673926
1.670737
1.670737
1.696548
1.696548
1.669767
1.669767
1.684383
1.684383
1.682112
1.682112
1.677167
1.677167
1.682386
1.682386
1.678485
1.678485
1.693407
1.693407
1.667907
1.667907
1.693930
1.693930
1.655726
1.655726
1.658183
1.658183
1.690756
1.690756
1.687614
1.687614
1.666149
1.666149
1.691096
1.691096
1.671092
1.671092
1.684182
1.684182
1.682552
1.682552
1.684298
1.684298
1.650537
1.650537
1.680795
1.680795
1.670297
1.670297
1.663772
1.663772
1.681742
1.681742
1.677774
1.677774
1.666384
1.666384
1.684750
1.684750
1.671432
1.671432
1.664285
1.664285
1.682621
1.682621
1.668245
1.668245
1.680648
1.680648
1.666611
1.666611
1.673883
1.673883
1.669316
1.669316
1.671273
1.671273
1.677680
1.677680
1.676575
1.676575
1.666814
1.666814
1.656454
1.656454
1.673573
1.673573
1.674543
1.674543
1.679691
1.679691
1.653808
1.653808
1.665278
1.665278
1.656237
1.656237
1.671388
1.671388
1.672471
1.672471
1.669530
1.669530
1.677477
1.677477
1.672643
1.672643
1.667007
1.667007
1.676248
1.676248
1.683806
1.683806
1.679517
1.679517
1.680417
1.680417
1.664898
1.664898
1.676336
1.676336
1.689993
1.689993
1.679748
1.679748
1.700543
1.700543
1.673507
1.673507
1.663005
1.663005
1.672868
1.672868
1.673005
1.673005
1.675832
1.675832
1.680118
1.680118
1.680273
1.680273
1.675226
1.675226
1.660471
1.660471
1.666619
1.666619
1.673287
1.673287
1.680706
1.680706
1.673077
1.673077
1.676359
1.676359
1.657350
1.657350
1.670808
1.670808
1.673737
1.673737
1.687755
1.687755
1.672595
1.672595
1.679306
1.679306
1.677369
1.677369
1.670920
1.670920
1.661898
1.661898
1.663914
1.663914
1.673879
1.673879
1.661107
1.661107
1.671913
1.671913
1.663372
1.663372
1.684423
1.684423
1.678085
1.678085
1.655437
1.655437
1.683429
1.683429
1.660132
1.660132
1.667399
1.667399
1.674541
1.674541
1.668629
1.668629
1.663327
1.663327
1.670355
1.670355
1.687592
1.687592
1.663718
1.663718
1.676716
1.676716
1.675955
1.675955
1.677692
1.677692
1.667837
1.667837
1.660569
1.660569
1.672298
1.672298
1.675744
1.675744
1.678566
1.678566
1.671219
1.671219
1.668404
1.668404
1.662196
1.662196
1.675597
1.675597
1.672762
1.672762
1.676376
1.676376
1.663966
1.663966
1.661134
1.661134
1.676824
1.676824
1.673867
1.673867
1.673853
1.673853
1.686977
1.686977
1.658790
1.658790
1.674299
1.674299
1.668631
1.668631
1.681660
1.681660
1.678984
1.678984
1.671460
1.671460
1.667520
1.667520
1.667079
1.667079
1.683043
1.683043
1.665594
1.665594
1.661638
1.661638
1.678039
1.678039
1.682027
1.682027
1.677470
1.677470
1.687634
1.687634
1.674708
1.674708
1.673864
1.673864
1.657518
1.657518
1.670343
1.670343
1.668639
1.668639
1.677236
1.677236
1.677099
1.677099
1.661265
1.661265
1.674741
1.674741
1.664977
1.664977
1.662117
1.662117
1.680121
1.680121
1.685391
1.685391
1.653226
1.653226
1.671618
1.671618
1.655169
1.655169
1.667497
1.667497
1.680728
1.680728
1.672717
1.672717
1.661341
1.661341
1.673030
1.673030
1.688506
1.688506
1.658139
1.658139
1.668709
1.668709
1.677707
1.677707
1.665222
1.665222
1.675594
1.675594
1.680921
1.680921
1.642802
1.642802
1.653795
1.653795
1.682742
1.682742
1.675926
1.675926
1.671079
1.671079
1.666736
1.666736
1.672487
1.672487
1.673972
1.673972
1.679055
1.679055
1.658971
1.658971
1.670537
1.670537
1.669093
1.669093
1.670753
1.670753
1.671494
1.671494
1.669947
1.669947
1.674547
1.674547
1.673751
1.673751
1.667823
1.667823
1.680033
1.680033
1.653514
1.653514
1.688092
1.688092
1.672585
1.672585
1.655938
1.655938
1.676276
1.676276
1.674445
1.674445
1.673547
1.673547
1.663401
1.663401
1.667041
1.667041
1.667207
1.667207
1.676727
1.676727
1.687396
1.687396
1.669574
1.669574
1.658215
1.658215
1.678987
1.678987
1.676453
1.676453
1.669705
1.669705
1.672434
1.672434
1.668692
1.668692
1.669278
1.669278
1.669913
1.669913
1.665415
1.665415
1.661171
1.661171
1.661373
1.661373
1.684886
1.684886
1.670044
1.670044
1.662121
1.662121
1.677365
1.677365
1.672965
1.672965
1.671831
1.671831
1.659266
1.659266
1.663801
1.663801
1.672280
1.672280
1.661761
1.661761
1.675894
1.675894
1.658242
1.658242
1.680251
1.680251
1.659113
1.659113
1.676621
1.676621
1.672209
1.672209
1.665531
1.665531
1.674089
1.674089
1.687662
1.687662
1.659061
1.659061
1.677964
1.677964
1.665723
1.665723
1.669178
1.669178
1.678695
1.678695
1.664964
1.664964
1.683649
1.683649
1.671132
1.671132
1.649277
1.649277
1.654151
1.654151
1.672690
1.672690
1.679895
1.679895
1.676773
1.676773
1.663225
1.663225
1.671477
1.671477
1.677222
1.677222
1.672235
1.672235
1.652050
1.652050
1.670258
1.670258
1.667243
1.667243
1.671788
1.671788
1.673200
1.673200
1.669276
1.669276
1.674659
1.674659
1.674892
1.674892
1.678367
1.678367
1.664437
1.664437
1.672213
1.672213
1.664577
1.664577
1.668564
1.668564
1.659183
1.659183
1.682379
1.682379
1.662115
1.662115
1.680672
1.680672
1.658721
1.658721
1.674461
1.674461
1.673188
1.673188
1.663602
1.663602
1.674115
1.674115
1.669690
1.669690
1.665804
1.665804
1.668977
1.668977
1.666502
1.666502
1.663472
1.663472
1.662182
1.662182
1.659962
1.659962
1.657266
1.657266
1.678427
1.678427
1.674948
1.674948
1.667576
1.667576
1.668062
1.668062
1.668149
1.668149
1.659451
1.659451
1.659719
1.659719
1.651946
1.651946
1.661040
1.661040
1.666056
1.666056
1.670494
1.670494
1.676999
1.676999
1.657891
1.657891
1.657585
1.657585
1.662829
1.662829
1.684401
1.684401
1.667626
1.667626
1.681027
1.681027
1.673524
1.673524
1.661852
1.661852
1.670151
1.670151
1.658918
1.658918
1.647930
1.647930
1.676817
1.676817
1.677894
1.677894
1.669830
1.669830
1.676940
1.676940
1.671853
1.671853
1.650830
1.650830
1.675590
1.675590
1.670866
1.670866
1.683878
1.683878
1.681137
1.681137
1.670491
1.670491
1.659983
1.659983
1.674376
1.674376
1.657742
1.657742
1.676365
1.676365
1.677999
1.677999
1.657599
1.657599
1.665586
1.665586
1.661571
1.661571
1.673550
1.673550
1.662657
1.662657
1.670872
1.670872
1.666170
1.666170
1.658925
1.658925
1.664640
1.664640
1.674183
1.674183
1.658438
1.658438
1.667229
1.667229
1.663614
1.663614
1.659448
1.659448
1.660207
1.660207
1.653139
1.653139
1.666106
1.666106
1.694658
1.694658
1.669072
1.669072
1.648772
1.648772
1.669178
1.669178
1.669111
1.669111
1.662161
1.662161
1.647628
1.647628
1.664344
1.664344
1.664793
1.664793
1.668322
1.668322
1.672789
1.672789
1.668401
1.668401
1.667782
1.667782
1.669153
1.669153
1.662848
1.662848
1.680911
1.680911
1.677319
1.677319
1.663615
1.663615
1.675998
1.675998
1.674309
1.674309
1.663326
1.663326
1.687469
1.687469
1.666185
1.666185
1.672800
1.672800
1.657543
1.657543
1.664963
1.664963
1.649303
1.649303
1.674853
1.674853
1.669511
1.669511
1.667672
1.667672
1.688325
1.688325
1.662943
1.662943
1.662883
1.662883
1.676527
1.676527
1.668728
1.668728
1.664067
1.664067
1.650596
1.650596
1.676288
1.676288
1.660181
1.660181
1.665668
1.665668
1.682711
1.682711
1.658988
1.658988
1.673125
1.673125
1.658203
1.658203
1.670470
1.670470
1.663089
1.663089
1.667333
1.667333
1.667398
1.667398
1.667542
1.667542
1.658228
1.658228
1.657124
1.657124
1.666919
1.666919
1.667199
1.667199
1.658720
1.658720
1.667328
1.667328
1.653287
1.653287
1.658766
1.658766
1.668004
1.668004
1.670886
1.670886
1.656089
1.656089
1.658662
1.658662
1.668718
1.668718
1.651101
1.651101
1.650056
1.650056
1.659770
1.659770
1.690973
1.690973
1.661649
1.661649
1.663342
1.663342
1.669023
1.669023
1.666286
1.666286
1.668227
1.668227
1.675622
1.675622
1.669633
1.669633
1.673025
1.673025
1.670681
1.670681
1.660148
1.660148
1.669327
1.669327
1.661978
1.661978
1.687936
1.687936
1.668554
1.668554
1.657635
1.657635
1.670617
1.670617
1.677371
1.677371
1.675031
1.675031
1.650089
1.650089
1.669935
1.669935
1.673733
1.673733
1.679472
1.679472
1.660370
1.660370
1.657403
1.657403
1.662809
1.662809
1.679612
1.679612
1.660210
1.660210
1.670501
1.670501
1.659790
1.659790
1.654282
1.654282
1.666885
1.666885
1.676377
1.676377
1.673172
1.673172
1.649595
1.649595
1.651380
1.651380
1.669075
1.669075
1.681107
1.681107
1.654901
1.654901
1.660018
1.660018
1.644776
1.644776
1.670073
1.670073
1.654241
1.654241
1.668531
1.668531
1.660381
1.660381
1.655409
1.655409
1.658931
1.658931
1.659093
1.659093
1.660318
1.660318
1.671342
1.671342
1.657631
1.657631
1.668524
1.668524
1.659514
1.659514
1.680558
1.680558
1.662444
1.662444
1.648960
1.648960
1.668220
1.668220
1.671273
1.671273
1.664404
1.664404
1.661156
1.661156
1.655106
1.655106
1.669201
1.669201
1.682921
1.682921
1.654629
1.654629
1.654380
1.654380
1.663859
1.663859
1.671435
1.671435
1.671519
1.671519
1.649864
1.649864
1.661963
1.661963
1.673206
1.673206
1.664056
1.664056
1.663003
1.663003
1.660250
1.660250
1.674698
1.674698
1.654471
1.654471
1.670107
1.670107
1.650697
1.650697
1.666710
1.666710
1.670462
1.670462
1.652727
1.652727
1.656843
1.656843
1.666412
1.666412
1.663752
1.663752
1.662478
1.662478
1.658184
1.658184
1.672798
1.672798
1.651636
1.651636
1.656905
1.656905
1.661507
1.661507
1.661765
1.661765
1.670878
1.670878
1.653868
1.653868
1.675478
1.675478
1.658971
1.658971
1.681790
1.681790
1.666193
1.666193
1.668775
1.668775
1.672037
1.672037
1.680936
1.680936
1.668800
1.668800
1.673290
1.673290
1.658588
1.658588
1.680181
1.680181
1.669082
1.669082
1.667919
1.667919
1.670437
1.670437
1.667987
1.667987
1.678689
1.678689
1.657186
1.657186
1.665904
1.665904
1.664696
1.664696
1.679260
1.679260
1.655792
1.655792
1.666446
1.666446
1.666083
1.666083
1.659114
1.659114
1.661962
1.661962
1.668554
1.668554
1.673632
1.673632
1.660321
1.660321
1.662258
1.662258
1.672134
1.672134
1.652395
1.652395
1.666103
1.666103
1.666694
1.666694
1.663067
1.663067
1.659250
1.659250
1.655105
1.655105
1.651736
1.651736
1.693873
1.693873
1.657030
1.657030
1.660320
1.660320
1.663682
1.663682
1.663981
1.663981
1.662890
1.662890
1.680860
1.680860
1.659347
1.659347
1.656676
1.656676
1.651498
1.651498
1.650645
1.650645
1.669326
1.669326
1.649598
1.649598
1.670180
1.670180
1.651293
1.651293
1.656722
1.656722
1.655997
1.655997
1.655655
1.655655
1.655228
1.655228
1.662709
1.662709
1.668210
1.668210
1.666016
1.666016
1.648476
1.648476
1.667814
1.667814
1.662203
1.662203
1.647352
1.647352
1.663555
1.663555
1.650201
1.650201
1.670191
1.670191
1.656234
1.656234
1.661052
1.661052
1.648713
1.648713
1.661605
1.661605
1.664714
1.664714
1.653650
1.653650
1.676808
1.676808
1.662893
1.662893
1.671181
1.671181
1.660481
1.660481
1.645163
1.645163
1.670643
1.670643
1.649319
1.649319
1.664559
1.664559
1.670826
1.670826
1.662296
1.662296
1.654760
1.654760
1.655706
1.655706
1.667470
1.667470
1.652744
1.652744
1.660943
1.660943
1.670769
1.670769
1.661819
1.661819
1.668143
1.668143
1.684917
1.684917
1.655498
1.655498
1.634466
1.634466
1.666572
1.666572
1.667086
1.667086
1.662726
1.662726
1.664340
1.664340
1.668938
1.668938
1.671641
1.671641
1.661295
1.661295
1.665841
1.665841
1.657759
1.657759
1.667538
1.667538
1.658055
1.658055
1.667458
1.667458
1.663559
1.663559
1.673432
1.673432
1.650219
1.650219
1.679864
1.679864
1.655686
1.655686
1.654569
1.654569
1.658591
1.658591
1.662881
1.662881
1.654487
1.654487
1.664874
1.664874
1.675614
1.675614
1.658598
1.658598
1.648044
1.648044
1.663182
1.663182
1.652170
1.652170
1.666022
1.666022
1.665797
1.665797
1.650429
1.650429
1.653933
1.653933
1.663683
1.663683
1.673046
1.673046
1.667037
1.667037
1.650943
1.650943
1.681671
1.681671
1.656445
1.656445
1.664156
1.664156
1.648065
1.648065
1.665836
1.665836
1.670486
1.670486
1.656601
1.656601
1.675420
1.675420
1.648479
1.648479
1.657398
1.657398
1.657606
1.657606
1.662965
1.662965
1.661909
1.661909
1.661993
1.661993
1.660050
1.660050
1.656670
1.656670
1.663922
1.663922
1.664204
1.664204
1.662961
1.662961
1.648121
1.648121
1.654519
1.654519
1.657418
1.657418
1.648241
1.648241
1.664862
1.664862
1.691615
1.691615
1.675545
1.675545
1.651910
1.651910
1.658342
1.658342
1.664119
1.664119
1.665577
1.665577
1.654245
1.654245
1.668896
1.668896
1.661465
1.661465
1.670558
1.670558
1.650033
1.650033
1.663216
1.663216
1.659627
1.659627
1.659394
1.659394
1.668119
1.668119
1.656178
1.656178
1.657163
1.657163
1.667509
1.667509
1.661187
1.661187
1.663694
1.663694
1.664062
1.664062
1.672725
1.672725
1.663098
1.663098
1.653967
1.653967
1.655014
1.655014
1.678627
1.678627
1.665374
1.665374
1.659854
1.659854
1.659625
1.659625
1.667626
1.667626
1.659121
1.659121
1.669010
1.669010
1.659494
1.659494
1.649714
1.649714
1.666980
1.666980
1.661917
1.661917
1.660429
1.660429
1.663396
1.663396
1.656908
1.656908
1.659994
1.659994
1.660624
1.660624
1.655742
1.655742
1.657393
1.657393
1.669025
1.669025
1.661926
1.661926
1.648306
1.648306
1.663480
1.663480
1.665993
1.665993
1.653956
1.653956
1.648716
1.648716
1.660113
1.660113
1.650115
1.650115
1.651000
1.651000
1.670244
1.670244
1.666002
1.666002
1.650585
1.650585
1.660446
1.660446
1.659335
1.659335
1.660400
1.660400
1.653853
1.653853
1.666849
1.666849
1.655076
1.655076
1.657923
1.657923
1.657862
1.657862
1.680641
1.680641
1.665212
1.665212
1.641351
1.641351
1.673485
1.673485
1.678182
1.678182
1.668985
1.668985
1.665023
1.665023
1.672194
1.672194
1.664600
1.664600
1.657220
1.657220
1.671532
1.671532
1.650916
1.650916
1.660775
1.660775
1.663733
1.663733
1.668820
1.668820
1.661959
1.661959
1.656673
1.656673
1.665582
1.665582
1.646643
1.646643
1.660340
1.660340
1.663214
1.663214
1.676366
1.676366
1.658636
1.658636
1.669139
1.669139
1.663449
1.663449
1.649626
1.649626
1.660118
1.660118
1.666606
1.666606
1.652294
1.652294
1.664081
1.664081
1.649808
1.649808
1.663941
1.663941
1.663259
1.663259
1.652742
1.652742
1.656920
1.656920
1.651698
1.651698
1.668552
1.668552
1.665665
1.665665
1.654545
1.654545
1.656276
1.656276
1.638104
1.638104
1.677040
1.677040
1.653554
1.653554
1.659405
1.659405
1.668615
1.668615
1.666852
1.666852
1.655511
1.655511
1.651725
1.651725
1.674036
1.674036
1.663845
1.663845
1.665639
1.665639
1.671249
1.671249
1.666713
1.666713
1.661199
1.661199
1.664936
1.664936
1.661843
1.661843
1.663166
1.663166
1.660022
1.660022
1.667258
1.667258
1.664285
1.664285
1.660507
1.660507
1.657409
1.657409
1.652352
1.652352
1.660981
1.660981
1.667049
1.667049
1.659674
1.659674
1.666058
1.666058
1.670522
1.670522
1.642720
1.642720
1.660211
1.660211
1.657820
1.657820
1.670386
1.670386
1.665546
1.665546
1.649746
1.649746
1.666985
1.666985
1.654626
1.654626
1.653926
1.653926
1.660068
1.660068
1.652452
1.652452
1.669927
1.669927
1.652527
1.652527
1.649293
1.649293
1.647917
1.647917
1.655134
1.655134
1.656668
1.656668
1.654952
1.654952
1.673307
1.673307
1.669756
1.669756
1.650871
1.650871
1.644397
1.644397
1.660357
1.660357
1.652000
1.652000
1.633464
1.633464
1.653753
1.653753
1.660596
1.660596
1.667539
1.667539
1.662553
1.662553
1.659921
1.659921
1.655046
1.655046
1.652327
1.652327
1.670232
1.670232
1.647395
1.647395
1.667049
1.667049
1.651166
1.651166
1.657177
1.657177
1.653791
1.653791
1.665628
1.665628
1.661491
1.661491
1.666906
1.666906
1.650201
1.650201
1.665840
1.665840
1.637308
1.637308
1.643734
1.643734
1.668195
1.668195
1.648909
1.648909
1.658463
1.658463
1.669597
1.669597
1.658552
1.658552
1.648302
1.648302
1.663798
1.663798
1.664209
1.664209
1.650803
1.650803
1.663211
1.663211
1.656663
1.656663
1.654017
1.654017
1.651940
1.651940
1.667215
1.667215
1.657688
1.657688
1.676664
1.676664
1.659982
1.659982
1.659356
1.659356
1.659068
1.659068
1.677732
1.677732
1.660058
1.660058
1.662165
1.662165
1.652446
1.652446
1.663738
1.663738
1.651950
1.651950
1.674141
1.674141
1.681114
1.681114
1.654273
1.654273
1.641324
1.641324
1.654362
1.654362
1.657759
1.657759
1.669599
1.669599
1.666847
1.666847
1.651419
1.651419
1.655462
1.655462
1.670310
1.670310
1.657288
1.657288
1.652853
1.652853
1.661821
1.661821
1.656524
1.656524
1.661739
1.661739
1.647516
1.647516
1.670514
1.670514
1.653178
1.653178
1.642974
1.642974
1.649229
1.649229
1.665401
1.665401
1.666133
1.666133
1.664676
1.664676
1.635078
1.635078
1.670581
1.670581
1.645189
1.645189
1.667432
1.667432
1.666617
1.666617
1.643618
1.643618
1.660946
1.660946
1.649086
1.649086
1.661133
1.661133
1.666452
1.666452
1.662956
1.662956
1.670152
1.670152
1.647529
1.647529
1.653234
1.653234
1.654832
1.654832
1.665003
1.665003
1.650913
1.650913
1.670408
1.670408
1.663135
1.663135
1.659027
1.659027
1.676548
1.676548
1.655110
1.655110
1.657592
1.657592
1.656338
1.656338
1.667853
1.667853
1.660758
1.660758
1.655749
1.655749
1.656562
1.656562
1.664293
1.664293
1.670496
1.670496
1.652315
1.652315
1.661919
1.661919
1.652541
1.652541
1.655754
1.655754
1.683028
1.683028
1.652836
1.652836
1.661570
1.661570
1.656308
1.656308
1.663068
1.663068
1.657096
1.657096
1.654067
1.654067
1.667857
1.667857
1.653279
1.653279
1.652910
1.652910
1.657295
1.657295
1.648036
1.648036
1.670788
1.670788
1.644922
1.644922
1.657066
1.657066
1.661094
1.661094
1.652017
1.652017
1.652933
1.652933
1.659948
1.659948
1.662839
1.662839
1.644693
1.644693
1.655667
1.655667
1.664052
1.664052
1.656117
1.656117
1.643314
1.643314
1.652271
1.652271
1.650779
1.650779
1.658176
1.658176
1.659348
1.659348
1.649762
1.649762
1.649665
1.649665
1.659970
1.659970
1.635603
1.635603
1.655758
1.655758
1.665163
1.665163
1.648811
1.648811
1.652498
1.652498
1.648181
1.648181
1.652199
1.652199
1.667862
1.667862
1.654533
1.654533
1.673269
1.673269
1.642153
1.642153
1.656605
1.656605
1.653027
1.653027
1.661810
1.661810
1.657791
1.657791
1.674239
1.674239
1.660738
1.660738
1.646569
1.646569
1.654232
1.654232
1.657533
1.657533
1.648965
1.648965
1.664022
1.664022
1.665187
1.665187
1.667726
1.667726
1.655340
1.655340
1.654471
1.654471
1.666816
1.666816
1.652761
1.652761
1.669728
1.669728
1.665725
1.665725
1.652243
1.652243
1.660021
1.660021
1.655675
1.655675
1.656061
1.656061
1.668568
1.668568
1.641379
1.641379
1.660593
1.660593
1.646625
1.646625
1.673781
1.673781
1.662027
1.662027
1.655101
1.655101
1.650492
1.650492
1.659729
1.659729
1.668242
1.668242
1.661299
1.661299
1.659030
1.659030
1.670369
1.670369
1.669922
1.669922
1.650480
1.650480
1.667197
1.667197
1.683696
1.683696
1.639194
1.639194
1.662759
1.662759
1.663133
1.663133
1.664067
1.664067
1.658580
1.658580
1.652836
1.652836
1.664732
1.664732
1.671433
1.671433
1.667467
1.667467
1.655067
1.655067
1.657019
1.657019
1.669619
1.669619
1.646977
1.646977
1.653516
1.653516
1.659359
1.659359
1.659774
1.659774
1.650946
1.650946
1.674671
1.674671
1.655664
1.655664
1.661294
1.661294
1.662926
1.662926
1.650143
1.650143
1.655321
1.655321
1.649562
1.649562
1.667802
1.667802
1.656625
1.656625
1.659804
1.659804
1.641213
1.641213
1.670176
1.670176
1.663875
1.663875
1.650488
1.650488
1.641292
1.641292
1.645682
1.645682
1.660056
1.660056
1.662206
1.662206
1.642604
1.642604
1.663422
1.663422
1.635631
1.635631
1.652978
1.652978
1.651308
1.651308
1.660775
1.660775
1.645280
1.645280
1.657157
1.657157
1.653002
1.653002
1.649529
1.649529
1.652985
1.652985
1.652292
1.652292
1.656949
1.656949
1.646035
1.646035
1.641393
1.641393
1.647548
1.647548
1.662508
1.662508
1.668901
1.668901
1.663166
1.663166
1.645810
1.645810
1.658332
1.658332
1.655967
1.655967
1.626950
1.626950
1.653383
1.653383
1.644592
1.644592
1.637693
1.637693
1.669798
1.669798
1.650942
1.650942
1.663191
1.663191
1.663400
1.663400
1.659750
1.659750
1.632548
1.632548
1.645970
1.645970
1.656619
1.656619
1.663037
1.663037
1.656849
1.656849
1.663269
1.663269
1.645714
1.645714
1.667919
1.667919
1.660217
1.660217
1.658878
1.658878
1.661447
1.661447
1.652124
1.652124
1.674028
1.674028
1.669356
1.669356
1.656860
1.656860
1.659999
1.659999
1.644409
1.644409
1.670690
1.670690
1.657068
1.657068
1.653316
1.653316
1.658798
1.658798
1.665661
1.665661
1.653871
1.653871
1.660621
1.660621
1.662277
1.662277
1.669660
1.669660
1.645832
1.645832
1.661142
1.661142
1.668268
1.668268
1.659713
1.659713
1.648898
1.648898
1.648395
1.648395
1.651088
1.651088
1.655918
1.655918
1.661290
1.661290
1.656173
1.656173
1.659916
1.659916
1.653741
1.653741
1.656554
1.656554
1.644367
1.644367
1.671020
1.671020
1.650306
1.650306
1.654108
1.654108
1.657814
1.657814
1.656949
1.656949
1.649176
1.649176
1.654875
1.654875
1.652588
1.652588
1.643888
1.643888
1.648245
1.648245
1.672716
1.672716
1.649936
1.649936
1.646663
1.646663
1.660202
1.660202
1.651794
1.651794
1.648312
1.648312
1.660518
1.660518
1.644044
1.644044
1.658942
1.658942
1.656040
1.656040
1.650580
1.650580
1.657609
1.657609
1.654294
1.654294
1.658803
1.658803
1.654870
1.654870
1.655820
1.655820
1.641500
1.641500
1.646691
1.646691
1.653681
1.653681
1.652757
1.652757
1.660697
1.660697
1.653532
1.653532
1.657129
1.657129
1.654961
1.654961
1.660317
1.660317
1.645184
1.645184
1.676756
1.676756
1.666592
1.666592
1.669496
1.669496
1.654591
1.654591
1.648350
1.648350
1.665441
1.665441
1.679008
1.679008
1.655096
1.655096
1.650607
1.650607
1.652735
1.652735
1.658787
1.658787
1.647527
1.647527
1.661323
1.661323
1.659619
1.659619
1.668132
1.668132
1.651491
1.651491
1.662073
1.662073
1.644689
1.644689
1.659069
1.659069
1.657022
1.657022
1.663710
1.663710
1.659792
1.659792
1.650931
1.650931
1.657706
1.657706
1.645245
1.645245
1.669057
1.669057
1.646322
1.646322
1.652963
1.652963
1.661385
1.661385
1.652740
1.652740
1.661695
1.661695
1.646369
1.646369
1.649844
1.649844
1.654037
1.654037
1.657313
1.657313
1.663372
1.663372
1.650536
1.650536
1.649191
1.649191
1.651754
1.651754
1.648194
1.648194
1.668717
1.668717
1.662052
1.662052
1.645076
1.645076
1.644043
1.644043
1.659777
1.659777
1.646010
1.646010
1.647915
1.647915
1.654949
1.654949
1.649546
1.649546
1.642965
1.642965
1.664397
1.664397
1.648442
1.648442
1.658971
1.658971
1.648897
1.648897
1.647575
1.647575
1.655295
1.655295
1.647388
1.647388
1.657076
1.657076
1.647979
1.647979
1.653347
1.653347
1.672234
1.672234
1.650070
1.650070
1.657037
1.657037
1.651051
1.651051
1.654685
1.654685
1.657139
1.657139
1.647226
1.647226
1.669530
1.669530
1.650398
1.650398
1.644783
1.644783
1.667445
1.667445
1.662260
1.662260
1.659541
1.659541
1.663441
1.663441
1.646203
1.646203
1.651947
1.651947
1.640615
1.640615
1.651118
1.651118
1.661934
1.661934
1.672533
1.672533
1.655078
1.655078
1.650612
1.650612
1.665256
1.665256
1.647583
1.647583
1.659566
1.659566
1.653763
1.653763
1.660679
1.660679
1.646323
1.646323
1.660392
1.660392
1.653927
1.653927
1.649649
1.649649
1.650751
1.650751
1.646847
1.646847
1.665197
1.665197
1.646966
1.646966
1.667990
1.667990
1.656681
1.656681
1.658098
1.658098
1.664931
1.664931
1.649017
1.649017
1.656688
1.656688
1.669262
1.669262
1.650875
1.650875
1.646253
1.646253
1.661648
1.661648
1.649940
1.649940
1.644823
1.644823
1.663564
1.663564
1.657967
1.657967
1.655219
1.655219
1.652154
1.652154
1.656352
1.656352
1.661458
1.661458
1.641181
1.641181
1.659967
1.659967
1.648746
1.648746
1.653464
1.653464
1.667863
1.667863
1.643031
1.643031
1.655700
1.655700
1.640064
1.640064
1.647830
1.647830
1.660068
1.660068
1.645611
1.645611
1.657250
1.657250
1.647800
1.647800
1.653148
1.653148
1.649713
1.649713
1.650746
1.650746
1.661634
1.661634
1.641916
1.641916
1.657021
1.657021
1.644808
1.644808
1.649413
1.649413
1.667654
1.667654
1.644096
1.644096
1.656591
1.656591
1.649827
1.649827
1.658940
1.658940
1.652006
1.652006
1.654394
1.654394
1.645172
1.645172
1.654032
1.654032
1.642579
1.642579
1.660826
1.660826
1.670538
1.670538
1.643393
1.643393
1.652608
1.652608
1.638463
1.638463
1.664759
1.664759
1.672197
1.672197
1.653820
1.653820
1.648620
1.648620
1.656175
1.656175
1.665875
1.665875
1.647200
1.647200
1.657120
1.657120
1.668880
1.668880
1.652867
1.652867
1.646780
1.646780
1.648860
1.648860
1.659665
1.659665
1.656235
1.656235
1.654967
1.654967
1.653702
1.653702
1.642784
1.642784
1.652354
1.652354
1.636494
1.636494
1.659682
1.659682
1.671409
1.671409
1.650080
1.650080
1.665093
1.665093
1.663919
1.663919
1.651735
1.651735
1.656553
1.656553
1.653227
1.653227
1.657412
1.657412
1.656326
1.656326
1.662192
1.662192
1.654805
1.654805
1.658868
1.658868
1.651320
1.651320
1.648970
1.648970
1.673334
1.673334
1.652388
1.652388
1.656943
1.656943
1.651985
1.651985
1.644585
1.644585
1.663666
1.663666
1.658533
1.658533
1.658597
1.658597
1.651631
1.651631
1.646422
1.646422
1.665213
1.665213
1.664096
1.664096
1.637284
1.637284
1.653512
1.653512
1.659723
1.659723
1.652547
1.652547
1.656213
1.656213
1.639631
1.639631
1.659117
1.659117
1.662997
1.662997
1.649687
1.649687
1.644381
1.644381
1.643767
1.643767
1.649554
1.649554
1.645452
1.645452
1.653061
1.653061
1.648610
1.648610
1.668079
1.668079
1.643152
1.643152
1.651667
1.651667
1.655377
1.655377
1.658391
1.658391
1.645429
1.645429
1.640569
1.640569
1.646367
1.646367
1.655459
1.655459
1.648726
1.648726
1.675658
1.675658
1.649540
1.649540
1.656808
1.656808
1.647614
1.647614
1.653044
1.653044
1.666312
1.666312
1.645094
1.645094
1.658211
1.658211
1.656761
1.656761
1.653169
1.653169
1.654485
1.654485
1.657717
1.657717
1.667328
1.667328
1.644262
1.644262
1.664761
1.664761
1.660981
1.660981
1.653689
1.653689
1.661416
1.661416
1.653027
1.653027
1.682523
1.682523
1.662107
1.662107
1.657159
1.657159
1.655725
1.655725
1.663895
1.663895
1.662166
1.662166
1.667631
1.667631
1.655896
1.655896
1.654890
1.654890
1.661099
1.661099
1.660926
1.660926
1.664387
1.664387
1.662815
1.662815
1.656745
1.656745
1.661049
1.661049
1.650548
1.650548
1.654658
1.654658
1.659466
1.659466
1.643746
1.643746
1.655537
1.655537
1.664684
1.664684
1.654402
1.654402
1.651328
1.651328
1.659798
1.659798
1.666213
1.666213
1.641918
1.641918
1.649948
1.649948
1.659973
1.659973
1.643157
1.643157
1.658319
1.658319
1.658037
1.658037
1.640354
1.640354
1.650642
1.650642
1.650980
1.650980
1.654686
1.654686
1.648010
1.648010
1.655334
1.655334
1.652436
1.652436
1.645123
1.645123
1.645939
1.645939
1.651947
1.651947
1.662003
1.662003
1.643847
1.643847
1.647309
1.647309
1.647183
1.647183
1.661329
1.661329
1.650350
1.650350
1.652681
1.652681
1.649129
1.649129
1.658735
1.658735
1.637659
1.637659
1.647921
1.647921
1.646236
1.646236
1.642323
1.642323
1.652099
1.652099
1.654462
1.654462
1.648669
1.648669
1.643426
1.643426
1.649982
1.649982
1.644446
1.644446
1.656410
1.656410
1.646881
1.646881
1.654098
1.654098
1.641262
1.641262
1.644691
1.644691
1.650060
1.650060
1.650365
1.650365
1.647401
1.647401
1.645440
1.645440
1.644810
1.644810
1.633085
1.633085
1.676862
1.676862
1.651350
1.651350
1.642011
1.642011
1.651322
1.651322
1.640077
1.640077
1.653820
1.653820
1.644044
1.644044
1.649456
1.649456
1.650477
1.650477
1.642527
1.642527
1.649093
1.649093
1.642017
1.642017
1.643496
1.643496
1.662920
1.662920
1.640577
1.640577
1.651005
1.651005
1.651951
1.651951
1.657944
1.657944
1.660825
1.660825
1.659245
1.659245
1.641093
1.641093
1.657543
1.657543
1.676443
1.676443
1.665016
1.665016
1.651959
1.651959
1.634725
1.634725
1.659653
1.659653
1.637904
1.637904
1.659439
1.659439
1.676270
1.676270
1.653128
1.653128
1.672249
1.672249
1.652897
1.652897
1.651587
1.651587
1.653185
1.653185
1.648642
1.648642
1.663362
1.663362
1.651773
1.651773
1.652412
1.652412
1.648527
1.648527
1.659505
1.659505
1.662211
1.662211
1.657278
1.657278
1.656782
1.656782
1.637573
1.637573
1.658687
1.658687
1.652878
1.652878
1.663821
1.663821
1.642772
1.642772
1.661975
1.661975
1.648632
1.648632
1.648781
1.648781
1.657139
1.657139
1.646044
1.646044
1.660307
1.660307
1.653701
1.653701
1.648396
1.648396
1.642086
1.642086
1.665143
1.665143
1.650000
1.650000
1.655606
1.655606
1.626700
1.626700
1.664478
1.664478
1.664243
1.664243
1.655753
1.655753
1.639909
1.639909
1.655187
1.655187
1.651821
1.651821
1.651575
1.651575
1.641468
1.641468
1.649632
1.649632
1.644165
1.644165
1.651351
1.651351
1.656281
1.656281
1.644595
1.644595
1.649249
1.649249
1.633495
1.633495
1.658282
1.658282
1.640268
1.640268
1.657330
1.657330
1.655024
1.655024
1.648314
1.648314
1.650926
1.650926
1.642699
1.642699
1.647382
1.647382
1.650881
1.650881
1.641194
1.641194
1.643406
1.643406
1.648420
1.648420
1.656359
1.656359
1.660919
1.660919
1.642257
1.642257
1.658640
1.658640
1.663957
1.663957
1.653099
1.653099
1.630212
1.630212
1.661776
1.661776
1.653932
1.653932
1.641366
1.641366
1.639297
1.639297
1.657831
1.657831
1.645847
1.645847
1.652985
1.652985
1.653393
1.653393
1.652158
1.652158
1.641173
1.641173
1.625281
1.625281
1.646979
1.646979
1.653131
1.653131
1.664805
1.664805
1.659998
1.659998
1.659688
1.659688
1.646666
1.646666
1.659849
1.659849
1.638608
1.638608
1.667111
1.667111
1.642361
1.642361
1.648966
1.648966
1.661761
1.661761
1.651566
1.651566
1.671315
1.671315
1.650023
1.650023
1.660841
1.660841
1.649884
1.649884
1.646952
1.646952
1.659400
1.659400
1.664037
1.664037
1.647991
1.647991
1.652786
1.652786
1.648013
1.648013
1.655560
1.655560
1.650210
1.650210
1.670016
1.670016
1.648984
1.648984
1.654956
1.654956
1.659559
1.659559
1.668579
1.668579
1.653253
1.653253
1.649022
1.649022
1.665280
1.665280
1.652576
1.652576
1.668804
1.668804
1.640693
1.640693
1.663469
1.663469
1.655859
1.655859
1.652645
1.652645
1.645197
1.645197
1.663832
1.663832
1.643221
1.643221
1.660710
1.660710
1.665512
1.665512
1.641373
1.641373
1.658014
1.658014
1.658863
1.658863
1.648056
1.648056
1.665280
1.665280
1.656627
1.656627
1.654292
1.654292
1.649744
1.649744
1.653209
1.653209
1.644313
1.644313
1.641676
1.641676
1.660020
1.660020
1.654812
1.654812
1.652461
1.652461
1.642948
1.642948
1.659813
1.659813
1.649910
1.649910
1.647759
1.647759
1.645552
1.645552
1.643736
1.643736
1.659763
1.659763
1.649885
1.649885
1.647819
1.647819
1.655012
1.655012
1.622687
1.622687
1.647051
1.647051
1.637364
1.637364
1.650610
1.650610
1.660269
1.660269
1.642676
1.642676
1.641628
1.641628
1.639521
1.639521
1.657442
1.657442
1.648395
1.648395
1.650041
1.650041
1.640224
1.640224
1.643198
1.643198
1.641237
1.641237
1.652381
1.652381
1.660702
1.660702
1.647706
1.647706
1.643922
1.643922
1.643030
1.643030
1.643813
1.643813
1.655586
1.655586
1.671862
1.671862
1.647537
1.647537
1.629683
1.629683
1.644835
1.644835
1.641175
1.641175
1.648803
1.648803
1.660694
1.660694
1.646138
1.646138
1.642214
1.642214
1.649598
1.649598
1.657901
1.657901
1.648121
1.648121
1.644011
1.644011
1.655112
1.655112
1.651384
1.651384
1.662091
1.662091
1.649422
1.649422
1.656231
1.656231
1.642843
1.642843
1.657248
1.657248
1.656348
1.656348
1.656968
1.656968
1.653632
1.653632
1.649540
1.649540
1.656411
1.656411
1.662274
1.662274
1.666865
1.666865
1.640278
1.640278
1.649520
1.649520
1.654131
1.654131
1.648771
1.648771
1.663345
1.663345
1.653598
1.653598
1.656692
1.656692
1.647051
1.647051
1.643508
1.643508
1.658316
1.658316
1.638150
1.638150
1.664743
1.664743
1.664736
1.664736
1.643054
1.643054
1.643125
1.643125
1.672402
1.672402
1.651125
1.651125
1.648730
1.648730
1.650451
1.650451
1.645098
1.645098
1.654959
1.654959
1.651465
1.651465
1.652789
1.652789
1.645853
1.645853
1.656520
1.656520
1.658464
1.658464
1.654479
1.654479
1.625408
1.625408
1.652859
1.652859
1.659460
1.659460
1.649493
1.649493
1.637395
1.637395
1.642897
1.642897
1.645717
1.645717
1.647308
1.647308
1.660526
1.660526
1.650958
1.650958
1.629576
1.629576
1.641465
1.641465
1.655839
1.655839
1.660862
1.660862
1.636636
1.636636
1.639257
1.639257
1.638946
1.638946
1.653542
1.653542
1.641916
1.641916
1.646347
1.646347
1.656161
1.656161
1.650049
1.650049
1.641802
1.641802
1.646801
1.646801
1.650252
1.650252
1.640800
1.640800
1.636107
1.636107
1.648520
1.648520
1.657542
1.657542
1.643596
1.643596
1.642724
1.642724
1.647170
1.647170
1.638891
1.638891
1.650713
1.650713
1.645672
1.645672
1.645261
1.645261
1.654456
1.654456
1.648438
1.648438
1.647700
1.647700
1.640386
1.640386
1.669244
1.669244
1.647544
1.647544
1.663949
1.663949
1.654355
1.654355
1.664564
1.664564
1.654516
1.654516
1.669603
1.669603
1.657287
1.657287
1.657880
1.657880
1.669819
1.669819
1.638784
1.638784
1.662072
1.662072
1.673246
1.673246
1.649427
1.649427
1.661587
1.661587
1.643224
1.643224
1.649032
1.649032
1.672697
1.672697
1.658147
1.658147
1.662107
1.662107
1.636957
1.636957
1.652479
1.652479
1.669466
1.669466
1.658713
1.658713
1.646556
1.646556
1.646560
1.646560
1.664880
1.664880
1.659842
1.659842
1.657434
1.657434
1.638606
1.638606
1.644119
1.644119
1.658396
1.658396
1.650083
1.650083
1.658407
1.658407
1.652277
1.652277
1.635645
1.635645
1.654351
1.654351
1.645368
1.645368
1.646869
1.646869
1.651606
1.651606
1.657469
1.657469
1.648335
1.648335
1.648234
1.648234
1.640704
1.640704
1.651377
1.651377
1.663353
1.663353
1.648211
1.648211
1.658149
1.658149
1.646192
1.646192
1.640810
1.640810
1.648991
1.648991
1.646847
1.646847
1.646634
1.646634
1.648983
1.648983
1.649453
1.649453
1.644715
1.644715
1.654410
1.654410
1.638036
1.638036
1.650559
1.650559
1.643224
1.643224
1.647718
1.647718
1.644206
1.644206
1.658978
1.658978
1.642688
1.642688
1.641956
1.641956
1.641041
1.641041
1.641867
1.641867
1.655087
1.655087
1.641327
1.641327
1.646807
1.646807
1.641629
1.641629
1.639164
1.639164
1.655820
1.655820
1.646478
1.646478
1.644622
1.644622
1.637058
1.637058
1.636929
1.636929
1.631652
1.631652
1.661353
1.661353
1.651104
1.651104
1.641656
1.641656
1.633983
1.633983
1.643971
1.643971
1.655494
1.655494
1.650400
1.650400
1.634728
1.634728
1.635556
1.635556
1.642882
1.642882
1.654164
1.654164
1.646088
1.646088
1.640211
1.640211
1.640142
1.640142
1.641968
1.641968
1.642988
1.642988
1.654730
1.654730
1.636561
1.636561
1.640487
1.640487
1.643203
1.643203
1.649487
1.649487
1.645577
1.645577
1.636800
1.636800
1.640839
1.640839
1.657550
1.657550
1.647084
1.647084
1.653221
1.653221
1.646607
1.646607
1.662893
1.662893
1.651471
1.651471
1.658844
1.658844
1.654597
1.654597
1.657333
1.657333
1.658704
1.658704
1.660764
1.660764
1.662643
1.662643
1.657409
1.657409
1.661489
1.661489
1.663906
1.663906
1.665882
1.665882
1.651306
1.651306
1.663481
1.663481
1.662122
1.662122
1.663714
1.663714
1.655733
1.655733
1.668209
1.668209
1.642449
1.642449
1.669118
1.669118
1.656179
1.656179
1.664016
1.664016
1.645658
1.645658
1.656060
1.656060
1.666513
1.666513
1.661660
1.661660
1.655977
1.655977
1.639962
1.639962
1.664203
1.664203
1.652423
1.652423
1.643060
1.643060
1.663113
1.663113
1.653077
1.653077
1.655474
1.655474
1.649290
1.649290
1.647401
1.647401
1.647330
1.647330
1.658940
1.658940
1.659865
1.659865
1.639067
1.639067
1.652902
1.652902
1.653504
1.653504
1.648548
1.648548
1.656522
1.656522
1.632110
1.632110
1.649821
1.649821
1.653959
1.653959
1.642439
1.642439
1.655785
1.655785
1.638142
1.638142
1.648830
1.648830
1.646945
1.646945
1.645990
1.645990
1.648801
1.648801
1.648032
1.648032
1.647467
1.647467
1.646623
1.646623
1.645596
1.645596
1.647856
1.647856
1.646233
1.646233
1.651338
1.651338
1.641289
1.641289
1.654738
1.654738
1.647576
1.647576
1.630115
1.630115
1.659984
1.659984
1.656302
1.656302
1.639464
1.639464
1.635068
1.635068
1.633159
1.633159
1.638489
1.638489
1.640291
1.640291
1.650612
1.650612
1.647233
1.647233
1.653143
1.653143
1.641292
1.641292
1.643945
1.643945
1.648720
1.648720
1.645096
1.645096
1.647818
1.647818
1.643827
1.643827
1.641238
1.641238
1.655449
1.655449
1.637978
1.637978
1.647054
1.647054
1.651107
1.651107
1.639160
1.639160
1.643638
1.643638
1.639524
1.639524
1.652697
1.652697
1.650440
1.650440
1.653658
1.653658
1.625357
1.625357
1.648784
1.648784
1.643282
1.643282
1.630677
1.630677
1.655871
1.655871
1.637355
1.637355
1.652106
1.652106
1.644531
1.644531
1.644531
1.644531
1.649693
1.649693
1.643138
1.643138
1.635227
1.635227
1.647507
1.647507
1.636606
1.636606
1.656154
1.656154
1.640125
1.640125
1.640999
1.640999
1.643665
1.643665
1.633752
1.633752
1.648334
1.648334
1.641575
1.641575
1.646322
1.646322
1.647503
1.647503
1.662352
1.662352
1.645595
1.645595
1.635714
1.635714
1.641746
1.641746
1.658355
1.658355
1.657809
1.657809
1.658038
1.658038
1.658725
1.658725
1.635802
1.635802
1.646712
1.646712
1.648255
1.648255
1.659136
1.659136
1.650977
1.650977
1.653195
1.653195
1.661622
1.661622
1.666202
1.666202
1.647116
1.647116
1.660155
1.660155
1.646343
1.646343
1.641187
1.641187
1.655277
1.655277
1.652942
1.652942
1.662695
1.662695
1.646708
1.646708
1.649523
1.649523
1.655165
1.655165
1.651961
1.651961
1.676568
1.676568
1.641800
1.641800
1.649398
1.649398
1.671343
1.671343
1.649934
1.649934
1.661640
1.661640
1.651247
1.651247
1.656058
1.656058
1.646244
1.646244
1.650204
1.650204
1.664830
1.664830
1.667550
1.667550
1.662302
1.662302
1.663895
1.663895
1.658828
1.658828
1.662397
1.662397
1.642626
1.642626
1.651186
1.651186
1.655360
1.655360
1.654557
1.654557
1.644580
1.644580
1.657591
1.657591
1.661747
1.661747
1.636879
1.636879
1.660333
1.660333
1.650110
1.650110
1.651013
1.651013
1.670099
1.670099
1.653703
1.653703
1.648756
1.648756
1.657405
1.657405
1.650161
1.650161
1.641425
1.641425
1.645125
1.645125
1.648691
1.648691
1.644626
1.644626
1.657527
1.657527
1.652175
1.652175
1.647352
1.647352
1.642134
1.642134
1.652950
1.652950
1.641769
1.641769
1.660844
1.660844
1.646420
1.646420
1.648232
1.648232
1.635305
1.635305
1.655023
1.655023
1.651970
1.651970
1.626454
1.626454
1.650662
1.650662
1.660577
1.660577
1.645405
1.645405
1.648143
1.648143
1.644086
1.644086
1.659003
1.659003
1.634589
1.634589
1.644279
1.644279
1.644145
1.644145
1.656073
1.656073
1.648738
1.648738
1.647548
1.647548
1.635725
1.635725
1.630054
1.630054
1.647904
1.647904
1.650047
1.650047
1.630646
1.630646
1.647163
1.647163
1.644079
1.644079
1.642806
1.642806
1.649205
1.649205
1.638769
1.638769
1.643158
1.643158
1.642937
1.642937
1.639130
1.639130
1.635815
1.635815
1.637620
1.637620
1.650033
1.650033
1.656697
1.656697
1.643795
1.643795
1.646555
1.646555
1.632498
1.632498
1.643375
1.643375
1.648728
1.648728
1.637575
1.637575
1.643668
1.643668
1.646664
1.646664
1.642781
1.642781
1.640187
1.640187
1.642796
1.642796
1.642226
1.642226
1.643516
1.643516
1.638062
1.638062
1.644441
1.644441
1.639585
1.639585
1.647485
1.647485
1.641175
1.641175
1.638063
1.638063
1.643612
1.643612
1.639199
1.639199
1.650878
1.650878
1.634210
1.634210
1.634671
1.634671
1.653397
1.653397
1.636609
1.636609
1.638783
1.638783
1.667348
1.667348
1.639288
1.639288
1.633995
1.633995
1.658755
1.658755
1.635369
1.635369
1.651466
1.651466
1.649718
1.649718
1.642129
1.642129
1.652519
1.652519
1.653276
1.653276
1.644879
1.644879
1.640926
1.640926
1.650466
1.650466
1.650929
1.650929
1.644588
1.644588
1.639616
1.639616
1.645933
1.645933
1.671048
1.671048
1.654565
1.654565
1.649681
1.649681
1.644919
1.644919
1.649964
1.649964
1.649879
1.649879
1.648406
1.648406
1.647321
1.647321
1.647162
1.647162
1.648488
1.648488
1.658566
1.658566
1.656290
1.656290
1.662224
1.662224
1.650815
1.650815
1.654904
1.654904
1.637247
1.637247
1.645077
1.645077
1.655129
1.655129
1.661230
1.661230
1.654620
1.654620
1.649821
1.649821
1.643551
1.643551
1.652378
1.652378
1.663246
1.663246
1.652507
1.652507
1.656651
1.656651
1.656188
1.656188
1.658591
1.658591
1.642188
1.642188
1.662164
1.662164
1.654284
1.654284
1.651857
1.651857
1.659076
1.659076
1.645724
1.645724
1.641923
1.641923
1.673142
1.673142
1.650346
1.650346
1.652882
1.652882
1.652231
1.652231
1.647411
1.647411
1.655241
1.655241
1.653399
1.653399
1.654624
1.654624
1.644376
1.644376
1.648746
1.648746
1.647426
1.647426
1.648235
1.648235
1.644979
1.644979
1.663451
1.663451
1.639146
1.639146
1.645783
1.645783
1.637368
1.637368
1.658478
1.658478
1.650188
1.650188
1.641181
1.641181
1.650348
1.650348
1.650851
1.650851
1.636128
1.636128
1.649634
1.649634
1.647525
1.647525
1.647442
1.647442
1.621096
1.621096
1.665535
1.665535
1.639895
1.639895
1.650267
1.650267
1.651860
1.651860
1.655818
1.655818
1.651284
1.651284
1.647180
1.647180
1.629035
1.629035
1.636199
1.636199
1.646222
1.646222
1.650750
1.650750
1.634678
1.634678
1.643470
1.643470
1.644103
1.644103
1.629012
1.629012
1.656712
1.656712
1.638971
1.638971
1.643746
1.643746
1.651188
1.651188
1.645669
1.645669
1.652918
1.652918
1.640272
1.640272
1.634316
1.634316
1.641268
1.641268
1.638729
1.638729
1.638833
1.638833
1.655167
1.655167
1.638985
1.638985
1.641075
1.641075
1.644377
1.644377
1.640960
1.640960
1.634589
1.634589
1.649194
1.649194
1.650904
1.650904
1.637198
1.637198
1.644194
1.644194
1.653622
1.653622
1.645661
1.645661
1.637291
1.637291
1.633485
1.633485
1.656916
1.656916
1.636158
1.636158
1.643631
1.643631
1.650347
1.650347
1.642164
1.642164
1.638233
1.638233
1.649960
1.649960
1.645628
1.645628
1.640739
1.640739
1.633903
1.633903
1.655028
1.655028
1.656177
1.656177
1.646782
1.646782
1.649852
1.649852
1.663024
1.663024
1.655692
1.655692
1.653994
1.653994
1.640871
1.640871
1.655237
1.655237
1.664696
1.664696
1.666274
1.666274
1.653984
1.653984
1.642400
1.642400
1.665873
1.665873
1.655773
1.655773
1.657379
1.657379
1.652405
1.652405
1.654963
1.654963
1.673621
1.673621
1.652409
1.652409
1.654142
1.654142
1.656157
1.656157
1.660577
1.660577
1.655234
1.655234
1.656928
1.656928
1.658175
1.658175
1.648877
1.648877
1.661166
1.661166
1.638216
1.638216
1.643262
1.643262
1.651211
1.651211
1.652775
1.652775
1.654541
1.654541
1.659487
1.659487
1.644736
1.644736
1.648813
1.648813
1.653043
1.653043
1.644753
1.644753
1.663180
1.663180
1.654538
1.654538
1.660865
1.660865
1.637573
1.637573
1.644665
1.644665
1.642413
1.642413
1.642392
1.642392
1.644233
1.644233
1.651568
1.651568
1.642990
1.642990
1.658556
1.658556
1.649717
1.649717
1.648410
1.648410
1.645644
1.645644
1.645186
1.645186
1.640529
1.640529
1.659571
1.659571
1.646073
1.646073
1.646084
1.646084
1.643153
1.643153
1.625500
1.625500
1.645140
1.645140
1.637923
1.637923
1.653014
1.653014
1.640592
1.640592
1.646964
1.646964
1.650460
1.650460
1.647372
1.647372
1.647710
1.647710
1.634125
1.634125
1.637051
1.637051
1.648429
1.648429
1.634486
1.634486
1.649314
1.649314
1.635118
1.635118
1.650880
1.650880
1.649315
1.649315
1.635647
1.635647
1.642536
1.642536
1.639568
1.639568
1.648831
1.648831
1.660203
1.660203
1.639333
1.639333
1.638204
1.638204
1.642066
1.642066
1.628054
1.628054
1.621951
1.621951
1.646611
1.646611
1.645438
1.645438
1.651398
1.651398
1.647854
1.647854
1.641961
1.641961
1.646893
1.646893
1.629211
1.629211
1.653444
1.653444
1.636972
1.636972
1.644675
1.644675
1.639812
1.639812
1.648276
1.648276
1.636256
1.636256
1.638618
1.638618
1.654311
1.654311
1.630602
1.630602
1.636741
1.636741
1.640997
1.640997
1.646244
1.646244
1.644754
1.644754
1.641453
1.641453
1.635319
1.635319
1.650271
1.650271
1.630532
1.630532
1.635298
1.635298
1.645543
1.645543
1.639529
1.639529
1.646311
1.646311
1.636301
1.636301
1.638330
1.638330
1.641154
1.641154
1.648014
1.648014
1.654025
1.654025
1.630790
1.630790
1.644997
1.644997
1.646795
1.646795
1.647125
1.647125
1.649454
1.649454
1.634187
1.634187
1.669898
1.669898
1.640156
1.640156
1.646845
1.646845
1.642847
1.642847
1.641969
1.641969
1.651577
1.651577
1.640631
1.640631
1.651386
1.651386
1.654675
1.654675
1.667651
1.667651
1.651365
1.651365
1.659734
1.659734
1.651853
1.651853
1.643165
1.643165
1.669874
1.669874
1.650151
1.650151
1.653565
1.653565
1.662596
1.662596
1.666955
1.666955
1.642192
1.642192
1.645158
1.645158
1.658568
1.658568
1.651918
1.651918
1.646398
1.646398
1.682424
1.682424
1.654944
1.654944
1.634260
1.634260
1.665811
1.665811
1.660199
1.660199
1.654744
1.654744
1.641270
1.641270
1.666220
1.666220
1.643729
1.643729
1.669127
1.669127
1.643299
1.643299
1.638829
1.638829
1.652823
1.652823
1.655074
1.655074
1.654061
1.654061
1.658789
1.658789
1.650606
1.650606
1.648607
1.648607
1.655167
1.655167
1.651982
1.651982
1.637788
1.637788
1.639596
1.639596
1.658503
1.658503
1.651274
1.651274
1.643302
1.643302
1.646828
1.646828
1.642517
1.642517
1.649552
1.649552
1.653752
1.653752
1.638645
1.638645
1.648941
1.648941
1.666619
1.666619
1.642822
1.642822
1.626665
1.626665
1.644274
1.644274
1.646622
1.646622
1.644825
1.644825
1.637864
1.637864
1.648923
1.648923
1.644254
1.644254
1.647309
1.647309
1.644850
1.644850
1.645201
1.645201
1.642706
1.642706
1.638883
1.638883
1.648183
1.648183
1.642448
1.642448
1.644708
1.644708
1.641128
1.641128
1.646810
1.646810
1.638110
1.638110
1.649695
1.649695
1.632089
1.632089
1.638615
1.638615
1.646406
1.646406
1.646412
1.646412
1.657882
1.657882
1.633010
1.633010
1.642944
1.642944
1.634703
1.634703
1.640386
1.640386
1.627521
1.627521
1.642011
1.642011
1.666752
1.666752
1.630941
1.630941
1.640026
1.640026
1.620000
1.620000
1.646663
1.646663
1.659111
1.659111
1.640209
1.640209
1.639773
1.639773
1.636655
1.636655
1.648786
1.648786
1.641523
1.641523
1.631774
1.631774
1.649479
1.649479
1.648425
1.648425
1.643273
1.643273
1.637880
1.637880
1.646054
1.646054
1.630555
1.630555
1.638120
1.638120
1.637607
1.637607
1.660093
1.660093
1.634676
1.634676
1.642649
1.642649
1.638172
1.638172
1.650519
1.650519
1.638430
1.638430
1.640681
1.640681
1.644267
1.644267
1.643893
1.643893
1.636876
1.636876
1.651634
1.651634
1.633699
1.633699
1.644102
1.644102
1.636786
1.636786
1.650482
1.650482
1.647954
1.647954
1.632710
1.632710
1.640562
1.640562
1.636267
1.636267
1.641414
1.641414
1.645817
1.645817
1.648487
1.648487
1.649679
1.649679
1.643602
1.643602
1.646696
1.646696
1.649376
1.649376
1.645657
1.645657
1.635835
1.635835
1.634639
1.634639
1.638892
1.638892
1.650116
1.650116
1.650282
1.650282
1.649231
1.649231
1.652395
1.652395
1.648914
1.648914
1.646394
1.646394
1.642451
1.642451
1.661434
1.661434
1.645464
1.645464
1.647750
1.647750
1.647010
1.647010
1.673185
1.673185
1.677859
1.677859
1.657595
1.657595
1.658767
1.658767
1.654801
1.654801
1.656736
1.656736
1.664013
1.664013
1.657244
1.657244
1.677119
1.677119
1.657834
1.657834
1.660956
1.660956
1.655392
1.655392
1.650782
1.650782
1.672398
1.672398
1.663442
1.663442
1.655666
1.655666
1.675698
1.675698
1.651437
1.651437
1.670821
1.670821
1.669015
1.669015
1.652862
1.652862
1.654196
1.654196
1.657411
1.657411
1.669059
1.669059
1.650793
1.650793
1.653161
1.653161
1.655845
1.655845
1.643283
1.643283
1.665075
1.665075
1.659927
1.659927
1.642263
1.642263
1.667667
1.667667
1.660773
1.660773
1.646086
1.646086
1.650498
1.650498
1.645711
1.645711
1.662746
1.662746
1.653162
1.653162
1.656013
1.656013
1.658345
1.658345
1.642846
1.642846
1.638179
1.638179
1.641552
1.641552
1.637794
1.637794
1.660811
1.660811
1.657491
1.657491
1.644806
1.644806
1.631303
1.631303
1.651396
1.651396
1.666393
1.666393
1.648364
1.648364
1.634247
1.634247
1.642643
1.642643
1.654191
1.654191
1.639375
1.639375
1.640669
1.640669
1.655310
1.655310
1.648853
1.648853
1.641250
1.641250
1.645761
1.645761
1.644841
1.644841
1.641392
1.641392
1.636435
1.636435
1.630664
1.630664
1.654875
1.654875
1.642336
1.642336
1.659301
1.659301
1.655768
1.655768
1.643321
1.643321
1.637097
1.637097
1.641769
1.641769
1.633142
1.633142
1.637768
1.637768
1.642098
1.642098
1.634148
1.634148
1.649385
1.649385
1.649807
1.649807
1.630095
1.630095
1.638029
1.638029
1.653113
1.653113
1.644415
1.644415
1.642033
1.642033
1.643561
1.643561
1.634066
1.634066
1.635417
1.635417
1.643754
1.643754
1.651720
1.651720
1.641217
1.641217
1.646019
1.646019
1.633798
1.633798
1.642707
1.642707
1.638307
1.638307
1.640535
1.640535
1.648412
1.648412
1.637015
1.637015
1.635843
1.635843
1.638240
1.638240
1.634206
1.634206
1.650722
1.650722
1.642053
1.642053
1.633956
1.633956
1.636865
1.636865
1.656164
1.656164
1.656184
1.656184
1.624700
1.624700
1.629760
1.629760
1.625777
1.625777
1.645334
1.645334
1.635420
1.635420
1.640523
1.640523
1.637604
1.637604
1.636260
1.636260
1.646184
1.646184
1.635234
1.635234
1.633828
1.633828
1.638663
1.638663
1.642730
1.642730
1.628840
1.628840
1.624187
1.624187
1.641125
1.641125
1.654780
1.654780
1.649571
1.649571
1.630410
1.630410
1.649676
1.649676
1.629119
1.629119
1.641496
1.641496
1.646610
1.646610
1.630585
1.630585
1.639394
1.639394
1.644473
1.644473
1.643554
1.643554
1.635251
1.635251
1.643065
1.643065
1.631297
1.631297
1.640140
1.640140
1.636199
1.636199
1.645289
1.645289
1.636941
1.636941
1.642760
1.642760
1.639182
1.639182
1.644685
1.644685
1.625379
1.625379
1.636857
1.636857
1.649383
1.649383
1.633751
1.633751
1.630826
1.630826
1.644009
1.644009
1.627019
1.627019
1.645141
1.645141
1.641367
1.641367
1.636946
1.636946
1.643902
1.643902
1.638473
1.638473
1.630897
1.630897
1.643141
1.643141
1.651065
1.651065
1.642346
1.642346
1.656606
1.656606
1.640568
1.640568
1.641843
1.641843
1.650522
1.650522
1.644131
1.644131
1.644875
1.644875
1.641376
1.641376
1.636107
1.636107
1.668170
1.668170
1.674850
1.674850
1.665686
1.665686
1.655049
1.655049
1.654815
1.654815
1.635518
1.635518
1.663699
1.663699
1.653094
1.653094
1.656642
1.656642
1.668732
1.668732
1.649900
1.649900
1.664410
1.664410
1.663960
1.663960
1.654539
1.654539
1.663817
1.663817
1.664334
1.664334
1.653234
1.653234
1.655189
1.655189
1.666868
1.666868
1.660505
1.660505
1.661739
1.661739
1.662654
1.662654
1.655529
1.655529
1.660198
1.660198
1.658811
1.658811
1.668046
1.668046
1.646222
1.646222
1.655266
1.655266
1.653034
1.653034
1.658638
1.658638
1.653701
1.653701
1.660234
1.660234
1.650496
1.650496
1.658624
1.658624
1.659481
1.659481
1.647481
1.647481
1.649489
1.649489
1.647471
1.647471
1.650059
1.650059
1.657216
1.657216
1.658090
1.658090
1.638302
1.638302
1.654388
1.654388
1.653059
1.653059
1.634105
1.634105
1.651621
1.651621
1.653281
1.653281
1.648265
1.648265
1.656855
1.656855
1.632554
1.632554
1.657538
1.657538
1.638645
1.638645
1.646237
1.646237
1.640592
1.640592
1.651353
1.651353
1.654138
1.654138
1.636373
1.636373
1.653179
1.653179
1.664242
1.664242
1.652711
1.652711
1.621698
1.621698
1.630883
1.630883
1.641189
1.641189
1.644613
1.644613
1.651693
1.651693
1.642388
1.642388
1.642313
1.642313
1.637777
1.637777
1.643121
1.643121
1.641690
1.641690
1.643823
1.643823
1.656536
1.656536
1.657382
1.657382
1.633316
1.633316
1.642362
1.642362
1.637735
1.637735
1.644612
1.644612
1.636220
1.636220
1.628930
1.628930
1.666678
1.666678
1.641720
1.641720
1.635501
1.635501
1.635100
1.635100
1.654303
1.654303
1.638417
1.638417
1.628553
1.628553
1.656857
1.656857
1.631891
1.631891
1.635344
1.635344
1.647986
1.647986
1.648206
1.648206
1.642219
1.642219
1.632358
1.632358
1.631601
1.631601
1.649559
1.649559
1.640561
1.640561
1.652122
1.652122
1.638610
1.638610
1.623519
1.623519
1.646407
1.646407
1.644832
1.644832
1.649450
1.649450
1.643189
1.643189
1.633908
1.633908
1.642083
1.642083
1.641185
1.641185
1.636491
1.636491
1.632269
1.632269
1.647640
1.647640
1.631387
1.631387
1.640788
1.640788
1.646924
1.646924
1.630287
1.630287
1.633708
1.633708
1.640127
1.640127
1.649715
1.649715
1.642530
1.642530
1.660830
1.660830
1.633991
1.633991
1.639743
1.639743
1.625217
1.625217
1.632137
1.632137
1.640412
1.640412
1.642915
1.642915
1.646945
1.646945
1.630850
1.630850
1.628610
1.628610
1.641635
1.641635
1.637130
1.637130
1.646185
1.646185
1.637830
1.637830
1.625502
1.625502
1.628872
1.628872
1.633942
1.633942
1.638512
1.638512
1.647131
1.647131
1.647389
1.647389
1.639899
1.639899
1.636259
1.636259
1.642243
1.642243
1.632444
1.632444
1.643819
1.643819
1.632427
1.632427
1.630505
1.630505
1.652822
1.652822
1.637291
1.637291
1.639257
1.639257
1.630826
1.630826
1.642292
1.642292
1.634070
1.634070
1.637977
1.637977
1.649837
1.649837
1.638380
1.638380
1.641393
1.641393
1.634831
1.634831
1.638111
1.638111
1.637524
1.637524
1.627316
1.627316
1.639413
1.639413
1.634826
1.634826
1.644470
1.644470
1.646856
1.646856
1.637157
1.637157
1.646431
1.646431
1.636493
1.636493
1.629638
1.629638
1.640923
1.640923
1.634837
1.634837
1.638882
1.638882
1.634916
1.634916
1.634262
1.634262
1.650492
1.650492
1.630060
1.630060
1.654284
1.654284
1.637419
1.637419
1.640609
1.640609
1.635325
1.635325
1.646646
1.646646
1.644089
1.644089
1.642256
1.642256
1.652006
1.652006
1.666254
1.666254
1.660946
1.660946
1.666905
1.666905
1.658346
1.658346
1.658675
1.658675
1.643522
1.643522
1.671771
1.671771
1.668278
1.668278
1.657637
1.657637
1.665402
1.665402
1.682558
1.682558
1.670964
1.670964
1.673006
1.673006
1.679494
1.679494
1.687720
1.687720
1.674125
1.674125
1.670344
1.670344
1.686364
1.686364
1.686023
1.686023
1.696953
1.696953
1.694160
1.694160
1.687271
1.687271
1.693914
1.693914
1.689716
1.689716
1.697335
1.697335
1.711330
1.711330
1.691379
1.691379
1.699278
1.699278
1.708138
1.708138
1.716314
1.716314
1.698587
1.698587
1.699943
1.699943
1.696162
1.696162
1.725087
1.725087
1.707747
1.707747
1.732938
1.732938
1.728230
1.728230
1.718149
1.718149
1.725638
1.725638
1.703823
1.703823
1.715009
1.715009
1.727984
1.727984
1.716507
1.716507
1.731874
1.731874
1.719363
1.719363
1.736625
1.736625
1.740943
1.740943
1.727136
1.727136
1.730374
1.730374
1.742560
1.742560
1.717923
1.717923
1.732577
1.732577
1.733446
1.733446
1.734859
1.734859
1.742393
1.742393
1.761402
1.761402
1.730520
1.730520
1.729908
1.729908
1.759108
1.759108
1.758367
1.758367
1.753483
1.753483
1.748302
1.748302
1.747655
1.747655
1.753541
1.753541
1.753337
1.753337
1.759314
1.759314
1.743777
1.743777
1.757922
1.757922
1.765167
1.765167
1.766793
1.766793
1.754248
1.754248
1.750756
1.750756
1.761116
1.761116
1.773083
1.773083
1.772411
1.772411
1.759132
1.759132
1.772884
1.772884
1.754743
1.754743
1.772282
1.772282
1.779119
1.779119
1.765903
1.765903
1.769282
1.769282
1.769288
1.769288
1.779347
1.779347
1.783796
1.783796
1.770188
1.770188
1.782666
1.782666
1.776194
1.776194
1.777750
1.777750
1.782467
1.782467
1.781651
1.781651
1.789266
1.789266
1.790288
1.790288
1.784785
1.784785
1.779740
1.779740
1.780226
1.780226
1.794583
1.794583
1.788006
1.788006
1.777327
1.777327
1.787570
1.787570
1.810513
1.810513
1.795356
1.795356
1.801256
1.801256
1.791505
1.791505
1.788199
1.788199
1.801752
1.801752
1.795473
1.795473
1.795116
1.795116
1.799832
1.799832
1.808806
1.808806
1.801949
1.801949
1.797846
1.797846
1.807044
1.807044
1.811479
1.811479
1.797052
1.797052
1.814462
1.814462
1.810717
1.810717
1.808296
1.808296
1.794957
1.794957
1.811035
1.811035
1.830799
1.830799
1.816109
1.816109
1.806540
1.806540
1.814059
1.814059
1.815055
1.815055
1.823812
1.823812
1.831125
1.831125
1.807212
1.807212
1.802828
1.802828
1.821127
1.821127
1.841168
1.841168
1.808030
1.808030
1.826797
1.826797
1.828038
1.828038
1.820367
1.820367
1.842743
1.842743
1.836095
1.836095
1.830317
1.830317
1.812961
1.812961
1.830607
1.830607
1.835201
1.835201
1.847825
1.847825
1.822924
1.822924
1.843556
1.843556
1.817323
1.817323
1.835327
1.835327
1.838945
1.838945
1.828021
1.828021
1.825730
1.825730
1.853207
1.853207
1.845934
1.845934
1.839848
1.839848
1.847275
1.847275
1.825049
1.825049
1.846277
1.846277
1.858714
1.858714
1.854745
1.854745
1.846347
1.846347
1.833802
1.833802
1.842650
1.842650
1.861033
1.861033
1.845158
1.845158
1.847181
1.847181
1.847044
1.847044
1.850526
1.850526
1.873174
1.873174
1.842552
1.842552
1.854433
1.854433
1.866471
1.866471
1.857789
1.857789
1.856585
1.856585
1.854320
1.854320
1.886399
1.886399
1.850802
1.850802
1.856857
1.856857
1.845688
1.845688
1.873487
1.873487
1.865186
1.865186
1.864460
1.864460
1.849512
1.849512
1.868601
1.868601
1.869305
1.869305
1.866293
1.866293
1.868812
1.868812
1.859138
1.859138
1.881533
1.881533
1.874223
1.874223
1.866745
1.866745
1.864381
1.864381
1.883616
1.883616
1.871805
1.871805
1.877280
1.877280
1.875181
1.875181
1.862784
1.862784
1.895066
1.895066
1.868299
1.868299
1.890149
1.890149
1.871720
1.871720
1.872278
1.872278
1.871648
1.871648
1.902852
1.902852
1.874679
1.874679
1.882737
1.882737
1.889634
1.889634
1.890928
1.890928
1.882296
1.882296
1.903614
1.903614
1.895247
1.895247
1.889324
1.889324
1.879728
1.879728
1.865347
1.865347
1.885823
1.885823
1.887890
1.887890
1.888543
1.888543
1.899797
1.899797
1.901410
1.901410
1.885681
1.885681
1.900403
1.900403
1.903185
1.903185
1.895288
1.895288
1.894114
1.894114
1.885749
1.885749
1.912377
1.912377
1.898931
1.898931
1.901266
1.901266
1.899975
1.899975
1.900726
1.900726
1.905429
1.905429
1.897798
1.897798
1.904835
1.904835
1.910419
1.910419
1.907265
1.907265
1.911560
1.911560
1.915427
1.915427
1.909544
1.909544
1.884309
1.884309
1.922949
1.922949
1.903549
1.903549
1.897718
1.897718
1.910956
1.910956
1.922996
1.922996
1.924614
1.924614
1.912947
1.912947
1.904083
1.904083
1.916143
1.916143
1.914294
1.914294
1.917320
1.917320
1.922206
1.922206
1.909839
1.909839
1.918005
1.918005
1.924494
1.924494
1.922225
1.922225
1.930176
1.930176
1.907089
1.907089
1.919755
1.919755
1.930499
1.930499
1.925453
1.925453
1.927644
1.927644
1.927279
1.927279
1.921121
1.921121
1.921446
1.921446
1.934615
1.934615
1.925279
1.925279
1.933505
1.933505
1.926709
1.926709
1.917510
1.917510
1.930815
1.930815
1.934479
1.934479
1.931607
1.931607
1.930898
1.930898
1.929432
1.929432
1.953363
1.953363
1.918916
1.918916
1.932056
1.932056
1.949418
1.949418
1.913514
1.913514
1.934306
1.934306
1.936092
1.936092
1.941781
1.941781
1.940571
1.940571
1.937392
1.937392
1.927334
1.927334
1.950583
1.950583
1.944839
1.944839
1.927883
1.927883
1.962577
1.962577
1.919652
1.919652
1.974726
1.974726
1.939904
1.939904
1.943751
1.943751
1.943780
1.943780
1.949530
1.949530
1.946803
1.946803
1.959777
1.959777
1.937961
1.937961
1.941988
1.941988
1.946990
1.946990
1.959497
1.959497
1.955727
1.955727
1.937961
1.937961
1.954817
1.954817
1.950058
1.950058
1.954902
1.954902
1.955059
1.955059
1.939744
1.939744
1.977341
1.977341
1.947710
1.947710
1.955965
1.955965
1.950673
1.950673
1.971365
1.971365
1.960135
1.960135
1.954175
1.954175
1.974490
1.974490
1.951854
1.951854
1.962216
1.962216
1.955913
1.955913
1.951540
1.951540
1.961581
1.961581
1.959732
1.959732
1.973470
1.973470
1.971444
1.971444
1.955923
1.955923
1.987065
1.987065
1.960726
1.960726
1.958807
1.958807
1.967853
1.967853
1.988620
1.988620
1.962565
1.962565
1.958389
1.958389
1.969725
1.969725
1.963183
1.963183
1.971868
1.971868
1.977303
1.977303
1.966250
1.966250
1.967639
1.967639
1.978019
1.978019
1.968736
1.968736
1.972257
1.972257
1.969105
1.969105
1.970854
1.970854
2.001231
2.001231
1.976374
1.976374
1.980674
1.980674
1.988962
1.988962
1.976702
1.976702
1.958540
1.958540
1.993175
1.993175
1.979684
1.979684
1.977028
1.977028
1.983661
1.983661
1.961997
1.961997
1.979680
1.979680
1.991795
1.991795
1.996897
1.996897
1.971869
1.971869
1.971304
1.971304
1.980365
1.980365
1.982863
1.982863
1.986447
1.986447
2.003235
2.003235
1.972062
1.972062
1.971389
1.971389
1.992443
1.992443
1.985807
1.985807
2.000011
2.000011
1.996230
1.996230
1.986755
1.986755
1.983386
1.983386
2.002788
2.002788
2.000352
2.000352
1.979589
1.979589
1.997162
1.997162
1.995033
1.995033
2.000850
2.000850
1.985094
1.985094
1.990608
1.990608
2.003857
2.003857
1.990753
1.990753
1.993967
1.993967
2.008216
2.008216
1.980893
1.980893
1.981525
1.981525
2.007599
2.007599
2.021750
2.021750
1.986565
1.986565
1.998170
1.998170
2.009920
2.009920
2.009453
2.009453
2.000964
2.000964
1.990595
1.990595
1.995876
1.995876
2.006977
2.006977
2.005456
2.005456
2.009970
2.009970
1.997561
1.997561
1.999799
1.999799
2.009941
2.009941
1.998193
1.998193
2.008150
2.008150
2.007689
2.007689
2.011046
2.011046
2.022868
2.022868
2.000792
2.000792
1.992230
1.992230
2.016167
2.016167
2.016192
2.016192
2.018118
2.018118
2.005206
2.005206
2.013215
2.013215
2.009969
2.009969
2.011837
2.011837
2.008584
2.008584
2.010463
2.010463
2.021998
2.021998
2.013381
2.013381
2.016848
2.016848
2.023667
2.023667
2.018887
2.018887
2.022319
2.022319
2.014142
2.014142
1.997205
1.997205
2.019391
2.019391
2.037381
2.037381
2.008961
2.008961
2.023705
2.023705
1.998647
1.998647
2.029793
2.029793
2.027774
2.027774
2.010740
2.010740
2.014396
2.014396
2.025863
2.025863
2.034448
2.034448
2.037868
2.037868
2.017291
2.017291
2.007118
2.007118
2.021512
2.021512
2.031762
2.031762
2.024029
2.024029
2.023211
2.023211
2.028566
2.028566
2.021478
2.021478
2.027358
2.027358
2.012290
2.012290
2.032755
2.032755
2.026889
2.026889
2.049704
2.049704
2.036438
2.036438
2.025738
2.025738
2.037550
2.037550
2.024881
2.024881
2.027544
2.027544
2.029507
2.029507
2.024864
2.024864
2.034345
2.034345
2.041030
2.041030
2.035657
2.035657
2.030136
2.030136
2.024600
2.024600
2.037009
2.037009
2.046251
2.046251
2.039251
2.039251
2.043492
2.043492
2.056209
2.056209
2.024968
2.024968
2.024787
2.024787
2.037819
2.037819
2.039310
2.039310
2.031952
2.031952
2.027099
2.027099
2.046795
2.046795
2.059222
2.059222
2.034476
2.034476
2.043162
2.043162
2.048171
2.048171
2.049191
2.049191
2.028553
2.028553
2.032938
2.032938
2.036747
2.036747
2.048392
2.048392
2.041775
2.041775
2.065059
2.065059
2.059152
2.059152
2.052671
2.052671
2.018776
2.018776
2.058279
2.058279
2.035846
2.035846
2.047421
2.047421
2.039634
2.039634
2.049824
2.049824
2.053464
2.053464
2.048276
2.048276
2.051622
2.051622
2.041568
2.041568
2.053950
2.053950
2.056993
2.056993
2.042531
2.042531
2.044654
2.044654
2.053564
2.053564
2.042323
2.042323
2.070248
2.070248
2.047068
2.047068
2.047111
2.047111
2.054274
2.054274
2.046071
2.046071
2.061702
2.061702
2.063802
2.063802
2.061691
2.061691
2.038337
2.038337
2.055508
2.055508
2.056717
2.056717
2.072824
2.072824
2.059481
2.059481
2.053291
2.053291
2.052809
2.052809
2.056038
2.056038
2.071733
2.071733
2.076114
2.076114
2.059421
2.059421
2.063724
2.063724
2.053325
2.053325
2.038020
2.038020
2.049154
2.049154
2.060821
2.060821
2.052097
2.052097
2.077122
2.077122
2.071230
2.071230
2.072762
2.072762
2.061537
2.061537
2.052140
2.052140
2.060567
2.060567
2.072982
2.072982
2.056284
2.056284
2.068024
2.068024
2.069376
2.069376
2.070451
2.070451
2.060277
2.060277
2.073659
2.073659
2.065765
2.065765
2.064396
2.064396
2.062118
2.062118
2.070872
2.070872
2.072006
2.072006
2.065669
2.065669
2.056166
2.056166
2.090213
2.090213
2.057191
2.057191
2.071806
2.071806
2.083099
2.083099
2.048053
2.048053
2.072114
2.072114
2.083888
2.083888
2.057275
2.057275
2.076622
2.076622
2.079773
2.079773
2.070858
2.070858
2.082304
2.082304
