2.298828
2.298828
2.297732
2.297732
2.298528
2.298528
2.297698
2.297698
2.301284
2.301284
2.298330
2.298330
2.295598
2.295598
2.294197
2.294197
2.294268
2.294268
2.290878
2.290878
2.290802
2.290802
2.290249
2.290249
2.288563
2.288563
2.287343
2.287343
2.284403
2.284403
2.285072
2.285072
2.280504
2.280504
2.278103
2.278103
2.277696
2.277696
2.278040
2.278040
2.272471
2.272471
2.273772
2.273772
2.268511
2.268511
2.269585
2.269585
2.263796
2.263796
2.263501
2.263501
2.260438
2.260438
2.260080
2.260080
2.256091
2.256091
2.250503
2.250503
2.249240
2.249240
2.251569
2.251569
2.243243
2.243243
2.242739
2.242739
2.239436
2.239436
2.236164
2.236164
2.232689
2.232689
2.229604
2.229604
2.223824
2.223824
2.226192
2.226192
2.217851
2.217851
2.216607
2.216607
2.212685
2.212685
2.208535
2.208535
2.208500
2.208500
2.199887
2.199887
2.195404
2.195404
2.194595
2.194595
2.191000
2.191000
2.186546
2.186546
2.177336
2.177336
2.178288
2.178288
2.170217
2.170217
2.171260
2.171260
2.164680
2.164680
2.161505
2.161505
2.154998
2.154998
2.150863
2.150863
2.140807
2.140807
2.139387
2.139387
2.131895
2.131895
2.125316
2.125316
2.127905
2.127905
2.118194
2.118194
2.113628
2.113628
2.109785
2.109785
2.101978
2.101978
2.097384
2.097384
2.091370
2.091370
2.081648
2.081648
2.088696
2.088696
2.070007
2.070007
2.070326
2.070326
2.059694
2.059694
2.056116
2.056116
2.061624
2.061624
2.061404
2.061404
2.058315
2.058315
2.053681
2.053681
2.045230
2.045230
2.039368
2.039368
2.043098
2.043098
2.023813
2.023813
2.024447
2.024447
2.012990
2.012990
2.010263
2.010263
2.005388
2.005388
2.008301
2.008301
2.003215
2.003215
1.987999
1.987999
1.993045
1.993045
1.972727
1.972727
1.980473
1.980473
1.982369
1.982369
1.956677
1.956677
1.958759
1.958759
1.958121
1.958121
1.953587
1.953587
1.946109
1.946109
1.946245
1.946245
1.940111
1.940111
1.938674
1.938674
1.928280
1.928280
1.930790
1.930790
1.927203
1.927203
1.916346
1.916346
1.917031
1.917031
1.913343
1.913343
1.921329
1.921329
1.907402
1.907402
1.905319
1.905319
1.893627
1.893627
1.897341
1.897341
1.892599
1.892599
1.894033
1.894033
1.891310
1.891310
1.878763
1.878763
1.882008
1.882008
1.881771
1.881771
1.882524
1.882524
1.875244
1.875244
1.875003
1.875003
1.866691
1.866691
1.866670
1.866670
1.859740
1.859740
1.858313
1.858313
1.859521
1.859521
1.861574
1.861574
1.847735
1.847735
1.852070
1.852070
1.853942
1.853942
1.836994
1.836994
1.848805
1.848805
1.853258
1.853258
1.822513
1.822513
1.841763
1.841763
1.823950
1.823950
1.834573
1.834573
1.837712
1.837712
1.823225
1.823225
1.821822
1.821822
1.828376
1.828376
1.829471
1.829471
1.822882
1.822882
1.826386
1.826386
1.817246
1.817246
1.824548
1.824548
1.811371
1.811371
1.822694
1.822694
1.809299
1.809299
1.815572
1.815572
1.812662
1.812662
1.808867
1.808867
1.802897
1.802897
1.804325
1.804325
1.809081
1.809081
1.794799
1.794799
1.799414
1.799414
1.803306
1.803306
1.806035
1.806035
1.800339
1.800339
1.792016
1.792016
1.795077
1.795077
1.777645
1.777645
1.797611
1.797611
1.803046
1.803046
1.783357
1.783357
1.773844
1.773844
1.787917
1.787917
1.777301
1.777301
1.773936
1.773936
1.786567
1.786567
1.785682
1.785682
1.776715
1.776715
1.769016
1.769016
1.767964
1.767964
1.774598
1.774598
1.770565
1.770565
1.766921
1.766921
1.758702
1.758702
1.768849
1.768849
1.764486
1.764486
1.758967
1.758967
1.745151
1.745151
1.771249
1.771249
1.755646
1.755646
1.748379
1.748379
1.753196
1.753196
1.752818
1.752818
1.760709
1.760709
1.739285
1.739285
1.758880
1.758880
1.743817
1.743817
1.746732
1.746732
1.738461
1.738461
1.736396
1.736396
1.737851
1.737851
1.735147
1.735147
1.740583
1.740583
1.752882
1.752882
1.740262
1.740262
1.725775
1.725775
1.729881
1.729881
1.731101
1.731101
1.733163
1.733163
1.729862
1.729862
1.731015
1.731015
1.730545
1.730545
1.720660
1.720660
1.723963
1.723963
1.722695
1.722695
1.716623
1.716623
1.727443
1.727443
1.730878
1.730878
1.716507
1.716507
1.718953
1.718953
1.713775
1.713775
1.724786
1.724786
1.715820
1.715820
1.712671
1.712671
1.721040
1.721040
1.701366
1.701366
1.714853
1.714853
1.710688
1.710688
1.711092
1.711092
1.700710
1.700710
1.714642
1.714642
1.708010
1.708010
1.702744
1.702744
1.719395
1.719395
1.700205
1.700205
1.705312
1.705312
1.700982
1.700982
1.708278
1.708278
1.714544
1.714544
1.708133
1.708133
1.709247
1.709247
1.696597
1.696597
1.690291
1.690291
1.698069
1.698069
1.708951
1.708951
1.698088
1.698088
1.695362
1.695362
1.687293
1.687293
1.693563
1.693563
1.690898
1.690898
1.683326
1.683326
1.701717
1.701717
1.701593
1.701593
1.690501
1.690501
1.687897
1.687897
1.696198
1.696198
1.684007
1.684007
1.694026
1.694026
1.691721
1.691721
1.689140
1.689140
1.684291
1.684291
1.686642
1.686642
1.684301
1.684301
1.676368
1.676368
1.694437
1.694437
1.665982
1.665982
1.677184
1.677184
1.681775
1.681775
1.687978
1.687978
1.682332
1.682332
1.681311
1.681311
1.674329
1.674329
1.686991
1.686991
1.666861
1.666861
1.681335
1.681335
1.687663
1.687663
1.665919
1.665919
1.679205
1.679205
1.667272
1.667272
1.679346
1.679346
1.681681
1.681681
1.663394
1.663394
1.671552
1.671552
1.677349
1.677349
1.676088
1.676088
1.674780
1.674780
1.676793
1.676793
1.666203
1.666203
1.665407
1.665407
1.678309
1.678309
1.670563
1.670563
1.668208
1.668208
1.670826
1.670826
1.656411
1.656411
1.660335
1.660335
1.667932
1.667932
1.653345
1.653345
1.663761
1.663761
1.673947
1.673947
1.659504
1.659504
1.665990
1.665990
1.652226
1.652226
1.652655
1.652655
1.677012
1.677012
1.652464
1.652464
1.653047
1.653047
1.652877
1.652877
1.659516
1.659516
1.683228
1.683228
1.654581
1.654581
1.658008
1.658008
1.659781
1.659781
1.653217
1.653217
1.662958
1.662958
1.653666
1.653666
1.666683
1.666683
1.649893
1.649893
1.655537
1.655537
1.653923
1.653923
1.646455
1.646455
1.659954
1.659954
1.655566
1.655566
1.653191
1.653191
1.659402
1.659402
1.650312
1.650312
1.664730
1.664730
1.641166
1.641166
1.648767
1.648767
1.663020
1.663020
1.657218
1.657218
1.649875
1.649875
1.651240
1.651240
1.645396
1.645396
1.646507
1.646507
1.656079
1.656079
1.650663
1.650663
1.650867
1.650867
1.641360
1.641360
1.633942
1.633942
1.653128
1.653128
1.643841
1.643841
1.639825
1.639825
1.639756
1.639756
1.655368
1.655368
1.646524
1.646524
1.645676
1.645676
1.645682
1.645682
1.638912
1.638912
1.640733
1.640733
1.644325
1.644325
1.636169
1.636169
1.644668
1.644668
1.640112
1.640112
1.643392
1.643392
1.635309
1.635309
1.644678
1.644678
1.633893
1.633893
1.651943
1.651943
1.636966
1.636966
1.643394
1.643394
1.641455
1.641455
1.633312
1.633312
1.636078
1.636078
1.647170
1.647170
1.640996
1.640996
1.632941
1.632941
1.648284
1.648284
1.631772
1.631772
1.637956
1.637956
1.637753
1.637753
1.639162
1.639162
1.634375
1.634375
1.627188
1.627188
1.640598
1.640598
1.641121
1.641121
1.640285
1.640285
1.621428
1.621428
1.637516
1.637516
1.630490
1.630490
1.631064
1.631064
1.633586
1.633586
1.633816
1.633816
1.637441
1.637441
1.629659
1.629659
1.618862
1.618862
1.641020
1.641020
1.647047
1.647047
1.629528
1.629528
1.621967
1.621967
1.634611
1.634611
1.626080
1.626080
1.623593
1.623593
1.632217
1.632217
1.635724
1.635724
1.628733
1.628733
1.623869
1.623869
1.634197
1.634197
1.631107
1.631107
1.626015
1.626015
1.635974
1.635974
1.620087
1.620087
1.631678
1.631678
1.625623
1.625623
1.624149
1.624149
1.628755
1.628755
1.627673
1.627673
1.627896
1.627896
1.624403
1.624403
1.623495
1.623495
1.625432
1.625432
1.630335
1.630335
1.627510
1.627510
1.628998
1.628998
1.615714
1.615714
1.633883
1.633883
1.620386
1.620386
1.626005
1.626005
1.620471
1.620471
1.623661
1.623661
1.631493
1.631493
1.617586
1.617586
1.618978
1.618978
1.632349
1.632349
1.616280
1.616280
1.621090
1.621090
1.631281
1.631281
1.616237
1.616237
1.630479
1.630479
1.608317
1.608317
1.626177
1.626177
1.614779
1.614779
1.621504
1.621504
1.621659
1.621659
1.622529
1.622529
1.615347
1.615347
1.624070
1.624070
1.617796
1.617796
1.621751
1.621751
1.621199
1.621199
1.614216
1.614216
1.615086
1.615086
1.617892
1.617892
1.636155
1.636155
1.601273
1.601273
1.605881
1.605881
1.622223
1.622223
1.629877
1.629877
1.617256
1.617256
1.607560
1.607560
1.620275
1.620275
1.617825
1.617825
1.612253
1.612253
1.611000
1.611000
1.624626
1.624626
1.625227
1.625227
1.611305
1.611305
1.611867
1.611867
1.615927
1.615927
1.620296
1.620296
1.608394
1.608394
1.619970
1.619970
1.611642
1.611642
1.621102
1.621102
1.620894
1.620894
1.608859
1.608859
1.615876
1.615876
1.603538
1.603538
1.626144
1.626144
1.620825
1.620825
1.616846
1.616846
1.611323
1.611323
1.607726
1.607726
1.615517
1.615517
1.625503
1.625503
1.619360
1.619360
1.618085
1.618085
1.611595
1.611595
1.612526
1.612526
1.610052
1.610052
1.617769
1.617769
1.614245
1.614245
1.617258
1.617258
1.604455
1.604455
1.608075
1.608075
1.613308
1.613308
1.614662
1.614662
1.616114
1.616114
1.615323
1.615323
1.596082
1.596082
1.612388
1.612388
1.609020
1.609020
1.610330
1.610330
1.609924
1.609924
1.617278
1.617278
1.604775
1.604775
1.611354
1.611354
1.608795
1.608795
1.615441
1.615441
1.614970
1.614970
1.614001
1.614001
1.613355
1.613355
1.608869
1.608869
1.603574
1.603574
1.611992
1.611992
1.607633
1.607633
1.608911
1.608911
1.610879
1.610879
1.607641
1.607641
1.610307
1.610307
1.614162
1.614162
1.595323
1.595323
1.608408
1.608408
1.615846
1.615846
1.604712
1.604712
1.612486
1.612486
1.607075
1.607075
1.600731
1.600731
1.612749
1.612749
1.602404
1.602404
1.604359
1.604359
1.604340
1.604340
1.613843
1.613843
1.607287
1.607287
1.603601
1.603601
1.594269
1.594269
1.607604
1.607604
1.615283
1.615283
1.608653
1.608653
1.600500
1.600500
1.600135
1.600135
1.605161
1.605161
1.598792
1.598792
1.609163
1.609163
1.606714
1.606714
1.609842
1.609842
1.599919
1.599919
1.603360
1.603360
1.606846
1.606846
1.596859
1.596859
1.600818
1.600818
1.604327
1.604327
1.606674
1.606674
1.599219
1.599219
1.609143
1.609143
1.600109
1.600109
1.604246
1.604246
1.604984
1.604984
1.605106
1.605106
1.603843
1.603843
1.605570
1.605570
1.607175
1.607175
1.606468
1.606468
1.599455
1.599455
1.595990
1.595990
1.607196
1.607196
1.598700
1.598700
1.604500
1.604500
1.608587
1.608587
1.592547
1.592547
1.606715
1.606715
1.600004
1.600004
1.613695
1.613695
1.594019
1.594019
1.592767
1.592767
1.595039
1.595039
1.600042
1.600042
1.605248
1.605248
1.598132
1.598132
1.599814
1.599814
1.598817
1.598817
1.603804
1.603804
1.596056
1.596056
1.602266
1.602266
1.593759
1.593759
1.594492
1.594492
1.593446
1.593446
1.606640
1.606640
1.599519
1.599519
1.600320
1.600320
1.611077
1.611077
1.592030
1.592030
1.595065
1.595065
1.602134
1.602134
1.588909
1.588909
1.597242
1.597242
1.597205
1.597205
1.603555
1.603555
1.595544
1.595544
1.595467
1.595467
1.594233
1.594233
1.598637
1.598637
1.592652
1.592652
1.597903
1.597903
1.603075
1.603075
1.593203
1.593203
1.600199
1.600199
1.591367
1.591367
1.595335
1.595335
1.603611
1.603611
1.588557
1.588557
1.602293
1.602293
1.596802
1.596802
1.593393
1.593393
1.598326
1.598326
1.596864
1.596864
1.596836
1.596836
1.599233
1.599233
1.595300
1.595300
1.586572
1.586572
1.590492
1.590492
1.590943
1.590943
1.591618
1.591618
1.598634
1.598634
1.606204
1.606204
1.599938
1.599938
1.590278
1.590278
1.595916
1.595916
1.595630
1.595630
1.590493
1.590493
1.599245
1.599245
1.598833
1.598833
1.588936
1.588936
1.592587
1.592587
1.592665
1.592665
1.602284
1.602284
1.586836
1.586836
1.599921
1.599921
1.596536
1.596536
1.583301
1.583301
1.603491
1.603491
1.591820
1.591820
1.590237
1.590237
1.591841
1.591841
1.593687
1.593687
1.591917
1.591917
1.596568
1.596568
1.580613
1.580613
1.599351
1.599351
1.604030
1.604030
1.581760
1.581760
1.597929
1.597929
1.597168
1.597168
1.597236
1.597236
1.588416
1.588416
1.591599
1.591599
1.585953
1.585953
1.596005
1.596005
1.599296
1.599296
1.589549
1.589549
1.599353
1.599353
1.591767
1.591767
1.590941
1.590941
1.591760
1.591760
1.589048
1.589048
1.596399
1.596399
1.586180
1.586180
1.595441
1.595441
1.595634
1.595634
1.586517
1.586517
1.602158
1.602158
1.581907
1.581907
1.594332
1.594332
1.587007
1.587007
1.596455
1.596455
1.587926
1.587926
1.604904
1.604904
1.593396
1.593396
1.586355
1.586355
1.576524
1.576524
1.589820
1.589820
1.588432
1.588432
1.588102
1.588102
1.593370
1.593370
1.590554
1.590554
1.584971
1.584971
1.593283
1.593283
1.583495
1.583495
1.588498
1.588498
1.600944
1.600944
1.591720
1.591720
1.588405
1.588405
1.593835
1.593835
1.586182
1.586182
1.584500
1.584500
1.584777
1.584777
1.577576
1.577576
1.604831
1.604831
1.593952
1.593952
1.580115
1.580115
1.587516
1.587516
1.589507
1.589507
1.586114
1.586114
1.588475
1.588475
1.590664
1.590664
1.591579
1.591579
1.585942
1.585942
1.587804
1.587804
1.583643
1.583643
1.591853
1.591853
1.582103
1.582103
1.581900
1.581900
1.596726
1.596726
1.592792
1.592792
1.574528
1.574528
1.582706
1.582706
1.595896
1.595896
1.582645
1.582645
1.584794
1.584794
1.584708
1.584708
1.581777
1.581777
1.588464
1.588464
1.585272
1.585272
1.591726
1.591726
1.583589
1.583589
1.582371
1.582371
1.584501
1.584501
1.586059
1.586059
1.586805
1.586805
1.593554
1.593554
1.600297
1.600297
1.589282
1.589282
1.578098
1.578098
1.578586
1.578586
1.580151
1.580151
1.582048
1.582048
1.585974
1.585974
1.590145
1.590145
1.577910
1.577910
1.591408
1.591408
1.588400
1.588400
1.576721
1.576721
1.593216
1.593216
1.580516
1.580516
1.586036
1.586036
1.578971
1.578971
1.582900
1.582900
1.584893
1.584893
1.593325
1.593325
1.582161
1.582161
1.584923
1.584923
1.581192
1.581192
1.580367
1.580367
1.584747
1.584747
1.591093
1.591093
1.587784
1.587784
1.585040
1.585040
1.570121
1.570121
1.586301
1.586301
1.589656
1.589656
1.585327
1.585327
1.585363
1.585363
1.577564
1.577564
1.579513
1.579513
1.590636
1.590636
1.579666
1.579666
1.580850
1.580850
1.584252
1.584252
1.588775
1.588775
1.581377
1.581377
1.591116
1.591116
1.580863
1.580863
1.578161
1.578161
1.579659
1.579659
1.579616
1.579616
1.591537
1.591537
1.567925
1.567925
1.586914
1.586914
1.582552
1.582552
1.581080
1.581080
1.588119
1.588119
1.577895
1.577895
1.590274
1.590274
1.573658
1.573658
1.579963
1.579963
1.581895
1.581895
1.574588
1.574588
1.586499
1.586499
1.591850
1.591850
1.574205
1.574205
1.584246
1.584246
1.581532
1.581532
1.587008
1.587008
1.577181
1.577181
1.580289
1.580289
1.579586
1.579586
1.585045
1.585045
1.589823
1.589823
1.586396
1.586396
1.561587
1.561587
1.581693
1.581693
1.587068
1.587068
1.583869
1.583869
1.577688
1.577688
1.575714
1.575714
1.574033
1.574033
1.585328
1.585328
1.586333
1.586333
1.582096
1.582096
1.578306
1.578306
1.572194
1.572194
1.579059
1.579059
1.581973
1.581973
1.584023
1.584023
1.585126
1.585126
1.575144
1.575144
1.583882
1.583882
1.583091
1.583091
1.580756
1.580756
1.576287
1.576287
1.585703
1.585703
1.580454
1.580454
1.577369
1.577369
1.572922
1.572922
1.584260
1.584260
1.576563
1.576563
1.576039
1.576039
1.575458
1.575458
1.590059
1.590059
1.580903
1.580903
1.573913
1.573913
1.578546
1.578546
1.574961
1.574961
1.586503
1.586503
1.580199
1.580199
1.580447
1.580447
1.584327
1.584327
1.569507
1.569507
1.579204
1.579204
1.576733
1.576733
1.570759
1.570759
1.577576
1.577576
1.567285
1.567285
1.591799
1.591799
1.585270
1.585270
1.571202
1.571202
1.577109
1.577109
1.581591
1.581591
1.577338
1.577338
1.586205
1.586205
1.572390
1.572390
1.581537
1.581537
1.583549
1.583549
1.578078
1.578078
1.576892
1.576892
1.584558
1.584558
1.563407
1.563407
1.579533
1.579533
1.582323
1.582323
1.585976
1.585976
1.581463
1.581463
1.577600
1.577600
1.580663
1.580663
1.579592
1.579592
1.572959
1.572959
1.571813
1.571813
1.577092
1.577092
1.586628
1.586628
1.587676
1.587676
1.566992
1.566992
1.580419
1.580419
1.582950
1.582950
1.571096
1.571096
1.582124
1.582124
1.574749
1.574749
1.579191
1.579191
1.578128
1.578128
1.574361
1.574361
1.571896
1.571896
1.581455
1.581455
1.578425
1.578425
1.574516
1.574516
1.572691
1.572691
1.575853
1.575853
1.579685
1.579685
1.581360
1.581360
1.566450
1.566450
1.578713
1.578713
1.580953
1.580953
1.571221
1.571221
1.578199
1.578199
1.587966
1.587966
1.577309
1.577309
1.562027
1.562027
1.574390
1.574390
1.580370
1.580370
1.577411
1.577411
1.575607
1.575607
1.576218
1.576218
1.570000
1.570000
1.565853
1.565853
1.583007
1.583007
1.579335
1.579335
1.581523
1.581523
1.570345
1.570345
1.573568
1.573568
1.576574
1.576574
1.579631
1.579631
1.575653
1.575653
1.576092
1.576092
1.577727
1.577727
1.575658
1.575658
1.573509
1.573509
1.573230
1.573230
1.582736
1.582736
1.570749
1.570749
1.584393
1.584393
1.569759
1.569759
1.572047
1.572047
1.585922
1.585922
1.572351
1.572351
1.576785
1.576785
1.570882
1.570882
1.576137
1.576137
1.583417
1.583417
1.577753
1.577753
1.571448
1.571448
1.577158
1.577158
1.568253
1.568253
1.576704
1.576704
1.566832
1.566832
1.580660
1.580660
1.580242
1.580242
1.562715
1.562715
1.579405
1.579405
1.571023
1.571023
1.566480
1.566480
1.580564
1.580564
1.578139
1.578139
1.570138
1.570138
1.580704
1.580704
1.575769
1.575769
1.572065
1.572065
1.569682
1.569682
1.565903
1.565903
1.557700
1.557700
1.576831
1.576831
1.570695
1.570695
1.579023
1.579023
1.583875
1.583875
1.570927
1.570927
1.582584
1.582584
1.577830
1.577830
1.568101
1.568101
1.562188
1.562188
1.575389
1.575389
1.575385
1.575385
1.570233
1.570233
1.575372
1.575372
1.566550
1.566550
1.569349
1.569349
1.575671
1.575671
1.571501
1.571501
1.577436
1.577436
1.570971
1.570971
1.572130
1.572130
1.567417
1.567417
1.583090
1.583090
1.568002
1.568002
1.575904
1.575904
1.575156
1.575156
1.569426
1.569426
1.574852
1.574852
1.571893
1.571893
1.566636
1.566636
1.573679
1.573679
1.567174
1.567174
1.579321
1.579321
1.562199
1.562199
1.576239
1.576239
1.568108
1.568108
1.564859
1.564859
1.573567
1.573567
1.579050
1.579050
1.571046
1.571046
1.565536
1.565536
1.572769
1.572769
1.572744
1.572744
1.571576
1.571576
1.574160
1.574160
1.569135
1.569135
1.576432
1.576432
1.570943
1.570943
1.565177
1.565177
1.574947
1.574947
1.576025
1.576025
1.571380
1.571380
1.570690
1.570690
1.568465
1.568465
1.571972
1.571972
1.572359
1.572359
1.565849
1.565849
1.568718
1.568718
1.580632
1.580632
1.569988
1.569988
1.567335
1.567335
1.576875
1.576875
1.568743
1.568743
1.569972
1.569972
1.574707
1.574707
1.566013
1.566013
1.575171
1.575171
1.568130
1.568130
1.570150
1.570150
1.576568
1.576568
1.566083
1.566083
1.581795
1.581795
1.573602
1.573602
1.567129
1.567129
1.562740
1.562740
1.567629
1.567629
1.581453
1.581453
1.566802
1.566802
1.568179
1.568179
1.564133
1.564133
1.569942
1.569942
1.567695
1.567695
1.567719
1.567719
1.570949
1.570949
1.571078
1.571078
1.562828
1.562828
1.568345
1.568345
1.570018
1.570018
1.568214
1.568214
1.579347
1.579347
1.573946
1.573946
1.570881
1.570881
1.557090
1.557090
1.573770
1.573770
1.569696
1.569696
1.561752
1.561752
1.566871
1.566871
1.567755
1.567755
1.578974
1.578974
1.569520
1.569520
1.558753
1.558753
1.571286
1.571286
1.577029
1.577029
1.570953
1.570953
1.565412
1.565412
1.576342
1.576342
1.568141
1.568141
1.559764
1.559764
1.573511
1.573511
1.561883
1.561883
1.564675
1.564675
1.566520
1.566520
1.578293
1.578293
1.558486
1.558486
1.573580
1.573580
1.572048
1.572048
1.567454
1.567454
1.561061
1.561061
1.567056
1.567056
1.576143
1.576143
1.556646
1.556646
1.558599
1.558599
1.581571
1.581571
1.574579
1.574579
1.572398
1.572398
1.576367
1.576367
1.569595
1.569595
1.572983
1.572983
1.558721
1.558721
1.564370
1.564370
1.581010
1.581010
1.564422
1.564422
1.564316
1.564316
1.565551
1.565551
1.565192
1.565192
1.564232
1.564232
1.564040
1.564040
1.571703
1.571703
1.572302
1.572302
1.568249
1.568249
1.567110
1.567110
1.570611
1.570611
1.570397
1.570397
1.570311
1.570311
1.557821
1.557821
1.570033
1.570033
1.572391
1.572391
1.569096
1.569096
1.558233
1.558233
1.562694
1.562694
1.563126
1.563126
1.568424
1.568424
1.564198
1.564198
1.568259
1.568259
1.569876
1.569876
1.570971
1.570971
1.567677
1.567677
1.569295
1.569295
1.568203
1.568203
1.553838
1.553838
1.568141
1.568141
1.576504
1.576504
1.558958
1.558958
1.567114
1.567114
1.561666
1.561666
1.573381
1.573381
1.564506
1.564506
1.566898
1.566898
1.563178
1.563178
1.565352
1.565352
1.562775
1.562775
1.566692
1.566692
1.566922
1.566922
1.561046
1.561046
1.579603
1.579603
1.560028
1.560028
1.581947
1.581947
1.560321
1.560321
1.566285
1.566285
1.563646
1.563646
1.562321
1.562321
1.569535
1.569535
1.570150
1.570150
1.563866
1.563866
1.566472
1.566472
1.565201
1.565201
1.566108
1.566108
1.565452
1.565452
1.574119
1.574119
1.558469
1.558469
1.568430
1.568430
1.568015
1.568015
1.561509
1.561509
1.568720
1.568720
1.563253
1.563253
1.566995
1.566995
1.574197
1.574197
1.557109
1.557109
1.567755
1.567755
1.562639
1.562639
1.569745
1.569745
1.564061
1.564061
1.563132
1.563132
1.567965
1.567965
1.562735
1.562735
1.569291
1.569291
1.563364
1.563364
1.554670
1.554670
1.568608
1.568608
1.571141
1.571141
1.576583
1.576583
1.561495
1.561495
1.563868
1.563868
1.563727
1.563727
1.555482
1.555482
1.561694
1.561694
1.562862
1.562862
1.564583
1.564583
1.574626
1.574626
1.557552
1.557552
1.561565
1.561565
1.565963
1.565963
1.567196
1.567196
1.567489
1.567489
1.559577
1.559577
1.569476
1.569476
1.563820
1.563820
1.563851
1.563851
1.559805
1.559805
1.568385
1.568385
1.557136
1.557136
1.569475
1.569475
1.570156
1.570156
1.565462
1.565462
1.561588
1.561588
1.562201
1.562201
1.565011
1.565011
1.562708
1.562708
1.570971
1.570971
1.560070
1.560070
1.573481
1.573481
1.567082
1.567082
1.559250
1.559250
1.559510
1.559510
1.562552
1.562552
1.571631
1.571631
1.565962
1.565962
1.563277
1.563277
1.560750
1.560750
1.559371
1.559371
1.559718
1.559718
1.570160
1.570160
1.561558
1.561558
1.566785
1.566785
1.563939
1.563939
1.562578
1.562578
1.574821
1.574821
1.555938
1.555938
1.562770
1.562770
1.567426
1.567426
1.557348
1.557348
1.563976
1.563976
1.564859
1.564859
1.567950
1.567950
1.567673
1.567673
1.553308
1.553308
1.563856
1.563856
1.570749
1.570749
1.565300
1.565300
1.569457
1.569457
1.563364
1.563364
1.560788
1.560788
1.559953
1.559953
1.570928
1.570928
1.566997
1.566997
1.563958
1.563958
1.554069
1.554069
1.574178
1.574178
1.564937
1.564937
1.563262
1.563262
1.564406
1.564406
1.562481
1.562481
1.572878
1.572878
1.561368
1.561368
1.554191
1.554191
1.568860
1.568860
1.558372
1.558372
1.565935
1.565935
1.561483
1.561483
1.561250
1.561250
1.563577
1.563577
1.560082
1.560082
1.558635
1.558635
1.571571
1.571571
1.558909
1.558909
1.559836
1.559836
1.565706
1.565706
1.565822
1.565822
1.559005
1.559005
1.562432
1.562432
1.564203
1.564203
1.557771
1.557771
1.560321
1.560321
1.563500
1.563500
1.568031
1.568031
1.570616
1.570616
1.560959
1.560959
1.557754
1.557754
1.557436
1.557436
1.564399
1.564399
1.571372
1.571372
1.561369
1.561369
1.561654
1.561654
1.561306
1.561306
1.547581
1.547581
1.558738
1.558738
1.559489
1.559489
1.567850
1.567850
1.554557
1.554557
1.568773
1.568773
1.562194
1.562194
1.556224
1.556224
1.555702
1.555702
1.570114
1.570114
1.564028
1.564028
1.562360
1.562360
1.565339
1.565339
1.565477
1.565477
1.558754
1.558754
1.553784
1.553784
1.556698
1.556698
1.568975
1.568975
1.567328
1.567328
1.555069
1.555069
1.559150
1.559150
1.567702
1.567702
1.565410
1.565410
1.553908
1.553908
1.561012
1.561012
1.556013
1.556013
1.565616
1.565616
1.562087
1.562087
1.561471
1.561471
1.562830
1.562830
1.547901
1.547901
1.564423
1.564423
1.559318
1.559318
1.559990
1.559990
1.563010
1.563010
1.554872
1.554872
1.560490
1.560490
1.557948
1.557948
1.560818
1.560818
1.559628
1.559628
1.565347
1.565347
1.573274
1.573274
1.561303
1.561303
1.552259
1.552259
1.554257
1.554257
1.562068
1.562068
1.550015
1.550015
1.562128
1.562128
1.565932
1.565932
1.554711
1.554711
1.570654
1.570654
1.553021
1.553021
1.555909
1.555909
1.555096
1.555096
1.561599
1.561599
1.577710
1.577710
1.554918
1.554918
1.555925
1.555925
1.563986
1.563986
1.559423
1.559423
1.565682
1.565682
1.564137
1.564137
1.561287
1.561287
1.556226
1.556226
1.555347
1.555347
1.562099
1.562099
1.556460
1.556460
1.567837
1.567837
1.552375
1.552375
1.566634
1.566634
1.553355
1.553355
1.562413
1.562413
1.555915
1.555915
1.558747
1.558747
1.565187
1.565187
1.554595
1.554595
1.561641
1.561641
1.572054
1.572054
1.556605
1.556605
1.550411
1.550411
1.549117
1.549117
1.560083
1.560083
1.560763
1.560763
1.553176
1.553176
1.554397
1.554397
1.562504
1.562504
1.557337
1.557337
1.557354
1.557354
1.567580
1.567580
1.554028
1.554028
1.551728
1.551728
1.559980
1.559980
1.564431
1.564431
1.556694
1.556694
1.557587
1.557587
1.548784
1.548784
1.556985
1.556985
1.547507
1.547507
1.566152
1.566152
1.564503
1.564503
1.554715
1.554715
1.561126
1.561126
1.555688
1.555688
1.552813
1.552813
1.560154
1.560154
1.562850
1.562850
1.544811
1.544811
1.557291
1.557291
1.560039
1.560039
1.575629
1.575629
1.552315
1.552315
1.560633
1.560633
1.564031
1.564031
1.549767
1.549767
1.556169
1.556169
1.562624
1.562624
1.561723
1.561723
1.559993
1.559993
1.559329
1.559329
1.558065
1.558065
1.551357
1.551357
1.553526
1.553526
1.568094
1.568094
1.556545
1.556545
1.555334
1.555334
1.559070
1.559070
1.563074
1.563074
1.559278
1.559278
1.556198
1.556198
1.557583
1.557583
1.555058
1.555058
1.554591
1.554591
1.553536
1.553536
1.563425
1.563425
1.560376
1.560376
1.556830
1.556830
1.567394
1.567394
1.547748
1.547748
1.564964
1.564964
1.553867
1.553867
1.552441
1.552441
1.552158
1.552158
1.554808
1.554808
1.558983
1.558983
1.561329
1.561329
1.562117
1.562117
1.558063
1.558063
1.553763
1.553763
1.558238
1.558238
1.564316
1.564316
1.551847
1.551847
1.548352
1.548352
1.561261
1.561261
1.559367
1.559367
1.562458
1.562458
1.553810
1.553810
1.556989
1.556989
1.555702
1.555702
1.560324
1.560324
1.557158
1.557158
1.556615
1.556615
1.553423
1.553423
1.554412
1.554412
1.554287
1.554287
1.567445
1.567445
1.558127
1.558127
1.552862
1.552862
1.552716
1.552716
1.563925
1.563925
1.550804
1.550804
1.571301
1.571301
1.557754
1.557754
1.563691
1.563691
1.555949
1.555949
1.554351
1.554351
1.555600
1.555600
1.557115
1.557115
1.564362
1.564362
1.548984
1.548984
1.556116
1.556116
1.562609
1.562609
1.556082
1.556082
1.549694
1.549694
1.565854
1.565854
1.560767
1.560767
1.547524
1.547524
1.562494
1.562494
1.554915
1.554915
1.554288
1.554288
1.556969
1.556969
1.550376
1.550376
1.555524
1.555524
1.567876
1.567876
1.555255
1.555255
1.546397
1.546397
1.556566
1.556566
1.556122
1.556122
1.560839
1.560839
1.559524
1.559524
1.557441
1.557441
1.546793
1.546793
1.558528
1.558528
1.554450
1.554450
1.548144
1.548144
1.571541
1.571541
1.551015
1.551015
1.562670
1.562670
1.554442
1.554442
1.555393
1.555393
1.560167
1.560167
1.552421
1.552421
1.558143
1.558143
1.558166
1.558166
1.554293
1.554293
1.558943
1.558943
1.557321
1.557321
1.558483
1.558483
1.558872
1.558872
1.558516
1.558516
1.554123
1.554123
1.556542
1.556542
1.548458
1.548458
1.556706
1.556706
1.560692
1.560692
1.554723
1.554723
1.568941
1.568941
1.558017
1.558017
1.563319
1.563319
1.556435
1.556435
1.556423
1.556423
1.548394
1.548394
1.548872
1.548872
1.555083
1.555083
1.563610
1.563610
1.557804
1.557804
1.558826
1.558826
1.560008
1.560008
1.559139
1.559139
1.560514
1.560514
1.549068
1.549068
1.554840
1.554840
1.548844
1.548844
1.551647
1.551647
1.559679
1.559679
1.563818
1.563818
1.561598
1.561598
1.560656
1.560656
1.556277
1.556277
1.557748
1.557748
1.554527
1.554527
1.552665
1.552665
1.556060
1.556060
1.547155
1.547155
1.569428
1.569428
1.554728
1.554728
1.552258
1.552258
1.551522
1.551522
1.558799
1.558799
1.553332
1.553332
1.549542
1.549542
1.571758
1.571758
1.551326
1.551326
1.548881
1.548881
1.560020
1.560020
1.560354
1.560354
1.561215
1.561215
1.557977
1.557977
1.553814
1.553814
1.543635
1.543635
1.560872
1.560872
1.560719
1.560719
1.553883
1.553883
1.553144
1.553144
1.555251
1.555251
1.560280
1.560280
1.550215
1.550215
1.544324
1.544324
1.553249
1.553249
1.554307
1.554307
1.563794
1.563794
1.560144
1.560144
1.558478
1.558478
1.558102
1.558102
1.557653
1.557653
1.549412
1.549412
1.549419
1.549419
1.547455
1.547455
1.560032
1.560032
1.537109
1.537109
1.573523
1.573523
1.557601
1.557601
1.557701
1.557701
1.555447
1.555447
1.551039
1.551039
1.552151
1.552151
1.560403
1.560403
1.543434
1.543434
1.558832
1.558832
1.561112
1.561112
1.558714
1.558714
1.552237
1.552237
1.556832
1.556832
1.555529
1.555529
1.557099
1.557099
1.550170
1.550170
1.555147
1.555147
1.554009
1.554009
1.553581
1.553581
1.552796
1.552796
1.553127
1.553127
1.561689
1.561689
1.540372
1.540372
1.549783
1.549783
1.565009
1.565009
1.561686
1.561686
1.555606
1.555606
1.547702
1.547702
1.554762
1.554762
1.555010
1.555010
1.556977
1.556977
1.558929
1.558929
1.546587
1.546587
1.564798
1.564798
1.544730
1.544730
1.560743
1.560743
1.554642
1.554642
1.556450
1.556450
1.555581
1.555581
1.555360
1.555360
1.551138
1.551138
1.549996
1.549996
1.548853
1.548853
1.556830
1.556830
1.556857
1.556857
1.557694
1.557694
1.547467
1.547467
1.546129
1.546129
1.555447
1.555447
1.565096
1.565096
1.553077
1.553077
1.548899
1.548899
1.551878
1.551878
1.556277
1.556277
1.549506
1.549506
1.567289
1.567289
1.542419
1.542419
1.556125
1.556125
1.550933
1.550933
1.562991
1.562991
1.549579
1.549579
1.550415
1.550415
1.559918
1.559918
1.556897
1.556897
1.550071
1.550071
1.550943
1.550943
1.551558
1.551558
1.562995
1.562995
1.553543
1.553543
1.546418
1.546418
1.552116
1.552116
1.554335
1.554335
1.554745
1.554745
1.549634
1.549634
1.561572
1.561572
1.549638
1.549638
1.555778
1.555778
1.560719
1.560719
1.545390
1.545390
1.562999
1.562999
1.552544
1.552544
1.548842
1.548842
1.550439
1.550439
1.556923
1.556923
1.554829
1.554829
1.553964
1.553964
1.557470
1.557470
1.554376
1.554376
1.564264
1.564264
1.545880
1.545880
1.549158
1.549158
1.555769
1.555769
1.559336
1.559336
1.549606
1.549606
1.552032
1.552032
1.551285
1.551285
1.556102
1.556102
1.559772
1.559772
1.548532
1.548532
1.553341
1.553341
1.557652
1.557652
1.546162
1.546162
1.556148
1.556148
1.544315
1.544315
1.556762
1.556762
1.560118
1.560118
1.548506
1.548506
1.555984
1.555984
1.554697
1.554697
1.548541
1.548541
1.556662
1.556662
1.550536
1.550536
1.538699
1.538699
1.552887
1.552887
1.563044
1.563044
1.560003
1.560003
1.552198
1.552198
1.558085
1.558085
1.542631
1.542631
1.556994
1.556994
1.548836
1.548836
1.563611
1.563611
1.562651
1.562651
1.557879
1.557879
1.542956
1.542956
1.553479
1.553479
1.549840
1.549840
1.556311
1.556311
1.565273
1.565273
1.552769
1.552769
1.543684
1.543684
1.549029
1.549029
1.550699
1.550699
1.557851
1.557851
1.555322
1.555322
1.555062
1.555062
1.548043
1.548043
1.562932
1.562932
1.554716
1.554716
1.547052
1.547052
1.549475
1.549475
1.548015
1.548015
1.556209
1.556209
1.549789
1.549789
1.554061
1.554061
1.551275
1.551275
1.548597
1.548597
1.555673
1.555673
1.547293
1.547293
1.561207
1.561207
1.545993
1.545993
1.550710
1.550710
1.550050
1.550050
1.553035
1.553035
1.551517
1.551517
1.551499
1.551499
1.557527
1.557527
1.552975
1.552975
1.554259
1.554259
1.559307
1.559307
1.547041
1.547041
1.548445
1.548445
1.558530
1.558530
1.542332
1.542332
1.564571
1.564571
1.552159
1.552159
1.543446
1.543446
1.551183
1.551183
1.560804
1.560804
1.549536
1.549536
1.549689
1.549689
1.553479
1.553479
1.564316
1.564316
1.548885
1.548885
1.551319
1.551319
1.550156
1.550156
1.549996
1.549996
1.555665
1.555665
1.557351
1.557351
1.554670
1.554670
1.549016
1.549016
1.547929
1.547929
1.552757
1.552757
1.551724
1.551724
1.545221
1.545221
1.552352
1.552352
1.565193
1.565193
1.558014
1.558014
1.556647
1.556647
1.545250
1.545250
1.557845
1.557845
1.542258
1.542258
1.548812
1.548812
1.567232
1.567232
1.545812
1.545812
1.551101
1.551101
1.548828
1.548828
1.545658
1.545658
1.564604
1.564604
1.550148
1.550148
1.550007
1.550007
1.552179
1.552179
1.555725
1.555725
1.543416
1.543416
1.555037
1.555037
1.554006
1.554006
1.554768
1.554768
1.550092
1.550092
1.552642
1.552642
1.551098
1.551098
1.550991
1.550991
1.554702
1.554702
1.544613
1.544613
1.548023
1.548023
1.558581
1.558581
1.554102
1.554102
1.553128
1.553128
1.546223
1.546223
1.553371
1.553371
1.554907
1.554907
1.545123
1.545123
1.559783
1.559783
1.547593
1.547593
1.559004
1.559004
1.550246
1.550246
1.554540
1.554540
1.541774
1.541774
1.550553
1.550553
1.549544
1.549544
1.551773
1.551773
1.546712
1.546712
1.559070
1.559070
1.544082
1.544082
1.555566
1.555566
1.554944
1.554944
1.557330
1.557330
1.541364
1.541364
1.544222
1.544222
1.560898
1.560898
1.557055
1.557055
1.543978
1.543978
1.549701
1.549701
1.544936
1.544936
1.546514
1.546514
1.552014
1.552014
1.554309
1.554309
1.560046
1.560046
1.549473
1.549473
1.556718
1.556718
1.561417
1.561417
1.543425
1.543425
1.541175
1.541175
1.544193
1.544193
1.554785
1.554785
1.553632
1.553632
1.547620
1.547620
1.556074
1.556074
1.546255
1.546255
1.554574
1.554574
1.551429
1.551429
1.549280
1.549280
1.553481
1.553481
1.558628
1.558628
1.547871
1.547871
1.553734
1.553734
1.544327
1.544327
1.548690
1.548690
1.552574
1.552574
1.549128
1.549128
1.555656
1.555656
1.546198
1.546198
1.548623
1.548623
1.551250
1.551250
1.551508
1.551508
1.556599
1.556599
1.543107
1.543107
1.551162
1.551162
1.556028
1.556028
1.543731
1.543731
1.554094
1.554094
1.552633
1.552633
1.545747
1.545747
1.548414
1.548414
1.543545
1.543545
1.552649
1.552649
1.557545
1.557545
1.552297
1.552297
1.551660
1.551660
1.553483
1.553483
1.553649
1.553649
1.546585
1.546585
1.548225
1.548225
1.549137
1.549137
1.543494
1.543494
1.559844
1.559844
1.553395
1.553395
1.548078
1.548078
1.553375
1.553375
1.547677
1.547677
1.549505
1.549505
1.547109
1.547109
1.557773
1.557773
1.547292
1.547292
1.553659
1.553659
1.546707
1.546707
1.560789
1.560789
1.542672
1.542672
1.550456
1.550456
1.554846
1.554846
1.556974
1.556974
1.549171
1.549171
1.537930
1.537930
1.548728
1.548728
1.555125
1.555125
1.545491
1.545491
1.552319
1.552319
1.548565
1.548565
1.535202
1.535202
1.556404
1.556404
1.553112
1.553112
1.555619
1.555619
1.551213
1.551213
1.554684
1.554684
1.544332
1.544332
1.553046
1.553046
1.551454
1.551454
1.547387
1.547387
1.556027
1.556027
1.543726
1.543726
1.548405
1.548405
1.550566
1.550566
1.554079
1.554079
1.550149
1.550149
1.550570
1.550570
1.550648
1.550648
1.548783
1.548783
1.548952
1.548952
1.551481
1.551481
1.542593
1.542593
1.548753
1.548753
1.551612
1.551612
1.555130
1.555130
1.547858
1.547858
1.553485
1.553485
1.545632
1.545632
1.547010
1.547010
1.555846
1.555846
1.546889
1.546889
1.546948
1.546948
1.554596
1.554596
1.550494
1.550494
1.550571
1.550571
1.549855
1.549855
1.550139
1.550139
1.556630
1.556630
1.547455
1.547455
1.544318
1.544318
1.550637
1.550637
1.552251
1.552251
1.549662
1.549662
1.548731
1.548731
1.548349
1.548349
1.556949
1.556949
1.554818
1.554818
1.547688
1.547688
1.545270
1.545270
1.543302
1.543302
1.551607
1.551607
1.547775
1.547775
1.545662
1.545662
1.553225
1.553225
1.551288
1.551288
1.543824
1.543824
1.543081
1.543081
1.552621
1.552621
1.559513
1.559513
1.547983
1.547983
1.549174
1.549174
1.551920
1.551920
1.550837
1.550837
1.544575
1.544575
1.547594
1.547594
1.550121
1.550121
1.545848
1.545848
1.549182
1.549182
1.550118
1.550118
1.550489
1.550489
1.551118
1.551118
1.551686
1.551686
1.541686
1.541686
1.551289
1.551289
1.549943
1.549943
1.546251
1.546251
1.550797
1.550797
1.553688
1.553688
1.546563
1.546563
1.548124
1.548124
1.544619
1.544619
1.551748
1.551748
1.541635
1.541635
1.555227
1.555227
1.555168
1.555168
1.548408
1.548408
1.552608
1.552608
1.547987
1.547987
1.550333
1.550333
1.547579
1.547579
1.551197
1.551197
1.544048
1.544048
1.558324
1.558324
1.551267
1.551267
1.540339
1.540339
1.553720
1.553720
1.543157
1.543157
1.548485
1.548485
1.556087
1.556087
1.545926
1.545926
1.552485
1.552485
1.545237
1.545237
1.549395
1.549395
1.555079
1.555079
1.545480
1.545480
1.558501
1.558501
1.555580
1.555580
1.542533
1.542533
1.549315
1.549315
1.540738
1.540738
1.554863
1.554863
1.558164
1.558164
1.546659
1.546659
1.541624
1.541624
1.541577
1.541577
1.539854
1.539854
1.550481
1.550481
1.548743
1.548743
1.549474
1.549474
1.556678
1.556678
1.542085
1.542085
1.552851
1.552851
1.553057
1.553057
1.549264
1.549264
1.545230
1.545230
1.552277
1.552277
1.543866
1.543866
1.553481
1.553481
1.551762
1.551762
1.539616
1.539616
1.538026
1.538026
1.553147
1.553147
1.547022
1.547022
1.563569
1.563569
1.539057
1.539057
1.553121
1.553121
1.553499
1.553499
1.541716
1.541716
1.546370
1.546370
1.548539
1.548539
1.542838
1.542838
1.542807
1.542807
1.546535
1.546535
1.555279
1.555279
1.558397
1.558397
1.535923
1.535923
1.555064
1.555064
1.549460
1.549460
1.553787
1.553787
1.549202
1.549202
1.538468
1.538468
1.550820
1.550820
1.548726
1.548726
1.552064
1.552064
1.555532
1.555532
1.555333
1.555333
1.545623
1.545623
1.549067
1.549067
1.546871
1.546871
1.546155
1.546155
1.546026
1.546026
1.552439
1.552439
1.548932
1.548932
1.546880
1.546880
1.549281
1.549281
1.553362
1.553362
1.543816
1.543816
1.549815
1.549815
1.544820
1.544820
1.548858
1.548858
1.546264
1.546264
1.548498
1.548498
1.546436
1.546436
1.547610
1.547610
1.547898
1.547898
1.546444
1.546444
1.543842
1.543842
1.548020
1.548020
1.542764
1.542764
1.557896
1.557896
1.557036
1.557036
1.548583
1.548583
1.534945
1.534945
1.553720
1.553720
1.539596
1.539596
1.558085
1.558085
1.550788
1.550788
1.527500
1.527500
1.547756
1.547756
1.553742
1.553742
1.545804
1.545804
1.553731
1.553731
1.542645
1.542645
1.540709
1.540709
1.555503
1.555503
1.551839
1.551839
1.548324
1.548324
1.552029
1.552029
1.541584
1.541584
1.540509
1.540509
1.541370
1.541370
1.543181
1.543181
1.552226
1.552226
1.550578
1.550578
1.549318
1.549318
1.544162
1.544162
1.545821
1.545821
1.545123
1.545123
1.557186
1.557186
1.542479
1.542479
1.547116
1.547116
1.547275
1.547275
1.545636
1.545636
1.549244
1.549244
1.546147
1.546147
1.543995
1.543995
1.545592
1.545592
1.550142
1.550142
1.550198
1.550198
1.542729
1.542729
1.546283
1.546283
1.541125
1.541125
1.559418
1.559418
1.540295
1.540295
1.547076
1.547076
1.547936
1.547936
1.549379
1.549379
1.545422
1.545422
1.540892
1.540892
1.551446
1.551446
1.539057
1.539057
1.548101
1.548101
1.556440
1.556440
1.539698
1.539698
1.551654
1.551654
1.555708
1.555708
1.547482
1.547482
1.537651
1.537651
1.546866
1.546866
1.545965
1.545965
1.546443
1.546443
1.538033
1.538033
1.547610
1.547610
1.552170
1.552170
1.551354
1.551354
1.545903
1.545903
1.550067
1.550067
1.544972
1.544972
1.548832
1.548832
1.544894
1.544894
1.546215
1.546215
1.547726
1.547726
1.545752
1.545752
1.544245
1.544245
1.553771
1.553771
1.544521
1.544521
1.549748
1.549748
1.542514
1.542514
1.551014
1.551014
1.542822
1.542822
1.542002
1.542002
1.547912
1.547912
1.553656
1.553656
1.534894
1.534894
1.552135
1.552135
1.544195
1.544195
1.552625
1.552625
1.544901
1.544901
1.538603
1.538603
1.550313
1.550313
1.541043
1.541043
1.540748
1.540748
1.549262
1.549262
1.554058
1.554058
1.544440
1.544440
1.543908
1.543908
1.544288
1.544288
1.552610
1.552610
1.547092
1.547092
1.541716
1.541716
1.543824
1.543824
1.542580
1.542580
1.539490
1.539490
1.547174
1.547174
1.563205
1.563205
1.542980
1.542980
1.548435
1.548435
1.540467
1.540467
1.556228
1.556228
1.543293
1.543293
1.549688
1.549688
1.550322
1.550322
1.540266
1.540266
1.548256
1.548256
1.543475
1.543475
1.547342
1.547342
1.549543
1.549543
1.545833
1.545833
1.543196
1.543196
1.548643
1.548643
1.551359
1.551359
1.552767
1.552767
1.546048
1.546048
1.539859
1.539859
1.543814
1.543814
1.536556
1.536556
1.550328
1.550328
1.550215
1.550215
1.551321
1.551321
1.546519
1.546519
1.553910
1.553910
1.554590
1.554590
1.542002
1.542002
1.542604
1.542604
1.540458
1.540458
1.544028
1.544028
1.553367
1.553367
1.548803
1.548803
1.539683
1.539683
1.549810
1.549810
1.540737
1.540737
1.549047
1.549047
1.553289
1.553289
1.544897
1.544897
1.545727
1.545727
1.550869
1.550869
1.552555
1.552555
1.546004
1.546004
1.537750
1.537750
1.546788
1.546788
1.543215
1.543215
1.552656
1.552656
1.545690
1.545690
1.543765
1.543765
1.547595
1.547595
1.537671
1.537671
1.549510
1.549510
1.541824
1.541824
1.549285
1.549285
1.557401
1.557401
1.537496
1.537496
1.541014
1.541014
1.548839
1.548839
1.548314
1.548314
1.560542
1.560542
1.541679
1.541679
1.546940
1.546940
1.542547
1.542547
1.546798
1.546798
1.555552
1.555552
1.546471
1.546471
1.548087
1.548087
1.547534
1.547534
1.548021
1.548021
1.536252
1.536252
1.551652
1.551652
1.542261
1.542261
1.542912
1.542912
1.543117
1.543117
1.550332
1.550332
1.542729
1.542729
1.548903
1.548903
1.547182
1.547182
1.546964
1.546964
1.542415
1.542415
1.539163
1.539163
1.555039
1.555039
1.547498
1.547498
1.542294
1.542294
1.544872
1.544872
1.548930
1.548930
1.537095
1.537095
1.541104
1.541104
1.556591
1.556591
1.545189
1.545189
1.542143
1.542143
1.549108
1.549108
1.549193
1.549193
1.547278
1.547278
1.539883
1.539883
1.538962
1.538962
1.546827
1.546827
1.555433
1.555433
1.545485
1.545485
1.539055
1.539055
1.550912
1.550912
1.545191
1.545191
1.546159
1.546159
1.541435
1.541435
1.542317
1.542317
1.550306
1.550306
1.541513
1.541513
1.542672
1.542672
1.547195
1.547195
1.545209
1.545209
1.538680
1.538680
1.542894
1.542894
1.544600
1.544600
1.555223
1.555223
1.545453
1.545453
1.542832
1.542832
1.550705
1.550705
1.535681
1.535681
1.550093
1.550093
1.548597
1.548597
1.549245
1.549245
1.536331
1.536331
1.544238
1.544238
1.545355
1.545355
1.552700
1.552700
1.549466
1.549466
1.539461
1.539461
1.541745
1.541745
1.537260
1.537260
1.560460
1.560460
1.549356
1.549356
1.540800
1.540800
1.546542
1.546542
1.542623
1.542623
1.544798
1.544798
1.540815
1.540815
1.542314
1.542314
1.541150
1.541150
1.551662
1.551662
1.548880
1.548880
1.534938
1.534938
1.549565
1.549565
1.542865
1.542865
1.550545
1.550545
1.545822
1.545822
1.554694
1.554694
1.543366
1.543366
1.545236
1.545236
1.534515
1.534515
1.545244
1.545244
1.546816
1.546816
1.544775
1.544775
1.544319
1.544319
1.545008
1.545008
1.541747
1.541747
1.548803
1.548803
1.542710
1.542710
1.543664
1.543664
1.541956
1.541956
1.547742
1.547742
1.533302
1.533302
1.542715
1.542715
1.544712
1.544712
1.549417
1.549417
1.557972
1.557972
1.548654
1.548654
1.550831
1.550831
1.547228
1.547228
1.539667
1.539667
1.537036
1.537036
1.548797
1.548797
1.537722
1.537722
1.548427
1.548427
1.553383
1.553383
1.535465
1.535465
1.548294
1.548294
1.544214
1.544214
1.542431
1.542431
1.554714
1.554714
1.534022
1.534022
1.534900
1.534900
1.548942
1.548942
1.543613
1.543613
1.551340
1.551340
1.547567
1.547567
1.541278
1.541278
1.537780
1.537780
1.548619
1.548619
1.548460
1.548460
1.547621
1.547621
1.542055
1.542055
1.555582
1.555582
1.538301
1.538301
1.546212
1.546212
1.536635
1.536635
1.538345
1.538345
1.544177
1.544177
1.548317
1.548317
1.543402
1.543402
1.547336
1.547336
1.547468
1.547468
1.550431
1.550431
1.543280
1.543280
1.537894
1.537894
1.540968
1.540968
1.541076
1.541076
1.542323
1.542323
1.557483
1.557483
1.542891
1.542891
1.534768
1.534768
1.549449
1.549449
1.547587
1.547587
1.548752
1.548752
1.533188
1.533188
1.543261
1.543261
1.546947
1.546947
1.548340
1.548340
1.538925
1.538925
1.546269
1.546269
1.544804
1.544804
1.537110
1.537110
1.545054
1.545054
1.551712
1.551712
1.546729
1.546729
1.546863
1.546863
1.532940
1.532940
1.559619
1.559619
1.533478
1.533478
1.549170
1.549170
1.555725
1.555725
1.549104
1.549104
1.557244
1.557244
1.545655
1.545655
1.531147
1.531147
1.541420
1.541420
1.548137
1.548137
1.544046
1.544046
1.547713
1.547713
1.544749
1.544749
1.535945
1.535945
1.551145
1.551145
1.548330
1.548330
1.545048
1.545048
1.539270
1.539270
1.537781
1.537781
1.538606
1.538606
1.550044
1.550044
1.546997
1.546997
1.545898
1.545898
1.541400
1.541400
1.546463
1.546463
1.548023
1.548023
1.543335
1.543335
1.537647
1.537647
1.550041
1.550041
1.550517
1.550517
1.538748
1.538748
1.538807
1.538807
1.548194
1.548194
1.549962
1.549962
1.543121
1.543121
1.542763
1.542763
1.549971
1.549971
1.543863
1.543863
1.545622
1.545622
1.545551
1.545551
1.541450
1.541450
1.548440
1.548440
1.546140
1.546140
1.543227
1.543227
1.539651
1.539651
1.546989
1.546989
1.542699
1.542699
1.549156
1.549156
1.547416
1.547416
1.535755
1.535755
1.550680
1.550680
1.547600
1.547600
1.542446
1.542446
1.549877
1.549877
1.548676
1.548676
1.545296
1.545296
1.550552
1.550552
1.539667
1.539667
1.538593
1.538593
1.532468
1.532468
1.553199
1.553199
1.541729
1.541729
1.546825
1.546825
1.548825
1.548825
1.545678
1.545678
1.537038
1.537038
1.542649
1.542649
1.542788
1.542788
1.555351
1.555351
1.536891
1.536891
1.537375
1.537375
1.548839
1.548839
1.548263
1.548263
1.550547
1.550547
1.538689
1.538689
1.543071
1.543071
1.541407
1.541407
1.547577
1.547577
1.551020
1.551020
1.539542
1.539542
1.549718
1.549718
1.544862
1.544862
1.540357
1.540357
1.544649
1.544649
1.547040
1.547040
1.534816
1.534816
1.544743
1.544743
1.541073
1.541073
1.554065
1.554065
1.542562
1.542562
1.542682
1.542682
1.544823
1.544823
1.546397
1.546397
1.538296
1.538296
1.548092
1.548092
1.543244
1.543244
1.540918
1.540918
1.540984
1.540984
1.542267
1.542267
1.548336
1.548336
1.543321
1.543321
1.538746
1.538746
1.541612
1.541612
1.544536
1.544536
1.548755
1.548755
1.547182
1.547182
1.545273
1.545273
1.536252
1.536252
1.537501
1.537501
1.538454
1.538454
1.548407
1.548407
1.550337
1.550337
1.541618
1.541618
1.536106
1.536106
1.544915
1.544915
1.545256
1.545256
1.541491
1.541491
1.549172
1.549172
1.533724
1.533724
1.541339
1.541339
1.538997
1.538997
1.547526
1.547526
1.547603
1.547603
1.541571
1.541571
1.539988
1.539988
1.546437
1.546437
1.544626
1.544626
1.541126
1.541126
1.546214
1.546214
1.546182
1.546182
1.540594
1.540594
1.544607
1.544607
1.548846
1.548846
1.534942
1.534942
1.549139
1.549139
1.544663
1.544663
1.539564
1.539564
1.544866
1.544866
1.534902
1.534902
1.548455
1.548455
1.545680
1.545680
1.534340
1.534340
1.547130
1.547130
1.535041
1.535041
1.538244
1.538244
1.549570
1.549570
1.544749
1.544749
1.537600
1.537600
1.541790
1.541790
1.548022
1.548022
1.542928
1.542928
1.539856
1.539856
1.537475
1.537475
1.545099
1.545099
1.538601
1.538601
1.548473
1.548473
1.542789
1.542789
1.539656
1.539656
1.543981
1.543981
1.548908
1.548908
1.540509
1.540509
1.544128
1.544128
1.539049
1.539049
1.540094
1.540094
1.543482
1.543482
1.543551
1.543551
1.538971
1.538971
1.537690
1.537690
1.552488
1.552488
1.536887
1.536887
1.536766
1.536766
1.543366
1.543366
1.548613
1.548613
1.550395
1.550395
1.544803
1.544803
1.534572
1.534572
1.546785
1.546785
1.541437
1.541437
1.549398
1.549398
1.545190
1.545190
1.543976
1.543976
1.544775
1.544775
1.540596
1.540596
1.541309
1.541309
1.540032
1.540032
1.543253
1.543253
1.543753
1.543753
1.542013
1.542013
1.549634
1.549634
1.540219
1.540219
1.545190
1.545190
1.543329
1.543329
1.544212
1.544212
1.544877
1.544877
1.537867
1.537867
1.542153
1.542153
1.545539
1.545539
1.545983
1.545983
1.545537
1.545537
1.545659
1.545659
1.542877
1.542877
1.540290
1.540290
1.548880
1.548880
1.535537
1.535537
1.549432
1.549432
1.531458
1.531458
1.544559
1.544559
1.537372
1.537372
1.554094
1.554094
1.538904
1.538904
1.544849
1.544849
1.545841
1.545841
1.538701
1.538701
1.545389
1.545389
1.549359
1.549359
1.537500
1.537500
1.548987
1.548987
1.540362
1.540362
1.534764
1.534764
1.533634
1.533634
1.538719
1.538719
1.555258
1.555258
1.546037
1.546037
1.538530
1.538530
1.540825
1.540825
1.533525
1.533525
1.552342
1.552342
1.540950
1.540950
1.546852
1.546852
1.535409
1.535409
1.543110
1.543110
1.549510
1.549510
1.547765
1.547765
1.533561
1.533561
1.540320
1.540320
1.543518
1.543518
1.539227
1.539227
1.549125
1.549125
1.534066
1.534066
1.549587
1.549587
1.537301
1.537301
1.542079
1.542079
1.542498
1.542498
1.534118
1.534118
1.543721
1.543721
1.549327
1.549327
1.540365
1.540365
1.542524
1.542524
1.528638
1.528638
1.538386
1.538386
1.541287
1.541287
1.541107
1.541107
1.538412
1.538412
1.552528
1.552528
1.543792
1.543792
1.545118
1.545118
1.539296
1.539296
1.540814
1.540814
1.539640
1.539640
1.534962
1.534962
1.538271
1.538271
1.539208
1.539208
1.557896
1.557896
1.538188
1.538188
1.543211
1.543211
1.537103
1.537103
1.542291
1.542291
1.546411
1.546411
1.540170
1.540170
1.544448
1.544448
1.546957
1.546957
1.538086
1.538086
1.536356
1.536356
1.544553
1.544553
1.548453
1.548453
1.538593
1.538593
1.531666
1.531666
1.549067
1.549067
1.541687
1.541687
1.544561
1.544561
1.534117
1.534117
1.545132
1.545132
1.535737
1.535737
1.552949
1.552949
1.536435
1.536435
1.545720
1.545720
1.544611
1.544611
1.545457
1.545457
1.535712
1.535712
1.536002
1.536002
1.542697
1.542697
1.545843
1.545843
1.550860
1.550860
1.531735
1.531735
1.535998
1.535998
1.546682
1.546682
1.545146
1.545146
1.542754
1.542754
1.538545
1.538545
1.544487
1.544487
1.540100
1.540100
1.539043
1.539043
1.548171
1.548171
1.537184
1.537184
1.533863
1.533863
1.538507
1.538507
1.540431
1.540431
1.551745
1.551745
1.546784
1.546784
1.538871
1.538871
1.539263
1.539263
1.542354
1.542354
1.542503
1.542503
1.546532
1.546532
1.542003
1.542003
1.540986
1.540986
1.548096
1.548096
1.533267
1.533267
1.542831
1.542831
1.536959
1.536959
1.534370
1.534370
1.538465
1.538465
1.549680
1.549680
1.548063
1.548063
1.538928
1.538928
1.548829
1.548829
1.544286
1.544286
1.533281
1.533281
1.540444
1.540444
1.547615
1.547615
1.536650
1.536650
1.539322
1.539322
1.539338
1.539338
1.544086
1.544086
1.543298
1.543298
1.542251
1.542251
1.539234
1.539234
1.541954
1.541954
1.539130
1.539130
1.552361
1.552361
1.534905
1.534905
1.539044
1.539044
1.536592
1.536592
1.544670
1.544670
1.542388
1.542388
1.533960
1.533960
1.544397
1.544397
1.538666
1.538666
1.549877
1.549877
1.540354
1.540354
1.534633
1.534633
1.540258
1.540258
1.547558
1.547558
1.545807
1.545807
1.539685
1.539685
1.546521
1.546521
1.536384
1.536384
1.543332
1.543332
1.542813
1.542813
1.537717
1.537717
1.550035
1.550035
1.540478
1.540478
1.536992
1.536992
1.546181
1.546181
1.544414
1.544414
1.540158
1.540158
1.540643
1.540643
1.542909
1.542909
1.544193
1.544193
1.548605
1.548605
1.541062
1.541062
1.538477
1.538477
1.540573
1.540573
1.544123
1.544123
1.540825
1.540825
1.542193
1.542193
1.542480
1.542480
1.547350
1.547350
1.539162
1.539162
1.552522
1.552522
1.541816
1.541816
1.543362
1.543362
1.535746
1.535746
1.534470
1.534470
1.549738
1.549738
1.539070
1.539070
1.532548
1.532548
1.539612
1.539612
1.548478
1.548478
1.537582
1.537582
1.542538
1.542538
1.540709
1.540709
1.535223
1.535223
1.555261
1.555261
1.537284
1.537284
1.541832
1.541832
1.541886
1.541886
1.541490
1.541490
1.546211
1.546211
1.542363
1.542363
1.545153
1.545153
1.540497
1.540497
1.543625
1.543625
1.533247
1.533247
1.542791
1.542791
1.541753
1.541753
1.547204
1.547204
1.532352
1.532352
1.544369
1.544369
1.547446
1.547446
1.539751
1.539751
1.539294
1.539294
1.534516
1.534516
1.550506
1.550506
1.542349
1.542349
1.538669
1.538669
1.536189
1.536189
1.554044
1.554044
1.537424
1.537424
1.542898
1.542898
1.532198
1.532198
1.542100
1.542100
1.543909
1.543909
1.551940
1.551940
1.535114
1.535114
1.546349
1.546349
1.546856
1.546856
1.536869
1.536869
1.546698
1.546698
1.547672
1.547672
1.541297
1.541297
1.536571
1.536571
1.539848
1.539848
1.546455
1.546455
1.542131
1.542131
1.536490
1.536490
1.543100
1.543100
1.537974
1.537974
1.553421
1.553421
1.536422
1.536422
1.543920
1.543920
1.544084
1.544084
1.544527
1.544527
1.538096
1.538096
1.538911
1.538911
1.546933
1.546933
1.533875
1.533875
1.539587
1.539587
1.551407
1.551407
1.542895
1.542895
1.540275
1.540275
1.546939
1.546939
1.544064
1.544064
1.528761
1.528761
1.530527
1.530527
1.551696
1.551696
1.538948
1.538948
1.540568
1.540568
1.543590
1.543590
1.545620
1.545620
1.535376
1.535376
1.534853
1.534853
1.547147
1.547147
1.541753
1.541753
1.535365
1.535365
1.547494
1.547494
1.543875
1.543875
1.533369
1.533369
1.545711
1.545711
1.531904
1.531904
1.550083
1.550083
1.537119
1.537119
1.543948
1.543948
1.541515
1.541515
1.532004
1.532004
1.536694
1.536694
1.541765
1.541765
1.547061
1.547061
1.548188
1.548188
1.542685
1.542685
1.535419
1.535419
1.538325
1.538325
1.553013
1.553013
1.531060
1.531060
1.543494
1.543494
1.539664
1.539664
1.538970
1.538970
1.541610
1.541610
1.540426
1.540426
1.544185
1.544185
1.545469
1.545469
1.534816
1.534816
1.535082
1.535082
1.546969
1.546969
1.536507
1.536507
1.544029
1.544029
1.539521
1.539521
1.541561
1.541561
1.544631
1.544631
1.546729
1.546729
1.538746
1.538746
1.546108
1.546108
1.539280
1.539280
1.532088
1.532088
1.534770
1.534770
1.553752
1.553752
1.541222
1.541222
1.539527
1.539527
1.534132
1.534132
1.542777
1.542777
1.553163
1.553163
1.535057
1.535057
1.534284
1.534284
1.538735
1.538735
1.544371
1.544371
1.540766
1.540766
1.544370
1.544370
1.537457
1.537457
1.534714
1.534714
1.539206
1.539206
1.545448
1.545448
1.538602
1.538602
1.544373
1.544373
1.532754
1.532754
1.546342
1.546342
1.535981
1.535981
1.535733
1.535733
1.543690
1.543690
1.541605
1.541605
1.553499
1.553499
1.538415
1.538415
1.534394
1.534394
1.537945
1.537945
1.538049
1.538049
1.540336
1.540336
1.542305
1.542305
1.541508
1.541508
1.537485
1.537485
1.539531
1.539531
1.541143
1.541143
1.536538
1.536538
1.542615
1.542615
1.538996
1.538996
1.542421
1.542421
1.542111
1.542111
1.538256
1.538256
1.536117
1.536117
1.548148
1.548148
1.535753
1.535753
1.537160
1.537160
1.540213
1.540213
1.534943
1.534943
1.545480
1.545480
1.544939
1.544939
1.543388
1.543388
1.541344
1.541344
1.541688
1.541688
1.535623
1.535623
1.535495
1.535495
1.531320
1.531320
1.548435
1.548435
1.530638
1.530638
1.553930
1.553930
1.532448
1.532448
1.536938
1.536938
1.540460
1.540460
1.533014
1.533014
1.545489
1.545489
1.544745
1.544745
1.538060
1.538060
1.546329
1.546329
1.539789
1.539789
1.541586
1.541586
1.531786
1.531786
1.548602
1.548602
1.532081
1.532081
1.538791
1.538791
1.538462
1.538462
1.544138
1.544138
1.538546
1.538546
1.548696
1.548696
1.529154
1.529154
1.542374
1.542374
1.544544
1.544544
1.531324
1.531324
1.544755
1.544755
1.545756
1.545756
1.539851
1.539851
1.541577
1.541577
1.544856
1.544856
1.537663
1.537663
1.539844
1.539844
1.533593
1.533593
1.549847
1.549847
1.536850
1.536850
1.538775
1.538775
1.538870
1.538870
1.541951
1.541951
1.549178
1.549178
1.538726
1.538726
1.542958
1.542958
1.543538
1.543538
1.540053
1.540053
1.535651
1.535651
1.541833
1.541833
1.545892
1.545892
1.538649
1.538649
1.534819
1.534819
1.539029
1.539029
1.528964
1.528964
1.537179
1.537179
1.541248
1.541248
1.540288
1.540288
1.557869
1.557869
1.545323
1.545323
1.539991
1.539991
1.536157
1.536157
1.538477
1.538477
1.537313
1.537313
1.542261
1.542261
1.538522
1.538522
1.532698
1.532698
1.542084
1.542084
1.541664
1.541664
1.540358
1.540358
1.540806
1.540806
1.539686
1.539686
1.537556
1.537556
1.539474
1.539474
1.534638
1.534638
1.541494
1.541494
1.542792
1.542792
1.541103
1.541103
1.538856
1.538856
1.544256
1.544256
1.535545
1.535545
1.536436
1.536436
1.541998
1.541998
1.542883
1.542883
1.534799
1.534799
1.541782
1.541782
1.536926
1.536926
1.542060
1.542060
1.548026
1.548026
1.540755
1.540755
1.543776
1.543776
1.546058
1.546058
1.532570
1.532570
1.539535
1.539535
1.544286
1.544286
1.544383
1.544383
1.542823
1.542823
1.537141
1.537141
1.534314
1.534314
1.535393
1.535393
1.541703
1.541703
1.534417
1.534417
1.546059
1.546059
1.550579
1.550579
1.538364
1.538364
1.538436
1.538436
1.541427
1.541427
1.552209
1.552209
1.533032
1.533032
1.536453
1.536453
1.542117
1.542117
1.540972
1.540972
1.543519
1.543519
1.542653
1.542653
1.545432
1.545432
1.542739
1.542739
1.542855
1.542855
1.536281
1.536281
1.536441
1.536441
1.539104
1.539104
1.548092
1.548092
1.536311
1.536311
1.537371
1.537371
1.544907
1.544907
1.540894
1.540894
1.545659
1.545659
1.538049
1.538049
1.539976
1.539976
1.539196
1.539196
1.541344
1.541344
1.543756
1.543756
1.536359
1.536359
1.538888
1.538888
1.544225
1.544225
1.538829
1.538829
1.540545
1.540545
1.538730
1.538730
1.544985
1.544985
1.539998
1.539998
1.547624
1.547624
1.536637
1.536637
1.540758
1.540758
1.540121
1.540121
1.536782
1.536782
1.541549
1.541549
1.538540
1.538540
1.538449
1.538449
1.540504
1.540504
1.544725
1.544725
1.528778
1.528778
1.548453
1.548453
1.547804
1.547804
1.541483
1.541483
1.532824
1.532824
1.529639
1.529639
1.544111
1.544111
1.536578
1.536578
1.542091
1.542091
1.545050
1.545050
1.536669
1.536669
1.539404
1.539404
1.534453
1.534453
1.543068
1.543068
1.539872
1.539872
1.531278
1.531278
1.538731
1.538731
1.540091
1.540091
1.548382
1.548382
1.533388
1.533388
1.538009
1.538009
1.532689
1.532689
1.541472
1.541472
1.541547
1.541547
1.540334
1.540334
1.542018
1.542018
1.536968
1.536968
1.540895
1.540895
1.541385
1.541385
1.530443
1.530443
1.533665
1.533665
1.541624
1.541624
1.537690
1.537690
1.538803
1.538803
1.543558
1.543558
1.542452
1.542452
1.539959
1.539959
1.536558
1.536558
1.539245
1.539245
1.534524
1.534524
1.533583
1.533583
1.544488
1.544488
1.541967
1.541967
1.533421
1.533421
1.542089
1.542089
1.542765
1.542765
1.543671
1.543671
1.539883
1.539883
1.533013
1.533013
1.534764
1.534764
1.530231
1.530231
1.546641
1.546641
1.544293
1.544293
1.542512
1.542512
1.529741
1.529741
1.546332
1.546332
1.535264
1.535264
1.540112
1.540112
1.541873
1.541873
1.531856
1.531856
1.540144
1.540144
1.533062
1.533062
1.544094
1.544094
1.541432
1.541432
1.540359
1.540359
1.544638
1.544638
1.546379
1.546379
1.542757
1.542757
1.535311
1.535311
1.526905
1.526905
1.548286
1.548286
1.537689
1.537689
1.542756
1.542756
1.539379
1.539379
1.528554
1.528554
1.536160
1.536160
1.545038
1.545038
1.535563
1.535563
1.543719
1.543719
1.537270
1.537270
1.541075
1.541075
1.545241
1.545241
1.535489
1.535489
1.538031
1.538031
1.536027
1.536027
1.534412
1.534412
1.533489
1.533489
1.536581
1.536581
1.545687
1.545687
1.549725
1.549725
1.547218
1.547218
1.543771
1.543771
1.537039
1.537039
1.525707
1.525707
1.545086
1.545086
1.536573
1.536573
1.533693
1.533693
1.542654
1.542654
1.541148
1.541148
1.544303
1.544303
1.538491
1.538491
1.541959
1.541959
1.534459
1.534459
1.533492
1.533492
1.548077
1.548077
1.539915
1.539915
1.537513
1.537513
1.544624
1.544624
1.533481
1.533481
1.537761
1.537761
1.541382
1.541382
1.536399
1.536399
1.538953
1.538953
1.538711
1.538711
1.538470
1.538470
1.535826
1.535826
1.530672
1.530672
1.542377
1.542377
1.549431
1.549431
1.533923
1.533923
1.532782
1.532782
1.533224
1.533224
1.546056
1.546056
1.539729
1.539729
1.541122
1.541122
1.545578
1.545578
1.534655
1.534655
1.531956
1.531956
1.545794
1.545794
1.532924
1.532924
1.547476
1.547476
1.537001
1.537001
1.533140
1.533140
1.536595
1.536595
1.539568
1.539568
1.544134
1.544134
1.530098
1.530098
1.543525
1.543525
1.543779
1.543779
1.530506
1.530506
1.548844
1.548844
1.534327
1.534327
1.533525
1.533525
1.542245
1.542245
1.534925
1.534925
1.533934
1.533934
1.535609
1.535609
1.539170
1.539170
1.545950
1.545950
1.541585
1.541585
1.541316
1.541316
1.533879
1.533879
1.535267
1.535267
1.535616
1.535616
1.553917
1.553917
1.528200
1.528200
1.542495
1.542495
1.546966
1.546966
1.540247
1.540247
1.538253
1.538253
1.541791
1.541791
1.543637
1.543637
1.534710
1.534710
1.542224
1.542224
1.533519
1.533519
1.537852
1.537852
1.542410
1.542410
1.535776
1.535776
1.543137
1.543137
1.538540
1.538540
1.538229
1.538229
1.535406
1.535406
1.545043
1.545043
1.537721
1.537721
1.542567
1.542567
1.531991
1.531991
1.539466
1.539466
1.547002
1.547002
1.537208
1.537208
1.543346
1.543346
1.545793
1.545793
1.539235
1.539235
1.532593
1.532593
1.538562
1.538562
1.542113
1.542113
1.538617
1.538617
1.545040
1.545040
1.544868
1.544868
1.528599
1.528599
1.538785
1.538785
1.539569
1.539569
1.536503
1.536503
1.538321
1.538321
1.536042
1.536042
1.545628
1.545628
1.533780
1.533780
1.542845
1.542845
1.537138
1.537138
1.548393
1.548393
1.527394
1.527394
1.537298
1.537298
1.538757
1.538757
1.541468
1.541468
1.538736
1.538736
1.533312
1.533312
1.537297
1.537297
1.533711
1.533711
1.531828
1.531828
1.550000
1.550000
1.538045
1.538045
1.540540
1.540540
1.543468
1.543468
1.529312
1.529312
1.535293
1.535293
1.545593
1.545593
1.543439
1.543439
1.540923
1.540923
1.525375
1.525375
1.546233
1.546233
1.537256
1.537256
1.535005
1.535005
1.535199
1.535199
1.546285
1.546285
1.544205
1.544205
1.532229
1.532229
1.542310
1.542310
1.543676
1.543676
1.541167
1.541167
1.533509
1.533509
1.533394
1.533394
1.537424
1.537424
1.537510
1.537510
1.538341
1.538341
1.546024
1.546024
1.535992
1.535992
1.545420
1.545420
1.534639
1.534639
1.549801
1.549801
1.532472
1.532472
1.532109
1.532109
1.540436
1.540436
1.540018
1.540018
1.531939
1.531939
1.541213
1.541213
1.545110
1.545110
1.540074
1.540074
1.532107
1.532107
1.545985
1.545985
1.538327
1.538327
1.542902
1.542902
1.541093
1.541093
1.541157
1.541157
1.533001
1.533001
1.540340
1.540340
1.544950
1.544950
1.538356
1.538356
1.537907
1.537907
1.542783
1.542783
1.537769
1.537769
1.543374
1.543374
1.530011
1.530011
1.541189
1.541189
1.539242
1.539242
1.543728
1.543728
1.546707
1.546707
1.550958
1.550958
1.533040
1.533040
1.541972
1.541972
1.534040
1.534040
1.538142
1.538142
1.539207
1.539207
1.541755
1.541755
1.540493
1.540493
1.539194
1.539194
1.536638
1.536638
1.540967
1.540967
1.529918
1.529918
1.538869
1.538869
1.544912
1.544912
1.539616
1.539616
1.536666
1.536666
1.538217
1.538217
1.530161
1.530161
1.546017
1.546017
1.538735
1.538735
1.533857
1.533857
1.540096
1.540096
1.535740
1.535740
1.535998
1.535998
1.543165
1.543165
1.534497
1.534497
1.543030
1.543030
1.538909
1.538909
1.535488
1.535488
1.534750
1.534750
1.532877
1.532877
1.537127
1.537127
1.538599
1.538599
1.542394
1.542394
1.536656
1.536656
1.535381
1.535381
1.539006
1.539006
1.544597
1.544597
1.537949
1.537949
1.529010
1.529010
1.534938
1.534938
1.542657
1.542657
1.534031
1.534031
1.539318
1.539318
1.537765
1.537765
1.536307
1.536307
1.544176
1.544176
1.535318
1.535318
1.541078
1.541078
1.530595
1.530595
1.545373
1.545373
1.527949
1.527949
1.532793
1.532793
1.545771
1.545771
1.538059
1.538059
1.541165
1.541165
1.541399
1.541399
1.531801
1.531801
1.537539
1.537539
1.538223
1.538223
1.540107
1.540107
1.538371
1.538371
1.540071
1.540071
1.535368
1.535368
1.536246
1.536246
1.545160
1.545160
1.537695
1.537695
1.546683
1.546683
1.527361
1.527361
1.533015
1.533015
1.535267
1.535267
1.537585
1.537585
1.536958
1.536958
1.537953
1.537953
1.546592
1.546592
1.542594
1.542594
1.540138
1.540138
1.535029
1.535029
1.538218
1.538218
1.536848
1.536848
1.538286
1.538286
1.533843
1.533843
1.545420
1.545420
1.540155
1.540155
1.535940
1.535940
1.540851
1.540851
1.544706
1.544706
1.530582
1.530582
1.541186
1.541186
1.537506
1.537506
1.528983
1.528983
1.545247
1.545247
1.535509
1.535509
1.548334
1.548334
1.536789
1.536789
1.535477
1.535477
1.531038
1.531038
1.545435
1.545435
1.541270
1.541270
1.543522
1.543522
1.539591
1.539591
1.548319
1.548319
1.540063
1.540063
1.532386
1.532386
1.533674
1.533674
1.531358
1.531358
1.544317
1.544317
1.538848
1.538848
1.542819
1.542819
1.537397
1.537397
1.547911
1.547911
1.531575
1.531575
1.545922
1.545922
1.533188
1.533188
1.534908
1.534908
1.535156
1.535156
1.546950
1.546950
1.534974
1.534974
1.533663
1.533663
1.539978
1.539978
1.544919
1.544919
1.533733
1.533733
1.532981
1.532981
1.539863
1.539863
1.531911
1.531911
1.541828
1.541828
1.538406
1.538406
1.534089
1.534089
1.533623
1.533623
1.533643
1.533643
1.535371
1.535371
1.537380
1.537380
1.533718
1.533718
1.538030
1.538030
1.537254
1.537254
1.543289
1.543289
1.532354
1.532354
1.539596
1.539596
1.542254
1.542254
1.520997
1.520997
1.535882
1.535882
1.543457
1.543457
1.532919
1.532919
1.539967
1.539967
1.529630
1.529630
1.532562
1.532562
1.537420
1.537420
1.543454
1.543454
1.538321
1.538321
1.531874
1.531874
1.530520
1.530520
1.537621
1.537621
1.534515
1.534515
1.546674
1.546674
1.536507
1.536507
1.536274
1.536274
1.542261
1.542261
1.543611
1.543611
1.534901
1.534901
1.526803
1.526803
1.537363
1.537363
1.535034
1.535034
1.535423
1.535423
1.542846
1.542846
1.536805
1.536805
1.538650
1.538650
1.531092
1.531092
1.536891
1.536891
1.533306
1.533306
1.554014
1.554014
1.535038
1.535038
1.536629
1.536629
1.539639
1.539639
1.540529
1.540529
1.539000
1.539000
1.533661
1.533661
1.537120
1.537120
1.539131
1.539131
1.535086
1.535086
1.549167
1.549167
1.540041
1.540041
1.532285
1.532285
1.540198
1.540198
1.543708
1.543708
1.534026
1.534026
1.533326
1.533326
1.535226
1.535226
1.538408
1.538408
1.544165
1.544165
1.541313
1.541313
1.535386
1.535386
1.542195
1.542195
1.539654
1.539654
1.541044
1.541044
1.531830
1.531830
1.536592
1.536592
1.540718
1.540718
1.541178
1.541178
1.536740
1.536740
1.536173
1.536173
1.536548
1.536548
1.546957
1.546957
1.538130
1.538130
1.536659
1.536659
1.531643
1.531643
1.541585
1.541585
1.530670
1.530670
1.544051
1.544051
1.530895
1.530895
1.546253
1.546253
1.536976
1.536976
1.535665
1.535665
1.537160
1.537160
1.546208
1.546208
1.533376
1.533376
1.532424
1.532424
1.532932
1.532932
1.534891
1.534891
1.547381
1.547381
1.544573
1.544573
1.533790
1.533790
1.543650
1.543650
1.542999
1.542999
1.536573
1.536573
1.531522
1.531522
1.535864
1.535864
1.544314
1.544314
1.531930
1.531930
1.542756
1.542756
1.534151
1.534151
1.535487
1.535487
1.534499
1.534499
1.540875
1.540875
1.543406
1.543406
1.535772
1.535772
1.539664
1.539664
1.538386
1.538386
1.535936
1.535936
1.536889
1.536889
1.536750
1.536750
1.529031
1.529031
1.549245
1.549245
1.538468
1.538468
1.538236
1.538236
1.527776
1.527776
1.533693
1.533693
1.545522
1.545522
1.541335
1.541335
1.525222
1.525222
1.538435
1.538435
1.532631
1.532631
1.539469
1.539469
1.542372
1.542372
1.536513
1.536513
1.531975
1.531975
1.538432
1.538432
1.529771
1.529771
1.540772
1.540772
1.534679
1.534679
1.540949
1.540949
1.536904
1.536904
1.533522
1.533522
1.543081
1.543081
1.533211
1.533211
1.534814
1.534814
1.536011
1.536011
1.533418
1.533418
1.531760
1.531760
1.540145
1.540145
1.539399
1.539399
1.534143
1.534143
1.535809
1.535809
1.540858
1.540858
1.535895
1.535895
1.532316
1.532316
1.542207
1.542207
1.543246
1.543246
1.527907
1.527907
1.528056
1.528056
1.541030
1.541030
1.530669
1.530669
1.537438
1.537438
1.531592
1.531592
1.539517
1.539517
1.545599
1.545599
1.534606
1.534606
1.535848
1.535848
1.542056
1.542056
1.538256
1.538256
1.531597
1.531597
1.528387
1.528387
1.544347
1.544347
1.538612
1.538612
1.538431
1.538431
1.534397
1.534397
1.536494
1.536494
1.536263
1.536263
1.544785
1.544785
1.529318
1.529318
1.539176
1.539176
1.547934
1.547934
1.531260
1.531260
1.537207
1.537207
1.533854
1.533854
1.534831
1.534831
1.538108
1.538108
1.533084
1.533084
1.532953
1.532953
1.540478
1.540478
1.542858
1.542858
1.533584
1.533584
1.541517
1.541517
1.532607
1.532607
1.540736
1.540736
1.537826
1.537826
1.546545
1.546545
1.532710
1.532710
1.535756
1.535756
1.535588
1.535588
1.534878
1.534878
1.535696
1.535696
1.535770
1.535770
1.542850
1.542850
1.532411
1.532411
1.540524
1.540524
1.540712
1.540712
1.537330
1.537330
1.533820
1.533820
1.534571
1.534571
1.540986
1.540986
1.535125
1.535125
1.535938
1.535938
1.541459
1.541459
1.538672
1.538672
1.534833
1.534833
1.536737
1.536737
1.538304
1.538304
1.537809
1.537809
1.534853
1.534853
1.540260
1.540260
1.532973
1.532973
1.538811
1.538811
1.537326
1.537326
1.536000
1.536000
1.544447
1.544447
1.531857
1.531857
1.539996
1.539996
1.534094
1.534094
1.547778
1.547778
1.532716
1.532716
1.536605
1.536605
1.541778
1.541778
1.538029
1.538029
1.531563
1.531563
1.541239
1.541239
1.534118
1.534118
1.539057
1.539057
1.543003
1.543003
1.536246
1.536246
1.535337
1.535337
1.542081
1.542081
1.542181
1.542181
1.530912
1.530912
1.536286
1.536286
1.536451
1.536451
1.537765
1.537765
1.543384
1.543384
1.541602
1.541602
1.531894
1.531894
1.529658
1.529658
1.538400
1.538400
1.539331
1.539331
1.532367
1.532367
1.534672
1.534672
1.539195
1.539195
1.540311
1.540311
1.536850
1.536850
1.535094
1.535094
1.540119
1.540119
1.527797
1.527797
1.526658
1.526658
1.530245
1.530245
1.543304
1.543304
1.540277
1.540277
1.543388
1.543388
1.537275
1.537275
1.527373
1.527373
1.543013
1.543013
1.535364
1.535364
1.538769
1.538769
1.537551
1.537551
1.533794
1.533794
1.533482
1.533482
1.538819
1.538819
1.537683
1.537683
1.531995
1.531995
1.535015
1.535015
1.536479
1.536479
1.536777
1.536777
1.538802
1.538802
1.545456
1.545456
1.535612
1.535612
1.535637
1.535637
1.531300
1.531300
1.528051
1.528051
1.532299
1.532299
1.537061
1.537061
1.532903
1.532903
1.541129
1.541129
1.534227
1.534227
1.533143
1.533143
1.536076
1.536076
1.532568
1.532568
1.535649
1.535649
1.542004
1.542004
1.532238
1.532238
1.530588
1.530588
1.533864
1.533864
1.544418
1.544418
1.540190
1.540190
1.537785
1.537785
1.551504
1.551504
1.527986
1.527986
1.528881
1.528881
1.535977
1.535977
1.541076
1.541076
1.541397
1.541397
1.530035
1.530035
1.542262
1.542262
1.525912
1.525912
1.535442
1.535442
1.542825
1.542825
1.537248
1.537248
1.530984
1.530984
1.538505
1.538505
1.543125
1.543125
1.547621
1.547621
1.526450
1.526450
1.538355
1.538355
1.526588
1.526588
1.533761
1.533761
1.544195
1.544195
1.535939
1.535939
1.541386
1.541386
1.527440
1.527440
1.535064
1.535064
1.531567
1.531567
1.539876
1.539876
1.546653
1.546653
1.530804
1.530804
1.538260
1.538260
1.533725
1.533725
1.530641
1.530641
1.546472
1.546472
1.536973
1.536973
1.535320
1.535320
1.537592
1.537592
1.548500
1.548500
1.535140
1.535140
1.527188
1.527188
1.538191
1.538191
1.535331
1.535331
1.529627
1.529627
1.544844
1.544844
1.539358
1.539358
1.535145
1.535145
1.537449
1.537449
1.530418
1.530418
1.550327
1.550327
1.532778
1.532778
1.546151
1.546151
1.530233
1.530233
1.545105
1.545105
1.535507
1.535507
1.530101
1.530101
1.534524
1.534524
1.537153
1.537153
1.540927
1.540927
1.538797
1.538797
1.537965
1.537965
1.543022
1.543022
1.538664
1.538664
1.536785
1.536785
1.532063
1.532063
1.538772
1.538772
1.536352
1.536352
1.543406
1.543406
1.546954
1.546954
1.534785
1.534785
1.523803
1.523803
1.538195
1.538195
1.543742
1.543742
1.535456
1.535456
1.535492
1.535492
1.535434
1.535434
1.531589
1.531589
1.545730
1.545730
1.532549
1.532549
1.533401
1.533401
1.543906
1.543906
1.541233
1.541233
1.540040
1.540040
1.530279
1.530279
1.528178
1.528178
1.543459
1.543459
1.530809
1.530809
1.539985
1.539985
1.541391
1.541391
1.533213
1.533213
1.531631
1.531631
1.531466
1.531466
1.528233
1.528233
1.538732
1.538732
1.539366
1.539366
1.541250
1.541250
1.537415
1.537415
1.537232
1.537232
1.541145
1.541145
1.529425
1.529425
1.531497
1.531497
1.537135
1.537135
1.529726
1.529726
1.538569
1.538569
1.533697
1.533697
1.540571
1.540571
1.531839
1.531839
1.537131
1.537131
1.532312
1.532312
1.536508
1.536508
1.543408
1.543408
1.541572
1.541572
1.536142
1.536142
1.533682
1.533682
1.529758
1.529758
1.539355
1.539355
1.534506
1.534506
1.536913
1.536913
1.540752
1.540752
1.530414
1.530414
1.537892
1.537892
1.545283
1.545283
1.533201
1.533201
1.541503
1.541503
1.526550
1.526550
1.532815
1.532815
1.538328
1.538328
1.535838
1.535838
1.540567
1.540567
1.528388
1.528388
1.537908
1.537908
1.528946
1.528946
1.532171
1.532171
1.541678
1.541678
1.534079
1.534079
1.546918
1.546918
1.549951
1.549951
1.528961
1.528961
1.534436
1.534436
1.529992
1.529992
1.538237
1.538237
1.541853
1.541853
1.537523
1.537523
1.534699
1.534699
1.532513
1.532513
1.534199
1.534199
1.531720
1.531720
1.544557
1.544557
1.536028
1.536028
1.531588
1.531588
1.538089
1.538089
1.539362
1.539362
1.528662
1.528662
1.545315
1.545315
1.533868
1.533868
1.533552
1.533552
1.536473
1.536473
1.537187
1.537187
1.537593
1.537593
1.536060
1.536060
1.533401
1.533401
1.533003
1.533003
1.538387
1.538387
1.535523
1.535523
1.537389
1.537389
1.537396
1.537396
1.549930
1.549930
1.535305
1.535305
1.538698
1.538698
1.525052
1.525052
1.530622
1.530622
1.538401
1.538401
1.538721
1.538721
1.533326
1.533326
1.534168
1.534168
1.536326
1.536326
1.536931
1.536931
1.537138
1.537138
1.535137
1.535137
1.537451
1.537451
1.533136
1.533136
1.539345
1.539345
1.526605
1.526605
1.537888
1.537888
1.541895
1.541895
1.534137
1.534137
1.533440
1.533440
1.533955
1.533955
1.531118
1.531118
1.545753
1.545753
1.536140
1.536140
1.540993
1.540993
1.526956
1.526956
1.525718
1.525718
1.539421
1.539421
1.549357
1.549357
1.525823
1.525823
1.541000
1.541000
1.533784
1.533784
1.539713
1.539713
1.537443
1.537443
1.533653
1.533653
1.541219
1.541219
1.533160
1.533160
1.530305
1.530305
1.536884
1.536884
1.544689
1.544689
1.523194
1.523194
1.539539
1.539539
1.532255
1.532255
1.531945
1.531945
1.526105
1.526105
1.538258
1.538258
1.530106
1.530106
1.538201
1.538201
1.539713
1.539713
1.538692
1.538692
1.530508
1.530508
1.532916
1.532916
1.532834
1.532834
1.534826
1.534826
1.540919
1.540919
1.519913
1.519913
1.527817
1.527817
1.544954
1.544954
1.536940
1.536940
1.534790
1.534790
1.539274
1.539274
1.538678
1.538678
1.527745
1.527745
1.528078
1.528078
1.530875
1.530875
1.536280
1.536280
1.538282
1.538282
1.530226
1.530226
1.536542
1.536542
1.531302
1.531302
1.531220
1.531220
1.541847
1.541847
1.539146
1.539146
1.528134
1.528134
1.535655
1.535655
1.532962
1.532962
1.535868
1.535868
1.538765
1.538765
1.530125
1.530125
1.535084
1.535084
1.537048
1.537048
1.537440
1.537440
1.532340
1.532340
1.534665
1.534665
1.541589
1.541589
1.534768
1.534768
1.539409
1.539409
1.529660
1.529660
1.533794
1.533794
1.537109
1.537109
1.536424
1.536424
1.535712
1.535712
1.535650
1.535650
1.537112
1.537112
1.540914
1.540914
1.540187
1.540187
1.539493
1.539493
1.532409
1.532409
1.527306
1.527306
1.530538
1.530538
1.541487
1.541487
1.546222
1.546222
1.531698
1.531698
1.532419
1.532419
1.538909
1.538909
1.532333
1.532333
1.533542
1.533542
1.542574
1.542574
1.536483
1.536483
1.540283
1.540283
1.536265
1.536265
1.532713
1.532713
1.540042
1.540042
1.533970
1.533970
1.540585
1.540585
1.537633
1.537633
1.536155
1.536155
1.536724
1.536724
1.531349
1.531349
1.538105
1.538105
1.531827
1.531827
1.539988
1.539988
1.535426
1.535426
1.539072
1.539072
1.533943
1.533943
1.531406
1.531406
1.545477
1.545477
1.531981
1.531981
1.542322
1.542322
1.536900
1.536900
1.542933
1.542933
1.531108
1.531108
1.532978
1.532978
1.540323
1.540323
1.534296
1.534296
1.527536
1.527536
1.547214
1.547214
1.536162
1.536162
1.536925
1.536925
1.542537
1.542537
1.530113
1.530113
1.539135
1.539135
1.529027
1.529027
1.541817
1.541817
1.535987
1.535987
1.533804
1.533804
1.537751
1.537751
1.537761
1.537761
1.535689
1.535689
1.529309
1.529309
1.541412
1.541412
1.538865
1.538865
1.540993
1.540993
1.529128
1.529128
1.537034
1.537034
1.542734
1.542734
1.534516
1.534516
1.533560
1.533560
1.533791
1.533791
1.539345
1.539345
1.536066
1.536066
1.533322
1.533322
1.537341
1.537341
1.534690
1.534690
1.534304
1.534304
1.538653
1.538653
1.538779
1.538779
1.534935
1.534935
1.533513
1.533513
1.531553
1.531553
1.534765
1.534765
1.535862
1.535862
1.536292
1.536292
1.545489
1.545489
1.531480
1.531480
1.537916
1.537916
1.533239
1.533239
1.537143
1.537143
1.538945
1.538945
1.533232
1.533232
1.538030
1.538030
1.530978
1.530978
1.536787
1.536787
1.533822
1.533822
1.527602
1.527602
1.537522
1.537522
1.532311
1.532311
1.538656
1.538656
1.536406
1.536406
1.534532
1.534532
1.536518
1.536518
1.528732
1.528732
1.534000
1.534000
1.535941
1.535941
1.536700
1.536700
1.535341
1.535341
1.529484
1.529484
1.536253
1.536253
1.529667
1.529667
1.535594
1.535594
1.529759
1.529759
1.536295
1.536295
1.537390
1.537390
1.529416
1.529416
1.529921
1.529921
1.535799
1.535799
1.533157
1.533157
1.537741
1.537741
1.534232
1.534232
1.542687
1.542687
1.536708
1.536708
1.532288
1.532288
1.529005
1.529005
1.529999
1.529999
1.542057
1.542057
1.531638
1.531638
1.534390
1.534390
1.537425
1.537425
1.525036
1.525036
1.530805
1.530805
1.537169
1.537169
1.533931
1.533931
1.543138
1.543138
1.527412
1.527412
1.539253
1.539253
1.535944
1.535944
1.532175
1.532175
1.533321
1.533321
1.534890
1.534890
1.530514
1.530514
1.545633
1.545633
1.533899
1.533899
1.532685
1.532685
1.533181
1.533181
1.539171
1.539171
1.533270
1.533270
1.531214
1.531214
1.540251
1.540251
1.532490
1.532490
1.530964
1.530964
1.536411
1.536411
1.537049
1.537049
1.541074
1.541074
1.531687
1.531687
1.544163
1.544163
1.535648
1.535648
1.530751
1.530751
1.541385
1.541385
1.523453
1.523453
1.537976
1.537976
1.536213
1.536213
1.538994
1.538994
1.535638
1.535638
1.528079
1.528079
1.531060
1.531060
1.536716
1.536716
1.545117
1.545117
1.530339
1.530339
1.536025
1.536025
1.534435
1.534435
1.532894
1.532894
1.536060
1.536060
1.537985
1.537985
1.538777
1.538777
1.532699
1.532699
1.541458
1.541458
1.527231
1.527231
1.542767
1.542767
1.535023
1.535023
1.540101
1.540101
1.533204
1.533204
1.531059
1.531059
1.537127
1.537127
1.538531
1.538531
1.536869
1.536869
1.536511
1.536511
1.528335
1.528335
1.540424
1.540424
1.537521
1.537521
1.525453
1.525453
1.536207
1.536207
1.541564
1.541564
1.527893
1.527893
1.553132
1.553132
1.542312
1.542312
1.535061
1.535061
1.534678
1.534678
1.533433
1.533433
1.533429
1.533429
1.544790
1.544790
1.536903
1.536903
1.532471
1.532471
1.535106
1.535106
1.527905
1.527905
1.538243
1.538243
1.534187
1.534187
1.535098
1.535098
1.534947
1.534947
1.536881
1.536881
1.541756
1.541756
1.534069
1.534069
1.531905
1.531905
1.528159
1.528159
1.545521
1.545521
1.533650
1.533650
1.540126
1.540126
1.535929
1.535929
1.534229
1.534229
1.533920
1.533920
1.525717
1.525717
1.535390
1.535390
1.537243
1.537243
1.540424
1.540424
1.540644
1.540644
1.539488
1.539488
1.527390
1.527390
1.537509
1.537509
1.539330
1.539330
1.533360
1.533360
1.538850
1.538850
1.535886
1.535886
1.530113
1.530113
1.537390
1.537390
1.534885
1.534885
1.548204
1.548204
1.530632
1.530632
1.530514
1.530514
1.535002
1.535002
1.531483
1.531483
1.544692
1.544692
1.535719
1.535719
1.538468
1.538468
1.522378
1.522378
1.535332
1.535332
1.537941
1.537941
1.534087
1.534087
1.531898
1.531898
1.536576
1.536576
1.533638
1.533638
1.532643
1.532643
1.531967
1.531967
1.537234
1.537234
1.535220
1.535220
1.533320
1.533320
1.532092
1.532092
1.537164
1.537164
1.533116
1.533116
1.530499
1.530499
1.535574
1.535574
1.525475
1.525475
1.539189
1.539189
1.533303
1.533303
1.530709
1.530709
1.539167
1.539167
1.531438
1.531438
1.540309
1.540309
1.532527
1.532527
1.529791
1.529791
1.528780
1.528780
1.530826
1.530826
1.531884
1.531884
1.534738
1.534738
1.535413
1.535413
1.528391
1.528391
1.528082
1.528082
1.536488
1.536488
1.527126
1.527126
1.533015
1.533015
1.538531
1.538531
1.534857
1.534857
1.534663
1.534663
1.525139
1.525139
1.533691
1.533691
1.534909
1.534909
1.535155
1.535155
1.534497
1.534497
1.528134
1.528134
1.531974
1.531974
1.534409
1.534409
1.532014
1.532014
1.532473
1.532473
1.532823
1.532823
1.535522
1.535522
1.531526
1.531526
1.534512
1.534512
1.534156
1.534156
1.541648
1.541648
1.523450
1.523450
1.531559
1.531559
1.537674
1.537674
1.537766
1.537766
1.533470
1.533470
1.528948
1.528948
1.527314
1.527314
1.532263
1.532263
1.535813
1.535813
1.533388
1.533388
1.532493
1.532493
1.534672
1.534672
1.532074
1.532074
1.533269
1.533269
1.532776
1.532776
1.536878
1.536878
1.534746
1.534746
1.540365
1.540365
1.532196
1.532196
1.528602
1.528602
1.527564
1.527564
1.544501
1.544501
1.529862
1.529862
1.531084
1.531084
1.537971
1.537971
1.536830
1.536830
1.535672
1.535672
1.534570
1.534570
1.524111
1.524111
1.537120
1.537120
1.543995
1.543995
1.531101
1.531101
1.535299
1.535299
1.529540
1.529540
1.539839
1.539839
1.531536
1.531536
1.538003
1.538003
1.532944
1.532944
1.540011
1.540011
1.536744
1.536744
1.539072
1.539072
1.521838
1.521838
1.542625
1.542625
1.533910
1.533910
1.534239
1.534239
1.534249
1.534249
1.527635
1.527635
1.535066
1.535066
1.534795
1.534795
1.529713
1.529713
1.537998
1.537998
1.538480
1.538480
1.532621
1.532621
1.552380
1.552380
1.531347
1.531347
1.527704
1.527704
1.529916
1.529916
1.534905
1.534905
1.531677
1.531677
1.536201
1.536201
1.543023
1.543023
1.527578
1.527578
1.541106
1.541106
1.535854
1.535854
1.533425
1.533425
1.527854
1.527854
1.537942
1.537942
1.537300
1.537300
1.534553
1.534553
1.531235
1.531235
1.535816
1.535816
1.537156
1.537156
1.535972
1.535972
1.528432
1.528432
1.536897
1.536897
1.539425
1.539425
1.535124
1.535124
1.535379
1.535379
1.533931
1.533931
1.542074
1.542074
1.530198
1.530198
1.534547
1.534547
1.531107
1.531107
1.531801
1.531801
1.536168
1.536168
1.538824
1.538824
1.540071
1.540071
1.540589
1.540589
1.536632
1.536632
1.528605
1.528605
1.531524
1.531524
1.540997
1.540997
1.539951
1.539951
1.538498
1.538498
1.533058
1.533058
1.531722
1.531722
1.532952
1.532952
1.543503
1.543503
1.534551
1.534551
1.535506
1.535506
1.537510
1.537510
1.521963
1.521963
1.534744
1.534744
1.533653
1.533653
1.534997
1.534997
1.536910
1.536910
1.536898
1.536898
1.534095
1.534095
1.534845
1.534845
1.536916
1.536916
1.535614
1.535614
1.535281
1.535281
1.536639
1.536639
1.527401
1.527401
1.533043
1.533043
1.540782
1.540782
1.540488
1.540488
1.535140
1.535140
1.537280
1.537280
1.530032
1.530032
1.540843
1.540843
1.533546
1.533546
1.544125
1.544125
1.530554
1.530554
1.532142
1.532142
1.538487
1.538487
1.530763
1.530763
1.538468
1.538468
1.535454
1.535454
1.535006
1.535006
1.533146
1.533146
1.535094
1.535094
1.534007
1.534007
1.530005
1.530005
1.541010
1.541010
1.535320
1.535320
1.535242
1.535242
1.534971
1.534971
1.536231
1.536231
1.526384
1.526384
1.530723
1.530723
1.543554
1.543554
1.537681
1.537681
1.527908
1.527908
1.533102
1.533102
1.534090
1.534090
1.529777
1.529777
1.537778
1.537778
1.532691
1.532691
1.530334
1.530334
1.527002
1.527002
1.530056
1.530056
1.533108
1.533108
1.526183
1.526183
1.533727
1.533727
1.531561
1.531561
1.528977
1.528977
1.533639
1.533639
1.517220
1.517220
1.540668
1.540668
1.529649
1.529649
1.528493
1.528493
1.524708
1.524708
1.527856
1.527856
1.534665
1.534665
1.527597
1.527597
1.532800
1.532800
1.530871
1.530871
1.529356
1.529356
1.526528
1.526528
1.524227
1.524227
1.534107
1.534107
1.529514
1.529514
1.525483
1.525483
1.532082
1.532082
1.527875
1.527875
1.525089
1.525089
1.531311
1.531311
1.528498
1.528498
1.524638
1.524638
1.529166
1.529166
1.523855
1.523855
1.528946
1.528946
1.534127
1.534127
1.522739
1.522739
1.525455
1.525455
1.524067
1.524067
1.525807
1.525807
1.526587
1.526587
1.520166
1.520166
1.538552
1.538552
1.521491
1.521491
1.530163
1.530163
1.518898
1.518898
1.529630
1.529630
1.520366
1.520366
1.536496
1.536496
1.534136
1.534136
1.518325
1.518325
1.524282
1.524282
1.531964
1.531964
1.521765
1.521765
1.526188
1.526188
1.532715
1.532715
1.529451
1.529451
1.517845
1.517845
1.523499
1.523499
1.520309
1.520309
1.529385
1.529385
1.527466
1.527466
1.527008
1.527008
1.524442
1.524442
1.522707
1.522707
1.532375
1.532375
1.524993
1.524993
1.518319
1.518319
1.530540
1.530540
1.517226
1.517226
1.529666
1.529666
1.527122
1.527122
1.527481
1.527481
1.524414
1.524414
1.524268
1.524268
1.528753
1.528753
1.523095
1.523095
1.528565
1.528565
1.518706
1.518706
1.518866
1.518866
1.525111
1.525111
1.532861
1.532861
1.527156
1.527156
1.519342
1.519342
1.527196
1.527196
1.523838
1.523838
1.529381
1.529381
1.526129
1.526129
1.515888
1.515888
1.516694
1.516694
1.527610
1.527610
1.530313
1.530313
1.527246
1.527246
1.522025
1.522025
1.525513
1.525513
1.522794
1.522794
1.523532
1.523532
1.524279
1.524279
1.529274
1.529274
1.521740
1.521740
1.524346
1.524346
1.520393
1.520393
1.532116
1.532116
1.525147
1.525147
1.534588
1.534588
1.517530
1.517530
1.520459
1.520459
1.526057
1.526057
1.524221
1.524221
1.524142
1.524142
1.524867
1.524867
1.519114
1.519114
1.528793
1.528793
1.525757
1.525757
1.526954
1.526954
1.527755
1.527755
1.528813
1.528813
1.521536
1.521536
1.513847
1.513847
1.527990
1.527990
1.524502
1.524502
1.526766
1.526766
1.523896
1.523896
1.516097
1.516097
1.523611
1.523611
1.528843
1.528843
1.528562
1.528562
1.526021
1.526021
1.511333
1.511333
1.529614
1.529614
1.521754
1.521754
1.528981
1.528981
1.523093
1.523093
1.516434
1.516434
1.525803
1.525803
1.520153
1.520153
1.526295
1.526295
1.524764
1.524764
1.525233
1.525233
1.522938
1.522938
1.533319
1.533319
1.524794
1.524794
1.521214
1.521214
1.517832
1.517832
1.523483
1.523483
1.528813
1.528813
1.523860
1.523860
1.520250
1.520250
1.525785
1.525785
1.523030
1.523030
1.531609
1.531609
1.523814
1.523814
1.525372
1.525372
1.515454
1.515454
1.525029
1.525029
1.523946
1.523946
1.524489
1.524489
1.522674
1.522674
1.525863
1.525863
1.514638
1.514638
1.520973
1.520973
1.530799
1.530799
1.524799
1.524799
1.532648
1.532648
1.519182
1.519182
1.520979
1.520979
1.521261
1.521261
1.530432
1.530432
1.531800
1.531800
1.525898
1.525898
1.519018
1.519018
1.520470
1.520470
1.524372
1.524372
1.534932
1.534932
1.528283
1.528283
1.526415
1.526415
1.524786
1.524786
1.523766
1.523766
1.517470
1.517470
1.528561
1.528561
1.519082
1.519082
1.533059
1.533059
1.518539
1.518539
1.524970
1.524970
1.530897
1.530897
1.523992
1.523992
1.523893
1.523893
1.518908
1.518908
1.528321
1.528321
1.519229
1.519229
1.521970
1.521970
1.532173
1.532173
1.523975
1.523975
1.529587
1.529587
1.522107
1.522107
1.528301
1.528301
1.529190
1.529190
1.524133
1.524133
1.521475
1.521475
1.526175
1.526175
1.525302
1.525302
1.522407
1.522407
1.531221
1.531221
1.519943
1.519943
1.519799
1.519799
1.519070
1.519070
1.522343
1.522343
1.528031
1.528031
1.542461
1.542461
1.528584
1.528584
1.528438
1.528438
1.526021
1.526021
1.525377
1.525377
1.516968
1.516968
1.518821
1.518821
1.532764
1.532764
1.525618
1.525618
1.524087
1.524087
1.527408
1.527408
1.524090
1.524090
1.519882
1.519882
1.530461
1.530461
1.534522
1.534522
1.517174
1.517174
1.521435
1.521435
1.537970
1.537970
1.517533
1.517533
1.522629
1.522629
1.530194
1.530194
1.525266
1.525266
1.521736
1.521736
1.523497
1.523497
1.525525
1.525525
1.535195
1.535195
1.526532
1.526532
1.527400
1.527400
1.526029
1.526029
1.522327
1.522327
1.526887
1.526887
1.531804
1.531804
1.524886
1.524886
1.522553
1.522553
1.523322
1.523322
1.526976
1.526976
1.528336
1.528336
1.528339
1.528339
1.525241
1.525241
1.522032
1.522032
1.525272
1.525272
1.527746
1.527746
1.529898
1.529898
1.524809
1.524809
1.523760
1.523760
1.522267
1.522267
1.526288
1.526288
1.520592
1.520592
1.526768
1.526768
1.527660
1.527660
1.529038
1.529038
1.529732
1.529732
1.522992
1.522992
1.526157
1.526157
1.521764
1.521764
1.530124
1.530124
1.527677
1.527677
1.521544
1.521544
1.529112
1.529112
1.525624
1.525624
1.525744
1.525744
1.529984
1.529984
1.525764
1.525764
1.525225
1.525225
1.516800
1.516800
1.534588
1.534588
1.525384
1.525384
1.527905
1.527905
1.534711
1.534711
1.519884
1.519884
1.521429
1.521429
1.524787
1.524787
1.524179
1.524179
1.529432
1.529432
1.527030
1.527030
1.525906
1.525906
1.525624
1.525624
1.534954
1.534954
1.525634
1.525634
1.521263
1.521263
1.523906
1.523906
1.526964
1.526964
1.524399
1.524399
1.527251
1.527251
1.522317
1.522317
1.533533
1.533533
1.527542
1.527542
1.530680
1.530680
1.524773
1.524773
1.524781
1.524781
1.524748
1.524748
1.522206
1.522206
1.535661
1.535661
1.522073
1.522073
1.523317
1.523317
1.531892
1.531892
1.524935
1.524935
1.519818
1.519818
1.526185
1.526185
1.536555
1.536555
1.527514
1.527514
1.519880
1.519880
1.529569
1.529569
1.526420
1.526420
1.529419
1.529419
1.531362
1.531362
1.527518
1.527518
1.531625
1.531625
1.525181
1.525181
1.527115
1.527115
1.523183
1.523183
1.532029
1.532029
1.530603
1.530603
1.526514
1.526514
1.521919
1.521919
1.523672
1.523672
1.522097
1.522097
1.528080
1.528080
1.533474
1.533474
1.522754
1.522754
1.530223
1.530223
1.530833
1.530833
1.529874
1.529874
1.526394
1.526394
1.522515
1.522515
1.526466
1.526466
1.521619
1.521619
1.525187
1.525187
1.531772
1.531772
1.529222
1.529222
1.530285
1.530285
1.527471
1.527471
1.532904
1.532904
1.529663
1.529663
1.522366
1.522366
1.524847
1.524847
1.526709
1.526709
1.525207
1.525207
1.532162
1.532162
1.535292
1.535292
1.516214
1.516214
1.523656
1.523656
1.527221
1.527221
1.523644
1.523644
1.535135
1.535135
1.530196
1.530196
1.529244
1.529244
1.530578
1.530578
1.532069
1.532069
1.521079
1.521079
1.525725
1.525725
1.528830
1.528830
1.522884
1.522884
1.525452
1.525452
1.538471
1.538471
1.522044
1.522044
1.522475
1.522475
1.531155
1.531155
1.525370
1.525370
1.533633
1.533633
1.526575
1.526575
1.522391
1.522391
1.527932
1.527932
1.532495
1.532495
1.518985
1.518985
1.541667
1.541667
1.535578
1.535578
1.520205
1.520205
1.526036
1.526036
1.528945
1.528945
1.529289
1.529289
1.530149
1.530149
1.524216
1.524216
1.533485
1.533485
1.527887
1.527887
1.522274
1.522274
1.542161
1.542161
1.517152
1.517152
1.531618
1.531618
1.527098
1.527098
1.518960
1.518960
1.528895
1.528895
1.527836
1.527836
1.528162
1.528162
1.530140
1.530140
1.523045
1.523045
1.533312
1.533312
1.524566
1.524566
1.529722
1.529722
1.523691
1.523691
1.528276
1.528276
1.520599
1.520599
1.529513
1.529513
1.530118
1.530118
1.527626
1.527626
1.532845
1.532845
1.536790
1.536790
1.534152
1.534152
1.519075
1.519075
1.523299
1.523299
1.525467
1.525467
1.518322
1.518322
1.532578
1.532578
1.528011
1.528011
1.522719
1.522719
1.541751
1.541751
1.526760
1.526760
1.533943
1.533943
1.528494
1.528494
1.523240
1.523240
1.526900
1.526900
1.522250
1.522250
1.526647
1.526647
1.531544
1.531544
1.534806
1.534806
1.522916
1.522916
1.525529
1.525529
1.530109
1.530109
1.527206
1.527206
1.525259
1.525259
1.532650
1.532650
1.531720
1.531720
1.519947
1.519947
1.524385
1.524385
1.534020
1.534020
1.529900
1.529900
1.526951
1.526951
1.524870
1.524870
1.530066
1.530066
1.529858
1.529858
1.527525
1.527525
1.529337
1.529337
1.518573
1.518573
1.532126
1.532126
1.527745
1.527745
1.532773
1.532773
1.527849
1.527849
1.523557
1.523557
1.529358
1.529358
1.529053
1.529053
1.529899
1.529899
1.518805
1.518805
1.524312
1.524312
1.535725
1.535725
1.528014
1.528014
1.534013
1.534013
1.529496
1.529496
1.523157
1.523157
1.527950
1.527950
1.525391
1.525391
1.535141
1.535141
1.527492
1.527492
1.534292
1.534292
1.527090
1.527090
1.529333
1.529333
1.518162
1.518162
1.529493
1.529493
1.533209
1.533209
1.519011
1.519011
1.529514
1.529514
1.529037
1.529037
1.530358
1.530358
1.526273
1.526273
1.528970
1.528970
1.525277
1.525277
1.530624
1.530624
1.534332
1.534332
1.532643
1.532643
1.522661
1.522661
1.529072
1.529072
1.520290
1.520290
1.526478
1.526478
1.529731
1.529731
1.526439
1.526439
1.533039
1.533039
1.524621
1.524621
1.525021
1.525021
1.528723
1.528723
1.520745
1.520745
1.541225
1.541225
1.524572
1.524572
1.527983
1.527983
1.525972
1.525972
1.531830
1.531830
1.521798
1.521798
1.535649
1.535649
1.533616
1.533616
1.524179
1.524179
1.529604
1.529604
1.522686
1.522686
1.532789
1.532789
1.527845
1.527845
1.529429
1.529429
1.529779
1.529779
1.520387
1.520387
1.536770
1.536770
1.525935
1.525935
1.526613
1.526613
1.527250
1.527250
1.529788
1.529788
1.534197
1.534197
1.529058
1.529058
1.530525
1.530525
1.522997
1.522997
1.535963
1.535963
1.522417
1.522417
1.536245
1.536245
1.529501
1.529501
1.522529
1.522529
1.525025
1.525025
1.529765
1.529765
1.531309
1.531309
1.532416
1.532416
1.519814
1.519814
1.532859
1.532859
1.525666
1.525666
1.531563
1.531563
1.524076
1.524076
1.536928
1.536928
1.526006
1.526006
1.523542
1.523542
1.520844
1.520844
1.534683
1.534683
1.530112
1.530112
1.526129
1.526129
1.533648
1.533648
1.525681
1.525681
1.526841
1.526841
1.524352
1.524352
1.532290
1.532290
1.537660
1.537660
1.538823
1.538823
1.530921
1.530921
1.531057
1.531057
1.522851
1.522851
1.517851
1.517851
1.526203
1.526203
1.529984
1.529984
1.526710
1.526710
1.529277
1.529277
1.533632
1.533632
