0.8965
1.3415
1.2620
1.2787
1.4877
1.2124
1.2055
1.2602
0.9404
0.7505
1.0562
1.5335
0.8195
0.9454
0.8383
1.0500
1.4303
1.2212
0.9482
0.9481
1.5582
0.9141
1.0179
0.7360
0.8804
1.0177
0.9955
1.3979
0.9395
1.1025
1.0049
0.9176
1.1431
1.2691
1.4382
0.9888
0.7922
0.9376
0.8342
0.9157
0.9508
1.7172
1.4238
1.0397
0.9327
1.6054
1.3025
1.1335
1.4959
1.2225
0.8143
0.8728
1.1651
1.3327
1.2017
0.8989
0.8578
1.1207
0.8924
1.1738
0.9700
1.1644
0.7890
0.7043
1.1330
1.1492
1.0564
0.8157
1.2265
0.9951
1.2410
0.8733
1.0170
1.0545
1.2082
