1.1368
1.5765
1.8709
3.5407
4.2775
6.3001
6.2177
6.0012
6.1753
7.2747
7.5108
7.0051
8.0413
7.3421
8.4599
8.5482
8.7603
10.1835
8.7500
8.9507
10.3045
10.2629
8.8563
10.1419
10.6621
10.0132
10.7578
11.5823
9.3946
9.1774
10.1473
11.0844
10.1989
10.2046
12.5384
10.3837
11.3909
10.1340
10.2308
10.2784
10.6813
10.7202
12.9160
12.0120
13.2198
10.9460
12.1401
10.4380
12.4136
10.7511
10.0799
11.7567
14.6379
11.1949
10.3825
12.9362
13.2341
12.5339
14.3624
13.1774
11.8646
10.8598
14.1032
13.9202
12.2308
11.7890
13.1998
12.0679
12.7760
16.7967
13.0182
12.6657
12.7077
13.4370
11.4969
14.1675
16.4517
12.8322
14.1770
15.7905
12.8590
14.4980
13.2983
13.6190
13.9670
13.9413
15.2030
12.7736
14.4317
13.2709
14.4801
18.0373
14.4019
14.8552
14.2738
12.7015
14.6049
12.2840
14.9163
15.2867
