0.9319
1.2336
2.2620
2.3439
2.6849
3.1375
3.2360
2.8583
2.6759
2.7812
2.5696
2.3023
3.3576
2.4595
2.2390
3.5689
3.3756
2.2426
2.8784
2.4670
2.7912
3.0022
2.7821
2.8153
2.4458
3.4538
2.7374
2.3826
2.6094
2.2533
2.6223
3.4625
3.5305
2.6118
2.6990
2.9396
2.2271
2.8530
2.7618
3.5548
2.7020
2.4166
2.3309
2.6701
3.7474
2.2104
3.0618
3.1136
3.2126
2.3164
2.4561
2.7330
2.6526
2.7595
2.7250
2.8509
2.7210
2.7936
2.2484
2.6711
2.4347
2.5289
3.2858
2.2436
2.5521
3.5242
3.1123
2.1861
2.8277
3.8132
2.4705
2.4518
3.0157
2.3372
2.2109
3.1283
2.8848
2.6313
3.0892
3.2149
2.4188
2.9911
2.7139
2.5330
3.6869
1.8527
3.8342
2.9958
2.7903
2.7196
3.2480
2.8004
2.2397
3.0213
2.3255
2.4977
2.3235
2.3971
2.2967
2.5861
