2.277689
2.277689
2.277677
2.277677
2.278277
2.278277
2.274944
2.274944
2.273110
2.273110
2.275221
2.275221
2.272699
2.272699
2.275508
2.275508
2.269322
2.269322
2.273766
2.273766
2.268294
2.268294
2.269829
2.269829
2.268065
2.268065
2.269032
2.269032
2.265541
2.265541
2.263685
2.263685
2.262026
2.262026
2.261957
2.261957
2.263434
2.263434
2.258265
2.258265
2.257728
2.257728
2.251789
2.251789
2.256261
2.256261
2.255876
2.255876
2.252845
2.252845
2.251956
2.251956
2.247774
2.247774
2.249410
2.249410
2.244599
2.244599
2.242971
2.242971
2.240510
2.240510
2.240852
2.240852
2.244526
2.244526
2.237250
2.237250
2.234038
2.234038
2.236583
2.236583
2.232365
2.232365
2.232300
2.232300
2.231226
2.231226
2.222963
2.222963
2.226300
2.226300
2.223479
2.223479
2.220701
2.220701
2.222616
2.222616
2.219151
2.219151
2.218468
2.218468
2.216125
2.216125
2.212329
2.212329
2.211962
2.211962
2.206964
2.206964
2.205905
2.205905
2.203761
2.203761
2.202663
2.202663
2.200935
2.200935
2.204587
2.204587
2.200163
2.200163
2.194065
2.194065
2.186644
2.186644
2.196635
2.196635
2.186083
2.186083
2.184162
2.184162
2.188298
2.188298
2.177494
2.177494
2.181983
2.181983
2.171308
2.171308
2.173900
2.173900
2.167427
2.167427
2.167094
2.167094
2.166287
2.166287
2.159574
2.159574
2.153212
2.153212
2.163294
2.163294
2.148383
2.148383
2.145510
2.145510
2.140801
2.140801
2.139165
2.139165
2.141377
2.141377
2.129632
2.129632
2.124164
2.124164
2.118945
2.118945
2.120283
2.120283
2.116096
2.116096
2.102747
2.102747
2.104508
2.104508
2.095747
2.095747
2.091640
2.091640
2.083939
2.083939
2.080180
2.080180
2.081552
2.081552
2.074017
2.074017
2.068351
2.068351
2.057210
2.057210
2.061628
2.061628
2.044990
2.044990
2.040258
2.040258
2.033862
2.033862
2.030424
2.030424
2.031019
2.031019
2.017808
2.017808
2.018532
2.018532
2.005424
2.005424
1.999373
1.999373
1.997024
1.997024
2.000241
2.000241
1.991307
1.991307
1.983810
1.983810
1.976682
1.976682
1.973990
1.973990
1.964765
1.964765
1.964216
1.964216
1.976221
1.976221
1.952419
1.952419
1.947937
1.947937
1.935358
1.935358
1.934439
1.934439
1.934364
1.934364
1.929073
1.929073
1.931393
1.931393
1.934232
1.934232
1.915204
1.915204
1.912613
1.912613
1.918657
1.918657
1.923322
1.923322
1.905398
1.905398
1.896126
1.896126
1.898553
1.898553
1.901522
1.901522
1.900021
1.900021
1.887595
1.887595
1.896219
1.896219
1.895918
1.895918
1.881778
1.881778
1.881492
1.881492
1.886096
1.886096
1.875262
1.875262
1.879756
1.879756
1.875513
1.875513
1.871361
1.871361
1.871217
1.871217
1.869924
1.869924
1.861185
1.861185
1.860541
1.860541
1.875226
1.875226
1.855443
1.855443
1.869806
1.869806
1.856842
1.856842
1.855008
1.855008
1.855516
1.855516
1.844676
1.844676
1.870739
1.870739
1.858192
1.858192
1.865107
1.865107
1.836022
1.836022
1.842777
1.842777
1.843497
1.843497
1.846985
1.846985
1.837162
1.837162
1.836915
1.836915
1.838579
1.838579
1.856513
1.856513
1.836288
1.836288
1.836827
1.836827
1.845634
1.845634
1.833632
1.833632
1.834821
1.834821
1.836514
1.836514
1.839206
1.839206
1.829410
1.829410
1.842338
1.842338
1.815781
1.815781
1.841096
1.841096
1.835395
1.835395
1.817523
1.817523
1.826886
1.826886
1.821452
1.821452
1.830227
1.830227
1.830471
1.830471
1.823629
1.823629
1.823087
1.823087
1.814561
1.814561
1.816394
1.816394
1.822844
1.822844
1.823986
1.823986
1.825975
1.825975
1.816862
1.816862
1.828771
1.828771
1.817197
1.817197
1.813589
1.813589
1.813350
1.813350
1.820625
1.820625
1.802362
1.802362
1.817766
1.817766
1.818872
1.818872
1.814168
1.814168
1.830964
1.830964
1.828729
1.828729
1.821014
1.821014
1.806524
1.806524
1.814525
1.814525
1.801218
1.801218
1.817638
1.817638
1.807668
1.807668
1.808709
1.808709
1.819512
1.819512
1.811666
1.811666
1.817539
1.817539
1.815265
1.815265
1.804683
1.804683
1.805544
1.805544
1.814541
1.814541
1.818045
1.818045
1.794761
1.794761
1.815958
1.815958
1.806769
1.806769
1.813607
1.813607
1.807727
1.807727
1.805281
1.805281
1.806268
1.806268
1.810849
1.810849
1.809972
1.809972
1.807378
1.807378
1.806662
1.806662
1.810654
1.810654
1.803637
1.803637
1.801612
1.801612
1.804208
1.804208
1.802103
1.802103
1.790324
1.790324
1.815839
1.815839
1.808493
1.808493
1.809635
1.809635
1.788396
1.788396
1.807343
1.807343
1.798508
1.798508
1.807321
1.807321
1.787596
1.787596
1.811763
1.811763
1.795525
1.795525
1.818939
1.818939
1.784903
1.784903
1.798235
1.798235
1.794461
1.794461
1.793296
1.793296
1.802432
1.802432
1.801300
1.801300
1.809885
1.809885
1.789736
1.789736
1.792991
1.792991
1.799157
1.799157
1.786111
1.786111
1.796495
1.796495
1.798638
1.798638
1.795276
1.795276
1.790271
1.790271
1.786384
1.786384
1.799278
1.799278
1.788899
1.788899
1.798644
1.798644
1.786524
1.786524
1.781928
1.781928
1.786588
1.786588
1.785803
1.785803
1.784228
1.784228
1.805517
1.805517
1.782002
1.782002
1.787781
1.787781
1.782095
1.782095
1.784403
1.784403
1.801968
1.801968
1.777313
1.777313
1.774223
1.774223
1.802046
1.802046
1.785259
1.785259
1.782160
1.782160
1.780623
1.780623
1.779520
1.779520
1.785182
1.785182
1.773651
1.773651
1.792844
1.792844
1.784088
1.784088
1.779794
1.779794
1.796022
1.796022
1.781893
1.781893
1.786304
1.786304
1.760073
1.760073
1.786945
1.786945
1.782259
1.782259
1.775296
1.775296
1.785932
1.785932
1.765464
1.765464
1.780727
1.780727
1.769833
1.769833
1.777502
1.777502
1.790534
1.790534
1.769018
1.769018
1.753857
1.753857
1.781985
1.781985
1.792851
1.792851
1.772797
1.772797
1.777301
1.777301
1.779462
1.779462
1.772785
1.772785
1.773416
1.773416
1.767786
1.767786
1.775878
1.775878
1.760339
1.760339
1.775943
1.775943
1.772344
1.772344
1.780705
1.780705
1.770598
1.770598
1.769653
1.769653
1.772762
1.772762
1.767643
1.767643
1.768925
1.768925
1.772262
1.772262
1.766936
1.766936
1.775537
1.775537
1.773512
1.773512
1.750783
1.750783
1.776027
1.776027
1.757512
1.757512
1.763871
1.763871
1.761602
1.761602
1.782192
1.782192
1.768833
1.768833
1.756817
1.756817
1.775638
1.775638
1.765264
1.765264
1.761378
1.761378
1.767039
1.767039
1.773655
1.773655
1.757476
1.757476
1.762277
1.762277
1.764036
1.764036
1.760713
1.760713
1.763538
1.763538
1.740355
1.740355
1.768776
1.768776
1.765577
1.765577
1.774018
1.774018
1.764589
1.764589
1.760695
1.760695
1.756424
1.756424
1.761194
1.761194
1.761621
1.761621
1.749075
1.749075
1.754158
1.754158
1.762019
1.762019
1.766964
1.766964
1.766098
1.766098
1.755803
1.755803
1.756373
1.756373
1.753228
1.753228
1.766281
1.766281
1.759277
1.759277
1.754890
1.754890
1.753082
1.753082
1.746877
1.746877
1.765699
1.765699
1.764177
1.764177
1.756128
1.756128
1.764492
1.764492
1.750083
1.750083
1.746377
1.746377
1.760336
1.760336
1.753728
1.753728
1.758808
1.758808
1.758374
1.758374
1.744231
1.744231
1.754803
1.754803
1.757936
1.757936
1.757075
1.757075
1.749313
1.749313
1.747288
1.747288
1.752010
1.752010
1.751765
1.751765
1.758110
1.758110
1.750202
1.750202
1.737794
1.737794
1.760614
1.760614
1.745160
1.745160
1.749010
1.749010
1.758801
1.758801
1.747395
1.747395
1.751299
1.751299
1.750990
1.750990
1.733427
1.733427
1.758363
1.758363
1.746382
1.746382
1.757597
1.757597
1.754404
1.754404
1.756076
1.756076
1.731488
1.731488
1.754416
1.754416
1.743130
1.743130
1.747957
1.747957
1.753191
1.753191
1.752353
1.752353
1.732137
1.732137
1.748694
1.748694
1.764977
1.764977
1.732841
1.732841
1.752223
1.752223
1.744327
1.744327
1.733664
1.733664
1.740490
1.740490
1.746243
1.746243
1.732916
1.732916
1.752924
1.752924
1.751829
1.751829
1.748833
1.748833
1.741143
1.741143
1.727477
1.727477
1.764129
1.764129
1.736017
1.736017
1.750143
1.750143
1.736589
1.736589
1.749746
1.749746
1.750248
1.750248
1.724002
1.724002
1.736901
1.736901
1.746201
1.746201
1.738718
1.738718
1.742900
1.742900
1.741751
1.741751
1.737009
1.737009
1.756909
1.756909
1.749425
1.749425
1.738242
1.738242
1.717400
1.717400
1.729428
1.729428
1.743100
1.743100
1.745059
1.745059
1.743866
1.743866
1.734016
1.734016
1.728664
1.728664
1.732362
1.732362
1.747715
1.747715
1.750001
1.750001
1.732204
1.732204
1.737078
1.737078
1.733548
1.733548
1.741872
1.741872
1.741494
1.741494
1.733007
1.733007
1.743072
1.743072
1.744304
1.744304
1.735569
1.735569
1.733906
1.733906
1.725426
1.725426
1.733004
1.733004
1.730649
1.730649
1.750449
1.750449
1.733454
1.733454
1.731677
1.731677
1.726473
1.726473
1.741986
1.741986
1.738793
1.738793
1.724676
1.724676
1.745288
1.745288
1.723075
1.723075
1.744741
1.744741
1.738486
1.738486
1.730274
1.730274
1.736760
1.736760
1.727774
1.727774
1.736852
1.736852
1.735631
1.735631
1.730245
1.730245
1.739724
1.739724
1.738183
1.738183
1.731723
1.731723
1.722425
1.722425
1.738216
1.738216
1.734973
1.734973
1.726762
1.726762
1.753439
1.753439
1.730288
1.730288
1.714529
1.714529
1.736260
1.736260
1.741666
1.741666
1.719831
1.719831
1.745308
1.745308
1.728519
1.728519
1.721117
1.721117
1.735723
1.735723
1.735656
1.735656
1.735348
1.735348
1.706992
1.706992
1.741338
1.741338
1.729697
1.729697
1.724347
1.724347
1.740381
1.740381
1.744607
1.744607
1.709622
1.709622
1.738099
1.738099
1.728433
1.728433
1.725273
1.725273
1.727469
1.727469
1.727033
1.727033
1.718564
1.718564
1.729743
1.729743
1.737590
1.737590
1.733670
1.733670
1.722125
1.722125
1.734485
1.734485
1.742983
1.742983
1.724997
1.724997
1.709823
1.709823
1.725541
1.725541
1.733944
1.733944
1.720146
1.720146
1.726647
1.726647
1.723589
1.723589
1.730796
1.730796
1.707380
1.707380
1.731609
1.731609
1.731485
1.731485
1.739980
1.739980
1.720878
1.720878
1.734780
1.734780
1.730767
1.730767
1.728032
1.728032
1.717325
1.717325
1.716558
1.716558
1.738815
1.738815
1.730202
1.730202
1.716301
1.716301
1.712359
1.712359
1.727049
1.727049
1.731967
1.731967
1.725822
1.725822
1.729546
1.729546
1.707229
1.707229
1.726800
1.726800
1.730147
1.730147
1.725882
1.725882
1.720661
1.720661
1.718443
1.718443
1.723262
1.723262
1.719901
1.719901
1.735243
1.735243
1.728322
1.728322
1.707670
1.707670
1.725066
1.725066
1.716432
1.716432
1.717302
1.717302
1.732637
1.732637
1.720072
1.720072
1.727654
1.727654
1.737763
1.737763
1.728461
1.728461
1.706815
1.706815
1.720821
1.720821
1.716570
1.716570
1.718134
1.718134
1.720040
1.720040
1.724775
1.724775
1.739483
1.739483
1.704022
1.704022
1.724287
1.724287
1.730501
1.730501
1.711814
1.711814
1.721165
1.721165
1.716583
1.716583
1.727178
1.727178
1.713144
1.713144
1.718657
1.718657
1.726667
1.726667
1.715675
1.715675
1.724705
1.724705
1.719980
1.719980
1.707250
1.707250
1.726255
1.726255
1.720429
1.720429
1.726560
1.726560
1.714603
1.714603
1.723400
1.723400
1.728897
1.728897
1.700174
1.700174
1.714428
1.714428
1.735057
1.735057
1.723978
1.723978
1.709924
1.709924
1.707803
1.707803
1.710487
1.710487
1.700740
1.700740
1.718495
1.718495
1.739082
1.739082
1.720443
1.720443
1.727481
1.727481
1.713394
1.713394
1.704117
1.704117
1.721972
1.721972
1.719235
1.719235
1.719532
1.719532
1.713094
1.713094
1.717270
1.717270
1.716695
1.716695
1.716577
1.716577
1.708024
1.708024
1.705979
1.705979
1.724838
1.724838
1.720921
1.720921
1.720378
1.720378
1.715614
1.715614
1.708610
1.708610
1.718909
1.718909
1.717178
1.717178
1.716292
1.716292
1.694644
1.694644
1.710911
1.710911
1.717108
1.717108
1.720724
1.720724
1.731711
1.731711
1.714728
1.714728
1.706146
1.706146
1.713124
1.713124
1.713306
1.713306
1.723881
1.723881
1.700048
1.700048
1.710888
1.710888
1.723631
1.723631
1.720854
1.720854
1.711295
1.711295
1.717192
1.717192
1.707003
1.707003
1.709780
1.709780
1.712127
1.712127
1.718235
1.718235
1.717936
1.717936
1.719663
1.719663
1.710908
1.710908
1.705553
1.705553
1.706261
1.706261
1.702019
1.702019
1.726784
1.726784
1.707757
1.707757
1.709979
1.709979
1.711945
1.711945
1.696829
1.696829
1.712276
1.712276
1.724060
1.724060
1.707931
1.707931
1.715444
1.715444
1.697756
1.697756
1.706827
1.706827
1.736114
1.736114
1.709349
1.709349
1.703507
1.703507
1.699223
1.699223
1.716956
1.716956
1.716565
1.716565
1.711054
1.711054
1.707922
1.707922
1.697188
1.697188
1.700747
1.700747
1.710831
1.710831
1.713261
1.713261
1.729501
1.729501
1.704199
1.704199
1.704731
1.704731
1.709635
1.709635
1.718006
1.718006
1.711469
1.711469
1.715163
1.715163
1.707863
1.707863
1.707081
1.707081
1.699125
1.699125
1.717083
1.717083
1.706669
1.706669
1.718048
1.718048
1.711412
1.711412
1.709727
1.709727
1.696554
1.696554
1.713750
1.713750
1.692930
1.692930
1.717498
1.717498
1.705885
1.705885
1.711442
1.711442
1.709442
1.709442
1.712144
1.712144
1.704044
1.704044
1.696214
1.696214
1.717303
1.717303
1.711997
1.711997
1.703294
1.703294
1.704769
1.704769
1.723387
1.723387
1.690941
1.690941
1.710255
1.710255
1.713501
1.713501
1.690229
1.690229
1.712443
1.712443
1.707115
1.707115
1.705217
1.705217
1.691921
1.691921
1.711621
1.711621
1.713414
1.713414
1.709769
1.709769
1.699086
1.699086
1.700244
1.700244
1.708699
1.708699
1.707018
1.707018
1.715800
1.715800
1.704555
1.704555
1.708441
1.708441
1.693840
1.693840
1.702250
1.702250
1.720277
1.720277
1.712322
1.712322
1.697170
1.697170
1.708191
1.708191
1.692677
1.692677
1.716573
1.716573
1.710871
1.710871
1.697928
1.697928
1.713023
1.713023
1.701401
1.701401
1.699843
1.699843
1.711665
1.711665
1.701116
1.701116
1.701704
1.701704
1.700552
1.700552
1.705980
1.705980
1.712851
1.712851
1.707316
1.707316
1.678432
1.678432
1.702433
1.702433
1.718615
1.718615
1.706741
1.706741
1.705781
1.705781
1.698006
1.698006
1.695726
1.695726
1.710515
1.710515
1.695036
1.695036
1.720138
1.720138
1.694933
1.694933
1.694856
1.694856
1.709780
1.709780
1.693275
1.693275
1.696207
1.696207
1.708618
1.708618
1.696475
1.696475
1.719175
1.719175
1.706517
1.706517
1.703678
1.703678
1.701276
1.701276
1.696189
1.696189
1.703079
1.703079
1.688297
1.688297
1.710792
1.710792
1.703017
1.703017
1.700529
1.700529
1.706378
1.706378
1.702455
1.702455
1.699630
1.699630
1.697152
1.697152
1.702877
1.702877
1.704748
1.704748
1.712012
1.712012
1.673401
1.673401
1.701569
1.701569
1.709098
1.709098
1.709245
1.709245
1.698486
1.698486
1.688405
1.688405
1.714328
1.714328
1.689038
1.689038
1.713119
1.713119
1.706085
1.706085
1.679131
1.679131
1.722980
1.722980
1.683787
1.683787
1.709146
1.709146
1.709119
1.709119
1.708869
1.708869
1.692582
1.692582
1.699798
1.699798
1.687598
1.687598
1.686704
1.686704
1.703024
1.703024
1.713312
1.713312
1.696977
1.696977
1.697544
1.697544
1.698323
1.698323
1.692957
1.692957
1.718923
1.718923
1.689951
1.689951
1.696096
1.696096
1.695639
1.695639
1.708660
1.708660
1.692088
1.692088
1.704053
1.704053
1.694502
1.694502
1.692583
1.692583
1.695780
1.695780
1.702644
1.702644
1.700750
1.700750
1.702426
1.702426
1.689407
1.689407
1.686602
1.686602
1.708500
1.708500
1.714113
1.714113
1.693286
1.693286
1.691050
1.691050
1.692628
1.692628
1.698471
1.698471
1.701169
1.701169
1.707989
1.707989
1.701643
1.701643
1.695858
1.695858
1.704388
1.704388
1.689784
1.689784
1.696862
1.696862
1.695995
1.695995
1.702391
1.702391
1.713720
1.713720
1.680977
1.680977
1.693474
1.693474
1.689362
1.689362
1.690899
1.690899
1.679354
1.679354
1.704926
1.704926
1.722647
1.722647
1.702191
1.702191
1.702242
1.702242
1.684413
1.684413
1.697325
1.697325
1.696765
1.696765
1.698008
1.698008
1.692700
1.692700
1.688816
1.688816
1.702240
1.702240
1.699183
1.699183
1.696147
1.696147
1.692032
1.692032
1.709960
1.709960
1.695366
1.695366
1.684439
1.684439
1.693273
1.693273
1.698428
1.698428
1.684822
1.684822
1.697815
1.697815
1.703607
1.703607
1.688139
1.688139
1.685154
1.685154
1.701889
1.701889
1.706951
1.706951
1.693494
1.693494
1.684383
1.684383
1.694633
1.694633
1.691443
1.691443
1.702183
1.702183
1.703502
1.703502
1.692735
1.692735
1.686008
1.686008
1.709291
1.709291
1.707885
1.707885
1.680488
1.680488
1.682948
1.682948
1.686157
1.686157
1.693442
1.693442
1.700775
1.700775
1.717061
1.717061
1.693320
1.693320
1.705062
1.705062
1.692673
1.692673
1.692655
1.692655
1.694309
1.694309
1.683227
1.683227
1.698069
1.698069
1.698882
1.698882
1.706061
1.706061
1.689971
1.689971
1.683983
1.683983
1.703945
1.703945
1.696860
1.696860
1.693957
1.693957
1.695985
1.695985
1.689685
1.689685
1.680961
1.680961
1.698004
1.698004
1.706219
1.706219
1.698013
1.698013
1.693891
1.693891
1.699289
1.699289
1.693993
1.693993
1.695776
1.695776
1.687034
1.687034
1.697584
1.697584
1.689611
1.689611
1.675772
1.675772
1.701006
1.701006
1.706027
1.706027
1.692113
1.692113
1.705982
1.705982
1.681513
1.681513
1.685696
1.685696
1.702496
1.702496
1.705039
1.705039
1.686715
1.686715
1.685683
1.685683
1.695214
1.695214
1.692446
1.692446
1.694528
1.694528
1.680929
1.680929
1.695003
1.695003
1.700753
1.700753
1.692271
1.692271
1.699766
1.699766
1.679025
1.679025
1.693922
1.693922
1.686312
1.686312
1.704165
1.704165
1.676496
1.676496
1.693159
1.693159
1.687842
1.687842
1.697527
1.697527
1.707744
1.707744
1.681363
1.681363
1.699489
1.699489
1.684811
1.684811
1.700168
1.700168
1.694328
1.694328
1.688014
1.688014
1.694050
1.694050
1.674804
1.674804
1.705689
1.705689
1.696192
1.696192
1.674159
1.674159
1.704725
1.704725
1.691571
1.691571
1.697383
1.697383
1.688905
1.688905
1.687283
1.687283
1.700496
1.700496
1.681330
1.681330
1.697332
1.697332
1.688369
1.688369
1.690820
1.690820
1.700365
1.700365
1.694626
1.694626
1.679041
1.679041
1.687953
1.687953
1.692896
1.692896
1.692159
1.692159
1.703562
1.703562
1.676815
1.676815
1.685637
1.685637
1.689533
1.689533
1.695918
1.695918
1.691332
1.691332
1.683832
1.683832
1.689063
1.689063
1.694141
1.694141
1.685771
1.685771
1.685524
1.685524
1.692815
1.692815
1.689714
1.689714
1.676700
1.676700
1.684257
1.684257
1.686096
1.686096
1.702196
1.702196
1.697755
1.697755
1.694640
1.694640
1.691940
1.691940
1.688471
1.688471
1.677683
1.677683
1.691891
1.691891
1.687494
1.687494
1.679685
1.679685
1.692998
1.692998
1.685652
1.685652
1.697375
1.697375
1.684061
1.684061
1.686960
1.686960
1.684259
1.684259
1.686103
1.686103
1.700925
1.700925
1.688123
1.688123
1.679398
1.679398
1.700602
1.700602
1.691285
1.691285
1.680399
1.680399
1.683859
1.683859
1.694594
1.694594
1.698509
1.698509
1.675210
1.675210
1.687461
1.687461
1.683745
1.683745
1.689322
1.689322
1.683374
1.683374
1.704445
1.704445
1.677171
1.677171
1.702075
1.702075
1.676467
1.676467
1.687528
1.687528
1.686200
1.686200
1.685495
1.685495
1.691273
1.691273
1.698274
1.698274
1.680340
1.680340
1.679259
1.679259
1.687953
1.687953
1.672253
1.672253
1.688925
1.688925
1.688871
1.688871
1.692657
1.692657
1.693931
1.693931
1.690216
1.690216
1.694492
1.694492
1.692088
1.692088
1.683280
1.683280
1.673586
1.673586
1.671266
1.671266
1.701878
1.701878
1.692856
1.692856
1.686480
1.686480
1.680674
1.680674
1.694085
1.694085
1.674282
1.674282
1.687165
1.687165
1.693259
1.693259
1.683956
1.683956
1.687656
1.687656
1.697026
1.697026
1.658692
1.658692
1.700052
1.700052
1.688581
1.688581
1.681681
1.681681
1.684965
1.684965
1.696328
1.696328
1.686597
1.686597
1.680145
1.680145
1.683414
1.683414
1.693801
1.693801
1.690119
1.690119
1.663721
1.663721
1.698509
1.698509
1.683894
1.683894
1.681886
1.681886
1.669315
1.669315
1.700982
1.700982
1.691160
1.691160
1.671155
1.671155
1.679297
1.679297
1.670289
1.670289
1.698639
1.698639
1.707775
1.707775
1.674228
1.674228
1.689616
1.689616
1.689910
1.689910
1.685030
1.685030
1.685136
1.685136
1.690750
1.690750
1.685417
1.685417
1.674678
1.674678
1.684749
1.684749
1.687245
1.687245
1.683280
1.683280
1.684483
1.684483
1.684859
1.684859
1.686536
1.686536
1.682069
1.682069
1.679860
1.679860
1.701286
1.701286
1.682761
1.682761
1.671986
1.671986
1.684249
1.684249
1.675644
1.675644
1.680449
1.680449
1.684533
1.684533
1.684796
1.684796
1.694639
1.694639
1.692302
1.692302
1.690090
1.690090
1.666059
1.666059
1.676531
1.676531
1.694028
1.694028
1.668428
1.668428
1.692985
1.692985
1.693972
1.693972
1.684629
1.684629
1.676607
1.676607
1.670353
1.670353
1.675269
1.675269
1.694322
1.694322
1.701887
1.701887
1.673740
1.673740
1.677507
1.677507
1.693281
1.693281
1.697082
1.697082
1.669164
1.669164
1.677775
1.677775
1.689393
1.689393
1.672912
1.672912
1.684023
1.684023
1.683770
1.683770
1.684151
1.684151
1.690531
1.690531
1.669743
1.669743
1.684660
1.684660
1.683505
1.683505
1.685533
1.685533
1.683747
1.683747
1.690878
1.690878
1.681805
1.681805
1.679686
1.679686
1.676291
1.676291
1.686318
1.686318
1.673450
1.673450
1.682247
1.682247
1.685681
1.685681
1.684270
1.684270
1.678721
1.678721
1.674400
1.674400
1.685677
1.685677
1.694173
1.694173
1.677200
1.677200
1.686713
1.686713
1.683716
1.683716
1.682274
1.682274
1.678198
1.678198
1.678467
1.678467
1.662851
1.662851
1.683447
1.683447
1.692925
1.692925
1.687831
1.687831
1.682718
1.682718
1.662970
1.662970
1.691166
1.691166
1.684866
1.684866
1.696091
1.696091
1.673554
1.673554
1.684929
1.684929
1.676594
1.676594
1.675955
1.675955
1.689397
1.689397
1.681866
1.681866
1.674565
1.674565
1.683140
1.683140
1.680674
1.680674
1.677695
1.677695
1.692820
1.692820
1.682327
1.682327
1.671794
1.671794
1.687333
1.687333
1.680699
1.680699
1.685002
1.685002
1.673878
1.673878
1.688395
1.688395
1.681813
1.681813
1.676514
1.676514
1.685339
1.685339
1.677363
1.677363
1.691898
1.691898
1.704957
1.704957
1.661768
1.661768
1.667500
1.667500
1.675923
1.675923
1.690437
1.690437
1.684212
1.684212
1.682413
1.682413
1.669558
1.669558
1.668401
1.668401
1.694423
1.694423
1.677941
1.677941
1.685762
1.685762
1.675628
1.675628
1.672767
1.672767
1.674974
1.674974
1.687818
1.687818
1.688272
1.688272
1.677447
1.677447
1.677115
1.677115
1.685772
1.685772
1.671645
1.671645
1.685078
1.685078
1.680759
1.680759
1.680115
1.680115
1.681180
1.681180
1.678983
1.678983
1.676649
1.676649
1.682865
1.682865
1.682914
1.682914
1.667587
1.667587
1.676725
1.676725
1.686379
1.686379
1.686448
1.686448
1.684119
1.684119
1.677919
1.677919
1.673839
1.673839
1.678232
1.678232
1.685387
1.685387
1.663461
1.663461
1.684033
1.684033
1.668265
1.668265
1.700894
1.700894
1.681732
1.681732
1.664121
1.664121
1.678927
1.678927
1.695433
1.695433
1.671742
1.671742
1.687668
1.687668
1.690066
1.690066
1.673498
1.673498
1.662317
1.662317
1.696223
1.696223
1.673376
1.673376
1.673030
1.673030
1.676650
1.676650
1.670128
1.670128
1.682088
1.682088
1.694052
1.694052
1.680631
1.680631
1.669309
1.669309
1.678460
1.678460
1.679474
1.679474
1.685957
1.685957
1.678713
1.678713
1.677884
1.677884
1.677595
1.677595
1.677245
1.677245
1.680646
1.680646
1.693119
1.693119
1.676658
1.676658
1.683030
1.683030
1.661799
1.661799
1.675958
1.675958
1.673091
1.673091
1.685200
1.685200
1.678932
1.678932
1.676154
1.676154
1.676141
1.676141
1.669102
1.669102
1.675250
1.675250
1.670575
1.670575
1.676154
1.676154
1.699718
1.699718
1.678701
1.678701
1.668691
1.668691
1.679064
1.679064
1.672672
1.672672
1.690122
1.690122
1.674881
1.674881
1.679780
1.679780
1.674430
1.674430
1.674235
1.674235
1.684448
1.684448
1.680664
1.680664
1.677315
1.677315
1.678877
1.678877
1.680293
1.680293
1.668358
1.668358
1.681009
1.681009
1.662429
1.662429
1.694673
1.694673
1.667750
1.667750
1.679362
1.679362
1.679991
1.679991
1.690795
1.690795
1.661017
1.661017
1.675985
1.675985
1.675970
1.675970
1.680319
1.680319
1.671093
1.671093
1.671949
1.671949
1.681831
1.681831
1.677589
1.677589
1.671752
1.671752
1.687302
1.687302
1.676846
1.676846
1.670563
1.670563
1.675126
1.675126
1.681218
1.681218
1.673637
1.673637
1.680327
1.680327
1.690210
1.690210
1.653439
1.653439
1.677784
1.677784
1.691540
1.691540
1.664750
1.664750
1.686109
1.686109
1.658104
1.658104
1.676624
1.676624
1.670581
1.670581
1.673006
1.673006
1.674465
1.674465
1.685187
1.685187
1.665665
1.665665
1.681536
1.681536
1.684948
1.684948
1.680262
1.680262
1.665076
1.665076
1.676518
1.676518
1.653298
1.653298
1.688954
1.688954
1.679257
1.679257
1.680063
1.680063
1.684107
1.684107
1.671278
1.671278
1.661521
1.661521
1.679582
1.679582
1.680831
1.680831
1.670053
1.670053
1.684152
1.684152
1.680193
1.680193
1.670117
1.670117
1.671130
1.671130
1.659021
1.659021
1.680417
1.680417
1.684209
1.684209
1.677674
1.677674
1.674503
1.674503
1.658625
1.658625
1.680955
1.680955
1.666395
1.666395
1.689011
1.689011
1.681029
1.681029
1.678250
1.678250
1.678430
1.678430
1.667742
1.667742
1.681745
1.681745
1.668251
1.668251
1.672705
1.672705
1.666644
1.666644
1.689947
1.689947
1.669220
1.669220
1.675962
1.675962
1.675451
1.675451
1.672194
1.672194
1.674972
1.674972
1.670689
1.670689
1.680920
1.680920
1.688977
1.688977
1.671271
1.671271
1.671686
1.671686
1.664269
1.664269
1.676743
1.676743
1.682113
1.682113
1.680541
1.680541
1.671771
1.671771
1.680762
1.680762
1.654987
1.654987
1.663271
1.663271
1.686097
1.686097
1.675549
1.675549
1.670666
1.670666
1.675405
1.675405
1.674537
1.674537
1.680406
1.680406
1.671995
1.671995
1.672139
1.672139
1.670547
1.670547
1.680091
1.680091
1.671185
1.671185
1.672634
1.672634
1.669079
1.669079
1.676155
1.676155
1.681581
1.681581
1.666723
1.666723
1.691284
1.691284
1.669617
1.669617
1.657403
1.657403
1.684630
1.684630
1.677809
1.677809
1.662473
1.662473
1.659822
1.659822
1.683190
1.683190
1.675478
1.675478
1.670079
1.670079
1.674717
1.674717
1.685305
1.685305
1.659601
1.659601
1.672509
1.672509
1.665452
1.665452
1.677830
1.677830
1.668530
1.668530
1.682136
1.682136
1.676638
1.676638
1.673734
1.673734
1.678541
1.678541
1.652689
1.652689
1.684343
1.684343
1.652580
1.652580
1.666530
1.666530
1.683809
1.683809
1.689501
1.689501
1.671667
1.671667
1.662588
1.662588
1.664277
1.664277
1.676912
1.676912
1.680530
1.680530
1.679518
1.679518
1.676029
1.676029
1.681432
1.681432
1.664940
1.664940
1.674191
1.674191
1.664855
1.664855
1.653997
1.653997
1.675585
1.675585
1.665866
1.665866
1.664690
1.664690
1.703564
1.703564
1.678124
1.678124
1.663469
1.663469
1.669917
1.669917
1.672437
1.672437
1.676754
1.676754
1.680688
1.680688
1.664495
1.664495
1.666026
1.666026
1.670997
1.670997
1.678121
1.678121
1.673901
1.673901
1.673150
1.673150
1.661863
1.661863
1.667926
1.667926
1.683538
1.683538
1.674456
1.674456
1.676060
1.676060
1.673929
1.673929
1.672587
1.672587
1.660718
1.660718
1.674203
1.674203
1.679547
1.679547
1.654716
1.654716
1.677805
1.677805
1.671458
1.671458
1.670217
1.670217
1.664188
1.664188
1.666187
1.666187
1.685481
1.685481
1.670967
1.670967
1.664199
1.664199
1.675459
1.675459
1.683336
1.683336
1.657586
1.657586
1.676124
1.676124
1.659697
1.659697
1.671333
1.671333
1.675491
1.675491
1.678659
1.678659
1.670340
1.670340
1.678267
1.678267
1.671714
1.671714
1.656460
1.656460
1.675573
1.675573
1.673731
1.673731
1.670854
1.670854
1.678333
1.678333
1.675864
1.675864
1.655227
1.655227
1.675960
1.675960
1.664247
1.664247
1.661443
1.661443
1.677893
1.677893
1.677190
1.677190
1.675413
1.675413
1.670101
1.670101
1.669036
1.669036
1.663856
1.663856
1.677763
1.677763
1.675294
1.675294
1.669223
1.669223
1.674706
1.674706
1.672571
1.672571
1.670021
1.670021
1.668972
1.668972
1.676406
1.676406
1.678593
1.678593
1.669240
1.669240
1.677490
1.677490
1.651944
1.651944
1.675880
1.675880
1.652100
1.652100
1.670735
1.670735
1.682589
1.682589
1.673561
1.673561
1.665329
1.665329
1.663987
1.663987
1.673626
1.673626
1.677974
1.677974
1.672871
1.672871
1.668221
1.668221
1.661031
1.661031
1.689780
1.689780
1.670361
1.670361
1.662485
1.662485
1.666881
1.666881
1.678215
1.678215
1.669286
1.669286
1.664318
1.664318
1.673141
1.673141
1.673609
1.673609
1.678876
1.678876
1.664141
1.664141
1.676379
1.676379
1.656371
1.656371
1.670272
1.670272
1.663327
1.663327
1.669233
1.669233
1.686760
1.686760
1.658981
1.658981
1.669057
1.669057
1.668293
1.668293
1.667516
1.667516
1.670554
1.670554
1.673470
1.673470
1.654374
1.654374
1.680499
1.680499
1.670961
1.670961
1.675553
1.675553
1.666065
1.666065
1.667809
1.667809
1.660361
1.660361
1.677109
1.677109
1.675611
1.675611
1.665842
1.665842
1.676950
1.676950
1.673960
1.673960
1.662475
1.662475
1.660177
1.660177
1.673323
1.673323
1.673950
1.673950
1.660473
1.660473
1.683755
1.683755
1.662908
1.662908
1.664386
1.664386
1.656638
1.656638
1.690924
1.690924
1.664449
1.664449
1.675223
1.675223
1.656834
1.656834
1.679959
1.679959
1.673535
1.673535
1.663320
1.663320
1.660406
1.660406
1.666949
1.666949
1.672710
1.672710
1.659154
1.659154
1.670265
1.670265
1.665998
1.665998
1.676025
1.676025
1.670632
1.670632
1.675740
1.675740
1.668391
1.668391
1.659969
1.659969
1.667827
1.667827
1.677909
1.677909
1.665553
1.665553
1.662744
1.662744
1.656368
1.656368
1.680489
1.680489
1.672151
1.672151
1.665168
1.665168
1.670747
1.670747
1.675713
1.675713
1.656904
1.656904
1.670313
1.670313
1.661472
1.661472
1.670977
1.670977
1.675279
1.675279
1.662672
1.662672
1.671653
1.671653
1.657905
1.657905
1.666776
1.666776
1.683453
1.683453
1.660188
1.660188
1.673851
1.673851
1.666335
1.666335
1.656948
1.656948
1.676770
1.676770
1.666052
1.666052
1.672478
1.672478
1.682504
1.682504
1.669680
1.669680
1.661718
1.661718
1.651718
1.651718
1.666586
1.666586
1.670062
1.670062
1.662965
1.662965
1.669468
1.669468
1.669710
1.669710
1.674215
1.674215
1.652315
1.652315
1.669521
1.669521
1.680871
1.680871
1.660330
1.660330
1.660378
1.660378
1.668536
1.668536
1.674896
1.674896
1.673018
1.673018
1.659723
1.659723
1.668776
1.668776
1.659335
1.659335
1.663645
1.663645
1.663783
1.663783
1.682320
1.682320
1.673579
1.673579
1.671228
1.671228
1.660353
1.660353
1.658392
1.658392
1.672940
1.672940
1.669804
1.669804
1.669762
1.669762
1.666972
1.666972
1.665846
1.665846
1.662611
1.662611
1.672085
1.672085
1.657289
1.657289
1.670348
1.670348
1.663310
1.663310
1.672281
1.672281
1.653431
1.653431
1.670043
1.670043
1.658995
1.658995
1.667976
1.667976
1.685701
1.685701
1.666240
1.666240
1.663681
1.663681
1.662933
1.662933
1.667771
1.667771
1.674194
1.674194
1.666642
1.666642
1.664351
1.664351
1.655931
1.655931
1.680404
1.680404
1.666450
1.666450
1.670172
1.670172
1.668737
1.668737
1.661667
1.661667
1.660025
1.660025
1.673118
1.673118
1.659996
1.659996
1.670028
1.670028
1.655709
1.655709
1.671557
1.671557
1.675984
1.675984
1.665006
1.665006
1.659686
1.659686
1.677613
1.677613
1.677723
1.677723
1.650352
1.650352
1.673620
1.673620
1.664982
1.664982
1.657407
1.657407
1.670768
1.670768
1.663969
1.663969
1.663866
1.663866
1.676297
1.676297
1.668659
1.668659
1.664127
1.664127
1.656350
1.656350
1.666048
1.666048
1.666042
1.666042
1.685012
1.685012
1.655588
1.655588
1.656124
1.656124
1.641936
1.641936
1.671926
1.671926
1.670591
1.670591
1.674971
1.674971
1.670277
1.670277
1.663403
1.663403
1.671566
1.671566
1.663610
1.663610
1.667150
1.667150
1.662801
1.662801
1.657892
1.657892
1.679241
1.679241
1.658660
1.658660
1.662063
1.662063
1.670765
1.670765
1.675561
1.675561
1.677046
1.677046
1.670070
1.670070
1.644887
1.644887
1.659680
1.659680
1.657073
1.657073
1.672117
1.672117
1.673839
1.673839
1.653226
1.653226
1.671549
1.671549
1.665680
1.665680
1.674237
1.674237
1.671987
1.671987
1.663082
1.663082
1.650514
1.650514
1.669666
1.669666
1.651947
1.651947
1.672793
1.672793
1.675603
1.675603
1.655156
1.655156
1.678097
1.678097
1.669926
1.669926
1.663363
1.663363
1.667012
1.667012
1.645011
1.645011
1.666620
1.666620
1.661565
1.661565
1.670555
1.670555
1.652405
1.652405
1.674147
1.674147
1.644278
1.644278
1.685543
1.685543
1.666301
1.666301
1.657292
1.657292
1.670819
1.670819
1.656776
1.656776
1.671180
1.671180
1.667376
1.667376
1.665096
1.665096
1.662678
1.662678
1.672492
1.672492
1.646636
1.646636
1.669550
1.669550
1.668852
1.668852
1.665654
1.665654
1.667127
1.667127
1.660022
1.660022
1.656293
1.656293
1.667049
1.667049
1.673002
1.673002
1.658600
1.658600
1.652361
1.652361
1.667699
1.667699
1.666504
1.666504
1.678562
1.678562
1.663617
1.663617
1.647715
1.647715
1.671715
1.671715
1.671445
1.671445
1.667967
1.667967
1.657296
1.657296
1.666798
1.666798
1.665004
1.665004
1.664826
1.664826
1.668113
1.668113
1.649237
1.649237
1.682726
1.682726
1.660998
1.660998
1.662853
1.662853
1.665622
1.665622
1.656563
1.656563
1.666021
1.666021
1.666355
1.666355
1.671104
1.671104
1.660833
1.660833
1.672082
1.672082
1.646887
1.646887
1.677408
1.677408
1.660042
1.660042
1.664540
1.664540
1.649948
1.649948
1.678223
1.678223
1.672593
1.672593
1.662572
1.662572
1.656796
1.656796
1.669226
1.669226
1.670867
1.670867
1.667419
1.667419
1.650519
1.650519
1.662204
1.662204
1.654583
1.654583
1.669997
1.669997
1.659000
1.659000
1.666194
1.666194
1.670624
1.670624
1.661282
1.661282
1.673432
1.673432
1.666580
1.666580
1.650099
1.650099
1.668232
1.668232
1.675958
1.675958
1.673800
1.673800
1.674056
1.674056
1.654269
1.654269
1.638288
1.638288
1.664209
1.664209
1.672168
1.672168
1.666427
1.666427
1.659760
1.659760
1.654584
1.654584
1.662117
1.662117
1.666982
1.666982
1.661466
1.661466
1.660313
1.660313
1.666946
1.666946
1.667540
1.667540
1.654490
1.654490
1.654963
1.654963
1.669879
1.669879
1.670854
1.670854
1.667986
1.667986
1.675661
1.675661
1.666054
1.666054
1.649548
1.649548
1.657492
1.657492
1.646870
1.646870
1.666455
1.666455
1.664878
1.664878
1.663705
1.663705
1.676630
1.676630
1.652256
1.652256
1.658250
1.658250
1.681514
1.681514
1.661931
1.661931
1.663533
1.663533
1.665399
1.665399
1.670501
1.670501
1.665175
1.665175
1.660631
1.660631
1.654675
1.654675
1.664064
1.664064
1.664499
1.664499
1.662943
1.662943
1.667001
1.667001
1.657717
1.657717
1.658035
1.658035
1.662862
1.662862
1.653677
1.653677
1.662759
1.662759
1.680312
1.680312
1.683842
1.683842
1.664407
1.664407
1.655120
1.655120
1.663000
1.663000
1.647750
1.647750
1.657992
1.657992
1.684223
1.684223
1.666108
1.666108
1.664195
1.664195
1.640486
1.640486
1.667620
1.667620
1.655174
1.655174
1.675952
1.675952
1.654387
1.654387
1.661301
1.661301
1.674764
1.674764
1.653077
1.653077
1.655427
1.655427
1.664198
1.664198
1.666999
1.666999
1.675713
1.675713
1.646261
1.646261
1.658937
1.658937
1.655518
1.655518
1.678407
1.678407
1.671292
1.671292
1.661236
1.661236
1.654409
1.654409
1.657821
1.657821
1.669116
1.669116
1.656194
1.656194
1.666619
1.666619
1.641810
1.641810
1.677029
1.677029
1.672299
1.672299
1.660861
1.660861
1.673774
1.673774
1.670798
1.670798
1.653996
1.653996
1.652398
1.652398
1.660899
1.660899
1.660063
1.660063
1.659760
1.659760
1.669038
1.669038
1.662420
1.662420
1.664643
1.664643
1.657147
1.657147
1.667251
1.667251
1.667609
1.667609
1.654334
1.654334
1.672525
1.672525
1.653818
1.653818
1.662737
1.662737
1.666501
1.666501
1.654681
1.654681
1.672957
1.672957
1.657814
1.657814
1.666302
1.666302
1.646002
1.646002
1.667385
1.667385
1.658109
1.658109
1.662803
1.662803
1.655640
1.655640
1.658115
1.658115
1.675753
1.675753
1.679326
1.679326
1.654560
1.654560
1.669526
1.669526
1.660146
1.660146
1.643376
1.643376
1.643391
1.643391
1.665012
1.665012
1.661368
1.661368
1.658829
1.658829
1.680837
1.680837
1.656259
1.656259
1.668369
1.668369
1.661020
1.661020
1.666654
1.666654
1.654439
1.654439
1.645035
1.645035
1.668474
1.668474
1.665529
1.665529
1.664551
1.664551
1.663550
1.663550
1.670155
1.670155
1.658153
1.658153
1.656142
1.656142
1.658647
1.658647
1.663783
1.663783
1.663883
1.663883
1.658247
1.658247
1.671953
1.671953
1.661220
1.661220
1.650022
1.650022
1.643935
1.643935
1.665184
1.665184
1.654003
1.654003
1.667959
1.667959
1.675989
1.675989
1.656840
1.656840
1.659731
1.659731
1.661490
1.661490
1.679377
1.679377
1.646433
1.646433
1.656977
1.656977
1.670751
1.670751
1.657352
1.657352
1.664800
1.664800
1.653603
1.653603
1.671152
1.671152
1.647261
1.647261
1.658748
1.658748
1.660676
1.660676
1.666030
1.666030
1.670371
1.670371
1.650389
1.650389
1.656071
1.656071
1.671388
1.671388
1.654225
1.654225
1.656999
1.656999
1.667883
1.667883
1.647182
1.647182
1.661643
1.661643
1.669544
1.669544
1.661235
1.661235
1.663487
1.663487
1.677076
1.677076
1.655959
1.655959
1.642813
1.642813
1.651527
1.651527
1.656609
1.656609
1.653006
1.653006
1.668809
1.668809
1.672829
1.672829
1.668493
1.668493
1.659941
1.659941
1.649605
1.649605
1.664600
1.664600
1.658624
1.658624
1.657911
1.657911
1.658008
1.658008
1.670110
1.670110
1.648305
1.648305
1.667413
1.667413
1.661238
1.661238
1.654782
1.654782
1.658233
1.658233
1.670317
1.670317
1.655853
1.655853
1.669937
1.669937
1.665512
1.665512
1.654395
1.654395
1.654220
1.654220
1.655850
1.655850
1.665316
1.665316
1.658064
1.658064
1.655854
1.655854
1.656811
1.656811
1.664169
1.664169
1.659883
1.659883
1.662873
1.662873
1.657198
1.657198
1.661742
1.661742
1.657528
1.657528
1.675656
1.675656
1.657396
1.657396
1.651955
1.651955
1.652305
1.652305
1.661842
1.661842
1.675106
1.675106
1.655370
1.655370
1.659909
1.659909
1.655262
1.655262
1.652081
1.652081
1.649599
1.649599
1.667724
1.667724
1.674045
1.674045
1.646254
1.646254
1.660359
1.660359
1.654898
1.654898
1.655777
1.655777
1.666251
1.666251
1.645742
1.645742
1.676417
1.676417
1.662065
1.662065
1.659779
1.659779
1.641694
1.641694
1.660985
1.660985
1.673969
1.673969
1.665200
1.665200
1.667891
1.667891
1.654366
1.654366
1.651983
1.651983
1.657635
1.657635
1.649972
1.649972
1.662776
1.662776
1.654604
1.654604
1.665791
1.665791
1.664911
1.664911
1.650074
1.650074
1.661868
1.661868
1.657894
1.657894
1.657295
1.657295
1.671362
1.671362
1.656459
1.656459
1.648311
1.648311
1.663326
1.663326
1.667860
1.667860
1.661507
1.661507
1.654529
1.654529
1.658968
1.658968
1.659775
1.659775
1.658367
1.658367
1.666014
1.666014
1.655197
1.655197
1.645526
1.645526
1.675017
1.675017
1.661383
1.661383
1.659837
1.659837
1.655930
1.655930
1.649527
1.649527
1.661441
1.661441
1.659690
1.659690
1.671241
1.671241
1.664383
1.664383
1.658632
1.658632
1.646200
1.646200
1.676040
1.676040
1.650651
1.650651
1.667220
1.667220
1.649478
1.649478
1.666093
1.666093
1.660845
1.660845
1.652124
1.652124
1.649960
1.649960
1.658881
1.658881
1.657872
1.657872
1.667488
1.667488
1.662152
1.662152
1.666085
1.666085
1.653927
1.653927
1.658707
1.658707
1.657032
1.657032
1.660162
1.660162
1.668484
1.668484
1.663548
1.663548
1.649802
1.649802
1.646480
1.646480
1.667891
1.667891
1.648456
1.648456
1.662627
1.662627
1.671426
1.671426
1.656750
1.656750
1.655339
1.655339
1.658473
1.658473
1.662709
1.662709
1.658712
1.658712
1.672078
1.672078
1.640761
1.640761
1.655607
1.655607
1.667176
1.667176
1.649735
1.649735
1.680644
1.680644
1.638856
1.638856
1.667182
1.667182
1.662406
1.662406
1.659112
1.659112
1.654463
1.654463
1.649180
1.649180
1.649426
1.649426
1.660637
1.660637
1.661387
1.661387
1.664842
1.664842
1.655955
1.655955
1.652202
1.652202
1.670982
1.670982
1.666821
1.666821
1.662852
1.662852
1.637092
1.637092
1.650138
1.650138
1.662138
1.662138
1.654812
1.654812
1.663180
1.663180
1.661140
1.661140
1.666637
1.666637
1.655597
1.655597
1.663775
1.663775
1.648247
1.648247
1.656292
1.656292
1.656002
1.656002
1.649385
1.649385
1.662777
1.662777
1.669540
1.669540
1.652259
1.652259
1.650606
1.650606
1.673405
1.673405
1.651705
1.651705
1.669277
1.669277
1.645364
1.645364
1.650019
1.650019
1.668988
1.668988
1.653187
1.653187
1.649494
1.649494
1.671368
1.671368
1.654652
1.654652
1.661893
1.661893
1.655056
1.655056
1.656339
1.656339
1.664495
1.664495
1.663532
1.663532
1.641371
1.641371
1.656198
1.656198
1.671356
1.671356
1.659197
1.659197
1.653769
1.653769
1.654436
1.654436
1.663753
1.663753
1.665683
1.665683
1.652889
1.652889
1.656680
1.656680
1.661931
1.661931
1.657122
1.657122
1.653506
1.653506
1.661440
1.661440
1.651030
1.651030
1.662447
1.662447
1.665914
1.665914
1.651445
1.651445
1.659075
1.659075
1.653194
1.653194
1.654752
1.654752
1.655384
1.655384
1.658260
1.658260
1.668612
1.668612
1.657972
1.657972
1.659839
1.659839
1.652139
1.652139
1.661461
1.661461
1.657706
1.657706
1.665430
1.665430
1.654158
1.654158
1.661536
1.661536
1.646495
1.646495
1.661725
1.661725
1.648612
1.648612
1.647912
1.647912
1.651683
1.651683
1.661437
1.661437
1.681129
1.681129
1.653356
1.653356
1.671146
1.671146
1.644492
1.644492
1.671850
1.671850
1.646328
1.646328
1.651639
1.651639
1.673704
1.673704
1.655190
1.655190
1.653206
1.653206
1.653299
1.653299
1.661132
1.661132
1.653730
1.653730
1.658283
1.658283
1.658203
1.658203
1.655326
1.655326
1.643449
1.643449
1.664368
1.664368
1.657648
1.657648
1.660380
1.660380
1.662396
1.662396
1.679955
1.679955
1.647656
1.647656
1.656572
1.656572
1.654698
1.654698
1.649668
1.649668
1.664987
1.664987
1.669837
1.669837
1.658376
1.658376
1.642217
1.642217
1.654440
1.654440
1.652931
1.652931
1.667927
1.667927
1.656741
1.656741
1.657663
1.657663
1.655128
1.655128
1.653126
1.653126
1.658071
1.658071
1.658599
1.658599
1.654763
1.654763
1.667669
1.667669
1.667786
1.667786
1.658984
1.658984
1.661719
1.661719
1.651456
1.651456
1.650605
1.650605
1.658469
1.658469
1.645861
1.645861
1.659337
1.659337
1.664782
1.664782
1.662625
1.662625
1.653909
1.653909
1.662294
1.662294
1.657138
1.657138
1.661463
1.661463
1.655679
1.655679
1.655353
1.655353
1.648929
1.648929
1.666678
1.666678
1.671213
1.671213
1.648084
1.648084
1.662799
1.662799
1.653959
1.653959
1.656724
1.656724
1.658559
1.658559
1.659110
1.659110
1.654875
1.654875
1.672611
1.672611
1.666424
1.666424
1.658917
1.658917
1.635936
1.635936
1.658678
1.658678
1.660375
1.660375
1.649829
1.649829
1.662845
1.662845
1.658068
1.658068
1.659833
1.659833
1.665887
1.665887
1.654845
1.654845
1.645054
1.645054
1.663685
1.663685
1.664302
1.664302
1.664643
1.664643
1.644425
1.644425
1.652731
1.652731
1.662180
1.662180
1.651131
1.651131
1.671464
1.671464
1.649239
1.649239
1.655796
1.655796
1.659487
1.659487
1.656846
1.656846
1.666634
1.666634
1.647837
1.647837
1.662117
1.662117
1.652137
1.652137
1.658585
1.658585
1.663379
1.663379
1.654599
1.654599
1.665086
1.665086
1.642248
1.642248
1.661182
1.661182
1.653162
1.653162
1.650818
1.650818
1.651738
1.651738
1.668493
1.668493
1.653641
1.653641
1.651592
1.651592
1.667115
1.667115
1.662007
1.662007
1.648792
1.648792
1.667763
1.667763
1.659254
1.659254
1.639577
1.639577
1.665527
1.665527
1.650639
1.650639
1.665909
1.665909
1.651290
1.651290
1.652469
1.652469
1.656710
1.656710
1.656496
1.656496
1.660795
1.660795
1.666775
1.666775
1.651813
1.651813
1.646189
1.646189
1.656812
1.656812
1.649820
1.649820
1.664222
1.664222
1.652256
1.652256
1.650873
1.650873
1.665258
1.665258
1.665019
1.665019
1.645438
1.645438
1.648449
1.648449
1.656634
1.656634
1.666118
1.666118
1.669866
1.669866
1.662858
1.662858
1.658899
1.658899
1.649485
1.649485
1.637425
1.637425
1.667624
1.667624
1.662270
1.662270
1.646345
1.646345
1.651233
1.651233
1.651569
1.651569
1.654729
1.654729
1.660230
1.660230
1.654392
1.654392
1.655527
1.655527
1.653772
1.653772
1.657393
1.657393
1.657632
1.657632
1.650931
1.650931
1.653231
1.653231
1.659342
1.659342
1.653834
1.653834
1.648453
1.648453
1.675125
1.675125
1.647817
1.647817
1.652097
1.652097
1.648626
1.648626
1.648566
1.648566
1.653557
1.653557
1.664642
1.664642
1.662516
1.662516
1.663281
1.663281
1.662340
1.662340
1.642032
1.642032
1.647070
1.647070
1.662956
1.662956
1.663531
1.663531
1.649880
1.649880
1.638404
1.638404
1.664240
1.664240
1.661292
1.661292
1.651667
1.651667
1.670196
1.670196
1.642696
1.642696
1.653590
1.653590
1.659494
1.659494
1.670170
1.670170
1.641648
1.641648
1.646609
1.646609
1.663002
1.663002
1.657554
1.657554
1.662765
1.662765
1.656404
1.656404
1.647262
1.647262
1.653992
1.653992
1.659526
1.659526
1.660969
1.660969
1.655610
1.655610
1.652681
1.652681
1.666915
1.666915
1.643566
1.643566
1.660176
1.660176
1.645792
1.645792
1.662218
1.662218
1.663541
1.663541
1.649062
1.649062
1.655267
1.655267
1.665593
1.665593
1.648585
1.648585
1.655233
1.655233
1.657187
1.657187
1.661472
1.661472
1.648375
1.648375
1.659263
1.659263
1.660507
1.660507
1.652306
1.652306
1.654816
1.654816
1.644382
1.644382
1.661556
1.661556
1.665062
1.665062
1.656195
1.656195
1.651209
1.651209
1.652839
1.652839
1.661693
1.661693
1.659491
1.659491
1.656304
1.656304
1.643286
1.643286
1.653823
1.653823
1.654773
1.654773
1.668175
1.668175
1.661532
1.661532
1.663336
1.663336
1.636717
1.636717
1.663534
1.663534
1.656072
1.656072
1.661320
1.661320
1.653281
1.653281
1.647769
1.647769
1.657168
1.657168
1.669861
1.669861
1.651817
1.651817
1.658498
1.658498
1.664753
1.664753
1.653260
1.653260
1.662637
1.662637
1.639584
1.639584
1.683839
1.683839
1.644663
1.644663
1.640049
1.640049
1.651699
1.651699
1.659472
1.659472
1.665220
1.665220
1.655170
1.655170
1.645196
1.645196
1.650112
1.650112
1.663706
1.663706
1.662240
1.662240
1.664314
1.664314
1.653954
1.653954
1.651022
1.651022
1.645767
1.645767
1.656948
1.656948
1.664356
1.664356
1.644652
1.644652
1.658448
1.658448
1.652696
1.652696
1.658170
1.658170
1.646413
1.646413
1.649024
1.649024
1.662448
1.662448
1.660978
1.660978
1.649829
1.649829
1.655471
1.655471
1.651737
1.651737
1.662936
1.662936
1.656075
1.656075
1.650792
1.650792
1.673397
1.673397
1.658263
1.658263
1.636732
1.636732
1.656134
1.656134
1.651745
1.651745
1.665729
1.665729
1.653687
1.653687
1.650419
1.650419
1.652399
1.652399
1.657337
1.657337
1.653025
1.653025
1.655632
1.655632
1.653748
1.653748
1.653323
1.653323
1.660198
1.660198
1.661855
1.661855
1.646791
1.646791
1.654954
1.654954
1.648195
1.648195
1.664638
1.664638
1.653555
1.653555
1.645267
1.645267
1.646233
1.646233
1.663002
1.663002
1.672609
1.672609
1.653975
1.653975
1.652688
1.652688
1.652556
1.652556
1.638334
1.638334
1.658764
1.658764
1.643375
1.643375
1.650669
1.650669
1.662295
1.662295
1.656372
1.656372
1.658529
1.658529
1.635239
1.635239
1.658026
1.658026
1.663849
1.663849
1.655439
1.655439
1.649672
1.649672
1.655739
1.655739
1.659720
1.659720
1.654783
1.654783
1.650381
1.650381
1.667748
1.667748
1.660877
1.660877
1.638934
1.638934
1.650369
1.650369
1.652553
1.652553
1.656272
1.656272
1.655715
1.655715
1.647701
1.647701
1.650395
1.650395
1.661311
1.661311
1.646027
1.646027
1.637718
1.637718
1.661733
1.661733
1.662794
1.662794
1.663479
1.663479
1.652172
1.652172
1.653425
1.653425
1.654476
1.654476
1.654960
1.654960
1.655792
1.655792
1.653205
1.653205
1.655935
1.655935
1.648646
1.648646
1.649898
1.649898
1.663395
1.663395
1.646338
1.646338
1.653881
1.653881
1.651237
1.651237
1.661030
1.661030
1.657669
1.657669
1.657236
1.657236
1.678565
1.678565
1.644684
1.644684
1.655129
1.655129
1.631729
1.631729
1.650956
1.650956
1.659325
1.659325
1.654776
1.654776
1.647263
1.647263
1.656587
1.656587
1.649259
1.649259
1.654750
1.654750
1.658715
1.658715
1.643003
1.643003
1.663379
1.663379
1.660242
1.660242
1.658269
1.658269
1.652195
1.652195
1.650880
1.650880
1.645951
1.645951
1.660323
1.660323
1.649284
1.649284
1.673340
1.673340
1.635217
1.635217
1.649250
1.649250
1.638097
1.638097
1.657786
1.657786
1.654216
1.654216
1.658475
1.658475
1.659510
1.659510
1.655422
1.655422
1.654953
1.654953
1.650759
1.650759
1.660577
1.660577
1.645011
1.645011
1.656618
1.656618
1.646225
1.646225
1.656626
1.656626
1.651275
1.651275
1.656983
1.656983
1.655903
1.655903
1.662606
1.662606
1.660938
1.660938
1.652357
1.652357
1.634170
1.634170
1.650443
1.650443
1.649269
1.649269
1.658582
1.658582
1.655606
1.655606
1.654036
1.654036
1.625476
1.625476
1.662719
1.662719
1.661510
1.661510
1.660031
1.660031
1.658354
1.658354
1.667141
1.667141
1.653729
1.653729
1.645502
1.645502
1.646597
1.646597
1.654320
1.654320
1.652567
1.652567
1.644513
1.644513
1.662661
1.662661
1.646536
1.646536
1.661140
1.661140
1.658867
1.658867
1.637238
1.637238
1.658222
1.658222
1.660073
1.660073
1.651531
1.651531
1.660983
1.660983
1.644740
1.644740
1.655881
1.655881
1.653548
1.653548
1.649902
1.649902
1.639420
1.639420
1.654688
1.654688
1.667638
1.667638
1.653981
1.653981
1.648559
1.648559
1.658725
1.658725
1.655489
1.655489
1.654945
1.654945
1.651049
1.651049
1.643172
1.643172
1.641313
1.641313
1.656165
1.656165
1.654815
1.654815
1.667858
1.667858
1.643078
1.643078
1.660089
1.660089
1.648013
1.648013
1.643980
1.643980
1.660064
1.660064
1.651481
1.651481
1.647884
1.647884
1.652159
1.652159
1.656149
1.656149
1.659972
1.659972
1.646485
1.646485
1.660543
1.660543
1.637305
1.637305
1.649848
1.649848
1.662726
1.662726
1.652039
1.652039
1.645448
1.645448
1.652628
1.652628
1.653964
1.653964
1.643199
1.643199
1.668132
1.668132
1.654754
1.654754
1.646491
1.646491
1.654414
1.654414
1.647644
1.647644
1.658738
1.658738
1.650739
1.650739
1.650853
1.650853
1.646429
1.646429
1.642902
1.642902
1.671705
1.671705
1.666234
1.666234
1.652529
1.652529
1.643900
1.643900
1.652451
1.652451
1.644826
1.644826
1.653743
1.653743
1.641648
1.641648
1.655996
1.655996
1.662815
1.662815
1.645346
1.645346
1.651593
1.651593
1.659782
1.659782
1.646570
1.646570
1.639435
1.639435
1.663215
1.663215
1.657460
1.657460
1.649075
1.649075
1.653746
1.653746
1.642127
1.642127
1.657533
1.657533
1.646803
1.646803
1.642513
1.642513
1.657365
1.657365
1.659030
1.659030
1.654004
1.654004
1.639731
1.639731
1.652426
1.652426
1.660301
1.660301
1.663149
1.663149
1.642928
1.642928
1.637210
1.637210
1.654509
1.654509
1.657782
1.657782
1.646221
1.646221
1.665968
1.665968
1.647269
1.647269
1.659435
1.659435
1.639540
1.639540
1.656249
1.656249
1.660072
1.660072
1.645777
1.645777
1.666717
1.666717
1.650156
1.650156
1.642175
1.642175
1.658232
1.658232
1.641687
1.641687
1.649647
1.649647
1.675932
1.675932
1.645053
1.645053
1.650026
1.650026
1.651559
1.651559
1.658645
1.658645
1.655020
1.655020
1.652998
1.652998
1.643105
1.643105
1.654259
1.654259
1.653883
1.653883
1.641998
1.641998
1.653512
1.653512
1.658589
1.658589
1.649897
1.649897
1.655448
1.655448
1.653609
1.653609
1.655985
1.655985
1.645804
1.645804
1.659003
1.659003
1.654140
1.654140
1.643767
1.643767
1.649241
1.649241
1.655142
1.655142
1.649100
1.649100
1.653707
1.653707
1.656679
1.656679
1.651214
1.651214
1.649588
1.649588
1.650768
1.650768
1.652112
1.652112
1.660537
1.660537
1.637614
1.637614
1.659453
1.659453
1.654309
1.654309
1.660811
1.660811
1.654013
1.654013
1.641117
1.641117
1.648816
1.648816
1.646819
1.646819
1.650190
1.650190
1.666098
1.666098
1.653061
1.653061
1.641836
1.641836
1.631396
1.631396
1.642132
1.642132
1.661484
1.661484
1.669448
1.669448
1.655269
1.655269
1.658994
1.658994
1.647516
1.647516
1.640080
1.640080
1.650926
1.650926
1.663660
1.663660
1.656372
1.656372
1.663522
1.663522
1.647062
1.647062
1.651753
1.651753
1.640594
1.640594
1.654541
1.654541
1.639880
1.639880
1.659406
1.659406
1.646815
1.646815
1.660089
1.660089
1.654500
1.654500
1.647840
1.647840
1.648253
1.648253
1.658845
1.658845
1.649969
1.649969
1.653957
1.653957
1.658861
1.658861
1.648479
1.648479
1.652490
1.652490
1.644359
1.644359
1.646371
1.646371
1.653388
1.653388
1.656170
1.656170
1.652793
1.652793
1.649177
1.649177
1.660789
1.660789
1.635914
1.635914
1.647487
1.647487
1.652259
1.652259
1.662003
1.662003
1.667021
1.667021
1.644361
1.644361
1.645527
1.645527
1.642838
1.642838
1.658027
1.658027
1.654003
1.654003
1.653152
1.653152
1.653513
1.653513
1.640100
1.640100
1.656633
1.656633
1.648631
1.648631
1.652700
1.652700
1.655353
1.655353
1.639854
1.639854
1.660981
1.660981
1.655799
1.655799
1.658396
1.658396
1.651231
1.651231
1.637900
1.637900
1.653143
1.653143
1.663140
1.663140
1.651812
1.651812
1.633832
1.633832
1.655216
1.655216
1.652045
1.652045
1.648526
1.648526
1.640359
1.640359
1.652902
1.652902
1.652192
1.652192
1.662744
1.662744
1.650687
1.650687
1.644226
1.644226
1.647627
1.647627
1.661900
1.661900
1.651101
1.651101
1.653454
1.653454
1.641473
1.641473
1.654795
1.654795
1.659790
1.659790
1.645205
1.645205
1.653742
1.653742
1.649754
1.649754
1.656351
1.656351
1.646647
1.646647
1.647927
1.647927
1.640417
1.640417
1.662155
1.662155
1.646912
1.646912
1.655203
1.655203
1.649099
1.649099
1.638625
1.638625
1.665807
1.665807
1.638028
1.638028
1.656052
1.656052
1.655145
1.655145
1.648746
1.648746
1.648395
1.648395
1.644192
1.644192
1.661008
1.661008
1.650377
1.650377
1.644341
1.644341
1.643992
1.643992
1.662665
1.662665
1.642734
1.642734
1.659508
1.659508
1.646998
1.646998
1.663341
1.663341
1.638184
1.638184
1.647211
1.647211
1.657278
1.657278
1.640952
1.640952
1.656851
1.656851
1.642429
1.642429
1.661869
1.661869
1.650266
1.650266
1.655142
1.655142
1.650605
1.650605
1.643049
1.643049
1.668873
1.668873
1.632944
1.632944
1.655970
1.655970
1.649349
1.649349
1.657657
1.657657
1.640310
1.640310
1.648151
1.648151
1.650862
1.650862
1.655103
1.655103
1.643138
1.643138
1.659356
1.659356
1.641721
1.641721
1.652435
1.652435
1.639767
1.639767
1.653412
1.653412
1.652741
1.652741
1.651946
1.651946
1.651574
1.651574
1.631378
1.631378
1.657887
1.657887
1.653637
1.653637
1.655634
1.655634
1.660911
1.660911
1.646851
1.646851
1.642559
1.642559
1.636464
1.636464
1.663462
1.663462
1.649582
1.649582
1.657394
1.657394
1.652621
1.652621
1.634756
1.634756
1.654752
1.654752
1.644969
1.644969
1.644669
1.644669
1.658682
1.658682
1.645587
1.645587
1.655052
1.655052
1.645761
1.645761
1.666301
1.666301
1.656601
1.656601
1.652030
1.652030
1.625608
1.625608
1.659866
1.659866
1.655176
1.655176
1.653423
1.653423
1.632729
1.632729
1.646473
1.646473
1.646991
1.646991
1.636284
1.636284
1.651612
1.651612
1.667654
1.667654
1.644951
1.644951
1.641144
1.641144
1.653925
1.653925
1.651882
1.651882
1.651087
1.651087
1.649942
1.649942
1.662384
1.662384
1.649214
1.649214
1.643295
1.643295
1.647922
1.647922
1.646281
1.646281
1.645797
1.645797
1.645603
1.645603
1.652687
1.652687
1.649308
1.649308
1.658358
1.658358
1.644579
1.644579
1.656898
1.656898
1.665581
1.665581
1.643631
1.643631
1.640441
1.640441
1.653119
1.653119
1.642497
1.642497
1.655015
1.655015
1.647769
1.647769
1.654374
1.654374
1.654847
1.654847
1.645186
1.645186
1.657278
1.657278
1.641694
1.641694
1.654190
1.654190
1.636094
1.636094
1.651164
1.651164
1.646829
1.646829
1.659956
1.659956
1.659534
1.659534
1.664637
1.664637
1.648505
1.648505
1.643849
1.643849
1.642452
1.642452
1.653057
1.653057
1.653452
1.653452
1.653967
1.653967
1.645209
1.645209
1.641806
1.641806
1.658018
1.658018
1.639394
1.639394
1.648198
1.648198
1.653424
1.653424
1.670316
1.670316
1.639230
1.639230
1.660741
1.660741
1.632038
1.632038
1.661157
1.661157
1.651001
1.651001
1.645714
1.645714
1.654216
1.654216
1.643214
1.643214
1.650661
1.650661
1.649440
1.649440
1.653323
1.653323
1.656482
1.656482
1.644259
1.644259
1.656408
1.656408
1.640478
1.640478
1.652627
1.652627
1.643881
1.643881
1.633898
1.633898
1.651412
1.651412
1.649123
1.649123
1.673077
1.673077
1.650290
1.650290
1.636939
1.636939
1.660105
1.660105
1.641726
1.641726
1.660911
1.660911
1.643282
1.643282
1.664978
1.664978
1.642877
1.642877
1.651998
1.651998
1.645077
1.645077
1.645653
1.645653
1.661154
1.661154
1.644524
1.644524
1.634405
1.634405
1.663412
1.663412
1.643944
1.643944
1.653735
1.653735
1.651500
1.651500
1.652195
1.652195
1.645384
1.645384
1.650733
1.650733
1.651923
1.651923
1.654754
1.654754
1.646999
1.646999
1.641243
1.641243
1.640759
1.640759
1.647691
1.647691
1.658342
1.658342
1.646086
1.646086
1.654232
1.654232
1.660040
1.660040
1.654597
1.654597
1.635838
1.635838
1.638167
1.638167
1.658943
1.658943
1.641888
1.641888
1.654018
1.654018
1.634692
1.634692
1.659109
1.659109
1.657380
1.657380
1.644756
1.644756
1.650384
1.650384
1.650857
1.650857
1.642453
1.642453
1.658468
1.658468
1.645873
1.645873
1.651146
1.651146
1.647213
1.647213
1.648325
1.648325
1.653733
1.653733
1.642285
1.642285
1.651302
1.651302
1.646207
1.646207
1.657173
1.657173
1.648643
1.648643
1.651991
1.651991
1.637855
1.637855
1.656491
1.656491
1.653638
1.653638
1.644886
1.644886
1.639297
1.639297
1.657541
1.657541
1.648821
1.648821
1.645220
1.645220
1.654539
1.654539
1.647531
1.647531
1.644494
1.644494
1.642604
1.642604
1.658281
1.658281
1.652144
1.652144
1.639197
1.639197
1.659203
1.659203
1.644576
1.644576
1.653181
1.653181
1.648434
1.648434
1.656837
1.656837
1.654168
1.654168
1.654078
1.654078
1.641555
1.641555
1.636722
1.636722
1.653295
1.653295
1.652722
1.652722
1.644816
1.644816
1.654157
1.654157
1.638172
1.638172
1.649676
1.649676
1.633260
1.633260
1.653180
1.653180
1.655085
1.655085
1.652911
1.652911
1.654876
1.654876
1.649433
1.649433
1.644370
1.644370
1.646621
1.646621
1.648029
1.648029
1.645278
1.645278
1.648325
1.648325
1.647262
1.647262
1.664484
1.664484
1.636689
1.636689
1.656254
1.656254
1.665387
1.665387
1.653322
1.653322
1.635754
1.635754
1.630564
1.630564
1.648133
1.648133
1.643572
1.643572
1.645478
1.645478
1.649540
1.649540
1.656614
1.656614
1.663982
1.663982
1.642487
1.642487
1.646833
1.646833
1.634370
1.634370
1.655367
1.655367
1.644643
1.644643
1.625170
1.625170
1.648360
1.648360
1.649153
1.649153
1.677362
1.677362
1.642249
1.642249
1.631686
1.631686
1.644822
1.644822
1.653325
1.653325
1.671751
1.671751
1.652291
1.652291
1.641577
1.641577
1.644530
1.644530
1.648329
1.648329
1.655157
1.655157
1.642868
1.642868
1.656969
1.656969
1.657724
1.657724
1.648978
1.648978
1.632995
1.632995
1.652279
1.652279
1.648571
1.648571
1.639816
1.639816
1.643361
1.643361
1.657189
1.657189
1.665751
1.665751
1.638330
1.638330
1.636315
1.636315
1.644752
1.644752
1.655475
1.655475
1.653243
1.653243
1.657529
1.657529
1.644417
1.644417
1.638922
1.638922
1.645163
1.645163
1.650395
1.650395
1.641701
1.641701
1.645607
1.645607
1.645451
1.645451
1.656566
1.656566
1.649646
1.649646
1.648100
1.648100
1.639553
1.639553
1.652030
1.652030
1.649395
1.649395
1.635217
1.635217
1.651432
1.651432
1.646407
1.646407
1.648654
1.648654
1.657305
1.657305
1.656218
1.656218
1.647560
1.647560
1.640160
1.640160
1.660974
1.660974
1.631792
1.631792
1.640518
1.640518
1.650445
1.650445
1.655728
1.655728
1.647891
1.647891
1.642974
1.642974
1.648830
1.648830
1.646786
1.646786
1.638885
1.638885
1.654198
1.654198
1.649419
1.649419
1.665014
1.665014
1.629771
1.629771
1.647429
1.647429
1.651220
1.651220
1.644129
1.644129
1.646855
1.646855
1.635430
1.635430
1.654120
1.654120
1.647984
1.647984
1.653854
1.653854
1.645483
1.645483
1.664947
1.664947
1.642213
1.642213
1.638207
1.638207
1.646733
1.646733
1.660190
1.660190
1.640583
1.640583
1.651262
1.651262
1.646088
1.646088
1.638745
1.638745
1.645857
1.645857
1.659167
1.659167
1.644667
1.644667
1.633558
1.633558
1.654738
1.654738
1.634498
1.634498
1.664439
1.664439
1.638397
1.638397
1.648335
1.648335
1.651839
1.651839
1.649242
1.649242
1.622518
1.622518
1.647659
1.647659
1.666366
1.666366
1.651274
1.651274
1.655303
1.655303
1.656927
1.656927
1.650683
1.650683
1.643636
1.643636
1.628320
1.628320
1.643389
1.643389
1.632006
1.632006
1.656742
1.656742
1.658646
1.658646
1.645591
1.645591
1.641418
1.641418
1.641269
1.641269
1.641353
1.641353
1.659457
1.659457
1.653690
1.653690
1.662418
1.662418
1.646234
1.646234
1.648228
1.648228
1.643871
1.643871
1.634712
1.634712
1.643224
1.643224
1.646050
1.646050
1.643432
1.643432
1.645734
1.645734
1.659064
1.659064
1.648978
1.648978
1.650304
1.650304
1.631950
1.631950
1.656755
1.656755
1.648697
1.648697
1.647398
1.647398
1.645279
1.645279
1.648968
1.648968
1.652370
1.652370
1.642078
1.642078
1.656391
1.656391
1.642483
1.642483
1.635454
1.635454
1.650171
1.650171
1.652329
1.652329
1.642118
1.642118
1.635629
1.635629
1.656336
1.656336
1.658773
1.658773
1.643128
1.643128
1.650989
1.650989
1.647019
1.647019
1.637074
1.637074
1.657874
1.657874
1.643170
1.643170
1.651834
1.651834
1.649228
1.649228
1.642051
1.642051
1.639109
1.639109
1.654799
1.654799
1.635685
1.635685
1.645510
1.645510
1.654636
1.654636
1.658874
1.658874
1.640887
1.640887
1.654839
1.654839
1.661996
1.661996
1.642367
1.642367
1.625598
1.625598
1.651252
1.651252
1.648485
1.648485
1.627738
1.627738
1.642547
1.642547
1.655741
1.655741
1.662042
1.662042
1.642025
1.642025
1.653856
1.653856
1.638953
1.638953
1.649938
1.649938
1.650447
1.650447
1.651062
1.651062
1.656001
1.656001
1.648880
1.648880
1.642047
1.642047
1.635836
1.635836
1.639600
1.639600
1.647279
1.647279
1.648655
1.648655
1.658634
1.658634
1.639726
1.639726
1.658157
1.658157
1.625059
1.625059
1.652699
1.652699
1.658009
1.658009
1.639632
1.639632
1.659116
1.659116
1.645756
1.645756
1.632948
1.632948
1.645454
1.645454
1.651024
1.651024
1.649937
1.649937
1.643679
1.643679
1.645071
1.645071
1.645891
1.645891
1.649611
1.649611
1.644349
1.644349
1.639981
1.639981
1.655187
1.655187
1.641124
1.641124
1.654022
1.654022
1.640281
1.640281
1.639646
1.639646
1.658731
1.658731
1.642173
1.642173
1.654571
1.654571
1.649190
1.649190
1.653434
1.653434
1.630431
1.630431
1.643352
1.643352
1.659862
1.659862
1.641712
1.641712
1.646888
1.646888
1.645640
1.645640
1.644794
1.644794
1.656901
1.656901
1.645294
1.645294
1.646308
1.646308
1.645488
1.645488
1.647251
1.647251
1.650566
1.650566
1.646849
1.646849
1.642817
1.642817
1.656775
1.656775
1.648345
1.648345
1.638519
1.638519
1.642164
1.642164
1.648981
1.648981
1.638689
1.638689
1.648561
1.648561
1.656000
1.656000
1.650017
1.650017
1.639645
1.639645
1.660897
1.660897
1.631571
1.631571
1.651460
1.651460
1.646791
1.646791
1.651798
1.651798
1.648935
1.648935
1.658380
1.658380
1.624934
1.624934
1.636540
1.636540
1.645573
1.645573
1.635819
1.635819
1.644990
1.644990
1.671538
1.671538
1.652188
1.652188
1.645955
1.645955
1.643900
1.643900
1.639685
1.639685
1.650832
1.650832
1.650292
1.650292
1.654897
1.654897
1.650949
1.650949
1.641938
1.641938
1.632964
1.632964
1.657437
1.657437
1.648486
1.648486
1.641786
1.641786
1.637581
1.637581
1.646682
1.646682
1.646671
1.646671
1.638335
1.638335
1.625413
1.625413
1.669233
1.669233
1.652516
1.652516
1.653639
1.653639
1.641166
1.641166
1.654592
1.654592
1.644544
1.644544
1.636801
1.636801
1.645554
1.645554
1.649740
1.649740
1.637475
1.637475
1.655543
1.655543
1.642725
1.642725
1.635577
1.635577
1.640496
1.640496
1.651169
1.651169
1.654454
1.654454
1.649624
1.649624
1.654483
1.654483
1.651078
1.651078
1.638223
1.638223
1.649672
1.649672
1.636383
1.636383
1.659543
1.659543
1.636708
1.636708
1.642183
1.642183
1.641237
1.641237
1.651370
1.651370
1.650233
1.650233
1.636763
1.636763
1.659210
1.659210
1.647436
1.647436
1.636109
1.636109
1.649249
1.649249
1.633520
1.633520
1.656674
1.656674
1.658538
1.658538
1.631276
1.631276
1.643235
1.643235
1.640421
1.640421
1.636005
1.636005
1.649762
1.649762
1.662564
1.662564
1.643784
1.643784
1.621473
1.621473
1.656453
1.656453
1.657229
1.657229
1.652199
1.652199
1.668887
1.668887
1.647876
1.647876
1.630478
1.630478
1.642078
1.642078
1.640746
1.640746
1.633778
1.633778
1.649191
1.649191
1.655050
1.655050
1.641601
1.641601
1.651166
1.651166
1.636446
1.636446
1.657192
1.657192
1.649975
1.649975
1.635368
1.635368
1.651620
1.651620
1.644644
1.644644
1.653835
1.653835
1.649171
1.649171
1.636564
1.636564
1.645776
1.645776
1.646959
1.646959
1.649493
1.649493
1.652127
1.652127
1.629907
1.629907
1.651745
1.651745
1.651602
1.651602
1.642363
1.642363
1.638429
1.638429
1.654184
1.654184
1.642446
1.642446
1.642150
1.642150
1.645100
1.645100
1.643350
1.643350
1.661777
1.661777
1.635646
1.635646
1.640808
1.640808
1.644920
1.644920
1.647136
1.647136
1.654228
1.654228
1.641047
1.641047
1.638537
1.638537
1.653648
1.653648
1.622867
1.622867
1.660800
1.660800
1.653014
1.653014
1.633084
1.633084
1.643803
1.643803
1.643216
1.643216
1.656466
1.656466
1.652145
1.652145
1.629847
1.629847
1.629513
1.629513
1.647302
1.647302
1.661151
1.661151
1.661581
1.661581
1.632744
1.632744
1.653885
1.653885
1.655239
1.655239
1.654784
1.654784
1.629830
1.629830
1.643921
1.643921
1.651664
1.651664
1.643778
1.643778
1.657645
1.657645
1.629398
1.629398
1.641215
1.641215
1.645971
1.645971
1.648533
1.648533
1.649585
1.649585
1.642261
1.642261
1.649364
1.649364
1.646159
1.646159
1.647379
1.647379
1.648143
1.648143
1.635684
1.635684
1.645431
1.645431
1.642946
1.642946
1.648454
1.648454
1.642218
1.642218
1.648606
1.648606
1.642477
1.642477
1.646888
1.646888
1.644405
1.644405
1.637471
1.637471
1.656988
1.656988
1.651698
1.651698
1.652827
1.652827
1.648228
1.648228
1.620989
1.620989
1.654106
1.654106
1.621114
1.621114
1.644144
1.644144
1.659332
1.659332
1.661426
1.661426
1.640387
1.640387
1.650948
1.650948
1.645175
1.645175
1.640860
1.640860
1.639322
1.639322
1.650673
1.650673
1.655303
1.655303
1.645419
1.645419
1.641315
1.641315
1.643689
1.643689
1.639987
1.639987
1.643493
1.643493
1.652089
1.652089
1.650514
1.650514
1.651600
1.651600
1.626752
1.626752
1.641459
1.641459
1.650109
1.650109
1.655488
1.655488
1.641114
1.641114
1.637035
1.637035
1.627853
1.627853
1.637640
1.637640
1.659670
1.659670
1.651227
1.651227
1.649641
1.649641
1.650709
1.650709
1.637795
1.637795
1.647672
1.647672
1.644554
1.644554
1.644532
1.644532
1.649380
1.649380
1.639551
1.639551
1.648373
1.648373
1.640664
1.640664
1.647334
1.647334
1.654781
1.654781
1.653309
1.653309
1.645438
1.645438
1.634467
1.634467
1.636197
1.636197
1.646154
1.646154
1.654189
1.654189
1.625564
1.625564
1.643876
1.643876
1.655901
1.655901
1.658718
1.658718
1.650903
1.650903
1.645234
1.645234
1.635513
1.635513
1.633100
1.633100
1.646242
1.646242
1.648698
1.648698
1.647820
1.647820
1.635980
1.635980
1.645608
1.645608
1.666967
1.666967
1.644761
1.644761
1.628860
1.628860
1.641694
1.641694
1.641583
1.641583
1.644036
1.644036
1.647706
1.647706
1.640914
1.640914
1.648685
1.648685
1.642270
1.642270
1.653973
1.653973
1.640636
1.640636
1.634001
1.634001
1.637887
1.637887
1.658501
1.658501
1.648498
1.648498
1.635420
1.635420
1.651034
1.651034
1.636630
1.636630
1.652991
1.652991
1.636336
1.636336
1.650175
1.650175
1.652747
1.652747
1.643378
1.643378
1.640834
1.640834
1.644188
1.644188
1.649223
1.649223
1.637633
1.637633
1.647906
1.647906
1.644772
1.644772
1.639704
1.639704
1.658158
1.658158
1.637480
1.637480
1.639650
1.639650
1.649068
1.649068
1.663054
1.663054
1.640881
1.640881
1.649190
1.649190
1.629692
1.629692
1.640492
1.640492
1.647161
1.647161
1.639826
1.639826
1.643946
1.643946
1.644943
1.644943
1.648008
1.648008
1.638267
1.638267
1.654511
1.654511
1.636492
1.636492
1.644658
1.644658
1.650022
1.650022
1.641595
1.641595
1.651886
1.651886
1.649214
1.649214
1.642800
1.642800
1.637081
1.637081
1.651067
1.651067
1.639851
1.639851
1.655827
1.655827
1.638705
1.638705
1.636785
1.636785
1.640772
1.640772
1.644608
1.644608
1.645182
1.645182
1.646199
1.646199
1.645977
1.645977
1.648174
1.648174
1.630151
1.630151
1.650366
1.650366
1.648265
1.648265
1.645656
1.645656
1.649192
1.649192
1.652649
1.652649
1.637399
1.637399
1.634650
1.634650
1.649169
1.649169
1.641677
1.641677
1.652609
1.652609
1.643897
1.643897
1.637773
1.637773
1.646892
1.646892
1.640945
1.640945
1.642986
1.642986
1.658713
1.658713
1.622320
1.622320
1.658682
1.658682
1.625831
1.625831
1.642414
1.642414
1.642205
1.642205
1.656182
1.656182
1.657243
1.657243
1.632042
1.632042
1.657962
1.657962
1.635142
1.635142
1.648611
1.648611
1.650153
1.650153
1.640068
1.640068
1.656714
1.656714
1.648112
1.648112
1.630259
1.630259
1.648684
1.648684
1.638568
1.638568
1.648787
1.648787
1.649040
1.649040
1.641280
1.641280
1.645742
1.645742
1.653226
1.653226
1.635155
1.635155
1.640691
1.640691
1.643686
1.643686
1.650842
1.650842
1.648382
1.648382
1.637387
1.637387
1.643792
1.643792
1.640836
1.640836
1.652999
1.652999
1.648447
1.648447
1.642712
1.642712
1.634178
1.634178
1.657609
1.657609
1.638925
1.638925
1.645079
1.645079
1.649809
1.649809
1.644053
1.644053
1.637026
1.637026
1.646141
1.646141
1.632826
1.632826
1.633430
1.633430
1.657368
1.657368
1.630098
1.630098
1.670292
1.670292
1.638901
1.638901
1.652803
1.652803
1.647175
1.647175
1.639449
1.639449
1.643372
1.643372
1.639195
1.639195
1.642510
1.642510
1.653623
1.653623
1.648701
1.648701
1.636883
1.636883
1.645596
1.645596
1.645981
1.645981
1.649884
1.649884
1.638101
1.638101
1.641227
1.641227
1.651679
1.651679
1.647092
1.647092
1.635423
1.635423
1.635637
1.635637
1.651021
1.651021
1.649166
1.649166
1.649355
1.649355
1.647269
1.647269
1.632592
1.632592
1.640764
1.640764
1.630602
1.630602
1.641598
1.641598
1.650910
1.650910
1.652148
1.652148
1.643573
1.643573
1.637769
1.637769
1.638600
1.638600
1.663768
1.663768
1.650925
1.650925
1.625874
1.625874
1.636089
1.636089
1.640807
1.640807
1.644792
1.644792
1.638175
1.638175
1.659761
1.659761
1.649665
1.649665
1.632424
1.632424
1.645511
1.645511
1.642419
1.642419
1.648449
1.648449
1.640844
1.640844
1.639673
1.639673
1.660588
1.660588
1.638879
1.638879
1.637931
1.637931
1.633556
1.633556
1.642645
1.642645
1.650488
1.650488
1.654479
1.654479
1.637753
1.637753
1.649227
1.649227
1.629979
1.629979
1.643728
1.643728
1.643361
1.643361
1.655470
1.655470
1.631800
1.631800
1.651955
1.651955
1.647467
1.647467
1.659959
1.659959
1.629454
1.629454
1.634079
1.634079
1.649556
1.649556
1.630071
1.630071
1.668884
1.668884
1.639301
1.639301
1.631023
1.631023
1.637415
1.637415
1.647393
1.647393
1.645503
1.645503
1.662514
1.662514
1.662314
1.662314
1.639061
1.639061
1.642534
1.642534
1.639726
1.639726
1.637761
1.637761
1.644295
1.644295
1.641056
1.641056
1.642712
1.642712
1.646408
1.646408
1.647301
1.647301
1.642919
1.642919
1.640539
1.640539
1.636379
1.636379
1.656890
1.656890
1.644378
1.644378
1.651761
1.651761
1.641711
1.641711
1.624452
1.624452
1.646363
1.646363
1.657533
1.657533
1.644269
1.644269
1.636333
1.636333
1.653331
1.653331
1.652264
1.652264
1.633335
1.633335
1.646513
1.646513
1.650663
1.650663
1.634829
1.634829
1.646193
1.646193
1.641809
1.641809
1.649363
1.649363
1.631010
1.631010
1.654710
1.654710
1.649746
1.649746
1.634146
1.634146
1.631936
1.631936
1.653615
1.653615
1.645355
1.645355
1.648930
1.648930
1.639088
1.639088
1.641008
1.641008
1.642763
1.642763
1.639256
1.639256
1.650085
1.650085
1.646112
1.646112
1.641094
1.641094
1.648736
1.648736
1.641770
1.641770
1.641666
1.641666
1.645717
1.645717
1.659628
1.659628
1.657612
1.657612
1.639231
1.639231
1.639149
1.639149
1.621064
1.621064
1.654176
1.654176
1.643658
1.643658
1.634725
1.634725
1.643091
1.643091
1.642654
1.642654
1.641272
1.641272
1.636447
1.636447
1.653056
1.653056
1.634713
1.634713
1.653555
1.653555
1.641604
1.641604
1.644648
1.644648
1.637089
1.637089
1.654220
1.654220
1.640158
1.640158
1.652692
1.652692
1.636605
1.636605
1.635909
1.635909
1.651506
1.651506
1.640843
1.640843
1.654175
1.654175
1.648480
1.648480
1.634479
1.634479
1.653555
1.653555
1.625374
1.625374
1.649140
1.649140
1.635955
1.635955
1.645432
1.645432
1.645956
1.645956
1.640596
1.640596
1.649790
1.649790
1.646981
1.646981
1.643471
1.643471
1.641328
1.641328
1.634623
1.634623
1.637302
1.637302
1.641545
1.641545
1.648766
1.648766
1.641669
1.641669
1.647734
1.647734
1.646361
1.646361
1.648951
1.648951
1.628946
1.628946
1.659149
1.659149
1.631926
1.631926
1.632383
1.632383
1.644074
1.644074
1.647261
1.647261
1.642911
1.642911
1.650051
1.650051
1.640140
1.640140
1.646568
1.646568
1.640504
1.640504
1.637984
1.637984
1.651657
1.651657
1.639392
1.639392
1.645092
1.645092
1.632874
1.632874
1.642874
1.642874
1.656867
1.656867
1.640564
1.640564
1.648295
1.648295
1.646541
1.646541
1.640929
1.640929
1.638916
1.638916
1.642141
1.642141
1.637704
1.637704
1.648138
1.648138
1.648397
1.648397
1.638732
1.638732
1.656344
1.656344
1.649436
1.649436
1.645036
1.645036
1.631665
1.631665
1.631925
1.631925
1.649368
1.649368
1.651399
1.651399
1.636593
1.636593
1.636151
1.636151
1.641607
1.641607
1.641571
1.641571
1.637893
1.637893
1.641405
1.641405
1.647028
1.647028
1.647546
1.647546
1.629567
1.629567
1.634367
1.634367
1.652589
1.652589
1.655979
1.655979
1.642296
1.642296
1.656910
1.656910
1.642679
1.642679
1.640764
1.640764
1.644186
1.644186
1.628893
1.628893
1.641423
1.641423
1.639706
1.639706
1.641798
1.641798
1.643222
1.643222
1.648844
1.648844
1.642562
1.642562
1.642884
1.642884
1.640173
1.640173
1.658277
1.658277
1.629295
1.629295
1.646006
1.646006
1.635092
1.635092
1.646119
1.646119
1.642972
1.642972
1.644231
1.644231
1.626931
1.626931
1.637109
1.637109
1.656815
1.656815
1.651556
1.651556
1.641844
1.641844
1.671407
1.671407
1.633796
1.633796
1.635996
1.635996
1.634330
1.634330
1.638197
1.638197
1.630458
1.630458
1.662204
1.662204
1.654566
1.654566
1.639200
1.639200
1.625919
1.625919
1.640407
1.640407
1.658297
1.658297
1.642615
1.642615
1.638386
1.638386
1.632989
1.632989
1.634682
1.634682
1.649300
1.649300
1.651595
1.651595
1.622936
1.622936
1.655845
1.655845
1.626339
1.626339
1.640463
1.640463
1.645430
1.645430
1.646801
1.646801
1.655249
1.655249
1.645387
1.645387
1.651147
1.651147
1.628761
1.628761
1.644900
1.644900
1.643393
1.643393
1.641685
1.641685
1.634972
1.634972
1.636879
1.636879
1.654470
1.654470
1.646030
1.646030
1.633352
1.633352
1.640934
1.640934
1.652982
1.652982
1.653434
1.653434
1.632116
1.632116
1.652691
1.652691
1.636542
1.636542
1.656534
1.656534
1.630858
1.630858
1.636387
1.636387
1.630077
1.630077
1.640287
1.640287
1.649728
1.649728
1.641296
1.641296
1.652816
1.652816
1.651494
1.651494
1.631093
1.631093
1.639162
1.639162
1.643786
1.643786
1.647919
1.647919
1.640163
1.640163
1.642005
1.642005
1.640306
1.640306
1.646049
1.646049
1.644315
1.644315
1.647889
1.647889
1.646498
1.646498
1.638858
1.638858
1.641733
1.641733
1.636854
1.636854
1.646011
1.646011
1.634852
1.634852
1.652424
1.652424
1.644111
1.644111
1.633748
1.633748
1.652657
1.652657
1.644090
1.644090
1.632097
1.632097
1.632849
1.632849
1.650553
1.650553
1.655087
1.655087
1.626929
1.626929
1.650804
1.650804
1.644518
1.644518
1.633026
1.633026
1.628091
1.628091
1.646999
1.646999
1.646970
1.646970
1.646415
1.646415
1.642324
1.642324
1.651135
1.651135
1.625207
1.625207
1.645244
1.645244
1.642610
1.642610
1.646726
1.646726
1.640743
1.640743
1.645413
1.645413
1.636618
1.636618
1.636102
1.636102
1.652519
1.652519
1.645161
1.645161
1.650074
1.650074
1.638642
1.638642
1.640347
1.640347
1.635671
1.635671
1.642651
1.642651
1.640591
1.640591
1.638299
1.638299
1.641308
1.641308
1.647952
1.647952
1.654894
1.654894
1.642084
1.642084
1.634561
1.634561
1.635674
1.635674
1.642930
1.642930
1.650287
1.650287
1.641277
1.641277
1.646084
1.646084
1.636900
1.636900
1.634601
1.634601
1.629084
1.629084
1.645620
1.645620
1.641462
1.641462
1.645171
1.645171
1.648904
1.648904
1.624567
1.624567
1.646612
1.646612
1.653432
1.653432
1.643188
1.643188
1.641704
1.641704
1.619368
1.619368
1.655120
1.655120
1.631022
1.631022
1.644514
1.644514
1.660974
1.660974
1.636573
1.636573
1.644135
1.644135
1.646598
1.646598
1.627155
1.627155
1.656066
1.656066
1.642914
1.642914
1.647955
1.647955
1.633277
1.633277
1.642220
1.642220
1.642894
1.642894
1.646018
1.646018
1.628498
1.628498
1.661573
1.661573
1.641306
1.641306
1.630739
1.630739
1.649604
1.649604
1.650127
1.650127
1.640315
1.640315
1.633380
1.633380
1.635013
1.635013
1.650526
1.650526
1.633763
1.633763
1.641382
1.641382
1.647317
1.647317
1.635340
1.635340
1.641551
1.641551
1.631766
1.631766
1.663653
1.663653
1.621486
1.621486
1.651126
1.651126
1.643518
1.643518
1.652632
1.652632
1.637654
1.637654
1.629508
1.629508
1.645846
1.645846
1.633881
1.633881
1.637052
1.637052
1.652750
1.652750
1.651331
1.651331
1.633134
1.633134
1.637095
1.637095
1.645726
1.645726
1.633686
1.633686
1.634714
1.634714
1.659071
1.659071
1.625960
1.625960
1.638711
1.638711
1.644134
1.644134
1.649275
1.649275
1.651648
1.651648
1.642204
1.642204
1.640766
1.640766
1.644972
1.644972
1.642013
1.642013
1.638474
1.638474
1.650027
1.650027
1.632406
1.632406
1.638073
1.638073
1.647636
1.647636
1.640376
1.640376
1.643351
1.643351
1.639541
1.639541
1.664731
1.664731
1.644356
1.644356
1.614174
1.614174
1.648849
1.648849
1.643418
1.643418
1.631205
1.631205
1.636791
1.636791
1.648545
1.648545
1.647295
1.647295
1.636047
1.636047
1.640269
1.640269
1.641676
1.641676
1.642770
1.642770
1.650250
1.650250
1.638574
1.638574
1.626986
1.626986
1.639957
1.639957
1.652882
1.652882
1.626541
1.626541
1.641469
1.641469
1.634341
1.634341
1.659634
1.659634
1.645884
1.645884
1.633268
1.633268
1.645373
1.645373
1.628378
1.628378
1.649779
1.649779
1.651492
1.651492
1.641829
1.641829
1.630756
1.630756
1.636891
1.636891
1.635534
1.635534
1.664457
1.664457
1.626622
1.626622
1.653828
1.653828
1.647013
1.647013
1.635423
1.635423
1.645048
1.645048
1.648386
1.648386
1.640496
1.640496
1.645535
1.645535
1.640873
1.640873
1.631740
1.631740
1.655185
1.655185
1.642533
1.642533
1.635932
1.635932
1.644527
1.644527
1.628649
1.628649
1.637908
1.637908
1.637949
1.637949
1.646043
1.646043
1.635736
1.635736
1.650971
1.650971
1.639434
1.639434
1.655731
1.655731
1.646532
1.646532
1.633883
1.633883
1.631296
1.631296
1.651839
1.651839
1.632533
1.632533
1.639698
1.639698
1.642550
1.642550
1.641234
1.641234
1.646703
1.646703
1.644516
1.644516
1.642647
1.642647
1.624789
1.624789
1.649878
1.649878
1.636467
1.636467
1.647240
1.647240
1.642668
1.642668
1.636673
1.636673
1.644867
1.644867
1.628053
1.628053
1.639880
1.639880
1.639802
1.639802
1.654460
1.654460
1.645558
1.645558
1.634408
1.634408
1.650206
1.650206
1.635764
1.635764
1.638682
1.638682
1.648635
1.648635
1.648988
1.648988
1.643241
1.643241
1.636821
1.636821
1.624129
1.624129
1.654745
1.654745
1.637512
1.637512
1.650783
1.650783
1.651373
1.651373
1.624903
1.624903
1.641922
1.641922
1.654964
1.654964
1.638782
1.638782
1.638159
1.638159
1.641366
1.641366
1.631906
1.631906
1.652180
1.652180
1.630723
1.630723
1.648089
1.648089
1.637588
1.637588
1.636591
1.636591
1.621967
1.621967
1.647981
1.647981
1.650440
1.650440
1.641274
1.641274
1.643948
1.643948
1.635310
1.635310
1.648817
1.648817
1.647083
1.647083
1.641340
1.641340
1.631976
1.631976
1.633841
1.633841
1.636980
1.636980
1.649525
1.649525
1.638269
1.638269
1.647148
1.647148
1.625970
1.625970
1.641741
1.641741
1.638535
1.638535
1.644675
1.644675
1.655602
1.655602
1.617373
1.617373
1.646381
1.646381
1.653985
1.653985
1.640758
1.640758
1.647363
1.647363
1.648173
1.648173
1.646562
1.646562
1.624702
1.624702
1.652914
1.652914
1.632223
1.632223
1.638658
1.638658
1.638348
1.638348
1.650750
1.650750
1.639327
1.639327
1.638174
1.638174
1.643151
1.643151
1.629826
1.629826
1.648486
1.648486
1.639003
1.639003
1.647502
1.647502
1.664556
1.664556
1.636558
1.636558
1.634605
1.634605
1.636235
1.636235
1.636313
1.636313
1.642297
1.642297
1.632849
1.632849
1.629956
1.629956
1.654226
1.654226
1.650688
1.650688
1.640822
1.640822
1.639969
1.639969
1.642762
1.642762
1.644236
1.644236
1.641703
1.641703
1.634442
1.634442
1.638651
1.638651
1.641501
1.641501
1.644279
1.644279
1.651497
1.651497
1.644497
1.644497
1.649900
1.649900
1.637371
1.637371
1.638470
1.638470
1.638820
1.638820
1.637906
1.637906
1.640553
1.640553
1.628472
1.628472
1.649736
1.649736
1.653247
1.653247
1.632131
1.632131
1.647302
1.647302
1.654540
1.654540
1.639897
1.639897
1.633923
1.633923
1.653669
1.653669
1.643159
1.643159
1.619541
1.619541
1.634745
1.634745
1.658206
1.658206
1.640470
1.640470
1.648586
1.648586
1.644878
1.644878
1.637649
1.637649
1.635360
1.635360
1.633074
1.633074
1.636780
1.636780
1.642905
1.642905
1.646505
1.646505
1.648306
1.648306
1.654371
1.654371
1.647907
1.647907
1.644715
1.644715
1.621775
1.621775
1.637371
1.637371
1.642796
1.642796
1.653372
1.653372
1.636504
1.636504
1.629042
1.629042
1.644316
1.644316
1.646631
1.646631
1.653283
1.653283
1.638766
1.638766
1.632723
1.632723
1.633144
1.633144
1.642189
1.642189
1.648627
1.648627
1.639548
1.639548
1.641269
1.641269
1.632558
1.632558
1.632855
1.632855
1.637926
1.637926
1.642107
1.642107
1.652421
1.652421
1.639217
1.639217
1.645420
1.645420
1.624451
1.624451
1.648220
1.648220
1.646774
1.646774
1.639556
1.639556
1.637142
1.637142
1.653391
1.653391
1.635620
1.635620
1.637414
1.637414
1.640844
1.640844
1.635339
1.635339
1.645506
1.645506
1.635922
1.635922
1.651034
1.651034
1.636003
1.636003
1.632185
1.632185
1.642188
1.642188
1.643116
1.643116
1.640569
1.640569
1.646146
1.646146
1.662556
1.662556
1.647954
1.647954
1.634548
1.634548
1.621833
1.621833
1.636002
1.636002
1.626549
1.626549
1.635360
1.635360
1.652354
1.652354
1.647205
1.647205
1.641570
1.641570
1.657331
1.657331
1.640621
1.640621
1.630330
1.630330
1.631130
1.631130
1.643521
1.643521
1.642627
1.642627
1.642843
1.642843
1.630521
1.630521
1.647418
1.647418
1.639047
1.639047
1.636703
1.636703
1.642283
1.642283
1.651733
1.651733
1.640784
1.640784
1.630319
1.630319
1.659129
1.659129
1.640769
1.640769
1.627564
1.627564
1.638449
1.638449
1.636589
1.636589
1.644228
1.644228
1.629294
1.629294
1.638891
1.638891
1.651939
1.651939
1.638473
1.638473
1.642194
1.642194
1.643845
1.643845
1.640299
1.640299
1.644408
1.644408
1.631582
1.631582
1.637468
1.637468
1.644978
1.644978
1.640343
1.640343
1.637595
1.637595
1.642945
1.642945
1.643331
1.643331
1.631245
1.631245
1.636911
1.636911
1.623554
1.623554
1.670552
1.670552
1.632932
1.632932
1.626031
1.626031
1.647114
1.647114
1.643731
1.643731
1.654205
1.654205
1.648126
1.648126
1.637917
1.637917
1.639003
1.639003
1.645951
1.645951
1.630583
1.630583
1.643497
1.643497
1.635334
1.635334
1.662806
1.662806
1.626368
1.626368
1.633460
1.633460
1.628746
1.628746
1.654638
1.654638
1.650540
1.650540
1.628537
1.628537
1.639251
1.639251
1.644211
1.644211
1.645276
1.645276
1.646205
1.646205
1.632413
1.632413
1.632993
1.632993
1.640215
1.640215
1.643018
1.643018
1.635536
1.635536
1.642918
1.642918
1.640232
1.640232
1.656402
1.656402
1.632617
1.632617
1.635993
1.635993
1.642235
1.642235
1.634245
1.634245
1.648906
1.648906
1.637712
1.637712
1.628025
1.628025
1.633279
1.633279
1.655387
1.655387
1.649909
1.649909
1.636452
1.636452
1.632917
1.632917
1.629147
1.629147
1.654832
1.654832
1.622538
1.622538
1.640085
1.640085
1.654065
1.654065
1.649844
1.649844
1.634943
1.634943
1.627072
1.627072
1.645579
1.645579
1.642330
1.642330
1.636745
1.636745
1.651126
1.651126
1.628957
1.628957
1.641995
1.641995
1.635594
1.635594
1.648198
1.648198
1.647931
1.647931
1.645728
1.645728
1.654527
1.654527
1.642835
1.642835
1.625203
1.625203
1.633052
1.633052
1.640606
1.640606
1.635350
1.635350
1.645974
1.645974
1.637946
1.637946
1.642239
1.642239
1.639957
1.639957
1.637430
1.637430
1.641152
1.641152
1.632246
1.632246
1.652266
1.652266
1.634588
1.634588
1.632367
1.632367
1.643078
1.643078
1.656267
1.656267
1.635331
1.635331
1.635529
1.635529
1.636225
1.636225
1.651353
1.651353
1.642618
1.642618
1.635839
1.635839
1.654567
1.654567
1.628423
1.628423
1.631783
1.631783
1.656795
1.656795
1.628987
1.628987
1.647124
1.647124
1.646053
1.646053
1.631800
1.631800
1.632852
1.632852
1.643654
1.643654
1.644001
1.644001
1.647315
1.647315
1.627823
1.627823
1.633335
1.633335
1.649793
1.649793
1.654763
1.654763
1.636583
1.636583
1.629595
1.629595
1.652428
1.652428
1.627203
1.627203
1.625861
1.625861
1.641898
1.641898
1.647951
1.647951
1.640664
1.640664
1.645800
1.645800
1.645019
1.645019
1.634654
1.634654
1.639631
1.639631
1.651584
1.651584
1.629935
1.629935
1.624854
1.624854
1.636890
1.636890
1.651400
1.651400
1.639534
1.639534
1.649609
1.649609
1.637436
1.637436
1.631270
1.631270
1.648357
1.648357
1.630242
1.630242
1.655176
1.655176
1.635219
1.635219
1.633816
1.633816
1.655433
1.655433
1.643977
1.643977
1.631757
1.631757
1.657632
1.657632
1.627117
1.627117
1.655628
1.655628
1.627282
1.627282
1.632298
1.632298
1.638532
1.638532
1.644331
1.644331
1.627369
1.627369
1.645281
1.645281
1.645247
1.645247
1.635041
1.635041
1.643040
1.643040
1.636061
1.636061
1.644361
1.644361
1.641639
1.641639
1.634016
1.634016
1.651463
1.651463
1.627978
1.627978
1.644387
1.644387
1.642067
1.642067
1.657654
1.657654
1.634662
1.634662
1.625429
1.625429
1.635833
1.635833
1.646468
1.646468
1.641987
1.641987
1.646486
1.646486
1.631824
1.631824
1.634444
1.634444
1.645054
1.645054
1.648407
1.648407
1.652885
1.652885
1.623092
1.623092
1.625498
1.625498
1.650207
1.650207
1.646456
1.646456
1.634490
1.634490
1.624461
1.624461
1.647143
1.647143
1.647017
1.647017
1.626822
1.626822
1.624476
1.624476
1.654446
1.654446
1.639352
1.639352
1.654947
1.654947
1.642232
1.642232
1.641418
1.641418
1.623104
1.623104
1.641161
1.641161
1.651862
1.651862
1.650586
1.650586
1.637921
1.637921
1.637153
1.637153
1.642087
1.642087
1.630134
1.630134
1.641377
1.641377
1.646141
1.646141
1.642306
1.642306
1.632713
1.632713
1.635649
1.635649
1.635733
1.635733
1.646758
1.646758
1.644613
1.644613
1.624614
1.624614
1.647148
1.647148
1.639740
1.639740
1.647135
1.647135
1.642173
1.642173
1.626907
1.626907
1.642291
1.642291
1.631144
1.631144
1.636637
1.636637
1.644340
1.644340
1.650732
1.650732
1.634690
1.634690
1.647784
1.647784
1.641757
1.641757
1.652804
1.652804
1.624652
1.624652
1.630062
1.630062
1.631329
1.631329
1.616805
1.616805
1.651208
1.651208
1.656203
1.656203
1.642493
1.642493
1.649243
1.649243
1.646356
1.646356
1.629611
1.629611
1.625842
1.625842
1.647478
1.647478
1.641082
1.641082
1.635128
1.635128
1.641473
1.641473
1.631714
1.631714
1.649238
1.649238
1.656310
1.656310
1.642873
1.642873
1.632719
1.632719
1.630080
1.630080
1.635329
1.635329
1.636364
1.636364
1.646814
1.646814
1.645584
1.645584
1.633299
1.633299
1.635083
1.635083
1.641500
1.641500
1.649642
1.649642
1.625323
1.625323
1.640603
1.640603
1.640397
1.640397
1.639665
1.639665
1.651994
1.651994
1.639151
1.639151
1.632305
1.632305
1.634317
1.634317
1.648788
1.648788
1.632266
1.632266
1.633823
1.633823
1.641635
1.641635
1.641974
1.641974
1.617963
1.617963
1.655363
1.655363
1.624495
1.624495
1.650021
1.650021
1.651567
1.651567
1.644648
1.644648
1.651859
1.651859
1.637522
1.637522
1.632151
1.632151
1.631407
1.631407
1.649649
1.649649
1.624315
1.624315
1.640806
1.640806
1.636619
1.636619
1.647408
1.647408
1.636082
1.636082
1.625823
1.625823
1.652147
1.652147
1.642455
1.642455
1.641708
1.641708
1.633149
1.633149
1.643692
1.643692
1.650686
1.650686
1.638288
1.638288
1.631438
1.631438
1.641953
1.641953
1.643963
1.643963
1.647771
1.647771
1.646241
1.646241
1.616181
1.616181
1.637278
1.637278
1.630202
1.630202
1.641695
1.641695
1.646300
1.646300
1.643047
1.643047
1.637014
1.637014
1.647864
1.647864
1.623532
1.623532
1.642461
1.642461
1.648119
1.648119
1.634918
1.634918
1.636589
1.636589
1.640039
1.640039
1.641848
1.641848
1.645401
1.645401
1.641966
1.641966
1.643676
1.643676
1.640701
1.640701
1.635836
1.635836
1.635750
1.635750
1.638944
1.638944
1.636407
1.636407
1.640521
1.640521
1.641116
1.641116
1.641356
1.641356
1.641050
1.641050
1.627125
1.627125
1.638198
1.638198
1.654959
1.654959
1.636736
1.636736
1.644108
1.644108
1.634947
1.634947
1.645183
1.645183
1.623340
1.623340
1.651927
1.651927
1.645995
1.645995
1.633322
1.633322
1.649465
1.649465
1.632924
1.632924
1.636396
1.636396
1.649728
1.649728
1.645441
1.645441
1.641371
1.641371
1.625663
1.625663
1.635572
1.635572
1.644373
1.644373
1.626851
1.626851
1.646808
1.646808
1.643003
1.643003
1.636595
1.636595
1.652869
1.652869
1.644985
1.644985
1.631998
1.631998
1.633418
1.633418
1.633853
1.633853
1.627915
1.627915
1.663035
1.663035
1.629925
1.629925
1.647036
1.647036
1.628997
1.628997
1.646106
1.646106
1.637599
1.637599
1.626763
1.626763
1.652449
1.652449
1.635038
1.635038
1.643353
1.643353
1.632979
1.632979
1.641748
1.641748
1.643342
1.643342
1.637093
1.637093
1.663741
1.663741
1.643960
1.643960
1.630886
1.630886
1.629113
1.629113
1.630231
1.630231
1.645313
1.645313
1.638312
1.638312
1.634747
1.634747
1.639621
1.639621
1.640439
1.640439
1.638840
1.638840
1.650392
1.650392
1.640287
1.640287
1.639808
1.639808
1.627559
1.627559
1.641079
1.641079
1.641237
1.641237
1.626017
1.626017
1.650710
1.650710
1.638420
1.638420
1.645940
1.645940
1.644136
1.644136
1.642117
1.642117
1.637780
1.637780
1.626211
1.626211
1.634557
1.634557
1.642755
1.642755
1.639313
1.639313
1.648407
1.648407
1.631441
1.631441
1.643990
1.643990
1.658538
1.658538
1.628697
1.628697
1.628947
1.628947
1.636514
1.636514
1.633898
1.633898
1.645784
1.645784
1.638001
1.638001
1.638650
1.638650
1.640439
1.640439
1.620441
1.620441
1.646465
1.646465
1.633180
1.633180
1.650326
1.650326
1.646738
1.646738
1.642827
1.642827
1.644945
1.644945
1.641370
1.641370
1.627512
1.627512
1.639937
1.639937
1.636893
1.636893
1.630304
1.630304
1.644194
1.644194
1.637327
1.637327
1.648460
1.648460
1.639323
1.639323
1.642465
1.642465
1.628569
1.628569
1.640865
1.640865
1.645321
1.645321
1.637785
1.637785
1.636868
1.636868
1.647523
1.647523
1.632763
1.632763
1.640992
1.640992
1.634667
1.634667
1.633155
1.633155
1.648031
1.648031
1.634924
1.634924
1.645376
1.645376
1.661474
1.661474
1.641685
1.641685
1.635397
1.635397
1.635564
1.635564
1.619590
1.619590
1.651805
1.651805
1.640016
1.640016
1.641076
1.641076
1.630832
1.630832
1.630569
1.630569
1.634517
1.634517
1.635396
1.635396
1.639974
1.639974
1.637149
1.637149
1.648797
1.648797
1.631783
1.631783
1.642592
1.642592
1.648037
1.648037
1.629130
1.629130
1.643978
1.643978
1.632876
1.632876
1.638442
1.638442
1.639823
1.639823
1.639910
1.639910
1.644558
1.644558
1.644980
1.644980
1.638208
1.638208
1.639169
1.639169
1.631375
1.631375
1.641664
1.641664
1.643699
1.643699
1.636853
1.636853
1.644012
1.644012
1.632913
1.632913
1.637628
1.637628
1.639785
1.639785
1.639386
1.639386
1.637297
1.637297
1.638194
1.638194
1.640787
1.640787
1.642362
1.642362
1.640705
1.640705
1.645669
1.645669
1.626928
1.626928
1.639759
1.639759
1.625915
1.625915
1.639924
1.639924
1.634385
1.634385
1.650884
1.650884
1.644778
1.644778
1.627946
1.627946
1.637938
1.637938
1.637531
1.637531
1.643496
1.643496
1.649254
1.649254
1.633435
1.633435
1.641084
1.641084
1.626381
1.626381
1.651943
1.651943
1.642385
1.642385
1.632439
1.632439
1.639318
1.639318
1.636033
1.636033
1.632140
1.632140
1.656281
1.656281
1.649684
1.649684
1.641778
1.641778
1.631135
1.631135
1.648684
1.648684
1.621864
1.621864
1.644576
1.644576
1.641564
1.641564
1.627973
1.627973
1.649762
1.649762
1.629584
1.629584
1.635690
1.635690
1.652168
1.652168
1.623339
1.623339
1.641464
1.641464
1.641449
1.641449
1.629493
1.629493
1.639686
1.639686
1.634110
1.634110
1.646664
1.646664
1.644135
1.644135
1.631566
1.631566
1.639334
1.639334
1.652574
1.652574
1.634182
1.634182
1.635239
1.635239
1.632540
1.632540
1.646506
1.646506
1.638871
1.638871
1.625534
1.625534
1.650424
1.650424
1.647061
1.647061
1.626974
1.626974
1.642136
1.642136
1.633590
1.633590
1.643550
1.643550
1.644393
1.644393
1.642658
1.642658
1.633439
1.633439
1.634292
1.634292
1.638158
1.638158
1.618711
1.618711
1.633375
1.633375
1.652609
1.652609
1.649989
1.649989
1.638270
1.638270
1.630276
1.630276
1.639982
1.639982
1.650159
1.650159
1.632215
1.632215
1.640516
1.640516
1.645378
1.645378
1.633717
1.633717
1.623853
1.623853
1.647587
1.647587
1.642804
1.642804
1.651280
1.651280
1.623552
1.623552
1.649606
1.649606
1.640943
1.640943
1.626336
1.626336
1.638071
1.638071
1.635429
1.635429
1.641081
1.641081
1.626820
1.626820
1.652326
1.652326
1.635847
1.635847
1.642123
1.642123
1.644507
1.644507
1.632015
1.632015
1.638314
1.638314
1.620260
1.620260
1.644974
1.644974
1.649603
1.649603
1.629666
1.629666
1.649772
1.649772
1.624457
1.624457
1.648870
1.648870
1.651132
1.651132
1.622697
1.622697
1.647074
1.647074
1.643897
1.643897
1.626985
1.626985
1.651376
1.651376
1.627939
1.627939
1.643736
1.643736
1.638748
1.638748
1.640190
1.640190
1.637768
1.637768
1.643780
1.643780
1.632385
1.632385
1.641222
1.641222
1.629596
1.629596
1.627174
1.627174
1.646689
1.646689
1.649749
1.649749
1.632970
1.632970
1.656247
1.656247
1.638911
1.638911
1.638584
1.638584
1.625798
1.625798
1.640435
1.640435
1.632933
1.632933
1.647542
1.647542
1.638897
1.638897
1.633520
1.633520
1.643967
1.643967
1.638850
1.638850
1.633919
1.633919
1.623259
1.623259
1.655839
1.655839
