2.341987
2.341987
2.342344
2.342344
2.340811
2.340811
2.342161
2.342161
2.340748
2.340748
2.340066
2.340066
2.343361
2.343361
2.342088
2.342088
2.338777
2.338777
2.340071
2.340071
2.341091
2.341091
2.339058
2.339058
2.338517
2.338517
2.339634
2.339634
2.341035
2.341035
2.338307
2.338307
2.339222
2.339222
2.338952
2.338952
2.338753
2.338753
2.337185
2.337185
2.335801
2.335801
2.338996
2.338996
2.337036
2.337036
2.336178
2.336178
2.339104
2.339104
2.337309
2.337309
2.337798
2.337798
2.337499
2.337499
2.334816
2.334816
2.333049
2.333049
2.336082
2.336082
2.336110
2.336110
2.336068
2.336068
2.334770
2.334770
2.333398
2.333398
2.333814
2.333814
2.336434
2.336434
2.333752
2.333752
2.334546
2.334546
2.335263
2.335263
2.334481
2.334481
2.334711
2.334711
2.334096
2.334096
2.334889
2.334889
2.333264
2.333264
2.336026
2.336026
2.333496
2.333496
2.334902
2.334902
2.333708
2.333708
2.332816
2.332816
2.334277
2.334277
2.333846
2.333846
2.333030
2.333030
2.335852
2.335852
2.335590
2.335590
2.334272
2.334272
2.336553
2.336553
2.335872
2.335872
2.334537
2.334537
2.333246
2.333246
2.336055
2.336055
2.332752
2.332752
2.335938
2.335938
2.336589
2.336589
2.337666
2.337666
2.336767
2.336767
2.336696
2.336696
2.336562
2.336562
2.336337
2.336337
2.336118
2.336118
2.336922
2.336922
2.338001
2.338001
2.337467
2.337467
2.338342
2.338342
2.334975
2.334975
2.336677
2.336677
2.338832
2.338832
2.337245
2.337245
2.337885
2.337885
2.338445
2.338445
2.339780
2.339780
2.338227
2.338227
2.337055
2.337055
2.338364
2.338364
2.336044
2.336044
2.337656
2.337656
2.338352
2.338352
2.337787
2.337787
2.338273
2.338273
2.337241
2.337241
2.337969
2.337969
2.338246
2.338246
2.338123
2.338123
2.335483
2.335483
2.337806
2.337806
2.335542
2.335542
2.336986
2.336986
2.336446
2.336446
2.337792
2.337792
2.338115
2.338115
2.334096
2.334096
2.337322
2.337322
2.336545
2.336545
2.336961
2.336961
2.335464
2.335464
2.336988
2.336988
2.335953
2.335953
2.334380
2.334380
2.334968
2.334968
2.332765
2.332765
2.335107
2.335107
2.334958
2.334958
2.333339
2.333339
2.331347
2.331347
2.335342
2.335342
2.334756
2.334756
2.331775
2.331775
2.332196
2.332196
2.331902
2.331902
2.331528
2.331528
2.330751
2.330751
2.327872
2.327872
2.333001
2.333001
2.331427
2.331427
2.330505
2.330505
2.332001
2.332001
2.328747
2.328747
2.327126
2.327126
2.328658
2.328658
2.325810
2.325810
2.327299
2.327299
2.327561
2.327561
2.325171
2.325171
2.325367
2.325367
2.324759
2.324759
2.322643
2.322643
2.323427
2.323427
2.325121
2.325121
2.322008
2.322008
2.321800
2.321800
2.321535
2.321535
2.320081
2.320081
2.316731
2.316731
2.319628
2.319628
2.318889
2.318889
2.318138
2.318138
2.315085
2.315085
2.318127
2.318127
2.312223
2.312223
2.310172
2.310172
2.312946
2.312946
2.309485
2.309485
2.311002
2.311002
2.307945
2.307945
2.306551
2.306551
2.306021
2.306021
2.304875
2.304875
2.303792
2.303792
2.302329
2.302329
2.299211
2.299211
2.298079
2.298079
2.298855
2.298855
2.292449
2.292449
2.294966
2.294966
2.294619
2.294619
2.287402
2.287402
2.291038
2.291038
2.287727
2.287727
2.282139
2.282139
2.284001
2.284001
2.279765
2.279765
2.279632
2.279632
2.275963
2.275963
2.271955
2.271955
2.267791
2.267791
2.269132
2.269132
2.264615
2.264615
2.262020
2.262020
2.253459
2.253459
2.258798
2.258798
2.254624
2.254624
2.247321
2.247321
2.243134
2.243134
2.241460
2.241460
2.236280
2.236280
2.233618
2.233618
2.227359
2.227359
2.227245
2.227245
2.214984
2.214984
2.217469
2.217469
2.212674
2.212674
2.202420
2.202420
2.198506
2.198506
2.193311
2.193311
2.187507
2.187507
2.175237
2.175237
2.181073
2.181073
2.171875
2.171875
2.166732
2.166732
2.144940
2.144940
2.146843
2.146843
2.136166
2.136166
2.134621
2.134621
2.130738
2.130738
2.113908
2.113908
2.112222
2.112222
2.096643
2.096643
2.091131
2.091131
2.081437
2.081437
2.075020
2.075020
2.065337
2.065337
2.047945
2.047945
2.048149
2.048149
2.045496
2.045496
2.022377
2.022377
2.012476
2.012476
2.003273
2.003273
2.001570
2.001570
2.001529
2.001529
1.977172
1.977172
1.960362
1.960362
1.967381
1.967381
1.957914
1.957914
1.946070
1.946070
1.938684
1.938684
1.928554
1.928554
1.921021
1.921021
1.917435
1.917435
1.901074
1.901074
1.892705
1.892705
1.884825
1.884825
1.881024
1.881024
1.872784
1.872784
1.866969
1.866969
1.880782
1.880782
1.850760
1.850760
1.862885
1.862885
1.850729
1.850729
1.831594
1.831594
1.836640
1.836640
1.827255
1.827255
1.831349
1.831349
1.821296
1.821296
1.820749
1.820749
1.811239
1.811239
1.803136
1.803136
1.810746
1.810746
1.801280
1.801280
1.804425
1.804425
1.799594
1.799594
1.806485
1.806485
1.778713
1.778713
1.784290
1.784290
1.791823
1.791823
1.783602
1.783602
1.791478
1.791478
1.776950
1.776950
1.778910
1.778910
1.769928
1.769928
1.769419
1.769419
1.768185
1.768185
1.771513
1.771513
1.758944
1.758944
1.776638
1.776638
1.768762
1.768762
1.763365
1.763365
1.766278
1.766278
1.762054
1.762054
1.750119
1.750119
1.766351
1.766351
1.759337
1.759337
1.750154
1.750154
1.751709
1.751709
1.748206
1.748206
1.768502
1.768502
1.746195
1.746195
1.748320
1.748320
1.749426
1.749426
1.745894
1.745894
1.757530
1.757530
1.739855
1.739855
1.751668
1.751668
1.742858
1.742858
1.739884
1.739884
1.743746
1.743746
1.744322
1.744322
1.737681
1.737681
1.738052
1.738052
1.734405
1.734405
1.737173
1.737173
1.735000
1.735000
1.744384
1.744384
1.740824
1.740824
1.722295
1.722295
1.721494
1.721494
1.742369
1.742369
1.720432
1.720432
1.718465
1.718465
1.732906
1.732906
1.728541
1.728541
1.715114
1.715114
1.731361
1.731361
1.719560
1.719560
1.729358
1.729358
1.724892
1.724892
1.731284
1.731284
1.716359
1.716359
1.716915
1.716915
1.724134
1.724134
1.706271
1.706271
1.730365
1.730365
1.721090
1.721090
1.703017
1.703017
1.707798
1.707798
1.714542
1.714542
1.713249
1.713249
1.709729
1.709729
1.711425
1.711425
1.717604
1.717604
1.702589
1.702589
1.714410
1.714410
1.711646
1.711646
1.717868
1.717868
1.689732
1.689732
1.702890
1.702890
1.708380
1.708380
1.705339
1.705339
1.704040
1.704040
1.701962
1.701962
1.698705
1.698705
1.711332
1.711332
1.695440
1.695440
1.697631
1.697631
1.690552
1.690552
1.709486
1.709486
1.716224
1.716224
1.691519
1.691519
1.695720
1.695720
1.693263
1.693263
1.685543
1.685543
1.693131
1.693131
1.678626
1.678626
1.704165
1.704165
1.691508
1.691508
1.703770
1.703770
1.702343
1.702343
1.686085
1.686085
1.697475
1.697475
1.691326
1.691326
1.671240
1.671240
1.685591
1.685591
1.672256
1.672256
1.700240
1.700240
1.691397
1.691397
1.689914
1.689914
1.676808
1.676808
1.696436
1.696436
1.682790
1.682790
1.685068
1.685068
1.683893
1.683893
1.695519
1.695519
1.682483
1.682483
1.668425
1.668425
1.682143
1.682143
1.683383
1.683383
1.682524
1.682524
1.679315
1.679315
1.688911
1.688911
1.676223
1.676223
1.669002
1.669002
1.683343
1.683343
1.678004
1.678004
1.672823
1.672823
1.679186
1.679186
1.670952
1.670952
1.676108
1.676108
1.675044
1.675044
1.671924
1.671924
1.674391
1.674391
1.676780
1.676780
1.658712
1.658712
1.673403
1.673403
1.668195
1.668195
1.690047
1.690047
1.671387
1.671387
1.667133
1.667133
1.680350
1.680350
1.678894
1.678894
1.661322
1.661322
1.659866
1.659866
1.661721
1.661721
1.663706
1.663706
1.671625
1.671625
1.672828
1.672828
1.668635
1.668635
1.665132
1.665132
1.663171
1.663171
1.670101
1.670101
1.661671
1.661671
1.667763
1.667763
1.665690
1.665690
1.663865
1.663865
1.669975
1.669975
1.656671
1.656671
1.659577
1.659577
1.662640
1.662640
1.662017
1.662017
1.657281
1.657281
1.665388
1.665388
1.658612
1.658612
1.653556
1.653556
1.664044
1.664044
1.650592
1.650592
1.666414
1.666414
1.663719
1.663719
1.659041
1.659041
1.660841
1.660841
1.649675
1.649675
1.667287
1.667287
1.649417
1.649417
1.668882
1.668882
1.648325
1.648325
1.651246
1.651246
1.653565
1.653565
1.657931
1.657931
1.657866
1.657866
1.655202
1.655202
1.654114
1.654114
1.654916
1.654916
1.647295
1.647295
1.647099
1.647099
1.654798
1.654798
1.638606
1.638606
1.656535
1.656535
1.670208
1.670208
1.645872
1.645872
1.647524
1.647524
1.663043
1.663043
1.653919
1.653919
1.642663
1.642663
1.645833
1.645833
1.654769
1.654769
1.647737
1.647737
1.652387
1.652387
1.645511
1.645511
1.649958
1.649958
1.641594
1.641594
1.638506
1.638506
1.659261
1.659261
1.650846
1.650846
1.642644
1.642644
1.659891
1.659891
1.642214
1.642214
1.650946
1.650946
1.632794
1.632794
1.645243
1.645243
1.642666
1.642666
1.640449
1.640449
1.659258
1.659258
1.634074
1.634074
1.639022
1.639022
1.646814
1.646814
1.648175
1.648175
1.646260
1.646260
1.634932
1.634932
1.655676
1.655676
1.635916
1.635916
1.647575
1.647575
1.631919
1.631919
1.637976
1.637976
1.637066
1.637066
1.634289
1.634289
1.654242
1.654242
1.628769
1.628769
1.651528
1.651528
1.635043
1.635043
1.641541
1.641541
1.642746
1.642746
1.638575
1.638575
1.638957
1.638957
1.642282
1.642282
1.639757
1.639757
1.637041
1.637041
1.636897
1.636897
1.633774
1.633774
1.630602
1.630602
1.641887
1.641887
1.637022
1.637022
1.641392
1.641392
1.633257
1.633257
1.630274
1.630274
1.637804
1.637804
1.638531
1.638531
1.646479
1.646479
1.623275
1.623275
1.633294
1.633294
1.636360
1.636360
1.641941
1.641941
1.637423
1.637423
1.621705
1.621705
1.642324
1.642324
1.635215
1.635215
1.629108
1.629108
1.629963
1.629963
1.630857
1.630857
1.631259
1.631259
1.636952
1.636952
1.640576
1.640576
1.627760
1.627760
1.623833
1.623833
1.631977
1.631977
1.622772
1.622772
1.632096
1.632096
1.635603
1.635603
1.635833
1.635833
1.621442
1.621442
1.629017
1.629017
1.642285
1.642285
1.623080
1.623080
1.638108
1.638108
1.622706
1.622706
1.629390
1.629390
1.639124
1.639124
1.627668
1.627668
1.627578
1.627578
1.631685
1.631685
1.634281
1.634281
1.618014
1.618014
1.630434
1.630434
1.626936
1.626936
1.629344
1.629344
1.627169
1.627169
1.631883
1.631883
1.624915
1.624915
1.621928
1.621928
1.625399
1.625399
1.638579
1.638579
1.623694
1.623694
1.629526
1.629526
1.610718
1.610718
1.625244
1.625244
1.623949
1.623949
1.624328
1.624328
1.629394
1.629394
1.623693
1.623693
1.639362
1.639362
1.619315
1.619315
1.626327
1.626327
1.620520
1.620520
1.614422
1.614422
1.627336
1.627336
1.618099
1.618099
1.626750
1.626750
1.624169
1.624169
1.621048
1.621048
1.612280
1.612280
1.627704
1.627704
1.628888
1.628888
1.615935
1.615935
1.631089
1.631089
1.623655
1.623655
1.619582
1.619582
1.625566
1.625566
1.629375
1.629375
1.607784
1.607784
1.612725
1.612725
1.613303
1.613303
1.630174
1.630174
1.626888
1.626888
1.622275
1.622275
1.618371
1.618371
1.623992
1.623992
1.615363
1.615363
1.624789
1.624789
1.617716
1.617716
1.628821
1.628821
1.621074
1.621074
1.612100
1.612100
1.617426
1.617426
1.616623
1.616623
1.617278
1.617278
1.618867
1.618867
1.615814
1.615814
1.608976
1.608976
1.636072
1.636072
1.618128
1.618128
1.615216
1.615216
1.613440
1.613440
1.625297
1.625297
1.616284
1.616284
1.614565
1.614565
1.624902
1.624902
1.618674
1.618674
1.608436
1.608436
1.618460
1.618460
1.615242
1.615242
1.621926
1.621926
1.622743
1.622743
1.606089
1.606089
1.614558
1.614558
1.621670
1.621670
1.614746
1.614746
1.613835
1.613835
1.611665
1.611665
1.615087
1.615087
1.609813
1.609813
1.623375
1.623375
1.609414
1.609414
1.613084
1.613084
1.618500
1.618500
1.618023
1.618023
1.601241
1.601241
1.617109
1.617109
1.613430
1.613430
1.621708
1.621708
1.621477
1.621477
1.606319
1.606319
1.621854
1.621854
1.609521
1.609521
1.604650
1.604650
1.609500
1.609500
1.594471
1.594471
1.616486
1.616486
1.630763
1.630763
1.610524
1.610524
1.624558
1.624558
1.600284
1.600284
1.615068
1.615068
1.603983
1.603983
1.615876
1.615876
1.616001
1.616001
1.600091
1.600091
1.615111
1.615111
1.612056
1.612056
1.612380
1.612380
1.605116
1.605116
1.622691
1.622691
1.596255
1.596255
1.610609
1.610609
1.619581
1.619581
1.606353
1.606353
1.598248
1.598248
1.617259
1.617259
1.621302
1.621302
1.604326
1.604326
1.611329
1.611329
1.605908
1.605908
1.604657
1.604657
1.611195
1.611195
1.613590
1.613590
1.607315
1.607315
1.608554
1.608554
1.606835
1.606835
1.608842
1.608842
1.611633
1.611633
1.608871
1.608871
1.601755
1.601755
1.616369
1.616369
1.604352
1.604352
1.608005
1.608005
1.598766
1.598766
1.618207
1.618207
1.598531
1.598531
1.609498
1.609498
1.613010
1.613010
1.608648
1.608648
1.592451
1.592451
1.605674
1.605674
1.614426
1.614426
1.614884
1.614884
1.605704
1.605704
1.599166
1.599166
1.605611
1.605611
1.606872
1.606872
1.616485
1.616485
1.606884
1.606884
1.609671
1.609671
1.597185
1.597185
1.615802
1.615802
1.597059
1.597059
1.605283
1.605283
1.609266
1.609266
1.610241
1.610241
1.608076
1.608076
1.589533
1.589533
1.598567
1.598567
1.601967
1.601967
1.609813
1.609813
1.605657
1.605657
1.608550
1.608550
1.595416
1.595416
1.614641
1.614641
1.607287
1.607287
1.602044
1.602044
1.600665
1.600665
1.600184
1.600184
1.597459
1.597459
1.613786
1.613786
1.608725
1.608725
1.596459
1.596459
1.601217
1.601217
1.597008
1.597008
1.608085
1.608085
1.601175
1.601175
1.610072
1.610072
1.596566
1.596566
1.596215
1.596215
1.602385
1.602385
1.609817
1.609817
1.610141
1.610141
1.605641
1.605641
1.606657
1.606657
1.591370
1.591370
1.604697
1.604697
1.602330
1.602330
1.602642
1.602642
1.602498
1.602498
1.588254
1.588254
1.606559
1.606559
1.610012
1.610012
1.606547
1.606547
1.592844
1.592844
1.603444
1.603444
1.590884
1.590884
1.615120
1.615120
1.603250
1.603250
1.606699
1.606699
1.599323
1.599323
1.591218
1.591218
1.602934
1.602934
1.596402
1.596402
1.594104
1.594104
1.598171
1.598171
1.604536
1.604536
1.609383
1.609383
1.606948
1.606948
1.596304
1.596304
1.593786
1.593786
1.599618
1.599618
1.601802
1.601802
1.609727
1.609727
1.601064
1.601064
1.602552
1.602552
1.596219
1.596219
1.581717
1.581717
1.596311
1.596311
1.604444
1.604444
1.598609
1.598609
1.592524
1.592524
1.602386
1.602386
1.608535
1.608535
1.591241
1.591241
1.597743
1.597743
1.601183
1.601183
1.590779
1.590779
1.597753
1.597753
1.600944
1.600944
1.592299
1.592299
1.615457
1.615457
1.577704
1.577704
1.605920
1.605920
1.593930
1.593930
1.592203
1.592203
1.602813
1.602813
1.590159
1.590159
1.595930
1.595930
1.595507
1.595507
1.597302
1.597302
1.599419
1.599419
1.596093
1.596093
1.596111
1.596111
1.595544
1.595544
1.602606
1.602606
1.589835
1.589835
1.598635
1.598635
1.597688
1.597688
1.596462
1.596462
1.592659
1.592659
1.598415
1.598415
1.594541
1.594541
1.590176
1.590176
1.603527
1.603527
1.598244
1.598244
1.594400
1.594400
1.590497
1.590497
1.593857
1.593857
1.593249
1.593249
1.593834
1.593834
1.596111
1.596111
1.600348
1.600348
1.585635
1.585635
1.594821
1.594821
1.594114
1.594114
1.597387
1.597387
1.604673
1.604673
1.592701
1.592701
1.596556
1.596556
1.591328
1.591328
1.597970
1.597970
1.593707
1.593707
1.583448
1.583448
1.594189
1.594189
1.597322
1.597322
1.600282
1.600282
1.595903
1.595903
1.587817
1.587817
1.593304
1.593304
1.595522
1.595522
1.597532
1.597532
1.594952
1.594952
1.592417
1.592417
1.589511
1.589511
1.597841
1.597841
1.598427
1.598427
1.587244
1.587244
1.589881
1.589881
1.594626
1.594626
1.596509
1.596509
1.597247
1.597247
1.584721
1.584721
1.601719
1.601719
1.588106
1.588106
1.587762
1.587762
1.590530
1.590530
1.595625
1.595625
1.585756
1.585756
1.596932
1.596932
1.598449
1.598449
1.599574
1.599574
1.576475
1.576475
1.602078
1.602078
1.584070
1.584070
1.587465
1.587465
1.596672
1.596672
1.587563
1.587563
1.585070
1.585070
1.595936
1.595936
1.595931
1.595931
1.589577
1.589577
1.589892
1.589892
1.596337
1.596337
1.590679
1.590679
1.592780
1.592780
1.577091
1.577091
1.600008
1.600008
1.595156
1.595156
1.597498
1.597498
1.587317
1.587317
1.585922
1.585922
1.585789
1.585789
1.589238
1.589238
1.587876
1.587876
1.598573
1.598573
1.578812
1.578812
1.598825
1.598825
1.593669
1.593669
1.591397
1.591397
1.593351
1.593351
1.583656
1.583656
1.586722
1.586722
1.588291
1.588291
1.588404
1.588404
1.600564
1.600564
1.591785
1.591785
1.575628
1.575628
1.582796
1.582796
1.605007
1.605007
1.589489
1.589489
1.583307
1.583307
1.584789
1.584789
1.582823
1.582823
1.597582
1.597582
1.583289
1.583289
1.593089
1.593089
1.587941
1.587941
1.588317
1.588317
1.588076
1.588076
1.592081
1.592081
1.585266
1.585266
1.590067
1.590067
1.583576
1.583576
1.594018
1.594018
1.593399
1.593399
1.595903
1.595903
1.570574
1.570574
1.587906
1.587906
1.579680
1.579680
1.591522
1.591522
1.596033
1.596033
1.584093
1.584093
1.595067
1.595067
1.576316
1.576316
1.596272
1.596272
1.577536
1.577536
1.595180
1.595180
1.577889
1.577889
1.583069
1.583069
1.588561
1.588561
1.598997
1.598997
1.588912
1.588912
1.586385
1.586385
1.594506
1.594506
1.577861
1.577861
1.587347
1.587347
1.590240
1.590240
1.586055
1.586055
1.591199
1.591199
1.584442
1.584442
1.589705
1.589705
1.581238
1.581238
1.582153
1.582153
1.581633
1.581633
1.594039
1.594039
1.578851
1.578851
1.598801
1.598801
1.598552
1.598552
1.584217
1.584217
1.578198
1.578198
1.578611
1.578611
1.593053
1.593053
1.595759
1.595759
1.588389
1.588389
1.578537
1.578537
1.584830
1.584830
1.580776
1.580776
1.594488
1.594488
1.583978
1.583978
1.582828
1.582828
1.588535
1.588535
1.576002
1.576002
1.594519
1.594519
1.583844
1.583844
1.586242
1.586242
1.580558
1.580558
1.580453
1.580453
1.576647
1.576647
1.583485
1.583485
1.579045
1.579045
1.593810
1.593810
1.594793
1.594793
1.584602
1.584602
1.580827
1.580827
1.580698
1.580698
1.592014
1.592014
1.586072
1.586072
1.582886
1.582886
1.594783
1.594783
1.580404
1.580404
1.574641
1.574641
1.591346
1.591346
1.585263
1.585263
1.582921
1.582921
1.578864
1.578864
1.587130
1.587130
1.587589
1.587589
1.581280
1.581280
1.578368
1.578368
1.583297
1.583297
1.590299
1.590299
1.587030
1.587030
1.580321
1.580321
1.583495
1.583495
1.589881
1.589881
1.582002
1.582002
1.582187
1.582187
1.588947
1.588947
1.591627
1.591627
1.576809
1.576809
1.580613
1.580613
1.577508
1.577508
1.585384
1.585384
1.581140
1.581140
1.577910
1.577910
1.578253
1.578253
1.595998
1.595998
1.590120
1.590120
1.581054
1.581054
1.588306
1.588306
1.573702
1.573702
1.580271
1.580271
1.587686
1.587686
1.584436
1.584436
1.586178
1.586178
1.578784
1.578784
1.573102
1.573102
1.589931
1.589931
1.587690
1.587690
1.576090
1.576090
1.584418
1.584418
1.569960
1.569960
1.589517
1.589517
1.584274
1.584274
1.577969
1.577969
1.569777
1.569777
1.590477
1.590477
1.581538
1.581538
1.587159
1.587159
1.584638
1.584638
1.574308
1.574308
1.581060
1.581060
1.578915
1.578915
1.580637
1.580637
1.575497
1.575497
1.578600
1.578600
1.598198
1.598198
1.576655
1.576655
1.589805
1.589805
1.577577
1.577577
1.585188
1.585188
1.576387
1.576387
1.581500
1.581500
1.571171
1.571171
1.587372
1.587372
1.580362
1.580362
1.586893
1.586893
1.575021
1.575021
1.582031
1.582031
1.582311
1.582311
1.583791
1.583791
1.581983
1.581983
1.583967
1.583967
1.586566
1.586566
1.581766
1.581766
1.573398
1.573398
1.577097
1.577097
1.572726
1.572726
1.583902
1.583902
1.592040
1.592040
1.580528
1.580528
1.570815
1.570815
1.574572
1.574572
1.577237
1.577237
1.585990
1.585990
1.580922
1.580922
1.583154
1.583154
1.583788
1.583788
1.590268
1.590268
1.582920
1.582920
1.573234
1.573234
1.566364
1.566364
1.584052
1.584052
1.578043
1.578043
1.577757
1.577757
1.579158
1.579158
1.579467
1.579467
1.563079
1.563079
1.580185
1.580185
1.593127
1.593127
1.579821
1.579821
1.581477
1.581477
1.575689
1.575689
1.590500
1.590500
1.575777
1.575777
1.585316
1.585316
1.565226
1.565226
1.580760
1.580760
1.575904
1.575904
1.575101
1.575101
1.583580
1.583580
1.579507
1.579507
1.587013
1.587013
1.565667
1.565667
1.571761
1.571761
1.587170
1.587170
1.582997
1.582997
1.581725
1.581725
1.570029
1.570029
1.578770
1.578770
1.576371
1.576371
1.587813
1.587813
1.581199
1.581199
1.579452
1.579452
1.576057
1.576057
1.575216
1.575216
1.579863
1.579863
1.582083
1.582083
1.579690
1.579690
1.568000
1.568000
1.573107
1.573107
1.590485
1.590485
1.584875
1.584875
1.578808
1.578808
1.571703
1.571703
1.578494
1.578494
1.574528
1.574528
1.571563
1.571563
1.583460
1.583460
1.579178
1.579178
1.576418
1.576418
1.577686
1.577686
1.574166
1.574166
1.581231
1.581231
1.579484
1.579484
1.576019
1.576019
1.576206
1.576206
1.574537
1.574537
1.584926
1.584926
1.575294
1.575294
1.567766
1.567766
1.586041
1.586041
1.580635
1.580635
1.579256
1.579256
1.573083
1.573083
1.570264
1.570264
1.583673
1.583673
1.572148
1.572148
1.572596
1.572596
1.586641
1.586641
1.580447
1.580447
1.570967
1.570967
1.573078
1.573078
1.575119
1.575119
1.571878
1.571878
1.582423
1.582423
1.582050
1.582050
1.569970
1.569970
1.582727
1.582727
1.582369
1.582369
1.571342
1.571342
1.575765
1.575765
1.574552
1.574552
1.576882
1.576882
1.584607
1.584607
1.569554
1.569554
1.575705
1.575705
1.570388
1.570388
1.575575
1.575575
1.579241
1.579241
1.577745
1.577745
1.577864
1.577864
1.577382
1.577382
1.576969
1.576969
1.576977
1.576977
1.570759
1.570759
1.577584
1.577584
1.572562
1.572562
1.577543
1.577543
1.571806
1.571806
1.578634
1.578634
1.578465
1.578465
1.578415
1.578415
1.565323
1.565323
1.573981
1.573981
1.581612
1.581612
1.578999
1.578999
1.577492
1.577492
1.578090
1.578090
1.564734
1.564734
1.579224
1.579224
1.577589
1.577589
1.580295
1.580295
1.571708
1.571708
1.574893
1.574893
1.575407
1.575407
1.572783
1.572783
1.566722
1.566722
1.590797
1.590797
1.571813
1.571813
1.579455
1.579455
1.562846
1.562846
1.573835
1.573835
1.573818
1.573818
1.574242
1.574242
1.572721
1.572721
1.580259
1.580259
1.583938
1.583938
1.576181
1.576181
1.574326
1.574326
1.562865
1.562865
1.575379
1.575379
1.571347
1.571347
1.582749
1.582749
1.574100
1.574100
1.576052
1.576052
1.565039
1.565039
1.570840
1.570840
1.570457
1.570457
1.584341
1.584341
1.569435
1.569435
1.576195
1.576195
1.569772
1.569772
1.576669
1.576669
1.566315
1.566315
1.580102
1.580102
1.578001
1.578001
1.564893
1.564893
1.578143
1.578143
1.576163
1.576163
1.573003
1.573003
1.577551
1.577551
1.580670
1.580670
1.558977
1.558977
1.582329
1.582329
1.569679
1.569679
1.576874
1.576874
1.579660
1.579660
1.570166
1.570166
1.566322
1.566322
1.578406
1.578406
1.571864
1.571864
1.573337
1.573337
1.573224
1.573224
1.587640
1.587640
1.559211
1.559211
1.572284
1.572284
1.573071
1.573071
1.576228
1.576228
1.574429
1.574429
1.571782
1.571782
1.568519
1.568519
1.567263
1.567263
1.573746
1.573746
1.575519
1.575519
1.574423
1.574423
1.573781
1.573781
1.574134
1.574134
1.572186
1.572186
1.579074
1.579074
1.569556
1.569556
1.567743
1.567743
1.574326
1.574326
1.568362
1.568362
1.580549
1.580549
1.561780
1.561780
1.579956
1.579956
1.573364
1.573364
1.574328
1.574328
1.572332
1.572332
1.567338
1.567338
1.575920
1.575920
1.569267
1.569267
1.576553
1.576553
1.559229
1.559229
1.576945
1.576945
1.582158
1.582158
1.570936
1.570936
1.586046
1.586046
1.569485
1.569485
1.566032
1.566032
1.567222
1.567222
1.579028
1.579028
1.570838
1.570838
1.577622
1.577622
1.566769
1.566769
1.563704
1.563704
1.571211
1.571211
1.583138
1.583138
1.561661
1.561661
1.572343
1.572343
1.570053
1.570053
1.564898
1.564898
1.569609
1.569609
1.572900
1.572900
1.572175
1.572175
1.580589
1.580589
1.577948
1.577948
1.566757
1.566757
1.564226
1.564226
1.567355
1.567355
1.583904
1.583904
1.575036
1.575036
1.561019
1.561019
1.570385
1.570385
1.576833
1.576833
1.573684
1.573684
1.574323
1.574323
1.574918
1.574918
1.569646
1.569646
1.562116
1.562116
1.575754
1.575754
1.575973
1.575973
1.571809
1.571809
1.567625
1.567625
1.575796
1.575796
1.561422
1.561422
1.572343
1.572343
1.567981
1.567981
1.573231
1.573231
1.565637
1.565637
1.576459
1.576459
1.570656
1.570656
1.581935
1.581935
1.567264
1.567264
1.567730
1.567730
1.564556
1.564556
1.573423
1.573423
1.565489
1.565489
1.577057
1.577057
1.564245
1.564245
1.573527
1.573527
1.568184
1.568184
1.574101
1.574101
1.572539
1.572539
1.563059
1.563059
1.575718
1.575718
1.559141
1.559141
1.571073
1.571073
1.575602
1.575602
1.577014
1.577014
1.568230
1.568230
1.563013
1.563013
1.574631
1.574631
1.577430
1.577430
1.568545
1.568545
1.566256
1.566256
1.567778
1.567778
1.558360
1.558360
1.578449
1.578449
1.576079
1.576079
1.569181
1.569181
1.574023
1.574023
1.569593
1.569593
1.580257
1.580257
1.561724
1.561724
1.561844
1.561844
1.571610
1.571610
1.564101
1.564101
1.581147
1.581147
1.559916
1.559916
1.572767
1.572767
1.573932
1.573932
1.568277
1.568277
1.572267
1.572267
1.567182
1.567182
1.565578
1.565578
1.572548
1.572548
1.568011
1.568011
1.584595
1.584595
1.554997
1.554997
1.566809
1.566809
1.585531
1.585531
1.562412
1.562412
1.561921
1.561921
1.563369
1.563369
1.575052
1.575052
1.564419
1.564419
1.573331
1.573331
1.570479
1.570479
1.573175
1.573175
1.563388
1.563388
1.564305
1.564305
1.572225
1.572225
1.583980
1.583980
1.556803
1.556803
1.567751
1.567751
1.573652
1.573652
1.573844
1.573844
1.556728
1.556728
1.566584
1.566584
1.575367
1.575367
1.564749
1.564749
1.566417
1.566417
1.574172
1.574172
1.573133
1.573133
1.564242
1.564242
1.569262
1.569262
1.578073
1.578073
1.564299
1.564299
1.564899
1.564899
1.565831
1.565831
1.565145
1.565145
1.566721
1.566721
1.565620
1.565620
1.571734
1.571734
1.574575
1.574575
1.566979
1.566979
1.566485
1.566485
1.567332
1.567332
1.561252
1.561252
1.583219
1.583219
1.565795
1.565795
1.570724
1.570724
1.565223
1.565223
1.567783
1.567783
1.572511
1.572511
1.561816
1.561816
1.558357
1.558357
1.579771
1.579771
1.570198
1.570198
1.570992
1.570992
1.563649
1.563649
1.566849
1.566849
1.568033
1.568033
1.574468
1.574468
1.566343
1.566343
1.562296
1.562296
1.566168
1.566168
1.571762
1.571762
1.567164
1.567164
1.572880
1.572880
1.578417
1.578417
1.569886
1.569886
1.568155
1.568155
1.561758
1.561758
1.557584
1.557584
1.575759
1.575759
1.564423
1.564423
1.568332
1.568332
1.563319
1.563319
1.564812
1.564812
1.560548
1.560548
1.568429
1.568429
1.554056
1.554056
1.575239
1.575239
1.581874
1.581874
1.573084
1.573084
1.560462
1.560462
1.562359
1.562359
1.576227
1.576227
1.562668
1.562668
1.567596
1.567596
1.566236
1.566236
1.564727
1.564727
1.563851
1.563851
1.574702
1.574702
1.566420
1.566420
1.572510
1.572510
1.561562
1.561562
1.560194
1.560194
1.576214
1.576214
1.558814
1.558814
1.568382
1.568382
1.571272
1.571272
1.566552
1.566552
1.569584
1.569584
1.565428
1.565428
1.567055
1.567055
1.572814
1.572814
1.569309
1.569309
1.556044
1.556044
1.569667
1.569667
1.559009
1.559009
1.566388
1.566388
1.566973
1.566973
1.571799
1.571799
1.568219
1.568219
1.562367
1.562367
1.558055
1.558055
1.574043
1.574043
1.570006
1.570006
1.558946
1.558946
1.576430
1.576430
1.571359
1.571359
1.563843
1.563843
1.558531
1.558531
1.566410
1.566410
1.571329
1.571329
1.564896
1.564896
1.564148
1.564148
1.562458
1.562458
1.565381
1.565381
1.556468
1.556468
1.566162
1.566162
1.566784
1.566784
1.577451
1.577451
1.574526
1.574526
1.559753
1.559753
1.565656
1.565656
1.561901
1.561901
1.567445
1.567445
1.571661
1.571661
1.559255
1.559255
1.566293
1.566293
1.565713
1.565713
1.565401
1.565401
1.569964
1.569964
1.579624
1.579624
1.566065
1.566065
1.558152
1.558152
1.550514
1.550514
1.568038
1.568038
1.564303
1.564303
1.571485
1.571485
1.560396
1.560396
1.562765
1.562765
1.574155
1.574155
1.550786
1.550786
1.570105
1.570105
1.570066
1.570066
1.561108
1.561108
1.568012
1.568012
1.560111
1.560111
1.565754
1.565754
1.569883
1.569883
1.562225
1.562225
1.571740
1.571740
1.565139
1.565139
1.562610
1.562610
1.566589
1.566589
1.558340
1.558340
1.571295
1.571295
1.551805
1.551805
1.563963
1.563963
1.563702
1.563702
1.577829
1.577829
1.571936
1.571936
1.564363
1.564363
1.568299
1.568299
1.562890
1.562890
1.554816
1.554816
1.567435
1.567435
1.564457
1.564457
1.552215
1.552215
1.573453
1.573453
1.567119
1.567119
1.566613
1.566613
1.554784
1.554784
1.566962
1.566962
1.570693
1.570693
1.564428
1.564428
1.577433
1.577433
1.566394
1.566394
1.555907
1.555907
1.561920
1.561920
1.560285
1.560285
1.558705
1.558705
1.571925
1.571925
1.571332
1.571332
1.558038
1.558038
1.561911
1.561911
1.559129
1.559129
1.567618
1.567618
1.570414
1.570414
1.559986
1.559986
1.564896
1.564896
1.567340
1.567340
1.569652
1.569652
1.565891
1.565891
1.556961
1.556961
1.560511
1.560511
1.567020
1.567020
1.569641
1.569641
1.569205
1.569205
1.561457
1.561457
1.549802
1.549802
1.565179
1.565179
1.551275
1.551275
1.571239
1.571239
1.571286
1.571286
1.560195
1.560195
1.563319
1.563319
1.559968
1.559968
1.555406
1.555406
1.568636
1.568636
1.575124
1.575124
1.558639
1.558639
1.560881
1.560881
1.570045
1.570045
1.563428
1.563428
1.567129
1.567129
1.559296
1.559296
1.568602
1.568602
1.562781
1.562781
1.557117
1.557117
1.573499
1.573499
1.572311
1.572311
1.554937
1.554937
1.552860
1.552860
1.577428
1.577428
1.560106
1.560106
1.560589
1.560589
1.570820
1.570820
1.559822
1.559822
1.576578
1.576578
1.545930
1.545930
1.556781
1.556781
1.571449
1.571449
1.566627
1.566627
1.561141
1.561141
1.561036
1.561036
1.560219
1.560219
1.572046
1.572046
1.558344
1.558344
1.567832
1.567832
1.557165
1.557165
1.573008
1.573008
1.564407
1.564407
1.559592
1.559592
1.559665
1.559665
1.558763
1.558763
1.558963
1.558963
1.562751
1.562751
1.562914
1.562914
1.565298
1.565298
1.566868
1.566868
1.574267
1.574267
1.569341
1.569341
1.555220
1.555220
1.554682
1.554682
1.561354
1.561354
1.562175
1.562175
1.566152
1.566152
1.563149
1.563149
1.560603
1.560603
1.562577
1.562577
1.561685
1.561685
1.554567
1.554567
1.552156
1.552156
1.564890
1.564890
1.586769
1.586769
1.569535
1.569535
1.565904
1.565904
1.558287
1.558287
1.555382
1.555382
1.564961
1.564961
1.570733
1.570733
1.555609
1.555609
1.567067
1.567067
1.557634
1.557634
1.561384
1.561384
1.553262
1.553262
1.556095
1.556095
1.568259
1.568259
1.568803
1.568803
1.566803
1.566803
1.559924
1.559924
1.569730
1.569730
1.552149
1.552149
1.565721
1.565721
1.564755
1.564755
1.562303
1.562303
1.566976
1.566976
1.561764
1.561764
1.556033
1.556033
1.564722
1.564722
1.563211
1.563211
1.556090
1.556090
1.571326
1.571326
1.560592
1.560592
1.558717
1.558717
1.567053
1.567053
1.554494
1.554494
1.564073
1.564073
1.565353
1.565353
1.558549
1.558549
1.555259
1.555259
1.570559
1.570559
1.571779
1.571779
1.557025
1.557025
1.553273
1.553273
1.559728
1.559728
1.563776
1.563776
1.563916
1.563916
1.564790
1.564790
1.556125
1.556125
1.559888
1.559888
1.574206
1.574206
1.557823
1.557823
1.552436
1.552436
1.566037
1.566037
1.566860
1.566860
1.553845
1.553845
1.567975
1.567975
1.557988
1.557988
1.562350
1.562350
1.566942
1.566942
1.562580
1.562580
1.556838
1.556838
1.562657
1.562657
1.558563
1.558563
1.551763
1.551763
1.565716
1.565716
1.568348
1.568348
1.565435
1.565435
1.554755
1.554755
1.565195
1.565195
1.564820
1.564820
1.565086
1.565086
1.553728
1.553728
1.557133
1.557133
1.566799
1.566799
1.554400
1.554400
1.567630
1.567630
1.558479
1.558479
1.558311
1.558311
1.564120
1.564120
1.553870
1.553870
1.554649
1.554649
1.562039
1.562039
1.574446
1.574446
1.556306
1.556306
1.562394
1.562394
1.556370
1.556370
1.568990
1.568990
1.561370
1.561370
1.567382
1.567382
1.555550
1.555550
1.550386
1.550386
1.578831
1.578831
1.549885
1.549885
1.556550
1.556550
1.560965
1.560965
1.562304
1.562304
1.562861
1.562861
1.561747
1.561747
1.558612
1.558612
1.555322
1.555322
1.554333
1.554333
1.570590
1.570590
1.566347
1.566347
1.559455
1.559455
1.558090
1.558090
1.571011
1.571011
1.554350
1.554350
1.560493
1.560493
1.558449
1.558449
1.566042
1.566042
1.557835
1.557835
1.554632
1.554632
1.567721
1.567721
1.561842
1.561842
1.555341
1.555341
1.568196
1.568196
1.558728
1.558728
1.557648
1.557648
1.559526
1.559526
1.565690
1.565690
1.561186
1.561186
1.561957
1.561957
1.551448
1.551448
1.558928
1.558928
1.558955
1.558955
1.569570
1.569570
1.558155
1.558155
1.554683
1.554683
1.563117
1.563117
1.555635
1.555635
1.556075
1.556075
1.560964
1.560964
1.567459
1.567459
1.572609
1.572609
1.557331
1.557331
1.552720
1.552720
1.551749
1.551749
1.569036
1.569036
1.558831
1.558831
1.555476
1.555476
1.562660
1.562660
1.567318
1.567318
1.555733
1.555733
1.551915
1.551915
1.566478
1.566478
1.560349
1.560349
1.558351
1.558351
1.564892
1.564892
1.557680
1.557680
1.557707
1.557707
1.559751
1.559751
1.562564
1.562564
1.563661
1.563661
1.557919
1.557919
1.553116
1.553116
1.568702
1.568702
1.566109
1.566109
1.552439
1.552439
1.569632
1.569632
1.554828
1.554828
1.560342
1.560342
1.556095
1.556095
1.558586
1.558586
1.556422
1.556422
1.563822
1.563822
1.560030
1.560030
1.564571
1.564571
1.552958
1.552958
1.558154
1.558154
1.556757
1.556757
1.561260
1.561260
1.555942
1.555942
1.569128
1.569128
1.560346
1.560346
1.559716
1.559716
1.554438
1.554438
1.565371
1.565371
1.558245
1.558245
1.548475
1.548475
1.570314
1.570314
1.561613
1.561613
1.554811
1.554811
1.563894
1.563894
1.558192
1.558192
1.564182
1.564182
1.564384
1.564384
1.547065
1.547065
1.565111
1.565111
1.565083
1.565083
1.560777
1.560777
1.557369
1.557369
1.560261
1.560261
1.551567
1.551567
1.564414
1.564414
1.553588
1.553588
1.553548
1.553548
1.561563
1.561563
1.564638
1.564638
1.559359
1.559359
1.566841
1.566841
1.555108
1.555108
1.551779
1.551779
1.564227
1.564227
1.555073
1.555073
1.566097
1.566097
1.562136
1.562136
1.553195
1.553195
1.559289
1.559289
1.570248
1.570248
1.552935
1.552935
1.551166
1.551166
1.555750
1.555750
1.567180
1.567180
1.556781
1.556781
1.558725
1.558725
1.566970
1.566970
1.564673
1.564673
1.543869
1.543869
1.559608
1.559608
1.561387
1.561387
1.570730
1.570730
1.550528
1.550528
1.549832
1.549832
1.564488
1.564488
1.559459
1.559459
1.557988
1.557988
1.555827
1.555827
1.555451
1.555451
1.551772
1.551772
1.564606
1.564606
1.557734
1.557734
1.565067
1.565067
1.553075
1.553075
1.559085
1.559085
1.546134
1.546134
1.558180
1.558180
1.564129
1.564129
1.567984
1.567984
1.565993
1.565993
1.559282
1.559282
1.570081
1.570081
1.552849
1.552849
1.540115
1.540115
1.562417
1.562417
1.559016
1.559016
1.556671
1.556671
1.556701
1.556701
1.557399
1.557399
1.555840
1.555840
1.557018
1.557018
1.569631
1.569631
1.547422
1.547422
1.563464
1.563464
1.550571
1.550571
1.558435
1.558435
1.565713
1.565713
1.559330
1.559330
1.557582
1.557582
1.564253
1.564253
1.549948
1.549948
1.568007
1.568007
1.558330
1.558330
1.548697
1.548697
1.548223
1.548223
1.558856
1.558856
1.554329
1.554329
1.564224
1.564224
1.568198
1.568198
1.557991
1.557991
1.562542
1.562542
1.551002
1.551002
1.554871
1.554871
1.566975
1.566975
1.551193
1.551193
1.565018
1.565018
1.559379
1.559379
1.558648
1.558648
1.556297
1.556297
1.557299
1.557299
1.557620
1.557620
1.559443
1.559443
1.553613
1.553613
1.564137
1.564137
1.563210
1.563210
1.557071
1.557071
1.560677
1.560677
1.551935
1.551935
1.556983
1.556983
1.568298
1.568298
1.557895
1.557895
1.568650
1.568650
1.550487
1.550487
1.539852
1.539852
1.554177
1.554177
1.550261
1.550261
1.560374
1.560374
1.568734
1.568734
1.554852
1.554852
1.557432
1.557432
1.554224
1.554224
1.559102
1.559102
1.559593
1.559593
1.558631
1.558631
1.558737
1.558737
1.558192
1.558192
1.550255
1.550255
1.561192
1.561192
1.560856
1.560856
1.554952
1.554952
1.553417
1.553417
1.559740
1.559740
1.558034
1.558034
1.563481
1.563481
1.556113
1.556113
1.552580
1.552580
1.551990
1.551990
1.568082
1.568082
1.559715
1.559715
1.557128
1.557128
1.561185
1.561185
1.558866
1.558866
1.553487
1.553487
1.556604
1.556604
1.548469
1.548469
1.559824
1.559824
1.555198
1.555198
1.565885
1.565885
1.557709
1.557709
1.561685
1.561685
1.552409
1.552409
1.559209
1.559209
1.560767
1.560767
1.550804
1.550804
1.557724
1.557724
1.559275
1.559275
1.565760
1.565760
1.550451
1.550451
1.551107
1.551107
1.561671
1.561671
1.558548
1.558548
1.555815
1.555815
1.557614
1.557614
1.549865
1.549865
1.562908
1.562908
1.558989
1.558989
1.554424
1.554424
1.557266
1.557266
1.549493
1.549493
1.553738
1.553738
1.553259
1.553259
1.561052
1.561052
1.562351
1.562351
1.553191
1.553191
1.562492
1.562492
1.558204
1.558204
1.550057
1.550057
1.560812
1.560812
1.551172
1.551172
1.560596
1.560596
1.559104
1.559104
1.552401
1.552401
1.555130
1.555130
1.556440
1.556440
1.550061
1.550061
1.561710
1.561710
1.557116
1.557116
1.558861
1.558861
1.555309
1.555309
1.561655
1.561655
1.557798
1.557798
1.559268
1.559268
1.549815
1.549815
1.553950
1.553950
1.554753
1.554753
1.556852
1.556852
1.556431
1.556431
1.564384
1.564384
1.548402
1.548402
1.549275
1.549275
1.558650
1.558650
1.557583
1.557583
1.569367
1.569367
1.544632
1.544632
1.569833
1.569833
1.556782
1.556782
1.550764
1.550764
1.553047
1.553047
1.550044
1.550044
1.559116
1.559116
1.547820
1.547820
1.560531
1.560531
1.567337
1.567337
1.543878
1.543878
1.551986
1.551986
1.557482
1.557482
1.553854
1.553854
1.560932
1.560932
1.557598
1.557598
1.557958
1.557958
1.544176
1.544176
1.562463
1.562463
1.559630
1.559630
1.557262
1.557262
1.570203
1.570203
1.562556
1.562556
1.552977
1.552977
1.550218
1.550218
1.541235
1.541235
1.554110
1.554110
1.549039
1.549039
1.560890
1.560890
1.561513
1.561513
1.554693
1.554693
1.556893
1.556893
1.558658
1.558658
1.566173
1.566173
1.551329
1.551329
1.544571
1.544571
1.551938
1.551938
1.553952
1.553952
1.553823
1.553823
1.560844
1.560844
1.560963
1.560963
1.554059
1.554059
1.554724
1.554724
1.552397
1.552397
1.562985
1.562985
1.555934
1.555934
1.554438
1.554438
1.555673
1.555673
1.548641
1.548641
1.563318
1.563318
1.558282
1.558282
1.559203
1.559203
1.559378
1.559378
1.552966
1.552966
1.551792
1.551792
1.556265
1.556265
1.552957
1.552957
1.553453
1.553453
1.552896
1.552896
1.562869
1.562869
1.557521
1.557521
1.568717
1.568717
1.554409
1.554409
1.549152
1.549152
1.553244
1.553244
1.552775
1.552775
1.561232
1.561232
1.553004
1.553004
1.558180
1.558180
1.555300
1.555300
1.549556
1.549556
1.554836
1.554836
1.562601
1.562601
1.556471
1.556471
1.552601
1.552601
1.550861
1.550861
1.563453
1.563453
1.555522
1.555522
1.551650
1.551650
1.547785
1.547785
1.561270
1.561270
1.563103
1.563103
1.556493
1.556493
1.552887
1.552887
1.552043
1.552043
1.552895
1.552895
1.556123
1.556123
1.555664
1.555664
1.556188
1.556188
1.555891
1.555891
1.553246
1.553246
1.556331
1.556331
1.558758
1.558758
1.549682
1.549682
1.559178
1.559178
1.552701
1.552701
1.568475
1.568475
1.552250
1.552250
1.544160
1.544160
1.549032
1.549032
1.565516
1.565516
1.554583
1.554583
1.557542
1.557542
1.559461
1.559461
1.554314
1.554314
1.549088
1.549088
1.551616
1.551616
1.559322
1.559322
1.563203
1.563203
1.549491
1.549491
1.551636
1.551636
1.554437
1.554437
1.559860
1.559860
1.545492
1.545492
1.565194
1.565194
1.549373
1.549373
1.548817
1.548817
1.566428
1.566428
1.552359
1.552359
1.562817
1.562817
1.541626
1.541626
1.557470
1.557470
1.558130
1.558130
1.558266
1.558266
1.541627
1.541627
1.560855
1.560855
1.549550
1.549550
1.553492
1.553492
1.558306
1.558306
1.554541
1.554541
1.559916
1.559916
1.553139
1.553139
1.556907
1.556907
1.557115
1.557115
1.555032
1.555032
1.551260
1.551260
1.554455
1.554455
1.560852
1.560852
1.555263
1.555263
1.548806
1.548806
1.554718
1.554718
1.545764
1.545764
1.552929
1.552929
1.559842
1.559842
1.559227
1.559227
1.556524
1.556524
1.552466
1.552466
1.561777
1.561777
1.546283
1.546283
1.560553
1.560553
1.551803
1.551803
1.547783
1.547783
1.553340
1.553340
1.559191
1.559191
1.555962
1.555962
1.557503
1.557503
1.554019
1.554019
1.556175
1.556175
1.548819
1.548819
1.549080
1.549080
1.567573
1.567573
1.557876
1.557876
1.552616
1.552616
1.546202
1.546202
1.562510
1.562510
1.552082
1.552082
1.545787
1.545787
1.555811
1.555811
1.554457
1.554457
1.570529
1.570529
1.541645
1.541645
1.557824
1.557824
1.545693
1.545693
1.555104
1.555104
1.561143
1.561143
1.550179
1.550179
1.560015
1.560015
1.550272
1.550272
1.559137
1.559137
1.549481
1.549481
1.550956
1.550956
1.548837
1.548837
1.557355
1.557355
1.548949
1.548949
1.556946
1.556946
1.559682
1.559682
1.548631
1.548631
1.558093
1.558093
1.543572
1.543572
1.563210
1.563210
1.557446
1.557446
1.549292
1.549292
1.554108
1.554108
1.555034
1.555034
1.553954
1.553954
1.558613
1.558613
1.561332
1.561332
1.556625
1.556625
1.548625
1.548625
1.552852
1.552852
1.548895
1.548895
1.555075
1.555075
1.542512
1.542512
1.558127
1.558127
1.561353
1.561353
1.551658
1.551658
1.547838
1.547838
1.548613
1.548613
1.548213
1.548213
1.566795
1.566795
1.558828
1.558828
1.544502
1.544502
1.555055
1.555055
1.559560
1.559560
1.541009
1.541009
1.573611
1.573611
1.550668
1.550668
1.552450
1.552450
1.556792
1.556792
1.558763
1.558763
1.548684
1.548684
1.547630
1.547630
1.561424
1.561424
1.560523
1.560523
1.541216
1.541216
1.558711
1.558711
1.554985
1.554985
1.556210
1.556210
1.552637
1.552637
1.552184
1.552184
1.551475
1.551475
1.546565
1.546565
1.541182
1.541182
1.554671
1.554671
1.560871
1.560871
1.568094
1.568094
1.554331
1.554331
1.540679
1.540679
1.557695
1.557695
1.558592
1.558592
1.557069
1.557069
1.553677
1.553677
1.563586
1.563586
1.546683
1.546683
1.559645
1.559645
1.540335
1.540335
1.560543
1.560543
1.546900
1.546900
1.557749
1.557749
1.556956
1.556956
1.541703
1.541703
1.552233
1.552233
1.547143
1.547143
1.565533
1.565533
1.548975
1.548975
1.552272
1.552272
1.555207
1.555207
1.553233
1.553233
1.552665
1.552665
1.552308
1.552308
1.552743
1.552743
1.560368
1.560368
1.550545
1.550545
1.552351
1.552351
1.547534
1.547534
1.556047
1.556047
1.544842
1.544842
1.564349
1.564349
1.551897
1.551897
1.559339
1.559339
1.543082
1.543082
1.551584
1.551584
1.550427
1.550427
1.560250
1.560250
1.554930
1.554930
1.547002
1.547002
1.552642
1.552642
1.548440
1.548440
1.544898
1.544898
1.560168
1.560168
1.561254
1.561254
1.550352
1.550352
1.552747
1.552747
1.547446
1.547446
1.551551
1.551551
1.566376
1.566376
1.553615
1.553615
1.558458
1.558458
1.558484
1.558484
1.544868
1.544868
1.548442
1.548442
1.550565
1.550565
1.555719
1.555719
1.560102
1.560102
1.549563
1.549563
1.547478
1.547478
1.553733
1.553733
1.553689
1.553689
1.559585
1.559585
1.547482
1.547482
1.549017
1.549017
1.554515
1.554515
1.545722
1.545722
1.554440
1.554440
1.558731
1.558731
1.550120
1.550120
1.555207
1.555207
1.555959
1.555959
1.551489
1.551489
1.554144
1.554144
1.545363
1.545363
1.548835
1.548835
1.553919
1.553919
1.551782
1.551782
1.558444
1.558444
1.550242
1.550242
1.556676
1.556676
1.542670
1.542670
1.551540
1.551540
1.562683
1.562683
1.549250
1.549250
1.555498
1.555498
1.559971
1.559971
1.557701
1.557701
1.544062
1.544062
1.544061
1.544061
1.545133
1.545133
1.551837
1.551837
1.556463
1.556463
1.558164
1.558164
1.551171
1.551171
1.553569
1.553569
1.549452
1.549452
1.551220
1.551220
1.563388
1.563388
1.542757
1.542757
1.558879
1.558879
1.549764
1.549764
1.547188
1.547188
1.555293
1.555293
1.551012
1.551012
1.559962
1.559962
1.549868
1.549868
1.553416
1.553416
1.542266
1.542266
1.558167
1.558167
1.559669
1.559669
1.545463
1.545463
1.549864
1.549864
1.549652
1.549652
1.559027
1.559027
1.558509
1.558509
1.550512
1.550512
1.563361
1.563361
1.540060
1.540060
1.548466
1.548466
1.552945
1.552945
1.550654
1.550654
1.561964
1.561964
1.554196
1.554196
1.538449
1.538449
1.554742
1.554742
1.547746
1.547746
1.556184
1.556184
1.550790
1.550790
1.551861
1.551861
1.552300
1.552300
1.550298
1.550298
1.552255
1.552255
1.560123
1.560123
1.544154
1.544154
1.555207
1.555207
1.548628
1.548628
1.548553
1.548553
1.553817
1.553817
1.555189
1.555189
1.558512
1.558512
1.563364
1.563364
1.551413
1.551413
1.542700
1.542700
1.541746
1.541746
1.566826
1.566826
1.548352
1.548352
1.545491
1.545491
1.551193
1.551193
1.546731
1.546731
1.556769
1.556769
1.553250
1.553250
1.541262
1.541262
1.556172
1.556172
1.552309
1.552309
1.560461
1.560461
1.543796
1.543796
1.543885
1.543885
1.558007
1.558007
1.553808
1.553808
1.551288
1.551288
1.545861
1.545861
1.551872
1.551872
1.549036
1.549036
1.564164
1.564164
1.548476
1.548476
1.551377
1.551377
1.556421
1.556421
1.552219
1.552219
1.549963
1.549963
1.559988
1.559988
1.551712
1.551712
1.554678
1.554678
1.549120
1.549120
1.540236
1.540236
1.552713
1.552713
1.555760
1.555760
1.546375
1.546375
1.554358
1.554358
1.548057
1.548057
1.560593
1.560593
1.547724
1.547724
1.551267
1.551267
1.547922
1.547922
1.550061
1.550061
1.539344
1.539344
1.560561
1.560561
1.556878
1.556878
1.546519
1.546519
1.555428
1.555428
1.545644
1.545644
1.555900
1.555900
1.551788
1.551788
1.555332
1.555332
1.548159
1.548159
1.550155
1.550155
1.551386
1.551386
1.554479
1.554479
1.555859
1.555859
1.543711
1.543711
1.557973
1.557973
1.544445
1.544445
1.547655
1.547655
1.553053
1.553053
1.555197
1.555197
1.554887
1.554887
1.556362
1.556362
1.546128
1.546128
1.555395
1.555395
1.542417
1.542417
1.555309
1.555309
1.556073
1.556073
1.557940
1.557940
1.534390
1.534390
1.554357
1.554357
1.552894
1.552894
1.553822
1.553822
1.549952
1.549952
1.550491
1.550491
1.549614
1.549614
1.544718
1.544718
1.550535
1.550535
1.562599
1.562599
1.552117
1.552117
1.545651
1.545651
1.549233
1.549233
1.556960
1.556960
1.548970
1.548970
1.550124
1.550124
1.551571
1.551571
1.547379
1.547379
1.549404
1.549404
1.544499
1.544499
1.559407
1.559407
1.557049
1.557049
1.546063
1.546063
1.553234
1.553234
1.551071
1.551071
1.558481
1.558481
1.545430
1.545430
1.541359
1.541359
1.552171
1.552171
1.564603
1.564603
1.552684
1.552684
1.542170
1.542170
1.551957
1.551957
1.549272
1.549272
1.553597
1.553597
1.554958
1.554958
1.543014
1.543014
1.548794
1.548794
1.552653
1.552653
1.547121
1.547121
1.553639
1.553639
1.552729
1.552729
1.548379
1.548379
1.554881
1.554881
1.547852
1.547852
1.556474
1.556474
1.545329
1.545329
1.557907
1.557907
1.551606
1.551606
1.543561
1.543561
1.549769
1.549769
1.551366
1.551366
1.558803
1.558803
1.551281
1.551281
1.557066
1.557066
1.539447
1.539447
1.546142
1.546142
1.549435
1.549435
1.552023
1.552023
1.556958
1.556958
1.549550
1.549550
1.544187
1.544187
1.555718
1.555718
1.550937
1.550937
1.552193
1.552193
1.538461
1.538461
1.558254
1.558254
1.547011
1.547011
1.551646
1.551646
1.559600
1.559600
1.542702
1.542702
1.553240
1.553240
1.548814
1.548814
1.552805
1.552805
1.550181
1.550181
1.548535
1.548535
1.553834
1.553834
1.543580
1.543580
1.549500
1.549500
1.550421
1.550421
1.560961
1.560961
1.548252
1.548252
1.550714
1.550714
1.554112
1.554112
1.544754
1.544754
1.553003
1.553003
1.550614
1.550614
1.544319
1.544319
1.556685
1.556685
1.558408
1.558408
1.544278
1.544278
1.548859
1.548859
1.546273
1.546273
1.565240
1.565240
1.548090
1.548090
1.549687
1.549687
1.541105
1.541105
1.553534
1.553534
1.544228
1.544228
1.551274
1.551274
1.547120
1.547120
1.558190
1.558190
1.545999
1.545999
1.551553
1.551553
1.545201
1.545201
1.556357
1.556357
1.553959
1.553959
1.552928
1.552928
1.542157
1.542157
1.555967
1.555967
1.548216
1.548216
1.553217
1.553217
1.545551
1.545551
1.557152
1.557152
1.556035
1.556035
1.549529
1.549529
1.540836
1.540836
1.548152
1.548152
1.553724
1.553724
1.557575
1.557575
1.541661
1.541661
1.550048
1.550048
1.552145
1.552145
1.558310
1.558310
1.547016
1.547016
1.552514
1.552514
1.537978
1.537978
1.547572
1.547572
1.561879
1.561879
1.546073
1.546073
1.544606
1.544606
1.550670
1.550670
1.549417
1.549417
1.553740
1.553740
1.549196
1.549196
1.554945
1.554945
1.540948
1.540948
1.550871
1.550871
1.538722
1.538722
1.542252
1.542252
1.545547
1.545547
1.580440
1.580440
1.547159
1.547159
1.553727
1.553727
1.553380
1.553380
1.551909
1.551909
1.542116
1.542116
1.554775
1.554775
1.551435
1.551435
1.546365
1.546365
1.548530
1.548530
1.548677
1.548677
1.547393
1.547393
1.557864
1.557864
1.557459
1.557459
1.545966
1.545966
1.538528
1.538528
1.548955
1.548955
1.545306
1.545306
1.551331
1.551331
1.550372
1.550372
1.555143
1.555143
1.541663
1.541663
1.548663
1.548663
1.554293
1.554293
1.551096
1.551096
1.555298
1.555298
1.542123
1.542123
1.551595
1.551595
1.552462
1.552462
1.551426
1.551426
1.552609
1.552609
1.549650
1.549650
1.550565
1.550565
1.543094
1.543094
1.551386
1.551386
1.556288
1.556288
1.557494
1.557494
1.538715
1.538715
1.556943
1.556943
1.543079
1.543079
1.554077
1.554077
1.546316
1.546316
1.544881
1.544881
1.557299
1.557299
1.550291
1.550291
1.550376
1.550376
1.550687
1.550687
1.544506
1.544506
1.555257
1.555257
1.552796
1.552796
1.544184
1.544184
1.547396
1.547396
1.548438
1.548438
1.553140
1.553140
1.552453
1.552453
1.546386
1.546386
1.540733
1.540733
1.547437
1.547437
1.545021
1.545021
1.559094
1.559094
1.558334
1.558334
1.549742
1.549742
1.551094
1.551094
1.551016
1.551016
1.545350
1.545350
1.551528
1.551528
1.549988
1.549988
1.543583
1.543583
1.554557
1.554557
1.553477
1.553477
1.545382
1.545382
1.555531
1.555531
1.552714
1.552714
1.546903
1.546903
1.547583
1.547583
1.543639
1.543639
1.548426
1.548426
1.545309
1.545309
1.542434
1.542434
1.553323
1.553323
1.560950
1.560950
1.548052
1.548052
1.552911
1.552911
1.549787
1.549787
1.548202
1.548202
1.548161
1.548161
1.548410
1.548410
1.545030
1.545030
1.561173
1.561173
1.542107
1.542107
1.550926
1.550926
1.544173
1.544173
1.560317
1.560317
1.547232
1.547232
1.544120
1.544120
1.551900
1.551900
1.543933
1.543933
1.548763
1.548763
1.550496
1.550496
1.548400
1.548400
1.557052
1.557052
1.548421
1.548421
1.549242
1.549242
1.554697
1.554697
1.554270
1.554270
1.536765
1.536765
1.551276
1.551276
1.555047
1.555047
1.557505
1.557505
1.536970
1.536970
1.544240
1.544240
1.551639
1.551639
1.543538
1.543538
1.545190
1.545190
1.553544
1.553544
1.553195
1.553195
1.544350
1.544350
1.556080
1.556080
1.551214
1.551214
1.545395
1.545395
1.548792
1.548792
1.560217
1.560217
1.547241
1.547241
1.542369
1.542369
1.543785
1.543785
1.553116
1.553116
1.547194
1.547194
1.555020
1.555020
1.546981
1.546981
1.551985
1.551985
1.542918
1.542918
1.553560
1.553560
1.543280
1.543280
1.553729
1.553729
1.553092
1.553092
1.539542
1.539542
1.547624
1.547624
1.544549
1.544549
1.550413
1.550413
1.560366
1.560366
1.540437
1.540437
1.549878
1.549878
1.553949
1.553949
1.553294
1.553294
1.534744
1.534744
1.554977
1.554977
1.551470
1.551470
1.544208
1.544208
1.550363
1.550363
1.540126
1.540126
1.562079
1.562079
1.555987
1.555987
1.540460
1.540460
1.546300
1.546300
1.556259
1.556259
1.544617
1.544617
1.549307
1.549307
1.547542
1.547542
1.556485
1.556485
1.541186
1.541186
1.550043
1.550043
1.546034
1.546034
1.540999
1.540999
1.550837
1.550837
1.556500
1.556500
1.549885
1.549885
1.548259
1.548259
1.551877
1.551877
1.543076
1.543076
1.552584
1.552584
1.547739
1.547739
1.548512
1.548512
1.542927
1.542927
1.547171
1.547171
1.554625
1.554625
1.550900
1.550900
1.550837
1.550837
1.547402
1.547402
1.548420
1.548420
1.543167
1.543167
1.555215
1.555215
1.553899
1.553899
1.549510
1.549510
1.552781
1.552781
1.540024
1.540024
1.546501
1.546501
1.550617
1.550617
1.544399
1.544399
1.552019
1.552019
1.536678
1.536678
1.562659
1.562659
1.548811
1.548811
1.543186
1.543186
1.552128
1.552128
1.548650
1.548650
1.550410
1.550410
1.546961
1.546961
1.556290
1.556290
1.545099
1.545099
1.542174
1.542174
1.553169
1.553169
1.550352
1.550352
1.543143
1.543143
1.548521
1.548521
1.550117
1.550117
1.550757
1.550757
1.543042
1.543042
1.549139
1.549139
1.547431
1.547431
1.548387
1.548387
1.555976
1.555976
1.545968
1.545968
1.542728
1.542728
1.551932
1.551932
1.549270
1.549270
1.553084
1.553084
1.541015
1.541015
1.553177
1.553177
1.561436
1.561436
1.539366
1.539366
1.545987
1.545987
1.561241
1.561241
1.540361
1.540361
1.557791
1.557791
1.535974
1.535974
1.545210
1.545210
1.554204
1.554204
1.552320
1.552320
1.541386
1.541386
1.544652
1.544652
1.548612
1.548612
1.545521
1.545521
1.552497
1.552497
1.545200
1.545200
1.547013
1.547013
1.551395
1.551395
1.546955
1.546955
1.556784
1.556784
1.546958
1.546958
1.539232
1.539232
1.551624
1.551624
1.553089
1.553089
1.547387
1.547387
1.550393
1.550393
1.543993
1.543993
1.545067
1.545067
1.548394
1.548394
1.550600
1.550600
1.552308
1.552308
1.542459
1.542459
1.546433
1.546433
1.548185
1.548185
1.550114
1.550114
1.537900
1.537900
1.555594
1.555594
1.548861
1.548861
1.543619
1.543619
1.555397
1.555397
1.547904
1.547904
1.540508
1.540508
1.554452
1.554452
1.552784
1.552784
1.551596
1.551596
1.538748
1.538748
1.550651
1.550651
1.545887
1.545887
1.539830
1.539830
1.550283
1.550283
1.550324
1.550324
1.550709
1.550709
1.549296
1.549296
1.535681
1.535681
1.552238
1.552238
1.547029
1.547029
1.548439
1.548439
1.559196
1.559196
1.542240
1.542240
1.548952
1.548952
1.547505
1.547505
1.548780
1.548780
1.553277
1.553277
1.547234
1.547234
1.550777
1.550777
1.551997
1.551997
1.541670
1.541670
1.547294
1.547294
1.550965
1.550965
1.546162
1.546162
1.553790
1.553790
1.538345
1.538345
1.549964
1.549964
1.550680
1.550680
1.552399
1.552399
1.529556
1.529556
1.551447
1.551447
1.556281
1.556281
1.536262
1.536262
1.551752
1.551752
1.549186
1.549186
1.551475
1.551475
1.549879
1.549879
1.547701
1.547701
1.543519
1.543519
1.552260
1.552260
1.539386
1.539386
1.557289
1.557289
1.547978
1.547978
1.553577
1.553577
1.534871
1.534871
1.549123
1.549123
1.553547
1.553547
1.539286
1.539286
1.551278
1.551278
1.547398
1.547398
1.549787
1.549787
1.550397
1.550397
1.540931
1.540931
1.545466
1.545466
1.548438
1.548438
1.552268
1.552268
1.551082
1.551082
1.545707
1.545707
1.551263
1.551263
1.544734
1.544734
1.538433
1.538433
1.560181
1.560181
1.549254
1.549254
1.542435
1.542435
1.551945
1.551945
1.549964
1.549964
1.542271
1.542271
1.544157
1.544157
1.548644
1.548644
1.548629
1.548629
1.553452
1.553452
1.540472
1.540472
1.549028
1.549028
1.545519
1.545519
1.546635
1.546635
1.552505
1.552505
1.542036
1.542036
1.538877
1.538877
1.549876
1.549876
1.547900
1.547900
1.551682
1.551682
1.549071
1.549071
1.548851
1.548851
1.550847
1.550847
1.550254
1.550254
1.536895
1.536895
1.550933
1.550933
1.546221
1.546221
1.550513
1.550513
1.540888
1.540888
1.543624
1.543624
1.558126
1.558126
1.543600
1.543600
1.558283
1.558283
1.543141
1.543141
1.539615
1.539615
1.553378
1.553378
1.543743
1.543743
1.552618
1.552618
1.553392
1.553392
1.539890
1.539890
1.546585
1.546585
1.552997
1.552997
1.542838
1.542838
1.549450
1.549450
1.546232
1.546232
1.543681
1.543681
1.539964
1.539964
1.557956
1.557956
1.549135
1.549135
1.546567
1.546567
1.540579
1.540579
1.546225
1.546225
1.548234
1.548234
1.557103
1.557103
1.537683
1.537683
1.546045
1.546045
1.535761
1.535761
1.547334
1.547334
1.548188
1.548188
1.554066
1.554066
1.551010
1.551010
1.540804
1.540804
1.554015
1.554015
1.544518
1.544518
1.540816
1.540816
1.557817
1.557817
1.553812
1.553812
1.546686
1.546686
1.540765
1.540765
1.548062
1.548062
1.545628
1.545628
1.549311
1.549311
1.555521
1.555521
1.544558
1.544558
1.543327
1.543327
1.540915
1.540915
1.547658
1.547658
1.545792
1.545792
1.540292
1.540292
1.555791
1.555791
1.544848
1.544848
1.540802
1.540802
1.539211
1.539211
1.546991
1.546991
1.556244
1.556244
1.552862
1.552862
1.550043
1.550043
1.536661
1.536661
1.553349
1.553349
1.550906
1.550906
1.542229
1.542229
1.550825
1.550825
1.545823
1.545823
1.548826
1.548826
1.548675
1.548675
1.537595
1.537595
1.552943
1.552943
1.548198
1.548198
1.545430
1.545430
1.547370
1.547370
1.537334
1.537334
1.548963
1.548963
1.534961
1.534961
1.546434
1.546434
1.551249
1.551249
1.553317
1.553317
1.538423
1.538423
1.554829
1.554829
1.549403
1.549403
1.545577
1.545577
1.544330
1.544330
1.555874
1.555874
1.546670
1.546670
1.532454
1.532454
1.556771
1.556771
1.539369
1.539369
1.552101
1.552101
1.544519
1.544519
1.537647
1.537647
1.552920
1.552920
1.545196
1.545196
1.536218
1.536218
1.549737
1.549737
1.544129
1.544129
1.546894
1.546894
1.558644
1.558644
1.549192
1.549192
1.541460
1.541460
1.540542
1.540542
1.550976
1.550976
1.551802
1.551802
1.547751
1.547751
1.553097
1.553097
1.541941
1.541941
1.536622
1.536622
1.555547
1.555547
1.549621
1.549621
1.536356
1.536356
1.546992
1.546992
1.545161
1.545161
1.557314
1.557314
1.548395
1.548395
1.538647
1.538647
1.549340
1.549340
1.543937
1.543937
1.554451
1.554451
1.541310
1.541310
1.545193
1.545193
1.546536
1.546536
1.551588
1.551588
1.548840
1.548840
1.551165
1.551165
1.539162
1.539162
1.546358
1.546358
1.556106
1.556106
1.538150
1.538150
1.536956
1.536956
1.549566
1.549566
1.544755
1.544755
1.553159
1.553159
1.549255
1.549255
1.544312
1.544312
1.549413
1.549413
1.545642
1.545642
1.545093
1.545093
1.549109
1.549109
1.535399
1.535399
1.545201
1.545201
1.560092
1.560092
1.550176
1.550176
1.540501
1.540501
1.547807
1.547807
1.541036
1.541036
1.549182
1.549182
1.549419
1.549419
1.544946
1.544946
1.540296
1.540296
1.549834
1.549834
1.536643
1.536643
1.550973
1.550973
1.557742
1.557742
1.552795
1.552795
1.540329
1.540329
1.555485
1.555485
1.544798
1.544798
1.536929
1.536929
1.542777
1.542777
1.540295
1.540295
1.546392
1.546392
1.554462
1.554462
1.549439
1.549439
1.555163
1.555163
1.541673
1.541673
1.544237
1.544237
1.548032
1.548032
1.542422
1.542422
1.550440
1.550440
1.547524
1.547524
1.546642
1.546642
1.545351
1.545351
1.541076
1.541076
1.550134
1.550134
1.544685
1.544685
1.552031
1.552031
1.541603
1.541603
1.542821
1.542821
1.540054
1.540054
1.552858
1.552858
1.551841
1.551841
1.543930
1.543930
1.542265
1.542265
1.544931
1.544931
1.540708
1.540708
1.551170
1.551170
1.544684
1.544684
1.551628
1.551628
1.550231
1.550231
1.540889
1.540889
1.545080
1.545080
1.548569
1.548569
1.547227
1.547227
1.544296
1.544296
1.550738
1.550738
1.544699
1.544699
1.543270
1.543270
1.549432
1.549432
1.543633
1.543633
1.537729
1.537729
1.544289
1.544289
1.550681
1.550681
1.557838
1.557838
1.538676
1.538676
1.548532
1.548532
1.542975
1.542975
1.556620
1.556620
1.543480
1.543480
1.553429
1.553429
1.537389
1.537389
1.551857
1.551857
1.537073
1.537073
1.552469
1.552469
1.535134
1.535134
1.553632
1.553632
1.557193
1.557193
1.548106
1.548106
1.533323
1.533323
1.546642
1.546642
1.548716
1.548716
1.546021
1.546021
1.541324
1.541324
1.548221
1.548221
1.550177
1.550177
1.538976
1.538976
1.541174
1.541174
1.548209
1.548209
1.553614
1.553614
1.545254
1.545254
1.549739
1.549739
1.542477
1.542477
1.548532
1.548532
1.543559
1.543559
1.557894
1.557894
1.549915
1.549915
1.534047
1.534047
1.542544
1.542544
1.545425
1.545425
1.549974
1.549974
1.542632
1.542632
1.543765
1.543765
1.542880
1.542880
1.552050
1.552050
1.551569
1.551569
1.538337
1.538337
1.541819
1.541819
1.543561
1.543561
1.557142
1.557142
1.548515
1.548515
1.547944
1.547944
1.546109
1.546109
1.543081
1.543081
1.543251
1.543251
1.539550
1.539550
1.553782
1.553782
1.532889
1.532889
1.556451
1.556451
1.547058
1.547058
1.547108
1.547108
1.543293
1.543293
1.548489
1.548489
1.547362
1.547362
1.541942
1.541942
1.540343
1.540343
1.538992
1.538992
1.558348
1.558348
1.550894
1.550894
1.538458
1.538458
1.547988
1.547988
1.549464
1.549464
1.545111
1.545111
1.538905
1.538905
1.547576
1.547576
1.543736
1.543736
1.540864
1.540864
1.553335
1.553335
1.539608
1.539608
1.552590
1.552590
1.546284
1.546284
1.542546
1.542546
1.548800
1.548800
1.546497
1.546497
1.543667
1.543667
1.544670
1.544670
1.543793
1.543793
1.545598
1.545598
1.550115
1.550115
1.543469
1.543469
1.535777
1.535777
1.541055
1.541055
1.550012
1.550012
1.557421
1.557421
1.543266
1.543266
1.540463
1.540463
1.546769
1.546769
1.553179
1.553179
1.537614
1.537614
1.551488
1.551488
1.542909
1.542909
1.549940
1.549940
1.542258
1.542258
1.545834
1.545834
1.547553
1.547553
1.545469
1.545469
1.548383
1.548383
1.544925
1.544925
1.540697
1.540697
1.549318
1.549318
1.553031
1.553031
1.537526
1.537526
1.534804
1.534804
1.554837
1.554837
1.548189
1.548189
1.536144
1.536144
1.540975
1.540975
1.554081
1.554081
1.548752
1.548752
1.548289
1.548289
1.536781
1.536781
1.537320
1.537320
1.555482
1.555482
1.551939
1.551939
1.546008
1.546008
1.549930
1.549930
1.542713
1.542713
1.540274
1.540274
1.545263
1.545263
1.550261
1.550261
1.553071
1.553071
1.551558
1.551558
1.542888
1.542888
1.543409
1.543409
1.533192
1.533192
1.547441
1.547441
1.541433
1.541433
1.553172
1.553172
1.544285
1.544285
1.539010
1.539010
1.543051
1.543051
1.540831
1.540831
1.545760
1.545760
1.543099
1.543099
1.556911
1.556911
1.546352
1.546352
1.546999
1.546999
1.538401
1.538401
1.541912
1.541912
1.555531
1.555531
1.547549
1.547549
1.547412
1.547412
1.548503
1.548503
1.538372
1.538372
1.544242
1.544242
1.555969
1.555969
1.534563
1.534563
1.545929
1.545929
1.549473
1.549473
1.538248
1.538248
1.542395
1.542395
1.541637
1.541637
1.548974
1.548974
1.545864
1.545864
1.547087
1.547087
1.546723
1.546723
1.538798
1.538798
1.554520
1.554520
1.542140
1.542140
1.542366
1.542366
1.543870
1.543870
1.544238
1.544238
1.539980
1.539980
1.554508
1.554508
1.541595
1.541595
1.536362
1.536362
1.551485
1.551485
1.548578
1.548578
1.548049
1.548049
1.538935
1.538935
1.548113
1.548113
1.536672
1.536672
1.548096
1.548096
1.535846
1.535846
1.559658
1.559658
1.551492
1.551492
1.544060
1.544060
1.546656
1.546656
1.538387
1.538387
1.543572
1.543572
1.531010
1.531010
1.548851
1.548851
1.552384
1.552384
1.542641
1.542641
1.550498
1.550498
1.538333
1.538333
1.545353
1.545353
1.544410
1.544410
1.542795
1.542795
1.555541
1.555541
1.546470
1.546470
1.548855
1.548855
1.543224
1.543224
1.547266
1.547266
1.535541
1.535541
1.549341
1.549341
1.544800
1.544800
1.542781
1.542781
1.546301
1.546301
1.538710
1.538710
1.550066
1.550066
1.553708
1.553708
1.539153
1.539153
1.535437
1.535437
1.545003
1.545003
1.540002
1.540002
1.545927
1.545927
1.531837
1.531837
1.552382
1.552382
1.555972
1.555972
1.543582
1.543582
1.548947
1.548947
1.548517
1.548517
1.538093
1.538093
1.544129
1.544129
1.533471
1.533471
1.543632
1.543632
1.548334
1.548334
1.549281
1.549281
1.549965
1.549965
1.543305
1.543305
1.550125
1.550125
1.533327
1.533327
1.542265
1.542265
1.557507
1.557507
1.544938
1.544938
1.546822
1.546822
1.544557
1.544557
1.540481
1.540481
1.547171
1.547171
1.545340
1.545340
1.548003
1.548003
1.543497
1.543497
1.542080
1.542080
1.544348
1.544348
1.544363
1.544363
1.538169
1.538169
1.548433
1.548433
1.548191
1.548191
1.544085
1.544085
1.547885
1.547885
1.549286
1.549286
1.544426
1.544426
1.535627
1.535627
1.546736
1.546736
1.544797
1.544797
1.542582
1.542582
1.549626
1.549626
1.542301
1.542301
1.544046
1.544046
1.542622
1.542622
1.540459
1.540459
1.540811
1.540811
1.548462
1.548462
1.553332
1.553332
1.547254
1.547254
1.543769
1.543769
1.542662
1.542662
1.552251
1.552251
1.535343
1.535343
1.548609
1.548609
1.548305
1.548305
1.546600
1.546600
1.540650
1.540650
1.537583
1.537583
1.547308
1.547308
1.554505
1.554505
1.537588
1.537588
1.542481
1.542481
1.540462
1.540462
1.548013
1.548013
1.542687
1.542687
1.542237
1.542237
1.544312
1.544312
1.546453
1.546453
1.542207
1.542207
1.549823
1.549823
1.538229
1.538229
1.550996
1.550996
1.540893
1.540893
1.535708
1.535708
1.542569
1.542569
1.545614
1.545614
1.548147
1.548147
1.552960
1.552960
1.544255
1.544255
1.538510
1.538510
1.543439
1.543439
1.543087
1.543087
1.556431
1.556431
1.546808
1.546808
1.542920
1.542920
1.546894
1.546894
1.541815
1.541815
1.544019
1.544019
1.541411
1.541411
1.546283
1.546283
1.543822
1.543822
1.548756
1.548756
1.541189
1.541189
1.546026
1.546026
1.536358
1.536358
1.548061
1.548061
1.545847
1.545847
1.546061
1.546061
1.543038
1.543038
1.544311
1.544311
1.549190
1.549190
1.539948
1.539948
1.545626
1.545626
1.551048
1.551048
1.548578
1.548578
1.530266
1.530266
1.546937
1.546937
1.545001
1.545001
1.546541
1.546541
1.540519
1.540519
1.546312
1.546312
1.539565
1.539565
1.550074
1.550074
1.543621
1.543621
1.539795
1.539795
1.545737
1.545737
1.548478
1.548478
1.543827
1.543827
1.544295
1.544295
1.546996
1.546996
1.549753
1.549753
1.535711
1.535711
1.544841
1.544841
1.531509
1.531509
1.549562
1.549562
1.541248
1.541248
1.544773
1.544773
1.557462
1.557462
1.546082
1.546082
1.548471
1.548471
1.537756
1.537756
1.548983
1.548983
1.538374
1.538374
1.539404
1.539404
1.549758
1.549758
1.544648
1.544648
1.537485
1.537485
1.551208
1.551208
1.538287
1.538287
1.545067
1.545067
1.548550
1.548550
1.545461
1.545461
1.542769
1.542769
1.544028
1.544028
1.539700
1.539700
1.552198
1.552198
1.544234
1.544234
1.538725
1.538725
1.541809
1.541809
1.540941
1.540941
1.544444
1.544444
1.549732
1.549732
1.542754
1.542754
1.540079
1.540079
1.537311
1.537311
1.545815
1.545815
1.541616
1.541616
1.558621
1.558621
1.547159
1.547159
1.544990
1.544990
1.544406
1.544406
1.540821
1.540821
1.541673
1.541673
1.540016
1.540016
1.540811
1.540811
1.547922
1.547922
1.551169
1.551169
1.538126
1.538126
1.540253
1.540253
1.550513
1.550513
1.554563
1.554563
1.532479
1.532479
1.540737
1.540737
1.535538
1.535538
1.546654
1.546654
1.550970
1.550970
1.541908
1.541908
1.544207
1.544207
1.544015
1.544015
1.545249
1.545249
1.551719
1.551719
1.537502
1.537502
1.539440
1.539440
1.537714
1.537714
1.548482
1.548482
1.537567
1.537567
1.543127
1.543127
1.554536
1.554536
1.548887
1.548887
1.542473
1.542473
1.539345
1.539345
1.544909
1.544909
1.542901
1.542901
1.542754
1.542754
1.547010
1.547010
1.541602
1.541602
1.540637
1.540637
1.547643
1.547643
1.548791
1.548791
1.540384
1.540384
1.541765
1.541765
1.539290
1.539290
1.550017
1.550017
1.544264
1.544264
1.550889
1.550889
1.544083
1.544083
1.538721
1.538721
1.539850
1.539850
1.536835
1.536835
1.544965
1.544965
1.539962
1.539962
1.550741
1.550741
1.547103
1.547103
1.538795
1.538795
1.540812
1.540812
1.535661
1.535661
1.542689
1.542689
1.566355
1.566355
1.546999
1.546999
1.538490
1.538490
1.548334
1.548334
1.544545
1.544545
1.539194
1.539194
1.546397
1.546397
1.548895
1.548895
1.546050
1.546050
1.537057
1.537057
1.538932
1.538932
1.543821
1.543821
1.542933
1.542933
1.543491
1.543491
1.540832
1.540832
1.548540
1.548540
1.534914
1.534914
1.553793
1.553793
1.542091
1.542091
1.538063
1.538063
1.551511
1.551511
1.542217
1.542217
1.540539
1.540539
1.544488
1.544488
1.542263
1.542263
1.550671
1.550671
1.530212
1.530212
1.545228
1.545228
1.552829
1.552829
1.542053
1.542053
1.549543
1.549543
1.544072
1.544072
1.536023
1.536023
1.547510
1.547510
1.547147
1.547147
1.543598
1.543598
1.544217
1.544217
1.554529
1.554529
1.538978
1.538978
1.539215
1.539215
1.540626
1.540626
1.547403
1.547403
1.538301
1.538301
1.544206
1.544206
1.550312
1.550312
1.536224
1.536224
1.537741
1.537741
1.558430
1.558430
1.544852
1.544852
1.541514
1.541514
1.532949
1.532949
1.549215
1.549215
1.543009
1.543009
1.551842
1.551842
1.538460
1.538460
1.532737
1.532737
1.540387
1.540387
1.543211
1.543211
1.553745
1.553745
1.533443
1.533443
1.548105
1.548105
1.547578
1.547578
1.547301
1.547301
1.538225
1.538225
1.540804
1.540804
1.543773
1.543773
1.543791
1.543791
1.545487
1.545487
1.549207
1.549207
1.536939
1.536939
1.541682
1.541682
1.544689
1.544689
1.534342
1.534342
1.545451
1.545451
1.549406
1.549406
1.543741
1.543741
1.549549
1.549549
1.544990
1.544990
1.538675
1.538675
1.544821
1.544821
1.538247
1.538247
1.531187
1.531187
1.533793
1.533793
1.553029
1.553029
1.549971
1.549971
1.551544
1.551544
1.547098
1.547098
1.538554
1.538554
1.541146
1.541146
1.544305
1.544305
1.547341
1.547341
1.531857
1.531857
1.550620
1.550620
1.551703
1.551703
1.538931
1.538931
1.544565
1.544565
1.545156
1.545156
1.546634
1.546634
1.545179
1.545179
1.540146
1.540146
1.539087
1.539087
1.547176
1.547176
1.548533
1.548533
1.542684
1.542684
1.536259
1.536259
1.542241
1.542241
1.540026
1.540026
1.537828
1.537828
1.543789
1.543789
1.546431
1.546431
1.550768
1.550768
1.545302
1.545302
1.545129
1.545129
1.551057
1.551057
1.535890
1.535890
1.538212
1.538212
1.536049
1.536049
1.556260
1.556260
1.547692
1.547692
1.532677
1.532677
1.544201
1.544201
1.542248
1.542248
1.550582
1.550582
1.539651
1.539651
1.536995
1.536995
1.548291
1.548291
1.550271
1.550271
1.540863
1.540863
1.549602
1.549602
1.541872
1.541872
1.530748
1.530748
1.546871
1.546871
1.544659
1.544659
1.544037
1.544037
1.537167
1.537167
1.543685
1.543685
1.548348
1.548348
1.543730
1.543730
1.546121
1.546121
1.536713
1.536713
1.540616
1.540616
1.542376
1.542376
1.552118
1.552118
1.545932
1.545932
1.534956
1.534956
1.539669
1.539669
1.555625
1.555625
1.548143
1.548143
1.535324
1.535324
1.538858
1.538858
1.535936
1.535936
1.538293
1.538293
1.537545
1.537545
1.550840
1.550840
1.542390
1.542390
1.547509
1.547509
1.538346
1.538346
1.549412
1.549412
1.538762
1.538762
1.543365
1.543365
1.546277
1.546277
1.545095
1.545095
1.551485
1.551485
1.538531
1.538531
1.543110
1.543110
1.535179
1.535179
1.545590
1.545590
1.541531
1.541531
1.545001
1.545001
1.540072
1.540072
1.543073
1.543073
1.548819
1.548819
1.539381
1.539381
1.533207
1.533207
1.542520
1.542520
1.553921
1.553921
1.548728
1.548728
1.538861
1.538861
1.535127
1.535127
1.546370
1.546370
1.546889
1.546889
1.547060
1.547060
1.543246
1.543246
1.534539
1.534539
1.541906
1.541906
1.549809
1.549809
1.543278
1.543278
1.549060
1.549060
1.536737
1.536737
1.544879
1.544879
1.539901
1.539901
1.534308
1.534308
1.539428
1.539428
1.548616
1.548616
1.548391
1.548391
1.543477
1.543477
1.546765
1.546765
1.540177
1.540177
1.540751
1.540751
1.540445
1.540445
1.546425
1.546425
1.538591
1.538591
1.547063
1.547063
1.541055
1.541055
1.535849
1.535849
1.553508
1.553508
1.541624
1.541624
1.543630
1.543630
1.545192
1.545192
1.549273
1.549273
1.530614
1.530614
1.544378
1.544378
1.540126
1.540126
1.549370
1.549370
1.536610
1.536610
1.542809
1.542809
1.539058
1.539058
1.535815
1.535815
1.547030
1.547030
1.548673
1.548673
1.542616
1.542616
1.540152
1.540152
1.535387
1.535387
1.541375
1.541375
1.547376
1.547376
1.550876
1.550876
1.538130
1.538130
1.545610
1.545610
1.548081
1.548081
1.537855
1.537855
1.543610
1.543610
1.543131
1.543131
1.550096
1.550096
1.543886
1.543886
1.538145
1.538145
1.536002
1.536002
1.547959
1.547959
1.542690
1.542690
1.534953
1.534953
1.544159
1.544159
1.543060
1.543060
1.538748
1.538748
1.538061
1.538061
1.550380
1.550380
1.547990
1.547990
1.535805
1.535805
1.535724
1.535724
1.551865
1.551865
1.538309
1.538309
1.552845
1.552845
1.530810
1.530810
1.527781
1.527781
1.544284
1.544284
1.544531
1.544531
1.541890
1.541890
1.557526
1.557526
1.541346
1.541346
1.543364
1.543364
1.543861
1.543861
1.538316
1.538316
1.546353
1.546353
1.537092
1.537092
1.538644
1.538644
1.540494
1.540494
1.547597
1.547597
1.550384
1.550384
1.549814
1.549814
1.541334
1.541334
1.538228
1.538228
1.538457
1.538457
1.544920
1.544920
1.540581
1.540581
1.538849
1.538849
1.540699
1.540699
1.541413
1.541413
1.553106
1.553106
1.540182
1.540182
1.548509
1.548509
1.548607
1.548607
1.533562
1.533562
1.540684
1.540684
1.542507
1.542507
1.542706
1.542706
1.553297
1.553297
1.536442
1.536442
1.534991
1.534991
1.540500
1.540500
1.540928
1.540928
1.537466
1.537466
1.542047
1.542047
1.553352
1.553352
1.543232
1.543232
1.550412
1.550412
1.546120
1.546120
1.532211
1.532211
1.538610
1.538610
1.549483
1.549483
1.544257
1.544257
1.529141
1.529141
1.551633
1.551633
1.535112
1.535112
1.543309
1.543309
1.541445
1.541445
1.537835
1.537835
1.548850
1.548850
1.539142
1.539142
1.541237
1.541237
1.543875
1.543875
1.534605
1.534605
1.539187
1.539187
1.555827
1.555827
1.542302
1.542302
1.539247
1.539247
1.543801
1.543801
1.542738
1.542738
1.543682
1.543682
1.544540
1.544540
1.540497
1.540497
1.544177
1.544177
1.528894
1.528894
1.556780
1.556780
1.540711
1.540711
1.551199
1.551199
1.535966
1.535966
1.534895
1.534895
1.550499
1.550499
1.542931
1.542931
1.536794
1.536794
1.539493
1.539493
1.545875
1.545875
1.547322
1.547322
1.546708
1.546708
1.534912
1.534912
1.542518
1.542518
1.540983
1.540983
1.547215
1.547215
1.545105
1.545105
1.552654
1.552654
1.543061
1.543061
1.537822
1.537822
1.529147
1.529147
1.546231
1.546231
1.539066
1.539066
1.539418
1.539418
1.540771
1.540771
1.546510
1.546510
1.538279
1.538279
1.545022
1.545022
1.551612
1.551612
1.530765
1.530765
1.546208
1.546208
1.546068
1.546068
1.540136
1.540136
1.542987
1.542987
1.535976
1.535976
1.546816
1.546816
1.537152
1.537152
1.553328
1.553328
1.538244
1.538244
1.543179
1.543179
1.537867
1.537867
1.538353
1.538353
1.539341
1.539341
1.548602
1.548602
1.547828
1.547828
1.534908
1.534908
1.547195
1.547195
1.543427
1.543427
1.545844
1.545844
1.537274
1.537274
1.535418
1.535418
1.550284
1.550284
1.538891
1.538891
1.543372
1.543372
1.532990
1.532990
1.546283
1.546283
1.551556
1.551556
1.542950
1.542950
1.542675
1.542675
1.534873
1.534873
1.537610
1.537610
1.538206
1.538206
1.542495
1.542495
1.541158
1.541158
1.547095
1.547095
1.541665
1.541665
1.547375
1.547375
1.543712
1.543712
1.536832
1.536832
1.537089
1.537089
1.546755
1.546755
1.538622
1.538622
1.532243
1.532243
1.533905
1.533905
1.558340
1.558340
1.549264
1.549264
1.545723
1.545723
1.543607
1.543607
1.536395
1.536395
1.548198
1.548198
1.534997
1.534997
1.538595
1.538595
1.548024
1.548024
1.538982
1.538982
1.537104
1.537104
1.549918
1.549918
1.550166
1.550166
1.544419
1.544419
1.542904
1.542904
1.528918
1.528918
1.544999
1.544999
1.540812
1.540812
1.537250
1.537250
1.552794
1.552794
1.542054
1.542054
1.536304
1.536304
1.538372
1.538372
1.543685
1.543685
1.543595
1.543595
1.542616
1.542616
1.542388
1.542388
1.547884
1.547884
1.544176
1.544176
1.540984
1.540984
1.531098
1.531098
1.547751
1.547751
1.548517
1.548517
1.538912
1.538912
1.542862
1.542862
1.534519
1.534519
1.546463
1.546463
1.547598
1.547598
1.536876
1.536876
1.541855
1.541855
1.541714
1.541714
1.541857
1.541857
1.551969
1.551969
1.547021
1.547021
1.532935
1.532935
1.535592
1.535592
1.542366
1.542366
1.545281
1.545281
1.536669
1.536669
1.538957
1.538957
1.545310
1.545310
1.543700
1.543700
1.538537
1.538537
1.543764
1.543764
1.543227
1.543227
1.543246
1.543246
1.539732
1.539732
1.540823
1.540823
1.537444
1.537444
1.550164
1.550164
1.536710
1.536710
1.544125
1.544125
1.542979
1.542979
1.535976
1.535976
1.549383
1.549383
1.542424
1.542424
1.536415
1.536415
1.538167
1.538167
1.541838
1.541838
1.536036
1.536036
1.550606
1.550606
1.541671
1.541671
1.544392
1.544392
1.529133
1.529133
1.555294
1.555294
1.538765
1.538765
1.540188
1.540188
1.543044
1.543044
1.543288
1.543288
1.529660
1.529660
1.543013
1.543013
1.551354
1.551354
1.537122
1.537122
1.538451
1.538451
1.549073
1.549073
1.545750
1.545750
1.536116
1.536116
1.550829
1.550829
1.537683
1.537683
1.551417
1.551417
1.532574
1.532574
1.533120
1.533120
1.547323
1.547323
1.541611
1.541611
1.539226
1.539226
1.540397
1.540397
1.538278
1.538278
1.540482
1.540482
1.540241
1.540241
1.538566
1.538566
1.548079
1.548079
1.539820
1.539820
1.549761
1.549761
1.534236
1.534236
1.545760
1.545760
1.541122
1.541122
1.535160
1.535160
1.547412
1.547412
1.541506
1.541506
1.542851
1.542851
1.539207
1.539207
1.535046
1.535046
1.540356
1.540356
1.539245
1.539245
1.535759
1.535759
1.546472
1.546472
1.547183
1.547183
1.542424
1.542424
1.544652
1.544652
1.538278
1.538278
1.541721
1.541721
1.540158
1.540158
1.540059
1.540059
1.544450
1.544450
1.543752
1.543752
1.541656
1.541656
1.536271
1.536271
1.550215
1.550215
1.537812
1.537812
1.543283
1.543283
1.538819
1.538819
1.535908
1.535908
1.548373
1.548373
1.539537
1.539537
1.545078
1.545078
1.538767
1.538767
1.533625
1.533625
1.536133
1.536133
1.545436
1.545436
1.545776
1.545776
1.544549
1.544549
1.533345
1.533345
1.542612
1.542612
1.541975
1.541975
1.544449
1.544449
1.534657
1.534657
1.544185
1.544185
1.540521
1.540521
1.542768
1.542768
1.537255
1.537255
1.533167
1.533167
1.557458
1.557458
1.548886
1.548886
1.533187
1.533187
1.542435
1.542435
1.541483
1.541483
1.541139
1.541139
1.543651
1.543651
1.533829
1.533829
1.547970
1.547970
1.548794
1.548794
1.530123
1.530123
1.545355
1.545355
1.539911
1.539911
1.540761
1.540761
1.545290
1.545290
1.533763
1.533763
1.538411
1.538411
1.550246
1.550246
1.532675
1.532675
1.545087
1.545087
1.539956
1.539956
1.533493
1.533493
1.545904
1.545904
1.544397
1.544397
1.544222
1.544222
1.537589
1.537589
1.537641
1.537641
1.536636
1.536636
1.543552
1.543552
1.549304
1.549304
1.538597
1.538597
1.534014
1.534014
1.544268
1.544268
1.541368
1.541368
1.540784
1.540784
1.547245
1.547245
1.541017
1.541017
1.544049
1.544049
1.543596
1.543596
1.542623
1.542623
1.532654
1.532654
1.545514
1.545514
1.542444
1.542444
1.539166
1.539166
1.539283
1.539283
1.538927
1.538927
1.543389
1.543389
1.545197
1.545197
1.543112
1.543112
1.535364
1.535364
1.538045
1.538045
1.538102
1.538102
1.540242
1.540242
1.548607
1.548607
1.537352
1.537352
1.541714
1.541714
1.537078
1.537078
1.538829
1.538829
1.547505
1.547505
1.539824
1.539824
1.543027
1.543027
1.536612
1.536612
1.539118
1.539118
1.540346
1.540346
1.544728
1.544728
1.546289
1.546289
1.549610
1.549610
1.537046
1.537046
1.542205
1.542205
1.539665
1.539665
1.536144
1.536144
1.544084
1.544084
1.541432
1.541432
1.537852
1.537852
1.546894
1.546894
1.533927
1.533927
1.541945
1.541945
1.549396
1.549396
1.549839
1.549839
1.528234
1.528234
1.535145
1.535145
1.543150
1.543150
1.541852
1.541852
1.544311
1.544311
1.539781
1.539781
1.535581
1.535581
1.533851
1.533851
1.539606
1.539606
1.537508
1.537508
1.552303
1.552303
1.543348
1.543348
1.535990
1.535990
1.542550
1.542550
1.547660
1.547660
1.543123
1.543123
1.535268
1.535268
1.553464
1.553464
1.539356
1.539356
1.543238
1.543238
1.541890
1.541890
1.523579
1.523579
1.539247
1.539247
1.537516
1.537516
1.539322
1.539322
1.544233
1.544233
1.546767
1.546767
1.538711
1.538711
1.541676
1.541676
1.546128
1.546128
1.538558
1.538558
1.540420
1.540420
1.534389
1.534389
1.541538
1.541538
1.543439
1.543439
1.545538
1.545538
1.540571
1.540571
1.538882
1.538882
1.550295
1.550295
1.535884
1.535884
1.544407
1.544407
1.534480
1.534480
1.549398
1.549398
1.542570
1.542570
1.543082
1.543082
1.529956
1.529956
1.540361
1.540361
1.543017
1.543017
1.537251
1.537251
1.540513
1.540513
1.549293
1.549293
1.533566
1.533566
1.534515
1.534515
1.539098
1.539098
1.538421
1.538421
1.548324
1.548324
1.546352
1.546352
1.531796
1.531796
1.543775
1.543775
1.534567
1.534567
1.554446
1.554446
1.540729
1.540729
1.543107
1.543107
1.535190
1.535190
1.538980
1.538980
1.544222
1.544222
1.544795
1.544795
1.536334
1.536334
1.539015
1.539015
1.543446
1.543446
1.543585
1.543585
1.543627
1.543627
1.545936
1.545936
1.537698
1.537698
1.543231
1.543231
1.541148
1.541148
1.536186
1.536186
1.542564
1.542564
1.541801
1.541801
1.543598
1.543598
1.542210
1.542210
1.533086
1.533086
1.543540
1.543540
1.545829
1.545829
1.541642
1.541642
1.531519
1.531519
1.542833
1.542833
1.542979
1.542979
1.549496
1.549496
1.539499
1.539499
1.537346
1.537346
1.533562
1.533562
1.537600
1.537600
1.545254
1.545254
1.536133
1.536133
1.538472
1.538472
1.549097
1.549097
1.542104
1.542104
1.550924
1.550924
1.535596
1.535596
1.530670
1.530670
1.546600
1.546600
1.532732
1.532732
1.545192
1.545192
1.551348
1.551348
1.530979
1.530979
1.545175
1.545175
1.544138
1.544138
1.542049
1.542049
1.543547
1.543547
1.533901
1.533901
1.540562
1.540562
1.540204
1.540204
1.544686
1.544686
1.535713
1.535713
1.547911
1.547911
1.533995
1.533995
1.542276
1.542276
1.539208
1.539208
1.538408
1.538408
1.542343
1.542343
1.542233
1.542233
1.556836
1.556836
1.548739
1.548739
1.540424
1.540424
1.528918
1.528918
1.525363
1.525363
1.537208
1.537208
1.544737
1.544737
1.543065
1.543065
1.535134
1.535134
1.544816
1.544816
1.535492
1.535492
1.543303
1.543303
1.540752
1.540752
1.540470
1.540470
1.544828
1.544828
1.552469
1.552469
1.529796
1.529796
1.534847
1.534847
1.535525
1.535525
1.554295
1.554295
1.537409
1.537409
1.537177
1.537177
1.543211
1.543211
1.549380
1.549380
1.534861
1.534861
1.529406
1.529406
1.535793
1.535793
1.543694
1.543694
1.544063
1.544063
1.553652
1.553652
1.536327
1.536327
1.532878
1.532878
1.543337
1.543337
1.544182
1.544182
1.548589
1.548589
1.542311
1.542311
1.533000
1.533000
1.536671
1.536671
1.542720
1.542720
1.550988
1.550988
1.537402
1.537402
1.537228
1.537228
1.549025
1.549025
1.538109
1.538109
1.541508
1.541508
1.542202
1.542202
1.546549
1.546549
1.534603
1.534603
1.537097
1.537097
1.543193
1.543193
1.549929
1.549929
1.536400
1.536400
1.536827
1.536827
1.533997
1.533997
1.547394
1.547394
1.540317
1.540317
1.548850
1.548850
1.534931
1.534931
1.542400
1.542400
1.534845
1.534845
1.541071
1.541071
1.536025
1.536025
1.542829
1.542829
1.530704
1.530704
1.555694
1.555694
1.538119
1.538119
1.543642
1.543642
1.547320
1.547320
1.531690
1.531690
1.542145
1.542145
1.536173
1.536173
1.538403
1.538403
1.546958
1.546958
1.538239
1.538239
1.543361
1.543361
1.540879
1.540879
1.537698
1.537698
1.540429
1.540429
1.538943
1.538943
1.545584
1.545584
1.543425
1.543425
1.539823
1.539823
1.538981
1.538981
1.538810
1.538810
1.541367
1.541367
1.549067
1.549067
1.530776
1.530776
1.546978
1.546978
1.541667
1.541667
1.531460
1.531460
1.547857
1.547857
1.534564
1.534564
1.540290
1.540290
1.538808
1.538808
1.540604
1.540604
1.534559
1.534559
1.544127
1.544127
1.540907
1.540907
1.546576
1.546576
1.534398
1.534398
1.542375
1.542375
1.544615
1.544615
1.529584
1.529584
1.537805
1.537805
1.549809
1.549809
1.545998
1.545998
1.537092
1.537092
1.537266
1.537266
1.542977
1.542977
1.537620
1.537620
1.544592
1.544592
1.533694
1.533694
1.544006
1.544006
1.539895
1.539895
1.538968
1.538968
1.546657
1.546657
1.541559
1.541559
1.541732
1.541732
1.535262
1.535262
1.534882
1.534882
1.538464
1.538464
1.532027
1.532027
1.540264
1.540264
1.549950
1.549950
1.540812
1.540812
1.540275
1.540275
1.535951
1.535951
1.539740
1.539740
1.542966
1.542966
1.543212
1.543212
1.543322
1.543322
1.529360
1.529360
1.541039
1.541039
1.546753
1.546753
1.541186
1.541186
1.536424
1.536424
1.540409
1.540409
1.540998
1.540998
1.540853
1.540853
1.543632
1.543632
1.536320
1.536320
1.543643
1.543643
1.545628
1.545628
1.539197
1.539197
1.535592
1.535592
1.546708
1.546708
1.545112
1.545112
1.534475
1.534475
1.542835
1.542835
1.529830
1.529830
1.538055
1.538055
1.539016
1.539016
1.546993
1.546993
1.534077
1.534077
1.544340
1.544340
1.552841
1.552841
1.542448
1.542448
1.534558
1.534558
1.534050
1.534050
1.536552
1.536552
1.542357
1.542357
1.535714
1.535714
1.546436
1.546436
1.539683
1.539683
1.536103
1.536103
1.542776
1.542776
1.533429
1.533429
1.548038
1.548038
1.543100
1.543100
1.531898
1.531898
1.537895
1.537895
1.537832
1.537832
1.533742
1.533742
1.547215
1.547215
1.546057
1.546057
1.545684
1.545684
1.534004
1.534004
1.539760
1.539760
1.539597
1.539597
1.542985
1.542985
1.530575
1.530575
1.543775
1.543775
1.540379
1.540379
1.541454
1.541454
1.546742
1.546742
1.541848
1.541848
1.541837
1.541837
1.537780
1.537780
1.545354
1.545354
1.532599
1.532599
1.534085
1.534085
1.541667
1.541667
1.546672
1.546672
1.540405
1.540405
1.537767
1.537767
1.555900
1.555900
1.535728
1.535728
1.533526
1.533526
1.537941
1.537941
1.537232
1.537232
1.543401
1.543401
1.547579
1.547579
1.534119
1.534119
1.534994
1.534994
1.541111
1.541111
1.550715
1.550715
1.541417
1.541417
1.537324
1.537324
1.537529
1.537529
1.531913
1.531913
1.547703
1.547703
1.544909
1.544909
1.537271
1.537271
1.538738
1.538738
1.529705
1.529705
1.539401
1.539401
1.545086
1.545086
1.532514
1.532514
1.539509
1.539509
1.545801
1.545801
1.542099
1.542099
1.531303
1.531303
1.548782
1.548782
1.539255
1.539255
1.539327
1.539327
1.537910
1.537910
1.550713
1.550713
1.527950
1.527950
1.546346
1.546346
1.537269
1.537269
1.539977
1.539977
1.530865
1.530865
1.546275
1.546275
1.544665
1.544665
1.538461
1.538461
1.543938
1.543938
1.545397
1.545397
1.532260
1.532260
1.546746
1.546746
1.529393
1.529393
1.541914
1.541914
1.531619
1.531619
1.538386
1.538386
1.541051
1.541051
1.549474
1.549474
1.541645
1.541645
1.537183
1.537183
1.547378
1.547378
1.536754
1.536754
1.535936
1.535936
1.536901
1.536901
1.547880
1.547880
1.535467
1.535467
1.550259
1.550259
1.525609
1.525609
1.542279
1.542279
1.543937
1.543937
1.540120
1.540120
1.532708
1.532708
1.540594
1.540594
1.547726
1.547726
1.534191
1.534191
1.543616
1.543616
1.536973
1.536973
1.535960
1.535960
1.546887
1.546887
1.541519
1.541519
1.536061
1.536061
1.535282
1.535282
1.539649
1.539649
1.544308
1.544308
1.536579
1.536579
1.536597
1.536597
1.537312
1.537312
1.546175
1.546175
1.549283
1.549283
1.526360
1.526360
1.542518
1.542518
1.541108
1.541108
1.539976
1.539976
1.540861
1.540861
1.539657
1.539657
1.540568
1.540568
1.534040
1.534040
1.545369
1.545369
1.548418
1.548418
1.533589
1.533589
1.542126
1.542126
1.535276
1.535276
1.539684
1.539684
1.539149
1.539149
1.538126
1.538126
1.541678
1.541678
1.543805
1.543805
1.535258
1.535258
1.541052
1.541052
1.542475
1.542475
1.532729
1.532729
1.545851
1.545851
1.536071
1.536071
1.530268
1.530268
1.551788
1.551788
1.543213
1.543213
1.536889
1.536889
1.536004
1.536004
1.531955
1.531955
1.543198
1.543198
1.535212
1.535212
1.549487
1.549487
1.539083
1.539083
1.526208
1.526208
1.549048
1.549048
1.533245
1.533245
1.539888
1.539888
1.554112
1.554112
1.544842
1.544842
1.532475
1.532475
1.542271
1.542271
1.534799
1.534799
1.546024
1.546024
1.539701
1.539701
1.540118
1.540118
1.541003
1.541003
1.534220
1.534220
1.545123
1.545123
1.531758
1.531758
1.545880
1.545880
1.552540
1.552540
1.532388
1.532388
1.535040
1.535040
1.535191
1.535191
1.545217
1.545217
1.541905
1.541905
1.541409
1.541409
1.533261
1.533261
1.541940
1.541940
1.542218
1.542218
1.538402
1.538402
1.534951
1.534951
1.541363
1.541363
1.545227
1.545227
1.533059
1.533059
1.539612
1.539612
1.543131
1.543131
1.536593
1.536593
1.534552
1.534552
1.536351
1.536351
1.550599
1.550599
1.533412
1.533412
1.544646
1.544646
1.540766
1.540766
1.537779
1.537779
1.534258
1.534258
1.540263
1.540263
1.547123
1.547123
1.540817
1.540817
1.539460
1.539460
1.536004
1.536004
1.545539
1.545539
1.535365
1.535365
1.539625
1.539625
1.543550
1.543550
1.538725
1.538725
1.533522
1.533522
1.543486
1.543486
1.544971
1.544971
1.537535
1.537535
1.541697
1.541697
1.531629
1.531629
1.542707
1.542707
1.548566
1.548566
1.544776
1.544776
1.534175
1.534175
1.535931
1.535931
1.532545
1.532545
1.539414
1.539414
1.545436
1.545436
1.538824
1.538824
1.538927
1.538927
1.533702
1.533702
1.540336
1.540336
1.543231
1.543231
1.539389
1.539389
1.535378
1.535378
1.539312
1.539312
1.536617
1.536617
1.538731
1.538731
1.542223
1.542223
1.539114
1.539114
1.541406
1.541406
1.540509
1.540509
1.544599
1.544599
1.528535
1.528535
1.537952
1.537952
1.548040
1.548040
1.540961
1.540961
1.533798
1.533798
1.541555
1.541555
1.540015
1.540015
1.541702
1.541702
1.539020
1.539020
1.538785
1.538785
1.538466
1.538466
1.539466
1.539466
1.542477
1.542477
1.525502
1.525502
1.541344
1.541344
1.544867
1.544867
1.539186
1.539186
1.549024
1.549024
1.537064
1.537064
1.539867
1.539867
1.542399
1.542399
1.544129
1.544129
1.532441
1.532441
1.539521
1.539521
1.526242
1.526242
1.556529
1.556529
1.535546
1.535546
1.539803
1.539803
1.544747
1.544747
1.536321
1.536321
1.535717
1.535717
1.534805
1.534805
1.547931
1.547931
1.538961
1.538961
1.542202
1.542202
1.538574
1.538574
1.531493
1.531493
1.548174
1.548174
1.540507
1.540507
1.532822
1.532822
1.534105
1.534105
1.532396
1.532396
1.563138
1.563138
1.541371
1.541371
1.549441
1.549441
1.533394
1.533394
1.543472
1.543472
1.526161
1.526161
1.546179
1.546179
1.535512
1.535512
1.544829
1.544829
1.538537
1.538537
1.529519
1.529519
1.534126
1.534126
1.547062
1.547062
1.537946
1.537946
1.542171
1.542171
1.534486
1.534486
1.540305
1.540305
1.542387
1.542387
1.540585
1.540585
1.534527
1.534527
1.539088
1.539088
1.544203
1.544203
1.532479
1.532479
1.532361
1.532361
1.548007
1.548007
1.539890
1.539890
1.540651
1.540651
1.528653
1.528653
1.538558
1.538558
1.542743
1.542743
1.548351
1.548351
1.543584
1.543584
1.542447
1.542447
1.534572
1.534572
1.543670
1.543670
1.530217
1.530217
1.539063
1.539063
1.540229
1.540229
1.539908
1.539908
1.538462
1.538462
1.539024
1.539024
1.545862
1.545862
1.543787
1.543787
1.540682
1.540682
1.529705
1.529705
1.535935
1.535935
1.544797
1.544797
1.540016
1.540016
1.535441
1.535441
1.536564
1.536564
1.540177
1.540177
1.537335
1.537335
1.533932
1.533932
1.541339
1.541339
1.534480
1.534480
1.552960
1.552960
1.538063
1.538063
1.549396
1.549396
1.540745
1.540745
1.534166
1.534166
1.532567
1.532567
1.541881
1.541881
1.539129
1.539129
1.547178
1.547178
1.534806
1.534806
1.531568
1.531568
1.541244
1.541244
1.548385
1.548385
1.528247
1.528247
1.541158
1.541158
1.536754
1.536754
1.544881
1.544881
1.530378
1.530378
1.546316
1.546316
1.540388
1.540388
1.532848
1.532848
1.549991
1.549991
1.550495
1.550495
1.530219
1.530219
1.531662
1.531662
1.532264
1.532264
1.541009
1.541009
1.544451
1.544451
1.532266
1.532266
1.536999
1.536999
1.542301
1.542301
1.540503
1.540503
1.538429
1.538429
1.546194
1.546194
1.537843
1.537843
1.531303
1.531303
1.537726
1.537726
1.538238
1.538238
1.539582
1.539582
1.542077
1.542077
1.538386
1.538386
1.528832
1.528832
1.542744
1.542744
1.538488
1.538488
1.538755
1.538755
1.550079
1.550079
1.536967
1.536967
1.547392
1.547392
1.536958
1.536958
1.538530
1.538530
1.535454
1.535454
1.547780
1.547780
1.528576
1.528576
1.546506
1.546506
1.538031
1.538031
1.533943
1.533943
1.536468
1.536468
1.547748
1.547748
1.534431
1.534431
1.532687
1.532687
1.546538
1.546538
1.534345
1.534345
1.536107
1.536107
1.545270
1.545270
1.539521
1.539521
1.541323
1.541323
1.538840
1.538840
1.546237
1.546237
1.537578
1.537578
1.537354
1.537354
1.534950
1.534950
1.540061
1.540061
1.540644
1.540644
1.541030
1.541030
1.531254
1.531254
1.544164
1.544164
1.530862
1.530862
1.551716
1.551716
1.531114
1.531114
1.543278
1.543278
1.538841
1.538841
1.539515
1.539515
1.529415
1.529415
1.543447
1.543447
1.540231
1.540231
1.544590
1.544590
1.542747
1.542747
1.541131
1.541131
1.540739
1.540739
1.533182
1.533182
1.537735
1.537735
1.546671
1.546671
1.537154
1.537154
1.546723
1.546723
1.530723
1.530723
1.533109
1.533109
1.540552
1.540552
1.542187
1.542187
1.540838
1.540838
1.539941
1.539941
1.530100
1.530100
1.535055
1.535055
1.538136
1.538136
1.545678
1.545678
1.532873
1.532873
1.545693
1.545693
1.534848
1.534848
1.544595
1.544595
1.541324
1.541324
1.538794
1.538794
1.535326
1.535326
1.540992
1.540992
1.536386
1.536386
1.537060
1.537060
1.542279
1.542279
1.538975
1.538975
1.544644
1.544644
1.533627
1.533627
1.548018
1.548018
1.532615
1.532615
1.535976
1.535976
1.543344
1.543344
1.531062
1.531062
1.535510
1.535510
1.543968
1.543968
1.542493
1.542493
1.534950
1.534950
1.547490
1.547490
1.529382
1.529382
1.544231
1.544231
1.539245
1.539245
1.537640
1.537640
1.532313
1.532313
1.537485
1.537485
1.545777
1.545777
1.542649
1.542649
1.540523
1.540523
1.541735
1.541735
1.539786
1.539786
1.540912
1.540912
1.529579
1.529579
1.528850
1.528850
1.544745
1.544745
1.537552
1.537552
1.543623
1.543623
1.540406
1.540406
1.535864
1.535864
1.540455
1.540455
1.543007
1.543007
1.532261
1.532261
1.544614
1.544614
1.535438
1.535438
1.530953
1.530953
1.538628
1.538628
1.545634
1.545634
1.545788
1.545788
1.535461
1.535461
1.542404
1.542404
1.534823
1.534823
1.542672
1.542672
1.539356
1.539356
1.533377
1.533377
1.537237
1.537237
1.535781
1.535781
1.543392
1.543392
1.546557
1.546557
1.546470
1.546470
1.531911
1.531911
1.535580
1.535580
1.545092
1.545092
1.534072
1.534072
1.536830
1.536830
1.532331
1.532331
1.538574
1.538574
1.549694
1.549694
1.535928
1.535928
1.545062
1.545062
1.536643
1.536643
1.532257
1.532257
1.541861
1.541861
1.537886
1.537886
1.535558
1.535558
1.533931
1.533931
1.546719
1.546719
1.535842
1.535842
1.542819
1.542819
1.536692
1.536692
1.549221
1.549221
1.539013
1.539013
1.533319
1.533319
1.534394
1.534394
1.543017
1.543017
1.534687
1.534687
1.540277
1.540277
1.533213
1.533213
1.543533
1.543533
1.539294
1.539294
1.540139
1.540139
1.537602
1.537602
1.542496
1.542496
1.532359
1.532359
1.536922
1.536922
1.536121
1.536121
1.541455
1.541455
1.547463
1.547463
1.529113
1.529113
1.538994
1.538994
1.535708
1.535708
1.537511
1.537511
1.535513
1.535513
1.547929
1.547929
