0.1050
0.0970
0.0980
0.1140
0.0862
0.1000
0.0970
0.1170
0.1160
0.1150
0.1190
0.1140
0.1250
0.1090
0.1263
0.1320
0.1360
0.1190
0.1430
0.1275
0.1440
0.1350
0.1380
0.1500
0.1900
0.1680
0.1740
0.1890
0.1590
0.1850
0.1880
0.1960
0.1930
0.2110
0.2238
0.2000
0.2530
0.2240
0.2630
0.2537
0.2760
0.2660
0.2780
0.2580
0.2637
0.2920
0.2970
0.3040
0.2850
0.3050
0.3170
0.3180
0.3220
0.3130
0.3225
0.3320
0.3520
0.3270
0.3370
0.3225
0.3580
0.3290
0.3460
0.3570
0.3663
0.3700
0.3300
0.3710
0.3680
0.3675
0.3570
0.3910
0.3610
0.3800
0.3837
0.3780
0.3840
0.3940
0.3750
0.3987
0.4100
0.4130
0.3770
0.4130
0.4100
0.4170
0.4180
0.4150
0.4270
0.4288
0.4280
0.4500
0.4420
0.4320
0.4412
0.4510
0.4720
0.4530
0.4470
0.4537
0.4710
0.4790
0.4840
0.4670
0.4713
0.4620
0.5000
0.5040
0.4970
0.5062
0.5160
0.4940
0.5200
0.5090
0.5175
0.5240
0.5060
0.5480
0.5540
0.5437
0.5280
0.5790
0.5390
0.5650
0.5750
0.5500
0.5750
0.5700
0.5800
0.5763
0.5820
0.5830
0.6020
0.5880
0.5775
0.6000
0.5930
0.6010
0.6210
0.5887
0.6090
0.6080
0.6200
0.6070
0.6212
0.6540
0.6170
0.6210
0.6050
0.6138
0.6190
0.6520
0.6390
0.6240
0.6188
0.6360
0.6320
0.6450
0.6320
0.6325
0.6540
0.6170
0.6490
0.6230
0.6725
0.6410
0.6450
0.6390
0.6490
0.6550
0.6290
0.6490
0.6510
0.6610
0.6488
0.6560
0.6500
0.6550
0.6580
0.6375
0.6510
0.6400
0.6970
0.6240
0.6637
0.6590
0.6550
0.6550
0.6630
0.6687
0.6740
0.6720
0.6460
0.6770
0.6600
0.6750
0.6730
0.6820
0.6700
0.6700
0.6750
0.6810
0.7000
0.6820
0.6663
0.7020
0.6890
0.7000
0.6710
0.7000
0.6980
0.6670
0.7190
0.7090
0.7375
0.7300
0.7180
0.7180
0.6920
0.7137
0.7250
0.7120
0.7380
0.6970
0.7400
0.7220
0.7150
0.7210
0.7480
0.7575
0.7400
0.7260
0.7380
0.7630
0.7225
0.7500
0.7530
0.7420
0.7530
0.7225
0.7410
0.7420
0.7480
0.7550
0.7638
0.7490
0.7450
0.7710
0.7410
0.7575
0.7410
0.7630
0.7570
0.7680
0.7500
0.7520
0.7810
0.7320
0.7680
0.7600
0.7540
0.7790
0.7430
0.7530
0.7738
0.7900
0.7520
0.7440
0.7640
0.7638
0.7530
0.7480
0.7840
0.7790
0.7500
0.7900
0.7540
0.7550
0.7550
0.7725
0.7680
0.7690
0.7630
0.7720
0.7588
0.7720
0.7560
0.7560
0.7850
0.7638
0.7670
0.7560
0.7850
0.7680
0.7575
0.7440
0.7670
0.7790
0.7940
0.7562
0.7570
0.7740
0.7650
0.7830
0.7638
0.7780
0.7780
0.7810
0.7620
0.7388
0.7570
0.7790
0.7540
0.7830
0.7750
0.7810
0.7490
0.7870
0.7610
0.7762
0.7670
0.7560
0.7710
0.7870
0.7750
0.7860
0.7410
0.7750
0.7800
0.7775
0.7760
0.7290
0.7790
0.7960
0.7812
0.7590
0.7720
0.7850
0.7830
0.7625
0.7750
0.7630
0.7600
0.7850
0.7825
0.7590
0.7740
0.7690
0.7940
0.7738
0.7690
0.8030
0.7550
0.7750
0.7700
0.7690
0.7540
0.7850
0.7690
0.8025
0.7810
0.7930
0.7740
0.7670
0.7575
0.7790
0.7820
0.7650
0.7790
0.7738
0.7820
0.7940
0.7520
0.7670
0.7863
0.7620
0.7940
0.7760
0.7720
0.7788
0.7580
0.7640
0.8060
0.7710
0.7875
0.7840
0.7830
0.7710
0.7860
0.7612
0.7740
0.7850
0.7930
0.7710
0.7675
0.7930
0.7760
0.7900
0.7640
0.7700
0.7680
0.7950
0.7790
0.7890
0.7650
0.7830
0.7970
0.7790
0.7610
0.7788
0.8020
0.7790
0.7650
0.7670
0.7900
0.7890
0.7930
0.7920
0.7430
0.7875
0.7850
0.7720
0.7890
0.7800
0.7825
0.7990
0.7670
0.8010
0.7750
0.7675
0.7730
0.7820
0.7980
0.7830
0.7762
0.7870
0.7810
0.7870
0.7750
0.7850
0.7870
0.7740
0.7900
0.7890
0.7788
0.7810
0.7920
0.7850
0.7810
0.7850
0.7650
0.7870
0.7920
0.7960
0.7837
0.7950
0.7840
0.7790
0.7830
0.7837
0.7850
0.7750
0.8110
0.7770
0.7800
0.7840
0.7780
0.7850
0.7780
0.8100
0.7850
0.7680
0.7900
0.7970
0.7913
0.7770
0.8060
0.7970
0.7750
0.7750
0.8100
0.7850
0.7800
0.7580
0.8025
0.7840
0.7880
0.7780
0.8100
0.7712
0.7710
0.7910
0.7940
0.7820
0.8013
0.7760
0.7920
0.7860
0.7960
0.7887
0.7800
0.7840
0.7910
0.7830
0.8075
0.7980
0.7880
0.7930
0.7790
0.7825
0.8040
0.7740
0.7940
0.7910
0.7788
0.7760
0.8040
0.7770
0.8020
0.7875
0.7860
0.7930
0.8040
0.7860
0.7775
0.7900
0.8160
0.7780
0.7960
0.7650
0.7820
0.7820
0.8020
0.8030
0.7825
0.8210
0.7940
0.7780
0.7870
0.7712
0.7920
0.8000
0.7850
0.7700
0.8125
0.7880
0.7970
0.8040
0.7870
0.7775
0.7810
0.7930
0.7990
0.7960
0.7863
0.8010
0.7850
0.7970
0.7880
0.7850
0.7820
0.7920
0.7850
0.7890
0.8150
0.7810
0.7940
0.7960
0.7980
0.7900
0.8090
0.7690
0.8060
0.8010
0.7712
0.7900
0.7920
0.7950
0.8000
0.7825
0.7930
0.8050
0.7790
0.7900
0.7950
0.7920
0.8010
0.7900
0.7920
0.7863
0.7960
0.7950
0.7930
0.7980
0.7800
0.7950
0.8010
0.8000
0.7910
0.7762
0.7820
0.8100
0.7870
0.8080
0.7800
0.8090
0.7840
0.7890
0.7890
0.8025
0.7840
0.7700
0.8150
0.8010
0.8037
0.7910
0.7900
0.8000
0.7870
0.8075
0.7890
0.7840
0.7910
0.8020
0.8100
0.8260
0.7760
0.7790
0.7930
0.8050
0.7890
0.7850
0.8210
0.7960
0.7887
0.8120
0.7910
0.8060
0.7730
0.8013
0.7740
0.8050
0.7980
0.8110
0.7950
0.8060
0.7680
0.7900
0.7960
0.8350
0.8060
0.8060
0.7870
0.8010
0.7850
0.7800
0.8150
0.7880
0.8050
0.8050
0.8030
0.7970
0.7970
0.7960
0.8000
0.7960
0.8090
0.7910
0.8000
0.8000
0.8020
0.7970
0.7950
0.7950
0.8087
0.8180
0.7750
0.8030
0.8050
0.7950
0.8000
0.8010
0.8100
0.7860
0.8050
0.8160
0.7980
0.7900
0.7990
0.7975
0.7870
0.8120
0.7980
0.8240
0.7762
0.7880
0.7960
0.8050
0.8170
0.7975
0.8220
0.7940
0.7930
0.8040
0.7900
0.8150
0.8030
0.7920
0.7940
0.8050
0.7970
0.7950
0.8060
0.8110
0.8000
0.7810
0.8120
0.7900
0.8190
0.8087
0.7860
0.7950
0.8020
0.8170
0.8150
0.8070
0.7950
0.8070
0.7890
0.8225
0.7940
0.7990
0.8150
0.8070
0.8013
0.8100
0.7950
0.7950
0.8110
0.8075
0.8070
0.8150
0.7890
0.7870
0.8263
0.7780
0.8110
0.8050
0.8240
0.8025
0.8110
0.7990
0.8050
0.8210
0.7863
0.8180
0.8110
0.8030
0.7970
0.8025
0.8000
0.8130
0.8100
0.7980
0.8137
0.7850
0.8250
0.8080
0.8100
0.8100
0.8170
0.8010
0.8060
0.8160
0.8000
0.8060
0.8070
0.7910
0.8270
0.8187
0.8180
0.8120
0.7960
0.8290
0.7900
0.8130
0.8200
0.8160
0.7960
0.8063
0.8110
0.8330
0.8000
0.7910
0.8225
0.7880
0.7990
0.8120
0.8290
0.8375
0.8180
0.8000
0.8110
0.8100
0.8275
0.8050
0.8080
0.8120
0.8270
0.8213
0.8070
0.8250
0.8040
0.8280
0.8150
0.8120
0.8190
0.8230
0.8180
0.8113
0.8210
0.8260
0.8090
0.8110
0.8237
0.8130
0.8140
0.8170
0.8320
0.8163
0.8300
0.8090
0.8120
0.8070
0.8425
0.8210
0.8070
0.8400
0.8220
0.8100
0.8430
0.8010
0.8240
0.8270
0.8175
0.8280
0.8200
0.8170
0.8310
0.8225
0.8110
0.8230
0.8390
0.8250
0.8225
0.8080
0.8360
0.8410
0.8280
0.8087
0.8390
0.8150
0.8150
0.8380
0.8187
0.8500
0.8150
0.8210
0.8140
0.8313
0.8140
0.8460
0.8260
0.8250
0.8263
0.8330
0.8350
0.8280
0.8130
0.8337
0.8290
0.8240
0.8330
0.8310
0.8287
0.8460
0.8140
0.8230
0.8350
0.8250
0.8100
0.8370
0.8270
0.8480
0.8250
0.8230
0.8220
0.8200
0.8480
0.8450
0.8320
0.8180
0.8410
0.8350
0.8313
0.8370
0.8270
0.8370
0.8390
0.8163
0.8250
0.8180
0.8470
0.8580
0.8125
0.8170
0.8390
0.8330
0.8290
0.8550
0.8450
0.8410
0.8320
0.8230
0.8325
0.8390
0.8140
0.8360
0.8390
0.8512
0.8420
0.8430
0.8460
0.8320
0.8137
0.8320
0.8350
0.8350
0.8450
0.8413
0.8490
0.8250
0.8210
0.8450
0.8512
0.8420
0.8510
0.8290
0.8460
0.8213
0.8460
0.8480
0.8280
0.8440
0.8313
0.8530
0.8280
0.8390
0.8400
0.8413
0.8460
0.8270
0.8400
0.8470
0.8462
0.8440
0.8230
0.8480
0.8540
0.8387
0.8560
0.8330
0.8480
0.8190
0.8575
0.8380
0.8390
0.8480
0.8370
0.8512
0.8210
0.8410
0.8280
0.8680
0.8588
0.8540
0.8310
0.8350
0.8430
0.8562
0.8440
0.8330
0.8550
0.8410
0.8475
0.8330
0.8300
0.8470
0.8520
0.8600
0.8550
0.8580
0.8260
0.8400
0.8387
0.8490
0.8450
0.8420
0.8410
0.8425
0.8530
0.8520
0.8530
0.8410
0.8213
0.8370
0.8430
0.8400
0.8660
0.8387
0.8450
0.8680
0.8260
0.8370
0.8525
0.8380
0.8560
0.8430
0.8480
0.8413
0.8420
0.8480
0.8330
0.8500
0.8588
0.8350
0.8400
0.8510
0.8550
0.8500
0.8440
0.8450
0.8590
0.8480
0.8350
0.8180
0.8400
0.8570
0.8650
0.8575
0.8530
0.8300
0.8390
0.8480
0.8688
0.8390
0.8490
0.8560
0.8630
0.8250
0.8480
0.8500
0.8550
0.8360
0.8475
0.8440
0.8650
0.8500
0.8310
0.8462
0.8530
0.8510
0.8520
0.8360
0.8450
0.8520
0.8390
0.8350
0.8550
0.8588
0.8550
0.8520
0.8360
0.8350
0.8638
0.8580
0.8660
0.8340
0.8430
0.8387
0.8440
0.8480
0.8660
0.8410
0.8438
0.8400
0.8710
0.8390
0.8490
0.8450
0.8470
0.8670
0.8500
0.8320
0.8538
0.8450
0.8760
0.8310
0.8400
0.8600
0.8490
0.8740
0.8550
0.8420
0.8250
0.8480
0.8470
0.8520
0.8440
0.8612
0.8520
0.8450
0.8440
0.8520
0.8625
0.8410
0.8440
0.8540
0.8630
0.8562
0.8750
0.8520
0.8620
0.8370
0.8263
0.8810
0.8470
0.8490
0.8360
0.8475
0.8460
0.8490
0.8620
0.8470
0.8612
0.8450
0.8590
0.8370
0.8640
0.8612
0.8660
0.8400
0.8610
0.8470
0.8512
0.8380
0.8430
0.8560
0.8600
0.8725
0.8400
0.8710
0.8420
0.8660
0.8450
0.8500
0.8630
0.8420
0.8570
0.8575
0.8410
0.8540
0.8700
0.8500
0.8525
0.8500
0.8470
0.8590
0.8530
0.8625
0.8500
0.8650
0.8450
0.8620
0.8488
0.8510
0.8520
0.8540
0.8570
0.8612
0.8600
0.8490
0.8540
0.8530
0.8588
0.8750
0.8550
0.8530
0.8410
0.8500
0.8460
0.8530
0.8410
0.8760
0.8625
0.8610
0.8480
0.8520
0.8520
0.8688
0.8530
0.8660
0.8360
0.8740
0.8500
0.8460
0.8590
0.8560
0.8640
0.8562
0.8680
0.8480
0.8690
0.8420
0.8525
0.8650
0.8680
0.8540
0.8390
0.8562
0.8470
0.8670
0.8610
0.8500
0.8600
0.8690
0.8600
0.8510
0.8490
0.8588
0.8530
0.8430
0.8510
0.8650
0.8800
0.8480
0.8660
0.8520
0.8590
0.8625
0.8610
0.8650
0.8530
0.8390
0.8712
0.8530
0.8460
0.8580
0.8770
0.8512
0.8630
0.8440
0.8490
0.8650
0.8675
0.8550
0.8540
0.8580
0.8520
0.8725
0.8590
0.8690
0.8600
0.8520
0.8500
0.8610
0.8670
0.8620
0.8520
0.8488
0.8640
0.8660
0.8520
0.8470
0.8675
0.8570
0.8460
0.8590
0.8670
0.8688
0.8520
0.8670
0.8730
0.8620
0.8387
0.8580
0.8580
0.8800
0.8750
0.8187
0.8650
0.8560
0.8660
0.8590
0.8525
0.8630
0.8520
0.8470
0.8700
0.8700
0.8550
0.8570
0.8650
0.8730
0.8475
0.8570
0.8830
0.8730
0.8480
0.8375
0.8630
0.8490
0.8870
0.8540
0.8488
0.8750
0.8420
0.8530
0.8600
0.8788
0.8530
0.8660
0.8580
0.8690
0.8588
0.8680
0.8510
0.8550
0.8770
0.8525
0.8770
0.8560
0.8630
0.8360
0.8775
0.8640
0.8570
0.8750
0.8460
0.8650
0.8780
0.8630
0.8530
0.8570
0.8562
0.8510
0.8630
0.8760
0.8480
0.8750
0.8730
0.8500
0.8440
0.8830
0.8612
0.8720
0.8710
0.8590
0.8580
0.8500
0.8620
0.8770
0.8540
0.8570
0.8625
0.8560
0.8530
0.8510
0.8860
0.8688
0.8600
0.8560
0.8690
0.8640
0.8662
0.8730
0.8620
0.8550
0.8600
0.8675
0.8720
0.8640
0.8670
0.8590
0.8538
0.8690
0.8540
0.8740
0.8560
0.8675
0.8660
0.8750
0.8630
0.8590
0.8550
0.8620
0.8620
0.8640
0.8690
0.8638
0.8580
0.8650
0.8810
0.8480
0.8700
0.8530
0.8580
0.8620
0.8860
0.8625
0.8710
0.8670
0.8470
0.8680
0.8700
0.8700
0.8800
0.8610
0.8600
0.8475
0.8690
0.8660
0.8600
0.8700
0.8562
0.8690
0.8680
0.8790
0.8520
0.8525
0.8610
0.8640
0.8880
0.8660
0.8387
0.8760
0.8530
0.8850
0.8530
0.8538
0.8750
0.8730
0.8590
0.8470
0.8700
0.8760
0.8660
0.8570
0.8670
0.8575
0.8750
0.8600
0.8670
0.8620
0.8638
0.8790
0.8760
0.8540
0.8630
0.8562
0.8650
0.8790
0.8570
0.8690
0.8638
0.8590
0.8730
0.8760
0.8540
0.8738
0.8510
0.8680
0.8630
0.8670
0.8900
0.8770
0.8740
0.8670
0.8520
0.8662
0.8750
0.8660
0.8660
0.8570
0.8775
0.8790
0.8610
0.8640
0.8690
0.8662
0.8590
0.8620
0.8620
0.8750
0.8862
0.8500
0.8700
0.8820
0.8720
0.8662
0.8730
0.8680
0.8720
0.8560
0.8750
0.8630
0.8740
0.8730
0.8580
0.8762
0.8670
0.8680
0.8610
0.8760
0.8712
0.8740
0.8830
0.8580
0.8640
0.8650
0.8570
0.8700
0.8730
0.8750
0.8700
0.8570
0.8720
0.8640
0.8690
0.8875
0.8630
0.8610
0.8780
0.8700
0.8762
0.8740
0.8770
0.8610
0.8690
0.8662
0.8710
0.8580
0.8710
0.8690
0.8812
0.8850
0.8650
0.8590
0.8610
0.8800
0.8650
0.8790
0.8630
0.8730
0.8688
0.8740
0.8680
0.8630
0.8770
0.8688
0.8710
0.8920
0.8500
0.8710
0.8662
0.8660
0.8630
0.8870
0.8680
0.8650
0.8770
0.8790
0.8630
0.8660
0.8650
0.8720
0.8660
0.8700
0.8820
0.8600
0.8720
0.8760
0.8790
0.8710
0.8500
0.8770
0.8590
0.8740
0.8730
0.8688
0.8760
0.8680
0.8690
0.8750
0.8625
0.8750
0.8710
0.8800
0.8570
0.8712
0.8650
0.8770
0.8720
0.8620
0.8800
0.8730
0.8790
0.8540
0.8720
0.8775
0.8590
0.8670
0.8600
0.8800
0.8925
0.8690
0.8840
0.8660
0.8620
0.8725
0.8670
0.8740
0.8750
0.8620
0.8762
0.8720
0.8810
0.8710
0.8570
0.8750
0.8690
0.8610
0.8640
0.8710
0.8988
0.8800
0.8690
0.8710
0.8750
0.8612
0.8760
0.8830
0.8670
0.8570
0.8775
0.8680
0.8610
0.8730
0.8730
0.8888
0.8710
0.8720
0.8730
0.8680
0.8800
0.8710
0.8800
0.8770
0.8570
0.8788
0.8830
0.8690
0.8840
0.8620
0.8638
0.8830
0.8630
0.8650
0.8800
0.8725
0.8560
0.8900
0.8590
0.8710
0.8925
0.8740
0.8700
0.8730
0.8710
0.8775
0.8860
0.8850
0.8700
0.8640
0.8575
0.8760
0.8840
0.8710
0.8600
0.8762
0.8530
0.8860
0.8780
0.8790
0.8700
0.8850
0.8590
0.8810
0.8620
0.8825
0.8750
0.8670
0.8770
0.8800
0.8700
0.8720
0.8830
0.8720
0.8890
0.8500
0.8750
0.8830
0.8690
0.8640
0.8812
0.8760
0.8700
0.8780
0.8840
0.8612
0.8680
0.8830
0.8820
0.8690
0.8700
0.8620
0.8750
0.8650
0.8890
0.8838
0.8910
0.8860
0.8760
0.8650
0.8500
0.8730
0.8660
0.8680
0.8850
0.8825
0.8780
0.8640
0.8750
0.8790
0.8788
0.8920
0.8520
0.8980
0.8700
0.8600
0.8730
0.8680
0.8710
0.8810
0.8838
0.8690
0.8680
0.8840
0.8700
0.8875
0.8690
0.8740
0.8820
0.8730
0.8788
0.8620
0.8850
0.8830
0.8730
0.8725
0.8710
0.8760
0.8630
0.8790
0.8888
0.8720
0.8640
0.8850
0.8690
0.8888
0.8650
0.8700
0.8800
0.8810
0.8812
0.8810
0.8690
0.8830
0.8740
0.8675
0.8760
0.8820
0.8670
0.8730
0.8788
0.8890
0.8700
0.8620
0.8770
0.8812
0.8890
0.8620
0.8730
0.8890
0.8625
0.8890
0.8760
0.8700
0.8690
0.8738
0.8890
0.8770
0.8640
0.8760
0.8712
0.8580
0.8820
0.8540
0.8970
0.8900
0.8680
0.8810
0.8820
0.8690
0.8788
0.8850
0.8760
0.8860
0.8650
0.8650
0.8760
0.8750
0.8900
0.8710
0.8650
0.8880
0.8980
0.8500
0.8740
0.8675
0.8710
0.8880
0.8700
0.8740
0.8762
0.8730
0.8930
0.8780
0.8580
0.8800
0.8680
0.8940
0.8640
0.8860
0.8675
0.8660
0.8830
0.8810
0.8860
0.8625
0.8790
0.8790
0.8720
0.8740
0.8775
0.8830
0.8640
0.8800
0.8760
0.8788
0.8760
0.8760
0.8910
0.8660
0.8725
0.8860
0.8780
0.8830
0.8670
0.8675
0.8710
0.8710
0.8820
0.8750
0.8862
0.8880
0.8750
0.8730
0.8650
0.8862
0.8730
0.8980
0.8630
0.8650
0.8900
0.8720
0.8690
0.8750
0.8680
0.9100
0.8780
0.8730
0.8730
0.8740
0.8925
0.8980
0.8580
0.8880
0.8670
0.8775
0.8870
0.8930
0.8600
0.8860
0.8600
0.8640
0.8850
0.8760
0.8910
0.8712
0.8940
0.8850
0.8690
0.8620
0.8800
0.8830
0.8760
0.8850
0.8880
0.8525
0.8750
0.8730
0.8740
0.8820
0.8875
0.8830
0.8660
0.8830
0.8740
0.8838
0.8760
0.8850
0.8770
0.8860
0.8612
0.8920
0.8770
0.8770
0.8670
0.8750
0.8730
0.8830
0.8850
0.8820
0.8625
0.8830
0.8740
0.8910
0.8750
0.8625
0.8870
0.8750
0.8680
0.8710
0.8900
0.8720
0.8640
0.8830
0.8800
0.8925
0.8790
0.8580
0.8850
0.8820
0.8862
0.8610
0.8840
0.8810
0.8750
0.8925
0.8840
0.8690
0.8810
0.8850
0.8700
0.8800
0.8680
0.8870
0.8760
0.8800
0.8800
0.8700
0.8830
0.8740
0.8862
0.8780
0.8890
0.8800
0.8680
0.8762
0.8830
0.8760
0.8730
0.8640
0.9000
0.8810
0.8790
0.8860
0.8710
0.8738
0.8650
0.8790
0.8840
0.8860
0.8775
0.8600
0.8830
0.8670
0.8960
0.8875
0.8950
0.8580
0.8880
0.8750
0.8775
0.8650
0.8700
0.9050
0.8860
0.8662
0.8710
0.8750
0.8890
0.8660
0.8975
0.8850
0.8580
0.8840
0.8890
0.8775
0.8700
0.8710
0.8990
0.8750
0.8788
0.8670
0.8850
0.8810
0.8770
0.8850
0.8870
0.8760
0.8720
0.8830
0.8750
0.8690
0.8850
0.8730
0.8840
0.8825
0.8760
0.8850
0.8890
0.8750
0.8662
0.8630
0.8920
0.8890
0.8800
0.8675
0.8660
0.8820
0.8870
0.8710
0.8900
0.8770
0.8820
0.8840
0.8660
0.8862
0.8760
0.8810
0.8780
0.8860
0.8712
0.8840
0.8770
0.8830
0.8800
0.8675
0.8600
0.8880
0.8930
0.8710
0.8825
0.8910
0.8770
0.8710
0.8660
0.8912
0.8780
0.8740
0.8860
0.8800
0.8750
0.8880
0.8840
0.8660
0.8770
0.8762
0.8790
0.8830
0.8880
0.8560
0.8875
0.8760
0.8780
0.8830
0.8740
0.8825
0.8900
0.8830
0.8800
0.8780
0.8575
0.8770
0.8850
0.8770
0.8910
0.8588
0.8720
0.8760
0.8870
0.8800
0.8775
0.8700
0.8940
0.8740
0.8750
0.8812
0.8730
0.8850
0.8760
0.8720
0.8900
0.8560
0.8750
0.8830
0.8830
0.9012
0.8710
0.8840
0.8810
0.8800
0.8775
0.8900
0.8820
0.8690
0.8870
0.8625
0.8620
0.8850
0.8830
0.8800
0.8850
0.8750
0.8740
0.8640
0.8970
0.8850
0.8890
0.8700
0.8950
0.8650
0.8738
0.8790
0.8860
0.8660
0.8770
0.8875
0.8830
0.8720
0.8810
0.8790
0.8800
0.8770
0.8800
0.8770
0.8880
0.8712
0.8820
0.8820
0.8830
0.8740
0.8738
0.8810
0.8880
0.8750
0.8760
0.8750
0.8770
0.8830
0.8850
0.8810
0.8662
0.8770
0.8780
0.8770
0.8880
0.8738
0.8740
0.8830
0.8860
0.8730
0.8800
0.8870
0.8750
0.8710
0.8890
0.8725
0.8680
0.8870
0.8890
0.8870
0.8625
0.8830
0.8760
0.8700
0.8850
0.8838
0.8880
0.8860
0.8600
0.8850
0.8775
0.8710
0.8900
0.8700
0.8860
0.8825
0.9010
0.8800
0.8730
0.8670
0.8788
0.8780
0.8920
0.8680
0.8840
0.8775
0.8730
0.8830
0.8800
0.8800
0.8850
0.8980
0.8750
0.8640
0.8870
0.8750
0.8720
0.8780
0.8840
0.8870
0.8788
0.8910
0.8760
0.8720
0.8790
0.8825
0.8780
0.8730
0.8840
0.8890
0.8750
0.8720
0.8950
0.8730
0.8750
0.8850
0.8840
0.8830
0.8760
0.8730
0.8838
0.8760
0.8740
0.8810
0.8780
0.8925
0.8760
0.8890
0.8730
0.8820
0.8788
0.8840
0.8820
0.8830
0.8670
0.8838
0.8910
0.8770
0.8890
0.8590
0.8850
0.8730
0.8670
0.8830
0.8890
0.8900
0.8760
0.8830
0.8920
0.8700
0.8788
0.8740
0.8760
0.9040
0.8670
0.8788
0.8780
0.8740
0.9000
0.8730
0.8738
0.8820
0.8860
0.8740
0.8850
0.8725
0.8730
0.8720
0.8680
0.8940
0.8975
0.8800
0.8820
0.8720
0.8850
0.8838
0.8830
0.8700
0.8790
0.8850
0.8862
0.8840
0.8900
0.8700
0.8790
0.8800
0.8840
0.8580
0.8840
0.8950
0.8825
0.8860
0.8850
0.8650
0.8900
0.8762
0.8850
0.8670
0.8820
0.8800
0.8912
0.8900
0.8870
0.8680
0.8820
0.8750
0.8750
0.8890
0.8910
0.8720
0.8750
0.8890
0.8930
0.8620
0.8880
0.8688
0.8810
0.8800
0.8730
0.8930
0.8762
0.8870
0.8820
0.8770
0.8810
0.8762
0.9020
0.8770
0.8650
0.8740
0.8862
0.9040
0.8760
0.8920
0.8580
0.8712
0.8600
0.8890
0.8810
0.8880
0.8862
0.8950
0.8860
0.8600
0.8690
0.8962
0.8810
0.8830
0.8800
0.8830
0.8738
0.8840
0.8910
0.8740
0.8770
0.8750
0.8900
0.8840
0.8720
0.8690
0.8900
0.8760
0.8840
0.8710
0.8940
0.8762
0.8810
0.8540
0.8970
0.8870
0.8850
0.8840
0.8760
0.8920
0.8630
0.8888
0.8830
0.8630
0.8780
0.8860
0.8950
0.8890
0.8790
0.8750
0.8800
0.8788
0.8950
0.8840
0.8640
0.8800
0.8800
0.8890
0.8680
0.8960
0.8850
0.8612
0.8870
0.8800
0.8690
0.8820
0.8862
0.8840
0.8740
0.8900
0.8750
0.8800
0.8940
0.8840
0.8830
0.8640
0.8775
0.8880
0.8720
0.8930
0.8750
0.8738
0.8920
0.8660
0.8850
0.8770
0.8838
0.8810
0.8780
0.8880
0.8680
0.8900
0.8850
0.8780
0.8710
0.8830
0.8875
0.8650
0.8880
0.8760
0.8850
0.8912
0.8770
0.8790
0.8870
0.8820
0.8788
0.8780
0.8830
0.8870
0.8790
0.8762
0.8750
0.8830
0.8870
0.8750
0.8838
0.8950
0.8830
0.8860
0.8720
0.8650
0.8780
0.8870
0.8870
0.8790
0.8738
0.8830
0.8710
0.8680
0.8850
0.9038
0.8840
0.8900
0.8730
0.8810
0.8775
0.8780
0.8750
0.8820
0.8880
0.8838
0.8690
0.8830
0.8890
0.8880
0.8762
0.8700
0.8900
0.8780
0.8750
0.8962
0.8800
0.8810
0.8670
0.8900
0.8925
0.8900
0.8720
0.8880
0.8740
0.8838
0.8830
0.8930
0.8700
0.8900
0.8688
0.8940
0.8810
0.8780
0.8820
0.8712
0.8790
0.8820
0.9030
0.8600
0.8850
0.8720
0.8710
0.8830
0.9020
0.8800
0.8930
0.8790
0.8770
0.8780
0.8838
0.8890
0.8780
0.8780
0.8780
0.8900
0.8890
0.8920
0.8700
0.8720
0.8888
0.8830
0.8880
0.8770
0.8800
0.8825
0.8700
0.8940
0.8740
0.8850
0.8888
0.8840
0.8890
0.8830
0.8680
0.8875
0.8750
0.8810
0.8870
0.8910
0.8750
0.8800
0.8820
0.8870
0.8710
0.8925
0.8950
0.8850
0.8590
0.8810
0.8938
0.8850
0.8710
0.8890
0.8870
0.8788
0.8830
0.8840
0.8750
0.8710
0.9038
0.8760
0.8900
0.8810
0.8890
0.8750
0.8900
0.8850
0.8770
0.8780
0.8825
0.8770
0.8840
0.8830
0.8920
0.8750
0.8900
0.8740
0.8690
0.8910
0.8900
0.8680
0.8830
0.8890
0.8840
0.8900
0.8870
0.8830
0.8810
0.8910
0.8675
0.8880
0.8870
0.8950
0.8760
0.8625
0.8760
0.8990
0.8780
0.8810
0.8788
0.8970
0.8830
0.8770
0.8830
0.8712
0.8810
0.8740
0.8830
0.8890
0.8875
0.8700
0.8720
0.8800
0.9000
0.8938
0.8650
0.8800
0.8840
0.8840
0.9050
0.8830
0.8800
0.8890
0.8900
0.8700
0.8960
0.8740
0.8780
0.8850
0.8812
0.8780
0.8790
0.8870
0.8840
0.8875
0.8940
0.8720
0.8840
0.8900
0.8725
0.8770
0.8860
0.8750
0.8910
0.8862
0.8830
0.8770
0.8860
0.8860
0.8825
0.8750
0.8670
0.8900
0.8880
0.8975
0.8800
0.8790
0.8790
0.8850
0.8938
0.8980
0.8740
0.8760
0.8830
0.8838
0.8730
0.8850
0.8820
0.8940
0.8800
0.8750
0.8790
0.8930
0.8810
0.8875
0.8670
0.8750
0.8860
0.8980
0.8912
0.8780
0.8770
0.8840
0.8900
0.8888
0.8990
0.8690
0.8890
0.8790
0.8800
0.8980
0.8740
0.8830
0.8710
0.8925
0.8830
0.8990
0.8710
0.8840
0.8788
0.8920
0.8770
0.8840
0.8890
0.8738
0.8750
0.8950
0.8650
0.8970
0.8862
0.8870
0.8830
0.8910
0.8760
0.8800
0.8890
0.8720
0.8710
0.8960
0.8912
0.8790
0.8880
0.8660
0.8990
0.8862
0.8720
0.8920
0.8940
0.8760
0.8838
0.8940
0.8620
0.8960
0.8660
0.9038
0.8840
0.8630
0.8870
0.8930
0.8925
0.8880
0.8700
0.8760
0.8950
0.8900
0.8610
0.8980
0.8890
0.8790
0.8938
0.8830
0.8820
0.8800
0.8770
0.9000
0.8960
0.8830
0.8880
0.8640
0.8888
0.8920
0.8770
0.9020
0.8700
0.8762
0.8930
0.8800
0.8880
0.8880
0.8662
0.8880
0.8820
0.8940
0.8800
0.8725
0.8840
0.8920
0.8810
0.8780
0.8838
0.8830
0.8810
0.8820
0.9100
0.8588
0.8760
0.8880
0.8880
0.8850
0.8838
0.8770
0.8940
0.8700
0.8960
0.8838
0.8820
0.8860
0.8730
0.8870
0.8962
0.8910
0.8770
0.8820
0.8910
0.8800
0.8840
0.8770
0.9020
0.8870
0.8688
0.8640
0.8970
0.8920
0.8850
0.8838
0.8840
0.8840
0.8970
0.8780
0.8788
0.8940
0.8820
0.8930
0.8770
0.8750
0.8810
0.8890
0.8920
0.8920
0.8638
0.8900
0.8790
0.8900
0.8730
0.8912
0.8890
0.8900
0.8750
0.8880
0.8788
0.8770
0.9060
0.8870
0.8800
0.8688
0.8790
0.8870
0.8800
0.8920
0.8838
0.8810
0.8900
0.8840
0.8830
0.8838
0.8910
0.8770
0.8790
0.8950
0.8788
0.8990
0.8960
0.8980
0.8710
0.8512
0.8840
0.8890
0.8890
0.8800
0.8788
0.8880
0.8630
0.8900
0.8960
0.8850
0.8850
0.8910
0.8870
0.8900
0.8650
0.8780
0.8960
0.8900
0.8710
0.8875
0.8900
0.8940
0.8710
0.8830
0.8838
0.8900
0.8770
0.8750
0.8920
0.8888
0.8760
0.8870
0.8980
0.8760
0.8850
0.8980
0.8850
0.8730
0.8830
0.8825
0.8860
0.8850
0.8800
0.8830
0.8888
0.8830
0.9000
0.8830
0.8760
0.8788
0.8880
0.8790
0.8710
0.8910
0.8950
0.8860
0.8890
0.8780
0.8830
0.8862
0.8890
0.8960
0.8850
0.8740
0.8762
0.8760
0.8900
0.8930
0.8780
0.8850
0.8750
0.8910
0.8950
0.8750
0.8862
0.8800
0.8930
0.8890
0.8690
0.8925
0.9010
0.8800
0.8810
0.8770
0.8825
0.8810
0.8900
0.8890
0.8710
0.8925
0.8940
0.8800
0.8770
0.8920
0.8775
0.8780
0.8900
0.8940
0.8820
0.8775
0.8950
0.8840
0.8790
0.9040
0.8550
0.8710
0.8890
0.8910
0.8900
0.8812
0.8910
0.8750
0.8970
0.8800
0.8788
0.8920
0.8910
0.8940
0.8760
0.8662
0.8750
0.8780
0.8990
0.8870
0.8838
0.8730
0.8950
0.8800
0.8880
0.8875
0.8840
0.8910
0.8990
0.8640
0.8850
0.8980
0.8790
0.8940
0.8790
0.8700
0.8850
0.8930
0.8760
0.8860
0.8825
0.8940
0.8830
0.8830
0.8880
0.8738
0.8880
0.8840
0.8810
0.8870
0.8838
0.8860
0.8850
0.8950
0.8790
0.8775
0.8860
0.8730
0.8790
0.9060
0.8788
0.8700
0.8820
0.8910
0.8930
0.8888
0.8840
0.8950
0.8810
0.8960
0.8638
0.8980
0.8680
0.8930
0.8820
0.8825
0.8820
0.8940
0.8790
0.9000
0.8662
0.8860
0.8770
0.8830
0.8880
0.8925
0.8970
0.8810
0.8750
0.8930
0.8775
0.8980
0.8720
0.8880
0.8740
0.8950
0.8680
0.8830
0.8940
0.8960
0.8838
0.8880
0.9000
0.8700
0.8860
0.8800
0.8880
0.8740
0.8900
0.8900
0.8838
0.8790
0.8820
0.8840
0.8880
0.8950
0.8780
0.8880
0.8950
0.8800
0.8850
0.8900
0.8880
0.8760
0.8810
0.8925
0.8960
0.8790
0.8940
0.8840
0.8700
0.8890
0.8780
0.8880
0.8880
0.8838
0.8790
0.8830
0.8870
0.8930
0.8850
0.8830
0.8800
0.8850
0.9030
0.8738
0.8820
0.8850
0.8880
0.8870
0.8850
0.9100
0.8840
0.8900
0.8810
0.8575
0.8890
0.8870
0.8800
0.8870
0.8850
0.8800
0.8890
0.8800
0.8930
0.8862
0.8930
0.8780
0.8750
0.8930
0.8900
0.8810
0.8810
0.8860
0.8820
0.9012
0.8840
0.8800
0.9010
0.8690
0.8962
0.8930
0.8900
0.8780
0.8900
0.8750
0.8910
0.8710
0.8850
0.8970
0.8838
0.8940
0.8910
0.8760
0.8940
0.8700
0.8940
0.8780
0.8950
0.8780
0.8825
0.8950
0.8680
0.8940
0.9000
0.8675
0.8950
0.8870
0.8860
0.8830
0.8750
0.8910
0.8710
0.8900
0.8920
0.8838
0.8940
0.9040
0.8850
0.8650
0.8800
0.8820
0.8790
0.8930
0.8900
0.8850
0.8790
0.8830
0.8940
0.8910
0.8812
0.8850
0.8790
0.8740
0.8900
0.9050
0.8910
0.8780
0.8830
0.8890
0.8888
0.8840
0.8930
0.8960
0.8790
0.8750
0.8710
0.8830
0.8880
0.8900
0.9000
0.8940
0.8840
0.8880
0.8810
0.8812
0.8750
0.8930
0.8840
0.8910
0.8862
0.8740
0.8860
0.9020
0.8730
0.8962
0.8930
0.8700
0.8820
0.8950
0.8900
0.8850
0.8950
0.8880
0.8750
0.8875
0.8880
0.8790
0.8800
0.8880
0.8975
0.8790
0.8820
0.8820
0.9020
0.8850
0.8880
0.8900
0.8830
0.8860
0.8825
0.8860
0.8840
0.8920
0.8810
0.8875
0.8740
0.8850
0.9010
0.8900
0.8788
0.8890
0.8780
0.9000
0.8790
0.8838
0.8770
0.9130
0.8800
0.8740
0.8862
0.8750
0.8860
0.8870
0.8790
0.9062
0.8780
0.8850
0.9060
0.8850
0.8725
0.8890
0.8840
0.8890
0.8860
0.8812
0.9040
0.8830
0.8740
0.9010
0.8638
0.8760
0.8860
0.9010
0.8830
0.8838
0.8790
0.8840
0.9080
0.8710
0.8888
0.9090
0.8780
0.8750
0.8830
0.8850
0.8750
0.8990
0.9060
0.8640
0.8862
0.8980
0.8940
0.8820
0.8760
0.8788
0.8790
0.8960
0.8840
0.8750
0.8988
0.8910
0.8940
0.8770
0.8760
0.8938
0.9060
0.8620
0.8900
0.8830
0.8900
0.8800
0.8840
0.8860
0.8970
0.8825
0.8700
0.8850
0.8860
0.8950
0.8962
0.8980
0.8750
0.8850
0.8900
0.8812
0.8740
0.8860
0.8890
0.8920
0.8925
0.8930
0.8960
0.8840
0.8820
0.8750
0.8870
0.8960
0.8720
0.8730
0.9087
0.8890
0.8850
0.8850
0.8930
0.8788
0.8690
0.9020
0.8910
0.8910
0.8775
0.8970
0.8950
0.8870
0.8810
0.8688
0.9050
0.8590
0.8890
0.8810
0.9012
0.8840
0.8860
0.8840
0.8820
0.8988
0.8840
0.8930
0.8970
0.8730
0.8850
0.8880
0.8980
0.8870
0.8810
0.8775
0.8790
0.8790
0.8950
0.8920
0.8888
0.8810
0.8940
0.8880
0.9000
0.8662
0.8910
0.8990
0.8830
0.8800
0.8788
0.8920
0.9060
0.8690
0.8900
0.8738
0.8780
0.8840
0.9040
0.8850
0.8812
0.8750
0.8830
0.8910
0.8970
0.8875
0.8800
0.8930
0.8970
0.8800
0.8825
0.8980
0.8970
0.8920
0.8700
0.8738
0.9000
0.8650
0.8910
0.8860
0.8925
0.8870
0.8810
0.8860
0.8810
0.9012
0.9000
0.8900
0.8990
0.8790
0.8600
0.8930
0.8900
0.8780
0.8760
0.8988
0.8830
0.9000
0.8740
0.8910
0.8850
0.8990
0.8860
0.8750
0.8930
0.8800
0.8770
0.8750
0.8980
0.8920
0.8938
0.8980
0.8940
0.8640
0.9000
0.8775
0.8950
0.8800
0.8670
0.8970
0.8988
0.8930
0.8870
0.8960
0.8770
0.8812
0.8890
0.8970
0.8830
0.8880
0.8762
0.8850
0.8810
0.8920
0.8860
0.8925
0.8760
0.8770
0.8920
0.9030
0.8888
0.8880
0.8930
0.8770
0.8950
0.8825
0.8730
0.9010
0.8920
0.8890
0.8812
0.8990
0.8750
0.8890
0.8940
0.8788
0.8960
0.8930
0.8900
0.8750
0.8825
0.8880
0.8900
0.8790
0.8910
0.8900
0.8860
0.8950
0.8870
0.8750
0.8975
0.9000
0.8780
0.8950
0.8850
0.8788
0.8930
0.8800
0.8910
0.8880
0.8862
0.8960
0.8930
0.8740
0.8890
0.8875
0.8810
0.8790
0.8850
0.9080
0.8862
0.8920
0.8950
0.8760
0.8840
0.8938
0.9020
0.8680
0.8910
0.8790
0.9025
0.8800
0.8700
0.9060
0.8920
0.8925
0.8810
0.8710
0.8800
0.9040
0.9075
0.9050
0.8910
0.8860
0.8820
0.8725
0.8940
0.8840
0.8740
0.8990
0.8888
0.8910
0.8890
0.8780
0.8870
0.8962
0.8780
0.8750
0.9010
0.8930
0.8938
0.8900
0.8770
0.9110
0.8780
0.8812
0.8850
0.8800
0.8880
0.9000
0.8850
0.8920
0.8890
0.8840
0.8820
0.8925
0.9060
0.8740
0.8800
0.9050
0.8700
0.8710
0.9040
0.8950
0.8800
0.8888
0.8830
0.8800
0.8960
0.8920
0.8875
0.9120
0.8840
0.8770
0.8840
0.8800
0.8920
0.8710
0.8860
0.9040
0.8850
0.8930
0.8880
0.8650
0.8970
0.8975
0.8820
0.9000
0.8980
0.8880
0.8662
0.8920
0.8890
0.8980
0.8850
0.8712
0.9000
0.8960
0.8770
0.8950
0.8662
0.8850
0.8870
0.8780
0.8920
0.8988
0.8930
0.8920
0.8950
0.8720
0.8862
0.8950
0.8860
0.8740
0.8960
0.8875
0.8910
0.8840
0.8860
0.8940
0.8825
0.9050
0.8840
0.8850
0.8900
0.8712
0.8790
0.8860
0.9030
0.8800
0.8912
0.8900
0.8800
0.8870
0.8870
0.8962
0.8970
0.8820
0.8830
0.9030
0.8700
0.8890
0.8760
0.9000
0.8980
0.8725
0.8900
0.8820
0.8760
0.8940
0.8988
0.8820
0.8820
0.8940
0.8800
0.9025
0.8930
0.8810
0.8850
0.8880
0.8912
0.8970
0.8880
0.8900
0.8730
0.8900
0.8820
0.8800
0.8850
0.8820
0.9137
0.8820
0.8980
0.8870
0.8860
0.8838
0.8990
0.8770
0.8940
0.8920
0.8725
0.8920
0.8880
0.8770
0.8960
0.8838
0.9080
0.8490
0.8990
0.8840
0.9000
0.8940
0.8910
0.8800
0.8820
0.8912
0.8930
0.8740
0.8880
0.8810
0.9050
0.8950
0.8820
0.8830
0.8800
0.9000
0.8800
0.8890
0.8820
0.8980
0.8888
0.8900
0.8790
0.8950
0.8760
0.9000
0.8910
0.8920
0.8850
0.8780
0.8925
0.8810
0.8940
0.8890
0.8840
0.8900
0.8810
0.8750
0.8920
0.8930
0.8988
0.8870
0.8810
0.8950
0.8840
0.8912
0.8790
0.8760
0.9030
0.8960
0.8825
0.8830
0.8890
0.8750
0.8960
0.8975
0.8870
0.8770
0.8950
0.8850
0.8962
0.8900
0.8940
0.8810
0.8900
0.8825
0.8800
0.8920
0.8720
0.9080
0.8862
0.8950
0.8870
0.8950
0.8730
0.8888
0.8950
0.8820
0.8840
0.8890
0.8888
0.8890
0.8990
0.9010
0.8770
0.8688
0.8890
0.8810
0.8910
0.8910
0.8862
0.8910
0.8840
0.8940
0.8730
0.8988
0.8820
0.8740
0.8930
0.9040
0.8850
0.8890
0.8960
0.8820
0.8770
0.8962
0.8900
0.8750
0.9040
0.8770
0.8938
0.8900
0.8970
0.8910
0.8880
0.8700
0.8860
0.8800
0.8930
0.8900
0.8912
0.8820
0.8850
0.8910
0.8930
0.8888
0.8710
0.8970
0.8900
0.8840
0.9000
0.8810
0.8850
0.8820
0.8890
0.9062
0.8920
0.8880
0.8820
0.8980
0.8775
0.8910
0.8760
0.9020
0.8820
0.8888
0.9020
0.8840
0.8930
0.8760
0.8838
0.8860
0.8940
0.8900
0.8960
0.8700
0.8780
0.9040
0.8790
0.8960
0.8812
0.8870
0.8950
0.9000
0.8810
0.8738
0.8870
0.8770
0.8820
0.9080
0.8850
0.9050
0.8790
0.8890
0.8900
0.8738
0.8850
0.8810
0.8960
0.8870
0.8912
0.9000
0.8800
0.8820
0.8790
0.9012
0.8810
0.8830
0.8990
0.8830
0.8950
0.8920
0.8840
0.8910
0.8830
0.8900
0.8780
0.9000
0.8840
0.8910
0.8862
0.8940
0.8950
0.8750
0.8770
0.9012
0.9090
0.8790
0.8830
0.8950
0.8700
0.8820
0.8920
0.8840
0.8840
0.9000
0.8790
0.8840
0.9000
0.8940
0.8800
0.8890
0.8880
0.8880
0.8820
0.8925
0.8940
0.8870
0.9010
0.8860
0.8662
0.8950
0.8760
0.8950
0.8860
0.8862
0.8860
0.8790
0.8830
0.9060
0.8838
0.8670
0.8930
0.8880
0.8990
0.8925
0.8850
0.8940
0.8810
0.8960
0.8825
0.8860
0.8820
0.8880
0.8780
0.9087
0.8860
0.9040
0.8840
0.8770
0.8875
0.9020
0.8970
0.8930
0.8810
0.8612
0.8970
0.8710
0.8910
0.8980
0.8812
0.8910
0.8890
0.8810
0.9000
0.8750
0.8920
0.8930
0.8720
0.8920
0.8888
0.8910
0.9100
0.8740
0.8660
0.8988
0.8860
0.8850
0.8790
0.8950
0.8938
0.8830
0.8770
0.9070
0.8820
0.8900
0.8800
0.8900
0.8870
0.8990
0.8812
0.8970
0.9000
0.8830
0.8650
0.8950
0.8820
0.8770
0.8980
0.8870
0.8962
0.8700
0.9030
0.8940
0.8870
0.8838
0.8920
0.8780
0.8950
0.8810
0.8938
0.8930
0.8940
0.8780
0.8950
0.8762
0.8870
0.8950
0.9110
0.8670
0.8762
0.8920
0.8860
0.8810
0.8790
0.9038
0.8740
0.8880
0.8940
0.8910
0.8925
0.8840
0.8930
0.8840
0.8990
0.8762
0.8930
0.8970
0.8760
0.8990
0.8700
0.8810
0.9000
0.8920
0.8810
0.8838
0.9000
0.8870
0.8860
0.8840
0.8812
0.8950
0.8860
0.8870
0.8870
0.8838
0.8970
0.8870
0.8840
0.8970
0.8712
0.8780
0.9010
0.8720
0.9020
0.8862
0.9020
0.8910
0.8820
0.8840
0.8788
0.8870
0.8880
0.8830
0.8880
0.8950
0.8990
0.8990
0.8760
0.8850
0.8788
0.8800
0.8900
0.8720
0.8960
0.9050
0.8780
0.8990
0.8940
0.8800
0.8888
0.8820
0.9030
0.8850
0.8780
0.8912
0.8930
0.8830
0.9010
0.8800
0.8800
0.8860
0.8930
0.8910
0.8850
0.8825
0.8780
0.8880
0.8910
0.8880
0.8950
0.8780
0.8890
0.9040
0.8730
0.8950
0.8810
0.8810
0.8880
0.8930
0.8962
0.8900
0.8800
0.8950
0.8850
0.8875
0.8890
0.8740
0.8910
0.8950
0.8888
0.8980
0.8810
0.9000
0.8790
0.8788
0.8800
0.8890
0.8880
0.8870
0.8962
0.8890
0.8800
0.8890
0.8940
0.8862
0.8890
0.8770
0.9000
0.8780
0.8962
0.8810
0.9050
0.8680
0.8890
0.8975
0.9040
0.8770
0.8840
0.8800
0.8950
0.8940
0.8840
0.8790
0.8850
0.8988
0.8870
0.8840
0.8840
0.8910
0.8938
0.8780
0.8910
0.8740
0.9040
0.8925
0.8920
0.8950
0.8870
0.8690
0.8975
0.8730
0.8980
0.8810
0.8880
0.9012
0.8860
0.8980
0.8770
0.8920
0.8850
0.8830
0.9050
0.9050
0.8650
0.8788
0.8860
0.8760
0.8890
0.8960
0.8912
0.9020
0.8860
0.8960
0.8760
0.8762
0.8890
0.8860
0.8950
0.8850
0.8825
0.8840
0.8860
0.9090
0.8800
0.8775
0.8860
0.8900
0.8910
0.8840
0.8888
0.8970
0.8850
0.8770
0.8900
0.8912
0.8900
0.8810
0.8960
0.8950
0.8750
0.8980
0.8800
0.8900
0.8950
0.8738
0.8880
0.8760
0.9050
0.8920
0.8762
0.8810
0.8970
0.8900
0.8920
0.8775
0.8680
0.8900
0.8970
0.9070
0.8750
0.8850
0.8690
0.8900
0.9070
0.8888
0.8960
0.8840
0.8870
0.8920
0.8788
0.8900
0.8840
0.8810
0.8900
0.8962
0.8870
0.8950
0.8870
0.8790
0.8925
0.8800
0.8760
0.8960
0.8900
0.9000
0.9050
0.8850
0.8800
0.8710
0.9012
0.8760
0.8930
0.8940
0.8910
0.8850
0.8660
0.8850
0.8910
0.8910
0.9113
0.8990
0.8830
0.8930
0.8840
0.8788
0.8740
0.8970
0.9050
0.8870
0.8738
0.8970
0.8990
0.8750
0.8910
0.8750
0.9020
0.8830
0.8940
0.8790
0.8800
0.8830
0.8810
0.8870
0.9040
0.8838
0.8780
0.9050
0.8800
0.8850
0.8925
0.8820
0.8990
0.8770
0.8750
0.9113
0.8840
0.8960
0.8830
0.8830
0.8950
0.8870
0.8630
0.8870
0.9000
0.9062
0.8680
0.9050
0.8800
0.8880
0.9012
0.8820
0.8760
0.8800
0.8950
0.9113
0.8890
0.8970
0.8870
0.8900
0.8738
0.8820
0.8960
0.8870
0.8910
0.8825
0.8940
0.8780
0.8810
0.8850
0.9050
0.9050
0.8790
0.8710
0.8890
0.8962
0.8880
0.8990
0.8830
0.8810
0.8875
0.8870
0.8770
0.8900
0.8940
0.8912
0.8990
0.9040
0.8620
0.8740
0.9025
0.8780
0.8980
0.9040
0.8760
0.8825
0.8990
0.8750
0.9000
0.8780
0.8875
0.8820
0.8950
0.8970
0.8940
0.8675
0.8730
0.8910
0.8820
0.8990
0.8962
0.8730
0.8880
0.8880
0.8870
0.9075
0.8890
0.8850
0.8920
0.8800
0.8950
0.8870
0.9020
0.8860
0.8840
0.8788
0.8850
0.8940
0.8830
0.8860
0.8925
0.8910
0.8860
0.8770
0.8940
0.8925
0.8960
0.8680
0.9000
0.8800
0.8975
0.8850
0.8970
0.8870
0.8940
0.8738
0.8620
0.8900
0.8960
0.9030
0.8888
0.8680
0.8850
0.9000
0.9010
0.8850
0.8780
0.8770
0.8980
0.8900
0.8988
0.8820
0.8890
0.8790
0.9080
0.8800
0.8740
0.8870
0.8890
0.9110
0.8788
0.8940
0.8860
0.8850
0.8910
0.8850
0.8830
0.8750
0.8950
0.8940
0.8962
0.8920
0.8840
0.8840
0.8980
0.8825
0.8950
0.8870
0.8940
0.8880
0.8750
0.8890
0.8730
0.8930
0.8950
0.8938
0.8920
0.9060
0.9000
0.8670
0.8738
0.8990
0.8650
0.9040
0.8890
0.8838
0.8860
0.8930
0.8850
0.8850
0.8938
0.9070
0.8830
0.8960
0.8850
0.8662
0.8770
0.9020
0.8950
0.8830
0.8838
0.8910
0.8950
0.8790
0.8960
0.8812
0.8840
0.9000
0.8860
0.8870
0.8875
0.8960
0.8750
0.8930
0.9000
0.8788
0.8900
0.8730
0.8900
0.8920
0.9025
0.8850
0.8900
0.9000
0.8790
0.8912
0.8740
0.8990
0.8920
0.8800
0.9025
0.8800
0.8810
0.8830
0.8980
0.9062
0.8860
0.8850
0.8840
0.8980
0.8925
0.8770
0.8850
0.8900
0.8950
0.9000
0.8810
0.8970
0.8900
0.8930
0.8825
0.8830
0.8940
0.8900
0.8840
0.8950
0.8820
0.8870
0.8920
0.9030
0.8788
0.8950
0.8740
0.8800
0.8970
0.9012
0.8980
0.8820
0.8840
0.8860
0.8962
0.8930
0.8820
0.8870
0.8790
0.9075
0.8690
0.8730
0.8940
0.8990
0.9150
0.8800
0.8800
0.8860
0.9040
0.8962
0.8660
0.8940
0.9000
0.8910
0.8950
0.8900
0.8890
0.8820
0.8800
0.9075
0.9060
0.8760
0.8860
0.9050
0.8675
0.8930
0.8980
0.8870
0.8830
0.8825
0.8920
0.8930
0.8810
0.8910
0.8875
0.8910
0.8870
0.9010
0.8740
0.8925
0.8970
0.8940
0.8840
0.8840
0.8850
0.8870
0.9070
0.8750
0.8830
0.8938
0.8760
0.8960
0.8880
0.8890
0.8975
0.8840
0.8920
0.8850
0.8920
0.8925
0.8920
0.8720
0.8930
0.8780
0.9150
0.8860
0.8910
0.8850
0.8960
0.8862
0.8950
0.8820
0.8790
0.8800
0.9137
0.9010
0.8870
0.8830
0.8810
0.8938
0.9100
0.8890
0.8810
0.8790
0.8850
0.8980
0.8880
0.8960
0.8980
0.8588
0.9000
0.8990
0.8770
0.8800
0.8900
0.8780
0.8970
0.8890
0.8830
0.9012
0.8860
0.8870
0.8910
0.8960
0.8850
0.8850
0.9000
0.8890
0.8870
0.8838
0.8790
0.8890
0.8850
0.8930
0.9025
0.8930
0.8820
0.8860
0.8950
0.8900
0.8990
0.8950
0.8870
0.8860
0.8775
0.8960
0.8990
0.8790
0.8920
0.8788
0.8870
0.8990
0.8910
0.8970
0.8675
0.8860
0.8880
0.8980
0.8930
0.8788
0.8940
0.8790
0.8790
0.9110
0.8812
0.8860
0.8930
0.8780
0.8970
0.8925
0.8900
0.9010
0.8800
0.8920
0.8812
0.8910
0.8830
0.8850
0.8830
0.9075
0.8860
0.8890
0.9000
0.8870
0.8825
0.8970
0.8810
0.8900
0.8800
0.9000
0.9020
0.8860
0.8850
0.8800
0.8938
0.8880
0.8850
0.8900
0.8890
0.8950
0.8810
0.8880
0.8820
0.8970
0.9000
0.8920
0.8870
0.8830
0.8790
0.9087
0.8850
0.8950
0.8860
0.8890
0.8912
0.8820
0.9000
0.8960
0.8850
0.8812
0.8900
0.8890
0.8940
0.8700
0.9062
0.9010
0.8660
0.8870
0.8990
0.8938
0.8820
0.9000
0.8850
0.8840
0.8962
0.8930
0.8970
0.8820
0.8980
0.8725
0.8940
0.8750
0.8820
0.9030
0.8925
0.9070
0.8840
0.8810
0.8770
0.9000
0.8970
0.8820
0.8970
0.8870
0.8825
0.8770
0.8950
0.8920
0.9020
0.8788
0.8920
0.8910
0.8950
0.8820
0.8862
0.8810
0.8940
0.8910
0.8960
0.8825
0.8850
0.8960
0.8910
0.8840
0.8900
0.8790
0.8950
0.8800
0.9070
0.8838
0.8900
0.8770
0.8950
0.8880
0.8975
0.8780
0.8790
0.8900
0.8970
0.9050
