0.1050
0.1000
0.0980
0.1070
0.1037
0.1050
0.1010
0.1190
0.1020
0.1138
0.1080
0.1170
0.1320
0.1250
0.1150
0.1290
0.1220
0.1510
0.1360
0.1350
0.1450
0.1600
0.1450
0.1610
0.1737
0.1810
0.1780
0.1860
0.1630
0.1913
0.2050
0.2060
0.2060
0.2150
0.2288
0.2460
0.2240
0.2530
0.2530
0.2600
0.2700
0.2620
0.2810
0.2800
0.3113
0.3070
0.3050
0.3030
0.3200
0.3088
0.3290
0.3210
0.3370
0.3260
0.3550
0.3390
0.3530
0.3620
0.3590
0.3575
0.3750
0.3580
0.3820
0.3550
0.3762
0.3690
0.3500
0.4060
0.3830
0.4012
0.3810
0.4120
0.3880
0.4100
0.3650
0.3750
0.4110
0.4250
0.3840
0.4375
0.3980
0.3990
0.4180
0.4470
0.4350
0.4270
0.4340
0.4290
0.4440
0.4425
0.4420
0.4490
0.4620
0.4570
0.4750
0.4750
0.4830
0.4950
0.4690
0.4575
0.4840
0.4640
0.5040
0.5150
0.5250
0.5010
0.5320
0.5160
0.5190
0.5225
0.5490
0.5420
0.5400
0.5320
0.5487
0.5750
0.5580
0.5370
0.5650
0.5787
0.5650
0.5830
0.5800
0.6090
0.5650
0.5760
0.6310
0.5930
0.6140
0.5988
0.5870
0.6250
0.6320
0.6240
0.6250
0.6500
0.6240
0.6250
0.6270
0.6225
0.6170
0.6600
0.6550
0.6300
0.6600
0.6620
0.6470
0.6360
0.6590
0.6587
0.6730
0.6430
0.6610
0.6550
0.6538
0.6520
0.6600
0.6730
0.6660
0.6650
0.6860
0.6450
0.6550
0.6870
0.6687
0.6830
0.6700
0.6760
0.6680
0.6663
0.6880
0.6610
0.6750
0.6630
0.7050
0.6700
0.6850
0.6950
0.6800
0.6737
0.6780
0.7320
0.6730
0.6600
0.6913
0.6630
0.6880
0.6880
0.7170
0.6937
0.7080
0.6750
0.6860
0.6960
0.7125
0.7110
0.6900
0.7240
0.6680
0.7125
0.6940
0.7020
0.7370
0.6880
0.7200
0.7060
0.7180
0.7120
0.7400
0.7025
0.7250
0.7530
0.7030
0.7200
0.7212
0.7330
0.7270
0.7370
0.7290
0.7438
0.7400
0.7340
0.7430
0.7720
0.7250
0.7470
0.7460
0.7440
0.7590
0.7488
0.7350
0.7540
0.7560
0.7700
0.7700
0.7750
0.7590
0.7590
0.7690
0.7500
0.7620
0.7620
0.7510
0.7700
0.7975
0.7760
0.7640
0.7590
0.7650
0.7875
0.7660
0.7730
0.7870
0.7620
0.7688
0.7820
0.7770
0.7550
0.7730
0.7837
0.7670
0.7690
0.7650
0.7840
0.7925
0.7760
0.7690
0.7880
0.7810
0.7700
0.8100
0.7620
0.7760
0.7850
0.7462
0.7780
0.7990
0.7730
0.7680
0.7675
0.7680
0.7860
0.7920
0.7620
0.7863
0.7860
0.7760
0.7900
0.7830
0.7588
0.7720
0.7820
0.7920
0.7760
0.7850
0.8020
0.7780
0.7700
0.7750
0.7837
0.7830
0.7820
0.8070
0.7760
0.7600
0.7780
0.7820
0.7930
0.7910
0.7712
0.7780
0.7750
0.7740
0.7920
0.8063
0.7830
0.7960
0.7850
0.7780
0.7800
0.7800
0.7720
0.7770
0.8120
0.7863
0.8040
0.7840
0.7850
0.7950
0.7588
0.7760
0.7790
0.8070
0.7820
0.7900
0.7840
0.7880
0.8020
0.7820
0.7775
0.8020
0.7910
0.7690
0.8020
0.7712
0.7660
0.7950
0.8000
0.7770
0.8050
0.7940
0.7810
0.7990
0.7690
0.8037
0.7980
0.7780
0.7850
0.7960
0.7863
0.7800
0.7790
0.8050
0.7970
0.7863
0.7920
0.7970
0.7850
0.7910
0.7837
0.7950
0.7840
0.7760
0.8040
0.7925
0.7740
0.7840
0.7990
0.7980
0.8000
0.7990
0.7790
0.7970
0.7880
0.7925
0.8110
0.7720
0.7840
0.8040
0.7812
0.8120
0.8090
0.7840
0.7730
0.7762
0.7940
0.7970
0.7690
0.8100
0.7875
0.8180
0.7770
0.8040
0.7830
0.7738
0.7900
0.7780
0.8110
0.7860
0.7963
0.7840
0.7840
0.7910
0.8030
0.8000
0.7980
0.7940
0.7740
0.8080
0.7863
0.8050
0.8020
0.7930
0.7840
0.7750
0.7970
0.7870
0.8040
0.7790
0.8000
0.7670
0.8140
0.7880
0.7800
0.8250
0.7960
0.8010
0.7860
0.7870
0.8013
0.7870
0.7950
0.7900
0.8000
0.8000
0.7970
0.8030
0.7880
0.8000
0.7825
0.7960
0.7950
0.8020
0.7960
0.7825
0.7800
0.7960
0.7880
0.8080
0.8025
0.8040
0.7860
0.7890
0.7850
0.8150
0.8000
0.7880
0.7910
0.7910
0.8087
0.8090
0.7990
0.7950
0.8020
0.7650
0.7970
0.7990
0.7950
0.7850
0.8025
0.7860
0.7890
0.7970
0.8050
0.8013
0.7970
0.8100
0.7920
0.7960
0.7812
0.8000
0.8000
0.7790
0.8030
0.8037
0.8130
0.7810
0.7850
0.8120
0.7925
0.7850
0.7980
0.8020
0.8200
0.7788
0.7840
0.7940
0.8160
0.7850
0.8125
0.7830
0.7890
0.8120
0.8040
0.8037
0.7990
0.8000
0.8220
0.7940
0.7725
0.7890
0.7930
0.8030
0.7940
0.8200
0.8180
0.8020
0.7990
0.8040
0.7662
0.8260
0.7870
0.7820
0.7950
0.8063
0.8020
0.7910
0.8150
0.7830
0.8037
0.7990
0.8140
0.8150
0.7790
0.7863
0.7880
0.7930
0.7950
0.8070
0.8163
0.7870
0.7810
0.8190
0.8220
0.7863
0.8000
0.8000
0.8000
0.8070
0.7887
0.7990
0.8040
0.8120
0.8020
0.7775
0.7940
0.8050
0.8010
0.8030
0.7963
0.8040
0.8050
0.8100
0.7950
0.7837
0.8200
0.7910
0.7830
0.8160
0.7887
0.7820
0.8110
0.8030
0.7980
0.8087
0.8150
0.7880
0.7940
0.7980
0.8063
0.7990
0.8170
0.8010
0.7880
0.7937
0.7730
0.8230
0.8220
0.7760
0.8087
0.8050
0.8070
0.8120
0.7820
0.7950
0.8030
0.8000
0.7790
0.8000
0.8263
0.8020
0.7760
0.8190
0.8130
0.7925
0.8030
0.8270
0.7830
0.8230
0.7612
0.8130
0.7680
0.7980
0.8070
0.8275
0.8020
0.7860
0.8260
0.7880
0.8087
0.8200
0.8120
0.7910
0.7850
0.8037
0.8310
0.7850
0.7920
0.8180
0.7850
0.7900
0.8250
0.7980
0.8170
0.7800
0.8040
0.8120
0.8200
0.7970
0.7788
0.7950
0.8030
0.7890
0.8240
0.8075
0.8070
0.8100
0.7910
0.7980
0.8187
0.8170
0.8100
0.7990
0.7990
0.8000
0.7800
0.8150
0.8220
0.8010
0.8087
0.8180
0.8030
0.8050
0.7980
0.8013
0.8000
0.7920
0.8150
0.8240
0.7963
0.8180
0.8050
0.8050
0.8100
0.7900
0.8150
0.7970
0.8100
0.7990
0.8113
0.8270
0.8080
0.7840
0.8160
0.7963
0.8010
0.8060
0.8000
0.8250
0.8025
0.8000
0.8150
0.8160
0.7980
0.8075
0.8260
0.8000
0.8030
0.8010
0.8075
0.8290
0.7960
0.8080
0.8030
0.8000
0.8300
0.7860
0.8000
0.8130
0.8125
0.8170
0.8130
0.8070
0.7820
0.8275
0.8100
0.7950
0.8140
0.7990
0.8313
0.8190
0.8040
0.8190
0.8020
0.8025
0.8110
0.8060
0.8140
0.8090
0.8113
0.8110
0.8160
0.7980
0.8130
0.8200
0.8250
0.8210
0.7760
0.8210
0.8163
0.8030
0.8190
0.8210
0.8140
0.8025
0.8240
0.7890
0.8240
0.8190
0.8100
0.8160
0.8040
0.8310
0.8030
0.8150
0.8130
0.8130
0.8100
0.8120
0.8250
0.8270
0.8060
0.8200
0.8060
0.8113
0.8300
0.8000
0.8180
0.8270
0.8025
0.7910
0.8350
0.8170
0.8230
0.8213
0.8140
0.7960
0.8300
0.8200
0.8300
0.8100
0.8200
0.8280
0.8120
0.8225
0.8060
0.8190
0.8170
0.8210
0.8375
0.7980
0.8400
0.8070
0.8270
0.8350
0.8280
0.8380
0.8280
0.7980
0.8163
0.8120
0.8130
0.8480
0.8190
0.8225
0.8280
0.8300
0.8150
0.8120
0.8375
0.8150
0.8170
0.8440
0.8220
0.8313
0.8270
0.8240
0.8370
0.8120
0.8313
0.8070
0.8110
0.8380
0.8500
0.8287
0.8350
0.8210
0.8160
0.8430
0.8250
0.8250
0.8440
0.8240
0.8220
0.8275
0.8330
0.8370
0.8320
0.8280
0.8125
0.8330
0.8460
0.8290
0.8300
0.8075
0.8380
0.8320
0.8260
0.8320
0.8313
0.8400
0.8270
0.8380
0.8340
0.8225
0.8460
0.8220
0.8180
0.8320
0.8588
0.8480
0.8590
0.8070
0.8330
0.8287
0.8190
0.8480
0.8320
0.8360
0.8512
0.8310
0.8470
0.8360
0.8380
0.8400
0.8430
0.8430
0.8220
0.8450
0.8413
0.8220
0.8400
0.8470
0.8550
0.8363
0.8570
0.8520
0.8260
0.8300
0.8400
0.8470
0.8400
0.8570
0.8420
0.8200
0.8460
0.8390
0.8420
0.8270
0.8612
0.8470
0.8380
0.8620
0.8250
0.8450
0.8420
0.8330
0.8440
0.8600
0.8413
0.8400
0.8690
0.8370
0.8400
0.8350
0.8320
0.8630
0.8500
0.8290
0.8562
0.8360
0.8420
0.8540
0.8470
0.8525
0.8510
0.8270
0.8440
0.8480
0.8600
0.8410
0.8350
0.8410
0.8650
0.8475
0.8620
0.8540
0.8580
0.8350
0.8187
0.8470
0.8370
0.8500
0.8550
0.8488
0.8360
0.8550
0.8630
0.8520
0.8287
0.8560
0.8510
0.8480
0.8470
0.8363
0.8440
0.8410
0.8710
0.8420
0.8450
0.8550
0.8390
0.8660
0.8380
0.8438
0.8450
0.8530
0.8580
0.8430
0.8425
0.8440
0.8610
0.8460
0.8370
0.8600
0.8500
0.8260
0.8470
0.8660
0.8588
0.8360
0.8570
0.8520
0.8630
0.8387
0.8660
0.8460
0.8530
0.8370
0.8500
0.8560
0.8350
0.8470
0.8450
0.8762
0.8630
0.8540
0.8680
0.8200
0.8525
0.8310
0.8580
0.8680
0.8540
0.8512
0.8440
0.8470
0.8640
0.8560
0.8538
0.8740
0.8440
0.8500
0.8390
0.8612
0.8580
0.8640
0.8610
0.8430
0.8413
0.8570
0.8400
0.8640
0.8530
0.8562
0.8630
0.8600
0.8440
0.8540
0.8475
0.8400
0.8470
0.8620
0.8610
0.8638
0.8550
0.8580
0.8540
0.8630
0.8400
0.8400
0.8410
0.8640
0.8750
0.8538
0.8570
0.8740
0.8410
0.8760
0.8200
0.8680
0.8650
0.8450
0.8430
0.8538
0.8650
0.8400
0.8540
0.8540
0.8650
0.8640
0.8560
0.8490
0.8720
0.8337
0.8380
0.8400
0.8700
0.8680
0.8650
0.8550
0.8510
0.8620
0.8550
0.8575
0.8720
0.8380
0.8480
0.8690
0.8538
0.8500
0.8610
0.8580
0.8530
0.8638
0.8750
0.8530
0.8660
0.8340
0.8600
0.8560
0.8670
0.8570
0.8540
0.8550
0.8650
0.8680
0.8520
0.8740
0.8263
0.8550
0.8650
0.8550
0.8490
0.8725
0.8590
0.8680
0.8470
0.8610
0.8600
0.8390
0.8680
0.8760
0.8520
0.8638
0.8770
0.8480
0.8570
0.8690
0.8462
0.8460
0.8580
0.8780
0.8630
0.8538
0.8680
0.8580
0.8640
0.8490
0.8638
0.8640
0.8650
0.8510
0.8650
0.8588
0.8680
0.8510
0.8530
0.8550
0.8800
0.8450
0.8720
0.8710
0.8540
0.8612
0.8490
0.8630
0.8580
0.8640
0.8725
0.8460
0.8530
0.8760
0.8610
0.8700
0.8570
0.8570
0.8690
0.8710
0.8500
0.8500
0.8680
0.8700
0.8580
0.8625
0.8560
0.8760
0.8710
0.8620
0.8375
0.8770
0.8630
0.8440
0.8710
0.8562
0.8690
0.8670
0.8510
0.8600
0.8688
0.8450
0.8620
0.8720
0.8710
0.8675
0.8740
0.8530
0.8580
0.8760
0.8550
0.8900
0.8620
0.8570
0.8510
0.8575
0.8600
0.8750
0.8590
0.8650
0.8600
0.8640
0.8620
0.8580
0.8820
0.8525
0.8770
0.8680
0.8450
0.8580
0.8775
0.8650
0.8690
0.8600
0.8740
0.8550
0.8490
0.8630
0.8580
0.8800
0.8812
0.8430
0.8910
0.8710
0.8590
0.8650
0.8800
0.8690
0.8680
0.8570
0.8550
0.8810
0.8720
0.8450
0.8720
0.8612
0.8610
0.8810
0.8550
0.8730
0.8625
0.8760
0.8610
0.8670
0.8600
0.8700
0.8600
0.8560
0.8630
0.8770
0.8800
0.8650
0.8570
0.8850
0.8610
0.8650
0.8780
0.8560
0.8600
0.8690
0.8712
0.8600
0.8710
0.8670
0.8720
0.8625
0.8560
0.8550
0.8910
0.8640
0.8675
0.8740
0.8800
0.8610
0.8660
0.8500
0.8660
0.8530
0.8640
0.8690
0.8875
0.8610
0.8600
0.8520
0.8760
0.8925
0.8730
0.8600
0.8580
0.8630
0.8838
0.8640
0.8570
0.8690
0.8760
0.8725
0.8760
0.8710
0.8510
0.8810
0.8600
0.8710
0.8830
0.8660
0.8630
0.8562
0.8770
0.8690
0.8770
0.8490
0.8700
0.8740
0.8600
0.8810
0.8680
0.8588
0.8650
0.8750
0.8750
0.8600
0.8688
0.8680
0.8800
0.8780
0.8590
0.8575
0.8670
0.8610
0.8860
0.8540
0.8800
0.8750
0.8740
0.8650
0.8490
0.8862
0.8620
0.8820
0.8650
0.8630
0.8762
0.8770
0.8740
0.8580
0.8750
0.8612
0.8640
0.8800
0.8690
0.8740
0.8588
0.8640
0.8620
0.8660
0.8880
0.8675
0.8780
0.8680
0.8640
0.8790
0.8575
0.8630
0.8700
0.8680
0.8660
0.8850
0.8690
0.8650
0.8830
0.8710
0.8612
0.8820
0.8830
0.8540
0.8790
0.8488
0.8640
0.8800
0.8650
0.8610
0.8850
0.8750
0.8700
0.8750
0.8580
0.8750
0.8790
0.8610
0.8870
0.8660
0.8588
0.8430
0.8890
0.8930
0.8600
0.8688
0.8640
0.8610
0.8760
0.8650
0.8912
0.8730
0.8630
0.8790
0.8730
0.8638
0.8640
0.8630
0.8720
0.8870
0.8675
0.8750
0.8620
0.8640
0.8650
0.8925
0.8620
0.8630
0.8690
0.8820
0.8800
0.8860
0.8600
0.8670
0.8720
0.8700
0.8740
0.8580
0.8730
0.8800
0.8700
0.8640
0.8520
0.8820
0.8650
0.8962
0.8730
0.8760
0.8670
0.8710
0.8700
0.8750
0.8720
0.8670
0.8710
0.8750
0.8780
0.8850
0.8750
0.8710
0.8488
0.8830
0.8790
0.8710
0.8540
0.8762
0.8730
0.8650
0.8640
0.8740
0.8912
0.8830
0.8820
0.8710
0.8540
0.8775
0.8830
0.8810
0.8630
0.8570
0.8850
0.8890
0.8690
0.8740
0.8740
0.8575
0.8790
0.8830
0.8640
0.8660
0.8762
0.8550
0.8650
0.8930
0.8850
0.8688
0.8710
0.8770
0.8730
0.8700
0.8762
0.8700
0.8630
0.8910
0.8810
0.8600
0.8640
0.8850
0.8640
0.8650
0.8950
0.8660
0.8760
0.8760
0.8740
0.8800
0.8670
0.8720
0.8770
0.8720
0.8850
0.8570
0.8890
0.8800
0.8650
0.8838
0.8780
0.8770
0.8680
0.8810
0.8675
0.8690
0.8730
0.8600
0.8770
0.8988
0.8760
0.8750
0.8780
0.8680
0.8788
0.8550
0.8800
0.8730
0.8900
0.8800
0.8730
0.8710
0.8800
0.8800
0.8725
0.8810
0.8740
0.8730
0.8710
0.8788
0.8820
0.8710
0.8670
0.8790
0.8800
0.8920
0.8670
0.8800
0.8730
0.8650
0.8640
0.8870
0.8590
0.8910
0.8788
0.8670
0.8880
0.8750
0.8800
0.8675
0.8680
0.8940
0.8700
0.8790
0.8662
0.8810
0.8680
0.8860
0.8790
0.8638
0.8750
0.8780
0.8710
0.8890
0.8650
0.8820
0.8690
0.8840
0.8840
0.8575
0.8730
0.8780
0.8740
0.8910
0.8612
0.8890
0.8710
0.8660
0.8710
0.8850
0.9000
0.8890
0.8620
0.8660
0.8612
0.8860
0.8700
0.8770
0.8710
0.8788
0.8720
0.8880
0.8720
0.8690
0.8838
0.8760
0.8770
0.8810
0.8750
0.8738
0.8790
0.8780
0.8790
0.8620
0.8875
0.8710
0.8800
0.8800
0.8780
0.8750
0.8610
0.8940
0.8790
0.8710
0.8800
0.8720
0.8720
0.8890
0.8690
0.8838
0.8760
0.8770
0.8800
0.8790
0.8725
0.8810
0.8750
0.8910
0.8660
0.8712
0.8670
0.8670
0.8810
0.8780
0.8950
0.8600
0.8800
0.8880
0.8810
0.8750
0.8820
0.8880
0.8650
0.8810
0.8662
0.8770
0.8760
0.8870
0.8700
0.8750
0.8730
0.8920
0.8730
0.8750
0.8712
0.8740
0.8770
0.8850
0.8690
0.8812
0.8770
0.8800
0.8780
0.8830
0.8650
0.8880
0.8730
0.8820
0.8560
0.8888
0.8750
0.8680
0.8870
0.8790
0.8775
0.8750
0.9020
0.8610
0.8720
0.8775
0.8870
0.8930
0.8650
0.8600
0.8850
0.8830
0.8900
0.8660
0.8740
0.8762
0.8620
0.8800
0.8780
0.8750
0.8988
0.8900
0.8830
0.8840
0.8660
0.8638
0.8850
0.8750
0.8860
0.8750
0.8675
0.8680
0.8830
0.8920
0.8850
0.8600
0.8660
0.8780
0.8750
0.8910
0.8825
0.8790
0.8910
0.8860
0.8660
0.8700
0.8870
0.8730
0.8720
0.8900
0.8700
0.8870
0.8730
0.8850
0.8850
0.8600
0.8830
0.8850
0.8750
0.8650
0.8900
0.8870
0.8810
0.8840
0.8760
0.8650
0.8800
0.8870
0.8710
0.8790
0.8800
0.8820
0.8710
0.8840
0.8810
0.8788
0.8890
0.8890
0.8770
0.8660
0.8750
0.8870
0.8760
0.8690
0.8760
0.8938
0.8920
0.8660
0.8800
0.8820
0.8800
0.8860
0.8670
0.9080
0.8720
0.8638
0.8920
0.8750
0.8730
0.8950
0.8612
0.8720
0.8830
0.8850
0.8840
0.8775
0.8810
0.8820
0.8730
0.8840
0.8825
0.8690
0.8890
0.8810
0.8830
0.8800
0.8940
0.8850
0.8830
0.8790
0.8562
0.8810
0.8670
0.8970
0.8580
0.9038
0.8850
0.8760
0.8930
0.8760
0.8712
0.8730
0.8910
0.8870
0.8770
0.8738
0.8950
0.8770
0.8650
0.8820
0.8838
0.8710
0.8710
0.8900
0.8840
0.8875
0.8760
0.8740
0.8870
0.8800
0.8862
0.8840
0.8650
0.8790
0.8860
0.8900
0.8710
0.8910
0.8830
0.8870
0.8675
0.8710
0.8950
0.8740
0.8790
0.8838
0.8720
0.8830
0.8640
0.8980
0.8875
0.8750
0.8690
0.8750
0.8990
0.8862
0.8720
0.8940
0.8800
0.8800
0.8762
0.8710
0.8780
0.8710
0.8910
0.8950
0.8820
0.8710
0.8900
0.8940
0.8625
0.8610
0.8900
0.8990
0.8910
0.8575
0.8770
0.8840
0.8770
0.8790
0.8875
0.8640
0.8820
0.8820
0.8920
0.8838
0.8930
0.8700
0.8840
0.8780
0.8788
0.8750
0.8990
0.8660
0.8820
0.8825
0.8660
0.8890
0.8800
0.8920
0.8762
0.8690
0.8720
0.8910
0.8780
0.8975
0.8760
0.8790
0.8870
0.8740
0.8912
0.8830
0.8810
0.8840
0.8840
0.8712
0.8840
0.9040
0.8670
0.8590
0.8938
0.8820
0.8720
0.8850
0.8780
0.8900
0.8610
0.8760
0.8920
0.8900
0.8875
0.8790
0.9030
0.8830
0.8670
0.8725
0.8780
0.8930
0.8780
0.8800
0.8775
0.8670
0.8880
0.8770
0.8860
0.8912
0.8900
0.8860
0.8710
0.8690
0.8938
0.8700
0.8810
0.8810
0.8850
0.8925
0.8810
0.8940
0.8780
0.8890
0.8625
0.8930
0.8860
0.8640
0.8780
0.8888
0.8870
0.8600
0.8780
0.8880
0.8988
0.8810
0.8950
0.8750
0.8740
0.8838
0.8840
0.8690
0.8900
0.8700
0.8988
0.8840
0.8770
0.8840
0.8820
0.8812
0.8750
0.8810
0.8910
0.8760
0.8862
0.8990
0.8810
0.8760
0.8800
0.8712
0.8870
0.8860
0.8590
0.8900
0.8888
0.8750
0.8860
0.8660
0.8860
0.9000
0.8800
0.8950
0.8740
0.8700
0.8925
0.8810
0.8550
0.8890
0.8980
0.8875
0.8920
0.8840
0.8710
0.8900
0.8712
0.8910
0.8820
0.8850
0.8870
0.8612
0.8640
0.8880
0.8920
0.8870
0.8788
0.9010
0.8680
0.8780
0.8800
0.8850
0.8930
0.8870
0.8800
0.8620
0.8925
0.8990
0.8780
0.8710
0.8830
0.8812
0.8890
0.8840
0.8700
0.8820
0.8875
0.8910
0.8670
0.8920
0.8740
0.8912
0.8770
0.8870
0.8750
0.8850
0.8912
0.8810
0.8840
0.8850
0.8870
0.8750
0.8810
0.8730
0.9010
0.8790
0.8788
0.8970
0.8890
0.8750
0.8720
0.8812
0.8710
0.8930
0.8890
0.8820
0.8788
0.8740
0.8900
0.8960
0.8760
0.8775
0.8790
0.8730
0.8850
0.8900
0.8888
0.8920
0.8770
0.8850
0.8890
0.8700
0.8880
0.9020
0.8550
0.8930
0.8762
0.8700
0.8860
0.8870
0.8870
0.8875
0.8650
0.8660
0.9000
0.8920
0.8950
0.8720
0.8920
0.8860
0.8830
0.8825
0.8790
0.8820
0.8770
0.8840
0.8975
0.8970
0.8800
0.8830
0.8770
0.8788
0.8960
0.8850
0.8840
0.8670
0.8850
0.8850
0.8920
0.8720
0.8850
0.8825
0.8900
0.8770
0.8910
0.8810
0.8762
0.8720
0.8910
0.8780
0.8830
0.8950
0.8830
0.8880
0.8800
0.8940
0.8688
0.8940
0.8880
0.8770
0.8780
0.8800
0.8700
0.8770
0.9030
0.8860
0.8825
0.9020
0.8730
0.8740
0.8890
0.8800
0.8880
0.8960
0.8890
0.8710
0.8725
0.8840
0.8750
0.8810
0.8920
0.8875
0.8750
0.8770
0.9000
0.8870
0.8788
0.8900
0.8920
0.8760
0.8800
0.8800
0.8710
0.8700
0.8940
0.8810
0.9075
0.8740
0.9020
0.8700
0.8950
0.8775
0.8750
0.8750
0.8940
0.8880
0.8888
0.8700
0.9000
0.8850
0.8820
0.8825
0.8850
0.8780
0.8850
0.8860
0.8862
0.8660
0.8930
0.8950
0.8810
0.8838
0.9020
0.8850
0.8870
0.8830
0.8562
0.8840
0.8650
0.8960
0.8810
0.8962
0.8960
0.8790
0.8700
0.9000
0.8738
0.8890
0.8740
0.8820
0.8880
0.8888
0.8870
0.8740
0.8900
0.8790
0.8938
0.9010
0.8950
0.8650
0.8800
0.8800
0.8750
0.8900
0.8690
0.8930
0.8975
0.8930
0.9020
0.8890
0.8720
0.8612
0.8920
0.8970
0.8840
0.8770
0.8688
0.8910
0.8880
0.8720
0.8810
0.8912
0.8910
0.8660
0.8800
0.8910
0.8962
0.9010
0.8640
0.8870
0.8890
0.8812
0.8850
0.8930
0.8740
0.8860
0.8850
0.8840
0.8780
0.8890
0.8860
0.8862
0.8910
0.8730
0.8910
0.8910
0.8750
0.8860
0.8770
0.8790
0.8880
0.8962
0.8820
0.8920
0.8790
0.8940
0.8750
0.8730
0.8920
0.8830
0.8860
0.8912
0.8720
0.8960
0.8880
0.8940
0.8700
0.8890
0.8850
0.8810
0.8730
0.8975
0.8800
0.8930
0.8840
0.9000
0.8625
0.8830
0.8800
0.8770
0.8910
0.8962
0.8860
0.8920
0.8950
0.8770
0.8725
0.8740
0.8740
0.8830
0.8890
0.9100
0.8830
0.8730
0.9000
0.8940
0.8725
0.8710
0.8870
0.8960
0.8820
0.8900
0.8790
0.8780
0.8810
0.8940
0.8950
0.8820
0.8830
0.8860
0.8910
0.8825
0.8760
0.8870
0.8880
0.8820
0.8938
0.8800
0.8750
0.8890
0.8810
0.9038
0.8810
0.8880
0.8890
0.8920
0.8725
0.8890
0.8930
0.8810
0.8840
0.8775
0.8820
0.8810
0.8790
0.9010
0.8850
0.8760
0.8810
0.8760
0.9120
0.8825
0.8860
0.8850
0.8790
0.8890
0.8900
0.8880
0.8940
0.8990
0.8540
0.8950
0.8920
0.8720
0.9030
0.8650
0.8988
0.8840
0.8880
0.8940
0.8770
0.8850
0.8880
0.8900
0.8980
0.8720
0.8788
0.9100
0.8740
0.8830
0.8740
0.8900
0.8760
0.8730
0.9020
0.8980
0.8800
0.8940
0.8980
0.8650
0.8880
0.8838
0.9020
0.8870
0.8600
0.8870
0.8950
0.8930
0.8900
0.8730
0.8800
0.8950
0.8840
0.8830
0.8830
0.8790
0.9025
0.8910
0.8760
0.8940
0.8860
0.8800
0.8790
0.8900
0.8810
0.8910
0.8875
0.8870
0.8760
0.8840
0.9000
0.8812
0.8990
0.8830
0.8820
0.8790
0.8862
0.8770
0.8910
0.8830
0.8990
0.8788
0.8830
0.8910
0.8830
0.8830
0.8925
0.8790
0.8950
0.8730
0.8830
0.9050
0.8960
0.8870
0.8780
0.8880
0.8812
0.8840
0.8870
0.8910
0.8880
0.8800
0.8910
0.8890
0.8810
0.8850
0.8850
0.8900
0.8820
0.8910
0.8910
0.8750
0.8860
0.8740
0.8980
0.8860
0.8875
0.8800
0.8740
0.8760
0.9030
0.9012
0.8800
0.8800
0.8880
0.8970
0.8862
0.8870
0.8860
0.8730
0.8990
0.8862
0.8750
0.9040
0.8850
0.8820
0.8850
0.8840
0.8840
0.8880
0.8970
0.8762
0.8890
0.8970
0.8870
0.8760
0.8812
0.8900
0.8830
0.8950
0.8700
0.8950
0.8880
0.8740
0.8910
0.9000
0.8762
0.8850
0.8840
0.8990
0.8810
0.8812
0.8930
0.8910
0.8950
0.8710
0.8800
0.8940
0.8880
0.8950
0.8790
0.8725
0.8970
0.8740
0.8900
0.8760
0.8962
0.8840
0.8870
0.8830
0.8830
0.8962
0.8830
0.8770
0.9050
0.8790
0.8875
0.8990
0.8780
0.8950
0.8790
0.8788
0.8870
0.9010
0.8810
0.8760
0.8888
0.8780
0.8910
0.8820
0.8940
0.8888
0.8800
0.8910
0.8920
0.8850
0.8862
0.8830
0.8860
0.8940
0.8890
0.8812
0.8800
0.8910
0.8810
0.8860
0.8988
0.8940
0.8990
0.8790
0.8740
0.8900
0.8800
0.8850
0.9020
0.8890
0.8775
0.8700
0.8720
0.8990
0.8950
0.9025
0.8860
0.9000
0.8820
0.8800
0.8875
0.8850
0.8820
0.8970
0.8670
0.9087
0.9050
0.8750
0.8880
0.8790
0.8888
0.8900
0.8880
0.8800
0.8900
0.8875
0.8840
0.8890
0.8920
0.8870
0.8825
0.8880
0.8830
0.8870
0.8900
0.8875
0.8890
0.8940
0.8820
0.8860
0.8862
0.8840
0.8860
0.8920
0.8910
0.8838
0.8790
0.8880
0.8910
0.8890
0.8912
0.8870
0.8800
0.9100
0.8760
0.8838
0.8810
0.8740
0.8920
0.8970
0.8938
0.9010
0.8770
0.8940
0.8720
0.8950
0.8990
0.8690
0.8940
0.8810
0.8975
0.8880
0.8830
0.8870
0.9070
0.8700
0.8890
0.8920
0.8860
0.8780
0.8950
0.8830
0.9000
0.8990
0.8830
0.8700
0.8830
0.8830
0.8890
0.8880
0.8975
0.8820
0.8880
0.8760
0.8940
0.9012
0.8810
0.8890
0.9030
0.8790
0.8862
0.8860
0.8940
0.8770
0.8930
0.8888
0.8760
0.9010
0.8910
0.8850
0.8850
0.8810
0.8870
0.8830
0.8950
0.8938
0.8930
0.8910
0.9000
0.8690
0.8850
0.8850
0.9060
0.8570
0.8910
0.9025
0.9050
0.8950
0.8910
0.8610
0.8862
0.8830
0.9020
0.8890
0.8800
0.8838
0.8730
0.8680
0.9100
0.8830
0.9075
0.8820
0.8910
0.8900
0.8840
0.8912
0.8850
0.8880
0.8890
0.8770
0.9025
0.8890
0.8850
0.8660
0.9100
0.8888
0.8770
0.9010
0.8880
0.8890
0.8838
0.8830
0.8890
0.8930
0.8860
0.8888
0.8890
0.8770
0.8820
0.8920
0.9025
0.8860
0.8970
0.8850
0.8970
0.8712
0.8790
0.8960
0.8950
0.8970
0.8688
0.8830
0.9030
0.8840
0.8930
0.8750
0.8780
0.9010
0.9020
0.8810
0.8762
0.8900
0.9060
0.8780
0.8790
0.8875
0.8770
0.8950
0.8930
0.8910
0.8838
0.8870
0.8980
0.8940
0.8830
0.8762
0.8930
0.8830
0.8750
0.8910
0.9012
0.8760
0.8850
0.8820
0.9060
0.8925
0.8810
0.8790
0.8900
0.9030
0.8875
0.8730
0.9040
0.8830
0.9110
0.8650
0.8840
0.8770
0.9030
0.8930
0.8825
0.8780
0.9020
0.8810
0.8890
0.8925
0.8730
0.8930
0.8790
0.8870
0.9150
0.8840
0.9060
0.8890
0.8670
0.8975
0.8970
0.8960
0.8790
0.8770
0.8938
0.8840
0.8710
0.9010
0.8910
0.8975
0.8970
0.8610
0.9030
0.8880
0.8975
0.9010
0.8930
0.8900
0.8610
0.9025
0.8880
0.8880
0.8960
0.8930
0.8775
0.8780
0.8960
0.8910
0.8940
0.8862
0.8950
0.8880
0.8830
0.8890
0.8912
0.8750
0.8970
0.8860
0.8940
0.8962
0.8880
0.8930
0.8980
0.8710
0.8988
0.8800
0.8920
0.8730
0.9020
0.9025
0.8920
0.8930
0.8820
0.8860
0.8975
0.9000
0.8850
0.9010
0.8800
0.8812
0.8970
0.8840
0.8980
0.8910
0.8762
0.9020
0.8860
0.8930
0.8870
0.8788
0.8750
0.8880
0.8950
0.8940
0.8988
0.9000
0.8910
0.8650
0.8930
0.9038
0.8940
0.8870
0.8780
0.8900
0.9050
0.8750
0.8950
0.9000
0.8880
0.8938
0.8830
0.8870
0.8840
0.9060
0.8912
0.8820
0.8880
0.8900
0.9010
0.8912
0.8930
0.8900
0.8860
0.8900
0.8938
0.8920
0.8970
0.8880
0.8840
0.8925
0.9030
0.8830
0.8750
0.8920
0.9025
0.8870
0.8930
0.8930
0.8920
0.8875
0.8890
0.9020
0.8880
0.8930
0.8788
0.8810
0.8930
0.8920
0.8940
0.8938
0.9010
0.9070
0.8820
0.8930
0.8650
0.8990
0.8950
0.8740
0.8940
0.8912
0.8980
0.8940
0.8750
0.8990
0.8862
0.8960
0.8850
0.8860
0.8910
0.8975
0.8830
0.8900
0.8940
0.8940
0.8938
0.8760
0.8890
0.9000
0.9010
0.8875
0.8940
0.8910
0.8960
0.8940
0.8762
0.8830
0.8970
0.8990
0.8880
0.8875
0.8840
0.8920
0.8970
0.8940
0.8888
0.8970
0.9060
0.8820
0.8800
0.8912
0.8880
0.8910
0.8920
0.8850
0.9025
0.8940
0.9070
0.8870
0.8870
0.8788
0.8880
0.8840
0.8890
0.8960
0.9012
0.8760
0.8920
0.8850
0.9040
0.9012
0.8860
0.8900
0.8900
0.8900
0.9025
0.8870
0.8960
0.8840
0.8880
0.9038
0.8890
0.8920
0.9020
0.8790
0.8962
0.9030
0.8930
0.8940
0.8990
0.8625
0.8810
0.8860
0.8900
0.9060
0.8950
0.8840
0.8980
0.8970
0.8860
0.8925
0.8970
0.8900
0.8970
0.8930
0.8762
0.8900
0.9030
0.8840
0.8920
0.8862
0.9110
0.8640
0.8930
0.8970
0.8912
0.8850
0.8950
0.8970
0.8940
0.8838
0.8890
0.8960
0.8950
0.8930
0.8812
0.8840
0.8930
0.8970
0.8970
0.8838
0.8980
0.9100
0.8720
0.8910
0.8838
0.8970
0.8840
0.8940
0.8940
0.8862
0.8870
0.8800
0.8970
0.8980
0.8950
0.8860
0.8950
0.8920
0.8930
0.8900
0.8860
0.9040
0.8770
0.8960
0.8938
0.9000
0.8630
0.8970
0.8990
0.8988
0.8830
0.8940
0.8840
0.9070
0.8875
0.8920
0.9110
0.8840
0.8670
0.9050
0.9020
0.8800
0.8910
0.8950
0.8875
0.8820
0.8850
0.9070
0.8910
0.8912
0.8990
0.8920
0.8760
0.8930
0.8975
0.8900
0.8980
0.9080
0.8750
0.8838
0.9040
0.8870
0.8830
0.8820
0.9025
0.8950
0.8830
0.8850
0.8930
0.9025
0.8910
0.9010
0.8990
0.8950
0.8650
0.8960
0.8890
0.8900
0.8890
0.8925
0.8930
0.8850
0.8890
0.8970
0.8938
0.8880
0.9080
0.8800
0.8890
0.8925
0.8930
0.8830
0.8930
0.9000
0.8875
0.9000
0.8850
0.8800
0.9070
0.8838
0.9010
0.8920
0.8890
0.8900
0.8838
0.9000
0.8880
0.8940
0.8850
0.8912
0.8800
0.9030
0.8800
0.9030
0.8938
0.8920
0.8910
0.9060
0.8850
0.8838
0.8940
0.8940
0.8890
0.8960
0.8850
0.8990
0.8940
0.9040
0.8800
0.8800
0.8790
0.8910
0.8970
0.9010
0.8912
0.8840
0.9030
0.8970
0.8830
0.8925
0.8800
0.9040
0.8910
0.8910
0.8938
0.8990
0.8990
0.8700
0.8990
0.8925
0.8940
0.8770
0.8920
0.9010
0.8962
0.8930
0.8880
0.8930
0.8910
0.8950
0.9070
0.9110
0.8770
0.8850
0.8762
0.8960
0.8740
0.8760
0.9130
0.9025
0.8700
0.9020
0.8960
0.8880
0.9062
0.8930
0.8760
0.8930
0.9030
0.8950
0.8970
0.8860
0.9070
0.8830
0.8850
0.8900
0.8960
0.9030
0.8940
0.8725
0.8990
0.8790
0.8920
0.9020
0.8862
0.9060
0.8870
0.8960
0.8810
0.8888
0.8790
0.8950
0.8850
0.9070
0.8938
0.8910
0.8920
0.8940
0.8980
0.8825
0.9000
0.8920
0.8890
0.8800
0.9000
0.8880
0.8800
0.8840
0.8930
0.9200
0.9010
0.9000
0.8890
0.8810
0.8875
0.8980
0.8930
0.8740
0.8880
0.9100
0.8930
0.9050
0.8810
0.8960
0.8825
0.8980
0.8880
0.8990
0.8870
0.8862
0.8890
0.8980
0.8920
0.8840
0.8975
0.9000
0.8820
0.9010
0.8990
0.8738
0.8810
0.8900
0.9050
0.8880
0.8962
0.8880
0.8950
0.9090
0.8900
0.8738
0.8960
0.8870
0.8980
0.8910
0.8862
0.8820
0.8990
0.8940
0.8940
0.8912
0.8900
0.8860
0.8920
0.8860
0.9100
0.8860
0.8940
0.8900
0.8980
0.8925
0.8880
0.8960
0.8890
0.8750
0.9175
0.8890
0.9070
0.8850
0.8910
0.8875
0.8910
0.8800
0.8950
0.9010
0.8950
0.8970
0.8860
0.8930
0.9000
0.8825
0.8830
0.8920
0.8980
0.8930
0.8950
0.8910
0.8920
0.8950
0.8830
0.9025
0.8870
0.8940
0.9010
0.8820
0.8988
0.8740
0.8960
0.9010
0.8970
0.8938
0.9190
0.9130
0.8690
0.8810
0.8788
0.8830
0.8980
0.9080
0.8910
0.8812
0.8990
0.8920
0.8910
0.8920
0.8888
0.8970
0.8940
0.8850
0.8950
0.8925
0.9040
0.8930
0.8860
0.8970
0.8812
0.8840
0.8950
0.8960
0.8960
0.8925
0.8860
0.8940
0.9030
0.9030
0.8738
0.8890
0.8890
0.8980
0.8900
0.8988
0.8960
0.8970
0.8990
0.8880
0.8812
0.8930
0.8690
0.9200
0.8780
0.9062
0.8920
0.9000
0.8860
0.8940
0.8912
0.8980
0.8900
0.8860
0.9010
0.8875
0.8960
0.8980
0.8830
0.8940
0.8925
0.8920
0.8900
0.8940
0.8740
0.9187
0.8880
0.8790
0.8940
0.9050
0.9000
0.8950
0.8960
0.8940
0.8860
0.8938
0.8940
0.8920
0.8870
0.8980
0.8938
0.8920
0.8910
0.8950
0.8930
0.8938
0.8990
0.8860
0.8970
0.9020
0.8775
0.8900
0.9070
0.8900
0.8910
0.8850
0.8740
0.9030
0.9090
0.8890
0.8888
0.8960
0.8970
0.8880
0.9010
0.8800
0.8930
0.8890
0.8940
0.8900
0.9000
0.8970
0.9050
0.8800
0.8880
0.8950
0.9010
0.8880
0.8990
0.8880
0.8875
0.9020
0.8890
0.8920
0.8860
0.8962
0.8820
0.8950
0.8930
0.8940
0.9025
0.8860
0.9010
0.9040
0.8710
0.9050
0.8910
0.8950
0.8860
0.9030
0.8888
0.8930
0.8850
0.9050
0.8860
0.8962
0.8950
0.8950
0.9000
0.8940
0.8775
0.9070
0.8780
0.9030
0.8870
0.8888
0.8920
0.8930
0.8960
0.8870
0.8988
0.8960
0.8780
0.9000
0.9040
0.8862
0.8970
0.8840
0.9060
0.8860
0.8938
0.8900
0.8920
0.8920
0.8880
0.9075
0.8880
0.8960
0.8960
0.8920
0.8950
0.8970
0.8800
0.9100
0.8930
0.8850
0.8930
0.8900
0.8940
0.8980
0.8912
0.8980
0.8790
0.8900
0.8960
0.9062
0.8920
0.8980
0.8900
0.8860
0.9025
0.8890
0.8890
0.8950
0.9040
0.8888
0.8870
0.9100
0.8840
0.8890
0.8975
0.9000
0.8960
0.8860
0.8860
0.9012
0.8950
0.8880
0.8790
0.9070
0.9000
0.8900
0.8960
0.8940
0.8950
0.8925
0.9000
0.9060
0.8720
0.8970
0.8925
0.8940
0.8910
0.8980
0.8950
0.8900
0.8910
0.8950
0.8850
0.9000
0.8988
0.8990
0.8960
0.8850
0.8910
0.8988
0.8900
0.8820
0.9100
0.9000
0.8850
0.8880
0.9060
0.8930
0.8850
0.8975
0.9120
0.8730
0.8960
0.8950
0.8925
0.8980
0.8890
0.9030
0.8960
0.8800
0.8910
0.9120
0.8850
0.8910
0.8888
0.8990
0.8930
0.8800
0.9100
0.8850
0.9080
0.8960
0.8900
0.8910
0.8812
0.8920
0.8960
0.9030
0.8830
0.8950
0.8920
0.8980
0.8830
0.8910
0.9075
0.8890
0.8820
0.9050
0.9090
0.8812
0.9040
0.8930
0.8920
0.8840
0.8962
0.9000
0.8990
0.8930
0.8830
0.8938
0.9110
0.8790
0.8900
0.8900
0.9000
0.9000
0.9040
0.9010
0.8820
0.8788
0.8940
0.8900
0.9020
0.8780
0.9075
0.8930
0.8910
0.8980
0.8880
0.9000
0.9020
0.8930
0.9010
0.8930
0.8762
0.8830
0.8850
0.8960
0.9060
0.9000
0.8930
0.9090
0.8970
0.9010
0.8625
0.8740
0.8910
0.9020
0.8950
0.9100
0.8860
0.8840
0.9030
0.8960
0.9012
0.9160
0.8880
0.8970
0.8840
0.8812
0.8970
0.8870
0.8850
0.8900
0.9137
0.8860
0.8900
0.8990
0.8930
0.9025
0.9020
0.8980
0.8980
0.8780
0.8938
0.8940
0.8970
0.8850
0.9020
0.8912
0.9010
0.8800
0.9080
0.8860
0.8950
0.8780
0.9070
0.8830
0.8950
0.9100
0.8850
0.8910
0.8890
0.9020
0.9050
0.8820
0.9130
0.8880
0.8890
0.8988
0.8820
0.9060
0.9010
0.8870
0.8938
0.8850
0.9040
0.8920
0.8880
0.9025
0.8940
0.8840
0.8940
0.9030
0.8950
0.8850
0.9020
0.9000
0.8990
0.8812
0.9160
0.8980
0.8860
0.8880
0.8788
0.9010
0.8860
0.9010
0.8930
0.8875
0.9160
0.8830
0.8780
0.9010
0.8925
0.9020
0.8900
0.9050
0.8860
0.8862
0.8850
0.8990
0.8940
0.8970
0.8962
0.9050
0.8870
0.8820
0.8980
0.9000
0.8790
0.8980
0.9000
0.8940
0.9012
0.9080
0.9060
0.8940
0.8780
0.8825
0.9040
0.8840
0.8910
0.8950
0.8988
0.8810
0.9070
0.9040
0.8930
0.8838
0.8910
0.8990
0.9030
0.8950
0.8800
0.9000
0.8960
0.8790
0.8840
0.9163
0.9010
0.8980
0.8900
0.8930
0.8888
0.9000
0.8880
0.8900
0.8930
0.9012
0.8840
0.8910
0.8860
0.8980
0.9175
0.9000
0.8960
0.8820
0.9030
0.8900
0.8820
0.8900
0.8940
0.8990
0.9100
0.8840
0.8830
0.9000
0.9060
0.9000
0.8850
0.8960
0.8960
0.8950
0.9012
0.8860
0.8790
0.9070
0.9040
0.8962
0.8980
0.8920
0.9010
0.8930
0.8888
0.8910
0.9060
0.8790
0.9020
0.8962
0.9020
0.9100
0.8810
0.9090
0.8662
0.8970
0.9030
0.8960
0.8970
0.8775
0.8880
0.8860
0.8990
0.9040
0.8975
0.8850
0.9020
0.9070
0.8880
0.8912
0.9130
0.8870
0.8840
0.8970
0.8938
0.8810
0.9020
0.8950
0.9050
0.8912
0.8920
0.8970
0.8850
0.8980
0.9062
0.8960
0.8950
0.9010
0.8890
0.8950
0.8930
0.9080
0.8810
0.8900
0.9062
0.9000
0.8930
0.8830
0.9070
0.8925
0.8990
0.8910
0.8930
0.9020
0.8900
0.8990
0.8780
0.9010
0.9010
0.8988
0.9020
0.8930
0.8980
0.8950
0.8875
0.8990
0.8870
0.8910
0.8870
0.9175
0.8970
0.9070
0.8800
0.9060
0.8850
0.9200
0.8960
0.8860
0.8740
0.9025
0.8990
0.8780
0.9000
0.9010
0.9000
0.8840
0.9210
0.8950
0.8800
0.9000
0.9090
0.8860
0.8950
0.8920
0.8975
0.8840
0.9020
0.9130
0.8800
0.9012
0.8960
0.8870
0.9000
0.9030
0.8925
0.8770
0.9010
0.9140
0.8830
0.9062
0.8980
0.8930
0.9100
0.8990
0.8750
0.9040
0.8720
0.8970
0.8890
0.9225
0.8990
0.9010
0.8970
0.8950
0.8850
0.9120
0.8710
0.9000
0.9000
0.8962
0.8940
0.8770
0.8970
0.9060
0.9075
0.8880
0.8910
0.9000
0.9000
0.9000
0.8980
0.8870
0.8860
0.9040
0.9050
0.8870
0.8950
0.8880
0.9050
0.9050
0.8930
0.9040
0.8880
0.8990
0.8938
0.8930
0.8880
0.8970
0.9050
0.8950
0.9150
0.8850
0.8960
0.8940
0.8875
0.9110
0.8840
0.8920
0.8970
0.8938
0.9050
0.8950
0.8980
0.8940
0.8850
0.8950
0.9020
0.9040
0.8940
0.8800
0.8880
0.8960
0.9090
0.8950
0.8900
0.9070
0.8820
0.8910
0.8930
0.9087
0.8970
0.9170
0.8790
0.8920
0.8938
0.9020
0.9020
0.8830
0.8950
0.8975
0.8990
0.9010
0.8920
0.8940
0.8925
0.9050
0.8960
0.8860
0.8930
0.9000
0.8730
0.9050
0.8900
0.9080
0.9050
0.8980
0.8810
0.9040
0.9000
0.8962
0.8910
0.8890
0.9050
0.9010
0.8925
0.8860
0.9050
0.8800
0.9020
0.9087
0.8990
0.8950
0.8890
0.9010
0.8950
0.8920
0.8900
0.8970
0.8930
0.9100
0.8930
0.8790
0.9110
0.8980
0.8988
0.9060
0.8950
0.9010
0.8860
0.8900
0.9070
0.8940
0.8810
0.8960
0.9025
0.9040
0.8930
0.9010
0.8890
0.8900
0.9020
0.8920
0.8880
0.8950
0.9025
0.8880
0.8900
0.8970
0.8990
0.9075
0.9060
0.9040
0.8940
0.8880
0.8850
0.9070
0.8920
0.8880
0.8900
0.9025
0.8870
0.8940
0.8960
0.9050
0.8988
0.8930
0.8980
0.8910
0.9030
0.8925
0.8940
0.8880
0.8970
0.8970
0.9050
0.8880
0.9060
0.9030
0.8910
0.8912
0.9070
0.8910
0.8780
0.9050
0.9000
0.8930
0.8890
0.9020
0.8990
0.8975
0.9040
0.8870
0.9010
0.8930
0.8950
0.8910
0.9010
0.9060
0.8890
0.8925
0.8980
0.8660
0.9070
0.9010
0.9113
0.9040
0.9010
0.8850
0.8990
0.8900
0.9030
0.8950
0.8960
0.8950
0.8900
0.9050
0.8790
0.8910
0.9120
0.8925
0.9080
0.8960
0.8940
0.8820
0.9012
0.9020
0.8660
0.9130
0.9140
0.8825
0.8810
0.9050
0.9080
0.9040
0.8788
0.8980
0.8980
0.8930
0.8910
0.9025
0.9140
0.9040
0.8840
0.8840
0.8938
0.9030
0.8970
0.8840
0.8900
0.9087
0.8970
0.8910
0.8970
0.8800
0.9200
0.8710
0.9020
0.9070
0.8930
0.9100
0.8970
0.9060
0.9030
0.8890
0.8825
0.9090
0.9080
0.8940
0.8760
0.8912
0.8930
0.8970
0.9060
0.8890
0.8950
0.8940
0.9100
0.8820
0.8980
0.8962
0.8920
0.9010
0.8810
0.9000
0.9100
0.9120
0.9020
0.8980
0.8770
0.8912
0.8960
0.9020
0.9080
0.8840
0.8888
0.8960
0.8930
0.8900
0.8920
0.9125
0.8890
0.8980
0.9040
0.8960
0.8925
0.8970
0.8880
0.9050
0.8880
0.9050
0.9050
0.8990
0.8870
0.8990
0.8900
0.8910
0.8920
0.8850
0.9040
0.9137
0.8970
0.9000
0.8920
0.9070
0.8850
0.8930
0.8860
0.9130
0.8920
0.9000
0.8900
0.9020
0.8950
0.9040
0.8912
0.8880
0.8910
0.9010
0.8930
0.9137
0.8830
0.9120
0.8950
0.8870
0.9087
0.8960
0.9000
0.8950
0.8810
0.9150
0.9020
0.8870
0.9030
0.8900
0.9025
0.8900
0.8900
0.8940
0.8990
0.9137
0.8850
0.9240
0.8910
0.8870
0.8962
0.8970
0.8930
0.9050
0.8900
0.8988
0.8880
0.8960
0.9080
0.8860
0.9075
0.9040
0.9040
0.8900
0.8870
0.8988
0.9010
0.8990
0.8800
0.8980
0.9075
0.8990
0.9010
0.8990
0.8890
0.8950
0.8980
0.8990
0.9050
0.8810
0.9000
0.9080
0.9010
0.8910
0.8980
0.8812
0.8930
0.9100
0.8940
0.9020
0.8812
0.9030
0.8910
0.8860
0.9060
0.8975
0.8950
0.9060
0.8990
0.8900
0.8912
0.8930
0.9060
0.8830
0.9110
0.8875
0.9000
0.9010
0.8980
0.8950
0.8875
0.8910
0.9030
0.8920
0.9040
0.8925
0.8810
0.9070
0.8980
0.9040
0.8912
0.9030
0.8980
0.8980
0.8960
0.8850
0.9050
0.9050
0.8990
0.8910
0.8800
0.9000
0.9090
0.8900
0.9060
0.8738
0.9020
0.8960
0.9080
0.8990
0.8738
0.9050
0.8900
0.8930
0.8960
0.9000
0.8880
0.9110
0.8990
0.8940
0.8900
0.8990
0.9040
0.8980
0.8960
0.8838
0.8890
0.8970
0.9000
0.8960
0.9025
0.8890
0.8930
0.9120
0.8790
0.9137
0.8870
0.8910
0.8960
0.9120
0.8975
0.9050
0.8920
0.8940
0.8930
0.9000
0.8730
0.8950
0.8800
0.9240
0.9150
0.8930
0.9050
0.9030
0.8860
0.8962
0.9080
0.8900
0.8940
0.8930
0.8988
0.9090
0.8800
0.9130
0.8910
0.8888
0.8970
0.8970
0.8870
0.9010
0.9025
0.9020
0.8920
0.9080
0.8930
0.8862
0.9010
0.8770
0.9130
0.8930
0.9000
0.8870
0.9010
0.8910
0.9180
0.8838
0.8950
0.9080
0.8930
0.8930
0.8938
0.9040
0.8930
0.9030
0.8850
0.8988
0.8910
0.9090
0.8970
0.8940
0.8912
0.8900
0.9110
0.8820
0.8950
0.9075
0.8930
0.9040
0.8870
0.8930
0.9087
0.9030
0.8900
0.9180
0.8970
0.8700
0.9110
0.8820
0.8960
0.9030
0.8900
0.8910
0.8860
0.9030
0.8920
0.9150
0.9060
0.8830
0.8990
0.8950
0.9012
0.8840
0.8840
0.8920
0.9060
0.9225
0.8800
0.9000
0.9100
0.9020
0.8900
0.8980
0.9030
0.8990
0.8830
0.9025
0.8970
0.8870
0.8930
0.8880
0.9250
0.8930
0.9020
0.9190
0.8930
0.8725
0.8780
0.8950
0.9000
0.9150
0.8962
0.9040
0.9000
0.8990
0.8860
0.8950
0.8970
0.9050
0.8890
0.9040
0.8875
0.8940
0.8860
0.9070
0.8970
0.9012
0.9100
0.9070
0.8860
0.8960
0.8825
0.8900
0.8870
0.8990
0.9060
0.9038
0.9000
0.8940
0.8900
0.8940
0.9087
0.8800
0.9020
0.9110
0.8990
0.8912
0.8950
0.8890
0.8890
0.9020
0.9113
0.8920
0.8860
0.9000
0.8910
0.9200
0.9030
0.9090
0.8970
0.8890
0.8838
0.8980
0.9210
0.8900
0.8740
0.9025
0.8810
0.8990
0.9130
0.8880
0.9050
0.9090
0.8950
0.8990
0.8810
0.9012
0.9010
0.8790
0.9020
0.9060
0.8962
0.8950
0.9040
0.8940
0.8900
0.9025
0.8890
0.8890
0.9010
0.8940
0.9137
0.8940
0.8930
0.9100
0.8910
0.8975
0.9100
0.8780
0.8960
0.8880
0.9175
0.8900
0.8870
0.9060
0.9120
0.8888
0.9000
0.8930
0.9070
0.8840
0.9025
0.8900
0.9070
0.9110
0.8820
0.8950
0.8980
0.8880
0.9010
0.8960
0.9038
0.8900
0.8880
0.8980
0.9110
0.8975
0.9010
0.9040
0.8830
0.8880
0.9113
0.8880
0.8970
0.9010
0.9020
0.8962
0.8820
0.9120
0.8950
0.8860
0.9125
0.9030
0.9220
0.8730
0.9000
0.8838
0.9030
0.8990
0.8960
0.9010
0.8825
0.9000
0.8910
0.8980
0.8950
0.9012
0.8910
0.8940
0.8900
0.9100
0.9000
0.8950
0.9130
0.8920
0.8930
0.8900
0.9110
0.9000
0.8870
0.8820
0.9062
0.8940
0.9110
0.8930
0.8930
0.8925
0.9010
0.9040
0.8930
0.8840
0.9038
0.8860
0.9080
0.8900
0.9150
0.8825
0.8960
0.9010
0.8830
0.9100
0.8938
0.9040
0.8980
0.8810
0.8890
0.9163
0.8980
0.8990
0.8940
0.8880
0.9087
0.9100
0.8790
0.9000
0.8930
0.9050
0.8920
0.9140
0.8860
0.8940
0.9000
0.8960
0.9050
0.8960
0.8850
0.9050
0.8900
0.9080
0.8980
0.9010
0.8862
0.8960
0.8960
0.8920
0.9000
0.9025
0.8960
0.9090
0.8890
0.9000
0.8900
0.8930
0.9010
0.8940
0.9040
0.8925
0.8980
0.9000
0.8960
0.8920
0.9000
0.8940
0.8880
0.9080
0.8990
0.8962
0.8980
0.9010
0.9010
0.9030
0.8800
0.8930
0.9010
0.8890
0.9050
0.8988
0.8910
0.9030
0.9030
0.8970
0.8912
0.9040
0.8990
0.8810
0.8900
0.9163
0.9010
0.9020
0.9020
0.8850
0.8962
0.8920
0.9100
0.9020
0.8970
0.8825
0.8900
0.9000
0.8950
0.8930
0.9113
0.8930
0.8990
0.8970
0.8990
0.8988
0.8930
0.8930
0.9070
0.8980
0.8950
0.8990
0.9080
0.9000
0.8900
0.8862
0.8950
0.9070
0.8900
0.9050
0.8875
