2.4415
2.9538
2.6018
2.7949
2.5735
2.1631
2.4017
2.7002
2.1688
2.3076
2.1030
2.3102
2.3406
2.6316
2.6260
2.5559
2.5276
2.7926
2.3885
2.3412
2.4996
2.4998
2.6697
2.4562
2.4422
2.5234
2.5962
2.5308
2.3863
2.5932
2.1635
2.6553
2.4537
2.6006
2.3669
2.3688
2.2782
2.3338
2.3128
2.2303
2.1803
2.6870
2.4740
2.4430
2.5569
2.3308
2.3912
2.3195
2.4613
2.4608
2.2346
2.3709
2.3936
2.2115
2.4358
2.2825
2.5435
2.5766
2.3326
2.3661
2.3190
2.2217
2.3153
2.3271
2.3340
2.0717
2.5999
2.3714
2.2163
2.3473
2.2279
2.1436
2.2157
2.0983
2.4465
