0.0850
0.0900
0.1000
0.1080
0.1000
0.1070
0.0930
0.0920
0.1120
0.1150
0.1030
0.1130
0.1110
0.1190
0.1175
0.1250
0.1330
0.1220
0.1420
0.1212
0.1440
0.1310
0.1430
0.1570
0.1888
0.1880
0.1790
0.1830
0.1650
0.1725
0.2030
0.1990
0.1930
0.2140
0.2300
0.2260
0.2110
0.2640
0.2390
0.2787
0.2600
0.2770
0.2910
0.2810
0.2625
0.3010
0.2920
0.2970
0.3170
0.3175
0.3130
0.3130
0.3430
0.3350
0.3500
0.3640
0.3430
0.3660
0.3480
0.3475
0.3610
0.3400
0.3650
0.4040
0.3688
0.4120
0.3670
0.3930
0.3570
0.3688
0.3880
0.4140
0.3950
0.4040
0.3750
0.4000
0.4010
0.4040
0.4280
0.4288
0.4230
0.3940
0.4220
0.4480
0.4462
0.4080
0.4490
0.4540
0.4620
0.4400
0.4610
0.4680
0.4480
0.4450
0.4688
0.4850
0.4660
0.4630
0.4970
0.4688
0.4910
0.5070
0.5120
0.5060
0.4763
0.5280
0.5170
0.5060
0.5190
0.5250
0.5700
0.5220
0.5460
0.5340
0.5188
0.5630
0.5520
0.5740
0.5600
0.5475
0.5340
0.5810
0.5930
0.5860
0.5887
0.5990
0.5700
0.5850
0.6020
0.6000
0.6440
0.5970
0.6160
0.5920
0.5975
0.5980
0.6350
0.6230
0.6170
0.6300
0.6280
0.6280
0.6220
0.6320
0.6388
0.6250
0.6330
0.6390
0.6610
0.6375
0.6180
0.6520
0.6530
0.6640
0.6500
0.6760
0.6350
0.6580
0.6450
0.6325
0.6580
0.6580
0.6460
0.6430
0.6737
0.6540
0.6550
0.6640
0.6570
0.6687
0.6340
0.6850
0.6610
0.6580
0.6887
0.6780
0.6740
0.6670
0.6950
0.6450
0.6860
0.6620
0.6770
0.6810
0.6787
0.6750
0.7080
0.6750
0.6870
0.6713
0.6690
0.7040
0.6730
0.7050
0.7013
0.6960
0.6790
0.7260
0.6940
0.6950
0.7080
0.7330
0.7070
0.6820
0.7037
0.7270
0.7140
0.7200
0.7190
0.7000
0.7210
0.7130
0.7270
0.7410
0.7200
0.7300
0.7480
0.7160
0.7290
0.7388
0.7120
0.7500
0.7450
0.7410
0.7412
0.7470
0.7420
0.7330
0.7500
0.7375
0.7300
0.7440
0.7490
0.7340
0.7887
0.7510
0.7510
0.7580
0.7410
0.7538
0.7320
0.7710
0.7510
0.7450
0.7725
0.7480
0.7650
0.7290
0.7620
0.7800
0.7610
0.7470
0.7600
0.7600
0.7650
0.7650
0.7530
0.7470
0.7760
0.7550
0.7530
0.7770
0.7620
0.7600
0.7475
0.7600
0.7610
0.7540
0.7570
0.7812
0.7580
0.7650
0.7590
0.7810
0.7488
0.7720
0.7520
0.7560
0.7550
0.7875
0.7540
0.7640
0.7570
0.7900
0.7525
0.7570
0.7720
0.7730
0.7570
0.7700
0.7570
0.7770
0.7600
0.7630
0.7750
0.7800
0.7550
0.7810
0.7570
0.7612
0.7800
0.7490
0.7590
0.7840
0.7712
0.7720
0.7710
0.7680
0.7650
0.7712
0.7630
0.7610
0.8010
0.7400
0.7887
0.7700
0.7570
0.7990
0.7760
0.7450
0.7820
0.7630
0.7800
0.7820
0.7438
0.7700
0.7710
0.7460
0.7780
0.8000
0.7760
0.7980
0.7570
0.7660
0.7588
0.7890
0.7590
0.7950
0.7450
0.7762
0.7700
0.7650
0.7830
0.7740
0.7738
0.7580
0.7600
0.7870
0.7870
0.7750
0.7680
0.7640
0.7850
0.7720
0.7825
0.7570
0.7690
0.7980
0.7540
0.8013
0.7580
0.7990
0.7530
0.7790
0.7913
0.7650
0.7790
0.7730
0.7790
0.7850
0.7730
0.7940
0.7640
0.7670
0.7850
0.7860
0.7750
0.7810
0.7650
0.7750
0.7710
0.7780
0.7920
0.7720
0.7700
0.7700
0.7900
0.7810
0.7730
0.7688
0.7710
0.7760
0.7880
0.7750
0.7738
0.7870
0.7930
0.7660
0.7740
0.7662
0.8030
0.7610
0.7740
0.7830
0.7700
0.7640
0.7790
0.7660
0.7890
0.8013
0.7860
0.7840
0.7770
0.7620
0.7887
0.7720
0.7840
0.7940
0.7830
0.7638
0.7810
0.7850
0.7770
0.7790
0.7775
0.7830
0.7700
0.7770
0.7940
0.7750
0.7770
0.7740
0.7930
0.7830
0.7738
0.7580
0.7890
0.7730
0.7860
0.8037
0.7900
0.7790
0.7860
0.7550
0.8025
0.7950
0.7920
0.7620
0.7720
0.7913
0.7850
0.7970
0.7780
0.7730
0.7775
0.7810
0.7940
0.7770
0.7910
0.7675
0.7650
0.7870
0.7920
0.7920
0.7825
0.7920
0.7800
0.7900
0.7740
0.7850
0.7930
0.7830
0.7980
0.7640
0.7837
0.7590
0.7830
0.7960
0.7830
0.8037
0.7870
0.7840
0.7870
0.7840
0.7800
0.7910
0.7940
0.7720
0.7730
0.7987
0.7830
0.7840
0.7810
0.7880
0.7937
0.7790
0.7640
0.7830
0.8080
0.8013
0.7910
0.7920
0.7860
0.7840
0.7812
0.7840
0.7870
0.7820
0.7730
0.8213
0.7840
0.7870
0.8020
0.7910
0.7775
0.7680
0.7850
0.8010
0.7920
0.8013
0.7950
0.7890
0.8000
0.7780
0.7850
0.7950
0.7870
0.8000
0.7790
0.7900
0.7740
0.8050
0.7910
0.8010
0.7788
0.7860
0.7850
0.7900
0.7900
0.8037
0.7980
0.7960
0.7980
0.7810
0.7775
0.7960
0.7860
0.7870
0.7950
0.7900
0.8080
0.7950
0.7850
0.7960
0.7700
0.7900
0.7970
0.7970
0.7920
0.7825
0.7950
0.8080
0.7880
0.7930
0.7725
0.7950
0.7840
0.7930
0.7900
0.8025
0.7890
0.7970
0.7850
0.7880
0.8100
0.7970
0.7800
0.7930
0.7980
0.8013
0.7710
0.7950
0.7760
0.8230
0.8063
0.7820
0.7890
0.7900
0.7980
0.8175
0.7720
0.7910
0.8040
0.8060
0.8000
0.7840
0.7870
0.8140
0.7970
0.7900
0.7840
0.8030
0.8260
0.7670
0.7937
0.7770
0.7960
0.8080
0.7870
0.8113
0.8030
0.7920
0.8060
0.7960
0.7800
0.7920
0.8150
0.8070
0.8010
0.7650
0.8080
0.8140
0.7910
0.7900
0.7850
0.8100
0.8030
0.7890
0.7860
0.8100
0.7990
0.7790
0.8060
0.8020
0.8163
0.8150
0.8190
0.7770
0.7840
0.8100
0.8270
0.7890
0.7970
0.8020
0.7900
0.7980
0.8050
0.7970
0.7990
0.8100
0.7890
0.8020
0.8000
0.8320
0.7875
0.7950
0.7900
0.7950
0.8270
0.8075
0.8060
0.8030
0.8080
0.7850
0.8187
0.8210
0.8050
0.7990
0.7830
0.8150
0.8060
0.8020
0.8000
0.8140
0.8013
0.8030
0.8090
0.8290
0.7960
0.7913
0.7990
0.8290
0.7960
0.8010
0.8075
0.8050
0.8240
0.8020
0.8050
0.8013
0.8070
0.8000
0.8200
0.8030
0.8113
0.8240
0.8000
0.8260
0.7960
0.8025
0.8160
0.8070
0.7960
0.8230
0.8175
0.8150
0.8220
0.8160
0.8030
0.8125
0.8220
0.8170
0.8100
0.8290
0.7913
0.8030
0.8230
0.8100
0.8350
0.8037
0.8060
0.8120
0.8280
0.8210
0.8163
0.8050
0.8260
0.8170
0.7990
0.8475
0.8180
0.8050
0.7980
0.8380
0.8413
0.8160
0.8170
0.8140
0.8300
0.8325
0.8310
0.8230
0.8250
0.8250
0.8125
0.8200
0.8190
0.8360
0.8310
0.8175
0.8310
0.8270
0.8230
0.8370
0.8163
0.8280
0.8250
0.8140
0.8300
0.8450
0.7980
0.8450
0.8350
0.8290
0.8425
0.8340
0.8150
0.8400
0.8220
0.8413
0.8390
0.8290
0.8430
0.8160
0.8275
0.8210
0.8370
0.8390
0.8200
0.8425
0.8370
0.8310
0.8360
0.8280
0.8287
0.8140
0.8160
0.8360
0.8710
0.8287
0.8170
0.8230
0.8470
0.8360
0.8462
0.8430
0.8470
0.8130
0.8360
0.8275
0.8160
0.8510
0.8320
0.8370
0.8363
0.8230
0.8330
0.8500
0.8400
0.8300
0.8550
0.8250
0.8370
0.8350
0.8225
0.8290
0.8430
0.8430
0.8290
0.8387
0.8400
0.8240
0.8600
0.8280
0.8325
0.8390
0.8220
0.8480
0.8390
0.8413
0.8340
0.8540
0.8180
0.8570
0.8263
0.8370
0.8330
0.8400
0.8470
0.8363
0.8350
0.8450
0.8520
0.8420
0.8187
0.8520
0.8260
0.8360
0.8380
0.8488
0.8330
0.8380
0.8440
0.8510
0.8337
0.8320
0.8340
0.8500
0.8370
0.8550
0.8450
0.8520
0.8320
0.8310
0.8525
0.8420
0.8400
0.8430
0.8420
0.8462
0.8370
0.8460
0.8360
0.8560
0.8413
0.8540
0.8400
0.8550
0.8440
0.8213
0.8250
0.8610
0.8490
0.8380
0.8488
0.8350
0.8590
0.8490
0.8290
0.8488
0.8440
0.8700
0.8360
0.8280
0.8450
0.8620
0.8270
0.8590
0.8350
0.8400
0.8600
0.8430
0.8470
0.8340
0.8400
0.8550
0.8320
0.8510
0.8460
0.8425
0.8310
0.8350
0.8520
0.8610
0.8525
0.8540
0.8590
0.8460
0.8150
0.8625
0.8480
0.8460
0.8580
0.8520
0.8287
0.8380
0.8440
0.8590
0.8600
0.8363
0.8450
0.8430
0.8550
0.8660
0.8263
0.8460
0.8540
0.8260
0.8650
0.8512
0.8630
0.8670
0.8320
0.8480
0.8337
0.8430
0.8680
0.8510
0.8260
0.8638
0.8670
0.8320
0.8510
0.8530
0.8438
0.8440
0.8420
0.8600
0.8510
0.8512
0.8340
0.8530
0.8480
0.8660
0.8475
0.8380
0.8650
0.8360
0.8640
0.8488
0.8700
0.8240
0.8410
0.8550
0.8662
0.8520
0.8460
0.8510
0.8630
0.8413
0.8520
0.8560
0.8320
0.8500
0.8712
0.8360
0.8570
0.8590
0.8570
0.8475
0.8450
0.8460
0.8530
0.8550
0.8588
0.8540
0.8450
0.8490
0.8560
0.8562
0.8530
0.8500
0.8330
0.8640
0.8638
0.8460
0.8570
0.8510
0.8550
0.8538
0.8520
0.8520
0.8520
0.8570
0.8512
0.8340
0.8610
0.8560
0.8610
0.8538
0.8650
0.8540
0.8590
0.8530
0.8287
0.8540
0.8540
0.8560
0.8400
0.8625
0.8490
0.8580
0.8550
0.8500
0.8538
0.8380
0.8650
0.8710
0.8530
0.8387
0.8480
0.8540
0.8420
0.8650
0.8612
0.8490
0.8550
0.8640
0.8550
0.8450
0.8510
0.8500
0.8630
0.8510
0.8538
0.8430
0.8780
0.8510
0.8410
0.8575
0.8550
0.8490
0.8530
0.8540
0.8625
0.8520
0.8530
0.8530
0.8650
0.8500
0.8630
0.8640
0.8440
0.8380
0.8725
0.8500
0.8490
0.8540
0.8600
0.8688
0.8550
0.8510
0.8580
0.8490
0.8688
0.8740
0.8420
0.8370
0.8490
0.8838
0.8720
0.8420
0.8560
0.8630
0.8488
0.8550
0.8470
0.8650
0.8630
0.8525
0.8680
0.8550
0.8430
0.8540
0.8662
0.8610
0.8560
0.8570
0.8570
0.8512
0.8570
0.8520
0.8380
0.8740
0.8662
0.8640
0.8530
0.8530
0.8620
0.8512
0.8270
0.8630
0.8650
0.8650
0.8700
0.8570
0.8500
0.8560
0.8570
0.8725
0.8730
0.8460
0.8500
0.8620
0.8588
0.8510
0.8480
0.8670
0.8520
0.8775
0.8530
0.8610
0.8540
0.8550
0.8725
0.8410
0.8630
0.8650
0.8630
0.8600
0.8500
0.8560
0.8750
0.8570
0.8550
0.8750
0.8450
0.8650
0.8650
0.8425
0.8480
0.8830
0.8570
0.8500
0.8625
0.8520
0.8430
0.8670
0.8700
0.8712
0.8590
0.8610
0.8780
0.8470
0.8550
0.8620
0.8560
0.8560
0.8620
0.8700
0.8830
0.8680
0.8520
0.8420
0.8588
0.8640
0.8730
0.8540
0.8510
0.8638
0.8710
0.8550
0.8650
0.8690
0.8462
0.8760
0.8570
0.8580
0.8540
0.8688
0.8620
0.8780
0.8560
0.8540
0.8612
0.8660
0.8670
0.8490
0.8780
0.8525
0.8630
0.8880
0.8650
0.8490
0.8475
0.8620
0.8720
0.8630
0.8540
0.8675
0.8710
0.8840
0.8590
0.8570
0.8425
0.8690
0.8670
0.8590
0.8590
0.8625
0.8600
0.8540
0.8600
0.8840
0.8588
0.8690
0.8690
0.8480
0.8680
0.8625
0.8600
0.8750
0.8440
0.8670
0.8725
0.8660
0.8620
0.8650
0.8590
0.8650
0.8510
0.8750
0.8750
0.8570
0.8575
0.8620
0.8690
0.8570
0.8670
0.8612
0.8460
0.8590
0.8780
0.8550
0.8838
0.8640
0.8760
0.8770
0.8360
0.8662
0.8800
0.8810
0.8620
0.8600
0.8300
0.8740
0.8620
0.8700
0.8550
0.8588
0.8610
0.8580
0.8760
0.8580
0.8688
0.8680
0.8650
0.8560
0.8690
0.8625
0.8750
0.8710
0.8440
0.8780
0.8525
0.8850
0.8540
0.8670
0.8660
0.8488
0.8820
0.8640
0.8500
0.8700
0.8575
0.8780
0.8570
0.8750
0.8650
0.8450
0.8680
0.8670
0.8640
0.8650
0.8600
0.8610
0.8550
0.8690
0.8750
0.8662
0.8660
0.8790
0.8600
0.8710
0.8475
0.8660
0.8580
0.8690
0.8700
0.8638
0.8720
0.8510
0.8740
0.8580
0.8738
0.8560
0.8690
0.8620
0.8720
0.8688
0.8720
0.8700
0.8640
0.8550
0.8675
0.8810
0.8700
0.8550
0.8540
0.8688
0.8600
0.8850
0.8610
0.8550
0.8662
0.8630
0.8800
0.8650
0.8670
0.8538
0.8650
0.8570
0.8700
0.8640
0.8775
0.8740
0.8500
0.8790
0.8520
0.8800
0.8600
0.8700
0.8640
0.8640
0.8800
0.8620
0.8640
0.8860
0.8610
0.8625
0.8630
0.8630
0.8810
0.8580
0.8738
0.8630
0.8690
0.8570
0.8820
0.8662
0.8590
0.8890
0.8760
0.8520
0.8600
0.8640
0.8690
0.8680
0.8610
0.8788
0.8740
0.8510
0.8760
0.8690
0.8688
0.8660
0.8610
0.8770
0.8650
0.8700
0.8680
0.8640
0.8540
0.8750
0.8812
0.8750
0.8670
0.8750
0.8560
0.8675
0.8680
0.8710
0.8680
0.8640
0.8700
0.8680
0.8610
0.8870
0.8590
0.8650
0.8600
0.8800
0.8780
0.8640
0.8575
0.8460
0.8850
0.8690
0.8790
0.8625
0.8810
0.8740
0.8570
0.8710
0.8575
0.8720
0.8600
0.8530
0.8810
0.8800
0.8670
0.8620
0.8780
0.8730
0.8625
0.8680
0.8460
0.8680
0.8770
0.8888
0.8670
0.8630
0.8750
0.8880
0.8475
0.8710
0.8530
0.8870
0.8710
0.8612
0.8860
0.8630
0.8640
0.8660
0.8675
0.8680
0.8760
0.8710
0.8550
0.8775
0.8830
0.8520
0.8820
0.8620
0.8675
0.8660
0.8730
0.8690
0.8620
0.8775
0.8700
0.8800
0.8720
0.8540
0.8712
0.8650
0.8600
0.8650
0.8850
0.8738
0.8640
0.8680
0.8720
0.8630
0.8838
0.8760
0.8870
0.8590
0.8640
0.8612
0.8790
0.8660
0.8690
0.8660
0.8700
0.8740
0.8730
0.8810
0.8640
0.8562
0.8780
0.8770
0.8660
0.8540
0.8788
0.8560
0.8800
0.8770
0.8720
0.8675
0.8740
0.8720
0.8490
0.8700
0.8938
0.8830
0.8710
0.8720
0.8590
0.8700
0.8580
0.8770
0.8820
0.8690
0.8688
0.8780
0.8760
0.8550
0.8770
0.8675
0.8810
0.8570
0.8770
0.8650
0.8775
0.8590
0.8860
0.8550
0.8800
0.8775
0.8720
0.8710
0.8600
0.8770
0.8775
0.8730
0.8890
0.8550
0.8710
0.8675
0.8730
0.8710
0.8670
0.8760
0.8712
0.8660
0.8600
0.8750
0.8920
0.8638
0.8950
0.8760
0.8740
0.8540
0.8562
0.8800
0.8710
0.8790
0.8660
0.8600
0.8850
0.8640
0.8670
0.8800
0.8600
0.8750
0.8760
0.8690
0.8750
0.8612
0.8710
0.8650
0.8750
0.8690
0.8812
0.8580
0.8820
0.8790
0.8710
0.8688
0.8760
0.8710
0.8770
0.8690
0.8675
0.8850
0.8880
0.8690
0.8630
0.8550
0.8460
0.8720
0.9020
0.8680
0.8762
0.8840
0.8600
0.8670
0.8720
0.8850
0.8560
0.9010
0.8830
0.8590
0.8662
0.8720
0.8740
0.8680
0.8780
0.8750
0.8700
0.8750
0.8890
0.8760
0.8525
0.8750
0.8800
0.8760
0.8620
0.8738
0.8750
0.8820
0.8830
0.8670
0.8575
0.8690
0.8670
0.8920
0.8740
0.8650
0.8680
0.8630
0.8850
0.8850
0.8662
0.8750
0.8750
0.8720
0.8720
0.8762
0.8590
0.8810
0.8720
0.8810
0.8775
0.8630
0.8750
0.8700
0.8720
0.8938
0.8870
0.8790
0.8630
0.8830
0.8550
0.8620
0.8870
0.8760
0.8820
0.8638
0.8720
0.8810
0.8660
0.8780
0.8762
0.8850
0.8590
0.8810
0.8720
0.8775
0.8730
0.8790
0.8720
0.8800
0.8688
0.8810
0.8580
0.8810
0.8720
0.8838
0.8670
0.8710
0.8670
0.8870
0.8850
0.8870
0.8630
0.8850
0.8710
0.8688
0.8650
0.8870
0.8640
0.8890
0.8700
0.8620
0.8780
0.8770
0.8860
0.8725
0.8840
0.8730
0.8660
0.8660
0.8912
0.8770
0.8710
0.8810
0.8780
0.8700
0.8850
0.8790
0.8660
0.8790
0.8675
0.8770
0.8680
0.8820
0.8750
0.8788
0.8780
0.8700
0.8690
0.8880
0.8750
0.8890
0.8890
0.8700
0.8720
0.8562
0.8940
0.8750
0.8560
0.8760
0.8800
0.8750
0.8800
0.8630
0.8830
0.8812
0.8920
0.8880
0.8690
0.8560
0.8762
0.8640
0.8840
0.8790
0.8740
0.8825
0.8720
0.8840
0.8670
0.8760
0.8862
0.8880
0.8670
0.8760
0.8670
0.8875
0.8710
0.8860
0.8750
0.8830
0.8662
0.8850
0.8620
0.8700
0.8810
0.8875
0.8970
0.8700
0.8760
0.8720
0.8662
0.8570
0.9030
0.8770
0.8720
0.8750
0.8960
0.8760
0.8630
0.8690
0.8812
0.8840
0.8750
0.8780
0.8760
0.8700
0.8790
0.8650
0.8710
0.8910
0.8800
0.8740
0.8900
0.8850
0.8680
0.8675
0.8830
0.8790
0.8880
0.8700
0.8638
0.8980
0.8790
0.8830
0.8620
0.8612
0.8640
0.8790
0.8930
0.8740
0.8762
0.8750
0.8810
0.8690
0.8780
0.8850
0.8860
0.8650
0.8940
0.8840
0.8538
0.8770
0.8730
0.8780
0.8670
0.8962
0.8700
0.8680
0.8820
0.8840
0.8850
0.8830
0.8880
0.8700
0.8710
0.8750
0.8810
0.8730
0.8750
0.8790
0.8800
0.8850
0.8890
0.8660
0.8810
0.8638
0.8890
0.8850
0.8690
0.8730
0.8700
0.8790
0.8640
0.8940
0.8870
0.8612
0.8880
0.8750
0.8730
0.8780
0.8762
0.8740
0.8760
0.8680
0.8830
0.8925
0.8680
0.8630
0.8990
0.8830
0.8775
0.8710
0.8880
0.8750
0.8720
0.8862
0.8770
0.8990
0.8820
0.8650
0.8662
0.8770
0.8780
0.8720
0.8870
0.8775
0.8880
0.8940
0.8650
0.8660
0.8788
0.8930
0.8780
0.8900
0.8590
0.8700
0.8750
0.8940
0.8820
0.8740
0.8638
0.8590
0.8900
0.8750
0.8800
0.8912
0.8960
0.8840
0.8710
0.8670
0.8738
0.8830
0.8590
0.8740
0.8910
0.8875
0.8690
0.8770
0.8800
0.8870
0.8825
0.8750
0.8720
0.8900
0.8720
0.8875
0.8650
0.8820
0.8870
0.8720
0.8912
0.8840
0.8850
0.8780
0.8800
0.8650
0.8710
0.8810
0.8870
0.8790
0.8750
0.8890
0.8720
0.8790
0.8730
0.8812
0.8750
0.8660
0.8880
0.8850
0.8800
0.8830
0.8730
0.8820
0.8700
0.8888
0.8780
0.8720
0.8740
0.8890
0.8838
0.8900
0.8850
0.8690
0.8780
0.8738
0.8760
0.8730
0.8790
0.8890
0.8800
0.8760
0.8740
0.8810
0.8800
0.8888
0.8750
0.8780
0.8770
0.8830
0.8862
0.8770
0.8790
0.8700
0.8950
0.8762
0.8960
0.8760
0.8640
0.8880
0.8725
0.8540
0.8930
0.8780
0.8870
0.8888
0.8990
0.8820
0.8640
0.8670
0.8900
0.8970
0.8660
0.8810
0.8720
0.8850
0.8830
0.8930
0.8700
0.8850
0.8662
0.8830
0.8800
0.8770
0.8790
0.8825
0.8960
0.8790
0.8910
0.8780
0.8525
0.8820
0.8790
0.8690
0.8920
0.8800
0.8760
0.8760
0.8900
0.8830
0.8762
0.8900
0.8770
0.8630
0.8880
0.8850
0.8700
0.8880
0.8870
0.8830
0.8725
0.8920
0.8870
0.8750
0.8710
0.8762
0.8770
0.8980
0.8680
0.8880
0.8688
0.8800
0.8920
0.8880
0.8720
0.8675
0.8680
0.8710
0.8710
0.9040
0.8900
0.8830
0.8850
0.8800
0.8710
0.8850
0.8800
0.8850
0.8930
0.8680
0.8762
0.8890
0.8810
0.8810
0.8640
0.8912
0.8830
0.8810
0.8630
0.8840
0.8962
0.8690
0.8850
0.8770
0.8850
0.8912
0.8750
0.8890
0.8660
0.8880
0.8900
0.8770
0.8860
0.8690
0.8990
0.8738
0.8840
0.8760
0.8790
0.8950
0.8700
0.8790
0.8850
0.8660
0.8830
0.8962
0.8850
0.8880
0.8930
0.8660
0.8725
0.8740
0.8780
0.8820
0.8790
0.8962
0.8950
0.8760
0.8880
0.8800
0.8638
0.8750
0.8870
0.8910
0.8800
0.8712
0.8910
0.8840
0.8740
0.8870
0.8675
0.8680
0.8940
0.8760
0.8860
0.8825
0.8940
0.8780
0.8620
0.8900
0.8825
0.8720
0.8900
0.8720
0.8690
0.9087
0.8710
0.8960
0.8960
0.8550
0.8900
0.8870
0.8910
0.8840
0.8760
0.8650
0.8790
0.8660
0.8910
0.8900
0.8800
0.8860
0.8890
0.8700
0.8800
0.8812
0.8820
0.8780
0.8920
0.8640
0.8925
0.8700
0.8870
0.8850
0.8830
0.8812
0.8790
0.8810
0.8740
0.8930
0.8775
0.8800
0.8800
0.8840
0.8880
0.8725
0.8840
0.8640
0.8840
0.8880
0.8862
0.8890
0.8840
0.8810
0.8780
0.8712
0.8760
0.8880
0.8820
0.8790
0.8800
0.8900
0.8700
0.8750
0.8830
0.8888
0.8880
0.8660
0.8770
0.8920
0.8825
0.8800
0.8770
0.8750
0.8900
0.8838
0.8900
0.8760
0.8710
0.8960
0.8712
0.8820
0.8920
0.8780
0.8660
0.8900
0.8810
0.8720
0.8950
0.8710
0.8888
0.8750
0.8720
0.8820
0.9040
0.8712
0.8700
0.8690
0.8840
0.8880
0.8988
0.8910
0.8740
0.8790
0.8870
0.8738
0.8900
0.8660
0.8980
0.8820
0.8675
0.8770
0.8760
0.8930
0.8680
0.8950
0.8750
0.8930
0.8860
0.8770
0.8738
0.8760
0.8810
0.8940
0.8870
0.8650
0.8860
0.8830
0.8890
0.8700
0.8775
0.8920
0.8670
0.8790
0.8860
0.8825
0.8820
0.8700
0.8660
0.9020
0.8875
0.8950
0.8840
0.8730
0.8830
0.8688
0.8690
0.8840
0.8800
0.8800
0.8975
0.9070
0.8650
0.8790
0.8930
0.8588
0.8840
0.8750
0.8850
0.8790
0.8850
0.8860
0.8770
0.8830
0.8730
0.8900
0.8720
0.8960
0.8710
0.8780
0.8925
0.8810
0.8890
0.8770
0.8840
0.8750
0.8810
0.8690
0.8910
0.8910
0.8750
0.8970
0.8870
0.8930
0.8680
0.8588
0.8810
0.8890
0.8810
0.8860
0.8675
0.8870
0.8900
0.8840
0.8830
0.8588
0.8910
0.8770
0.8870
0.8820
0.8675
0.8920
0.8770
0.8730
0.8820
0.8838
0.8660
0.8850
0.8930
0.8820
0.8812
0.8930
0.8770
0.8860
0.8790
0.8700
0.8580
0.8850
0.8840
0.8910
0.8912
0.8810
0.8710
0.8830
0.8920
0.8800
0.8870
0.8790
0.8780
0.8840
0.8788
0.8690
0.8910
0.8910
0.8810
0.8738
0.8790
0.8780
0.8750
0.8920
0.8838
0.8760
0.8950
0.8840
0.8700
0.8825
0.8720
0.8860
0.8840
0.8850
0.8788
0.8850
0.8960
0.8740
0.8670
0.8850
0.8740
0.8980
0.8790
0.8850
0.8688
0.8830
0.8850
0.8860
0.8840
0.8662
0.8790
0.8840
0.8930
0.8720
0.8788
0.8880
0.8740
0.8770
0.8810
0.8888
0.8760
0.8750
0.8790
0.8900
0.8888
0.8740
0.8890
0.8790
0.8840
0.8838
0.8880
0.8820
0.8890
0.8830
0.8650
0.8770
0.8860
0.8850
0.8770
0.8862
0.8810
0.8740
0.8940
0.8750
0.8875
0.8870
0.8860
0.8760
0.8730
0.8900
0.8850
0.8910
0.8700
0.8870
0.8762
0.8940
0.8630
0.8830
0.8820
0.8900
0.8850
0.8920
0.8750
0.8790
0.8788
0.8910
0.8790
0.8800
0.8770
0.8838
0.8870
0.8750
0.8920
0.8970
0.8538
0.8830
0.8810
0.8880
0.8780
0.8800
0.8820
0.8760
0.8810
0.8800
0.8938
0.8880
0.8930
0.8960
0.8590
0.8725
0.8740
0.8970
0.8610
0.9000
0.8775
0.8820
0.8910
0.8760
0.8810
0.8800
0.8810
0.8820
0.8770
0.8810
0.8912
0.8900
0.8790
0.8750
0.8850
0.8800
0.8940
0.8830
0.8830
0.8720
0.8762
0.8780
0.8890
0.8920
0.8830
0.8638
0.8780
0.8760
0.8750
0.8730
0.9137
0.8700
0.8790
0.8910
0.8920
0.8775
0.8650
0.9000
0.8730
0.8860
0.8862
0.8770
0.8870
0.8760
0.8850
0.8850
0.8870
0.8770
0.8910
0.8880
0.8650
0.8780
0.8840
0.8880
0.8710
0.8925
0.8850
0.8820
0.8810
0.8700
0.8950
0.8830
0.8810
0.8710
0.8950
0.8800
0.8900
0.8700
0.8840
0.8700
0.9000
0.8790
0.8700
0.8810
0.8930
0.8888
0.8790
0.8820
0.8990
0.8710
0.8788
0.8810
0.8810
0.8890
0.8770
0.8825
0.8850
0.8720
0.8880
0.8830
0.8838
0.8930
0.8840
0.8770
0.8840
0.8712
0.8850
0.8870
0.8970
0.8730
0.8662
0.8860
0.9020
0.8880
0.8680
0.8638
0.8950
0.8820
0.8690
0.8730
0.8950
0.8690
0.8780
0.8990
0.8840
0.8812
0.8830
0.8770
0.8800
0.8940
0.8775
0.8880
0.8800
0.8770
0.8820
0.8850
0.8880
0.8810
0.8840
0.8840
0.8725
0.8710
0.8800
0.8730
0.8950
0.8950
0.8810
0.8890
0.8790
0.8830
0.8788
0.8770
0.8900
0.8870
0.8800
0.8762
0.8920
0.8870
0.8870
0.8730
0.8712
0.8840
0.8810
0.8900
0.8800
0.8762
0.8830
0.8630
0.8810
0.8920
0.8962
0.8820
0.8770
0.9010
0.8790
0.8712
0.8710
0.8640
0.8990
0.8840
0.8975
0.8970
0.8620
0.8920
0.8740
0.8900
0.8940
0.8730
0.8780
0.8890
0.8788
0.8690
0.8870
0.8930
0.8880
0.8750
0.8890
0.8680
0.9020
0.8750
0.8812
0.8790
0.8720
0.8910
0.8870
0.8875
0.8800
0.8840
0.8810
0.8840
0.8875
0.8800
0.8650
0.8830
0.8890
0.9025
0.8740
0.8890
0.8770
0.8900
0.8862
0.8810
0.8910
0.8820
0.9040
0.8512
0.8690
0.8920
0.8750
0.8970
0.8825
0.8750
0.8880
0.8900
0.8730
0.8912
0.8840
0.8750
0.8800
0.8870
0.8912
0.8890
0.8840
0.8770
0.8760
0.8912
0.8770
0.8770
0.8650
0.9040
0.8950
0.8720
0.8900
0.8820
0.8860
0.8862
0.8810
0.8910
0.8920
0.8750
0.8750
0.8850
0.8810
0.8880
0.8960
0.8612
0.8880
0.8710
0.8820
0.8890
0.8875
0.8820
0.8720
0.8820
0.8890
0.8938
0.8820
0.8870
0.8840
0.8780
0.8862
0.8710
0.8920
0.9010
0.8650
0.8888
0.8750
0.8910
0.8880
0.8880
0.8725
0.8850
0.8710
0.8720
0.8980
0.8925
0.9000
0.8670
0.8820
0.8810
0.8875
0.8890
0.8770
0.8990
0.8610
0.8925
0.8800
0.8840
0.8830
0.8870
0.8825
0.8880
0.8830
0.8790
0.8670
0.9050
0.8830
0.8900
0.8840
0.8810
0.8788
0.8930
0.8820
0.8920
0.8690
0.8812
0.8790
0.9010
0.8850
0.8750
0.8762
0.8810
0.8660
0.8950
0.8850
0.8925
0.8800
0.8810
0.8800
0.8880
0.8900
0.8700
0.8810
0.8820
0.9000
0.8850
0.8860
0.8800
0.8930
0.8710
0.8888
0.8870
0.8690
0.8920
0.8920
0.8775
0.8760
0.8860
0.8930
0.8710
0.8950
0.8880
0.8880
0.8710
0.8890
0.8825
0.8900
0.8720
0.8870
0.8940
0.8738
0.8840
0.8920
0.8710
0.8860
0.8862
0.8900
0.8810
0.8820
0.8910
0.8725
0.8850
0.8820
0.8910
0.8720
0.8900
0.8890
0.9000
0.8830
0.8730
0.8712
0.8830
0.8810
0.8890
0.8820
0.8850
0.8810
0.8840
0.8820
0.8830
0.8912
0.8660
0.8850
0.8890
0.8880
0.8938
0.8890
0.8780
0.8950
0.8820
0.8750
0.8800
0.8730
0.8970
0.9010
0.8662
0.8800
0.8980
0.8830
0.8870
0.8700
0.8650
0.9020
0.8990
0.8780
0.8750
0.8880
0.8740
0.8740
0.8990
0.8862
0.8970
0.8780
0.8740
0.8830
0.8900
0.8820
0.8860
0.8770
0.8970
0.8775
0.8830
0.8920
0.8750
0.8880
0.8825
0.9060
0.8760
0.8800
0.8880
0.8675
0.8730
0.8790
0.8950
0.8830
0.8925
0.8740
0.8760
0.8940
0.8840
0.8950
0.8960
0.8760
0.8860
0.8770
0.8862
0.8800
0.8860
0.8820
0.8780
0.8975
0.8910
0.8720
0.9020
0.8810
0.8725
0.8790
0.8800
0.8980
0.8830
0.8800
0.8940
0.8820
0.8830
0.8880
0.8700
0.8800
0.8690
0.8900
0.8920
0.8900
0.8830
0.8840
0.8900
0.8830
0.8788
0.8740
0.8930
0.8740
0.9000
0.8800
0.8900
0.8970
0.8910
0.8770
0.8625
0.8840
0.8760
0.8720
0.9010
0.8900
0.8840
0.8880
0.8970
0.8700
0.8838
0.8780
0.8920
0.8850
0.8820
0.8862
0.8950
0.8910
0.8710
0.8890
0.8762
0.8960
0.8880
0.8820
0.8770
0.8812
0.8890
0.8930
0.8900
0.8840
0.8662
0.8960
0.8850
0.8820
0.8870
0.8738
0.8870
0.8790
0.8910
0.8850
0.8838
0.8850
0.8800
0.8850
0.8960
0.8788
0.8890
0.8850
0.8780
0.8910
0.8838
0.8870
0.8850
0.8840
0.8880
0.8812
0.8680
0.8930
0.8940
0.8930
0.8762
0.8700
0.8820
0.8920
0.8860
0.8988
0.8760
0.8840
0.9070
0.8770
0.8812
0.8870
0.8950
0.8830
0.8800
0.8800
0.8740
0.8850
0.8870
0.8900
0.8912
0.8910
0.8820
0.8870
0.8980
0.8638
0.8930
0.8890
0.8760
0.8750
0.8950
0.8720
0.8980
0.8950
0.8770
0.8838
0.9010
0.8680
0.8760
0.8870
0.8962
0.8630
0.8840
0.8990
0.8840
0.8988
0.8770
0.8880
0.8960
0.8850
0.8788
0.8740
0.8810
0.8930
0.8840
0.8975
0.8950
0.8840
0.8790
0.8820
0.8875
0.8810
0.8950
0.9000
0.8750
0.8725
0.8780
0.8850
0.8870
0.8910
0.8850
0.8820
0.8960
0.8870
0.8700
0.8925
0.9070
0.8680
0.8770
0.8950
0.8775
0.9010
0.8810
0.8820
0.8730
0.8900
0.8730
0.8900
0.8850
0.8970
0.8812
0.8810
0.8960
0.8650
0.8930
0.8938
0.9010
0.8970
0.8740
0.8820
0.8688
0.8830
0.8880
0.8920
0.8780
0.8850
0.8860
0.8860
0.8810
0.8870
0.8862
0.8910
0.8830
0.8850
0.8960
0.8688
0.8820
0.8890
0.8890
0.8750
0.8938
0.8830
0.8870
0.8930
0.8780
0.8862
0.8890
0.8890
0.8790
0.8870
0.8825
0.8820
0.8890
0.8860
0.8850
0.8850
0.9000
0.8780
0.8810
0.8740
0.8962
0.8950
0.8920
0.8890
0.8800
0.8688
0.8800
0.8980
0.8870
0.8920
0.8675
0.8880
0.8810
0.8790
0.8790
0.9050
0.8820
0.8940
0.8790
0.8870
0.8862
0.8890
0.8790
0.8840
0.8920
0.8838
0.8780
0.8890
0.8970
0.8770
0.8875
0.8860
0.8920
0.8810
0.8910
0.8762
0.8870
0.8780
0.8810
0.8930
0.8900
0.8890
0.8940
0.8880
0.8680
0.8900
0.8910
0.8900
0.8680
0.8900
0.8900
0.8820
0.8830
0.8830
0.8880
0.8938
0.8890
0.8940
0.8840
0.8820
0.8775
0.8910
0.8860
0.8970
0.8780
0.8750
0.8910
0.8770
0.8920
0.8870
0.8812
0.8810
0.8810
0.8970
0.8840
0.8862
0.8890
0.8920
0.8750
0.8910
0.8838
0.8690
0.8840
0.9010
0.8870
0.8912
0.8650
0.8940
0.9060
0.8830
0.8825
0.8780
0.9000
0.8930
0.8790
0.8800
0.8890
0.8760
0.8810
0.8950
0.8900
0.8810
0.8900
0.8830
0.8790
0.9000
0.8770
0.8870
0.9000
0.8860
0.8788
0.8840
0.8920
0.8740
0.8900
0.8912
0.8690
0.9040
0.8880
0.8860
0.8825
0.8820
0.9090
0.8770
0.8800
0.8825
0.8770
0.8940
0.8850
0.8700
0.9100
0.8770
0.8840
0.8910
0.8960
0.8825
0.8880
0.9010
0.8760
0.8910
0.8725
0.8880
0.8770
0.9010
0.8790
0.8862
0.8900
0.8930
0.8810
0.8810
0.8862
0.8920
0.8970
0.8740
0.8700
0.9012
0.8960
0.8690
0.8840
0.8930
0.8900
0.8940
0.8850
0.8780
0.8980
0.8738
0.8790
0.8760
0.8860
0.9020
0.8888
0.8690
0.8970
0.8980
0.8870
0.8788
0.8890
0.8890
0.8900
0.8860
0.8762
0.8870
0.8720
0.8840
0.9020
0.8875
0.8930
0.8900
0.8830
0.8770
0.8900
0.8810
0.8860
0.8760
0.8910
0.9012
0.9070
0.8780
0.8740
0.8920
0.8800
0.8850
0.8710
0.8960
0.8910
0.8912
0.8870
0.8850
0.8900
0.8900
0.8800
0.8840
0.8810
0.8870
0.8930
0.8888
0.8840
0.8930
0.8860
0.8650
0.9100
0.9030
0.8860
0.8900
0.8800
0.8712
0.8790
0.8930
0.9010
0.8790
0.8800
0.8610
0.9090
0.8810
0.8980
0.8838
0.8750
0.8870
0.8920
0.8850
0.8975
0.8830
0.8870
0.8900
0.8960
0.8762
0.9010
0.8930
0.8600
0.8890
0.8925
0.8880
0.8830
0.8860
0.8900
0.8862
0.9070
0.8970
0.8780
0.8810
0.8662
0.8910
0.8820
0.8940
0.8710
0.8988
0.9020
0.8760
0.8980
0.8850
0.8712
0.8980
0.8720
0.8750
0.8990
0.8925
0.8750
0.8850
0.8970
0.8790
0.9025
0.8740
0.8970
0.9000
0.8750
0.8900
0.8760
0.8870
0.8970
0.8940
0.8800
0.8840
0.8960
0.8880
0.8790
0.8900
0.8980
0.8850
0.8920
0.8830
0.8762
0.8950
0.8780
0.8780
0.8960
0.8900
0.8960
0.8830
0.8830
0.8840
0.8912
0.8800
0.8940
0.8950
0.8740
0.8950
0.8810
0.8820
0.8910
0.8870
0.8975
0.8910
0.9000
0.8780
0.8910
0.8738
0.8780
0.8920
0.8790
0.8930
0.8962
0.8880
0.8880
0.8920
0.8820
0.8862
0.8990
0.8910
0.8710
0.8860
0.8912
0.8850
0.8850
0.8930
0.9010
0.8700
0.8870
0.8840
0.8940
0.8800
0.8938
0.8990
0.8850
0.8830
0.8890
0.8800
0.9000
0.8900
0.8960
0.8680
0.8825
0.8840
0.8830
0.8890
0.8940
0.8888
0.9020
0.8700
0.8930
0.8800
0.8950
0.8930
0.8760
0.9040
0.8820
0.8825
0.8960
0.8900
0.8730
0.8850
0.8962
0.8750
0.9000
0.8830
0.8840
0.8988
0.8750
0.8830
0.9010
0.8840
0.8988
0.8820
0.8890
0.8870
0.8890
0.8925
0.8710
0.8810
0.8930
0.8930
0.9062
0.8840
0.8790
0.8920
0.8980
0.8888
0.8970
0.8780
0.8920
0.8860
0.8888
0.8850
0.8800
0.8910
0.8890
0.8975
0.8840
0.8850
0.8980
0.8790
0.8975
0.8860
0.8980
0.8810
0.8930
0.8825
0.8880
0.8990
0.8970
0.8840
0.8700
0.8900
0.9020
0.8870
0.8900
0.8688
0.8910
0.9010
0.8790
0.8870
0.8825
0.9020
0.8720
0.8870
0.8880
0.8950
0.8790
0.8880
0.8830
0.8870
0.9100
0.8910
0.8770
0.8920
0.8830
0.9025
0.8820
0.8970
0.8940
0.8830
0.8862
0.8910
0.8980
0.8890
0.8730
0.8925
0.8870
0.8980
0.8850
0.8960
0.8738
0.8840
0.8850
0.8980
0.8960
0.8775
0.8750
0.8890
0.8910
0.8930
0.8962
0.8860
0.8880
0.8890
0.8830
0.8988
0.8910
0.8850
0.8890
0.8890
0.8888
0.9010
0.8890
0.8880
0.8890
0.8725
0.8940
0.8880
0.8850
0.8950
0.8788
0.8960
0.8890
0.8850
0.8850
0.8875
0.9030
0.8910
0.8690
0.8950
0.8838
0.8840
0.8940
0.8930
0.8940
0.8750
0.8860
0.8990
0.8970
0.8890
0.8675
0.8960
0.8880
0.8870
0.8800
0.8925
0.8860
0.9040
0.8810
0.8900
0.8788
0.8900
0.8760
0.8860
0.9000
0.8900
0.8770
0.9020
0.9000
0.8900
0.8700
0.8940
0.8940
0.8910
0.8820
0.8800
0.8940
0.8820
0.8790
0.8970
0.8912
0.8890
0.8860
0.8910
0.8950
0.8800
0.9020
0.8800
0.8870
0.8790
0.8975
0.9010
0.8940
0.8770
0.8860
0.8862
0.8870
0.8740
0.8910
0.8930
0.9025
0.8890
0.8850
0.8850
0.9000
0.8850
0.8840
0.8980
0.8880
0.8980
0.8738
0.8790
0.8880
0.8820
0.8920
0.9075
0.9010
0.8910
0.8900
0.8840
0.8762
0.8970
0.8920
0.9010
0.8840
0.8662
0.8800
0.8920
0.9050
0.8760
0.8925
0.8900
0.8950
0.8820
0.8880
0.8900
0.8820
0.8890
0.8890
0.8830
0.9050
0.8860
0.8690
0.8910
0.9000
0.9012
0.8860
0.8870
0.8820
0.8920
0.9000
0.8890
0.8900
0.8960
0.8820
0.8875
0.8850
0.8930
0.8870
0.9040
0.8725
0.8720
0.8930
0.8930
0.9000
0.8862
0.8710
0.9000
0.8840
0.8900
0.9025
0.8860
0.8870
0.8910
0.8900
0.8925
0.9060
0.8830
0.8890
0.8850
0.8812
0.8990
0.8890
0.8870
0.8810
0.8900
0.8850
0.8970
0.8860
0.8880
0.8900
0.8990
0.8850
0.8750
0.8910
0.8975
0.8810
0.8980
0.8860
0.8760
0.9087
0.8870
0.8880
0.9010
0.8930
0.8738
0.8910
0.8910
0.8730
0.8860
0.9087
0.8780
0.8760
0.8960
0.8910
0.9087
0.8770
0.8890
0.8930
0.8830
0.9075
0.8890
0.8860
0.8720
0.9040
0.8962
0.8790
0.8930
0.9110
0.8780
0.8838
0.8860
0.9000
0.8800
0.8940
0.8850
0.8880
0.8940
0.8870
0.8900
0.8850
0.9020
0.8950
0.8830
0.8810
0.8825
0.8910
0.8890
0.8780
0.8910
0.8975
0.8970
0.8860
0.8860
0.8930
0.8812
0.8730
0.9010
0.8960
0.8830
0.8925
0.8890
0.8950
0.8780
0.8970
0.8850
0.8980
0.8820
0.8830
0.9000
0.8800
0.8830
0.8760
0.9000
0.8990
0.8875
0.8840
0.8970
0.8800
0.9010
0.8825
0.8900
0.9000
0.8760
0.8920
0.8875
0.8910
0.9030
0.8950
0.8640
0.8938
0.8740
0.8850
0.9020
0.8850
0.9025
0.9040
0.8750
0.8830
0.8980
0.8862
0.8810
0.8770
0.8810
0.9030
0.9087
0.8890
0.9060
0.8740
0.8920
0.8850
0.8930
0.8880
0.8840
0.8910
0.8912
0.8990
0.8900
0.8880
0.8810
0.8888
0.8870
0.8800
0.8860
0.8930
0.9038
0.8910
0.8700
0.8970
0.9040
0.8850
0.8970
0.8850
0.8790
0.8820
0.9087
0.8850
0.8940
0.8930
0.8830
0.8938
0.8960
0.8910
0.8940
0.8930
0.8688
0.8950
0.8890
0.8960
0.8830
0.8838
0.8900
0.8830
0.8880
0.8860
0.9038
0.8940
0.8830
0.8810
0.8850
0.9087
0.8890
0.8940
0.8800
0.8850
0.9025
0.8800
0.8990
0.8920
0.8990
0.8750
0.8860
0.8770
0.9030
0.8880
0.8950
0.8920
0.8920
0.8970
0.8860
0.8788
0.9000
0.8770
0.9010
0.8860
0.8825
0.8780
0.8980
0.8950
0.8890
0.8875
0.9060
0.8670
0.8980
0.8830
0.8950
0.8920
0.8910
0.9010
0.8870
0.8738
0.9010
0.8780
0.8720
0.8980
0.9012
0.9000
0.8880
0.9090
0.8780
0.8688
0.8840
0.8820
0.9000
0.8990
0.8812
0.8690
0.8970
0.8870
0.8940
0.9038
0.9000
0.8940
0.8800
0.8820
0.8925
0.8670
0.8950
0.8850
0.9060
0.8962
0.8920
0.8920
0.8920
0.8800
0.8925
0.8840
0.8880
0.9100
0.8850
0.8788
0.8900
0.8840
0.8660
0.9010
0.9113
0.8940
0.9040
0.8680
0.8990
0.8812
0.9020
0.8950
0.8850
0.8860
0.8775
0.8830
0.9010
0.8880
0.8810
0.8962
0.8710
0.9000
0.8970
0.8930
0.8875
0.8950
0.8770
0.9080
0.8800
0.8888
0.9030
0.8780
0.8850
0.8930
0.8900
0.8760
0.8910
0.8920
0.9030
0.8862
0.8880
0.8840
0.8970
0.8800
0.9025
0.8970
0.8980
0.8760
0.8740
0.9062
0.8860
0.8760
0.8990
0.8940
0.8962
0.8980
0.9010
0.8820
0.8830
0.8850
0.8770
0.9040
0.9000
0.8870
0.8788
0.8960
0.8870
0.8870
0.8840
0.8962
0.8980
0.8950
0.8880
0.9030
0.8588
0.8960
0.8890
0.8730
0.8980
0.8938
0.8790
0.8920
0.8980
0.8970
0.8812
0.8760
0.8860
0.8830
0.9040
0.9025
0.8940
0.8860
0.8850
0.8920
0.8925
0.8980
0.8920
0.8820
0.8860
0.8925
0.8810
0.8970
0.9050
0.8860
0.8788
0.8970
0.9000
0.8820
0.9070
0.8575
0.8830
0.8850
0.8810
0.9070
0.8950
0.8860
0.8850
0.8980
0.8860
0.8975
0.9080
0.8810
0.8940
0.8810
0.8862
0.8860
0.8890
0.8850
0.8970
0.8962
0.8910
0.8780
0.9020
0.8930
0.8875
0.8930
0.8790
0.8990
0.8970
0.8825
0.8960
0.8990
0.8810
0.8910
0.8838
0.8880
0.8890
0.8990
0.8950
0.8800
0.8910
0.9060
0.8850
0.8840
0.8862
0.8810
0.8800
0.8940
0.9080
0.8900
0.8910
0.8970
0.8940
0.8980
0.8688
0.8840
0.8880
0.8930
0.9080
0.8762
0.8960
0.8920
0.8790
0.8970
0.8862
0.8850
0.9060
0.8900
0.8740
0.8975
0.8890
0.8880
0.8990
0.8800
0.8962
0.8840
0.8800
0.8930
0.8940
0.9025
0.8890
0.8870
0.8900
0.8960
0.8888
0.8680
0.9030
0.8900
0.9000
0.8900
0.8820
0.9000
0.8870
0.8980
0.8838
0.8980
0.8690
0.8760
0.9030
0.9100
0.8880
0.8920
0.8970
0.8750
0.9025
0.8890
0.8940
0.8890
0.8960
0.8838
0.8750
0.9130
0.9040
0.8890
0.8675
0.8950
0.9020
0.8790
0.8810
0.8988
0.8790
0.9020
0.8920
0.8810
0.9025
0.8810
0.8960
0.8930
0.9080
0.8725
0.8960
0.8740
0.9050
0.8910
0.8875
0.8960
0.8910
0.8880
0.8990
0.8775
0.8770
0.8960
0.9030
0.8820
0.8975
0.8910
0.8810
0.8940
0.8860
0.9050
0.8890
0.8890
0.8900
0.8900
0.8962
0.8860
0.8970
0.8990
0.8730
0.9012
0.8760
0.8960
0.8950
0.8930
0.8950
0.8930
0.8890
0.8880
0.8860
0.9000
0.8980
0.9130
0.8810
0.8830
0.8750
0.8910
0.8920
0.8920
0.8920
0.8850
0.9040
0.8870
0.8820
0.8900
0.8900
0.9020
0.8890
0.8730
0.8930
0.8975
0.8980
0.8880
0.8770
0.8910
0.9025
0.8970
0.8860
0.8850
0.8970
0.8888
0.8940
0.8890
0.8960
0.8740
0.9038
0.8880
0.8900
0.9030
0.8900
0.8812
0.8960
0.8870
0.8980
0.8890
0.8825
0.8860
0.8960
0.8860
0.9030
0.8812
0.8870
0.9020
0.8830
0.8860
0.8975
0.8840
0.9010
0.8970
0.8970
0.8712
0.8920
0.8830
0.8860
0.8980
0.8962
0.8920
0.8930
0.8880
0.9000
0.8788
0.8820
0.8820
0.9000
0.9060
0.8825
0.8820
0.8960
0.8920
0.8900
0.8950
0.9000
0.8910
0.8810
0.9020
0.8775
0.8890
0.8930
0.8780
0.9010
0.8938
0.8820
0.8980
0.9090
0.8860
0.8762
0.8950
0.8980
0.8840
0.9020
0.8712
0.8980
0.8950
0.9030
0.8730
0.8850
0.8870
0.8910
0.9020
0.8720
0.9062
0.8870
0.8780
0.9070
0.9040
0.8762
0.9010
0.8900
0.9050
0.8710
0.8875
0.8970
0.8850
0.8900
0.8960
0.8862
0.8900
0.8970
0.8980
0.8840
0.8850
0.8850
0.9070
0.8980
0.8820
0.8812
0.8810
0.8900
0.9060
0.8890
0.8888
0.8990
0.8850
0.9060
0.8780
0.8862
0.8920
0.8920
0.8930
0.8890
0.8888
0.8880
0.8900
0.8940
0.8930
0.8900
0.8770
0.8940
0.8780
0.8990
0.9100
0.8970
0.8970
0.8880
0.8770
0.8962
0.8910
0.8880
0.8940
0.8990
0.8800
0.8890
0.8880
0.8950
0.8900
0.8925
0.9000
0.9010
0.8820
0.8810
0.8900
0.9050
0.8830
0.8910
0.8820
0.8950
0.8870
0.9010
0.8930
0.8930
0.8788
0.8790
0.9040
0.8980
0.8800
0.8950
0.8940
0.8970
0.8830
0.8910
0.8900
0.8830
0.8860
0.8850
0.9030
0.9000
0.8880
0.8910
0.9040
0.8900
0.8800
0.8860
0.8690
0.8930
0.9130
0.8950
0.8790
0.9040
0.8980
0.8920
0.8800
0.8880
0.9110
0.8840
0.8870
0.8838
0.8910
0.8910
0.8910
0.8920
0.8900
0.8950
0.8900
0.8810
0.8860
0.9062
0.9020
0.8630
0.8960
0.8970
0.8988
0.8760
0.9030
0.9020
0.8870
0.8862
0.8940
0.9010
0.8830
0.8860
0.8925
0.8990
0.8880
0.8780
0.9010
0.8900
0.8980
0.8910
0.8820
0.8730
0.9175
0.8820
0.8930
0.8850
0.8980
0.9012
0.8910
0.8870
0.8900
0.8880
0.9038
0.8830
0.8880
0.9090
0.8810
0.8975
0.8770
0.8920
0.8820
0.8890
0.9225
0.8860
0.8810
0.8880
0.8990
0.9050
0.8970
0.8890
0.9000
0.8760
0.8950
0.8860
0.8940
0.8740
0.9080
0.8950
0.8930
0.8870
0.8950
0.8870
0.8950
0.8940
0.8910
0.8920
0.8800
0.9012
0.8780
0.8980
0.8930
0.8960
0.8925
0.8810
0.8990
0.8950
0.8810
0.9038
0.8920
0.8880
0.8960
0.8840
0.8988
0.8860
0.9050
0.8930
0.8850
0.8875
0.8910
0.8770
0.8840
0.9090
0.8975
0.8830
0.9010
0.8840
0.8870
0.9050
0.8910
0.8940
0.8950
0.8920
0.8838
0.9030
0.8840
0.8740
0.9010
0.8962
0.8830
0.8930
0.8950
0.8870
0.9012
0.8890
0.9070
0.8790
0.8950
0.8862
0.8990
0.8780
0.8830
0.9140
0.8812
0.8940
0.9040
0.8880
0.8870
0.8825
0.9080
0.8890
0.8880
0.8830
0.8888
0.8800
0.8970
0.8910
0.8960
0.8938
0.8930
0.8840
0.8910
0.8900
0.9012
0.8940
0.8940
0.9000
0.8810
0.8875
0.8880
0.8890
0.9010
0.8800
0.9012
0.8830
0.8890
0.8990
0.9030
0.8812
0.8950
0.8710
0.9040
0.8940
0.8938
0.8960
0.8880
0.8650
0.9110
0.8988
0.8860
0.8940
0.8880
0.8940
0.8962
0.8940
0.8880
0.8880
0.8910
0.8988
0.9020
0.8950
0.8880
0.8820
0.8912
0.8870
0.8790
0.8920
0.8970
0.9062
0.9090
0.8860
0.8980
0.8830
0.8800
0.8970
0.8930
0.8910
0.8910
0.8850
0.8990
0.8930
0.8950
0.8810
0.8900
0.9070
0.8950
0.8900
0.8810
0.8838
0.8730
0.9030
0.8910
0.8950
0.8975
0.8970
0.8860
0.8960
0.8760
0.9062
0.9000
0.8770
0.8870
0.9060
0.8875
0.8890
0.8960
0.8970
0.8810
0.8962
0.9040
0.8880
0.8970
0.8850
0.8825
0.8940
0.8850
0.8920
0.8920
0.8962
0.8910
0.9020
0.8870
0.8970
0.8788
0.9000
0.8900
0.9000
0.8930
0.8712
0.8960
0.8890
0.8870
0.8820
0.9075
0.8890
0.8940
0.8900
0.8890
0.8988
0.8880
0.9040
0.8890
0.8890
0.8888
0.8970
0.8940
0.8940
0.8890
0.8838
0.8930
0.8920
0.8880
0.9040
0.8800
0.8910
0.8980
0.8930
0.8850
0.8925
0.8800
0.9060
0.9040
0.8780
0.8912
0.8900
0.8930
0.8920
0.9020
0.8800
0.8940
0.8930
0.8900
0.9010
0.8788
0.8950
0.8780
0.8900
0.8990
0.8988
0.8810
0.9080
0.8880
0.8980
0.8812
0.8860
0.8900
0.9020
0.9020
0.8762
0.8890
0.8980
0.8990
0.8750
0.9012
0.8970
0.8850
0.8920
0.8820
0.9062
0.8970
0.8900
0.8970
0.8740
0.9062
0.9040
0.8840
0.8840
0.8870
0.9050
0.8800
0.8990
0.8830
0.8940
0.9087
0.9070
0.9010
0.8840
0.8840
0.8838
0.8950
0.8990
0.8810
0.8950
0.8912
0.9000
0.8770
0.9000
0.8880
0.8975
0.8910
0.8870
0.8920
0.8930
0.8988
