0.5612
0.6237
0.4617
0.5341
0.4743
0.5234
0.4498
0.4365
0.4393
0.4791
0.4427
0.5560
0.4704
0.4640
0.3795
0.4883
0.5157
0.4707
0.5165
0.4484
0.4932
0.4991
0.6093
0.5006
0.5724
0.3854
0.4370
0.4833
0.4971
0.5173
0.4462
0.4502
0.4798
0.4301
0.4932
0.4532
0.4694
0.3936
0.4406
0.4217
0.4524
0.4461
0.4366
0.4810
0.4311
0.4360
0.5054
0.4289
0.4473
0.4878
0.4383
0.4991
0.4359
0.4990
0.4458
0.5038
0.4574
0.4442
0.4710
0.4632
0.5035
0.5381
0.4525
0.4881
0.4312
0.5143
0.4919
0.4556
0.4715
0.5211
0.4216
0.4624
0.4288
0.4007
0.5328
