1.8480
1.9534
2.0340
2.1379
2.2076
2.1639
1.9501
2.1589
1.9117
2.0020
2.0814
1.9109
1.9520
1.7877
2.0315
1.9899
2.1974
2.1034
1.8485
2.1605
1.9706
2.0540
1.8947
2.1048
1.5123
2.0554
1.6469
1.9624
1.7142
1.8789
2.2959
2.2367
2.2348
2.1717
1.6454
2.0845
2.2241
1.8737
1.7884
2.1082
2.3516
2.3883
1.8120
2.3192
2.3935
1.8747
2.5825
1.9675
2.2815
3.1230
1.9075
2.0684
1.9844
2.2164
2.5985
1.9843
1.9478
2.0574
2.2111
2.4702
2.2925
2.6998
2.4928
2.3136
2.3034
2.8747
2.0985
3.0825
2.2518
3.0851
2.1962
3.0827
2.6089
3.5063
3.5387
2.2624
2.5495
2.1045
2.5990
2.3136
3.0594
2.5722
2.8160
2.5184
3.1362
2.8113
3.6408
1.9393
4.2720
3.0571
2.5126
2.7215
2.3380
4.1163
2.9819
2.3983
6.0510
2.4506
4.0503
2.8319
