1.0067
1.7270
1.4930
1.2993
1.0987
1.0635
0.9682
1.1164
0.9784
0.8786
0.8936
0.9981
1.0161
0.7356
0.9947
0.8407
0.8467
1.1371
0.6935
1.0079
1.2047
0.7886
0.7682
0.8245
0.7064
0.8814
0.7563
0.8055
0.9687
0.8407
0.7733
0.5898
0.8386
0.7864
0.9132
0.6697
1.0878
0.7718
0.6932
1.1219
0.6908
0.8091
0.9375
0.7454
0.7826
0.8346
0.6998
0.6173
0.7856
0.6916
0.8150
0.8033
0.5499
0.6970
0.6208
0.6484
0.6689
0.5940
0.6284
0.7898
0.6909
0.7095
0.6655
0.6987
0.8686
0.7758
0.6560
0.9285
0.6566
0.8848
0.6003
0.6554
0.5716
0.5545
0.6049
