0.1050
0.0930
0.0840
0.1246
0.0880
0.1070
0.1060
0.1064
0.0980
0.1230
0.0940
0.1246
0.1240
0.1180
0.1230
0.0851
0.1260
0.1370
0.1250
0.1246
0.1240
0.1450
0.1490
0.1429
0.1460
0.1510
0.1730
0.1429
0.1650
0.1610
0.1790
0.2158
0.1920
0.1950
0.1720
0.1945
0.2060
0.2020
0.2080
0.1945
0.2130
0.2100
0.2140
0.2523
0.2220
0.2290
0.2270
0.2158
0.2250
0.2290
0.2490
0.2188
0.2360
0.2150
0.2510
0.2523
0.2330
0.2440
0.2330
0.2553
0.2490
0.2370
0.2390
0.2462
0.2600
0.2360
0.2220
0.2644
0.2270
0.2450
0.2530
0.2584
0.2410
0.2610
0.2410
0.2432
0.2500
0.2530
0.2730
0.2249
0.2670
0.2650
0.2690
0.2827
0.2680
0.2720
0.3170
0.2644
0.2910
0.2920
0.3240
0.3374
0.3310
0.3140
0.3360
0.3161
0.3440
0.3480
0.3520
0.3556
0.3560
0.3630
0.3960
0.3799
0.3910
0.3780
0.4340
0.3739
0.4230
0.3960
0.4430
0.4377
0.4620
0.4250
0.4400
0.5015
0.4730
0.4760
0.4950
0.5015
0.5020
0.4980
0.5100
0.5167
0.5240
0.5250
0.5220
0.5167
0.5430
0.5310
0.5440
0.5289
0.5380
0.5570
0.5570
0.5775
0.5580
0.5820
0.5740
0.5593
0.5570
0.5830
0.5820
0.6261
0.5700
0.5980
0.5900
0.6079
0.5810
0.6160
0.5890
0.6049
0.5620
0.6100
0.6330
0.6413
0.5880
0.6370
0.6080
0.6201
0.6120
0.6020
0.6250
0.6657
0.6210
0.6160
0.6200
0.6565
0.6150
0.6180
0.6320
0.6687
0.6310
0.6270
0.6250
0.6748
0.6250
0.6390
0.6470
0.6413
0.6480
0.6470
0.6330
0.6383
0.6370
0.6360
0.6580
0.6626
0.6450
0.6630
0.6570
0.6292
0.6450
0.6510
0.6700
0.6869
0.6540
0.6930
0.6660
0.6292
0.6790
0.6810
0.6730
0.6535
0.6680
0.6870
0.6810
0.6869
0.6910
0.6810
0.6810
0.6869
0.7020
0.6790
0.7060
0.6657
0.7090
0.6850
0.7000
0.6687
0.7050
0.7050
0.6860
0.7264
0.7090
0.7090
0.6990
0.7173
0.7220
0.6940
0.7190
0.7204
0.7160
0.7160
0.7230
0.7143
0.7180
0.7250
0.7170
0.7447
0.7520
0.7320
0.7070
0.7082
0.7250
0.7370
0.7360
0.7173
0.7290
0.7450
0.7390
0.7112
0.7340
0.7420
0.7530
0.7173
0.7450
0.7510
0.7560
0.6687
0.7370
0.7590
0.7530
0.7143
0.7310
0.7640
0.7660
0.7082
0.7520
0.7530
0.7540
0.7447
0.7640
0.7540
0.7580
0.7143
0.7520
0.7560
0.7640
0.7477
0.7610
0.7590
0.7680
0.7204
0.7480
0.7690
0.7560
0.7751
0.7850
0.7470
0.7520
0.7508
0.7680
0.7490
0.7690
0.7690
0.7640
0.7810
0.7540
0.7477
0.7580
0.7590
0.7720
0.7933
0.7740
0.7590
0.7680
0.7660
0.7850
0.7550
0.7640
0.7720
0.7630
0.7810
0.7610
0.7933
0.7500
0.7620
0.7860
0.8298
0.7860
0.7630
0.7760
0.7508
0.7800
0.7840
0.7680
0.7568
0.7800
0.7730
0.7940
0.7234
0.7850
0.7710
0.7740
0.7781
0.7590
0.7880
0.7780
0.8116
0.7620
0.7800
0.7980
0.7872
0.7750
0.8020
0.7720
0.7599
0.7920
0.7870
0.7730
0.7629
0.7820
0.7830
0.7710
0.8055
0.7700
0.7830
0.7900
0.7903
0.7700
0.7920
0.7920
0.7660
0.7780
0.7690
0.8040
0.7842
0.7840
0.7820
0.7920
0.7781
0.8050
0.7770
0.7840
0.7568
0.8040
0.7810
0.7780
0.7781
0.7710
0.8010
0.7820
0.8146
0.7820
0.7960
0.7920
0.7720
0.7910
0.8030
0.7880
0.7386
0.7880
0.7890
0.7890
0.7964
0.7900
0.7970
0.7860
0.7812
0.7860
0.7810
0.8010
0.8085
0.7840
0.7810
0.8050
0.8024
0.7990
0.7910
0.7880
0.7964
0.8030
0.8020
0.7900
0.7508
0.7950
0.7810
0.8150
0.7690
0.7880
0.8030
0.7930
0.7964
0.7930
0.8070
0.7770
0.8237
0.8020
0.7940
0.7970
0.7812
0.7900
0.8060
0.7950
0.7994
0.8120
0.7800
0.8080
0.7751
0.8020
0.8110
0.7920
0.7629
0.7980
0.7890
0.8070
0.8116
0.8020
0.8180
0.7820
0.7964
0.8020
0.7910
0.8070
0.8055
0.7980
0.8250
0.7860
0.7781
0.8070
0.7960
0.7980
0.8176
0.7920
0.8160
0.8030
0.7933
0.8010
0.8040
0.7990
0.8207
0.8040
0.8050
0.8000
0.8116
0.8040
0.7940
0.8100
0.8207
0.7840
0.8160
0.8150
0.7994
0.8140
0.8030
0.7940
0.8237
0.7990
0.8020
0.8190
0.8024
0.7870
0.8210
0.8040
0.8359
0.8100
0.8020
0.8150
0.8024
0.8200
0.8020
0.7930
0.8389
0.8180
0.8030
0.7980
0.8267
0.8040
0.8150
0.8130
0.7903
0.7870
0.7990
0.8380
0.8146
0.8190
0.8030
0.8110
0.7933
0.8010
0.8290
0.8070
0.7812
0.8180
0.8160
0.8070
0.7690
0.8310
0.7840
0.8110
0.8146
0.8300
0.7950
0.8120
0.7842
0.8160
0.8050
0.8130
0.7933
0.8090
0.8160
0.8100
0.7872
0.8150
0.8150
0.8010
0.8024
0.8200
0.8020
0.8090
0.8085
0.8250
0.8150
0.7880
0.8237
0.7990
0.8220
0.8100
0.8267
0.8100
0.8150
0.8160
0.8024
0.8050
0.8130
0.8130
0.8328
0.8180
0.8310
0.7940
0.7994
0.8110
0.8180
0.7960
0.8602
0.8210
0.8110
0.8080
0.8237
0.7950
0.8210
0.8260
0.8237
0.8160
0.8200
0.8120
0.8024
0.8230
0.8250
0.8040
0.7994
0.8360
0.8030
0.8100
0.8116
0.8250
0.8220
0.8110
0.7812
0.8320
0.8060
0.8130
0.8055
0.8170
0.8250
0.8070
0.8146
0.8050
0.8130
0.8380
0.7933
0.8230
0.7940
0.8350
0.8085
0.8120
0.8170
0.8150
0.8328
0.7950
0.8320
0.8210
0.8237
0.8160
0.8080
0.8180
0.8450
0.8270
0.8120
0.8080
0.8328
0.8150
0.8180
0.8280
0.7933
0.8000
0.8260
0.8380
0.7933
0.8130
0.8130
0.8250
0.8328
0.8430
0.8040
0.8060
0.8267
0.8360
0.7960
0.8260
0.8116
0.8140
0.8210
0.8110
0.8450
0.8250
0.8180
0.8140
0.8146
0.8200
0.8040
0.8340
0.8146
0.8210
0.8240
0.8260
0.7781
0.8210
0.8210
0.8170
0.8176
0.8300
0.8140
0.8130
0.8267
0.8320
0.8240
0.8100
0.7994
0.8190
0.8020
0.8470
0.7994
0.8060
0.8290
0.8220
0.8328
0.8150
0.8300
0.8260
0.7964
0.7830
0.8550
0.8230
0.8328
0.8290
0.8170
0.8360
0.7720
0.8030
0.8370
0.8260
0.8267
0.8270
0.8360
0.8140
0.7964
0.8230
0.8270
0.8110
0.8419
0.8330
0.7960
0.8460
0.8055
0.8370
0.8170
0.8210
0.8116
0.8240
0.8190
0.8360
0.7994
0.8080
0.8360
0.8300
0.8176
0.8310
0.8120
0.8250
0.8359
0.8110
0.8330
0.8290
0.8237
0.8110
0.8180
0.8280
0.8754
0.8260
0.8270
0.8160
0.8419
0.8140
0.8400
0.8210
0.8237
0.8210
0.8250
0.8190
0.8541
0.8430
0.8070
0.8320
0.8055
0.8300
0.8250
0.8190
0.8298
0.8190
0.8350
0.8280
0.8055
0.8260
0.8150
0.8360
0.8267
0.8090
0.8370
0.8300
0.8298
0.8420
0.8120
0.8280
0.8146
0.8200
0.8200
0.8340
0.8419
0.8100
0.8330
0.8300
0.8480
0.8250
0.8270
0.8330
0.8116
0.8260
0.8210
0.8380
0.8146
0.8300
0.8170
0.8430
0.8116
0.8490
0.8330
0.8140
0.7964
0.8300
0.8410
0.8050
0.8571
0.8210
0.8110
0.8490
0.8450
0.8370
0.8200
0.8290
0.8328
0.8260
0.8290
0.8340
0.8207
0.8330
0.8270
0.8290
0.8237
0.8210
0.8210
0.8390
0.8541
0.8180
0.8370
0.8350
0.8328
0.8440
0.8300
0.8170
0.8298
0.8290
0.8260
0.8340
0.8450
0.8400
0.8150
0.8290
0.8602
0.8380
0.8300
0.8300
0.8267
0.8400
0.8250
0.8250
0.8541
0.8420
0.8230
0.8270
0.8480
0.8400
0.8380
0.8120
0.8541
0.8420
0.8270
0.8280
0.8328
0.8320
0.8370
0.8160
0.8663
0.8190
0.8370
0.8320
0.8571
0.8380
0.8260
0.8420
0.8024
0.8400
0.8240
0.8300
0.8389
0.8350
0.8300
0.8350
0.8237
0.8280
0.8230
0.8430
0.8419
0.8210
0.8360
0.8320
0.8571
0.8230
0.8320
0.8390
0.8419
0.8400
0.8320
0.8330
0.8146
0.8300
0.8610
0.8190
0.7994
0.8360
0.8400
0.8200
0.8419
0.8130
0.8490
0.8450
0.8085
0.8350
0.8290
0.8300
0.8480
0.8170
0.8380
0.8540
0.8024
0.8220
0.8420
0.8360
0.8298
0.8480
0.8220
0.8300
0.8328
0.8320
0.8370
0.8410
0.8055
0.8420
0.8220
0.8370
0.8328
0.8330
0.8260
0.8320
0.8632
0.8240
0.8300
0.8410
0.8511
0.8320
0.8220
0.8280
0.8875
0.8470
0.8410
0.8220
0.8024
0.8300
0.8360
0.8330
0.8359
0.8190
0.8440
0.8360
0.8359
0.8250
0.8370
0.8350
0.8389
0.8260
0.8400
0.8360
0.8267
0.8300
0.8260
0.8500
0.8146
0.8390
0.8360
0.8310
0.8176
0.8350
0.8220
0.8410
0.8419
0.8330
0.8340
0.8360
0.8267
0.8310
0.8310
0.8210
0.8875
0.8360
0.8170
0.8450
0.8419
0.8290
0.8380
0.8350
0.8267
0.8160
0.8430
0.8480
0.8116
0.8350
0.8420
0.8240
0.8267
0.8340
0.8420
0.8300
0.8116
0.8500
0.8240
0.8300
0.8146
0.8380
0.8220
0.8410
0.8207
0.8400
0.8180
0.8380
0.8359
0.8370
0.8300
0.8320
0.8298
0.8420
0.8280
0.8390
0.8024
0.8400
0.8210
0.8240
0.8784
0.8390
0.8250
0.8210
0.8815
0.8280
0.8520
0.8220
0.8298
0.8430
0.8260
0.8320
0.8389
0.8370
0.8430
0.8240
0.8298
0.8310
0.8360
0.8250
0.8663
0.8170
0.8420
0.8450
0.8298
0.8430
0.8140
0.8440
0.8419
0.8320
0.8330
0.8340
0.8511
0.8190
0.8450
0.8400
0.8359
0.8330
0.8380
0.8230
0.8663
0.8310
0.8410
0.8320
0.8328
0.8300
0.8310
0.8390
0.8450
0.8500
0.8390
0.8180
0.8237
0.8390
0.8220
0.8490
0.8146
0.8290
0.8470
0.8290
0.8298
0.8240
0.8590
0.8160
0.8450
0.8290
0.8200
0.8560
0.8267
0.8420
0.8460
0.8280
0.7964
0.8340
0.8290
0.8450
0.8207
0.8320
0.8350
0.8330
0.8450
0.8420
0.8240
0.8380
0.8359
0.8360
0.8400
0.8310
0.8267
0.8510
0.8380
0.8290
0.7933
0.8320
0.8430
0.8260
0.8480
0.8510
0.8250
0.8340
0.8207
0.8500
0.8240
0.8250
0.8541
0.8460
0.8380
0.8210
0.8419
0.8430
0.8180
0.8470
0.8328
0.8550
0.8380
0.8220
0.8146
0.8190
0.8470
0.8320
0.8663
0.8350
0.8370
0.8360
0.8359
0.8490
0.8430
0.8190
0.8328
0.8420
0.8590
0.8220
0.7964
0.8420
0.8450
0.8200
0.8450
0.8300
0.8370
0.8410
0.8450
0.8350
0.8400
0.8380
0.8298
0.8470
0.8350
0.8300
0.8328
0.8420
0.8340
0.8320
0.8450
0.8440
0.8520
0.8260
0.8024
0.8350
0.8580
0.8200
0.8328
0.8530
0.8250
0.8400
0.8207
0.8150
0.8500
0.8420
0.8511
0.8450
0.8310
0.8260
0.8663
0.8380
0.8510
0.8210
0.8419
0.8450
0.8320
0.8360
0.8328
0.8550
0.8270
0.8360
0.8176
0.8290
0.8280
0.8410
0.8784
0.8460
0.8280
0.8460
0.8146
0.8300
0.8380
0.8410
0.8480
0.8300
0.8460
0.8410
0.8237
0.8340
0.8410
0.8390
0.8328
0.8600
0.8410
0.8220
0.8055
0.8480
0.8390
0.8340
0.8146
0.8460
0.8390
0.8300
0.8328
0.8280
0.8500
0.8340
0.8419
0.8290
0.8660
0.8280
0.8116
0.8520
0.8240
0.8340
0.8511
0.8320
0.8430
0.8450
0.8237
0.8410
0.8370
0.8330
0.8541
0.8410
0.8340
0.8370
0.8511
0.8510
0.8390
0.8360
0.8055
0.8240
0.8430
0.8360
0.8754
0.8490
0.8220
0.8540
0.8116
0.8310
0.8370
0.8450
0.8450
0.8210
0.8390
0.8480
0.8632
0.8520
0.8290
0.8360
0.8359
0.8400
0.8390
0.8440
0.8176
0.8580
0.8350
0.8280
0.8267
0.8290
0.8390
0.8510
0.8298
0.8530
0.8330
0.8330
0.8328
0.8390
0.8420
0.8410
0.8237
0.8410
0.8420
0.8330
0.8419
0.8370
0.8490
0.8350
0.8298
0.8430
0.8230
0.8490
0.8480
0.8490
0.8400
0.8420
0.8024
0.8490
0.8400
0.8310
0.8389
0.8250
0.8480
0.8390
0.8632
0.8280
0.8480
0.8470
0.8298
0.8400
0.8470
0.8370
0.8298
0.8310
0.8390
0.8520
0.8359
0.8560
0.8480
0.8270
0.8085
0.8280
0.8430
0.8430
0.8602
0.8380
0.8470
0.8380
0.8359
0.8540
0.8410
0.8280
0.8359
0.8430
0.8370
0.8440
0.8359
0.8230
0.8510
0.8550
0.8237
0.8490
0.8490
0.8240
0.8450
0.8450
0.8400
0.8390
0.8389
0.8360
0.8360
0.8400
0.8784
0.8430
0.8220
0.8510
0.8663
0.8280
0.8510
0.8390
0.8602
0.8370
0.8420
0.8370
0.8663
0.8400
0.8410
0.8460
0.8328
0.8360
0.8510
0.8390
0.8359
0.8290
0.8470
0.8480
0.8419
0.8310
0.8490
0.8510
0.8237
0.8540
0.8280
0.8460
0.8359
0.8530
0.8350
0.8410
0.8328
0.8350
0.8440
0.8470
0.8389
0.8390
0.8450
0.8400
0.8480
0.8270
0.8630
0.8360
0.8419
0.8380
0.8400
0.8500
0.8359
0.8530
0.8440
0.8320
0.8298
0.8270
0.8510
0.8460
0.8450
0.8460
0.8570
0.8290
0.8207
0.8440
0.8340
0.8490
0.8328
0.8440
0.8480
0.8390
0.8207
0.8380
0.8410
0.8480
0.8328
0.8290
0.8550
0.8460
0.8207
0.8240
0.8490
0.8580
0.8176
0.8480
0.8390
0.8360
0.8419
0.8450
0.8470
0.8310
0.8419
0.8430
0.8220
0.8570
0.8450
0.8420
0.8510
0.8390
0.8146
0.8480
0.8420
0.8370
0.8298
0.8510
0.8370
0.8320
0.8511
0.8360
0.8350
0.8490
0.8511
0.8390
0.8440
0.8310
0.8693
0.8520
0.8160
0.8500
0.8571
0.8430
0.8420
0.8340
0.8541
0.8380
0.8400
0.8420
0.8541
0.8350
0.8390
0.8440
0.8602
0.8480
0.8390
0.8350
0.8480
0.8550
0.8480
0.8320
0.8085
0.8340
0.8510
0.8310
0.8663
0.8340
0.8470
0.8390
0.8541
0.8430
0.8380
0.8410
0.8511
0.8350
0.8350
0.8470
0.8632
0.8510
0.8430
0.8310
0.8419
0.8440
0.8440
0.8450
0.8176
0.8340
0.8480
0.8410
0.8480
0.8400
0.8480
0.8370
0.8419
0.8350
0.8490
0.8360
0.8571
0.8500
0.8340
0.8360
0.8602
0.8470
0.8330
0.8480
0.8389
0.8290
0.8550
0.8480
0.8298
0.8330
0.8510
0.8440
0.8359
0.8440
0.8330
0.8440
0.8571
0.8350
0.8440
0.8460
0.8419
0.8420
0.8300
0.8490
0.8541
0.8470
0.8360
0.8390
0.8511
0.8450
0.8400
0.8360
0.8571
0.8320
0.8490
0.8520
0.8207
0.8330
0.8480
0.8470
0.8359
0.8420
0.8460
0.8280
0.8723
0.8300
0.8640
0.8330
0.8389
0.8580
0.8350
0.8410
0.8207
0.8230
0.8550
0.8470
0.8480
0.8490
0.8250
0.8500
0.8511
0.8450
0.8470
0.8320
0.8541
0.8290
0.8460
0.8490
0.8571
0.8330
0.8460
0.8450
0.8571
0.8410
0.8400
0.8520
0.8298
0.8330
0.8530
0.8480
0.8267
0.8520
0.8400
0.8370
0.8419
0.8320
0.8600
0.8470
0.8116
0.8370
0.8440
0.8500
0.8359
0.8440
0.8400
0.8420
0.8541
0.8270
0.8490
0.8510
0.8511
0.8340
0.8440
0.8460
0.8602
0.8650
0.8330
0.8370
0.8267
0.8340
0.8350
0.8490
0.8815
0.8480
0.8470
0.8360
0.8419
0.8610
0.8470
0.8290
0.8237
0.8530
0.8330
0.8520
0.8207
0.8420
0.8520
0.8430
0.8237
0.8190
0.8630
0.8510
0.8359
0.8460
0.8430
0.8430
0.8419
0.8250
0.8580
0.8420
0.8602
0.8390
0.8350
0.8500
0.8632
0.8450
0.8530
0.8380
0.8267
0.8280
0.8510
0.8510
0.8450
0.8410
0.8580
0.8320
0.8450
0.8240
0.8490
0.8560
0.8511
0.8400
0.8520
0.8370
0.8480
0.8460
0.8440
0.8450
0.8298
0.8560
0.8440
0.8400
0.8146
0.8700
0.8260
0.8420
0.8267
0.8540
0.8420
0.8300
0.8663
0.8450
0.8360
0.8550
0.8419
0.8610
0.8380
0.8270
0.8723
0.8460
0.8460
0.8330
0.8754
0.8460
0.8390
0.8560
0.8267
0.8400
0.8580
0.8450
0.8207
0.8420
0.8560
0.8420
0.8328
0.8620
0.8270
0.8370
0.8754
0.8460
0.8370
0.8520
0.8480
0.8370
0.8660
0.8360
0.8359
0.8480
0.8410
0.8560
0.8176
0.8480
0.8400
0.8440
0.8571
0.8400
0.8500
0.8500
0.8267
0.8530
0.8430
0.8360
0.8541
0.8710
0.8340
0.8260
0.8571
0.8470
0.8430
0.8490
0.8359
0.8570
0.8450
0.8370
0.8359
0.8220
0.8580
0.8490
0.8663
0.8520
0.8380
0.8480
0.8389
0.8410
0.8500
0.8370
0.8693
0.8510
0.8590
0.8310
0.8298
0.8320
0.8480
0.8540
0.8511
0.8320
0.8560
0.8460
0.8511
0.8340
0.8320
0.8650
0.8602
0.8490
0.8520
0.8290
0.8663
0.8310
0.8390
0.8550
0.8784
0.8560
0.8370
0.8560
0.8055
0.8250
0.8510
0.8640
0.8328
0.8430
0.8340
0.8550
0.8571
0.8410
0.8600
0.8350
0.8450
0.8590
0.8500
0.8350
0.8207
0.8450
0.8460
0.8410
0.8571
0.8580
0.8530
0.8350
0.8146
0.8450
0.8460
0.8460
0.8419
0.8430
0.8280
0.8560
0.8723
0.8300
0.8470
0.8540
0.8602
0.8490
0.8480
0.8360
0.8541
0.8280
0.8380
0.8630
0.8693
0.8500
0.8430
0.8630
0.7872
0.8490
0.8580
0.8330
0.8359
0.8360
0.8410
0.8570
0.8541
0.8350
0.8390
0.8550
0.8693
0.8280
0.8500
0.8630
0.8359
0.8400
0.8480
0.8410
0.8723
0.8510
0.8570
0.8330
0.8359
0.8440
0.8510
0.8440
0.8419
0.8530
0.8420
0.8340
0.8693
0.8480
0.8520
0.8410
0.8359
0.8570
0.8490
0.8380
0.8267
0.8450
0.8510
0.8470
0.8298
0.8500
0.8470
0.8440
0.8359
0.8440
0.8520
0.8440
0.8389
0.8620
0.8550
0.8290
0.8207
0.8480
0.8460
0.8330
0.8784
0.8450
0.8530
0.8490
0.8176
0.8260
0.8640
0.8500
0.8389
0.8410
0.8460
0.8530
0.8389
0.8600
0.8410
0.8360
0.8480
0.8550
0.8460
0.8430
0.8298
0.8480
0.8560
0.8320
0.8541
0.8630
0.8490
0.8260
0.8480
0.8610
0.8490
0.8260
0.8571
0.8580
0.8410
0.8510
0.8146
0.8600
0.8300
0.8460
0.8571
0.8480
0.8380
0.8470
0.8663
0.8280
0.8510
0.8590
0.8511
0.8390
0.8630
0.8380
0.8480
0.8430
0.8460
0.8490
0.8541
0.8540
0.8390
0.8480
0.8450
0.8350
0.8460
0.8530
0.8693
0.8390
0.8500
0.8530
0.8450
0.8470
0.8470
0.8450
0.8541
0.8580
0.8330
0.8470
0.8541
0.8460
0.8360
0.8600
0.8450
0.8520
0.8310
0.8560
0.8541
0.8460
0.8450
0.8530
0.8389
0.8420
0.8630
0.8420
0.8298
0.8410
0.8690
0.8300
0.8511
0.8600
0.8530
0.8300
0.8419
0.8720
0.8430
0.8360
0.8176
0.8570
0.8410
0.8430
0.8480
0.8380
0.8570
0.8480
0.8419
0.8380
0.8470
0.8540
0.8541
0.8590
0.8360
0.8400
0.8693
0.8670
0.8420
0.8320
0.8511
0.8460
0.8590
0.8310
0.8663
0.8630
0.8520
0.8260
0.8541
0.8570
0.8460
0.8300
0.8784
0.8420
0.8480
0.8540
0.8450
0.8490
0.8530
0.8420
0.8419
0.8530
0.8410
0.8520
0.8359
0.8370
0.8540
0.8540
0.8389
0.8510
0.8490
0.8420
0.8480
0.8340
0.8470
0.8540
0.8723
0.8290
0.8440
0.8670
0.8571
0.8640
0.8430
0.8410
0.8328
0.8460
0.8420
0.8560
0.8450
0.8390
0.8630
0.8400
0.8511
0.8500
0.8560
0.8490
0.8116
0.8370
0.8500
0.8420
0.8875
0.8520
0.8320
0.8590
0.8450
0.8470
0.8410
0.8570
0.8359
0.8420
0.8350
0.8580
0.8663
0.8550
0.8390
0.8550
0.8267
0.8570
0.8390
0.8440
0.8571
0.8380
0.8470
0.8610
0.8389
0.8620
0.8530
0.8370
0.8207
0.8380
0.8420
0.8610
0.8541
0.8320
0.8450
0.8640
0.8541
0.8430
0.8240
0.8640
0.8875
0.8400
0.8520
0.8470
0.8632
0.8660
0.8450
0.8350
0.8419
0.8540
0.8530
0.8450
0.8237
0.8380
0.8380
0.8650
0.8571
0.8410
0.8480
0.8520
0.8571
0.8550
0.8460
0.8420
0.8511
0.8470
0.8500
0.8510
0.8328
0.8530
0.8470
0.8450
0.8450
0.8340
0.8540
0.8610
0.8328
0.8460
0.8400
0.8530
0.8602
0.8470
0.8470
0.8520
0.8419
0.8480
0.8410
0.8470
0.8754
0.8550
0.8430
0.8480
0.8450
0.8550
0.8520
0.8420
0.8359
0.8380
0.8560
0.8440
0.8693
0.8500
0.8440
0.8440
0.8693
0.8610
0.8530
0.8410
0.8176
0.8590
0.8410
0.8490
0.8359
0.8420
0.8450
0.8680
0.8176
0.8460
0.8450
0.8540
0.8480
0.8410
0.8580
0.8470
0.8450
0.8510
0.8390
0.8490
0.8693
0.8370
0.8560
0.8560
0.8389
0.8470
0.8390
0.8550
0.8632
0.8480
0.8430
0.8470
0.8723
0.8480
0.8510
0.8440
0.8571
0.8320
0.8540
0.8600
0.8480
0.8520
0.8410
0.8450
0.8723
0.8440
0.8570
0.8460
0.8450
0.8680
0.8300
0.8500
0.8419
0.8480
0.8430
0.8490
0.8663
0.8570
0.8570
0.8380
0.8298
0.8220
0.8600
0.8490
0.8936
0.8500
0.8620
0.8370
0.8389
0.8520
0.8470
0.8460
0.8511
0.8540
0.8580
0.8400
0.8298
0.8410
0.8550
0.8430
0.8693
0.8490
0.8590
0.8430
0.8328
0.8390
0.8580
0.8560
0.8298
0.8390
0.8360
0.8700
0.8541
0.8670
0.8110
0.8730
0.8389
0.8660
0.8500
0.8360
0.8389
0.8400
0.8470
0.8700
0.8237
0.8340
0.8650
0.8420
0.8693
0.8610
0.8460
0.8400
0.8511
0.8570
0.8440
0.8590
0.8116
0.8330
0.8530
0.8520
0.8845
0.8530
0.8360
0.8480
0.8875
0.8560
0.8590
0.8440
0.8207
0.8490
0.8500
0.8480
0.8571
0.8480
0.8570
0.8470
0.8419
0.8490
0.8360
0.8610
0.8602
0.8530
0.8500
0.8460
0.8511
0.8540
0.8570
0.8400
0.8450
0.8500
0.8460
0.8430
0.8815
0.8610
0.8450
0.8480
0.8389
0.8540
0.8550
0.8370
0.8632
0.8550
0.8490
0.8570
0.8207
0.8720
0.8330
0.8540
0.8267
0.8500
0.8510
0.8510
0.8480
0.8440
0.8670
0.8490
0.8237
0.8420
0.8520
0.8500
0.8723
0.8540
0.8380
0.8590
0.8511
0.8550
0.8470
0.8450
0.8632
0.8430
0.8620
0.8500
0.8389
0.8460
0.8520
0.8550
0.8450
0.8540
0.8580
0.8520
0.8116
0.8410
0.8420
0.8620
0.8693
0.8500
0.8610
0.8420
0.8450
0.8570
0.8520
0.8450
0.8419
0.8440
0.8470
0.8610
0.8480
0.8620
0.8540
0.8480
0.8146
0.8480
0.8410
0.8640
0.8480
0.8470
0.8540
0.8600
0.8237
0.8700
0.8370
0.8550
0.8207
0.8630
0.8390
0.8460
0.8632
0.8450
0.8530
0.8520
0.8571
0.8520
0.8610
0.8410
0.8450
0.8650
0.8530
0.8330
0.8541
0.8450
0.8470
0.8570
0.8602
0.8510
0.8460
0.8480
0.8723
0.8520
0.8710
0.8450
0.8055
0.8600
0.8570
0.8380
0.8450
0.8770
0.8380
0.8360
0.8571
0.8620
0.8350
0.8540
0.8571
0.8740
0.8470
0.8390
0.8298
0.8460
0.8620
0.8500
0.8359
0.8440
0.8550
0.8450
0.8754
0.8510
0.8560
0.8540
0.8267
0.8310
0.8650
0.8620
0.8359
0.8600
0.8450
0.8490
0.8480
0.8470
0.8520
0.8570
0.8419
0.8480
0.8400
0.8620
0.8602
0.8450
0.8600
0.8460
0.8602
0.8700
0.8400
0.8490
0.8389
0.8500
0.8410
0.8560
0.8784
0.8580
0.8690
0.8380
0.8237
0.8690
0.8570
0.8380
0.8267
0.8510
0.8390
0.8670
0.8480
0.8640
0.8410
0.8580
0.8298
0.8390
0.8580
0.8590
0.8511
0.8690
0.8480
0.8330
0.8693
0.8440
0.8440
0.8730
0.8359
0.8600
0.8450
0.8550
0.8389
0.8380
0.8760
0.8360
0.8693
0.8390
0.8510
0.8590
0.8723
0.8550
0.8590
0.8460
0.8419
0.8560
0.8460
0.8530
0.8541
0.8560
0.8480
0.8660
0.8085
0.8540
0.8540
0.8500
0.8450
0.8580
0.8470
0.8560
0.8359
0.8470
0.8490
0.8620
0.8480
0.8540
0.8470
0.8590
0.8419
0.8600
0.8530
0.8510
0.8328
0.8410
0.8690
0.8580
0.8207
0.8530
0.8430
0.8540
0.8754
0.8390
0.8630
0.8610
0.8359
0.8560
0.8570
0.8450
0.8541
0.8620
0.8270
0.8700
0.8511
0.8510
0.8600
0.8470
0.8571
0.8580
0.8450
0.8600
0.8389
0.8370
0.8640
0.8540
0.8632
0.8290
0.8660
0.8560
0.8754
0.8540
0.8390
0.8620
0.8632
0.8610
0.8520
0.8430
0.8602
0.8580
0.8510
0.8440
0.8723
0.8550
0.8490
0.8600
0.8389
0.8460
0.8530
0.8620
0.8480
0.8480
0.8450
0.8680
0.8480
0.8610
0.8480
0.8490
0.8571
0.8510
0.8590
0.8480
0.8541
0.8780
0.8610
0.8280
0.8267
0.8570
0.8530
0.8490
0.8511
0.8540
0.8480
0.8630
0.8328
0.8450
0.8540
0.8490
0.8845
0.8490
0.8820
0.8300
0.8480
0.8450
0.8520
0.8630
0.8511
0.8380
0.8640
0.8650
0.8298
0.8520
0.8410
0.8600
0.8723
0.8630
0.8520
0.8580
0.8116
0.8490
0.8480
0.8700
0.8298
0.8620
0.8660
0.8330
0.8480
0.8560
0.8650
0.8310
0.8723
0.8320
0.8680
0.8630
0.8389
0.8510
0.8430
0.8580
0.8723
0.8440
0.8520
0.8520
0.8845
0.8440
0.8550
0.8480
0.8875
0.8480
0.8570
0.8570
0.8450
0.8590
0.8650
0.8390
0.8419
0.8440
0.8550
0.8590
0.8571
0.8680
0.8450
0.8440
0.8571
0.8510
0.8550
0.8520
0.8541
0.8500
0.8450
0.8710
0.8298
0.8700
0.8380
0.8480
0.8602
0.8530
0.8450
0.8520
0.8754
0.8510
0.8550
0.8510
0.8541
0.8650
0.8310
0.8590
0.8602
0.8610
0.8560
0.8450
0.8389
0.8380
0.8550
0.8700
0.8389
0.8300
0.8650
0.8530
0.8845
0.8570
0.8500
0.8530
0.8480
0.8560
0.8340
0.8630
0.8663
0.8580
0.8470
0.8580
0.8359
0.8570
0.8500
0.8560
0.8389
0.8620
0.8480
0.8470
0.8571
0.8560
0.8380
0.8530
0.8875
0.8580
0.8510
0.8590
0.8237
0.8510
0.8650
0.8420
0.8571
0.8440
0.8490
0.8570
0.8815
0.8530
0.8630
0.8480
0.8389
0.8660
0.8530
0.8480
0.8298
0.8540
0.8490
0.8530
0.8602
0.8670
0.8550
0.8520
0.8055
0.8610
0.8450
0.8410
0.8906
0.8640
0.8410
0.8640
0.8207
0.8520
0.8510
0.8540
0.8602
0.8380
0.8710
0.8560
0.8359
0.8500
0.8370
0.8720
0.8541
0.8570
0.8440
0.8610
0.8480
0.8590
0.8510
0.8470
0.8663
0.8500
0.8460
0.8770
0.8176
0.8510
0.8730
0.8410
0.8389
0.8470
0.8680
0.8530
0.8298
0.8480
0.8510
0.8590
0.8602
0.8600
0.8460
0.8590
0.8389
0.8590
0.8500
0.8430
0.8784
0.8570
0.8460
0.8520
0.8693
0.8400
0.8670
0.8610
0.8298
0.8590
0.8590
0.8480
0.8389
0.8530
0.8490
0.8660
0.8328
0.8520
0.8520
0.8550
0.8602
0.8670
0.8360
0.8520
0.8723
0.8530
0.8440
0.8700
0.8359
0.8320
0.8640
0.8550
0.8845
0.8600
0.8560
0.8390
0.8723
0.8460
0.8470
0.8650
0.8632
0.8450
0.8500
0.8600
0.8723
0.8640
0.8320
0.8590
0.8723
0.8590
0.8460
0.8550
0.8571
0.8580
0.8640
0.8410
0.8480
0.8450
0.8470
0.8610
0.8723
0.8610
0.8390
0.8520
0.8754
0.8500
0.8610
0.8510
0.8450
0.8540
0.8370
0.8670
0.8571
0.8570
0.8460
0.8580
0.8480
0.8670
0.8540
0.8390
0.8511
0.8540
0.8550
0.8600
0.8267
0.8640
0.8540
0.8380
0.8663
0.8700
0.8650
0.8370
0.8176
0.8650
0.8630
0.8390
0.8359
0.8650
0.8390
0.8560
0.8541
0.8510
0.8510
0.8520
0.8723
0.8400
0.8770
0.8430
0.8541
0.8610
0.8580
0.8500
0.8267
0.8520
0.8570
0.8450
0.8723
0.8550
0.8540
0.8540
0.8450
0.8540
0.8600
0.8490
0.8450
0.8690
0.8530
0.8420
0.8419
0.8570
0.8550
0.8570
0.8267
0.8420
0.8510
0.8580
0.8815
0.8550
0.8550
0.8630
0.8146
0.8450
0.8630
0.8550
0.8450
0.8590
0.8700
0.8390
0.8328
0.8680
0.8480
0.8330
0.8906
0.8470
0.8450
0.8530
0.9027
0.8430
0.8620
0.8680
0.8176
0.8560
0.8540
0.8610
0.8237
0.8440
0.8640
0.8500
0.8632
0.8430
0.8540
0.8610
0.8632
0.8570
0.8600
0.8440
0.8541
0.8470
0.8660
0.8540
0.8359
0.8640
0.8520
0.8460
0.8511
0.8620
0.8590
0.8410
0.8511
0.8580
0.8520
0.8430
0.8815
0.8440
0.8530
0.8600
0.8693
0.8670
0.8410
0.8490
0.8693
0.8660
0.8330
0.8700
0.8389
0.8500
0.8570
0.8500
0.8754
0.8530
0.8590
0.8560
0.8419
0.8600
0.8450
0.8730
0.8116
0.8520
0.8590
0.8530
0.8541
0.8590
0.8580
0.8500
0.8450
0.8480
0.8560
0.8610
0.8511
0.8610
0.8580
0.8460
0.8511
0.8580
0.8540
0.8520
0.8541
0.8600
0.8500
0.8540
0.8511
0.8450
0.8520
0.8640
0.8571
0.8510
0.8540
0.8610
0.8419
0.8640
0.8380
0.8600
0.8541
0.8470
0.8520
0.8620
0.8571
0.8600
0.8670
0.8340
0.8571
0.8620
0.8520
0.8470
0.8602
0.8650
0.8490
0.8430
0.8754
0.8570
0.8470
0.8560
0.8632
0.8530
0.8610
0.8390
0.8845
0.8440
0.8660
0.8540
0.8480
0.8720
0.8560
0.8420
0.8298
0.8470
0.8570
0.8490
0.8815
0.8680
0.8470
0.8630
0.8055
0.8510
0.8660
0.8410
0.8663
0.8610
0.8460
0.8470
0.8815
0.8630
0.8580
0.8500
0.8298
0.8520
0.8500
0.8620
0.8480
0.8480
0.8590
0.8680
0.8176
0.8650
0.8490
0.8460
0.8632
0.8520
0.8490
0.8620
0.8571
0.8420
0.8560
0.8560
0.8845
0.8470
0.8460
0.8580
0.8936
0.8690
0.8560
0.8470
0.8298
0.8410
0.8640
0.8570
0.8602
0.8640
0.8570
0.8420
0.8541
0.8480
0.8500
0.8630
0.8602
0.8500
0.8740
0.8370
0.8632
0.8520
0.8640
0.8470
0.8571
0.8660
0.8500
0.8490
0.8511
0.8510
0.8660
0.8440
0.8632
0.8380
0.8520
0.8650
0.8784
0.8710
0.8380
0.8480
0.8754
0.8530
0.8500
0.8490
0.8875
0.8540
0.8560
0.8540
0.8480
0.8430
0.8610
0.8550
0.8632
0.8420
0.8450
0.8670
0.8784
0.8600
0.8630
0.8440
0.8389
0.8520
0.8520
0.8630
0.8389
0.8550
0.8480
0.8530
0.8723
0.8670
0.8380
0.8500
0.8754
0.8640
0.8430
0.8480
0.8784
0.8510
0.8580
0.8520
0.8571
0.8590
0.8520
0.8520
0.8511
0.8530
0.8570
0.8580
0.8359
0.8580
0.8340
0.8600
0.8845
0.8490
0.8630
0.8520
0.8541
0.8600
0.8680
0.8470
0.8207
0.8480
0.8520
0.8610
0.8632
0.8700
0.8500
0.8390
0.8693
0.8590
0.8280
0.8770
0.8541
0.8610
0.8560
0.8580
0.8207
0.8450
0.8620
0.8510
0.8723
0.8560
0.8500
0.8650
0.8328
0.8470
0.8500
0.8600
0.8754
0.8500
0.8540
0.8600
0.8541
0.8590
0.8700
0.8460
0.8207
0.8450
0.8620
0.8650
0.8328
0.8560
0.8620
0.8600
0.8116
0.8630
0.8500
0.8520
0.8541
0.8680
0.8510
0.8500
0.8419
0.8340
0.8600
0.8590
0.8967
0.8470
0.8650
0.8520
0.8663
0.8520
0.8820
0.8350
0.8541
0.8570
0.8650
0.8510
0.8389
0.8390
0.8520
0.8800
0.8450
0.8660
0.8430
0.8550
0.8663
0.8620
0.8700
0.8360
0.8541
0.8550
0.8530
0.8570
0.8632
0.8460
0.8520
0.8650
0.8723
0.8540
0.8500
0.8680
0.8450
0.8550
0.8580
0.8600
0.8450
0.8580
0.8560
0.8620
0.8389
0.8570
0.8570
0.8480
0.8845
0.8520
0.8640
0.8530
0.8632
0.8460
0.8670
0.8600
0.8511
0.8500
0.8660
0.8520
0.8663
0.8610
0.8560
0.8470
0.8784
0.8610
0.8420
0.8820
0.8146
0.8680
0.8440
0.8630
0.8450
0.8570
0.8450
0.8670
0.8632
0.8550
0.8540
0.8580
0.8693
0.8370
0.8710
0.8710
0.8267
0.8700
0.8580
0.8520
0.8237
0.8470
0.8490
0.8750
0.8541
0.8660
0.8390
0.8710
0.8389
0.8450
0.8630
0.8510
0.8906
0.8580
0.8700
0.8570
0.8116
0.8610
0.8430
0.8520
0.8997
0.8470
0.8550
0.8580
0.8875
0.8370
0.8540
0.8730
0.8784
0.8650
0.8460
0.8650
0.8389
0.8610
0.8550
0.8540
0.8571
0.8640
0.8510
0.8490
0.8754
0.8630
0.8500
0.8580
0.8541
0.8770
0.8540
0.8420
0.8480
0.8580
0.8550
0.8500
0.8784
0.8710
0.8580
0.8420
0.8541
0.8570
0.8630
0.8490
0.8602
0.8470
0.8620
0.8580
0.8663
0.8460
0.8590
0.8690
0.8450
0.8520
0.8530
0.8720
0.8389
0.8730
0.8590
0.8360
0.8663
0.8620
0.8620
0.8500
0.8480
0.8610
0.8610
0.8490
0.8541
0.8540
0.8670
0.8460
0.8663
0.8400
0.8720
0.8580
0.8571
0.8600
0.8590
0.8490
0.8632
0.8590
0.8490
0.8560
0.8754
0.8670
0.8450
0.8560
0.8632
0.8660
0.8480
0.8580
0.8571
0.8610
0.8480
0.8590
0.8693
0.8520
0.8550
0.8660
0.8511
0.8660
0.8420
0.8660
0.8480
0.8720
0.8440
0.8630
0.8359
0.8760
0.8430
0.8530
0.8511
0.8310
0.8560
0.8730
0.8875
0.8620
0.8430
0.8560
0.8845
0.8650
0.8480
0.8590
0.8511
0.8730
0.8430
0.8580
0.8450
0.8580
0.8510
0.8730
0.8207
0.8610
0.8540
0.8530
0.8693
0.8690
0.8650
0.8400
0.8511
0.8440
0.8740
0.8520
0.8632
0.8640
0.8530
0.8620
0.8328
0.8580
0.8500
0.8680
0.8419
0.8480
0.8500
0.8690
0.8693
0.8540
0.8590
0.8620
0.8450
0.8570
0.8710
0.8410
0.8632
0.8490
0.8640
0.8640
0.8389
0.8470
0.8790
0.8540
0.8298
0.8600
0.8570
0.8540
0.8571
0.8670
0.8520
0.8530
0.8511
0.8560
0.8580
0.8600
0.8450
0.8500
0.8590
0.8570
0.8723
0.8550
0.8520
0.8580
0.8754
0.8530
0.8610
0.8630
0.8389
0.8550
0.8650
0.8590
0.8328
0.8690
0.8650
0.8380
0.8571
0.8560
0.8490
0.8590
0.8784
0.8480
0.8540
0.8670
0.8663
0.8630
0.8520
0.8610
0.8480
0.8620
0.8440
0.8600
0.8784
0.8570
0.8650
0.8610
0.8267
0.8440
0.8570
0.8760
0.8450
0.8510
0.8630
0.8710
0.8207
0.8590
0.8710
0.8390
0.8693
0.8500
0.8660
0.8480
0.8875
0.8690
0.8490
0.8520
0.8693
0.8610
0.8650
0.8480
0.8571
0.8800
0.8500
0.8490
0.8419
0.8490
0.8560
0.8680
0.8571
0.8370
0.8560
0.8690
0.8906
0.8590
0.8780
0.8380
0.8541
0.8650
0.8530
0.8570
0.8541
0.8590
0.8590
0.8590
0.8480
0.8560
0.8540
0.8580
0.8723
0.8360
0.8810
0.8640
0.8328
0.8590
0.8560
0.8720
0.8146
0.8700
0.8480
0.8520
0.8632
0.8740
0.8530
0.8500
0.8419
0.8690
0.8580
0.8460
0.8571
0.8650
0.8420
0.8670
0.8541
0.8570
0.8550
0.8690
0.8298
0.8550
0.8740
0.8560
0.8207
0.8440
0.8580
0.8710
0.8571
0.8540
0.8640
0.8580
0.8480
0.8520
0.8490
0.8600
0.8936
0.8780
0.8260
0.8610
0.8815
0.8620
0.8480
0.8580
0.8723
0.8650
0.8580
0.8460
0.8723
0.8540
0.8620
0.8510
0.8815
0.8660
0.8640
0.8540
0.8298
0.8590
0.8630
0.8490
0.8693
0.8570
0.8680
0.8530
0.8480
0.8440
0.8660
0.8580
0.8754
0.8620
0.8640
0.8510
0.8480
0.8500
0.8700
0.8540
0.8571
0.8480
0.8640
0.8630
0.8541
0.8600
0.8580
0.8570
0.8541
0.8550
0.8670
0.8470
0.8723
0.8600
0.8600
0.8560
0.8511
0.8620
0.8510
0.8620
0.8541
0.8590
0.8610
0.8580
0.8450
0.8550
0.8590
0.8660
0.8389
0.8730
0.8480
0.8490
0.8693
0.8630
0.8450
0.8620
0.8693
0.8660
0.8520
0.8590
0.8511
0.8470
0.8680
0.8610
0.8541
0.8680
0.8580
0.8490
0.8571
0.8490
0.8540
0.8690
0.8663
0.8680
0.8590
0.8360
0.8936
0.8530
0.8660
0.8560
0.8571
0.8490
0.8730
0.8480
0.8723
0.8600
0.8520
0.8670
0.8450
0.8410
0.8600
0.8620
0.8906
0.8540
0.8610
0.8580
0.8602
0.8650
0.8570
0.8490
0.8663
0.8540
0.8680
0.8430
0.8815
0.8680
0.8620
0.8500
0.8389
0.8680
0.8420
0.8690
0.8419
0.8600
0.8570
0.8540
0.8663
0.8700
0.8480
0.8560
0.8571
0.8570
0.8550
0.8470
0.8997
0.8610
0.8610
0.8530
0.8541
0.8600
0.8690
0.8600
0.8146
0.8500
0.8670
0.8680
0.8267
0.8570
0.8730
0.8610
0.8085
0.8470
0.8610
0.8690
0.8511
0.8610
0.8480
0.8580
0.8815
0.8640
0.8620
0.8490
0.8571
0.8590
0.8610
0.8510
0.8693
0.8550
0.8620
0.8570
0.8602
0.8650
0.8350
0.8680
0.8784
0.8490
0.8650
0.8580
0.8663
0.8630
0.8570
0.8550
0.8571
0.8580
0.8560
0.8630
0.8511
0.8520
0.8380
0.8680
0.9088
0.8620
0.8490
0.8670
0.8511
0.8610
0.8600
0.8550
0.8602
0.8580
0.8590
0.8620
0.8511
0.8640
0.8610
0.8540
0.8511
0.8660
0.8640
0.8460
0.8602
0.8410
0.8720
0.8670
0.8511
0.8700
0.8580
0.8560
0.8389
0.8710
0.8360
0.8730
0.8511
0.8580
0.8620
0.8550
0.8663
0.8590
0.8470
0.8620
0.8875
0.8440
0.8580
0.8730
0.8663
0.8570
0.8510
0.8610
0.8875
0.8660
0.8470
0.8650
0.8602
0.8590
0.8610
0.8560
0.8663
0.8600
0.8660
0.8460
0.8784
0.8640
0.8690
0.8420
0.8663
0.8590
0.8460
0.8640
0.8845
0.8710
0.8570
0.8460
0.8693
0.8670
0.8550
0.8620
0.8389
0.8640
0.8450
0.8700
0.8541
0.8440
0.8530
0.8730
0.8815
0.8640
0.8590
0.8540
0.8602
0.8620
0.8680
0.8490
0.8541
0.8710
0.8420
0.8610
0.8693
0.8550
0.8660
0.8560
0.8602
0.8620
0.8650
0.8580
0.8359
0.8650
0.8450
0.8630
0.8723
0.8620
0.8570
0.8530
0.8754
0.8590
0.8650
0.8580
0.8450
0.8650
0.8650
0.8460
0.8632
0.8620
0.8510
0.8640
0.8602
0.8590
0.8540
0.8630
0.8632
0.8550
0.8520
0.8700
0.8602
0.8610
0.8390
0.8790
0.8541
0.8640
0.8610
0.8520
0.8602
0.8690
0.8550
0.8450
0.8845
0.8560
0.8610
0.8560
0.8723
0.8640
0.8510
0.8700
0.8389
0.8730
0.8540
0.8460
0.8754
0.8520
0.8560
0.8610
0.8875
0.8630
0.8600
0.8550
0.8571
0.8750
0.8440
0.8630
0.8450
0.8610
0.8780
0.8360
0.8663
0.8710
0.8530
0.8590
0.8419
0.8590
0.8520
0.8620
0.8723
0.8700
0.8580
0.8580
0.8328
0.8600
0.8670
0.8640
0.8176
0.8490
0.8600
0.8640
0.8723
0.8590
0.8530
0.8620
0.8693
0.8600
0.8610
0.8530
0.8693
0.8480
0.8570
0.8680
0.8723
0.8560
0.8720
0.8490
0.8602
0.8530
0.8510
0.8720
0.8632
0.8570
0.8630
0.8530
0.8693
0.8630
0.8610
0.8480
0.8723
0.8500
0.8550
0.8760
0.8450
0.8550
0.8620
0.8630
0.8480
0.8630
0.8480
0.8540
0.8936
0.8840
0.8500
0.8430
0.8571
0.8760
0.8560
0.8480
0.8480
0.8560
0.8710
0.8530
0.8480
0.8690
0.8380
0.8680
0.8632
0.8460
0.8590
0.8650
0.8784
0.8600
0.8520
0.8610
0.8693
0.8640
0.8500
0.8530
0.8875
0.8710
0.8540
0.8630
0.8237
0.8590
0.8550
0.8670
0.8450
0.8580
0.8580
0.8580
0.8632
0.8600
0.8610
0.8560
0.8541
0.8530
0.8750
0.8510
0.8511
0.8540
0.8600
0.8600
0.8663
0.8620
0.8640
0.8580
0.8389
0.8670
0.8500
0.8610
0.8571
0.8720
0.8560
0.8520
0.8511
0.8680
0.8500
0.8600
0.8602
0.8640
0.8590
0.8590
0.8480
0.8710
0.8480
0.8640
0.8450
0.8680
0.8420
0.8670
0.8632
0.8610
0.8650
0.8600
0.8298
0.8410
0.8760
0.8580
0.8663
0.8520
0.8560
0.8690
0.8632
0.8520
0.8500
0.8710
0.8754
0.8530
0.8750
0.8620
0.8237
0.8590
0.8640
0.8650
0.8298
0.8750
0.8450
0.8530
0.8754
0.8540
0.8560
0.8680
0.8602
0.8700
0.8560
0.8560
0.8480
0.8620
0.8490
0.8670
0.8602
0.8480
0.8660
0.8630
0.8602
0.8480
0.8570
0.8700
0.8693
0.8690
0.8580
0.8560
0.8450
0.8650
0.8640
0.8470
0.8663
0.8440
0.8760
0.8510
0.8815
0.8690
0.8440
0.8640
0.8632
0.8520
0.8680
0.8520
0.8784
0.8570
0.8650
0.8510
0.8754
0.8660
0.8620
0.8610
0.8267
0.8580
0.8560
0.8610
0.8693
0.8730
0.8700
0.8420
0.8389
0.8690
0.8560
0.8620
0.8328
0.8490
0.8600
0.8640
0.8754
0.8480
0.8600
0.8690
0.8632
0.8660
0.8540
0.8610
0.8511
0.8590
0.8580
0.8590
0.8693
0.8600
0.8390
0.8720
0.8845
0.8680
0.8540
0.8520
0.8754
0.8680
0.8510
0.8660
0.8419
0.8640
0.8590
0.8580
0.8541
0.8610
0.8530
0.8560
0.8875
0.8540
0.8640
0.8590
0.8663
0.8480
0.8630
0.8660
0.8663
0.8610
0.8550
0.8630
0.8602
0.8480
0.8670
0.8620
0.8663
0.8570
0.8760
0.8500
0.8480
0.8760
0.8520
0.8490
0.8663
0.8440
0.8680
0.8650
0.8663
0.8650
0.8530
0.8590
0.8663
0.8710
0.8540
0.8550
0.8571
0.8680
0.8570
0.8600
0.8419
0.8660
0.8690
0.8500
0.8419
0.8700
0.8460
0.8650
0.8541
0.8570
0.8580
0.8680
0.8480
0.8430
0.8640
0.8640
0.8845
0.8690
0.8420
0.8720
0.8480
0.8600
0.8490
0.8670
0.8693
0.8610
0.8450
0.8670
0.8784
0.8540
0.8640
0.8570
0.8723
0.8700
0.8490
0.8610
0.8571
0.8540
0.8650
0.8550
0.8754
0.8460
0.8410
0.8780
0.9027
0.8430
0.8660
0.8720
0.8541
0.8610
0.8580
0.8640
0.8480
0.8700
0.8430
0.8730
0.8389
0.8510
0.8620
0.8610
0.8754
0.8700
0.8530
0.8630
0.8389
0.8660
0.8650
0.8520
0.8480
0.8480
0.8720
0.8670
0.8359
0.8620
0.8640
0.8560
0.8511
0.8490
0.8590
0.8670
0.8754
0.8700
0.8630
0.8390
0.8845
0.8510
0.8530
0.8740
0.8663
0.8570
0.8680
0.8500
0.8754
0.8610
0.8710
0.8570
0.8328
0.8550
0.8730
0.8550
0.8511
0.8620
0.8610
0.8510
0.8784
0.8600
0.8640
0.8430
0.8997
0.8570
0.8600
0.8630
0.8602
0.8650
0.8620
0.8520
0.8632
0.8480
0.8650
0.8710
0.8480
0.8530
0.8630
0.8610
0.8663
0.8670
0.8670
0.8420
0.8693
0.8420
0.8730
0.8600
0.8723
0.8680
0.8610
0.8500
0.8632
0.8560
0.8580
0.8620
0.8723
0.8580
0.8640
0.8600
0.8511
0.8590
0.8640
0.8500
0.8815
0.8540
0.8750
0.8550
0.8480
0.8700
0.8510
0.8510
0.8906
0.8490
0.8710
0.8740
0.8237
0.8630
0.8620
0.8620
0.8419
0.8680
0.8600
0.8580
0.8419
0.8660
0.8560
0.8590
0.8571
0.8560
0.8540
0.8680
0.8663
0.8670
0.8530
0.8590
0.8632
0.8660
0.8640
0.8520
0.8571
0.8460
0.8800
0.8490
0.8784
0.8310
0.8690
0.8730
0.8845
0.8640
0.8590
0.8700
0.8237
0.8560
0.8570
0.8720
0.8480
0.8580
0.8810
0.8480
0.8450
0.8720
0.8550
0.8510
0.8723
0.8720
0.8470
0.8640
0.8571
0.8760
0.8690
0.8480
0.8267
0.8470
0.8620
0.8620
0.8936
0.8540
0.8500
0.8740
0.8723
0.8600
0.8510
0.8670
0.8754
0.8650
0.8620
0.8510
0.8723
0.8530
0.8430
0.8700
0.9088
0.8700
0.8650
0.8470
0.8602
0.8420
0.8650
0.8710
0.8723
0.8440
0.8720
0.8600
0.8784
0.8570
0.8690
0.8580
0.8541
0.8560
0.8620
0.8600
0.8723
0.8590
0.8550
0.8730
0.8480
0.8550
0.8600
0.8690
0.8571
0.8740
0.8470
0.8620
0.8602
0.8690
0.8520
0.8560
0.8815
0.8630
0.8760
0.8520
0.8419
0.8600
0.8590
0.8680
0.8541
0.8630
0.8470
0.8750
0.8602
0.8780
0.8510
0.8510
0.8754
0.8630
0.8660
0.8570
0.8571
0.8470
0.8750
0.8510
0.8967
0.8620
0.8680
0.8560
0.8571
0.8530
0.8660
0.8710
0.8450
0.8610
0.8650
0.8640
0.8450
0.8570
0.8670
0.8610
0.8602
0.8500
0.8750
0.8530
0.8815
0.8630
0.8650
0.8600
0.8511
0.8470
0.8630
0.8680
0.8845
0.8520
0.8630
0.8690
0.8663
0.8690
0.8620
0.8520
0.8693
0.8800
0.8550
0.8520
0.8541
0.8770
0.8600
0.8460
0.8663
0.8540
0.8500
0.8760
0.8754
0.8640
0.8650
0.8610
0.8450
0.8640
0.8630
0.8620
0.8480
0.8730
0.8590
0.8540
0.8571
0.8540
0.8850
0.8510
0.8450
0.8360
0.8620
0.8890
0.8541
0.8730
0.8810
0.8390
0.8359
0.8630
0.8660
0.8570
0.8541
0.8470
0.8690
0.8630
0.8784
0.8500
0.8630
0.8640
0.8845
0.8670
0.8600
0.8520
0.8784
0.8650
0.8670
0.8500
0.8693
0.8560
0.8670
0.8700
0.8359
0.8700
0.8630
0.8600
0.8359
0.8610
0.8460
0.8750
0.8663
0.8490
0.8520
0.8740
0.8875
0.8550
0.8660
0.8560
0.8815
0.8540
0.8690
0.8610
0.8571
0.8570
0.8660
0.8570
0.8723
0.8590
0.8690
0.8520
0.8723
0.8590
0.8370
0.8810
0.8815
0.8550
0.8710
0.8640
0.8450
0.8650
0.8670
0.8550
0.8571
0.8560
0.8660
0.8660
0.8541
0.8520
0.8560
0.8770
0.8632
0.8400
0.8740
0.8720
0.8602
0.8570
0.8530
0.8740
0.8663
0.8720
0.8560
0.8590
0.8571
0.8640
0.8600
0.8630
0.8571
0.8690
0.8650
0.8540
0.8541
0.8590
0.8670
0.8610
0.8571
0.8620
0.8710
0.8590
0.8419
0.8590
0.8610
0.8620
0.8723
0.8420
0.8780
0.8660
0.8602
0.8520
0.8510
0.8790
0.8723
0.8720
0.8650
0.8530
0.8480
0.8580
0.8640
0.8640
0.8602
0.8630
0.8670
0.8540
0.8663
