0.0610
0.0620
0.0460
0.0600
0.0630
0.0620
0.0491
0.0560
0.0570
0.0610
0.0630
0.0690
0.0730
0.0633
0.0820
0.0700
0.0790
0.0740
0.0800
0.0620
0.0680
0.0840
0.0830
0.1070
0.0830
0.0940
0.0960
0.1060
0.0950
0.1150
0.1060
0.1090
0.1170
0.1150
0.1313
0.1160
0.1140
0.1340
0.1200
0.1440
0.1390
0.1519
0.1340
0.1420
0.1580
0.1490
0.1460
0.1620
0.1551
0.1700
0.1580
0.1710
0.1660
0.1850
0.1870
0.1820
0.1850
0.1730
0.1790
0.2050
0.1780
0.1950
0.1962
0.1900
0.1900
0.2170
0.2050
0.2040
0.2120
0.2358
0.2250
0.2410
0.2350
0.2300
0.2030
0.2130
0.2532
0.2560
0.2510
0.2550
0.2410
0.2480
0.2600
0.2547
0.2690
0.2860
0.2960
0.2790
0.2630
0.2990
0.2801
0.3000
0.3020
0.3100
0.3170
0.3170
0.3170
0.3544
0.3540
0.3250
0.3350
0.3560
0.3540
0.3620
0.3481
0.3860
0.3740
0.3850
0.3740
0.4310
0.3560
0.3845
0.4370
0.4090
0.3950
0.4430
0.4370
0.4180
0.4557
0.4630
0.4520
0.4320
0.4600
0.4880
0.4780
0.4810
0.5140
0.4910
0.4930
0.4800
0.5120
0.5120
0.5079
0.5260
0.5170
0.5310
0.5250
0.5520
0.5510
0.5316
0.5640
0.5310
0.5500
0.5660
0.5550
0.5750
0.5744
0.5650
0.5910
0.5610
0.5990
0.5850
0.5720
0.6013
0.5900
0.5910
0.6090
0.6040
0.5760
0.6240
0.6108
0.6030
0.6070
0.5990
0.6250
0.6410
0.6070
0.6472
0.6370
0.6190
0.5990
0.6340
0.6370
0.6430
0.6392
0.6530
0.6350
0.6490
0.6250
0.6410
0.6600
0.6472
0.6370
0.6490
0.6480
0.6670
0.6530
0.6610
0.6693
0.6550
0.6640
0.6390
0.6720
0.6730
0.6830
0.6804
0.6770
0.6900
0.6870
0.6620
0.6570
0.7090
0.6835
0.6820
0.6970
0.6830
0.6670
0.7030
0.7040
0.7421
0.6910
0.6990
0.6930
0.7310
0.7160
0.7130
0.7421
0.7200
0.7210
0.7180
0.7120
0.7330
0.7360
0.7579
0.6980
0.7570
0.7240
0.7430
0.7530
0.7580
0.7484
0.7470
0.7440
0.7670
0.7190
0.7510
0.7630
0.7832
0.7660
0.7610
0.7700
0.7450
0.7560
0.7750
0.7769
0.7780
0.7710
0.7630
0.7970
0.7530
0.7600
0.7832
0.7900
0.7620
0.7850
0.7730
0.7990
0.7690
0.7690
0.7930
0.7730
0.7620
0.8140
0.7800
0.7910
0.7880
0.7820
0.7960
0.7940
0.7780
0.8200
0.8000
0.7753
0.7800
0.7930
0.8170
0.8040
0.7920
0.7930
0.8070
0.8030
0.8210
0.7680
0.7950
0.8190
0.8080
0.7959
0.7970
0.7960
0.8050
0.8020
0.8050
0.8290
0.7943
0.7940
0.8110
0.8020
0.7820
0.8170
0.8330
0.8149
0.7950
0.8140
0.8090
0.8110
0.8000
0.8180
0.8275
0.8210
0.8110
0.8210
0.8010
0.7990
0.8040
0.8228
0.8170
0.8100
0.8010
0.8020
0.8230
0.8160
0.8244
0.8120
0.8060
0.8050
0.8180
0.8170
0.8210
0.8275
0.8020
0.8160
0.8160
0.8260
0.8250
0.8030
0.8339
0.8270
0.7940
0.8240
0.8430
0.8150
0.8160
0.7943
0.8290
0.8090
0.8240
0.8120
0.8180
0.8230
0.8149
0.8130
0.8000
0.8390
0.8270
0.8340
0.8140
0.8101
0.8170
0.8240
0.8020
0.8310
0.8350
0.8250
0.8101
0.8290
0.8470
0.8090
0.8130
0.8110
0.8220
0.8259
0.8220
0.8130
0.8120
0.8280
0.8360
0.8180
0.8354
0.8180
0.8210
0.8140
0.8440
0.8150
0.8200
0.8339
0.8580
0.8010
0.8140
0.8360
0.8150
0.8170
0.8291
0.8230
0.8410
0.8300
0.8210
0.8120
0.8330
0.8054
0.8340
0.8430
0.8210
0.8030
0.8240
0.8250
0.8339
0.8290
0.8120
0.8320
0.8210
0.8390
0.8290
0.8259
0.8150
0.8450
0.8160
0.8280
0.8300
0.8180
0.8576
0.8120
0.8200
0.8420
0.8400
0.8340
0.8300
0.8291
0.8040
0.8610
0.8300
0.8380
0.8440
0.8050
0.8418
0.8360
0.8370
0.8300
0.8300
0.8320
0.8370
0.8323
0.8420
0.8120
0.8470
0.8370
0.8460
0.8300
0.8196
0.8260
0.8450
0.8410
0.8330
0.8230
0.8330
0.8528
0.8270
0.8440
0.8300
0.8510
0.8590
0.8140
0.8259
0.8460
0.8340
0.8300
0.8370
0.8390
0.8490
0.8165
0.8520
0.8380
0.8280
0.8330
0.8490
0.8290
0.8323
0.8340
0.8380
0.8280
0.8610
0.8500
0.8200
0.8386
0.8270
0.8290
0.8560
0.8350
0.8240
0.8520
0.8592
0.8440
0.8170
0.8520
0.8350
0.8310
0.8580
0.8418
0.8220
0.8560
0.8460
0.8270
0.8490
0.8370
0.8560
0.8630
0.8450
0.8390
0.8310
0.8250
0.8510
0.8339
0.8500
0.8340
0.8440
0.8450
0.8290
0.8420
0.8528
0.8640
0.8240
0.8280
0.8610
0.8410
0.8450
0.8323
0.8750
0.8380
0.8340
0.8530
0.8360
0.8400
0.8196
0.8330
0.8400
0.8470
0.8410
0.8400
0.8720
0.8259
0.8450
0.8480
0.8450
0.8390
0.8290
0.8560
0.8497
0.8400
0.8630
0.8320
0.8360
0.8330
0.8670
0.8386
0.8610
0.8580
0.8520
0.8410
0.8350
0.8190
0.8513
0.8350
0.8480
0.8470
0.8480
0.8460
0.8560
0.8370
0.8540
0.8410
0.8640
0.8370
0.8550
0.8370
0.8291
0.8520
0.8550
0.8500
0.8390
0.8470
0.8550
0.8180
0.8600
0.8410
0.8530
0.8370
0.8380
0.8510
0.8481
0.8540
0.8410
0.8380
0.8560
0.8460
0.8590
0.8370
0.8480
0.8300
0.8420
0.8590
0.8660
0.8550
0.8354
0.8570
0.8360
0.8500
0.8500
0.8480
0.8560
0.8418
0.8190
0.8530
0.8660
0.8420
0.8640
0.8470
0.8513
0.8360
0.8540
0.8470
0.8650
0.8480
0.8360
0.8623
0.8620
0.8440
0.8260
0.8540
0.8530
0.8640
0.8434
0.8580
0.8430
0.8490
0.8530
0.8600
0.8390
0.8434
0.8520
0.8520
0.8540
0.8610
0.8520
0.8330
0.8449
0.8510
0.8620
0.8620
0.8250
0.8540
0.8460
0.8544
0.8540
0.8590
0.8440
0.8410
0.8460
0.8670
0.8434
0.8550
0.8540
0.8430
0.8480
0.8490
0.8640
0.8418
0.8510
0.8540
0.8530
0.8550
0.8450
0.8540
0.8434
0.8570
0.8570
0.8630
0.8530
0.8420
0.8430
0.8418
0.8640
0.8440
0.8500
0.8430
0.8690
0.8490
0.8402
0.8410
0.8680
0.8440
0.8530
0.8690
0.8540
0.8354
0.8440
0.8580
0.8560
0.8570
0.8420
0.8530
0.8655
0.8560
0.8620
0.8450
0.8520
0.8460
0.8590
0.8497
0.8790
0.8520
0.8520
0.8470
0.8380
0.8450
0.8623
0.8540
0.8460
0.8350
0.8660
0.8470
0.8700
0.8576
0.8630
0.8650
0.8530
0.8420
0.8310
0.8640
0.8576
0.8540
0.8710
0.8430
0.8540
0.8530
0.8460
0.8592
0.8410
0.8550
0.8640
0.8540
0.8660
0.8540
0.8434
0.8530
0.8560
0.8720
0.8610
0.8480
0.8490
0.8434
0.8480
0.8600
0.8770
0.8550
0.8560
0.8440
0.8513
0.8580
0.8770
0.8570
0.8480
0.8440
0.8540
0.8560
0.8680
0.8650
0.8590
0.8360
0.8580
0.8680
0.8339
0.8630
0.8590
0.8610
0.8570
0.8390
0.8520
0.8718
0.8650
0.8540
0.8400
0.8590
0.8660
0.8460
0.8718
0.8740
0.8470
0.8530
0.8500
0.8490
0.8640
0.8639
0.8650
0.8580
0.8600
0.8590
0.8540
0.8490
0.8544
0.8580
0.8680
0.8560
0.8570
0.8780
0.8290
0.8592
0.8700
0.8570
0.8480
0.8690
0.8440
0.8470
0.8782
0.8530
0.8570
0.8610
0.8590
0.8440
0.8700
0.8655
0.8560
0.8580
0.8510
0.8840
0.8640
0.8360
0.8592
0.8500
0.8540
0.8820
0.8500
0.8550
0.8590
0.8592
0.8460
0.8770
0.8690
0.8470
0.8540
0.8610
0.8528
0.8550
0.8630
0.8600
0.8520
0.8610
0.8550
0.8671
0.8540
0.8650
0.8520
0.8570
0.8730
0.8600
0.8449
0.8520
0.8460
0.8650
0.8750
0.8730
0.8610
0.8323
0.8700
0.8560
0.8340
0.8720
0.8620
0.8660
0.8576
0.8800
0.8520
0.8660
0.8470
0.8490
0.8660
0.8592
0.8620
0.8800
0.8680
0.8540
0.8540
0.8390
0.8655
0.8610
0.8630
0.8500
0.8530
0.8670
0.8630
0.8655
0.8580
0.8530
0.8700
0.8610
0.8510
0.8640
0.8671
0.8550
0.8500
0.8590
0.8720
0.8650
0.8670
0.8513
0.8590
0.8610
0.8440
0.8790
0.8620
0.8550
0.8655
0.8540
0.8730
0.8650
0.8550
0.8680
0.8610
0.8386
0.8570
0.8550
0.8600
0.8790
0.8630
0.8550
0.8544
0.8610
0.8670
0.8740
0.8530
0.8630
0.8510
0.8560
0.8580
0.8720
0.8480
0.8510
0.8760
0.8610
0.8608
0.8550
0.8670
0.8580
0.8660
0.8620
0.8540
0.8639
0.8710
0.8740
0.8550
0.8570
0.8580
0.8570
0.8481
0.8580
0.8580
0.8400
0.8630
0.8670
0.8630
0.8845
0.8560
0.8590
0.8690
0.8760
0.8510
0.8390
0.8877
0.8550
0.8300
0.8510
0.8670
0.8650
0.8830
0.8845
0.8670
0.8830
0.8520
0.8410
0.8620
0.8670
0.8528
0.8360
0.8580
0.8790
0.8690
0.8640
0.8510
0.8782
0.8630
0.8680
0.8740
0.8390
0.8640
0.8650
0.8544
0.8630
0.8530
0.8670
0.8590
0.8710
0.8550
0.8623
0.8620
0.8710
0.8400
0.8560
0.8750
0.8600
0.8703
0.8640
0.8710
0.8650
0.8550
0.8690
0.8490
0.8544
0.8470
0.8750
0.8450
0.8590
0.8720
0.8690
0.8671
0.8500
0.8570
0.8670
0.8520
0.8670
0.8870
0.8481
0.8600
0.8560
0.8570
0.8780
0.8550
0.8610
0.8782
0.8740
0.8590
0.8670
0.8600
0.8650
0.8570
0.8544
0.8690
0.8660
0.8580
0.8720
0.8510
0.8580
0.8671
0.8730
0.8660
0.8580
0.8650
0.8400
0.8690
0.8750
0.8690
0.8630
0.8740
0.8680
0.8400
0.8600
0.8703
0.8480
0.8700
0.8580
0.8710
0.8730
0.8650
0.8528
0.8640
0.8530
0.8600
0.8830
0.8620
0.8500
0.8734
0.8620
0.8700
0.8640
0.8570
0.8720
0.8480
0.8703
0.8450
0.8840
0.8600
0.8690
0.8600
0.8570
0.8687
0.8590
0.8650
0.8740
0.8560
0.8590
0.8760
0.8497
0.8680
0.8580
0.8680
0.8740
0.8670
0.8530
0.8528
0.8710
0.8340
0.8490
0.8820
0.8820
0.8720
0.8528
0.8660
0.8760
0.8630
0.8630
0.8610
0.8470
0.8813
0.8530
0.8810
0.8770
0.8760
0.8430
0.8610
0.8608
0.8670
0.8630
0.8720
0.8710
0.8640
0.8500
0.8687
0.8720
0.8660
0.8530
0.8740
0.8660
0.8560
0.8687
0.8560
0.8720
0.8670
0.8800
0.8570
0.8490
0.8797
0.8740
0.8540
0.8730
0.8600
0.8580
0.8650
0.8766
0.8600
0.8740
0.8680
0.8670
0.8660
0.8580
0.8623
0.8660
0.8330
0.8780
0.8680
0.8650
0.8710
0.8829
0.8860
0.8640
0.8630
0.8650
0.8520
0.8640
0.8623
0.8730
0.8660
0.8720
0.8520
0.8740
0.8630
0.8560
0.8700
0.8500
0.8810
0.8640
0.8620
0.8700
0.8687
0.8680
0.8650
0.8490
0.8600
0.8680
0.8950
0.8528
0.8780
0.8690
0.8480
0.8570
0.8740
0.8650
0.8718
0.8690
0.8460
0.8870
0.8650
0.8620
0.8620
0.8703
0.8760
0.8620
0.8570
0.8560
0.8750
0.8830
0.8449
0.8650
0.8690
0.8710
0.8560
0.8720
0.8690
0.8560
0.8570
0.8740
0.8520
0.8830
0.8760
0.8700
0.8402
0.8690
0.8540
0.8640
0.8680
0.8730
0.8640
0.8734
0.8560
0.8470
0.8850
0.8610
0.8740
0.8700
0.8734
0.8830
0.8660
0.8640
0.8720
0.8760
0.8490
0.8513
0.8740
0.8540
0.8580
0.8720
0.8670
0.8810
0.8608
0.8580
0.8590
0.8750
0.8650
0.8520
0.8820
0.8877
0.8660
0.8600
0.8810
0.8550
0.8520
0.8830
0.8782
0.8670
0.8740
0.8710
0.8560
0.8690
0.8660
0.8687
0.8750
0.8900
0.8720
0.8680
0.8560
0.8530
0.8497
0.8790
0.8490
0.8710
0.8830
0.8660
0.8550
0.8671
0.8660
0.8690
0.8700
0.8670
0.8780
0.8600
0.8608
0.8590
0.8550
0.8650
0.8880
0.8760
0.8670
0.8623
0.8800
0.8660
0.8770
0.8580
0.8790
0.8570
0.8513
0.8700
0.8580
0.8790
0.8580
0.8750
0.8610
0.8766
0.8750
0.8740
0.8630
0.8670
0.8670
0.8670
0.8608
0.8630
0.8730
0.8780
0.8660
0.8690
0.8570
0.8703
0.8790
0.8640
0.8560
0.8560
0.8840
0.8630
0.8766
0.8780
0.8640
0.8600
0.8690
0.8620
0.8750
0.8671
0.8630
0.8690
0.8700
0.8560
0.8700
0.8680
0.8861
0.8730
0.8700
0.8650
0.8710
0.8580
0.8650
0.8750
0.8720
0.8720
0.8550
0.8580
0.8700
0.8730
0.8782
0.8730
0.8680
0.8820
0.8710
0.8510
0.8720
0.8560
0.8620
0.8830
0.8660
0.8650
0.8780
0.8700
0.8449
0.8700
0.8830
0.8600
0.8660
0.8530
0.8770
0.8718
0.8670
0.8640
0.8690
0.8870
0.8760
0.8570
0.8576
0.8680
0.8600
0.8730
0.8720
0.8750
0.8660
0.8671
0.8830
0.8880
0.8670
0.8460
0.8710
0.8640
0.8623
0.8720
0.8710
0.8670
0.8750
0.8750
0.8670
0.8528
0.8750
0.8560
0.8570
0.8730
0.8690
0.8770
0.8845
0.8610
0.8660
0.8680
0.8710
0.8640
0.8840
0.8766
0.8860
0.8680
0.8770
0.8540
0.8730
0.8610
0.8671
0.8660
0.8670
0.8700
0.8830
0.8730
0.8770
0.8402
0.8530
0.8870
0.8650
0.8570
0.8670
0.8860
0.8734
0.8550
0.8710
0.8760
0.8830
0.8670
0.8680
0.8655
0.8790
0.8470
0.8570
0.8600
0.8930
0.8690
0.8892
0.8740
0.8900
0.8770
0.8680
0.8660
0.8450
0.8655
0.8700
0.8820
0.8730
0.8700
0.8560
0.8730
0.8576
0.8540
0.8610
0.8540
0.8840
0.8900
0.8700
0.8750
0.8790
0.8690
0.8740
0.8830
0.8690
0.8440
0.8639
0.8680
0.8660
0.8740
0.8820
0.8620
0.8570
0.8797
0.8640
0.8680
0.8870
0.8760
0.8720
0.8620
0.8465
0.8570
0.8770
0.8540
0.8800
0.8540
0.8840
0.8829
0.8620
0.8790
0.8600
0.8670
0.8690
0.8700
0.8813
0.8710
0.8520
0.8670
0.8830
0.8750
0.8790
0.8481
0.8590
0.8790
0.8680
0.8870
0.8490
0.8740
0.8687
0.8810
0.8650
0.8710
0.8770
0.8630
0.8770
0.8402
0.8840
0.8470
0.8730
0.8870
0.8790
0.8640
0.8434
0.8770
0.8670
0.8650
0.8770
0.8600
0.8800
0.8576
0.8680
0.8740
0.8700
0.8670
0.8620
0.8800
0.8655
0.8550
0.8710
0.8680
0.8780
0.8630
0.8840
0.8687
0.8630
0.8840
0.8830
0.8550
0.8610
0.8630
0.8813
0.8770
0.8750
0.8600
0.8640
0.8840
0.8680
0.8513
0.8680
0.8780
0.8780
0.8700
0.8710
0.8590
0.8576
0.8780
0.8590
0.8750
0.8690
0.8760
0.8590
0.8703
0.8760
0.8700
0.8380
0.8790
0.8810
0.8650
0.8797
0.8780
0.8640
0.8700
0.8650
0.8780
0.8620
0.8671
0.8790
0.8680
0.8590
0.8700
0.8620
0.8720
0.8782
0.8700
0.8470
0.8420
0.8730
0.8820
0.8870
0.8924
0.8570
0.8770
0.8650
0.8760
0.8560
0.8780
0.8797
0.8780
0.8770
0.8550
0.8770
0.8610
0.8690
0.8718
0.8610
0.8740
0.8760
0.8750
0.8560
0.8700
0.8782
0.8570
0.8600
0.8770
0.8540
0.8820
0.8790
0.8829
0.8710
0.8810
0.8800
0.8400
0.8650
0.8720
0.8845
0.8760
0.8640
0.8580
0.8860
0.8760
0.8580
0.8734
0.8610
0.8860
0.8550
0.8850
0.8770
0.8630
0.8623
0.8730
0.8680
0.8730
0.8690
0.8620
0.8780
0.8671
0.8750
0.8600
0.8780
0.8630
0.8650
0.8730
0.8813
0.8570
0.8650
0.8550
0.8910
0.8600
0.8820
0.8861
0.8670
0.8570
0.8770
0.8890
0.8590
0.8850
0.8481
0.8650
0.8650
0.8890
0.8660
0.8820
0.8620
0.8560
0.8840
0.8730
0.8610
0.8540
0.8800
0.8660
0.8718
0.8740
0.8610
0.8700
0.8610
0.8750
0.8750
0.8750
0.8550
0.8580
0.8750
0.8850
0.8720
0.8580
0.8908
0.8910
0.8760
0.8550
0.8710
0.8580
0.8660
0.8718
0.8590
0.8760
0.8870
0.8730
0.8650
0.8600
0.8687
0.8680
0.8730
0.8660
0.8650
0.8760
0.8640
0.8845
0.8670
0.8610
0.8850
0.8640
0.8610
0.8700
0.8892
0.8510
0.8940
0.8570
0.8800
0.8840
0.8620
0.8592
0.8740
0.8780
0.8710
0.8710
0.8850
0.8500
0.8608
0.8800
0.8690
0.8640
0.8740
0.8740
0.8670
0.8608
0.8740
0.8630
0.8770
0.8610
0.8780
0.8780
0.8560
0.8800
0.8590
0.8760
0.8710
0.8600
0.8790
0.8671
0.8670
0.8750
0.8590
0.8900
0.8640
0.8730
0.8623
0.8820
0.8660
0.8720
0.8650
0.8590
0.8760
0.8734
0.8550
0.8670
0.8780
0.8720
0.8960
0.8640
0.8528
0.8550
0.8860
0.8570
0.8840
0.8600
0.8760
0.8766
0.8590
0.8770
0.8730
0.8760
0.8640
0.8780
0.8639
0.8720
0.8780
0.8640
0.8640
0.8680
0.8650
0.8892
0.8820
0.8560
0.8690
0.8760
0.8760
0.8560
0.8845
0.8640
0.8770
0.8720
0.8650
0.8750
0.8650
0.8797
0.8640
0.8600
0.8760
0.8600
0.8790
0.8710
0.8908
0.8760
0.8690
0.8700
0.8860
0.8640
0.8720
0.8513
0.8560
0.8640
0.8560
0.8840
0.8950
0.8590
0.8861
0.8630
0.8730
0.8730
0.8740
0.8610
0.8770
0.8766
0.8590
0.8700
0.8630
0.8610
0.8800
0.8920
0.8718
0.8890
0.8730
0.8570
0.8810
0.8660
0.8720
0.8513
0.8490
0.8630
0.8700
0.8840
0.8790
0.8650
0.8956
0.8820
0.8750
0.8530
0.8700
0.8790
0.8620
0.8766
0.8550
0.8840
0.8830
0.8580
0.8740
0.8710
0.8718
0.8670
0.8710
0.8820
0.8820
0.8620
0.8640
0.8687
0.8790
0.8850
0.8620
0.8700
0.8710
0.8640
0.8639
0.8800
0.8620
0.8630
0.8640
0.8730
0.8730
0.8908
0.8580
0.8870
0.8750
0.8780
0.8690
0.8570
0.8782
0.8990
0.8640
0.8640
0.8560
0.8660
0.8650
0.8972
0.8690
0.8670
0.8820
0.8720
0.8660
0.8690
0.8782
0.8660
0.8740
0.8640
0.8630
0.8710
0.8820
0.8861
0.8760
0.8600
0.8680
0.8770
0.8700
0.8790
0.8734
0.8710
0.8710
0.8610
0.8690
0.8660
0.8730
0.8987
0.8780
0.8700
0.8600
0.8700
0.8830
0.8810
0.8497
0.8900
0.8580
0.8660
0.8980
0.8490
0.8660
0.8718
0.8850
0.8660
0.8780
0.8810
0.8650
0.8770
0.8339
0.8670
0.8630
0.8780
0.8690
0.8780
0.8720
0.8734
0.8710
0.8740
0.8780
0.8820
0.8650
0.8780
0.8402
0.8700
0.8600
0.8650
0.8860
0.8720
0.8720
0.8766
0.8770
0.8780
0.8830
0.8820
0.8540
0.8580
0.8718
0.8710
0.8810
0.8680
0.8690
0.8760
0.8610
0.8813
0.8640
0.8610
0.8740
0.8750
0.8730
0.8860
0.8718
0.8740
0.8800
0.8710
0.8710
0.8740
0.8570
0.8797
0.8720
0.8720
0.8680
0.8670
0.8790
0.8760
0.8734
0.8740
0.8700
0.8870
0.8710
0.8610
0.8720
0.8718
0.8960
0.8700
0.8690
0.8640
0.8710
0.8620
0.8813
0.8710
0.8530
0.8670
0.8750
0.8860
0.8840
0.8734
0.8670
0.8550
0.8850
0.8600
0.8870
0.8780
0.8797
0.8750
0.8640
0.8740
0.8740
0.8700
0.8710
0.8877
0.8680
0.8620
0.8660
0.8850
0.8690
0.8810
0.8829
0.8800
0.8820
0.8730
0.8760
0.8920
0.8600
0.8323
0.8880
0.8660
0.8650
0.8550
0.8720
0.8840
0.8861
0.8500
0.8660
0.8820
0.8690
0.8680
0.8900
0.8908
0.8720
0.8700
0.8700
0.8680
0.8710
0.8620
0.9114
0.8790
0.8700
0.8610
0.8760
0.8710
0.8790
0.8734
0.8800
0.8670
0.8750
0.8730
0.8830
0.8620
0.8655
0.8670
0.8750
0.8710
0.8880
0.8690
0.8650
0.8734
0.8780
0.8780
0.8730
0.8650
0.8950
0.8570
0.8544
0.8860
0.8620
0.8820
0.8520
0.8900
0.8770
0.8481
0.8710
0.8760
0.8630
0.8890
0.8640
0.8660
0.8782
0.8550
0.8820
0.8630
0.8900
0.8690
0.8880
0.8497
0.8750
0.8570
0.8740
0.8730
0.8730
0.8870
0.8639
0.8680
0.8660
0.8660
0.8780
0.8830
0.8740
0.8703
0.8740
0.8680
0.8990
0.8550
0.8630
0.8700
0.8797
0.8770
0.8800
0.8520
0.8830
0.8700
0.8730
0.8734
0.8580
0.8660
0.8780
0.8720
0.8810
0.8780
0.8782
0.8640
0.8920
0.8690
0.8730
0.8620
0.8740
0.8797
0.8720
0.8780
0.8580
0.8810
0.8800
0.8690
0.8718
0.8630
0.8650
0.8710
0.8760
0.8870
0.8750
0.8734
0.8610
0.8640
0.8750
0.8870
0.8720
0.8720
0.8845
0.8740
0.8710
0.8780
0.8820
0.8660
0.8710
0.8671
0.8770
0.8820
0.8940
0.8650
0.8590
0.8830
0.8434
0.8680
0.8720
0.8560
0.8810
0.8780
0.8830
0.8782
0.8630
0.8630
0.8760
0.8820
0.8660
0.8850
0.8829
0.8930
0.8710
0.8670
0.8690
0.8680
0.8710
0.8782
0.8730
0.8820
0.8710
0.8660
0.8700
0.8660
0.8956
0.8840
0.8640
0.8740
0.8900
0.8600
0.8660
0.8797
0.8610
0.8840
0.8590
0.8740
0.8830
0.8720
0.8892
0.8850
0.8600
0.8850
0.8730
0.8800
0.8620
0.8750
0.8660
0.8740
0.8740
0.8720
0.8750
0.8790
0.8845
0.8740
0.8700
0.8760
0.8930
0.8730
0.8700
0.8608
0.8710
0.8780
0.8780
0.8680
0.8850
0.8720
0.8671
0.8800
0.8830
0.8570
0.8630
0.8780
0.8870
0.8734
0.8620
0.8870
0.8690
0.8660
0.8760
0.8680
0.9051
0.8770
0.8710
0.8830
0.8780
0.8650
0.8730
0.8782
0.8580
0.8870
0.8760
0.8780
0.8740
0.8840
0.8623
0.8880
0.8610
0.8790
0.8760
0.8700
0.8830
0.8623
0.8930
0.8670
0.8590
0.8940
0.8580
0.8880
0.8608
0.8700
0.8780
0.8740
0.8780
0.8660
0.8800
0.8813
0.8800
0.8750
0.8870
0.8790
0.8650
0.8700
0.8687
0.8870
0.8740
0.8690
0.8860
0.8640
0.8660
0.8845
0.8690
0.8630
0.8720
0.8850
0.8680
0.8740
0.9082
0.8610
0.8920
0.8780
0.8780
0.8870
0.8720
0.8497
0.8720
0.8770
0.8770
0.8730
0.8720
0.8760
0.8829
0.8570
0.8820
0.8830
0.8720
0.8680
0.8820
0.8877
0.8840
0.8840
0.8700
0.8680
0.8720
0.8790
0.8655
0.8740
0.8990
0.8770
0.8800
0.8660
0.8480
0.8861
0.8710
0.8820
0.8790
0.8670
0.8660
0.8790
0.8877
0.8720
0.8690
0.8720
0.8800
0.8760
0.8830
0.8766
0.8740
0.8660
0.8780
0.8770
0.8800
0.8770
0.8766
0.8850
0.8720
0.8660
0.8880
0.8690
0.8690
0.8813
0.8650
0.8730
0.8720
0.8800
0.8780
0.8800
0.8829
0.8710
0.8760
0.8820
0.8730
0.8750
0.8760
0.8750
0.8680
0.8600
0.8920
0.8830
0.8630
0.8900
0.8703
0.8750
0.8750
0.8860
0.8600
0.8820
0.8650
0.8908
0.8740
0.8800
0.8870
0.8940
0.8520
0.8690
0.8703
0.8800
0.8820
0.8710
0.8600
0.8650
0.9000
0.8671
0.8890
0.8670
0.8640
0.8740
0.8840
0.8830
0.8623
0.8720
0.8660
0.8670
0.8840
0.8860
0.8690
0.8908
0.8810
0.8730
0.8680
0.8800
0.8790
0.8790
0.8655
0.8730
0.8720
0.8770
0.8750
0.8900
0.8710
0.8671
0.8930
0.8700
0.8780
0.8790
0.8750
0.8650
0.8623
0.8790
0.8690
0.8830
0.8870
0.8670
0.8680
0.8734
0.8840
0.8840
0.8620
0.8630
0.8620
0.8990
0.8718
0.8760
0.8700
0.8910
0.8920
0.8720
0.8540
0.8718
0.8890
0.8830
0.8770
0.8830
0.8580
0.8760
0.8544
0.8760
0.8640
0.8650
0.8840
0.8820
0.8830
0.8718
0.8720
0.8660
0.8920
0.8560
0.8860
0.8680
0.8972
0.8770
0.8770
0.8750
0.8740
0.8730
0.8760
0.8782
0.8780
0.8710
0.8740
0.8890
0.8690
0.8820
0.8576
0.8790
0.8750
0.8930
0.8650
0.8780
0.8700
0.8623
0.8860
0.8860
0.8670
0.8580
0.8770
0.8760
0.8782
0.8770
0.8770
0.8810
0.8610
0.8720
0.8820
0.8797
0.8800
0.8900
0.8650
0.8740
0.8790
0.8760
0.8576
0.8900
0.8750
0.8850
0.8730
0.8790
0.8650
0.8528
0.8800
0.8700
0.8630
0.8700
0.8910
0.8800
0.8703
0.8750
0.8730
0.8930
0.8700
0.8620
0.8770
0.8766
0.8710
0.8600
0.8830
0.8860
0.8880
0.8620
0.8766
0.8770
0.8560
0.8770
0.8700
0.8860
0.8800
0.8829
0.8750
0.8770
0.8800
0.8720
0.8610
0.8870
0.8734
0.8620
0.8790
0.8710
0.8720
0.8940
0.8730
0.8750
0.8640
0.8940
0.8830
0.8860
0.8720
0.8640
0.8576
0.8660
0.8820
0.8810
0.8700
0.8820
0.8690
0.8782
0.8730
0.8740
0.8850
0.8700
0.8760
0.8630
0.8940
0.8660
0.8720
0.8780
0.8820
0.9050
0.8600
0.8592
0.8740
0.8720
0.8840
0.8820
0.8660
0.8750
0.8750
0.8740
0.8700
0.8820
0.8640
0.8870
0.8810
0.8671
0.8680
0.8760
0.8820
0.8790
0.8800
0.8720
0.8687
0.8750
0.8820
0.8840
0.8740
0.8660
0.8700
0.8782
0.8820
0.8660
0.8500
0.8930
0.8820
0.8760
0.8813
0.8860
0.8680
0.8760
0.8870
0.8940
0.8610
0.8449
0.8930
0.8770
0.8770
0.8610
0.8660
0.8760
0.8813
0.8730
0.8780
0.8800
0.8790
0.8750
0.8720
0.8703
0.8690
0.8840
0.8790
0.8810
0.8680
0.8670
0.8845
0.8850
0.8580
0.8920
0.8680
0.8810
0.8690
0.8782
0.8710
0.8870
0.8730
0.8770
0.8690
0.8770
0.8766
0.8780
0.8770
0.8720
0.8740
0.8820
0.8790
0.8671
0.8790
0.8720
0.8630
0.8830
0.8940
0.8690
0.8703
0.8850
0.8910
0.8840
0.8780
0.8680
0.8670
0.8544
0.8760
0.8770
0.8850
0.8760
0.8740
0.8680
0.8813
0.8630
0.8890
0.8700
0.8740
0.8880
0.8770
0.8734
0.8620
0.8750
0.8930
0.8870
0.8740
0.8770
0.8623
0.8720
0.8700
0.8820
0.8830
0.8930
0.8640
0.8687
0.8780
0.8960
0.8740
0.8750
0.8680
0.8780
0.8608
0.8820
0.8760
0.8690
0.8730
0.8750
0.8800
0.8829
0.8860
0.8900
0.8760
0.8560
0.8730
0.8620
0.9035
0.8740
0.8820
0.8740
0.8710
0.8690
0.8810
0.8908
0.8790
0.8700
0.8770
0.8680
0.8920
0.8790
0.8687
0.8870
0.8800
0.8800
0.8740
0.8810
0.8810
0.8402
0.8830
0.8720
0.8770
0.8900
0.8660
0.8790
0.8655
0.8700
0.8880
0.8830
0.8730
0.8790
0.8680
0.8734
0.8790
0.8820
0.8700
0.8680
0.8800
0.8850
0.8687
0.8770
0.8830
0.8570
0.8840
0.8760
0.8700
0.8956
0.8750
0.8670
0.8910
0.8620
0.8770
0.8770
0.8924
0.8770
0.8800
0.8810
0.8760
0.8710
0.8640
0.8924
0.8760
0.8700
0.8760
0.8860
0.8800
0.8810
0.8608
0.8610
0.8770
0.8900
0.8680
0.8800
0.8860
0.8718
0.8750
0.8760
0.8880
0.8700
0.8770
0.8810
0.8639
0.8720
0.8780
0.8720
0.8750
0.8820
0.8790
0.8782
0.8710
0.8890
0.8770
0.8740
0.8900
0.8660
0.8623
0.8810
0.8650
0.8750
0.8950
0.8800
0.8640
0.8718
0.8830
0.8740
0.8710
0.8800
0.8730
0.8730
0.8813
0.8920
0.8880
0.8670
0.8590
0.8740
0.8860
0.8623
0.8750
0.8730
0.8820
0.8720
0.8700
0.8760
0.8908
0.8780
0.8580
0.8960
0.8750
0.8690
0.8880
0.8655
0.8850
0.8750
0.8820
0.8800
0.8630
0.8780
0.8655
0.8920
0.8930
0.8800
0.8660
0.8620
0.8750
0.8544
0.8780
0.8760
0.8690
0.8730
0.8780
0.8710
0.8908
0.8880
0.8690
0.8800
0.8880
0.8790
0.8460
0.8845
0.8830
0.8680
0.8680
0.8750
0.8730
0.8800
0.8877
0.8760
0.8670
0.8690
0.8790
0.8810
0.8710
0.8956
0.8720
0.8810
0.8790
0.8870
0.8540
0.8700
0.8956
0.8780
0.8860
0.8770
0.8730
0.8650
0.8830
0.8671
0.8780
0.8590
0.8860
0.8760
0.8660
0.8820
0.8908
0.8850
0.8940
0.8650
0.8680
0.8740
0.8810
0.8608
0.8590
0.8880
0.8810
0.8780
0.8710
0.8750
0.8845
0.8780
0.8740
0.8730
0.8790
0.8800
0.8690
0.8845
0.8850
0.8650
0.8780
0.8700
0.8830
0.8780
0.8750
0.8740
0.8690
0.8830
0.8800
0.8720
0.8790
0.8782
0.8870
0.8740
0.8770
0.8850
0.8750
0.8750
0.8544
0.8880
0.8700
0.8670
0.8690
0.8740
0.8870
0.8829
0.8850
0.8820
0.8720
0.8840
0.8730
0.8700
0.8639
0.8700
0.8790
0.8730
0.8670
0.8730
0.8990
0.8687
0.8590
0.8910
0.8740
0.8910
0.8630
0.8710
0.8877
0.8710
0.8770
0.8830
0.8770
0.8690
0.8860
0.8655
0.8730
0.8910
0.8890
0.8550
0.8740
0.8700
0.8845
0.8690
0.8720
0.8670
0.8820
0.8850
0.8770
0.8845
0.8690
0.8850
0.8860
0.8810
0.8740
0.8750
0.8576
0.8610
0.8610
0.9070
0.8740
0.8790
0.8880
0.8592
0.9000
0.8760
0.8580
0.8910
0.8740
0.8660
0.8655
0.8840
0.8900
0.8890
0.8730
0.8680
0.8640
0.8608
0.8820
0.8610
0.8860
0.8710
0.8580
0.8850
0.9019
0.8650
0.8760
0.8720
0.8700
0.8900
0.8830
0.8797
0.8850
0.8760
0.8690
0.8740
0.8940
0.8710
0.8592
0.8990
0.8690
0.8550
0.8870
0.8770
0.8730
0.8750
0.8650
0.8980
0.8700
0.8810
0.8810
0.8700
0.8655
0.8730
0.8750
0.8660
0.8680
0.8750
0.8870
0.8972
0.8730
0.8750
0.8600
0.8820
0.8840
0.8810
0.8797
0.8760
0.8650
0.8700
0.8740
0.8720
0.8830
0.9019
0.8760
0.8760
0.8770
0.8780
0.8690
0.8790
0.8782
0.8760
0.8620
0.8790
0.8680
0.8910
0.8800
0.8782
0.8690
0.8800
0.8710
0.8820
0.8780
0.8750
0.8813
0.8990
0.8680
0.8820
0.8900
0.8770
0.8620
0.8449
0.8780
0.8600
0.8570
0.8760
0.8900
0.8890
0.8892
0.8700
0.8810
0.8650
0.8760
0.8890
0.8790
0.8734
0.8950
0.8650
0.8890
0.8790
0.8730
0.8720
0.8544
0.8800
0.8860
0.8780
0.8610
0.8730
0.8890
0.8639
0.8770
0.8610
0.8700
0.8950
0.8750
0.8830
0.8750
0.8780
0.8750
0.8630
0.8910
0.8740
0.8790
0.8782
0.8780
0.8630
0.8910
0.8720
0.8890
0.8690
0.8750
0.8810
0.8750
0.8910
0.8760
0.8710
0.8780
0.8592
0.8880
0.8620
0.8580
0.8880
0.8940
0.8770
0.8671
0.8630
0.8720
0.8850
0.9040
0.8660
0.8860
0.8528
0.8780
0.8630
0.8820
0.8820
0.8660
0.8990
0.8608
0.8710
0.8740
0.8740
0.8720
0.8810
0.8840
0.8845
0.8690
0.8730
0.8770
0.8910
0.8930
0.8610
0.8718
0.8820
0.8750
0.8610
0.8790
0.8790
0.8840
0.8782
0.8840
0.8900
0.8740
0.8600
0.8800
0.8710
0.8797
0.8780
0.8710
0.8750
0.8810
0.8750
0.8830
0.8734
0.8890
0.8650
0.8790
0.8770
0.8720
0.8710
0.8877
0.8680
0.8810
0.8820
0.8870
0.8710
0.8700
0.8797
0.8900
0.8750
0.8740
0.8670
0.8670
0.8880
0.8750
0.8640
0.8800
0.8730
0.8770
0.8770
0.8820
0.8877
0.8720
0.8760
0.8670
0.8930
0.8720
0.8860
0.8671
0.8700
0.8800
0.8620
0.8660
0.8850
0.8800
0.9035
0.8900
0.8810
0.8800
0.8850
0.8650
0.8600
0.8734
0.8970
0.8670
0.8680
0.8610
0.8690
0.8890
0.8892
0.8820
0.8790
0.8490
0.8710
0.8880
0.8680
0.9114
0.8600
0.8700
0.8910
0.8860
0.8930
0.8630
0.8703
0.8820
0.8860
0.8790
0.8690
0.8830
0.8650
0.8687
0.8590
0.8820
0.8870
0.8700
0.8770
0.8680
0.9035
0.8750
0.8840
0.8600
0.8800
0.8790
0.8850
0.8734
0.8790
0.8780
0.8740
0.8720
0.8850
0.8810
0.8655
0.8500
0.8920
0.8630
0.8780
0.8810
0.8820
0.9019
0.8880
0.8650
0.8840
0.8740
0.9020
0.8620
0.8560
0.8700
0.8680
0.8900
0.8750
0.8940
0.8590
0.8861
0.8770
0.8570
0.8750
0.8820
0.8800
0.8830
0.8908
0.8630
0.8750
0.8770
0.8840
0.8710
0.8740
0.9066
0.8790
0.8860
0.8840
0.8780
0.8820
0.8660
0.8576
0.8640
0.8830
0.8740
0.8830
0.8630
0.8820
0.8987
0.8830
0.8740
0.8800
0.8890
0.8720
0.8600
0.8829
0.8580
0.8730
0.8880
0.8730
0.8830
0.8860
0.8782
0.8610
0.8750
0.8840
0.8760
0.8900
0.8710
0.8845
0.8760
0.8830
0.8740
0.8810
0.8650
0.8850
0.8718
0.8680
0.8790
0.8810
0.8720
0.8980
0.8700
0.8639
0.8950
0.8950
0.8610
0.8700
0.8750
0.8670
0.8718
0.8650
0.8990
0.8690
0.8900
0.8820
0.8600
0.8687
0.8760
0.8690
0.8740
0.8790
0.8790
0.8800
0.8829
0.8790
0.8740
0.8810
0.8840
0.8720
0.8690
0.8797
0.8800
0.8760
0.8760
0.8790
0.8620
0.8790
0.8908
0.8710
0.8900
0.8650
0.8660
0.8680
0.9030
0.8734
0.8850
0.8770
0.8750
0.8840
0.8540
0.8780
0.8892
0.8870
0.8750
0.8800
0.8660
0.8700
0.8880
0.8703
0.8710
0.8690
0.8660
0.8870
0.8870
0.8720
0.8924
0.8810
0.8820
0.8680
0.8860
0.8680
0.8720
0.8845
0.8770
0.8650
0.8860
0.8760
0.8910
0.8800
0.8576
0.8830
0.8720
0.8690
0.8870
0.8840
0.8640
0.8829
0.8720
0.8710
0.8780
0.8880
0.8660
0.8840
0.8845
0.8770
0.8630
0.8790
0.8850
0.8920
0.8750
0.8655
0.8770
0.8630
0.8840
0.8830
0.8810
0.8750
0.8766
0.8770
0.8690
0.8590
0.8900
0.8780
0.8920
0.8734
0.8830
0.8910
0.8870
0.8730
0.8780
0.8700
0.8465
0.8900
0.8770
0.8800
0.8780
0.8580
0.8860
0.8671
0.8780
0.8840
0.8750
0.8720
0.8850
0.8660
0.8813
0.8770
0.8730
0.8830
0.8730
0.8850
0.8820
0.8608
0.8750
0.8730
0.8820
0.8570
0.8760
0.8800
0.9082
0.8800
0.8800
0.8540
0.8550
0.8940
0.8830
0.9035
0.8720
0.8750
0.8790
0.8750
0.8790
0.8790
0.8829
0.8790
0.8800
0.8690
0.8870
0.8660
0.8780
0.8845
0.8760
0.8950
0.8720
0.8890
0.8620
0.8720
0.8734
0.8650
0.8680
0.8890
0.8760
0.8720
0.8900
0.8845
0.8870
0.8800
0.8680
0.8830
0.8790
0.8750
0.8655
0.8740
0.8830
0.8830
0.8700
0.8730
0.8820
0.8766
0.8680
0.8880
0.8750
0.8820
0.8790
0.8730
0.8766
0.8820
0.8650
0.8890
0.8750
0.8680
0.8870
0.8750
0.8710
0.8770
0.8640
0.8870
0.8740
0.8890
0.8813
0.8820
0.8910
0.8450
0.8890
0.8910
0.8700
0.8718
0.8830
0.8740
0.8790
0.8830
0.8760
0.8720
0.8734
0.8890
0.8700
0.8770
0.8820
0.8850
0.8570
0.8845
0.8800
0.8750
0.8670
0.8790
0.8820
0.8800
0.8797
0.8750
0.8810
0.8750
0.8780
0.8820
0.8580
0.9003
0.8740
0.8760
0.8830
0.8810
0.8760
0.8770
0.8718
0.8790
0.8910
0.8680
0.8650
0.9020
0.8670
0.8639
0.8780
0.8850
0.8800
0.8850
0.8710
0.8670
0.8734
0.8680
0.8760
0.8640
0.8610
0.8860
0.8970
0.8956
0.8860
0.8720
0.8770
0.8780
0.8730
0.8780
0.8766
0.8790
0.8690
0.8890
0.8730
0.8850
0.8760
0.8671
0.8960
0.8780
0.8930
0.8730
0.8700
0.8810
0.8354
0.8790
0.8840
0.8830
0.8770
0.8770
0.8660
0.8766
0.8770
0.8730
0.8680
0.8900
0.8750
0.8970
0.8544
0.8690
0.8960
0.8760
0.8850
0.8690
0.8790
0.8639
0.8690
0.8710
0.8760
0.8830
0.8840
0.8710
0.8956
0.8840
0.8680
0.8930
0.8830
0.8810
0.8700
0.8544
0.8600
0.8980
0.8800
0.8700
0.8710
0.8840
0.8797
0.8850
0.8860
0.8800
0.8910
0.8550
0.8680
0.8766
0.8750
0.8640
0.8870
0.8790
0.8920
0.8740
0.8671
0.8730
0.8760
0.8840
0.8780
0.8770
0.8750
0.8797
0.8900
0.8750
0.8840
0.8780
0.8760
0.8720
0.8608
0.8570
0.8800
0.8730
0.8850
0.8890
0.8780
0.8813
0.8730
0.8800
0.8650
0.8850
0.8790
0.8810
0.8782
0.8770
0.8770
0.8660
0.8860
0.8780
0.8790
0.8797
0.8670
0.8830
0.8960
0.8490
0.8840
0.8760
0.8924
0.8910
0.8820
0.8710
0.8760
0.8760
0.8900
0.8449
0.8670
0.8890
0.8820
0.8750
0.8890
0.8780
0.8560
0.8810
0.8790
0.8780
0.8880
0.8660
0.8750
0.8766
0.8620
0.8900
0.8620
0.8720
0.8900
0.8910
0.8782
0.8830
0.8850
0.8680
0.8850
0.8780
0.8640
0.8845
0.8670
0.8940
0.8740
0.8870
0.8740
0.8710
0.8782
0.8760
0.8810
0.8830
0.8560
0.8920
0.8690
0.8940
0.8680
0.8860
0.8720
0.8610
0.8930
0.8760
0.8956
0.8670
0.8830
0.8750
0.8770
0.8810
0.8790
0.8845
0.8630
0.8740
0.8810
0.8770
0.8830
0.8910
0.8734
0.8760
0.8860
0.8620
0.8960
0.8760
0.8750
0.8703
0.8700
0.8740
0.8880
0.8730
0.8880
0.8780
0.8703
0.8900
0.8740
0.8820
0.8740
0.8820
0.8710
0.8671
0.8660
0.8790
0.8910
0.8790
0.8680
0.8740
0.8940
0.8870
0.8820
0.8670
0.8840
0.8860
0.8700
0.8671
0.8730
0.8810
0.8710
0.8910
0.8780
0.8760
0.8750
0.8760
0.8840
0.8710
0.8850
0.8680
0.8780
0.8877
0.8860
0.8840
0.8770
0.8840
0.8710
0.8820
0.8544
0.8780
0.8670
0.8870
0.8780
0.8760
0.8910
0.8655
0.8810
0.8740
0.8850
0.8910
0.8740
0.8720
0.8655
0.8660
0.8800
0.8750
0.8880
0.8810
0.8890
0.8608
0.8830
0.8760
0.8780
0.8680
0.8770
0.8920
0.8687
0.8840
0.8770
0.8770
0.8730
0.8820
0.8890
0.8560
0.8940
0.8850
0.8790
0.8740
0.8690
0.8730
0.8687
0.8820
0.8760
0.8800
0.8720
0.8750
0.8760
0.8892
0.8860
0.9040
0.8680
0.8760
0.8760
0.8690
0.8608
0.8680
0.8830
0.8800
0.8850
0.8620
0.8920
0.8750
0.8550
0.8800
0.8790
0.8730
0.8890
0.8810
0.8956
0.8780
0.8780
0.8770
0.8580
0.8900
0.8720
0.9019
0.8750
0.8850
0.8850
0.8600
0.8720
0.8840
0.8877
0.8700
0.8580
0.8820
0.9010
0.8830
0.8840
0.8608
0.8820
0.8650
0.8880
0.8740
0.8640
0.8890
0.8861
0.8960
0.8500
0.8990
0.8650
0.8690
0.8830
0.8861
0.8710
0.8660
0.8800
0.8900
0.8780
0.8800
0.8829
0.8680
0.8660
0.8810
0.8860
0.8810
0.8790
0.8892
0.8640
0.8910
0.8950
0.8700
0.8880
0.8740
0.8560
0.8760
0.8620
0.8910
0.8880
0.8700
0.8920
0.8623
0.8780
0.8770
0.8770
0.8730
0.8800
0.8850
0.8782
0.8610
0.8840
0.8890
0.8780
0.8720
0.8820
0.8845
0.8740
0.8690
0.8910
0.8700
0.8690
0.8920
0.8845
0.8710
0.8880
0.8690
0.8950
0.8870
0.8680
0.8623
0.8760
0.8790
0.8670
0.8700
0.8840
0.8850
0.8861
0.8660
0.8840
0.8680
0.8710
0.8770
0.8980
0.8797
0.8890
0.8820
0.8770
0.8600
0.8850
0.8710
0.8797
0.8750
0.8600
0.8870
0.8970
0.8660
0.8900
0.8623
0.8690
0.8910
0.8730
0.8760
0.8880
0.8680
0.8782
0.8740
0.8960
0.8710
0.8720
0.8770
0.8690
0.8877
0.8770
0.8740
0.8660
0.8760
0.8730
0.9010
0.8766
0.8660
0.8750
0.8740
0.8860
0.8720
0.8850
0.8908
0.8860
0.8910
0.8670
0.8830
0.8590
0.8720
0.8940
0.8880
0.8730
0.8800
0.8840
0.8720
0.8730
0.8766
0.8750
0.8890
0.8710
0.8790
0.8850
0.8720
0.8750
0.8810
0.8780
0.8820
0.8690
0.8730
0.8800
0.8877
0.8890
0.8690
0.8760
0.8790
0.8780
0.8840
0.8687
0.8740
0.9030
0.8810
0.8710
0.8680
0.8760
0.8734
0.8840
0.8950
0.8760
0.8810
0.8670
0.8720
0.8718
0.8700
0.8880
0.8870
0.8730
0.8860
0.8730
0.8687
0.8850
0.8910
0.8870
0.8650
0.8680
0.8780
0.8718
0.8820
0.8770
0.8820
0.8870
0.8690
0.8820
0.8623
0.8800
0.8770
0.8690
0.8660
0.8990
0.8710
0.8892
0.8820
0.8740
0.8830
0.8900
0.8640
0.8720
0.8861
0.8820
0.8710
0.8850
0.8640
0.8710
0.8940
0.8845
0.8830
0.8900
0.8670
0.8890
0.8680
0.8850
0.8592
0.8770
0.8770
0.8600
0.8750
0.8740
0.8870
0.9051
0.8990
0.8770
0.8790
0.8700
0.8690
0.8710
0.8797
0.8670
0.8930
0.8840
0.8580
0.8690
0.8860
0.8940
0.8970
0.8600
0.8840
0.8670
0.8690
0.8940
0.8734
0.8720
0.8800
0.8760
0.8890
0.8760
0.8910
0.8528
0.8570
0.8720
0.8890
0.8870
0.8670
0.8980
0.8766
0.8810
0.8850
0.8820
0.8700
0.8780
0.8790
0.8718
0.8660
0.8960
0.8780
0.8760
0.8770
0.8810
0.8750
0.8770
0.8930
0.9010
0.8730
0.8650
0.8680
0.8703
0.8740
0.8810
0.8630
0.8760
0.8780
0.8890
0.8940
0.8730
0.8710
0.8890
0.8820
0.8550
0.8970
0.8829
0.8680
0.8830
0.8750
0.8910
0.8700
0.8780
0.8845
0.8730
0.8970
0.8730
0.8710
0.9010
0.8640
0.8592
0.8830
0.8820
0.8990
0.8680
0.8660
0.8760
0.8671
0.8690
0.8800
0.8810
0.8900
0.8830
0.8790
0.8544
0.8910
0.8810
0.8850
0.8760
0.8570
0.8770
0.8766
0.8790
0.8750
0.8660
0.9000
0.8660
0.8780
0.8813
0.8900
0.8690
0.8770
0.8800
0.8800
0.8680
0.8813
0.8610
0.8870
0.8910
0.8770
0.8770
0.8750
0.8797
0.8770
0.8590
0.8920
0.8900
0.8910
0.8700
0.8623
0.8890
0.8890
0.8590
0.8730
0.8760
0.8800
0.8861
0.8850
0.8820
0.8680
0.8920
0.8710
0.8880
0.8528
0.8770
0.8830
0.8760
0.8720
0.8810
0.8740
0.8892
0.8870
0.8670
0.8860
0.8740
0.8850
0.8850
0.8560
0.8940
0.8830
0.8620
0.8800
0.8790
0.8740
0.8750
0.8830
0.9040
0.8950
0.8570
0.8700
0.8700
0.8623
0.8800
0.8630
0.8850
0.8770
0.8780
0.8760
0.8940
0.8880
0.8900
0.8720
0.8720
0.8830
0.8750
0.8608
0.8770
0.8680
0.8690
0.8970
0.8650
0.8870
0.8892
0.8680
0.8970
0.8580
0.8840
0.8810
0.8910
0.8623
0.8860
0.8730
0.8760
0.8800
0.8770
0.8890
0.8592
0.8810
0.8790
0.8680
0.8850
0.8730
0.8940
0.8608
0.8640
0.8710
0.8770
0.8850
0.8890
0.8680
0.9019
0.8870
0.8790
0.8690
0.8770
0.8690
0.8800
0.8892
0.8800
0.8830
0.8580
0.8790
0.8940
0.8700
0.8845
0.8770
0.8810
0.8870
0.8690
0.8660
0.8820
0.8892
0.8900
0.8780
0.8920
0.8720
0.8670
0.8740
0.8718
0.8690
0.8970
0.8830
0.8830
0.8700
0.8720
0.8734
0.8720
0.8680
0.8760
0.8880
0.8810
0.8990
0.8592
0.8750
0.8960
0.8850
0.8690
0.8810
0.8590
0.8892
0.8910
0.8830
0.8770
0.8660
0.8840
0.8700
0.8797
0.8670
0.8840
0.8750
0.8710
0.8870
0.8800
0.8877
0.8900
0.8870
0.8820
0.8700
0.8880
0.8540
0.8766
0.8930
0.8850
0.8730
0.8710
0.8700
0.8780
0.8766
0.8720
0.8990
0.8730
0.8780
0.8620
0.8800
0.8845
0.8700
0.8820
0.8850
0.8810
0.8850
0.8810
0.8544
0.8770
0.8660
0.8890
0.8950
0.8740
0.8670
0.8797
0.8950
0.8670
0.8690
0.8910
0.8690
0.8810
0.8734
0.8750
0.8880
0.8770
0.8780
0.8920
0.8620
0.8718
0.8960
0.8730
0.8610
0.8970
0.8870
0.8540
0.8797
0.8700
0.8660
0.8720
0.8720
0.8940
0.8890
0.8877
0.8760
0.8760
0.8820
0.8950
0.8750
0.8580
0.8877
0.8790
0.8760
0.8860
0.8690
0.8660
0.8800
0.8972
0.8840
0.8670
0.8770
0.8840
0.8640
0.8840
0.8908
0.8730
0.8630
0.8970
0.8690
0.8910
0.8810
0.8687
0.8850
0.8770
0.8720
0.8820
0.8780
0.8720
0.8845
0.8840
0.8580
0.8740
0.8790
0.9030
0.8880
0.8513
0.8650
0.8750
0.8790
0.8880
0.8770
0.8880
0.8734
0.8750
0.8730
0.8830
0.8770
0.8810
0.8790
0.8813
0.8750
0.8650
0.8840
0.8890
0.8810
0.8880
0.8623
0.8780
0.8500
0.8880
0.8890
0.8890
0.8760
0.8782
0.8900
0.8730
0.8720
0.8800
0.8630
0.8940
0.8766
0.8700
0.8800
0.8870
0.8650
0.8790
0.8830
0.8877
0.8870
0.8870
0.8790
0.8690
0.8790
0.8670
0.8813
0.8820
0.8820
0.8650
0.8870
0.8740
0.8610
0.9082
0.8540
0.8920
0.8780
0.8860
0.8910
0.8660
0.8829
0.8700
0.8870
0.8630
0.8720
0.8890
0.8900
0.8750
0.8740
0.8810
0.8780
0.8740
0.8840
0.8740
0.8845
0.8820
0.8740
0.8800
0.8680
0.8860
0.8860
0.8671
0.8770
0.8810
0.8730
0.8750
0.8940
0.8750
0.8687
0.8750
0.8820
0.8960
0.8700
0.8670
0.8800
0.8766
0.8550
0.8880
0.8710
0.8850
0.8800
0.8900
0.8782
0.8610
0.8850
0.8750
0.8790
0.8670
0.8930
0.8924
0.8720
0.8810
0.8830
0.8580
0.8890
0.8710
0.9019
0.8870
0.8740
0.8720
0.8840
0.8700
0.8980
0.8528
0.8900
0.8630
0.8790
0.8750
0.8690
0.8840
0.8924
0.8740
0.8900
0.8720
0.8770
0.8760
0.8810
0.8750
0.8750
0.8810
0.8670
0.8690
0.8910
0.8950
0.8639
0.8780
0.8630
0.8860
0.8930
0.8760
0.8740
0.8766
0.8820
0.8700
0.8900
0.8730
0.8760
0.8780
0.8782
0.8760
0.8910
0.8840
0.8680
0.8810
0.8750
0.8703
0.8660
0.8710
0.8830
0.8830
0.8780
0.8830
0.8877
0.8690
0.8910
0.8540
0.8810
0.8970
0.8800
0.8750
0.8730
0.8670
0.8920
0.8770
0.8850
0.8760
0.8797
0.8740
0.8870
0.8810
0.8770
0.8770
0.8930
0.8513
0.8760
0.8770
0.8820
0.8890
0.8780
0.8700
0.8782
0.8840
0.8980
0.8710
0.8740
0.8780
0.8790
0.8592
0.8900
0.8810
0.8900
0.8810
0.8720
0.8710
0.8576
0.8820
0.8690
0.8790
0.8860
0.8860
0.8700
0.8797
0.8790
0.8620
