1.1368
1.6085
1.9312
3.6220
4.3564
6.1539
6.2851
3.3166
4.4098
5.2971
5.5445
5.0178
4.2241
4.8962
4.8889
4.2388
5.1372
5.5271
5.6397
5.9729
4.2466
5.8583
5.3791
6.2645
5.1694
5.4094
6.1859
6.0841
3.9498
5.3454
4.9614
5.1506
5.2347
5.4763
5.2652
5.0193
5.3248
4.9674
5.3308
5.7030
5.3379
5.9258
4.9404
5.1997
6.3752
5.4005
4.7165
5.4565
5.8647
5.0028
5.2004
5.8505
6.2647
5.2186
5.1946
6.4899
5.7244
5.9340
6.3337
6.3604
6.1453
5.2237
5.8978
6.6368
5.2005
5.1405
6.1886
5.8879
6.1291
6.8654
5.3225
5.5106
5.3945
5.3625
6.3385
6.3724
5.9675
6.2460
6.3118
6.4884
5.1963
5.9029
5.9997
5.6109
6.1225
6.1279
5.6634
6.0747
6.8157
5.9179
6.7444
7.1905
6.3093
6.5949
6.8316
5.2150
6.0565
5.7591
6.7495
5.9278
