5.2399
5.6053
5.5735
5.6670
6.0201
6.0707
6.9699
7.1818
9.4095
8.3113
8.3442
10.8891
16.0897
10.6238
14.5191
15.8295
15.2321
15.0107
14.9776
11.8537
12.7141
9.9349
14.8800
10.8660
11.1958
10.7421
16.6573
20.4465
19.0300
12.4079
20.1147
11.7794
21.2167
18.2337
15.7205
19.5481
10.3210
14.7038
22.1621
18.1256
22.7362
17.8055
15.5728
15.6024
15.2458
13.7636
12.3083
8.7035
18.8141
15.2618
24.9653
16.8010
13.0231
12.3983
18.0738
11.4335
11.2887
19.9545
13.8483
16.4502
14.4373
12.3263
11.8779
24.7748
19.5036
10.3241
17.4532
18.0656
11.7654
15.1180
14.9461
14.3221
19.8798
11.5325
15.9357
17.2092
13.4283
18.3355
10.5201
21.0407
32.2245
13.1750
16.8491
12.0474
20.9984
14.3627
19.5559
20.7882
17.5446
18.1046
23.4576
19.0535
16.5265
21.9522
21.3514
17.1634
20.6771
18.9629
18.0795
8.7484
