2.2798
2.4107
2.0493
2.4525
2.7668
2.6573
3.2677
3.8391
3.7701
4.2923
4.6157
4.6976
5.8216
5.5948
6.1550
6.5541
7.4609
8.6592
9.5383
10.8030
11.6277
14.0036
13.4507
15.4610
17.0942
20.0969
97.3872
5.5875
6.7743
7.5457
9.0280
8.0058
10.6443
9.6831
8.8179
10.6263
13.7454
16.2712
18.7513
17.6239
18.8781
18.3343
35.7917
77.2702
12.6594
10.4233
9.7767
11.4483
11.7714
17.7718
17.9206
22.4119
56.9221
5.6702
6.7323
6.5059
6.6588
7.1258
7.8158
9.1835
10.9395
16.4802
15.6118
21.5755
24.3254
24.9198
7.8081
5.5756
7.1114
9.1060
10.2039
11.1264
13.0420
13.2090
14.5033
14.5858
15.8008
15.5826
12.4572
20.0793
20.3033
30.9475
9.7523
9.1266
9.2491
13.2871
10.6563
13.9354
16.1363
15.7089
17.1106
18.6792
19.2423
24.7146
14.4896
7.6260
8.3241
9.0515
10.5776
12.2897
