4.9588
7.7698
15.6958
23.7032
30.0785
36.4509
44.1717
46.4838
53.0132
55.3445
61.1153
63.3535
65.9122
71.3439
73.3295
81.6160
82.5405
80.1708
82.5619
77.5596
86.9261
89.0413
87.6185
79.3984
79.3103
102.8264
80.9584
84.1580
81.9452
83.6115
89.6282
84.2225
77.9814
90.1432
81.7133
82.2383
80.5623
90.1686
78.0072
79.2980
110.6079
81.0083
85.5975
82.7927
80.1838
115.2425
85.9723
102.8316
78.6412
81.4113
91.9132
74.9434
100.2035
80.3658
70.3321
78.1829
84.2940
71.1398
82.9863
72.4830
97.8083
74.7357
77.1953
80.1221
74.8823
73.8827
84.7825
80.6265
99.7107
89.9708
72.1274
89.2963
76.8326
77.4779
81.9619
81.1138
86.2585
70.8927
68.6050
87.4690
146.9117
106.8179
70.4243
75.2730
77.4538
103.1153
67.3499
91.9819
112.6964
74.0636
69.8448
69.3459
74.6470
64.0469
72.8075
71.2139
69.4463
74.8763
78.7845
85.6954
