2.6386
2.5764
4.2242
5.9682
8.7977
10.9385
17.3786
16.0555
17.1682
16.2164
17.8358
18.0682
21.2359
20.3875
21.8304
23.8380
21.6979
23.6594
22.7248
22.1995
24.7056
17.5791
27.5370
26.2327
19.9401
20.9225
18.6242
22.6727
25.0806
21.8006
28.9927
23.5884
21.8811
26.2483
19.8729
33.8534
19.9524
26.2787
27.0976
28.3819
23.0941
27.5013
31.5328
35.4348
23.5474
22.7701
28.3389
25.7779
25.6271
23.8055
33.2522
25.6651
31.7090
25.4949
20.4414
26.0993
22.8765
32.4532
28.5789
32.0394
31.5534
29.5398
26.0650
30.2173
24.7260
30.9172
31.8226
25.1539
25.0731
23.7393
24.9232
22.4573
37.5409
42.0385
27.7353
31.9073
38.0020
24.8087
25.7299
34.6716
32.5262
24.5268
29.6933
24.5707
44.4857
33.4875
35.6194
28.8297
21.1044
24.8124
31.7286
48.6045
31.2128
28.1200
39.0744
26.0572
29.8873
34.7434
26.0078
25.2840
