1.8674
2.9257
2.8140
2.2039
2.1496
1.9812
2.0646
1.6715
1.5588
1.3903
1.5704
1.5834
1.8315
1.3057
1.3764
1.4935
1.4361
1.2974
1.9746
1.2153
1.2227
1.3935
1.0448
1.4300
1.5334
0.9610
1.0600
1.1717
1.2136
1.1300
1.2620
1.1672
0.9256
1.3677
1.1927
0.9581
1.2187
1.5602
0.9465
0.7393
1.0677
0.9484
0.9913
1.1787
1.0042
1.0345
1.0487
0.8808
1.0417
1.0251
1.2925
0.9115
0.7971
1.3187
1.1316
0.8110
0.9512
1.0997
0.9775
1.0442
0.8867
1.0106
0.9183
0.7518
0.7634
1.0461
1.2724
1.0312
1.0285
1.0486
1.2420
0.8932
1.0503
0.9316
0.7160
