2.306464
2.306464
2.304335
2.304335
2.302646
2.302646
2.300856
2.300856
2.302481
2.302481
2.301065
2.301065
2.305041
2.305041
2.302438
2.302438
2.298582
2.298582
2.299622
2.299622
2.298164
2.298164
2.298167
2.298167
2.299743
2.299743
2.297359
2.297359
2.296874
2.296874
2.296467
2.296467
2.293295
2.293295
2.294013
2.294013
2.292235
2.292235
2.292633
2.292633
2.291078
2.291078
2.292433
2.292433
2.288307
2.288307
2.288125
2.288125
2.281258
2.281258
2.284598
2.284598
2.284070
2.284070
2.281003
2.281003
2.280841
2.280841
2.282022
2.282022
2.277560
2.277560
2.276966
2.276966
2.279481
2.279481
2.272850
2.272850
2.270852
2.270852
2.272063
2.272063
2.271057
2.271057
2.264738
2.264738
2.267606
2.267606
2.263486
2.263486
2.262537
2.262537
2.259726
2.259726
2.256221
2.256221
2.259929
2.259929
2.257321
2.257321
2.250503
2.250503
2.250742
2.250742
2.250323
2.250323
2.248709
2.248709
2.245390
2.245390
2.243029
2.243029
2.243690
2.243690
2.235807
2.235807
2.235938
2.235938
2.231017
2.231017
2.225540
2.225540
2.228363
2.228363
2.223604
2.223604
2.229071
2.229071
2.223860
2.223860
2.220777
2.220777
2.219905
2.219905
2.213034
2.213034
2.206654
2.206654
2.204676
2.204676
2.198195
2.198195
2.203568
2.203568
2.201765
2.201765
2.204184
2.204184
2.195806
2.195806
2.193320
2.193320
2.186453
2.186453
2.188946
2.188946
2.186219
2.186219
2.188564
2.188564
2.173261
2.173261
2.184811
2.184811
2.180448
2.180448
2.174702
2.174702
2.170861
2.170861
2.169599
2.169599
2.175904
2.175904
2.163323
2.163323
2.155481
2.155481
2.165727
2.165727
2.162541
2.162541
2.153117
2.153117
2.152526
2.152526
2.151880
2.151880
2.157107
2.157107
2.142221
2.142221
2.146823
2.146823
2.146484
2.146484
2.143588
2.143588
2.145502
2.145502
2.125222
2.125222
2.145528
2.145528
2.144683
2.144683
2.117654
2.117654
2.140321
2.140321
2.135882
2.135882
2.115505
2.115505
2.120288
2.120288
2.120977
2.120977
2.128984
2.128984
2.112318
2.112318
2.120761
2.120761
2.116395
2.116395
2.110076
2.110076
2.108664
2.108664
2.090207
2.090207
2.114479
2.114479
2.107718
2.107718
2.098700
2.098700
2.107328
2.107328
2.094174
2.094174
2.092206
2.092206
2.091329
2.091329
2.091737
2.091737
2.096794
2.096794
2.099081
2.099081
2.084581
2.084581
2.078562
2.078562
2.078047
2.078047
2.069532
2.069532
2.077954
2.077954
2.080636
2.080636
2.071758
2.071758
2.060281
2.060281
2.067820
2.067820
2.040918
2.040918
2.067599
2.067599
2.057297
2.057297
2.070282
2.070282
2.070814
2.070814
2.068480
2.068480
2.040919
2.040919
2.036904
2.036904
2.053449
2.053449
2.049641
2.049641
2.051198
2.051198
2.035384
2.035384
2.038102
2.038102
2.035819
2.035819
2.032139
2.032139
2.042701
2.042701
2.034749
2.034749
2.027436
2.027436
2.009440
2.009440
2.022075
2.022075
2.031439
2.031439
2.009126
2.009126
2.022885
2.022885
2.004004
2.004004
2.013506
2.013506
2.004036
2.004036
2.010632
2.010632
1.998161
1.998161
2.007043
2.007043
2.006312
2.006312
2.000260
2.000260
1.996249
1.996249
1.999909
1.999909
1.990366
1.990366
1.982415
1.982415
1.993126
1.993126
1.987581
1.987581
1.982823
1.982823
1.980239
1.980239
1.973103
1.973103
1.995744
1.995744
1.959941
1.959941
1.983505
1.983505
1.969670
1.969670
1.956734
1.956734
1.973068
1.973068
1.955468
1.955468
1.975639
1.975639
1.941703
1.941703
1.978369
1.978369
1.943613
1.943613
1.958668
1.958668
1.961457
1.961457
1.949631
1.949631
1.964436
1.964436
1.956266
1.956266
1.938998
1.938998
1.954060
1.954060
1.945832
1.945832
1.935460
1.935460
1.950329
1.950329
1.927043
1.927043
1.960989
1.960989
1.924052
1.924052
1.926339
1.926339
1.933631
1.933631
1.941694
1.941694
1.914036
1.914036
1.928386
1.928386
1.933933
1.933933
1.918809
1.918809
1.914278
1.914278
1.929222
1.929222
1.934262
1.934262
1.912572
1.912572
1.914120
1.914120
1.922103
1.922103
1.910325
1.910325
1.900534
1.900534
1.927690
1.927690
1.915007
1.915007
1.909170
1.909170
1.902618
1.902618
1.901448
1.901448
1.903922
1.903922
1.899172
1.899172
1.894089
1.894089
1.912421
1.912421
1.897293
1.897293
1.888610
1.888610
1.914521
1.914521
1.880424
1.880424
1.890764
1.890764
1.888786
1.888786
1.878610
1.878610
1.883148
1.883148
1.886193
1.886193
1.888238
1.888238
1.876747
1.876747
1.884626
1.884626
1.883460
1.883460
1.871506
1.871506
1.880327
1.880327
1.881361
1.881361
1.864712
1.864712
1.870138
1.870138
1.871524
1.871524
1.864411
1.864411
1.883079
1.883079
1.860810
1.860810
1.866857
1.866857
1.861673
1.861673
1.874650
1.874650
1.865974
1.865974
1.850058
1.850058
1.867561
1.867561
1.856094
1.856094
1.876267
1.876267
1.862506
1.862506
1.825299
1.825299
1.855584
1.855584
1.859764
1.859764
1.847684
1.847684
1.849612
1.849612
1.857332
1.857332
1.846999
1.846999
1.857589
1.857589
1.854860
1.854860
1.839422
1.839422
1.846014
1.846014
1.851364
1.851364
1.826333
1.826333
1.849721
1.849721
1.844622
1.844622
1.852665
1.852665
1.847875
1.847875
1.844123
1.844123
1.854321
1.854321
1.834717
1.834717
1.816068
1.816068
1.839199
1.839199
1.840727
1.840727
1.838308
1.838308
1.814896
1.814896
1.851986
1.851986
1.827322
1.827322
1.844473
1.844473
1.835947
1.835947
1.831033
1.831033
1.822152
1.822152
1.829391
1.829391
1.831833
1.831833
1.829829
1.829829
1.816066
1.816066
1.839830
1.839830
1.823891
1.823891
1.827922
1.827922
1.829713
1.829713
1.826156
1.826156
1.818360
1.818360
1.828614
1.828614
1.813345
1.813345
1.824933
1.824933
1.832638
1.832638
1.808874
1.808874
1.807713
1.807713
1.822636
1.822636
1.814160
1.814160
1.831211
1.831211
1.819715
1.819715
1.809901
1.809901
1.829481
1.829481
1.813951
1.813951
1.808942
1.808942
1.818358
1.818358
1.807186
1.807186
1.814427
1.814427
1.814332
1.814332
1.818224
1.818224
1.811280
1.811280
1.823787
1.823787
1.810353
1.810353
1.793715
1.793715
1.821819
1.821819
1.800192
1.800192
1.812972
1.812972
1.813194
1.813194
1.791022
1.791022
1.802047
1.802047
1.822164
1.822164
1.805618
1.805618
1.805783
1.805783
1.804296
1.804296
1.793548
1.793548
1.819269
1.819269
1.804774
1.804774
1.810154
1.810154
1.814847
1.814847
1.795774
1.795774
1.783917
1.783917
1.799531
1.799531
1.788163
1.788163
1.809910
1.809910
1.796526
1.796526
1.808901
1.808901
1.791735
1.791735
1.805834
1.805834
1.776962
1.776962
1.815575
1.815575
1.800005
1.800005
1.797984
1.797984
1.804462
1.804462
1.791079
1.791079
1.798633
1.798633
1.783926
1.783926
1.811351
1.811351
1.801618
1.801618
1.784704
1.784704
1.782289
1.782289
1.786037
1.786037
1.795763
1.795763
1.794150
1.794150
1.790328
1.790328
1.788725
1.788725
1.787147
1.787147
1.796227
1.796227
1.790272
1.790272
1.775267
1.775267
1.805398
1.805398
1.777113
1.777113
1.804004
1.804004
1.767681
1.767681
1.802000
1.802000
1.784607
1.784607
1.776197
1.776197
1.795174
1.795174
1.786094
1.786094
1.778538
1.778538
1.784693
1.784693
1.781705
1.781705
1.791592
1.791592
1.776009
1.776009
1.786180
1.786180
1.785196
1.785196
1.777113
1.777113
1.775010
1.775010
1.776794
1.776794
1.778593
1.778593
1.790554
1.790554
1.788501
1.788501
1.785642
1.785642
1.786636
1.786636
1.765949
1.765949
1.779525
1.779525
1.781599
1.781599
1.784072
1.784072
1.769977
1.769977
1.779783
1.779783
1.778578
1.778578
1.777399
1.777399
1.782237
1.782237
1.775220
1.775220
1.765547
1.765547
1.779930
1.779930
1.778720
1.778720
1.766136
1.766136
1.765589
1.765589
1.783431
1.783431
1.775544
1.775544
1.783659
1.783659
1.758826
1.758826
1.784877
1.784877
1.780574
1.780574
1.763864
1.763864
1.776569
1.776569
1.772907
1.772907
1.784427
1.784427
1.778507
1.778507
1.761720
1.761720
1.754790
1.754790
1.764305
1.764305
1.764575
1.764575
1.770896
1.770896
1.783361
1.783361
1.762871
1.762871
1.770183
1.770183
1.764987
1.764987
1.762566
1.762566
1.763656
1.763656
1.780334
1.780334
1.759186
1.759186
1.756153
1.756153
1.767751
1.767751
1.774651
1.774651
1.775230
1.775230
1.764002
1.764002
1.768305
1.768305
1.762039
1.762039
1.762595
1.762595
1.766564
1.766564
1.764695
1.764695
1.770704
1.770704
1.750821
1.750821
1.760045
1.760045
1.770142
1.770142
1.780472
1.780472
1.759908
1.759908
1.762069
1.762069
1.751689
1.751689
1.750828
1.750828
1.750547
1.750547
1.762988
1.762988
1.756055
1.756055
1.773970
1.773970
1.754451
1.754451
1.754169
1.754169
1.756323
1.756323
1.777486
1.777486
1.756101
1.756101
1.744302
1.744302
1.745883
1.745883
1.741762
1.741762
1.769425
1.769425
1.769911
1.769911
1.756283
1.756283
1.747208
1.747208
1.749485
1.749485
1.761494
1.761494
1.756520
1.756520
1.762212
1.762212
1.761406
1.761406
1.757893
1.757893
1.755098
1.755098
1.743278
1.743278
1.749182
1.749182
1.745248
1.745248
1.751391
1.751391
1.751017
1.751017
1.758525
1.758525
1.754192
1.754192
1.754590
1.754590
1.754122
1.754122
1.738951
1.738951
1.765059
1.765059
1.736830
1.736830
1.762958
1.762958
1.749844
1.749844
1.739576
1.739576
1.744640
1.744640
1.747298
1.747298
1.749591
1.749591
1.756044
1.756044
1.742532
1.742532
1.747283
1.747283
1.739930
1.739930
1.737350
1.737350
1.745890
1.745890
1.764991
1.764991
1.745876
1.745876
1.732572
1.732572
1.741792
1.741792
1.745718
1.745718
1.755315
1.755315
1.738433
1.738433
1.739943
1.739943
1.750366
1.750366
1.759082
1.759082
1.741566
1.741566
1.732208
1.732208
1.728594
1.728594
1.736717
1.736717
1.739488
1.739488
1.744801
1.744801
1.739934
1.739934
1.747776
1.747776
1.743218
1.743218
1.738587
1.738587
1.745886
1.745886
1.751985
1.751985
1.715923
1.715923
1.740794
1.740794
1.746127
1.746127
1.730594
1.730594
1.738292
1.738292
1.737509
1.737509
1.751164
1.751164
1.738429
1.738429
1.731197
1.731197
1.732480
1.732480
1.732418
1.732418
1.734831
1.734831
1.733801
1.733801
1.732272
1.732272
1.746514
1.746514
1.731590
1.731590
1.727650
1.727650
1.734636
1.734636
1.736054
1.736054
1.744654
1.744654
1.729284
1.729284
1.747192
1.747192
1.720152
1.720152
1.731050
1.731050
1.726592
1.726592
1.743992
1.743992
1.732049
1.732049
1.739274
1.739274
1.732819
1.732819
1.726390
1.726390
1.729694
1.729694
1.728823
1.728823
1.726283
1.726283
1.726582
1.726582
1.737617
1.737617
1.736056
1.736056
1.724408
1.724408
1.728403
1.728403
1.733854
1.733854
1.726998
1.726998
1.735869
1.735869
1.715242
1.715242
1.727694
1.727694
1.737580
1.737580
1.723928
1.723928
1.740077
1.740077
1.737477
1.737477
1.720510
1.720510
1.728747
1.728747
1.721718
1.721718
1.728286
1.728286
1.721124
1.721124
1.706642
1.706642
1.733065
1.733065
1.725524
1.725524
1.748858
1.748858
1.730458
1.730458
1.721634
1.721634
1.724358
1.724358
1.729005
1.729005
1.718140
1.718140
1.735061
1.735061
1.714408
1.714408
1.726854
1.726854
1.727194
1.727194
1.713810
1.713810
1.729135
1.729135
1.729537
1.729537
1.721502
1.721502
1.721636
1.721636
1.709230
1.709230
1.730187
1.730187
1.728754
1.728754
1.728217
1.728217
1.706551
1.706551
1.712973
1.712973
1.728785
1.728785
1.720039
1.720039
1.723091
1.723091
1.720729
1.720729
1.707865
1.707865
1.730505
1.730505
1.726255
1.726255
1.713129
1.713129
1.712769
1.712769
1.714000
1.714000
1.720137
1.720137
1.728527
1.728527
1.712428
1.712428
1.714590
1.714590
1.716575
1.716575
1.720588
1.720588
1.707978
1.707978
1.707566
1.707566
1.735220
1.735220
1.715838
1.715838
1.726822
1.726822
1.715015
1.715015
1.714089
1.714089
1.717395
1.717395
1.707342
1.707342
1.714671
1.714671
1.715353
1.715353
1.709376
1.709376
1.717943
1.717943
1.721300
1.721300
1.723870
1.723870
1.701249
1.701249
1.698722
1.698722
1.711863
1.711863
1.742504
1.742504
1.707874
1.707874
1.706233
1.706233
1.719752
1.719752
1.714859
1.714859
1.720540
1.720540
1.701089
1.701089
1.715805
1.715805
1.714497
1.714497
1.725927
1.725927
1.704147
1.704147
1.710362
1.710362
1.727313
1.727313
1.699414
1.699414
1.710130
1.710130
1.711157
1.711157
1.697771
1.697771
1.704940
1.704940
1.716291
1.716291
1.722771
1.722771
1.712377
1.712377
1.700634
1.700634
1.718044
1.718044
1.703009
1.703009
1.711274
1.711274
1.718046
1.718046
1.715705
1.715705
1.703104
1.703104
1.712720
1.712720
1.712409
1.712409
1.698930
1.698930
1.714858
1.714858
1.700629
1.700629
1.713805
1.713805
1.691661
1.691661
1.722376
1.722376
1.709877
1.709877
1.709483
1.709483
1.717192
1.717192
1.695074
1.695074
1.703900
1.703900
1.715399
1.715399
1.694990
1.694990
1.698012
1.698012
1.723383
1.723383
1.698546
1.698546
1.695838
1.695838
1.704778
1.704778
1.711412
1.711412
1.711626
1.711626
1.703579
1.703579
1.704771
1.704771
1.710901
1.710901
1.715985
1.715985
1.691994
1.691994
1.698658
1.698658
1.709360
1.709360
1.708164
1.708164
1.694809
1.694809
1.704947
1.704947
1.701750
1.701750
1.696576
1.696576
1.688011
1.688011
1.717163
1.717163
1.711357
1.711357
1.702241
1.702241
1.702567
1.702567
1.692441
1.692441
1.703823
1.703823
1.706506
1.706506
1.707171
1.707171
1.709800
1.709800
1.701992
1.701992
1.693337
1.693337
1.700011
1.700011
1.702713
1.702713
1.693795
1.693795
1.701501
1.701501
1.694246
1.694246
1.705520
1.705520
1.710690
1.710690
1.694821
1.694821
1.703362
1.703362
1.710846
1.710846
1.697189
1.697189
1.692214
1.692214
1.697730
1.697730
1.696159
1.696159
1.704212
1.704212
1.702478
1.702478
1.694756
1.694756
1.700266
1.700266
1.692354
1.692354
1.708401
1.708401
1.687415
1.687415
1.705503
1.705503
1.709784
1.709784
1.684225
1.684225
1.702292
1.702292
1.685787
1.685787
1.709065
1.709065
1.708301
1.708301
1.704929
1.704929
1.681935
1.681935
1.691434
1.691434
1.699155
1.699155
1.700085
1.700085
1.690515
1.690515
1.701835
1.701835
1.709856
1.709856
1.675303
1.675303
1.694534
1.694534
1.709000
1.709000
1.707928
1.707928
1.682655
1.682655
1.681291
1.681291
1.702317
1.702317
1.695425
1.695425
1.697397
1.697397
1.692031
1.692031
1.685867
1.685867
1.686116
1.686116
1.704646
1.704646
1.689818
1.689818
1.689178
1.689178
1.703578
1.703578
1.703386
1.703386
1.703817
1.703817
1.681242
1.681242
1.681712
1.681712
1.699005
1.699005
1.685049
1.685049
1.690353
1.690353
1.691639
1.691639
1.695712
1.695712
1.704305
1.704305
1.689414
1.689414
1.690776
1.690776
1.705692
1.705692
1.694639
1.694639
1.678207
1.678207
1.715198
1.715198
1.680617
1.680617
1.696334
1.696334
1.687244
1.687244
1.675720
1.675720
1.690645
1.690645
1.702045
1.702045
1.681210
1.681210
1.697588
1.697588
1.681793
1.681793
1.679194
1.679194
1.691977
1.691977
1.685062
1.685062
1.703258
1.703258
1.692991
1.692991
1.691814
1.691814
1.688100
1.688100
1.682707
1.682707
1.701335
1.701335
1.683764
1.683764
1.688061
1.688061
1.688744
1.688744
1.690577
1.690577
1.691891
1.691891
1.685915
1.685915
1.698755
1.698755
1.702499
1.702499
1.678626
1.678626
1.664682
1.664682
1.700683
1.700683
1.699664
1.699664
1.698689
1.698689
1.671663
1.671663
1.686065
1.686065
1.682703
1.682703
1.681897
1.681897
1.684536
1.684536
1.703319
1.703319
1.679313
1.679313
1.687872
1.687872
1.699958
1.699958
1.678738
1.678738
1.679039
1.679039
1.694638
1.694638
1.680317
1.680317
1.697853
1.697853
1.683321
1.683321
1.680027
1.680027
1.683718
1.683718
1.686185
1.686185
1.675816
1.675816
1.689279
1.689279
1.691277
1.691277
1.686265
1.686265
1.685614
1.685614
1.693400
1.693400
1.679270
1.679270
1.675792
1.675792
1.696033
1.696033
1.679918
1.679918
1.687411
1.687411
1.689144
1.689144
1.662524
1.662524
1.692847
1.692847
1.692352
1.692352
1.681894
1.681894
1.701626
1.701626
1.674504
1.674504
1.677480
1.677480
1.684568
1.684568
1.689944
1.689944
1.671195
1.671195
1.698381
1.698381
1.672041
1.672041
1.686257
1.686257
1.679859
1.679859
1.692535
1.692535
1.676046
1.676046
1.683123
1.683123
1.683077
1.683077
1.687405
1.687405
1.667801
1.667801
1.682114
1.682114
1.679649
1.679649
1.698142
1.698142
1.678178
1.678178
1.690115
1.690115
1.678025
1.678025
1.689345
1.689345
1.671629
1.671629
1.697506
1.697506
1.680747
1.680747
1.671924
1.671924
1.679157
1.679157
1.676416
1.676416
1.686205
1.686205
1.682832
1.682832
1.676180
1.676180
1.688364
1.688364
1.668092
1.668092
1.672159
1.672159
1.673091
1.673091
1.682037
1.682037
1.693598
1.693598
1.680945
1.680945
1.681929
1.681929
1.673613
1.673613
1.680815
1.680815
1.683720
1.683720
1.678996
1.678996
1.687642
1.687642
1.675283
1.675283
1.690455
1.690455
1.669066
1.669066
1.673043
1.673043
1.674829
1.674829
1.677155
1.677155
1.676246
1.676246
1.680137
1.680137
1.687702
1.687702
1.686585
1.686585
1.669448
1.669448
1.676859
1.676859
1.689527
1.689527
1.667304
1.667304
1.682405
1.682405
1.670189
1.670189
1.675659
1.675659
1.686120
1.686120
1.674485
1.674485
1.681841
1.681841
1.660848
1.660848
1.678792
1.678792
1.690231
1.690231
1.675001
1.675001
1.667033
1.667033
1.691754
1.691754
1.663374
1.663374
1.681426
1.681426
1.682364
1.682364
1.664515
1.664515
1.685594
1.685594
1.675029
1.675029
1.681873
1.681873
1.675338
1.675338
1.669289
1.669289
1.684815
1.684815
1.672365
1.672365
1.681015
1.681015
1.672003
1.672003
1.686226
1.686226
1.679543
1.679543
1.674404
1.674404
1.669458
1.669458
1.666624
1.666624
1.667675
1.667675
1.661538
1.661538
1.677128
1.677128
1.696955
1.696955
1.671856
1.671856
1.673637
1.673637
1.672122
1.672122
1.674740
1.674740
1.667534
1.667534
1.688322
1.688322
1.686291
1.686291
1.671397
1.671397
1.669018
1.669018
1.669175
1.669175
1.675890
1.675890
1.672791
1.672791
1.677832
1.677832
1.665444
1.665444
1.667917
1.667917
1.688193
1.688193
1.680035
1.680035
1.664338
1.664338
1.690794
1.690794
1.661159
1.661159
1.670215
1.670215
1.663269
1.663269
1.659624
1.659624
1.684058
1.684058
1.671563
1.671563
1.689938
1.689938
1.677631
1.677631
1.663124
1.663124
1.670410
1.670410
1.688703
1.688703
1.660764
1.660764
1.658109
1.658109
1.679836
1.679836
1.675040
1.675040
1.672223
1.672223
1.676652
1.676652
1.676393
1.676393
1.675040
1.675040
1.659664
1.659664
1.677698
1.677698
1.669675
1.669675
1.685541
1.685541
1.669174
1.669174
1.674319
1.674319
1.662668
1.662668
1.663616
1.663616
1.673798
1.673798
1.666793
1.666793
1.685370
1.685370
1.662382
1.662382
1.665423
1.665423
1.653603
1.653603
1.690400
1.690400
1.671110
1.671110
1.670516
1.670516
1.666428
1.666428
1.669541
1.669541
1.682182
1.682182
1.665210
1.665210
1.664747
1.664747
1.669013
1.669013
1.675005
1.675005
1.662573
1.662573
1.681716
1.681716
1.674731
1.674731
1.651321
1.651321
1.687908
1.687908
1.663787
1.663787
1.664083
1.664083
1.662448
1.662448
1.668738
1.668738
1.678672
1.678672
1.667772
1.667772
1.669688
1.669688
1.663232
1.663232
1.665010
1.665010
1.671512
1.671512
1.668699
1.668699
1.674473
1.674473
1.659521
1.659521
1.669207
1.669207
1.672720
1.672720
1.663940
1.663940
1.683273
1.683273
1.654392
1.654392
1.666838
1.666838
1.673807
1.673807
1.668301
1.668301
1.667174
1.667174
1.665900
1.665900
1.663549
1.663549
1.666943
1.666943
1.671417
1.671417
1.668347
1.668347
1.668741
1.668741
1.661062
1.661062
1.679613
1.679613
1.655377
1.655377
1.666743
1.666743
1.667209
1.667209
1.667046
1.667046
1.659799
1.659799
1.671622
1.671622
1.662548
1.662548
1.670756
1.670756
1.670158
1.670158
1.657354
1.657354
1.663347
1.663347
1.667629
1.667629
1.677901
1.677901
1.666123
1.666123
1.668301
1.668301
1.655094
1.655094
1.665969
1.665969
1.671330
1.671330
1.670958
1.670958
1.675316
1.675316
1.664139
1.664139
1.654973
1.654973
1.658242
1.658242
1.678889
1.678889
1.671928
1.671928
1.667853
1.667853
1.681662
1.681662
1.653611
1.653611
1.648857
1.648857
1.662221
1.662221
1.662627
1.662627
1.661812
1.661812
1.669144
1.669144
1.670875
1.670875
1.668394
1.668394
1.667993
1.667993
1.657801
1.657801
1.673465
1.673465
1.654046
1.654046
1.671376
1.671376
1.652703
1.652703
1.662013
1.662013
1.675020
1.675020
1.660227
1.660227
1.663788
1.663788
1.676453
1.676453
1.661923
1.661923
1.661886
1.661886
1.654549
1.654549
1.668518
1.668518
1.662472
1.662472
1.653845
1.653845
1.664921
1.664921
1.670460
1.670460
1.660138
1.660138
1.654461
1.654461
1.672314
1.672314
1.678854
1.678854
1.648499
1.648499
1.667681
1.667681
1.678752
1.678752
1.660890
1.660890
1.653758
1.653758
1.652429
1.652429
1.667012
1.667012
1.662948
1.662948
1.663535
1.663535
1.665206
1.665206
1.653463
1.653463
1.651865
1.651865
1.673034
1.673034
1.674001
1.674001
1.665630
1.665630
1.644289
1.644289
1.659634
1.659634
1.667525
1.667525
1.662890
1.662890
1.659400
1.659400
1.661231
1.661231
1.662405
1.662405
1.668099
1.668099
1.655984
1.655984
1.661598
1.661598
1.661067
1.661067
1.649753
1.649753
1.661197
1.661197
1.674482
1.674482
1.668999
1.668999
1.651286
1.651286
1.652423
1.652423
1.668033
1.668033
1.657505
1.657505
1.661378
1.661378
1.668332
1.668332
1.661624
1.661624
1.666341
1.666341
1.670303
1.670303
1.648721
1.648721
1.656963
1.656963
1.658882
1.658882
1.662130
1.662130
1.669156
1.669156
1.651716
1.651716
1.661529
1.661529
1.681796
1.681796
1.652154
1.652154
1.658057
1.658057
1.656237
1.656237
1.651804
1.651804
1.659948
1.659948
1.669123
1.669123
1.656209
1.656209
1.662709
1.662709
1.650377
1.650377
1.653435
1.653435
1.667033
1.667033
1.661311
1.661311
1.664069
1.664069
1.651274
1.651274
1.663196
1.663196
1.667074
1.667074
1.655401
1.655401
1.664047
1.664047
1.644725
1.644725
1.660019
1.660019
1.660144
1.660144
1.655993
1.655993
1.661939
1.661939
1.657544
1.657544
1.670759
1.670759
1.654390
1.654390
1.648569
1.648569
1.657475
1.657475
1.664430
1.664430
1.662750
1.662750
1.663458
1.663458
1.652728
1.652728
1.657219
1.657219
1.656526
1.656526
1.643472
1.643472
1.667238
1.667238
1.653583
1.653583
1.658728
1.658728
1.671308
1.671308
1.662625
1.662625
1.647666
1.647666
1.659911
1.659911
1.668409
1.668409
1.650139
1.650139
1.667050
1.667050
1.672572
1.672572
1.650524
1.650524
1.642604
1.642604
1.655813
1.655813
1.654550
1.654550
1.652584
1.652584
1.646636
1.646636
1.668028
1.668028
1.667879
1.667879
1.652087
1.652087
1.662002
1.662002
1.660137
1.660137
1.658112
1.658112
1.653064
1.653064
1.642826
1.642826
1.653424
1.653424
1.665504
1.665504
1.664050
1.664050
1.659638
1.659638
1.656231
1.656231
1.649214
1.649214
1.662928
1.662928
1.658784
1.658784
1.656376
1.656376
1.655692
1.655692
1.667351
1.667351
1.651406
1.651406
1.644608
1.644608
1.664901
1.664901
1.645903
1.645903
1.657980
1.657980
1.664207
1.664207
1.659418
1.659418
1.652760
1.652760
1.660471
1.660471
1.647380
1.647380
1.652406
1.652406
1.664068
1.664068
1.655209
1.655209
1.651794
1.651794
1.657457
1.657457
1.663489
1.663489
1.645296
1.645296
1.661507
1.661507
1.656428
1.656428
1.634835
1.634835
1.651239
1.651239
1.663761
1.663761
1.674705
1.674705
1.644520
1.644520
1.654713
1.654713
1.659177
1.659177
1.659338
1.659338
1.658823
1.658823
1.650630
1.650630
1.642015
1.642015
1.656862
1.656862
1.658613
1.658613
1.669344
1.669344
1.660802
1.660802
1.651274
1.651274
1.645534
1.645534
1.661088
1.661088
1.654614
1.654614
1.655183
1.655183
1.662704
1.662704
1.650156
1.650156
1.648708
1.648708
1.655544
1.655544
1.657079
1.657079
1.641871
1.641871
1.657301
1.657301
1.656654
1.656654
1.658907
1.658907
1.658047
1.658047
1.640285
1.640285
1.669363
1.669363
1.649470
1.649470
1.652098
1.652098
1.646818
1.646818
1.655872
1.655872
1.654420
1.654420
1.655909
1.655909
1.655846
1.655846
1.658602
1.658602
1.644477
1.644477
1.645321
1.645321
1.660230
1.660230
1.659894
1.659894
1.649958
1.649958
1.653438
1.653438
1.655596
1.655596
1.649339
1.649339
1.658825
1.658825
1.665503
1.665503
1.657268
1.657268
1.642853
1.642853
1.655164
1.655164
1.641834
1.641834
1.652522
1.652522
1.644955
1.644955
1.648551
1.648551
1.672255
1.672255
1.643560
1.643560
1.639228
1.639228
1.640568
1.640568
1.663626
1.663626
1.648318
1.648318
1.675317
1.675317
1.643533
1.643533
1.658964
1.658964
1.646480
1.646480
1.659668
1.659668
1.652807
1.652807
1.647877
1.647877
1.660838
1.660838
1.647330
1.647330
1.650411
1.650411
1.654161
1.654161
1.645158
1.645158
1.652549
1.652549
1.661753
1.661753
1.649794
1.649794
1.649305
1.649305
1.651021
1.651021
1.653545
1.653545
1.658861
1.658861
1.641203
1.641203
1.653732
1.653732
1.641898
1.641898
1.656585
1.656585
1.651943
1.651943
1.650556
1.650556
1.656936
1.656936
1.638190
1.638190
1.645527
1.645527
1.662853
1.662853
1.655724
1.655724
1.653940
1.653940
1.644513
1.644513
1.659958
1.659958
1.645027
1.645027
1.648533
1.648533
1.657957
1.657957
1.649364
1.649364
1.647800
1.647800
1.646535
1.646535
1.656660
1.656660
1.653707
1.653707
1.656381
1.656381
1.660976
1.660976
1.640505
1.640505
1.640987
1.640987
1.654305
1.654305
1.651181
1.651181
1.646945
1.646945
1.655259
1.655259
1.637970
1.637970
1.662379
1.662379
1.658401
1.658401
1.656750
1.656750
1.649075
1.649075
1.640890
1.640890
1.643879
1.643879
1.644290
1.644290
1.654425
1.654425
1.643916
1.643916
1.662419
1.662419
1.642677
1.642677
1.659679
1.659679
1.653914
1.653914
1.648325
1.648325
1.641356
1.641356
1.643640
1.643640
1.643580
1.643580
1.642419
1.642419
1.652554
1.652554
1.664137
1.664137
1.643104
1.643104
1.633181
1.633181
1.650735
1.650735
1.654295
1.654295
1.657851
1.657851
1.650124
1.650124
1.660446
1.660446
1.628633
1.628633
1.648638
1.648638
1.655558
1.655558
1.652367
1.652367
1.646767
1.646767
1.645896
1.645896
1.653040
1.653040
1.644948
1.644948
1.654434
1.654434
1.649843
1.649843
1.652579
1.652579
1.649554
1.649554
1.650382
1.650382
1.638554
1.638554
1.641857
1.641857
1.659116
1.659116
1.639145
1.639145
1.664218
1.664218
1.634897
1.634897
1.655088
1.655088
1.647991
1.647991
1.647220
1.647220
1.652237
1.652237
1.635955
1.635955
1.650742
1.650742
1.650485
1.650485
1.630859
1.630859
1.653642
1.653642
1.655749
1.655749
1.648932
1.648932
1.651163
1.651163
1.638523
1.638523
1.659273
1.659273
1.639325
1.639325
1.648088
1.648088
1.650561
1.650561
1.654984
1.654984
1.641391
1.641391
1.641728
1.641728
1.656539
1.656539
1.632066
1.632066
1.642936
1.642936
1.653748
1.653748
1.652691
1.652691
1.655035
1.655035
1.647896
1.647896
1.648089
1.648089
1.649950
1.649950
1.631934
1.631934
1.647595
1.647595
1.660100
1.660100
1.635549
1.635549
1.649460
1.649460
1.641092
1.641092
1.647357
1.647357
1.653612
1.653612
1.637381
1.637381
1.648744
1.648744
1.646951
1.646951
1.642053
1.642053
1.651180
1.651180
1.654824
1.654824
1.643868
1.643868
1.639760
1.639760
1.638688
1.638688
1.651071
1.651071
1.643627
1.643627
1.650535
1.650535
1.648630
1.648630
1.650737
1.650737
1.647293
1.647293
1.640716
1.640716
1.652742
1.652742
1.638055
1.638055
1.645447
1.645447
1.659961
1.659961
1.625434
1.625434
1.652709
1.652709
1.646852
1.646852
1.648342
1.648342
1.635951
1.635951
1.647249
1.647249
1.643523
1.643523
1.656336
1.656336
1.663528
1.663528
1.631351
1.631351
1.641979
1.641979
1.642563
1.642563
1.649789
1.649789
1.640414
1.640414
1.643901
1.643901
1.652591
1.652591
1.638973
1.638973
1.653131
1.653131
1.646400
1.646400
1.643868
1.643868
1.657908
1.657908
1.635179
1.635179
1.642669
1.642669
1.655718
1.655718
1.645916
1.645916
1.639429
1.639429
1.638832
1.638832
1.645890
1.645890
1.645529
1.645529
1.657624
1.657624
1.646125
1.646125
1.638867
1.638867
1.634495
1.634495
1.649337
1.649337
1.652052
1.652052
1.638383
1.638383
1.629692
1.629692
1.656778
1.656778
1.642048
1.642048
1.652472
1.652472
1.641970
1.641970
1.646000
1.646000
1.639443
1.639443
1.633304
1.633304
1.659849
1.659849
1.641158
1.641158
1.640299
1.640299
1.648218
1.648218
1.639378
1.639378
1.642339
1.642339
1.645430
1.645430
1.649333
1.649333
1.644804
1.644804
1.632332
1.632332
1.656366
1.656366
1.632657
1.632657
1.646946
1.646946
1.653975
1.653975
1.645389
1.645389
1.635119
1.635119
1.644453
1.644453
1.651695
1.651695
1.642487
1.642487
1.639919
1.639919
1.636311
1.636311
1.643273
1.643273
1.651096
1.651096
1.649005
1.649005
1.641746
1.641746
1.654193
1.654193
1.643964
1.643964
1.631870
1.631870
1.646519
1.646519
1.638672
1.638672
1.642696
1.642696
1.647737
1.647737
1.650307
1.650307
1.635941
1.635941
1.631228
1.631228
1.631056
1.631056
1.652229
1.652229
1.651326
1.651326
1.651896
1.651896
1.638288
1.638288
1.645806
1.645806
1.646114
1.646114
1.643150
1.643150
1.641495
1.641495
1.639855
1.639855
1.636648
1.636648
1.636058
1.636058
1.646000
1.646000
1.658984
1.658984
1.641332
1.641332
1.641266
1.641266
1.645423
1.645423
1.649882
1.649882
1.633803
1.633803
1.650086
1.650086
1.638604
1.638604
1.639162
1.639162
1.639599
1.639599
1.645871
1.645871
1.646656
1.646656
1.635920
1.635920
1.657673
1.657673
1.641766
1.641766
1.626682
1.626682
1.635255
1.635255
1.641161
1.641161
1.636802
1.636802
1.648300
1.648300
1.651339
1.651339
1.649071
1.649071
1.639812
1.639812
1.636393
1.636393
1.638557
1.638557
1.647456
1.647456
1.637800
1.637800
1.636796
1.636796
1.653201
1.653201
1.634582
1.634582
1.648310
1.648310
1.628420
1.628420
1.659327
1.659327
1.634475
1.634475
1.639882
1.639882
1.647687
1.647687
1.654071
1.654071
1.633494
1.633494
1.651887
1.651887
1.630566
1.630566
1.636845
1.636845
1.645184
1.645184
1.642696
1.642696
1.646453
1.646453
1.633692
1.633692
1.638386
1.638386
1.631297
1.631297
1.627676
1.627676
1.651774
1.651774
1.647943
1.647943
1.649108
1.649108
1.633803
1.633803
1.645871
1.645871
1.638601
1.638601
1.641349
1.641349
1.646986
1.646986
1.647315
1.647315
1.647773
1.647773
1.634476
1.634476
1.626774
1.626774
1.650178
1.650178
1.623174
1.623174
1.638079
1.638079
1.640420
1.640420
1.657626
1.657626
1.645530
1.645530
1.631514
1.631514
1.634767
1.634767
1.645427
1.645427
1.639187
1.639187
1.655117
1.655117
1.632035
1.632035
1.641826
1.641826
1.644360
1.644360
1.636937
1.636937
1.648853
1.648853
1.634486
1.634486
1.640555
1.640555
1.645992
1.645992
1.634636
1.634636
1.647306
1.647306
1.646825
1.646825
1.646660
1.646660
1.632099
1.632099
1.635474
1.635474
1.639660
1.639660
1.649932
1.649932
1.623551
1.623551
1.635729
1.635729
1.647148
1.647148
1.644626
1.644626
1.635903
1.635903
1.646396
1.646396
1.636626
1.636626
1.640715
1.640715
1.639636
1.639636
1.632269
1.632269
1.633280
1.633280
1.638711
1.638711
1.643449
1.643449
1.653657
1.653657
1.658161
1.658161
1.647779
1.647779
1.621029
1.621029
1.643934
1.643934
1.623787
1.623787
1.636820
1.636820
1.649472
1.649472
1.641611
1.641611
1.634134
1.634134
1.633979
1.633979
1.651148
1.651148
1.618768
1.618768
1.632109
1.632109
1.654698
1.654698
1.639756
1.639756
1.632443
1.632443
1.647773
1.647773
1.640445
1.640445
1.632895
1.632895
1.642828
1.642828
1.647684
1.647684
1.635991
1.635991
1.622314
1.622314
1.639161
1.639161
1.652464
1.652464
1.630362
1.630362
1.627859
1.627859
1.644918
1.644918
1.648285
1.648285
1.643741
1.643741
1.640585
1.640585
1.631286
1.631286
1.634191
1.634191
1.642320
1.642320
1.646689
1.646689
1.649148
1.649148
1.633398
1.633398
1.623078
1.623078
1.644279
1.644279
1.643943
1.643943
1.643564
1.643564
1.650925
1.650925
1.625636
1.625636
1.630997
1.630997
1.641585
1.641585
1.639975
1.639975
1.634576
1.634576
1.636282
1.636282
1.641757
1.641757
1.638895
1.638895
1.649248
1.649248
1.633449
1.633449
1.641578
1.641578
1.632424
1.632424
1.632918
1.632918
1.647200
1.647200
1.635960
1.635960
1.638247
1.638247
1.640389
1.640389
1.625712
1.625712
1.626619
1.626619
1.635086
1.635086
1.647780
1.647780
1.625381
1.625381
1.658541
1.658541
1.649665
1.649665
1.634405
1.634405
1.633889
1.633889
1.629861
1.629861
1.641527
1.641527
1.636750
1.636750
1.630609
1.630609
1.643026
1.643026
1.635549
1.635549
1.643060
1.643060
1.632446
1.632446
1.649286
1.649286
1.634658
1.634658
1.636189
1.636189
1.633950
1.633950
1.644813
1.644813
1.631610
1.631610
1.646254
1.646254
1.629478
1.629478
1.633671
1.633671
1.639769
1.639769
1.642687
1.642687
1.625232
1.625232
1.645215
1.645215
1.631915
1.631915
1.635593
1.635593
1.642194
1.642194
1.646137
1.646137
1.630448
1.630448
1.629266
1.629266
1.624834
1.624834
1.643344
1.643344
1.632359
1.632359
1.641200
1.641200
1.644247
1.644247
1.644731
1.644731
1.627751
1.627751
1.642771
1.642771
1.627971
1.627971
1.641592
1.641592
1.648150
1.648150
1.631820
1.631820
1.632855
1.632855
1.626719
1.626719
1.645398
1.645398
1.632908
1.632908
1.633802
1.633802
1.643263
1.643263
1.649018
1.649018
1.620295
1.620295
1.631779
1.631779
1.642456
1.642456
1.629586
1.629586
1.638426
1.638426
1.640436
1.640436
1.634375
1.634375
1.632981
1.632981
1.642354
1.642354
1.635912
1.635912
1.635442
1.635442
1.632666
1.632666
1.641071
1.641071
1.634246
1.634246
1.637734
1.637734
1.634534
1.634534
1.632663
1.632663
1.642535
1.642535
1.634958
1.634958
1.630072
1.630072
1.640635
1.640635
1.622107
1.622107
1.622346
1.622346
1.641281
1.641281
1.643518
1.643518
1.653591
1.653591
1.624437
1.624437
1.639316
1.639316
1.647204
1.647204
1.633677
1.633677
1.633600
1.633600
1.638511
1.638511
1.633997
1.633997
1.646789
1.646789
1.626538
1.626538
1.631325
1.631325
1.624072
1.624072
1.631096
1.631096
1.644698
1.644698
1.644090
1.644090
1.632921
1.632921
1.641897
1.641897
1.637113
1.637113
1.637218
1.637218
1.636197
1.636197
1.621581
1.621581
1.646401
1.646401
1.628643
1.628643
1.635967
1.635967
1.638596
1.638596
1.624355
1.624355
1.629428
1.629428
1.643235
1.643235
1.629496
1.629496
1.640816
1.640816
1.631894
1.631894
1.640276
1.640276
1.630434
1.630434
1.636691
1.636691
1.624538
1.624538
1.644954
1.644954
1.623781
1.623781
1.649443
1.649443
1.640534
1.640534
1.633534
1.633534
1.625035
1.625035
1.617010
1.617010
1.637255
1.637255
1.641617
1.641617
1.641774
1.641774
1.636356
1.636356
1.641141
1.641141
1.620582
1.620582
1.635950
1.635950
1.639771
1.639771
1.635885
1.635885
1.614066
1.614066
1.636832
1.636832
1.647507
1.647507
1.640286
1.640286
1.633585
1.633585
1.626875
1.626875
1.639979
1.639979
1.628139
1.628139
1.638907
1.638907
1.638855
1.638855
1.629632
1.629632
1.642732
1.642732
1.637122
1.637122
1.629399
1.629399
1.631903
1.631903
1.639187
1.639187
1.622503
1.622503
1.625436
1.625436
1.641492
1.641492
1.643992
1.643992
1.629254
1.629254
1.636747
1.636747
1.625825
1.625825
1.642304
1.642304
1.636398
1.636398
1.623953
1.623953
1.636658
1.636658
1.622287
1.622287
1.646054
1.646054
1.642166
1.642166
1.644891
1.644891
1.622300
1.622300
1.622452
1.622452
1.643493
1.643493
1.636230
1.636230
1.635315
1.635315
1.629059
1.629059
1.638729
1.638729
1.634650
1.634650
1.629767
1.629767
1.632672
1.632672
1.644115
1.644115
1.619391
1.619391
1.627798
1.627798
1.646303
1.646303
1.638204
1.638204
1.641079
1.641079
1.632112
1.632112
1.635327
1.635327
1.617173
1.617173
1.642270
1.642270
1.635450
1.635450
1.625973
1.625973
1.631557
1.631557
1.630811
1.630811
1.633918
1.633918
1.625188
1.625188
1.637503
1.637503
1.631283
1.631283
1.639327
1.639327
1.627656
1.627656
1.637679
1.637679
1.634238
1.634238
1.633311
1.633311
1.632393
1.632393
1.625877
1.625877
1.626089
1.626089
1.641867
1.641867
1.632842
1.632842
1.639481
1.639481
1.623772
1.623772
1.629531
1.629531
1.636473
1.636473
1.637930
1.637930
1.637507
1.637507
1.626760
1.626760
1.643349
1.643349
1.624607
1.624607
1.627454
1.627454
1.643759
1.643759
1.624014
1.624014
1.630303
1.630303
1.637293
1.637293
1.634705
1.634705
1.637899
1.637899
1.636787
1.636787
1.636855
1.636855
1.636694
1.636694
1.626663
1.626663
1.623877
1.623877
1.642690
1.642690
1.648820
1.648820
1.607970
1.607970
1.626931
1.626931
1.636443
1.636443
1.640130
1.640130
1.622217
1.622217
1.632125
1.632125
1.635328
1.635328
1.631543
1.631543
1.634266
1.634266
1.608343
1.608343
1.633894
1.633894
1.643268
1.643268
1.643401
1.643401
1.637144
1.637144
1.625889
1.625889
1.642725
1.642725
1.625300
1.625300
1.628628
1.628628
1.626899
1.626899
1.620576
1.620576
1.638423
1.638423
1.643471
1.643471
1.630077
1.630077
1.621774
1.621774
1.631082
1.631082
1.621037
1.621037
1.645673
1.645673
1.641689
1.641689
1.632075
1.632075
1.625149
1.625149
1.627497
1.627497
1.635457
1.635457
1.640272
1.640272
1.645617
1.645617
1.622323
1.622323
1.633283
1.633283
1.628194
1.628194
1.628075
1.628075
1.619462
1.619462
1.628574
1.628574
1.637090
1.637090
1.636176
1.636176
1.637592
1.637592
1.623343
1.623343
1.648593
1.648593
1.637833
1.637833
1.621655
1.621655
1.624302
1.624302
1.638782
1.638782
1.633339
1.633339
1.634437
1.634437
1.619438
1.619438
1.630441
1.630441
1.637297
1.637297
1.638160
1.638160
1.623029
1.623029
1.632469
1.632469
1.623615
1.623615
1.639110
1.639110
1.626453
1.626453
1.628206
1.628206
1.633034
1.633034
1.628165
1.628165
1.633280
1.633280
1.623542
1.623542
1.631317
1.631317
1.624464
1.624464
1.645295
1.645295
1.643338
1.643338
1.625473
1.625473
1.622748
1.622748
1.626891
1.626891
1.637361
1.637361
1.625219
1.625219
1.635240
1.635240
1.630464
1.630464
1.635752
1.635752
1.626461
1.626461
1.629552
1.629552
1.641942
1.641942
1.620787
1.620787
1.622755
1.622755
1.640382
1.640382
1.633126
1.633126
1.632684
1.632684
1.622593
1.622593
1.641347
1.641347
1.621373
1.621373
1.630173
1.630173
1.631442
1.631442
1.637122
1.637122
1.626114
1.626114
1.626876
1.626876
1.626766
1.626766
1.627974
1.627974
1.635042
1.635042
1.632341
1.632341
1.629681
1.629681
1.628454
1.628454
1.640550
1.640550
1.632664
1.632664
1.623917
1.623917
1.624756
1.624756
1.633751
1.633751
1.633456
1.633456
1.621869
1.621869
1.632038
1.632038
1.629735
1.629735
1.636229
1.636229
1.631376
1.631376
1.629084
1.629084
1.626705
1.626705
1.626290
1.626290
1.636044
1.636044
1.631472
1.631472
1.635769
1.635769
1.618251
1.618251
1.628009
1.628009
1.613000
1.613000
1.639176
1.639176
1.639535
1.639535
1.625794
1.625794
1.632452
1.632452
1.649548
1.649548
1.618227
1.618227
1.627808
1.627808
1.625885
1.625885
1.626912
1.626912
1.613890
1.613890
1.623647
1.623647
1.635407
1.635407
1.651378
1.651378
1.622759
1.622759
1.613181
1.613181
1.639003
1.639003
1.628941
1.628941
1.640258
1.640258
1.625816
1.625816
1.624953
1.624953
1.628156
1.628156
1.636143
1.636143
1.625224
1.625224
1.633865
1.633865
1.640117
1.640117
1.628884
1.628884
1.634306
1.634306
1.627506
1.627506
1.612864
1.612864
1.614476
1.614476
1.633740
1.633740
1.630015
1.630015
1.631259
1.631259
1.638916
1.638916
1.628657
1.628657
1.631459
1.631459
1.642229
1.642229
1.613355
1.613355
1.630573
1.630573
1.635093
1.635093
1.632130
1.632130
1.619221
1.619221
1.626813
1.626813
1.633075
1.633075
1.621851
1.621851
1.631625
1.631625
1.639789
1.639789
1.624671
1.624671
1.626647
1.626647
1.641384
1.641384
1.623224
1.623224
1.619528
1.619528
1.624381
1.624381
1.637835
1.637835
1.624430
1.624430
1.626071
1.626071
1.627526
1.627526
1.637521
1.637521
1.628476
1.628476
1.634089
1.634089
1.614295
1.614295
1.640094
1.640094
1.618996
1.618996
1.638002
1.638002
1.629959
1.629959
1.620147
1.620147
1.619043
1.619043
1.635267
1.635267
1.641257
1.641257
1.636736
1.636736
1.631675
1.631675
1.639045
1.639045
1.613077
1.613077
1.620527
1.620527
1.622228
1.622228
1.629403
1.629403
1.632475
1.632475
1.636205
1.636205
1.620256
1.620256
1.628933
1.628933
1.624445
1.624445
1.620609
1.620609
1.636646
1.636646
1.631797
1.631797
1.613664
1.613664
1.625214
1.625214
1.626797
1.626797
1.643991
1.643991
1.632453
1.632453
1.627275
1.627275
1.628362
1.628362
1.641837
1.641837
1.623983
1.623983
1.617163
1.617163
1.635461
1.635461
1.627734
1.627734
1.630173
1.630173
1.626275
1.626275
1.618887
1.618887
1.633697
1.633697
1.616770
1.616770
1.638265
1.638265
1.622935
1.622935
1.628307
1.628307
1.631862
1.631862
1.622723
1.622723
1.645240
1.645240
1.610436
1.610436
1.629517
1.629517
1.621308
1.621308
1.630309
1.630309
1.632288
1.632288
1.616384
1.616384
1.641436
1.641436
1.626565
1.626565
1.622610
1.622610
1.638798
1.638798
1.626403
1.626403
1.623286
1.623286
1.622698
1.622698
1.629525
1.629525
1.613301
1.613301
1.642166
1.642166
1.631110
1.631110
1.633494
1.633494
1.632947
1.632947
1.626323
1.626323
1.625040
1.625040
1.617932
1.617932
1.615278
1.615278
1.627544
1.627544
1.627075
1.627075
1.631953
1.631953
1.637331
1.637331
1.628278
1.628278
1.621310
1.621310
1.620026
1.620026
1.632013
1.632013
1.637078
1.637078
1.619272
1.619272
1.626535
1.626535
1.633605
1.633605
1.618361
1.618361
1.641371
1.641371
1.635657
1.635657
1.620462
1.620462
1.627500
1.627500
1.624016
1.624016
1.628510
1.628510
1.613547
1.613547
1.624834
1.624834
1.641845
1.641845
1.624989
1.624989
1.631020
1.631020
1.636774
1.636774
1.618796
1.618796
1.629735
1.629735
1.636757
1.636757
1.609434
1.609434
1.638037
1.638037
1.613809
1.613809
1.611953
1.611953
1.652303
1.652303
1.616368
1.616368
1.624454
1.624454
1.619424
1.619424
1.621317
1.621317
1.629130
1.629130
1.643065
1.643065
1.625212
1.625212
1.635908
1.635908
1.626420
1.626420
1.624040
1.624040
1.620987
1.620987
1.628128
1.628128
1.619934
1.619934
1.633391
1.633391
1.623996
1.623996
1.628127
1.628127
1.626977
1.626977
1.629398
1.629398
1.622886
1.622886
1.635428
1.635428
1.616050
1.616050
1.635068
1.635068
1.625098
1.625098
1.629383
1.629383
1.620994
1.620994
1.620733
1.620733
1.627377
1.627377
1.630899
1.630899
1.629312
1.629312
1.613316
1.613316
1.632275
1.632275
1.624772
1.624772
1.630511
1.630511
1.617174
1.617174
1.621993
1.621993
1.639831
1.639831
1.626617
1.626617
1.638517
1.638517
1.625826
1.625826
1.615926
1.615926
1.623781
1.623781
1.618081
1.618081
1.621604
1.621604
1.628989
1.628989
1.626621
1.626621
1.637769
1.637769
1.621875
1.621875
1.631535
1.631535
1.624078
1.624078
1.628150
1.628150
1.624339
1.624339
1.627739
1.627739
1.627830
1.627830
1.628829
1.628829
1.621675
1.621675
1.623283
1.623283
1.620026
1.620026
1.638804
1.638804
1.627308
1.627308
1.619658
1.619658
1.623131
1.623131
1.630187
1.630187
1.624647
1.624647
1.630966
1.630966
1.616228
1.616228
1.627339
1.627339
1.618126
1.618126
1.632854
1.632854
1.635562
1.635562
1.612180
1.612180
1.630976
1.630976
1.624830
1.624830
1.619503
1.619503
1.624074
1.624074
1.636575
1.636575
1.622655
1.622655
1.632652
1.632652
1.625825
1.625825
1.617940
1.617940
1.630368
1.630368
1.619916
1.619916
1.631253
1.631253
1.638149
1.638149
1.625251
1.625251
1.607813
1.607813
1.624830
1.624830
1.635383
1.635383
1.638537
1.638537
1.622395
1.622395
1.616575
1.616575
1.611325
1.611325
1.616392
1.616392
1.631866
1.631866
1.626660
1.626660
1.623281
1.623281
1.629192
1.629192
1.617458
1.617458
1.630421
1.630421
1.618700
1.618700
1.627757
1.627757
1.633530
1.633530
1.628677
1.628677
1.629369
1.629369
1.612855
1.612855
1.640426
1.640426
1.611811
1.611811
1.629184
1.629184
1.619812
1.619812
1.616918
1.616918
1.625041
1.625041
1.636799
1.636799
1.620190
1.620190
1.633624
1.633624
1.616299
1.616299
1.619892
1.619892
1.637527
1.637527
1.625067
1.625067
1.624204
1.624204
1.616577
1.616577
1.632002
1.632002
1.627255
1.627255
1.613555
1.613555
1.631114
1.631114
1.627312
1.627312
1.627673
1.627673
1.624514
1.624514
1.622484
1.622484
1.631641
1.631641
1.634917
1.634917
1.613937
1.613937
1.619893
1.619893
1.611676
1.611676
1.623903
1.623903
1.634028
1.634028
1.621431
1.621431
1.634350
1.634350
1.635484
1.635484
1.620418
1.620418
1.624604
1.624604
1.625398
1.625398
1.615301
1.615301
1.605121
1.605121
1.637318
1.637318
1.626194
1.626194
1.611444
1.611444
1.647125
1.647125
1.616565
1.616565
1.626743
1.626743
1.623485
1.623485
1.627234
1.627234
1.629214
1.629214
1.619415
1.619415
1.623215
1.623215
1.633084
1.633084
1.630848
1.630848
1.613083
1.613083
1.631730
1.631730
1.617778
1.617778
1.635676
1.635676
1.623578
1.623578
1.609874
1.609874
1.627698
1.627698
1.615461
1.615461
1.625260
1.625260
1.623055
1.623055
1.631032
1.631032
1.625566
1.625566
1.632618
1.632618
1.614850
1.614850
1.618168
1.618168
1.630917
1.630917
1.611574
1.611574
1.620260
1.620260
1.617025
1.617025
1.633586
1.633586
1.641413
1.641413
1.624746
1.624746
1.614435
1.614435
1.622555
1.622555
1.622381
1.622381
1.638872
1.638872
1.623167
1.623167
1.619389
1.619389
1.622208
1.622208
1.617835
1.617835
1.640311
1.640311
1.618202
1.618202
1.627680
1.627680
1.620690
1.620690
1.626853
1.626853
1.626327
1.626327
1.614839
1.614839
1.628666
1.628666
1.633508
1.633508
1.624812
1.624812
1.615379
1.615379
1.636842
1.636842
1.624550
1.624550
1.615737
1.615737
1.617421
1.617421
1.624032
1.624032
1.620011
1.620011
1.630791
1.630791
1.611058
1.611058
1.628966
1.628966
1.628232
1.628232
1.643360
1.643360
1.625659
1.625659
1.619804
1.619804
1.616008
1.616008
1.610279
1.610279
1.627858
1.627858
1.632286
1.632286
1.620034
1.620034
1.611601
1.611601
1.626147
1.626147
1.621755
1.621755
1.618417
1.618417
1.625798
1.625798
1.623271
1.623271
1.628888
1.628888
1.637514
1.637514
1.615407
1.615407
1.620029
1.620029
1.619434
1.619434
1.624526
1.624526
1.625368
1.625368
1.622663
1.622663
1.624816
1.624816
1.620234
1.620234
1.623220
1.623220
1.624016
1.624016
1.612116
1.612116
1.625193
1.625193
1.634525
1.634525
1.619327
1.619327
1.626745
1.626745
1.619679
1.619679
1.622868
1.622868
1.622163
1.622163
1.624387
1.624387
1.620965
1.620965
1.613228
1.613228
1.625439
1.625439
1.633735
1.633735
1.621567
1.621567
1.627591
1.627591
1.603571
1.603571
1.628456
1.628456
1.621172
1.621172
1.636853
1.636853
1.616089
1.616089
1.619478
1.619478
1.625461
1.625461
1.625218
1.625218
1.629608
1.629608
1.629897
1.629897
1.617121
1.617121
1.610421
1.610421
1.632295
1.632295
1.624819
1.624819
1.616087
1.616087
1.629367
1.629367
1.632491
1.632491
1.622935
1.622935
1.610459
1.610459
1.627133
1.627133
1.627890
1.627890
1.621918
1.621918
1.616981
1.616981
1.618731
1.618731
1.627385
1.627385
1.617660
1.617660
1.624330
1.624330
1.618760
1.618760
1.625548
1.625548
1.620282
1.620282
1.631898
1.631898
1.616193
1.616193
1.616405
1.616405
1.629330
1.629330
1.622779
1.622779
1.620652
1.620652
1.620523
1.620523
1.629326
1.629326
1.618281
1.618281
1.621552
1.621552
1.628913
1.628913
1.614610
1.614610
1.626416
1.626416
1.620100
1.620100
1.619757
1.619757
1.622279
1.622279
1.622706
1.622706
1.627750
1.627750
1.618425
1.618425
1.619865
1.619865
1.608266
1.608266
1.633345
1.633345
1.620297
1.620297
1.631419
1.631419
1.608677
1.608677
1.641594
1.641594
1.624540
1.624540
1.620404
1.620404
1.614198
1.614198
1.623090
1.623090
1.612656
1.612656
1.630093
1.630093
1.628179
1.628179
1.615281
1.615281
1.615069
1.615069
1.623658
1.623658
1.625405
1.625405
1.626395
1.626395
1.619234
1.619234
1.615221
1.615221
1.634298
1.634298
1.610591
1.610591
1.610169
1.610169
1.644135
1.644135
1.621853
1.621853
1.622816
1.622816
1.620265
1.620265
1.624497
1.624497
1.619791
1.619791
1.617389
1.617389
1.630316
1.630316
1.619055
1.619055
1.626638
1.626638
1.614435
1.614435
1.611522
1.611522
1.616172
1.616172
1.609600
1.609600
1.640810
1.640810
1.633143
1.633143
1.629003
1.629003
1.611939
1.611939
1.633516
1.633516
1.608013
1.608013
1.627299
1.627299
1.616496
1.616496
1.624521
1.624521
1.625052
1.625052
1.619880
1.619880
1.622536
1.622536
1.617903
1.617903
1.624597
1.624597
1.620883
1.620883
1.626156
1.626156
1.617643
1.617643
1.617867
1.617867
1.623713
1.623713
1.629086
1.629086
1.618074
1.618074
1.618238
1.618238
1.612578
1.612578
1.624252
1.624252
1.620651
1.620651
1.625911
1.625911
1.624512
1.624512
1.621231
1.621231
1.612875
1.612875
1.617098
1.617098
1.626196
1.626196
1.631601
1.631601
1.621888
1.621888
1.630086
1.630086
1.628897
1.628897
1.627582
1.627582
1.592407
1.592407
1.626888
1.626888
1.625523
1.625523
1.616005
1.616005
1.619637
1.619637
1.617512
1.617512
1.632403
1.632403
1.604893
1.604893
1.632839
1.632839
1.614558
1.614558
1.621322
1.621322
1.618075
1.618075
1.613972
1.613972
1.624347
1.624347
1.616903
1.616903
1.635172
1.635172
1.619295
1.619295
1.618124
1.618124
1.620369
1.620369
1.610979
1.610979
1.640453
1.640453
1.630200
1.630200
1.618722
1.618722
1.613501
1.613501
1.627592
1.627592
1.613509
1.613509
1.613939
1.613939
1.623625
1.623625
1.624350
1.624350
1.631361
1.631361
1.609050
1.609050
1.621774
1.621774
1.620455
1.620455
1.629733
1.629733
1.617475
1.617475
1.613455
1.613455
1.609993
1.609993
1.635930
1.635930
1.619839
1.619839
1.628261
1.628261
1.607339
1.607339
1.622925
1.622925
1.628507
1.628507
1.617074
1.617074
1.612382
1.612382
1.623371
1.623371
1.626172
1.626172
1.617571
1.617571
1.607082
1.607082
1.635119
1.635119
1.616678
1.616678
1.623495
1.623495
1.615512
1.615512
1.610800
1.610800
1.628664
1.628664
1.625625
1.625625
1.612090
1.612090
1.631401
1.631401
1.619301
1.619301
1.617331
1.617331
1.623189
1.623189
1.610158
1.610158
1.620573
1.620573
1.626276
1.626276
1.621693
1.621693
1.624589
1.624589
1.620004
1.620004
1.618795
1.618795
1.606130
1.606130
1.627310
1.627310
1.632288
1.632288
1.619626
1.619626
1.607585
1.607585
1.610753
1.610753
1.632923
1.632923
1.633593
1.633593
1.611456
1.611456
1.619346
1.619346
1.632643
1.632643
1.624067
1.624067
1.612427
1.612427
1.628670
1.628670
1.625960
1.625960
1.607559
1.607559
1.615977
1.615977
1.623742
1.623742
1.624238
1.624238
1.620067
1.620067
1.624754
1.624754
1.606064
1.606064
1.627188
1.627188
1.613601
1.613601
1.624297
1.624297
1.624689
1.624689
1.616852
1.616852
1.621421
1.621421
1.615751
1.615751
1.624869
1.624869
1.617547
1.617547
1.616714
1.616714
1.626749
1.626749
1.627712
1.627712
1.619208
1.619208
1.625911
1.625911
1.611636
1.611636
1.614397
1.614397
1.612268
1.612268
1.614806
1.614806
1.621314
1.621314
1.621728
1.621728
1.631968
1.631968
1.625115
1.625115
1.614852
1.614852
1.609167
1.609167
1.623095
1.623095
1.628955
1.628955
1.613741
1.613741
1.614299
1.614299
1.613837
1.613837
1.627516
1.627516
1.632143
1.632143
1.618359
1.618359
1.620406
1.620406
1.616160
1.616160
1.623058
1.623058
1.621043
1.621043
1.620098
1.620098
1.629721
1.629721
1.616721
1.616721
1.616196
1.616196
1.614749
1.614749
1.616894
1.616894
1.622535
1.622535
1.604890
1.604890
1.628019
1.628019
1.627385
1.627385
1.627055
1.627055
1.634297
1.634297
1.601977
1.601977
1.622898
1.622898
1.609676
1.609676
1.612193
1.612193
1.635443
1.635443
1.607283
1.607283
1.624761
1.624761
1.617507
1.617507
1.612173
1.612173
1.617904
1.617904
1.628041
1.628041
1.616036
1.616036
1.624049
1.624049
1.630538
1.630538
1.614956
1.614956
1.612313
1.612313
1.618867
1.618867
1.620548
1.620548
1.614110
1.614110
1.628799
1.628799
1.600685
1.600685
1.628115
1.628115
1.626380
1.626380
1.623857
1.623857
1.629175
1.629175
1.615585
1.615585
1.611861
1.611861
1.615073
1.615073
1.612255
1.612255
1.622705
1.622705
1.628372
1.628372
1.617705
1.617705
1.614011
1.614011
1.620765
1.620765
1.631124
1.631124
1.620845
1.620845
1.615721
1.615721
1.604389
1.604389
1.624231
1.624231
1.611267
1.611267
1.628186
1.628186
1.614450
1.614450
1.616934
1.616934
1.626568
1.626568
1.611596
1.611596
1.619971
1.619971
1.601443
1.601443
1.639787
1.639787
1.631189
1.631189
1.614872
1.614872
1.624132
1.624132
1.606505
1.606505
1.618034
1.618034
1.626326
1.626326
1.612926
1.612926
1.614025
1.614025
1.624384
1.624384
1.616485
1.616485
1.619046
1.619046
1.621783
1.621783
1.622963
1.622963
1.618243
1.618243
1.610678
1.610678
1.616140
1.616140
1.615435
1.615435
1.624137
1.624137
1.624473
1.624473
1.612652
1.612652
1.622621
1.622621
1.620623
1.620623
1.632506
1.632506
1.606091
1.606091
1.610240
1.610240
1.626178
1.626178
1.612564
1.612564
1.617139
1.617139
1.619717
1.619717
1.617707
1.617707
1.613306
1.613306
1.626369
1.626369
1.606542
1.606542
1.619132
1.619132
1.630182
1.630182
1.617382
1.617382
1.616388
1.616388
1.617726
1.617726
1.602954
1.602954
1.643454
1.643454
1.614840
1.614840
1.629619
1.629619
1.615309
1.615309
1.615914
1.615914
1.616581
1.616581
1.622016
1.622016
1.624829
1.624829
1.612336
1.612336
1.610435
1.610435
1.623827
1.623827
1.624125
1.624125
1.620989
1.620989
1.618245
1.618245
1.616936
1.616936
1.610145
1.610145
1.626359
1.626359
1.613749
1.613749
1.603754
1.603754
1.635317
1.635317
1.611205
1.611205
1.620024
1.620024
1.615362
1.615362
1.616598
1.616598
1.615650
1.615650
1.625307
1.625307
1.617512
1.617512
1.630425
1.630425
1.622446
1.622446
1.604792
1.604792
1.615540
1.615540
1.603413
1.603413
1.632175
1.632175
1.622344
1.622344
1.619470
1.619470
1.612427
1.612427
1.612231
1.612231
1.620402
1.620402
1.602880
1.602880
1.638489
1.638489
1.616351
1.616351
1.622072
1.622072
1.622192
1.622192
1.617306
1.617306
1.610561
1.610561
1.618368
1.618368
1.611764
1.611764
1.626901
1.626901
1.617766
1.617766
1.629813
1.629813
1.600401
1.600401
1.618531
1.618531
1.607169
1.607169
1.615188
1.615188
1.626157
1.626157
1.624068
1.624068
1.609839
1.609839
1.618225
1.618225
1.617942
1.617942
1.629886
1.629886
1.612686
1.612686
1.623537
1.623537
1.602784
1.602784
1.612009
1.612009
1.632327
1.632327
1.618898
1.618898
1.626840
1.626840
1.631000
1.631000
1.603755
1.603755
1.618457
1.618457
1.606839
1.606839
1.619475
1.619475
1.619085
1.619085
1.622038
1.622038
1.620518
1.620518
1.605185
1.605185
1.624075
1.624075
1.623825
1.623825
1.622408
1.622408
1.602203
1.602203
1.615626
1.615626
1.611294
1.611294
1.622458
1.622458
1.610844
1.610844
1.626828
1.626828
1.616657
1.616657
1.617406
1.617406
1.625660
1.625660
1.610275
1.610275
1.608516
1.608516
1.628299
1.628299
1.624542
1.624542
1.613960
1.613960
1.608739
1.608739
1.628462
1.628462
1.610679
1.610679
1.610807
1.610807
1.618530
1.618530
1.623947
1.623947
1.615500
1.615500
1.619003
1.619003
1.609080
1.609080
1.627517
1.627517
1.614438
1.614438
1.612796
1.612796
1.624874
1.624874
1.616308
1.616308
1.609683
1.609683
1.620790
1.620790
1.619767
1.619767
1.621155
1.621155
1.610371
1.610371
1.615019
1.615019
1.619388
1.619388
1.614103
1.614103
1.630415
1.630415
1.614827
1.614827
1.615169
1.615169
1.614657
1.614657
1.626650
1.626650
1.614569
1.614569
1.613888
1.613888
1.605114
1.605114
1.617175
1.617175
1.624749
1.624749
1.627238
1.627238
1.618371
1.618371
1.620635
1.620635
1.617243
1.617243
1.611463
1.611463
1.618434
1.618434
1.619032
1.619032
1.621596
1.621596
1.616281
1.616281
1.610745
1.610745
1.618183
1.618183
1.636016
1.636016
1.615043
1.615043
1.608709
1.608709
1.613162
1.613162
1.611271
1.611271
1.614931
1.614931
1.626985
1.626985
1.608605
1.608605
1.614426
1.614426
1.620952
1.620952
1.613889
1.613889
1.619749
1.619749
1.614948
1.614948
1.603851
1.603851
1.636280
1.636280
1.618145
1.618145
1.605410
1.605410
1.618763
1.618763
1.619403
1.619403
1.624374
1.624374
1.632826
1.632826
1.602399
1.602399
1.602245
1.602245
1.616661
1.616661
1.633550
1.633550
1.609071
1.609071
1.624961
1.624961
1.626985
1.626985
1.604484
1.604484
1.619028
1.619028
1.605022
1.605022
1.619041
1.619041
1.631795
1.631795
1.617211
1.617211
1.609270
1.609270
1.617945
1.617945
1.610016
1.610016
1.625691
1.625691
1.609394
1.609394
1.621490
1.621490
1.614868
1.614868
1.611513
1.611513
1.623535
1.623535
1.620677
1.620677
1.611753
1.611753
1.594260
1.594260
1.626972
1.626972
1.619999
1.619999
1.610900
1.610900
1.634525
1.634525
1.625025
1.625025
1.618182
1.618182
1.606941
1.606941
1.619187
1.619187
1.612722
1.612722
1.621930
1.621930
1.627528
1.627528
1.611319
1.611319
1.614709
1.614709
1.604741
1.604741
1.606948
1.606948
1.625202
1.625202
1.608953
1.608953
1.622196
1.622196
1.619666
1.619666
1.617072
1.617072
1.612697
1.612697
1.617956
1.617956
1.624529
1.624529
1.608173
1.608173
1.612379
1.612379
1.623763
1.623763
1.601663
1.601663
1.620185
1.620185
1.625704
1.625704
1.626199
1.626199
1.618834
1.618834
1.606876
1.606876
1.614318
1.614318
1.615127
1.615127
1.609271
1.609271
1.618711
1.618711
1.612999
1.612999
1.614346
1.614346
1.628456
1.628456
1.624192
1.624192
1.633134
1.633134
1.610137
1.610137
1.604795
1.604795
1.606998
1.606998
1.614941
1.614941
1.625592
1.625592
1.609318
1.609318
1.607995
1.607995
1.624714
1.624714
1.631273
1.631273
1.610793
1.610793
1.621653
1.621653
1.603344
1.603344
1.612899
1.612899
1.614120
1.614120
1.607784
1.607784
1.612986
1.612986
1.616161
1.616161
1.632619
1.632619
1.613147
1.613147
1.627557
1.627557
1.624384
1.624384
1.603577
1.603577
1.610322
1.610322
1.613336
1.613336
1.606142
1.606142
1.612617
1.612617
1.627820
1.627820
1.620972
1.620972
1.621682
1.621682
1.610097
1.610097
1.611242
1.611242
1.620737
1.620737
1.615882
1.615882
1.607229
1.607229
1.610053
1.610053
1.626221
1.626221
1.615120
1.615120
1.622009
1.622009
1.596124
1.596124
1.616538
1.616538
1.622739
1.622739
1.626168
1.626168
1.618047
1.618047
1.613744
1.613744
1.610704
1.610704
1.617339
1.617339
1.614075
1.614075
1.624899
1.624899
1.614818
1.614818
1.609453
1.609453
1.619956
1.619956
1.613310
1.613310
1.622504
1.622504
1.616353
1.616353
1.620083
1.620083
1.611777
1.611777
1.609222
1.609222
1.622339
1.622339
1.615105
1.615105
1.613804
1.613804
1.621495
1.621495
1.608246
1.608246
1.620542
1.620542
1.615615
1.615615
1.615457
1.615457
1.619070
1.619070
1.610394
1.610394
1.617890
1.617890
1.614055
1.614055
1.621218
1.621218
1.614267
1.614267
1.610039
1.610039
1.618792
1.618792
1.625782
1.625782
1.609239
1.609239
1.607091
1.607091
1.611248
1.611248
1.626274
1.626274
1.621511
1.621511
1.614722
1.614722
1.615422
1.615422
1.614961
1.614961
1.609426
1.609426
1.624651
1.624651
1.618847
1.618847
1.591549
1.591549
1.624593
1.624593
1.617876
1.617876
1.616050
1.616050
1.610685
1.610685
1.617669
1.617669
1.613989
1.613989
1.619163
1.619163
1.624588
1.624588
1.610797
1.610797
1.611549
1.611549
1.614370
1.614370
1.615238
1.615238
1.612518
1.612518
1.619151
1.619151
1.615675
1.615675
1.602340
1.602340
1.629481
1.629481
1.607811
1.607811
1.615580
1.615580
1.622136
1.622136
1.628026
1.628026
1.599363
1.599363
1.626333
1.626333
1.609180
1.609180
1.604253
1.604253
1.617390
1.617390
1.619577
1.619577
1.605812
1.605812
1.624935
1.624935
1.624097
1.624097
1.611961
1.611961
1.607249
1.607249
1.624732
1.624732
1.618735
1.618735
1.605711
1.605711
1.621107
1.621107
1.602626
1.602626
1.621290
1.621290
1.611742
1.611742
1.607671
1.607671
1.617525
1.617525
1.617419
1.617419
1.628143
1.628143
1.615344
1.615344
1.613084
1.613084
1.610728
1.610728
1.605815
1.605815
1.610449
1.610449
1.614217
1.614217
1.617864
1.617864
1.621656
1.621656
1.609432
1.609432
1.616746
1.616746
1.600921
1.600921
1.604898
1.604898
1.629439
1.629439
1.624389
1.624389
1.623853
1.623853
1.610518
1.610518
1.618076
1.618076
1.608982
1.608982
1.612327
1.612327
1.612767
1.612767
1.603715
1.603715
1.617924
1.617924
1.629220
1.629220
1.609317
1.609317
1.595086
1.595086
1.636008
1.636008
1.615761
1.615761
1.610523
1.610523
1.616869
1.616869
1.607957
1.607957
1.615044
1.615044
1.618791
1.618791
1.622847
1.622847
1.607526
1.607526
1.619335
1.619335
1.607575
1.607575
1.615288
1.615288
1.615317
1.615317
1.616165
1.616165
1.618332
1.618332
1.604840
1.604840
1.633586
1.633586
1.610188
1.610188
1.604114
1.604114
1.596098
1.596098
1.607300
1.607300
1.626221
1.626221
1.622969
1.622969
1.621798
1.621798
1.617781
1.617781
1.616205
1.616205
1.605199
1.605199
1.614854
1.614854
1.619721
1.619721
1.614162
1.614162
1.615469
1.615469
1.612178
1.612178
1.616533
1.616533
1.614076
1.614076
1.609836
1.609836
1.619675
1.619675
1.613186
1.613186
1.606624
1.606624
1.625088
1.625088
1.617329
1.617329
1.611924
1.611924
1.610494
1.610494
1.623835
1.623835
1.606998
1.606998
1.616951
1.616951
1.613773
1.613773
1.612161
1.612161
1.619746
1.619746
1.607931
1.607931
1.608296
1.608296
1.619382
1.619382
1.617413
1.617413
1.609190
1.609190
1.618112
1.618112
1.618214
1.618214
1.609165
1.609165
1.608735
1.608735
1.618434
1.618434
1.617521
1.617521
1.609049
1.609049
1.619931
1.619931
1.613321
1.613321
1.628993
1.628993
1.596327
1.596327
1.616391
1.616391
1.608762
1.608762
1.610571
1.610571
1.617133
1.617133
1.619108
1.619108
1.616655
1.616655
1.607270
1.607270
1.612975
1.612975
1.608172
1.608172
1.628574
1.628574
1.607485
1.607485
1.619056
1.619056
1.615689
1.615689
1.623126
1.623126
1.602960
1.602960
1.616424
1.616424
1.610600
1.610600
1.613454
1.613454
1.613528
1.613528
1.616888
1.616888
1.605407
1.605407
1.619666
1.619666
1.616917
1.616917
1.612419
1.612419
1.616137
1.616137
1.619705
1.619705
1.610390
1.610390
1.601817
1.601817
1.620576
1.620576
1.618281
1.618281
1.607850
1.607850
1.613812
1.613812
1.620064
1.620064
1.600968
1.600968
1.630266
1.630266
1.611774
1.611774
1.619277
1.619277
1.616133
1.616133
1.608646
1.608646
1.613597
1.613597
1.608795
1.608795
1.601909
1.601909
1.607588
1.607588
1.634207
1.634207
1.617504
1.617504
1.614071
1.614071
1.612285
1.612285
1.624375
1.624375
1.611906
1.611906
1.604580
1.604580
1.615628
1.615628
1.620188
1.620188
1.615999
1.615999
1.610262
1.610262
1.605020
1.605020
1.612413
1.612413
1.613608
1.613608
1.616721
1.616721
1.615865
1.615865
1.609107
1.609107
1.607054
1.607054
1.611906
1.611906
1.607747
1.607747
1.625897
1.625897
1.616359
1.616359
1.613958
1.613958
1.615399
1.615399
1.602099
1.602099
1.617471
1.617471
1.620703
1.620703
1.610946
1.610946
1.622619
1.622619
1.600340
1.600340
1.620502
1.620502
1.613601
1.613601
1.610315
1.610315
1.615439
1.615439
1.617239
1.617239
1.608557
1.608557
1.616930
1.616930
1.625435
1.625435
1.619773
1.619773
1.598224
1.598224
1.615415
1.615415
1.607549
1.607549
1.633534
1.633534
1.607477
1.607477
1.598697
1.598697
1.611279
1.611279
1.617127
1.617127
1.621036
1.621036
1.603415
1.603415
1.607281
1.607281
1.618776
1.618776
1.617485
1.617485
1.615945
1.615945
1.619756
1.619756
1.618507
1.618507
1.602736
1.602736
1.609188
1.609188
1.621179
1.621179
1.605634
1.605634
1.613089
1.613089
1.617202
1.617202
1.608731
1.608731
1.621881
1.621881
1.607881
1.607881
1.606335
1.606335
1.611394
1.611394
1.620508
1.620508
1.610330
1.610330
1.616129
1.616129
1.616750
1.616750
1.608196
1.608196
1.615367
1.615367
1.625034
1.625034
1.594774
1.594774
1.612505
1.612505
1.615207
1.615207
1.619972
1.619972
1.620545
1.620545
1.595834
1.595834
1.622324
1.622324
1.616561
1.616561
1.610052
1.610052
1.619822
1.619822
1.609307
1.609307
1.615207
1.615207
1.623819
1.623819
1.593693
1.593693
1.624763
1.624763
1.615863
1.615863
1.610505
1.610505
1.606876
1.606876
1.606134
1.606134
1.619187
1.619187
1.598838
1.598838
1.621613
1.621613
1.610277
1.610277
1.616007
1.616007
1.615765
1.615765
1.619690
1.619690
1.599635
1.599635
1.615275
1.615275
1.615223
1.615223
1.610206
1.610206
1.609022
1.609022
1.617612
1.617612
1.621368
1.621368
1.605181
1.605181
1.614666
1.614666
1.606031
1.606031
1.618630
1.618630
1.621420
1.621420
1.601766
1.601766
1.602569
1.602569
1.626282
1.626282
1.613992
1.613992
1.609658
1.609658
1.611841
1.611841
1.601368
1.601368
1.617730
1.617730
1.615497
1.615497
1.609344
1.609344
1.622308
1.622308
1.626171
1.626171
1.621140
1.621140
1.611067
1.611067
1.595801
1.595801
1.609285
1.609285
1.626376
1.626376
1.604092
1.604092
1.602906
1.602906
1.617157
1.617157
1.613611
1.613611
1.614355
1.614355
1.612790
1.612790
1.606629
1.606629
1.613684
1.613684
1.617209
1.617209
1.611767
1.611767
1.626339
1.626339
1.613147
1.613147
1.604204
1.604204
1.606975
1.606975
1.617749
1.617749
1.604754
1.604754
1.613753
1.613753
1.621056
1.621056
1.604419
1.604419
1.615139
1.615139
1.615461
1.615461
1.622614
1.622614
1.609417
1.609417
1.597536
1.597536
1.596570
1.596570
1.625071
1.625071
1.619199
1.619199
1.607877
1.607877
1.614691
1.614691
1.606120
1.606120
1.623822
1.623822
1.613307
1.613307
1.608098
1.608098
1.611183
1.611183
1.609211
1.609211
1.610914
1.610914
1.607536
1.607536
1.616639
1.616639
1.619769
1.619769
1.609537
1.609537
1.613895
1.613895
1.618730
1.618730
1.609507
1.609507
1.610320
1.610320
1.617250
1.617250
1.608812
1.608812
1.612211
1.612211
1.630058
1.630058
1.589263
1.589263
1.599251
1.599251
1.609253
1.609253
1.620004
1.620004
1.615312
1.615312
1.619674
1.619674
1.625357
1.625357
1.601413
1.601413
1.596589
1.596589
1.619781
1.619781
1.620293
1.620293
1.627120
1.627120
1.596791
1.596791
1.620939
1.620939
1.604872
1.604872
1.611837
1.611837
1.615558
1.615558
1.612907
1.612907
1.610960
1.610960
1.611227
1.611227
1.610446
1.610446
1.610390
1.610390
1.614327
1.614327
1.610513
1.610513
1.607975
1.607975
1.619527
1.619527
1.598853
1.598853
1.611777
1.611777
1.632375
1.632375
1.609207
1.609207
1.608036
1.608036
1.610003
1.610003
1.617174
1.617174
1.613184
1.613184
1.615545
1.615545
1.603185
1.603185
1.595215
1.595215
1.604558
1.604558
1.615631
1.615631
1.619124
1.619124
1.629683
1.629683
1.610698
1.610698
1.610561
1.610561
1.607376
1.607376
1.627361
1.627361
1.602623
1.602623
1.602726
1.602726
1.617735
1.617735
1.606677
1.606677
1.609665
1.609665
1.626400
1.626400
1.606274
1.606274
1.622027
1.622027
1.618334
1.618334
1.603057
1.603057
1.610055
1.610055
1.623024
1.623024
1.608529
1.608529
1.607415
1.607415
1.615746
1.615746
1.603551
1.603551
1.620714
1.620714
1.604882
1.604882
1.603844
1.603844
1.624134
1.624134
1.604746
1.604746
1.620082
1.620082
1.614660
1.614660
1.607414
1.607414
1.604249
1.604249
1.613486
1.613486
1.615901
1.615901
1.606537
1.606537
1.613900
1.613900
1.617510
1.617510
1.603970
1.603970
1.603558
1.603558
1.615738
1.615738
1.608616
1.608616
1.608027
1.608027
1.626138
1.626138
1.608984
1.608984
1.617054
1.617054
1.615380
1.615380
1.606881
1.606881
1.610470
1.610470
1.601884
1.601884
1.611784
1.611784
1.619176
1.619176
1.610584
1.610584
1.616334
1.616334
1.616957
1.616957
1.605886
1.605886
1.603112
1.603112
1.619934
1.619934
1.613042
1.613042
1.606841
1.606841
1.619883
1.619883
1.610514
1.610514
1.620869
1.620869
1.597553
1.597553
1.611884
1.611884
1.600726
1.600726
1.615308
1.615308
1.610737
1.610737
1.621655
1.621655
1.614097
1.614097
1.606826
1.606826
1.617942
1.617942
1.607808
1.607808
1.611417
1.611417
1.611370
1.611370
1.612731
1.612731
1.607738
1.607738
1.616279
1.616279
1.609388
1.609388
1.600111
1.600111
1.613436
1.613436
1.619924
1.619924
1.609425
1.609425
1.615703
1.615703
1.618869
1.618869
1.606903
1.606903
1.603149
1.603149
1.604179
1.604179
1.627738
1.627738
1.611536
1.611536
1.616470
1.616470
1.605742
1.605742
1.622219
1.622219
1.598941
1.598941
1.603514
1.603514
1.607414
1.607414
1.610378
1.610378
1.612747
1.612747
1.626112
1.626112
1.599485
1.599485
1.614520
1.614520
1.606447
1.606447
1.621299
1.621299
1.616277
1.616277
1.622641
1.622641
1.621204
1.621204
1.607778
1.607778
1.601958
1.601958
1.601278
1.601278
1.599923
1.599923
1.625649
1.625649
1.610094
1.610094
1.613791
1.613791
1.606222
1.606222
1.608906
1.608906
1.618611
1.618611
1.597784
1.597784
1.617891
1.617891
1.613831
1.613831
1.605378
1.605378
1.610396
1.610396
1.622863
1.622863
1.610455
1.610455
1.606238
1.606238
1.619275
1.619275
1.600137
1.600137
1.612390
1.612390
1.618990
1.618990
1.603900
1.603900
1.625642
1.625642
1.614220
1.614220
1.601408
1.601408
1.606058
1.606058
1.608022
1.608022
1.616090
1.616090
1.613423
1.613423
1.603172
1.603172
1.616312
1.616312
1.605730
1.605730
1.622269
1.622269
1.619132
1.619132
1.609893
1.609893
1.605449
1.605449
1.595831
1.595831
1.614066
1.614066
1.623336
1.623336
1.610021
1.610021
1.600854
1.600854
1.606199
1.606199
1.600959
1.600959
1.619333
1.619333
1.611216
1.611216
1.611135
1.611135
1.613024
1.613024
1.614698
1.614698
1.618265
1.618265
1.608578
1.608578
1.613178
1.613178
1.597728
1.597728
1.617070
1.617070
1.613806
1.613806
1.602147
1.602147
1.617547
1.617547
1.602702
1.602702
1.611027
1.611027
1.601227
1.601227
1.616303
1.616303
1.611676
1.611676
1.615409
1.615409
1.611562
1.611562
1.598498
1.598498
1.611870
1.611870
1.615628
1.615628
1.618554
1.618554
1.610477
1.610477
1.607330
1.607330
1.607372
1.607372
1.609641
1.609641
1.621772
1.621772
1.612373
1.612373
1.600546
1.600546
1.615859
1.615859
1.608971
1.608971
1.617918
1.617918
1.602044
1.602044
1.615603
1.615603
1.612768
1.612768
1.610822
1.610822
1.613346
1.613346
1.620854
1.620854
1.614626
1.614626
1.609598
1.609598
1.611179
1.611179
1.594365
1.594365
1.614823
1.614823
1.615422
1.615422
1.606709
1.606709
1.608925
1.608925
1.607130
1.607130
1.614722
1.614722
1.598576
1.598576
1.613173
1.613173
1.614624
1.614624
1.612906
1.612906
1.609940
1.609940
1.602436
1.602436
1.612991
1.612991
1.623223
1.623223
1.603333
1.603333
1.612653
1.612653
1.605340
1.605340
1.611764
1.611764
1.601806
1.601806
1.624409
1.624409
1.612493
1.612493
1.619476
1.619476
1.595513
1.595513
1.601419
1.601419
1.627540
1.627540
1.621805
1.621805
1.604904
1.604904
1.616624
1.616624
1.604687
1.604687
1.603437
1.603437
1.615770
1.615770
1.609365
1.609365
1.611146
1.611146
1.610142
1.610142
1.605235
1.605235
1.611809
1.611809
1.612640
1.612640
1.608925
1.608925
1.605996
1.605996
1.613857
1.613857
1.599365
1.599365
1.613145
1.613145
1.615665
1.615665
1.610499
1.610499
1.614530
1.614530
1.599681
1.599681
1.612498
1.612498
1.613081
1.613081
1.607542
1.607542
1.621662
1.621662
1.604692
1.604692
1.612618
1.612618
1.611860
1.611860
1.615491
1.615491
1.606635
1.606635
1.604723
1.604723
1.611114
1.611114
1.615901
1.615901
1.605173
1.605173
1.616131
1.616131
1.612180
1.612180
1.607709
1.607709
1.609730
1.609730
1.606331
1.606331
1.617129
1.617129
1.618399
1.618399
1.602541
1.602541
1.599681
1.599681
1.610642
1.610642
1.622791
1.622791
1.602132
1.602132
1.613663
1.613663
1.609762
1.609762
1.627055
1.627055
1.595906
1.595906
1.612125
1.612125
1.597325
1.597325
1.619736
1.619736
1.606670
1.606670
1.616656
1.616656
1.603290
1.603290
1.622608
1.622608
1.613644
1.613644
1.600901
1.600901
1.610724
1.610724
1.621253
1.621253
1.598354
1.598354
1.601110
1.601110
1.610741
1.610741
1.621760
1.621760
1.606344
1.606344
1.607269
1.607269
1.607002
1.607002
1.615178
1.615178
1.616150
1.616150
1.607988
1.607988
1.617135
1.617135
1.618567
1.618567
1.596666
1.596666
1.610256
1.610256
1.614760
1.614760
1.612871
1.612871
1.607145
1.607145
1.602387
1.602387
1.614055
1.614055
1.600479
1.600479
1.611895
1.611895
1.615261
1.615261
1.618328
1.618328
1.602866
1.602866
1.601755
1.601755
1.602197
1.602197
1.621824
1.621824
1.611141
1.611141
1.613986
1.613986
1.612802
1.612802
1.622672
1.622672
1.614324
1.614324
1.602369
1.602369
1.594731
1.594731
1.613102
1.613102
1.621106
1.621106
1.614284
1.614284
1.592810
1.592810
1.608109
1.608109
1.612667
1.612667
1.599797
1.599797
1.608464
1.608464
1.610392
1.610392
1.620386
1.620386
1.613951
1.613951
1.602243
1.602243
1.628626
1.628626
1.606165
1.606165
1.595619
1.595619
1.598525
1.598525
1.601595
1.601595
1.614208
1.614208
1.615585
1.615585
1.621772
1.621772
1.609084
1.609084
1.608187
1.608187
1.595249
1.595249
1.616719
1.616719
1.622427
1.622427
1.617985
1.617985
1.609947
1.609947
1.601523
1.601523
1.611417
1.611417
1.607697
1.607697
1.608003
1.608003
1.602185
1.602185
1.619458
1.619458
1.607704
1.607704
1.611907
1.611907
1.614166
1.614166
1.611472
1.611472
1.611569
1.611569
1.608097
1.608097
1.601772
1.601772
1.612340
1.612340
1.621180
1.621180
1.604658
1.604658
1.604554
1.604554
1.604802
1.604802
1.611852
1.611852
1.613936
1.613936
1.610285
1.610285
1.602488
1.602488
1.609841
1.609841
1.608340
1.608340
1.606685
1.606685
1.608776
1.608776
1.611812
1.611812
1.613339
1.613339
1.614673
1.614673
1.605265
1.605265
1.613596
1.613596
1.601148
1.601148
1.614323
1.614323
1.621840
1.621840
1.611483
1.611483
1.605225
1.605225
1.598670
1.598670
1.610968
1.610968
1.623967
1.623967
1.598854
1.598854
1.616050
1.616050
1.605281
1.605281
1.602116
1.602116
1.608751
1.608751
1.614429
1.614429
1.608265
1.608265
1.608954
1.608954
1.606618
1.606618
1.593296
1.593296
1.619404
1.619404
1.606266
1.606266
1.613957
1.613957
1.615776
1.615776
1.596993
1.596993
1.611082
1.611082
1.607122
1.607122
1.617953
1.617953
1.615305
1.615305
1.614077
1.614077
1.610336
1.610336
1.606968
1.606968
1.606409
1.606409
1.609322
1.609322
1.605956
1.605956
1.616948
1.616948
1.606413
1.606413
1.613760
1.613760
1.602527
1.602527
1.613263
1.613263
1.601758
1.601758
1.617054
1.617054
1.625707
1.625707
1.583968
1.583968
1.614684
1.614684
1.609993
1.609993
1.598732
1.598732
1.608703
1.608703
1.615870
1.615870
1.607922
1.607922
1.604375
1.604375
1.617682
1.617682
1.623305
1.623305
1.589209
1.589209
1.618390
1.618390
1.620947
1.620947
1.602291
1.602291
1.609296
1.609296
1.591972
1.591972
1.618403
1.618403
1.613256
1.613256
1.605590
1.605590
1.612803
1.612803
1.592888
1.592888
1.608869
1.608869
1.608613
1.608613
1.617916
1.617916
1.606053
1.606053
1.603457
1.603457
1.617108
1.617108
1.608627
1.608627
1.595089
1.595089
1.615197
1.615197
1.610066
1.610066
1.612291
1.612291
1.599684
1.599684
1.612151
1.612151
1.607896
1.607896
1.614877
1.614877
1.604712
1.604712
1.607689
1.607689
1.610999
1.610999
1.612046
1.612046
1.610416
1.610416
1.602222
1.602222
1.599422
1.599422
1.613936
1.613936
1.618991
1.618991
1.611331
1.611331
1.609614
1.609614
1.614395
1.614395
1.612336
1.612336
1.604657
1.604657
1.603111
1.603111
1.597271
1.597271
1.618360
1.618360
1.616086
1.616086
1.607310
1.607310
1.605397
1.605397
1.621318
1.621318
1.592719
1.592719
1.605754
1.605754
1.620704
1.620704
1.603393
1.603393
1.614631
1.614631
1.598992
1.598992
1.618534
1.618534
1.601131
1.601131
1.612219
1.612219
1.608931
1.608931
1.606706
1.606706
1.608756
1.608756
1.601997
1.601997
1.620671
1.620671
1.613838
1.613838
1.621958
1.621958
1.598700
1.598700
1.601158
1.601158
1.608915
1.608915
1.614242
1.614242
1.606346
1.606346
1.610964
1.610964
1.602492
1.602492
1.610746
1.610746
1.615232
1.615232
1.593370
1.593370
1.617308
1.617308
1.603950
1.603950
1.615790
1.615790
1.610316
1.610316
1.594836
1.594836
1.604783
1.604783
1.629921
1.629921
1.603100
1.603100
1.614820
1.614820
1.611203
1.611203
1.602852
1.602852
1.614338
1.614338
1.598739
1.598739
1.596082
1.596082
1.619570
1.619570
1.616329
1.616329
1.602499
1.602499
1.609489
1.609489
1.620621
1.620621
1.618841
1.618841
1.608389
1.608389
1.597329
1.597329
1.595955
1.595955
1.610249
1.610249
1.595121
1.595121
1.625444
1.625444
1.604976
1.604976
1.607525
1.607525
1.607968
1.607968
1.606574
1.606574
1.621789
1.621789
1.603107
1.603107
1.602788
1.602788
1.600843
1.600843
1.613733
1.613733
1.607326
1.607326
1.612908
1.612908
1.608388
1.608388
1.611578
1.611578
1.611271
1.611271
1.611887
1.611887
1.605459
1.605459
1.601479
1.601479
1.607463
1.607463
1.619565
1.619565
1.605029
1.605029
1.596364
1.596364
1.616008
1.616008
1.605563
1.605563
1.613183
1.613183
1.612151
1.612151
1.615939
1.615939
1.592820
1.592820
1.611388
1.611388
1.599787
1.599787
1.613521
1.613521
1.613194
1.613194
1.603841
1.603841
1.611335
1.611335
1.614504
1.614504
1.602828
1.602828
1.602021
1.602021
1.612680
1.612680
1.602216
1.602216
1.608128
1.608128
1.609915
1.609915
1.615602
1.615602
1.606037
1.606037
1.609655
1.609655
1.612710
1.612710
1.608479
1.608479
1.611140
1.611140
1.598215
1.598215
1.608453
1.608453
1.606540
1.606540
1.622873
1.622873
1.609702
1.609702
1.591065
1.591065
1.604622
1.604622
1.604469
1.604469
1.618105
1.618105
1.613814
1.613814
1.599097
1.599097
1.608425
1.608425
1.601432
1.601432
1.610036
1.610036
1.607332
1.607332
1.616159
1.616159
1.613739
1.613739
1.620541
1.620541
1.590979
1.590979
1.608527
1.608527
1.607795
1.607795
1.613528
1.613528
1.594148
1.594148
1.603398
1.603398
1.613874
1.613874
1.618670
1.618670
1.603162
1.603162
1.613055
1.613055
1.600924
1.600924
1.609258
1.609258
1.616686
1.616686
1.618895
1.618895
1.601604
1.601604
1.603114
1.603114
1.610942
1.610942
1.606330
1.606330
1.598443
1.598443
1.623472
1.623472
1.602084
1.602084
1.613401
1.613401
1.602612
1.602612
1.602664
1.602664
1.608397
1.608397
1.603278
1.603278
1.613940
1.613940
1.613848
1.613848
1.600864
1.600864
1.619753
1.619753
1.621167
1.621167
1.599260
1.599260
1.597720
1.597720
1.601590
1.601590
1.611670
1.611670
1.590732
1.590732
1.613071
1.613071
1.627532
1.627532
1.612229
1.612229
1.608381
1.608381
1.607188
1.607188
1.603630
1.603630
1.609418
1.609418
1.624710
1.624710
1.606189
1.606189
1.606703
1.606703
1.600962
1.600962
1.600325
1.600325
1.595570
1.595570
1.600309
1.600309
1.620039
1.620039
1.618652
1.618652
1.605153
1.605153
1.625525
1.625525
1.598856
1.598856
1.614779
1.614779
1.598715
1.598715
1.600860
1.600860
1.601344
1.601344
1.611887
1.611887
1.603922
1.603922
1.617808
1.617808
1.604338
1.604338
1.610722
1.610722
1.608801
1.608801
1.590531
1.590531
1.613242
1.613242
1.618744
1.618744
1.607407
1.607407
1.610454
1.610454
1.627774
1.627774
1.602869
1.602869
1.587071
1.587071
1.605270
1.605270
1.594896
1.594896
1.626386
1.626386
1.602148
1.602148
1.611669
1.611669
1.598648
1.598648
1.612051
1.612051
1.610638
1.610638
1.607402
1.607402
1.611461
1.611461
1.614880
1.614880
1.597841
1.597841
1.606577
1.606577
1.617305
1.617305
1.601468
1.601468
1.616760
1.616760
1.600851
1.600851
1.608982
1.608982
1.603473
1.603473
1.609481
1.609481
1.599420
1.599420
1.614413
1.614413
1.602107
1.602107
1.615813
1.615813
1.607203
1.607203
1.604405
1.604405
1.615770
1.615770
1.610751
1.610751
1.608485
1.608485
1.597470
1.597470
1.620203
1.620203
1.606156
1.606156
1.607891
1.607891
1.595707
1.595707
1.609121
1.609121
1.604245
1.604245
1.614125
1.614125
1.603626
1.603626
1.612116
1.612116
1.603770
1.603770
1.602051
1.602051
1.605187
1.605187
1.618659
1.618659
1.619119
1.619119
1.589982
1.589982
1.607598
1.607598
1.615571
1.615571
1.602043
1.602043
1.608776
1.608776
1.603606
1.603606
1.603274
1.603274
1.595380
1.595380
1.613513
1.613513
1.607761
1.607761
1.621026
1.621026
1.617774
1.617774
1.602564
1.602564
1.595648
1.595648
1.605049
1.605049
1.619487
1.619487
1.602069
1.602069
1.609513
1.609513
1.612902
1.612902
1.608590
1.608590
1.604271
1.604271
1.603713
1.603713
1.603051
1.603051
1.606568
1.606568
1.594888
1.594888
1.635172
1.635172
1.606356
1.606356
1.613203
1.613203
1.613664
1.613664
1.599702
1.599702
1.604133
1.604133
1.614689
1.614689
1.609468
1.609468
1.604910
1.604910
1.602339
1.602339
1.605879
1.605879
1.621065
1.621065
1.604861
1.604861
1.615637
1.615637
1.596134
1.596134
1.597866
1.597866
1.608109
1.608109
1.608986
1.608986
1.610850
1.610850
1.604165
1.604165
1.604692
1.604692
1.604146
1.604146
1.603703
1.603703
1.614977
1.614977
1.609761
1.609761
1.603934
1.603934
1.610208
1.610208
1.607827
1.607827
1.593389
1.593389
1.607991
1.607991
1.620238
1.620238
1.600532
1.600532
1.604606
1.604606
1.611824
1.611824
1.590783
1.590783
1.634662
1.634662
1.610736
1.610736
1.615631
1.615631
1.615946
1.615946
1.595907
1.595907
1.596413
1.596413
1.605356
1.605356
1.608324
1.608324
1.606937
1.606937
1.609336
1.609336
1.606593
1.606593
1.600709
1.600709
1.617170
1.617170
1.601176
1.601176
1.613641
1.613641
1.603011
1.603011
1.615243
1.615243
1.610005
1.610005
1.611192
1.611192
1.600930
1.600930
1.597014
1.597014
1.609715
1.609715
1.614816
1.614816
1.597559
1.597559
1.602656
1.602656
1.612644
1.612644
1.604596
1.604596
1.612681
1.612681
1.598305
1.598305
1.602946
1.602946
1.620272
1.620272
1.609055
1.609055
1.597554
1.597554
1.613923
1.613923
1.605496
1.605496
1.610748
1.610748
1.602392
1.602392
1.614786
1.614786
1.598620
1.598620
1.606986
1.606986
1.614650
1.614650
1.602696
1.602696
1.598254
1.598254
1.612095
1.612095
1.610111
1.610111
1.614032
1.614032
1.618132
1.618132
1.613513
1.613513
1.600588
1.600588
1.595788
1.595788
1.607800
1.607800
1.604127
1.604127
1.596701
1.596701
1.604700
1.604700
1.608154
1.608154
1.625565
1.625565
1.606697
1.606697
1.605590
1.605590
1.607337
1.607337
1.602827
1.602827
1.614450
1.614450
1.597825
1.597825
1.607958
1.607958
1.614137
1.614137
1.605444
1.605444
1.610672
1.610672
1.610540
1.610540
1.598326
1.598326
1.605116
1.605116
1.614275
1.614275
1.606907
1.606907
1.607182
1.607182
1.615373
1.615373
1.599597
1.599597
1.608652
1.608652
1.603569
1.603569
1.611914
1.611914
1.615301
1.615301
1.603456
1.603456
1.600371
1.600371
1.603117
1.603117
1.606308
1.606308
1.610794
1.610794
1.602758
1.602758
1.603141
1.603141
1.613014
1.613014
1.627415
1.627415
1.602614
1.602614
1.599375
1.599375
1.600706
1.600706
1.603977
1.603977
1.613821
1.613821
1.600552
1.600552
1.611298
1.611298
1.600671
1.600671
1.608532
1.608532
1.600682
1.600682
1.622819
1.622819
1.623178
1.623178
1.593603
1.593603
1.590959
1.590959
1.613034
1.613034
1.606045
1.606045
1.598593
1.598593
1.619821
1.619821
1.594292
1.594292
1.612051
1.612051
1.604870
1.604870
1.611682
1.611682
1.594889
1.594889
1.611637
1.611637
1.619196
1.619196
1.594260
1.594260
1.595541
1.595541
1.607042
1.607042
1.620806
1.620806
1.607346
1.607346
1.599802
1.599802
1.609901
1.609901
1.612384
1.612384
1.603920
1.603920
1.614628
1.614628
1.595754
1.595754
1.604874
1.604874
1.621331
1.621331
1.594821
1.594821
1.615085
1.615085
1.601980
1.601980
1.605250
1.605250
1.593753
1.593753
1.620317
1.620317
1.603295
1.603295
1.622141
1.622141
1.591713
1.591713
1.603580
1.603580
1.614338
1.614338
1.599699
1.599699
1.605908
1.605908
1.607000
1.607000
1.603574
1.603574
1.619873
1.619873
1.615287
1.615287
1.601450
1.601450
1.601613
1.601613
1.610863
1.610863
1.603441
1.603441
1.604765
1.604765
1.604191
1.604191
1.607706
1.607706
1.616148
1.616148
1.598797
1.598797
1.606021
1.606021
1.605079
1.605079
1.604907
1.604907
1.611472
1.611472
1.605316
1.605316
1.608677
1.608677
1.601801
1.601801
1.602810
1.602810
1.615734
1.615734
1.603253
1.603253
1.617232
1.617232
1.597768
1.597768
1.604266
1.604266
1.605087
1.605087
1.608943
1.608943
1.595795
1.595795
1.606988
1.606988
1.613088
1.613088
1.611070
1.611070
1.605564
1.605564
1.596514
1.596514
1.592306
1.592306
1.610961
1.610961
1.609839
1.609839
1.627076
1.627076
1.603057
1.603057
1.607799
1.607799
1.608506
1.608506
1.602765
1.602765
1.611295
1.611295
1.596508
1.596508
1.609583
1.609583
1.610771
1.610771
1.612786
1.612786
1.601762
1.601762
1.599357
1.599357
1.602229
1.602229
1.617754
1.617754
1.611432
1.611432
1.600220
1.600220
1.606267
1.606267
1.607474
1.607474
1.614523
1.614523
1.605744
1.605744
1.596038
1.596038
1.602470
1.602470
1.608264
1.608264
1.607140
1.607140
1.605214
1.605214
1.609547
1.609547
1.603215
1.603215
1.608240
1.608240
1.600063
1.600063
1.622404
1.622404
1.595864
1.595864
1.607098
1.607098
1.604939
1.604939
1.599638
1.599638
1.606024
1.606024
1.615990
1.615990
1.608739
1.608739
1.612241
1.612241
1.591988
1.591988
1.606439
1.606439
1.613721
1.613721
1.611398
1.611398
1.597234
1.597234
1.609862
1.609862
1.595209
1.595209
1.620706
1.620706
1.609585
1.609585
1.603946
1.603946
1.609612
1.609612
1.606762
1.606762
1.600307
1.600307
1.606674
1.606674
1.592274
1.592274
1.605094
1.605094
1.607547
1.607547
1.623045
1.623045
1.602936
1.602936
1.610960
1.610960
1.619269
1.619269
1.593468
1.593468
1.604098
1.604098
1.608279
1.608279
1.603094
1.603094
1.604076
1.604076
1.601445
1.601445
1.616136
1.616136
1.614113
1.614113
1.614219
1.614219
1.597962
1.597962
1.597480
1.597480
1.607394
1.607394
1.613920
1.613920
1.602854
1.602854
1.597633
1.597633
1.605761
1.605761
1.611757
1.611757
1.599849
1.599849
1.607324
1.607324
1.610466
1.610466
1.597239
1.597239
1.618234
1.618234
1.609046
1.609046
1.608170
1.608170
1.614074
1.614074
1.596448
1.596448
1.602021
1.602021
1.616830
1.616830
1.599341
1.599341
1.593950
1.593950
1.605118
1.605118
1.617508
1.617508
1.600911
1.600911
1.603677
1.603677
1.614347
1.614347
1.595482
1.595482
1.618402
1.618402
1.599791
1.599791
1.605084
1.605084
1.598452
1.598452
1.619884
1.619884
1.607279
1.607279
1.610392
1.610392
1.603862
1.603862
1.599685
1.599685
1.618695
1.618695
1.595357
1.595357
1.603668
1.603668
1.617357
1.617357
1.592206
1.592206
1.596096
1.596096
1.624356
1.624356
1.598490
1.598490
1.611037
1.611037
1.596605
1.596605
1.621469
1.621469
1.601376
1.601376
1.599375
1.599375
1.614649
1.614649
1.602722
1.602722
1.601205
1.601205
1.613296
1.613296
1.599637
1.599637
1.601422
1.601422
1.605222
1.605222
1.616466
1.616466
1.607159
1.607159
1.608467
1.608467
1.594298
1.594298
1.599745
1.599745
1.614671
1.614671
1.613973
1.613973
1.617032
1.617032
1.605818
1.605818
1.588051
1.588051
1.610375
1.610375
1.608719
1.608719
1.597692
1.597692
1.613797
1.613797
1.600734
1.600734
1.608326
1.608326
1.609494
1.609494
1.601039
1.601039
1.608242
1.608242
1.607267
1.607267
1.607370
1.607370
1.605150
1.605150
1.604863
1.604863
1.607240
1.607240
1.608142
1.608142
1.602584
1.602584
1.606376
1.606376
1.616055
1.616055
1.607528
1.607528
1.610517
1.610517
1.604489
1.604489
1.586543
1.586543
1.605983
1.605983
1.602154
1.602154
1.601350
1.601350
1.612445
1.612445
1.607236
1.607236
1.604423
1.604423
1.604693
1.604693
1.608156
1.608156
1.602121
1.602121
1.610277
1.610277
1.610758
1.610758
1.608086
1.608086
1.597859
1.597859
1.607303
1.607303
1.604373
1.604373
1.599833
1.599833
1.594011
1.594011
1.615173
1.615173
1.614178
1.614178
1.605248
1.605248
1.598776
1.598776
1.603977
1.603977
1.613520
1.613520
1.611542
1.611542
1.599343
1.599343
1.598648
1.598648
1.607569
1.607569
1.607163
1.607163
1.607523
1.607523
1.607850
1.607850
1.613019
1.613019
1.600684
1.600684
1.599668
1.599668
1.614842
1.614842
1.598585
1.598585
1.603302
1.603302
1.600196
1.600196
1.611017
1.611017
1.606196
1.606196
1.607837
1.607837
1.616755
1.616755
1.610020
1.610020
1.605531
1.605531
1.588597
1.588597
1.607462
1.607462
1.609007
1.609007
1.606498
1.606498
1.599110
1.599110
1.598969
1.598969
1.616479
1.616479
1.610803
1.610803
1.619475
1.619475
1.603189
1.603189
1.590549
1.590549
1.603313
1.603313
1.619449
1.619449
1.592370
1.592370
1.600370
1.600370
1.600853
1.600853
1.616894
1.616894
1.611210
1.611210
1.590459
1.590459
1.611260
1.611260
1.605119
1.605119
1.610505
1.610505
1.608040
1.608040
1.607957
1.607957
1.603761
1.603761
1.601306
1.601306
1.606594
1.606594
1.607444
1.607444
1.595876
1.595876
1.614686
1.614686
1.609229
1.609229
1.598743
1.598743
1.595796
1.595796
1.628692
1.628692
1.598971
1.598971
1.603346
1.603346
1.599146
1.599146
1.618583
1.618583
1.590359
1.590359
1.601552
1.601552
1.611116
1.611116
1.605510
1.605510
1.600652
1.600652
1.598064
1.598064
1.607338
1.607338
1.623061
1.623061
1.595989
1.595989
1.597158
1.597158
1.607962
1.607962
1.615383
1.615383
1.601359
1.601359
1.604931
1.604931
1.599299
1.599299
1.605098
1.605098
1.609537
1.609537
1.617275
1.617275
1.593120
1.593120
1.607426
1.607426
1.605763
1.605763
1.613822
1.613822
1.602221
1.602221
1.595454
1.595454
1.605341
1.605341
1.605800
1.605800
1.604738
1.604738
1.611196
1.611196
1.598020
1.598020
1.611375
1.611375
1.615963
1.615963
1.595166
1.595166
1.607070
1.607070
1.594778
1.594778
1.615077
1.615077
1.612102
1.612102
1.610792
1.610792
1.602036
1.602036
1.581614
1.581614
1.612962
1.612962
1.611290
1.611290
1.610178
1.610178
1.593721
1.593721
1.596310
1.596310
1.600455
1.600455
1.604522
1.604522
1.598709
1.598709
1.616414
1.616414
1.606242
1.606242
1.608132
1.608132
1.603662
1.603662
1.620690
1.620690
1.590615
1.590615
1.602364
1.602364
1.600290
1.600290
1.609842
1.609842
1.605515
1.605515
1.608095
1.608095
1.601438
1.601438
1.604306
1.604306
1.610442
1.610442
1.601825
1.601825
1.609776
1.609776
1.598062
1.598062
1.616334
1.616334
1.599006
1.599006
1.598665
1.598665
1.603669
1.603669
1.608766
1.608766
1.612188
1.612188
1.604970
1.604970
1.594199
1.594199
1.611447
1.611447
1.602225
1.602225
1.606355
1.606355
1.612659
1.612659
1.602015
1.602015
1.604192
1.604192
1.599087
1.599087
1.606903
1.606903
1.591642
1.591642
1.607383
1.607383
1.609515
1.609515
1.611183
1.611183
1.596795
1.596795
1.612063
1.612063
1.615983
1.615983
1.594539
1.594539
1.606132
1.606132
1.604899
1.604899
1.607025
1.607025
1.612375
1.612375
1.606930
1.606930
1.591201
1.591201
1.603333
1.603333
1.608055
1.608055
1.607128
1.607128
1.603115
1.603115
1.603085
1.603085
1.594857
1.594857
1.613916
1.613916
1.621881
1.621881
1.597067
1.597067
1.595336
1.595336
1.621770
1.621770
1.594972
1.594972
1.602721
1.602721
1.609430
1.609430
1.593741
1.593741
1.600499
1.600499
1.596703
1.596703
1.615215
1.615215
1.603302
1.603302
1.610085
1.610085
1.596355
1.596355
1.616207
1.616207
1.612067
1.612067
1.587154
1.587154
1.614884
1.614884
1.602653
1.602653
1.598332
1.598332
1.608863
1.608863
1.606602
1.606602
1.608927
1.608927
1.589049
1.589049
1.611534
1.611534
1.608256
1.608256
1.611238
1.611238
1.604267
1.604267
1.610810
1.610810
1.600903
1.600903
1.612211
1.612211
1.598230
1.598230
1.601545
1.601545
1.606620
1.606620
1.606675
1.606675
1.602009
1.602009
1.606941
1.606941
1.601318
1.601318
1.610836
1.610836
1.606583
1.606583
1.596663
1.596663
1.606517
1.606517
1.603256
1.603256
1.614210
1.614210
1.600802
1.600802
1.596416
1.596416
1.609488
1.609488
1.602734
1.602734
1.613358
1.613358
1.605205
1.605205
1.601653
1.601653
1.591140
1.591140
1.614564
1.614564
1.608156
1.608156
1.617533
1.617533
1.594326
1.594326
1.605185
1.605185
1.597134
1.597134
1.592466
1.592466
1.605882
1.605882
1.636043
1.636043
1.594830
1.594830
1.591981
1.591981
1.606704
1.606704
1.607344
1.607344
1.604268
1.604268
1.601659
1.601659
1.603414
1.603414
1.599970
1.599970
1.611917
1.611917
1.610777
1.610777
1.604539
1.604539
1.594265
1.594265
1.599502
1.599502
1.598657
1.598657
1.611417
1.611417
1.613037
1.613037
1.599885
1.599885
1.609284
1.609284
1.610005
1.610005
1.604464
1.604464
1.599747
1.599747
1.598654
1.598654
1.596899
1.596899
1.602128
1.602128
1.594479
1.594479
1.614422
1.614422
1.618003
1.618003
1.598581
1.598581
1.599607
1.599607
1.612702
1.612702
1.599862
1.599862
1.614359
1.614359
1.604469
1.604469
1.602131
1.602131
1.602967
1.602967
1.609775
1.609775
1.603506
1.603506
1.593178
1.593178
1.602826
1.602826
1.603857
1.603857
1.614909
1.614909
1.609102
1.609102
1.616466
1.616466
1.601932
1.601932
1.602824
1.602824
1.600478
1.600478
1.600319
1.600319
1.604524
1.604524
1.607926
1.607926
1.605229
1.605229
1.612316
1.612316
1.589836
1.589836
1.594580
1.594580
1.618170
1.618170
1.607931
1.607931
1.593540
1.593540
1.609435
1.609435
1.610595
1.610595
1.601167
1.601167
1.597580
1.597580
1.607414
1.607414
1.606139
1.606139
1.596991
1.596991
1.611712
1.611712
1.599545
1.599545
1.609233
1.609233
1.605113
1.605113
1.611451
1.611451
1.602380
1.602380
1.605645
1.605645
1.608640
1.608640
1.591705
1.591705
1.607067
1.607067
1.598960
1.598960
1.603709
1.603709
1.597265
1.597265
1.617976
1.617976
1.600775
1.600775
1.607136
1.607136
1.596979
1.596979
1.603636
1.603636
1.615950
1.615950
1.606247
1.606247
1.608220
1.608220
1.608212
1.608212
1.606507
1.606507
1.590001
1.590001
1.606479
1.606479
1.608958
1.608958
1.603408
1.603408
1.606479
1.606479
1.594707
1.594707
1.611082
1.611082
1.592595
1.592595
1.607098
1.607098
1.606748
1.606748
1.604343
1.604343
1.607383
1.607383
1.600081
1.600081
1.602082
1.602082
1.604758
1.604758
1.608247
1.608247
1.602970
1.602970
1.601752
1.601752
1.605061
1.605061
1.593738
1.593738
1.621607
1.621607
1.601822
1.601822
1.600683
1.600683
1.603319
1.603319
1.612967
1.612967
1.602405
1.602405
1.619703
1.619703
1.590923
1.590923
1.596244
1.596244
1.610077
1.610077
1.604599
1.604599
1.600457
1.600457
1.606952
1.606952
1.603437
1.603437
1.599949
1.599949
1.612180
1.612180
1.598755
1.598755
1.597842
1.597842
1.607778
1.607778
1.599070
1.599070
1.621246
1.621246
1.603770
1.603770
1.612767
1.612767
1.612311
1.612311
1.593862
1.593862
1.597041
1.597041
1.611230
1.611230
1.596853
1.596853
1.611525
1.611525
1.597647
1.597647
1.603748
1.603748
1.608521
1.608521
1.606608
1.606608
1.597468
1.597468
1.605488
1.605488
1.602591
1.602591
1.605209
1.605209
1.600739
1.600739
1.599137
1.599137
1.615033
1.615033
1.599927
1.599927
1.599482
1.599482
1.607645
1.607645
1.603654
1.603654
1.607570
1.607570
1.602013
1.602013
1.596583
1.596583
1.611390
1.611390
1.597399
1.597399
1.621693
1.621693
1.591005
1.591005
1.601402
1.601402
1.608897
1.608897
1.609751
1.609751
1.605767
1.605767
1.592449
1.592449
1.613824
1.613824
1.599747
1.599747
1.609890
1.609890
1.604535
1.604535
1.589619
1.589619
1.593538
1.593538
1.596247
1.596247
1.613569
1.613569
1.608051
1.608051
1.610247
1.610247
1.602752
1.602752
1.602612
1.602612
1.614137
1.614137
1.600865
1.600865
1.598932
1.598932
1.596997
1.596997
1.608990
1.608990
1.600870
1.600870
1.606210
1.606210
1.607944
1.607944
1.602855
1.602855
1.606068
1.606068
1.603517
1.603517
1.608325
1.608325
1.598201
1.598201
