1.2677
1.1897
1.6005
1.5488
1.7662
1.6950
1.9228
1.9245
2.1258
3.2190
2.2960
2.9438
2.8151
4.1877
2.6632
3.2431
2.5103
3.5236
2.8672
3.9977
4.4255
4.0133
3.6333
3.9352
5.8009
4.3834
4.1654
4.4162
3.1887
3.4863
4.9207
3.7303
2.7517
5.1003
4.9766
3.8377
5.0240
3.6166
3.8368
5.1411
3.7623
3.5568
3.2134
4.8598
4.8956
4.2038
3.9114
5.1062
4.1731
4.7172
3.0608
4.3488
5.2689
4.9089
4.0620
4.3620
4.5929
3.4981
6.7822
3.7325
3.3832
5.5252
4.6908
5.4916
4.0876
6.4727
4.8578
5.7079
5.0400
4.8859
5.0076
5.6495
8.4335
6.2541
4.7730
5.1284
4.9646
5.1237
3.1323
4.8635
6.6492
5.2574
5.6029
5.3668
6.9282
7.4621
6.2087
3.9910
6.0105
5.7201
6.0146
4.3187
4.9535
5.9736
6.8452
4.1365
4.1616
5.5445
5.5597
4.4351
