0.4819
0.6175
0.5514
0.5214
0.4739
0.4616
0.5193
0.5122
0.5047
0.5190
0.4942
0.5296
0.4528
0.4213
0.5420
0.3980
0.5446
0.5342
0.4975
0.4703
0.5577
0.4634
0.5018
0.4264
0.5004
0.4664
0.5243
0.4703
0.5789
0.4399
0.4583
0.5077
0.5364
0.5110
0.4247
0.4287
0.4313
0.4276
0.4824
0.4013
0.4961
0.4962
0.3876
0.4306
0.4793
0.4251
0.5039
0.5286
0.4238
0.4768
0.4768
0.4763
0.4633
0.3959
0.4781
0.4259
0.4790
0.4596
0.4400
0.4249
0.4248
0.4239
0.4090
0.3961
0.4241
0.3976
0.4032
0.3828
0.3727
0.4021
0.3841
0.4295
0.3842
0.3441
0.3607
