0.0610
0.0620
0.0460
0.0600
0.0630
0.0620
0.0491
0.0570
0.0570
0.0620
0.0620
0.0670
0.0730
0.0617
0.0810
0.0630
0.0760
0.0710
0.0750
0.0570
0.0585
0.0750
0.0710
0.0930
0.0740
0.0790
0.0850
0.0886
0.0800
0.0940
0.0940
0.0900
0.0950
0.1000
0.1076
0.0920
0.1070
0.1090
0.0950
0.0980
0.1200
0.1250
0.1120
0.1200
0.1260
0.1110
0.1130
0.1240
0.1139
0.1330
0.1220
0.1260
0.1330
0.1360
0.1350
0.1234
0.1480
0.1310
0.1230
0.1560
0.1390
0.1480
0.1503
0.1430
0.1460
0.1620
0.1540
0.1440
0.1550
0.1661
0.1760
0.1670
0.1750
0.1530
0.1460
0.1710
0.1519
0.1700
0.1790
0.1770
0.1870
0.1660
0.1780
0.1835
0.1880
0.1950
0.2080
0.1920
0.1810
0.1990
0.1899
0.2080
0.2030
0.1930
0.2090
0.2180
0.2000
0.2152
0.2360
0.2310
0.2020
0.2230
0.2410
0.2340
0.2073
0.2350
0.2410
0.2620
0.2460
0.2720
0.2360
0.2532
0.2880
0.2670
0.2630
0.2760
0.2830
0.2790
0.2722
0.2940
0.3120
0.2800
0.3040
0.3150
0.2930
0.3133
0.3330
0.3010
0.3190
0.2950
0.3270
0.3390
0.3165
0.3330
0.3280
0.3300
0.3360
0.3500
0.3460
0.3481
0.3700
0.3390
0.3550
0.3670
0.3530
0.3870
0.3671
0.3820
0.3760
0.3760
0.3690
0.3820
0.3750
0.4161
0.4110
0.3850
0.4010
0.4010
0.3670
0.4240
0.4114
0.4100
0.4150
0.4100
0.4240
0.4600
0.4080
0.4130
0.4500
0.4240
0.3970
0.4600
0.4360
0.4230
0.4430
0.4370
0.4650
0.4590
0.4220
0.4040
0.4700
0.4478
0.4510
0.4460
0.4510
0.4520
0.4510
0.4620
0.4525
0.4460
0.4590
0.4440
0.4550
0.4630
0.4700
0.4573
0.4540
0.4860
0.4850
0.4260
0.4430
0.4850
0.4810
0.4830
0.4700
0.4710
0.4560
0.4830
0.4660
0.4873
0.4510
0.4810
0.4540
0.4870
0.4910
0.4880
0.5253
0.4930
0.4850
0.4990
0.4660
0.5060
0.4880
0.4842
0.4970
0.5090
0.4940
0.4820
0.5220
0.4970
0.4873
0.4950
0.5000
0.5060
0.4780
0.5260
0.5280
0.5364
0.5290
0.5090
0.5000
0.5250
0.5070
0.5350
0.5032
0.5470
0.5240
0.5400
0.5200
0.4980
0.5130
0.5222
0.5680
0.5230
0.5520
0.5090
0.5380
0.5310
0.5301
0.5620
0.5260
0.5300
0.5760
0.5380
0.5490
0.5633
0.5460
0.5630
0.5670
0.5790
0.5690
0.5610
0.5316
0.5640
0.5630
0.5840
0.5950
0.5730
0.5620
0.5981
0.6000
0.5910
0.5570
0.5850
0.5910
0.6130
0.5997
0.5820
0.5980
0.6060
0.6150
0.5910
0.6510
0.5886
0.6120
0.6230
0.6160
0.6060
0.6180
0.6470
0.6282
0.6260
0.6370
0.6200
0.6400
0.6240
0.6560
0.6487
0.6570
0.6340
0.6620
0.6510
0.6350
0.6560
0.6503
0.6580
0.6620
0.6630
0.6550
0.6620
0.6640
0.6788
0.6750
0.6500
0.6680
0.6890
0.6890
0.6810
0.6930
0.6670
0.6690
0.6840
0.6960
0.7010
0.7030
0.7199
0.7050
0.6920
0.7080
0.7270
0.6990
0.6920
0.6962
0.7250
0.7030
0.7340
0.7010
0.7030
0.7170
0.7041
0.7260
0.7040
0.7380
0.7300
0.7320
0.7220
0.7104
0.7280
0.7140
0.7170
0.7440
0.7430
0.7380
0.7373
0.7540
0.7520
0.7300
0.7190
0.7350
0.7420
0.7294
0.7240
0.7430
0.7370
0.7590
0.7660
0.7330
0.7611
0.7430
0.7580
0.7360
0.7620
0.7430
0.7510
0.7611
0.7780
0.7250
0.7550
0.7740
0.7320
0.7500
0.7595
0.7540
0.7670
0.7570
0.7560
0.7560
0.7720
0.7294
0.7800
0.7580
0.7460
0.7340
0.7700
0.7720
0.7706
0.7800
0.7410
0.7770
0.7670
0.7640
0.7590
0.7627
0.7430
0.7880
0.7460
0.7600
0.7750
0.7660
0.8006
0.7480
0.7500
0.7770
0.7830
0.7780
0.7770
0.7690
0.7310
0.7960
0.7770
0.7790
0.7950
0.7430
0.7848
0.7720
0.7750
0.7710
0.7740
0.7750
0.7780
0.7722
0.7860
0.7680
0.7850
0.7660
0.7930
0.7750
0.7642
0.7610
0.7950
0.7790
0.7810
0.7730
0.7830
0.7943
0.7730
0.7870
0.7840
0.7960
0.7860
0.7670
0.7737
0.7940
0.7790
0.7810
0.7760
0.7790
0.7960
0.7642
0.8100
0.7840
0.7740
0.7700
0.7980
0.7760
0.7627
0.7710
0.7830
0.7820
0.8150
0.7930
0.7690
0.7880
0.7780
0.7760
0.8000
0.7810
0.7660
0.8090
0.8038
0.7900
0.7730
0.8010
0.7850
0.7820
0.7960
0.7832
0.7750
0.8120
0.8020
0.7860
0.7840
0.7700
0.7975
0.8150
0.8010
0.7740
0.7970
0.7710
0.7950
0.7737
0.7940
0.7970
0.7830
0.7920
0.7910
0.7920
0.7975
0.8150
0.7840
0.7800
0.8000
0.7860
0.7990
0.7848
0.8170
0.7860
0.7810
0.8120
0.7880
0.7900
0.7832
0.7890
0.7960
0.7860
0.7900
0.7880
0.8300
0.7832
0.7870
0.8110
0.7950
0.7990
0.7750
0.8090
0.8117
0.7890
0.8120
0.7950
0.7940
0.7860
0.8170
0.7911
0.8100
0.8190
0.8030
0.7880
0.7970
0.7670
0.8117
0.7980
0.8040
0.8020
0.8020
0.7910
0.8170
0.7816
0.8070
0.8060
0.8110
0.7960
0.8030
0.7970
0.7769
0.8100
0.8190
0.7990
0.7780
0.8070
0.8120
0.7753
0.8090
0.8010
0.8020
0.7990
0.8010
0.7980
0.7991
0.7980
0.7990
0.7850
0.8180
0.8000
0.8190
0.7943
0.8000
0.7810
0.8010
0.8170
0.8180
0.8110
0.7864
0.8070
0.7990
0.8080
0.8070
0.8070
0.8030
0.7832
0.7760
0.8020
0.8260
0.8020
0.8170
0.7970
0.8085
0.7860
0.8150
0.8030
0.8190
0.7950
0.7980
0.8180
0.8190
0.7960
0.7780
0.8110
0.7980
0.8310
0.8022
0.8140
0.8080
0.8030
0.8200
0.8070
0.7960
0.7880
0.8160
0.8070
0.8070
0.8150
0.8110
0.7830
0.8070
0.8100
0.8130
0.8130
0.7850
0.8110
0.8110
0.8006
0.8130
0.8170
0.7980
0.7870
0.8000
0.8290
0.8022
0.8050
0.8050
0.8080
0.8100
0.8060
0.8170
0.7959
0.8100
0.8200
0.8160
0.8130
0.8000
0.8000
0.7991
0.8160
0.8190
0.8160
0.8070
0.7970
0.8010
0.8054
0.8240
0.8060
0.8130
0.8080
0.8170
0.8070
0.7848
0.7960
0.8270
0.7920
0.8250
0.8150
0.8130
0.8054
0.8090
0.8270
0.8010
0.8190
0.7870
0.8150
0.8228
0.8070
0.8150
0.8090
0.8140
0.8080
0.8120
0.8149
0.8350
0.8110
0.8200
0.8040
0.7910
0.8080
0.8117
0.7980
0.8000
0.8030
0.8090
0.8130
0.8400
0.8244
0.8150
0.8300
0.8150
0.8010
0.7880
0.8260
0.8054
0.8070
0.8450
0.7990
0.8070
0.8070
0.8100
0.8054
0.7980
0.8290
0.8320
0.8090
0.8200
0.8020
0.7959
0.8160
0.8100
0.8270
0.8200
0.8040
0.8190
0.7927
0.7990
0.8140
0.8360
0.8180
0.8200
0.7990
0.8101
0.8140
0.8320
0.8150
0.8000
0.8020
0.8110
0.8275
0.8300
0.8290
0.8200
0.7990
0.7970
0.8190
0.7959
0.8210
0.8100
0.8170
0.8230
0.7940
0.8080
0.8323
0.8130
0.8200
0.8050
0.8250
0.8210
0.7960
0.8275
0.8270
0.8150
0.8110
0.8070
0.8080
0.8170
0.8259
0.8310
0.8130
0.8200
0.8170
0.8030
0.8080
0.8196
0.8220
0.8290
0.8080
0.8100
0.8420
0.7880
0.8228
0.8470
0.8110
0.8040
0.8160
0.8140
0.7990
0.8354
0.8110
0.8150
0.8120
0.8250
0.8100
0.8240
0.8307
0.8030
0.8270
0.8140
0.8500
0.8250
0.7890
0.8165
0.8150
0.8110
0.8430
0.8070
0.8160
0.8210
0.8149
0.8000
0.8290
0.8350
0.8100
0.8140
0.8200
0.8212
0.8040
0.8200
0.8280
0.8200
0.8180
0.8210
0.8196
0.8260
0.8300
0.8010
0.8100
0.8410
0.8170
0.8022
0.8260
0.8120
0.8230
0.8270
0.8350
0.8110
0.7927
0.8320
0.8130
0.7920
0.8330
0.8220
0.8370
0.8133
0.8390
0.8160
0.8330
0.8080
0.8050
0.8310
0.8133
0.8120
0.8480
0.8410
0.8080
0.8140
0.8070
0.8180
0.8310
0.8230
0.8150
0.8070
0.8340
0.8240
0.8212
0.8320
0.8180
0.8290
0.8230
0.8080
0.8260
0.8196
0.8140
0.8100
0.8240
0.8400
0.8240
0.8240
0.8196
0.8110
0.8270
0.8110
0.8320
0.8260
0.8210
0.8354
0.8170
0.8320
0.8290
0.8220
0.8190
0.8360
0.7927
0.8080
0.8210
0.8360
0.8440
0.8160
0.8100
0.8244
0.8060
0.8230
0.8370
0.8250
0.8220
0.8210
0.8291
0.8250
0.8250
0.8140
0.8100
0.8380
0.8260
0.8307
0.8180
0.8430
0.8190
0.8320
0.8210
0.8070
0.8323
0.8400
0.8300
0.8230
0.8220
0.8190
0.8270
0.8022
0.8230
0.8260
0.8080
0.8220
0.8250
0.8280
0.8513
0.8190
0.8190
0.8360
0.8440
0.8160
0.8010
0.8560
0.8140
0.7930
0.8110
0.8310
0.8350
0.8450
0.8687
0.8210
0.8510
0.8170
0.8180
0.8190
0.8340
0.8212
0.7920
0.8260
0.8570
0.8270
0.8330
0.8120
0.8481
0.8270
0.8280
0.8380
0.8090
0.8330
0.8270
0.8291
0.8300
0.8120
0.8390
0.8340
0.8300
0.8250
0.8180
0.8370
0.8340
0.7960
0.8160
0.8480
0.8210
0.8449
0.8170
0.8440
0.8290
0.8110
0.8480
0.8180
0.8196
0.8140
0.8410
0.8050
0.8270
0.8400
0.8270
0.8354
0.8130
0.8250
0.8280
0.8230
0.8280
0.8610
0.8054
0.8160
0.8110
0.8300
0.8450
0.8260
0.8280
0.8402
0.8330
0.8250
0.8300
0.8290
0.8290
0.8270
0.8165
0.8370
0.8380
0.8200
0.8330
0.8150
0.8270
0.8275
0.8370
0.8350
0.8180
0.8280
0.8150
0.8320
0.8386
0.8180
0.8340
0.8470
0.8320
0.8150
0.8250
0.8323
0.8270
0.8280
0.8290
0.8360
0.8320
0.8370
0.8117
0.8180
0.8260
0.8330
0.8460
0.8270
0.8170
0.8497
0.8320
0.8360
0.8280
0.8220
0.8410
0.8190
0.8434
0.8190
0.8480
0.8360
0.8250
0.8280
0.8260
0.8449
0.8330
0.8350
0.8400
0.8270
0.8150
0.8480
0.8212
0.8380
0.8200
0.8450
0.8550
0.8270
0.8170
0.8180
0.8460
0.8090
0.8110
0.8460
0.8410
0.8400
0.8307
0.8360
0.8390
0.8290
0.8270
0.8270
0.8170
0.8576
0.8220
0.8560
0.8480
0.8420
0.8100
0.8250
0.8228
0.8250
0.8280
0.8440
0.8490
0.8340
0.8210
0.8291
0.8360
0.8460
0.8190
0.8330
0.8300
0.8360
0.8291
0.8260
0.8330
0.8340
0.8370
0.8320
0.8210
0.8528
0.8420
0.8180
0.8420
0.8280
0.8190
0.8310
0.8623
0.8280
0.8490
0.8320
0.8380
0.8370
0.8270
0.8244
0.8280
0.7990
0.8420
0.8370
0.8280
0.8540
0.8576
0.8530
0.8380
0.8300
0.8380
0.8270
0.8280
0.8180
0.8480
0.8350
0.8340
0.8190
0.8410
0.8370
0.8244
0.8290
0.8210
0.8500
0.8330
0.8300
0.8410
0.8481
0.8470
0.8360
0.8210
0.8250
0.8320
0.8580
0.8196
0.8500
0.8370
0.8190
0.8280
0.8350
0.8290
0.8528
0.8290
0.8130
0.8650
0.8340
0.8330
0.8300
0.8434
0.8460
0.8360
0.8260
0.8290
0.8440
0.8500
0.8022
0.8290
0.8380
0.8450
0.8260
0.8390
0.8420
0.8259
0.8230
0.8440
0.8270
0.8550
0.8390
0.8390
0.8180
0.8410
0.8270
0.8290
0.8370
0.8480
0.8330
0.8386
0.8240
0.8150
0.8510
0.8350
0.8380
0.8450
0.8560
0.8470
0.8460
0.8270
0.8450
0.8470
0.8170
0.8244
0.8520
0.8290
0.8290
0.8410
0.8250
0.8530
0.8275
0.8330
0.8240
0.8390
0.8420
0.8300
0.8460
0.8544
0.8240
0.8330
0.8550
0.8260
0.8240
0.8540
0.8513
0.8390
0.8490
0.8320
0.8250
0.8440
0.8360
0.8370
0.8410
0.8610
0.8480
0.8350
0.8310
0.8260
0.8101
0.8470
0.8260
0.8360
0.8530
0.8340
0.8360
0.8244
0.8460
0.8520
0.8310
0.8360
0.8420
0.8260
0.8228
0.8340
0.8340
0.8310
0.8490
0.8440
0.8390
0.8259
0.8490
0.8380
0.8430
0.8300
0.8490
0.8300
0.8165
0.8460
0.8340
0.8520
0.8200
0.8420
0.8290
0.8434
0.8350
0.8500
0.8390
0.8410
0.8300
0.8430
0.8212
0.8370
0.8420
0.8480
0.8330
0.8380
0.8300
0.8370
0.8510
0.8310
0.8260
0.8290
0.8520
0.8370
0.8434
0.8490
0.8240
0.8290
0.8380
0.8370
0.8460
0.8481
0.8380
0.8350
0.8410
0.8150
0.8420
0.8440
0.8639
0.8500
0.8370
0.8320
0.8430
0.8300
0.8350
0.8481
0.8470
0.8440
0.8360
0.8260
0.8350
0.8400
0.8481
0.8440
0.8260
0.8570
0.8550
0.8190
0.8410
0.8291
0.8300
0.8580
0.8440
0.8270
0.8450
0.8410
0.8244
0.8340
0.8610
0.8280
0.8390
0.8310
0.8420
0.8465
0.8350
0.8420
0.8370
0.8600
0.8500
0.8300
0.8180
0.8370
0.8320
0.8500
0.8350
0.8390
0.8460
0.8449
0.8510
0.8650
0.8370
0.8200
0.8380
0.8370
0.8323
0.8440
0.8470
0.8500
0.8430
0.8400
0.8340
0.8180
0.8490
0.8270
0.8290
0.8370
0.8430
0.8470
0.8623
0.8300
0.8360
0.8470
0.8340
0.8360
0.8530
0.8608
0.8660
0.8330
0.8490
0.8270
0.8390
0.8370
0.8386
0.8460
0.8420
0.8370
0.8620
0.8380
0.8430
0.8117
0.8230
0.8580
0.8350
0.8280
0.8450
0.8530
0.8513
0.8190
0.8430
0.8390
0.8560
0.8480
0.8420
0.8434
0.8550
0.8230
0.8330
0.8280
0.8620
0.8360
0.8608
0.8460
0.8650
0.8520
0.8410
0.8400
0.8220
0.8149
0.8460
0.8440
0.8410
0.8470
0.8320
0.8410
0.8354
0.8270
0.8440
0.8270
0.8460
0.8540
0.8440
0.8497
0.8470
0.8360
0.8520
0.8420
0.8530
0.8230
0.8402
0.8320
0.8430
0.8390
0.8520
0.8350
0.8340
0.8687
0.8350
0.8490
0.8530
0.8450
0.8520
0.8350
0.8180
0.8240
0.8580
0.8260
0.8510
0.8200
0.8600
0.8639
0.8350
0.8530
0.8420
0.8330
0.8440
0.8430
0.8481
0.8400
0.8260
0.8370
0.8590
0.8560
0.8460
0.8228
0.8310
0.8540
0.8420
0.8560
0.8210
0.8450
0.8434
0.8590
0.8360
0.8320
0.8420
0.8390
0.8630
0.8070
0.8450
0.8200
0.8460
0.8600
0.8510
0.8390
0.8244
0.8470
0.8410
0.8350
0.8540
0.8270
0.8500
0.8354
0.8450
0.8450
0.8440
0.8430
0.8280
0.8470
0.8386
0.8310
0.8370
0.8420
0.8440
0.8340
0.8570
0.8497
0.8410
0.8580
0.8580
0.8360
0.8340
0.8160
0.8513
0.8430
0.8490
0.8360
0.8360
0.8560
0.8410
0.8228
0.8410
0.8460
0.8460
0.8450
0.8430
0.8370
0.8291
0.8410
0.8360
0.8400
0.8450
0.8500
0.8360
0.8465
0.8560
0.8360
0.8160
0.8460
0.8510
0.8360
0.8639
0.8410
0.8460
0.8430
0.8360
0.8540
0.8390
0.8370
0.8480
0.8480
0.8400
0.8480
0.8370
0.8400
0.8354
0.8400
0.8230
0.8170
0.8440
0.8510
0.8580
0.8845
0.8240
0.8470
0.8440
0.8450
0.8350
0.8540
0.8639
0.8510
0.8550
0.8350
0.8500
0.8270
0.8360
0.8576
0.8320
0.8470
0.8480
0.8560
0.8280
0.8480
0.8513
0.8280
0.8260
0.8550
0.8350
0.8580
0.8550
0.8592
0.8460
0.8610
0.8470
0.8070
0.8420
0.8520
0.8623
0.8560
0.8300
0.8360
0.8660
0.8570
0.8320
0.8339
0.8390
0.8530
0.8380
0.8640
0.8380
0.8350
0.8497
0.8410
0.8520
0.8540
0.8410
0.8380
0.8490
0.8354
0.8540
0.8340
0.8540
0.8350
0.8340
0.8440
0.8639
0.8340
0.8390
0.8310
0.8650
0.8340
0.8600
0.8497
0.8260
0.8300
0.8570
0.8650
0.8430
0.8580
0.8259
0.8460
0.8420
0.8540
0.8410
0.8580
0.8350
0.8259
0.8530
0.8540
0.8380
0.8250
0.8520
0.8400
0.8465
0.8450
0.8300
0.8460
0.8300
0.8470
0.8550
0.8623
0.8330
0.8350
0.8570
0.8610
0.8400
0.8300
0.8623
0.8650
0.8520
0.8300
0.8400
0.8290
0.8440
0.8576
0.8370
0.8540
0.8520
0.8430
0.8370
0.8500
0.8418
0.8420
0.8520
0.8430
0.8480
0.8480
0.8290
0.8655
0.8450
0.8380
0.8580
0.8390
0.8320
0.8520
0.8655
0.8300
0.8750
0.8430
0.8470
0.8590
0.8300
0.8370
0.8530
0.8550
0.8410
0.8390
0.8630
0.8370
0.8339
0.8490
0.8480
0.8320
0.8580
0.8520
0.8520
0.8370
0.8480
0.8480
0.8500
0.8440
0.8520
0.8520
0.8339
0.8570
0.8350
0.8520
0.8400
0.8380
0.8580
0.8544
0.8490
0.8520
0.8340
0.8690
0.8350
0.8520
0.8370
0.8590
0.8500
0.8370
0.8450
0.8360
0.8520
0.8592
0.8370
0.8570
0.8500
0.8570
0.8670
0.8380
0.8165
0.8270
0.8680
0.8330
0.8600
0.8390
0.8510
0.8623
0.8350
0.8520
0.8470
0.8620
0.8440
0.8550
0.8370
0.8580
0.8640
0.8420
0.8340
0.8410
0.8360
0.8671
0.8660
0.8360
0.8440
0.8600
0.8490
0.8280
0.8560
0.8440
0.8470
0.8490
0.8520
0.8480
0.8370
0.8655
0.8440
0.8260
0.8520
0.8410
0.8640
0.8520
0.8639
0.8560
0.8510
0.8500
0.8680
0.8330
0.8500
0.8165
0.8330
0.8430
0.8380
0.8580
0.8720
0.8380
0.8576
0.8390
0.8530
0.8500
0.8490
0.8450
0.8490
0.8528
0.8390
0.8510
0.8320
0.8410
0.8540
0.8630
0.8623
0.8680
0.8470
0.8330
0.8510
0.8410
0.8570
0.8370
0.8230
0.8490
0.8500
0.8670
0.8520
0.8400
0.8639
0.8590
0.8540
0.8310
0.8430
0.8510
0.8490
0.8544
0.8310
0.8530
0.8590
0.8440
0.8460
0.8600
0.8481
0.8430
0.8530
0.8600
0.8590
0.8490
0.8360
0.8386
0.8530
0.8620
0.8430
0.8590
0.8480
0.8370
0.8354
0.8530
0.8490
0.8440
0.8400
0.8450
0.8520
0.8671
0.8350
0.8660
0.8520
0.8600
0.8560
0.8300
0.8449
0.8700
0.8450
0.8460
0.8350
0.8400
0.8450
0.8750
0.8370
0.8400
0.8630
0.8530
0.8480
0.8520
0.8592
0.8500
0.8550
0.8390
0.8390
0.8560
0.8540
0.8608
0.8530
0.8430
0.8460
0.8540
0.8450
0.8590
0.8497
0.8460
0.8590
0.8330
0.8510
0.8420
0.8600
0.8671
0.8630
0.8500
0.8380
0.8550
0.8670
0.8470
0.8212
0.8640
0.8360
0.8460
0.8770
0.8260
0.8510
0.8528
0.8670
0.8460
0.8530
0.8650
0.8420
0.8470
0.8196
0.8600
0.8450
0.8490
0.8490
0.8510
0.8510
0.8434
0.8350
0.8550
0.8650
0.8690
0.8430
0.8530
0.8196
0.8500
0.8420
0.8440
0.8670
0.8490
0.8530
0.8449
0.8600
0.8650
0.8540
0.8620
0.8300
0.8310
0.8513
0.8420
0.8630
0.8530
0.8430
0.8560
0.8360
0.8655
0.8410
0.8430
0.8450
0.8580
0.8540
0.8640
0.8481
0.8420
0.8540
0.8470
0.8600
0.8580
0.8380
0.8592
0.8510
0.8500
0.8470
0.8370
0.8570
0.8620
0.8513
0.8580
0.8480
0.8590
0.8480
0.8440
0.8520
0.8449
0.8650
0.8380
0.8550
0.8390
0.8550
0.8390
0.8734
0.8570
0.8290
0.8370
0.8550
0.8660
0.8650
0.8465
0.8550
0.8470
0.8600
0.8400
0.8540
0.8530
0.8497
0.8620
0.8330
0.8520
0.8540
0.8500
0.8550
0.8576
0.8400
0.8430
0.8390
0.8600
0.8510
0.8620
0.8734
0.8560
0.8520
0.8600
0.8570
0.8620
0.8460
0.8133
0.8630
0.8530
0.8380
0.8280
0.8570
0.8650
0.8576
0.8170
0.8530
0.8600
0.8510
0.8530
0.8660
0.8655
0.8550
0.8470
0.8420
0.8530
0.8520
0.8440
0.8766
0.8560
0.8480
0.8430
0.8450
0.8570
0.8580
0.8544
0.8600
0.8400
0.8610
0.8460
0.8580
0.8520
0.8418
0.8350
0.8470
0.8650
0.8620
0.8520
0.8470
0.8592
0.8540
0.8620
0.8520
0.8440
0.8650
0.8360
0.8513
0.8520
0.8420
0.8650
0.8380
0.8760
0.8580
0.8228
0.8420
0.8580
0.8470
0.8680
0.8520
0.8430
0.8544
0.8340
0.8590
0.8460
0.8710
0.8480
0.8690
0.8291
0.8550
0.8400
0.8480
0.8470
0.8580
0.8690
0.8449
0.8470
0.8480
0.8460
0.8650
0.8580
0.8520
0.8465
0.8500
0.8440
0.8790
0.8310
0.8530
0.8490
0.8671
0.8590
0.8510
0.8300
0.8590
0.8570
0.8590
0.8544
0.8390
0.8540
0.8600
0.8490
0.8540
0.8620
0.8497
0.8370
0.8640
0.8590
0.8490
0.8470
0.8570
0.8623
0.8500
0.8550
0.8350
0.8560
0.8670
0.8530
0.8576
0.8320
0.8490
0.8410
0.8610
0.8680
0.8660
0.8528
0.8440
0.8480
0.8540
0.8620
0.8490
0.8520
0.8655
0.8550
0.8460
0.8470
0.8670
0.8540
0.8470
0.8544
0.8480
0.8590
0.8750
0.8530
0.8350
0.8620
0.8291
0.8490
0.8480
0.8400
0.8580
0.8550
0.8600
0.8639
0.8430
0.8430
0.8660
0.8590
0.8430
0.8590
0.8623
0.8710
0.8620
0.8420
0.8510
0.8410
0.8520
0.8560
0.8530
0.8600
0.8510
0.8460
0.8490
0.8430
0.8813
0.8660
0.8430
0.8590
0.8650
0.8430
0.8420
0.8560
0.8420
0.8630
0.8370
0.8560
0.8630
0.8470
0.8718
0.8600
0.8450
0.8640
0.8500
0.8600
0.8480
0.8449
0.8410
0.8540
0.8540
0.8570
0.8630
0.8570
0.8465
0.8460
0.8600
0.8520
0.8700
0.8540
0.8480
0.8418
0.8500
0.8520
0.8560
0.8430
0.8610
0.8570
0.8592
0.8600
0.8590
0.8390
0.8410
0.8560
0.8690
0.8528
0.8500
0.8680
0.8370
0.8460
0.8570
0.8470
0.8829
0.8600
0.8490
0.8610
0.8570
0.8350
0.8560
0.8623
0.8490
0.8750
0.8590
0.8410
0.8560
0.8560
0.8339
0.8700
0.8390
0.8510
0.8560
0.8490
0.8640
0.8449
0.8690
0.8450
0.8380
0.8700
0.8450
0.8670
0.8370
0.8470
0.8530
0.8450
0.8650
0.8540
0.8610
0.8544
0.8530
0.8510
0.8590
0.8640
0.8470
0.8550
0.8481
0.8710
0.8510
0.8510
0.8590
0.8400
0.8420
0.8718
0.8490
0.8440
0.8470
0.8640
0.8490
0.8570
0.8782
0.8500
0.8580
0.8580
0.8620
0.8600
0.8540
0.8275
0.8480
0.8590
0.8610
0.8520
0.8570
0.8430
0.8623
0.8350
0.8550
0.8640
0.8550
0.8470
0.8610
0.8671
0.8620
0.8560
0.8460
0.8440
0.8570
0.8640
0.8497
0.8490
0.8810
0.8630
0.8500
0.8480
0.8240
0.8734
0.8470
0.8670
0.8500
0.8470
0.8450
0.8610
0.8703
0.8560
0.8510
0.8470
0.8560
0.8570
0.8580
0.8608
0.8570
0.8460
0.8540
0.8530
0.8640
0.8520
0.8592
0.8690
0.8410
0.8500
0.8670
0.8480
0.8450
0.8687
0.8400
0.8520
0.8520
0.8670
0.8490
0.8610
0.8687
0.8490
0.8590
0.8560
0.8590
0.8580
0.8570
0.8465
0.8440
0.8420
0.8740
0.8630
0.8490
0.8700
0.8418
0.8540
0.8560
0.8700
0.8350
0.8660
0.8470
0.8655
0.8470
0.8720
0.8640
0.8720
0.8340
0.8460
0.8544
0.8610
0.8640
0.8470
0.8490
0.8430
0.8730
0.8513
0.8690
0.8470
0.8510
0.8490
0.8600
0.8700
0.8370
0.8510
0.8490
0.8440
0.8590
0.8710
0.8530
0.8655
0.8680
0.8450
0.8520
0.8560
0.8500
0.8650
0.8528
0.8440
0.8490
0.8550
0.8650
0.8700
0.8590
0.8434
0.8750
0.8530
0.8720
0.8500
0.8490
0.8480
0.8370
0.8570
0.8500
0.8550
0.8700
0.8520
0.8460
0.8639
0.8710
0.8780
0.8430
0.8340
0.8290
0.8890
0.8434
0.8530
0.8530
0.8720
0.8780
0.8420
0.8400
0.8528
0.8680
0.8530
0.8630
0.8660
0.8440
0.8600
0.8291
0.8560
0.8520
0.8410
0.8700
0.8650
0.8550
0.8544
0.8550
0.8510
0.8710
0.8390
0.8600
0.8570
0.8671
0.8660
0.8560
0.8540
0.8580
0.8550
0.8470
0.8608
0.8620
0.8470
0.8550
0.8710
0.8490
0.8670
0.8386
0.8660
0.8520
0.8810
0.8330
0.8610
0.8510
0.8513
0.8610
0.8690
0.8570
0.8430
0.8680
0.8510
0.8449
0.8660
0.8570
0.8640
0.8450
0.8480
0.8610
0.8592
0.8560
0.8720
0.8430
0.8620
0.8590
0.8570
0.8449
0.8810
0.8510
0.8620
0.8460
0.8710
0.8430
0.8370
0.8640
0.8650
0.8380
0.8430
0.8750
0.8620
0.8465
0.8630
0.8540
0.8680
0.8480
0.8480
0.8660
0.8481
0.8520
0.8460
0.8620
0.8670
0.8730
0.8390
0.8608
0.8600
0.8330
0.8590
0.8500
0.8630
0.8690
0.8687
0.8520
0.8660
0.8610
0.8490
0.8500
0.8650
0.8544
0.8440
0.8680
0.8400
0.8520
0.8780
0.8570
0.8608
0.8540
0.8770
0.8560
0.8640
0.8530
0.8500
0.8370
0.8490
0.8670
0.8590
0.8520
0.8570
0.8480
0.8718
0.8530
0.8670
0.8700
0.8460
0.8550
0.8480
0.8608
0.8570
0.8510
0.8610
0.8620
0.8770
0.8400
0.8465
0.8630
0.8430
0.8670
0.8550
0.8460
0.8580
0.8718
0.8520
0.8620
0.8540
0.8430
0.8690
0.8700
0.8465
0.8430
0.8610
0.8730
0.8570
0.8570
0.8550
0.8528
0.8590
0.8610
0.8660
0.8620
0.8420
0.8540
0.8560
0.8660
0.8410
0.8270
0.8760
0.8690
0.8600
0.8671
0.8680
0.8460
0.8580
0.8720
0.8750
0.8460
0.8307
0.8780
0.8610
0.8650
0.8380
0.8470
0.8590
0.8608
0.8620
0.8560
0.8640
0.8540
0.8640
0.8470
0.8623
0.8500
0.8640
0.8570
0.8690
0.8500
0.8520
0.8703
0.8650
0.8370
0.8670
0.8590
0.8670
0.8500
0.8655
0.8570
0.8660
0.8680
0.8530
0.8480
0.8620
0.8528
0.8590
0.8550
0.8580
0.8580
0.8650
0.8620
0.8481
0.8680
0.8500
0.8450
0.8610
0.8710
0.8580
0.8560
0.8590
0.8720
0.8740
0.8600
0.8540
0.8470
0.8354
0.8630
0.8640
0.8560
0.8530
0.8590
0.8540
0.8608
0.8410
0.8770
0.8580
0.8550
0.8670
0.8600
0.8465
0.8480
0.8610
0.8830
0.8650
0.8450
0.8570
0.8449
0.8480
0.8540
0.8720
0.8660
0.8760
0.8420
0.8465
0.8610
0.8720
0.8560
0.8560
0.8470
0.8690
0.8434
0.8640
0.8620
0.8560
0.8500
0.8600
0.8570
0.8655
0.8660
0.8780
0.8570
0.8360
0.8550
0.8440
0.8892
0.8590
0.8720
0.8630
0.8500
0.8480
0.8560
0.8703
0.8700
0.8530
0.8690
0.8530
0.8630
0.8550
0.8465
0.8740
0.8560
0.8630
0.8560
0.8630
0.8650
0.8244
0.8600
0.8430
0.8750
0.8730
0.8610
0.8580
0.8370
0.8550
0.8640
0.8670
0.8540
0.8550
0.8600
0.8608
0.8570
0.8670
0.8510
0.8480
0.8670
0.8690
0.8528
0.8610
0.8700
0.8380
0.8630
0.8700
0.8460
0.8687
0.8540
0.8530
0.8690
0.8440
0.8590
0.8590
0.8845
0.8540
0.8620
0.8670
0.8580
0.8560
0.8570
0.8639
0.8570
0.8610
0.8600
0.8700
0.8620
0.8550
0.8465
0.8550
0.8590
0.8750
0.8440
0.8550
0.8690
0.8592
0.8590
0.8570
0.8730
0.8530
0.8610
0.8640
0.8449
0.8530
0.8620
0.8570
0.8610
0.8660
0.8570
0.8608
0.8550
0.8770
0.8650
0.8550
0.8690
0.8460
0.8418
0.8610
0.8550
0.8590
0.8820
0.8520
0.8500
0.8544
0.8600
0.8580
0.8640
0.8680
0.8560
0.8480
0.8639
0.8740
0.8760
0.8530
0.8400
0.8550
0.8720
0.8402
0.8610
0.8600
0.8650
0.8520
0.8470
0.8630
0.8782
0.8650
0.8380
0.8810
0.8600
0.8510
0.8750
0.8465
0.8640
0.8630
0.8730
0.8610
0.8420
0.8610
0.8560
0.8720
0.8710
0.8540
0.8580
0.8500
0.8670
0.8418
0.8630
0.8550
0.8480
0.8570
0.8660
0.8580
0.8829
0.8720
0.8480
0.8590
0.8780
0.8620
0.8410
0.8639
0.8690
0.8550
0.8570
0.8590
0.8620
0.8590
0.8623
0.8530
0.8590
0.8550
0.8600
0.8690
0.8490
0.8877
0.8520
0.8670
0.8590
0.8720
0.8400
0.8570
0.8877
0.8580
0.8690
0.8610
0.8610
0.8540
0.8740
0.8434
0.8660
0.8450
0.8600
0.8660
0.8540
0.8680
0.8734
0.8780
0.8800
0.8540
0.8470
0.8620
0.8660
0.8354
0.8380
0.8730
0.8630
0.8670
0.8550
0.8610
0.8861
0.8680
0.8610
0.8580
0.8690
0.8600
0.8560
0.8623
0.8660
0.8510
0.8610
0.8550
0.8680
0.8590
0.8845
0.8580
0.8520
0.8730
0.8660
0.8570
0.8680
0.8639
0.8760
0.8610
0.8500
0.8680
0.8670
0.8650
0.8418
0.8720
0.8560
0.8460
0.8510
0.8620
0.8770
0.8782
0.8730
0.8720
0.8540
0.8650
0.8590
0.8580
0.8449
0.8600
0.8620
0.8460
0.8540
0.8680
0.8890
0.8465
0.8490
0.8830
0.8640
0.8700
0.8400
0.8590
0.8750
0.8540
0.8550
0.8700
0.8580
0.8640
0.8720
0.8623
0.8490
0.8810
0.8870
0.8460
0.8550
0.8560
0.8623
0.8530
0.8540
0.8510
0.8720
0.8710
0.8630
0.8797
0.8500
0.8670
0.8780
0.8660
0.8580
0.8680
0.8434
0.8480
0.8460
0.8920
0.8660
0.8640
0.8700
0.8465
0.8840
0.8610
0.8400
0.8870
0.8620
0.8440
0.8576
0.8730
0.8650
0.8740
0.8650
0.8450
0.8600
0.8528
0.8700
0.8380
0.8670
0.8570
0.8500
0.8730
0.8956
0.8490
0.8560
0.8570
0.8640
0.8730
0.8690
0.8734
0.8720
0.8640
0.8580
0.8580
0.8690
0.8580
0.8544
0.8770
0.8520
0.8460
0.8740
0.8610
0.8600
0.8703
0.8500
0.8880
0.8570
0.8660
0.8650
0.8580
0.8434
0.8630
0.8580
0.8560
0.8570
0.8590
0.8710
0.8734
0.8570
0.8670
0.8460
0.8630
0.8760
0.8560
0.8718
0.8590
0.8570
0.8530
0.8600
0.8550
0.8730
0.8829
0.8590
0.8610
0.8670
0.8590
0.8600
0.8630
0.8639
0.8680
0.8480
0.8600
0.8500
0.8740
0.8700
0.8639
0.8530
0.8670
0.8620
0.8610
0.8680
0.8620
0.8623
0.8890
0.8620
0.8670
0.8700
0.8590
0.8460
0.8323
0.8650
0.8490
0.8450
0.8660
0.8740
0.8690
0.8734
0.8640
0.8680
0.8510
0.8590
0.8800
0.8590
0.8544
0.8770
0.8550
0.8680
0.8680
0.8590
0.8630
0.8418
0.8670
0.8730
0.8700
0.8410
0.8640
0.8730
0.8481
0.8630
0.8520
0.8610
0.8770
0.8580
0.8690
0.8623
0.8640
0.8650
0.8470
0.8760
0.8620
0.8640
0.8655
0.8660
0.8420
0.8740
0.8680
0.8750
0.8550
0.8655
0.8700
0.8590
0.8720
0.8600
0.8660
0.8690
0.8434
0.8810
0.8530
0.8480
0.8710
0.8780
0.8650
0.8434
0.8550
0.8580
0.8740
0.8870
0.8550
0.8710
0.8370
0.8600
0.8550
0.8670
0.8710
0.8560
0.8850
0.8465
0.8610
0.8640
0.8560
0.8580
0.8690
0.8680
0.8750
0.8650
0.8580
0.8670
0.8680
0.8760
0.8530
0.8592
0.8710
0.8590
0.8440
0.8670
0.8720
0.8670
0.8718
0.8680
0.8790
0.8650
0.8510
0.8680
0.8550
0.8623
0.8640
0.8640
0.8600
0.8730
0.8610
0.8710
0.8513
0.8740
0.8560
0.8750
0.8650
0.8560
0.8540
0.8718
0.8570
0.8660
0.8730
0.8720
0.8570
0.8560
0.8703
0.8780
0.8560
0.8650
0.8540
0.8590
0.8800
0.8560
0.8570
0.8660
0.8590
0.8650
0.8580
0.8710
0.8782
0.8660
0.8650
0.8500
0.8770
0.8630
0.8620
0.8671
0.8580
0.8660
0.8520
0.8560
0.8720
0.8660
0.8861
0.8850
0.8680
0.8600
0.8710
0.8550
0.8410
0.8703
0.8800
0.8570
0.8450
0.8530
0.8630
0.8750
0.8797
0.8640
0.8650
0.8470
0.8530
0.8790
0.8630
0.8845
0.8480
0.8590
0.8800
0.8690
0.8840
0.8480
0.8592
0.8660
0.8760
0.8620
0.8650
0.8650
0.8560
0.8560
0.8430
0.8670
0.8810
0.8640
0.8640
0.8590
0.8766
0.8650
0.8710
0.8560
0.8660
0.8680
0.8640
0.8576
0.8640
0.8590
0.8630
0.8610
0.8740
0.8720
0.8560
0.8390
0.8720
0.8510
0.8710
0.8690
0.8740
0.8829
0.8730
0.8630
0.8690
0.8640
0.8900
0.8480
0.8370
0.8530
0.8670
0.8810
0.8570
0.8830
0.8490
0.8655
0.8650
0.8500
0.8650
0.8640
0.8640
0.8750
0.8766
0.8460
0.8610
0.8730
0.8780
0.8540
0.8610
0.8924
0.8650
0.8680
0.8760
0.8640
0.8770
0.8530
0.8465
0.8500
0.8710
0.8710
0.8680
0.8540
0.8650
0.8829
0.8710
0.8650
0.8700
0.8810
0.8560
0.8430
0.8718
0.8470
0.8570
0.8760
0.8590
0.8680
0.8810
0.8671
0.8480
0.8620
0.8760
0.8550
0.8790
0.8620
0.8766
0.8570
0.8780
0.8630
0.8700
0.8510
0.8720
0.8623
0.8540
0.8620
0.8640
0.8580
0.8910
0.8630
0.8608
0.8840
0.8780
0.8510
0.8510
0.8640
0.8610
0.8639
0.8520
0.8800
0.8550
0.8890
0.8730
0.8440
0.8576
0.8640
0.8560
0.8630
0.8730
0.8670
0.8670
0.8655
0.8730
0.8650
0.8580
0.8780
0.8650
0.8500
0.8671
0.8600
0.8670
0.8610
0.8740
0.8430
0.8720
0.8861
0.8620
0.8740
0.8620
0.8490
0.8550
0.8930
0.8576
0.8670
0.8640
0.8680
0.8730
0.8400
0.8690
0.8797
0.8760
0.8600
0.8760
0.8500
0.8580
0.8750
0.8560
0.8510
0.8580
0.8580
0.8750
0.8780
0.8550
0.8861
0.8640
0.8790
0.8640
0.8680
0.8550
0.8540
0.8734
0.8720
0.8510
0.8790
0.8620
0.8710
0.8630
0.8513
0.8750
0.8660
0.8510
0.8710
0.8680
0.8520
0.8766
0.8590
0.8590
0.8630
0.8770
0.8630
0.8650
0.8734
0.8580
0.8540
0.8720
0.8700
0.8830
0.8660
0.8465
0.8550
0.8530
0.8740
0.8680
0.8740
0.8640
0.8703
0.8610
0.8560
0.8520
0.8780
0.8700
0.8740
0.8639
0.8760
0.8740
0.8830
0.8570
0.8660
0.8540
0.8354
0.8810
0.8600
0.8640
0.8670
0.8480
0.8750
0.8608
0.8650
0.8720
0.8720
0.8540
0.8700
0.8580
0.8687
0.8670
0.8650
0.8740
0.8580
0.8710
0.8730
0.8434
0.8690
0.8630
0.8720
0.8470
0.8650
0.8670
0.8877
0.8640
0.8640
0.8470
0.8400
0.8870
0.8720
0.9051
0.8570
0.8670
0.8720
0.8680
0.8640
0.8700
0.8703
0.8660
0.8600
0.8540
0.8790
0.8610
0.8820
0.8639
0.8660
0.8800
0.8750
0.8690
0.8490
0.8620
0.8655
0.8550
0.8660
0.8710
0.8640
0.8660
0.8790
0.8671
0.8700
0.8710
0.8650
0.8720
0.8640
0.8680
0.8528
0.8690
0.8740
0.8680
0.8580
0.8630
0.8710
0.8623
0.8530
0.8840
0.8660
0.8690
0.8740
0.8630
0.8528
0.8720
0.8590
0.8810
0.8640
0.8570
0.8670
0.8671
0.8700
0.8600
0.8550
0.8760
0.8590
0.8770
0.8718
0.8690
0.8830
0.8340
0.8780
0.8840
0.8570
0.8592
0.8730
0.8560
0.8690
0.8730
0.8650
0.8680
0.8608
0.8730
0.8590
0.8710
0.8720
0.8710
0.8530
0.8671
0.8640
0.8640
0.8560
0.8700
0.8740
0.8710
0.8671
0.8730
0.8680
0.8610
0.8640
0.8690
0.8510
0.8877
0.8600
0.8610
0.8740
0.8710
0.8670
0.8710
0.8592
0.8700
0.8730
0.8590
0.8590
0.8930
0.8520
0.8560
0.8680
0.8750
0.8800
0.8610
0.8660
0.8500
0.8671
0.8570
0.8690
0.8550
0.8480
0.8740
0.8900
0.8782
0.8790
0.8590
0.8680
0.8690
0.8650
0.8600
0.8671
0.8710
0.8660
0.8720
0.8600
0.8700
0.8670
0.8576
0.8880
0.8590
0.8790
0.8600
0.8610
0.8730
0.8354
0.8650
0.8700
0.8740
0.8730
0.8660
0.8550
0.8639
0.8700
0.8600
0.8560
0.8850
0.8640
0.8790
0.8497
0.8590
0.8890
0.8580
0.8800
0.8600
0.8720
0.8449
0.8580
0.8680
0.8640
0.8800
0.8680
0.8530
0.8892
0.8840
0.8520
0.8850
0.8690
0.8680
0.8570
0.8528
0.8540
0.8800
0.8680
0.8590
0.8710
0.8800
0.8576
0.8750
0.8730
0.8680
0.8820
0.8500
0.8560
0.8703
0.8660
0.8580
0.8720
0.8670
0.8760
0.8710
0.8608
0.8640
0.8690
0.8690
0.8690
0.8710
0.8670
0.8639
0.8750
0.8680
0.8700
0.8700
0.8660
0.8700
0.8481
0.8470
0.8740
0.8590
0.8740
0.8770
0.8710
0.8734
0.8620
0.8700
0.8580
0.8800
0.8670
0.8720
0.8608
0.8670
0.8610
0.8610
0.8730
0.8660
0.8750
0.8718
0.8620
0.8690
0.8890
0.8420
0.8730
0.8580
0.8877
0.8780
0.8750
0.8610
0.8600
0.8710
0.8750
0.8449
0.8600
0.8740
0.8770
0.8640
0.8760
0.8680
0.8481
0.8690
0.8750
0.8640
0.8770
0.8580
0.8620
0.8703
0.8520
0.8840
0.8520
0.8640
0.8770
0.8800
0.8639
0.8800
0.8610
0.8590
0.8680
0.8710
0.8590
0.8813
0.8540
0.8820
0.8620
0.8850
0.8630
0.8620
0.8655
0.8720
0.8670
0.8710
0.8410
0.8880
0.8480
0.9003
0.8590
0.8730
0.8590
0.8610
0.8850
0.8620
0.8813
0.8680
0.8760
0.8600
0.8720
0.8630
0.8670
0.8718
0.8470
0.8590
0.8710
0.8750
0.8750
0.8820
0.8671
0.8670
0.8790
0.8590
0.8890
0.8640
0.8570
0.8592
0.8590
0.8780
0.8730
0.8610
0.8770
0.8640
0.8655
0.8800
0.8720
0.8730
0.8570
0.8670
0.8570
0.8718
0.8590
0.8700
0.8860
0.8700
0.8490
0.8590
0.8924
0.8690
0.8810
0.8580
0.8740
0.8700
0.8620
0.8623
0.8650
0.8720
0.8540
0.8770
0.8690
0.8720
0.8671
0.8640
0.8840
0.8590
0.8710
0.8570
0.8670
0.8750
0.8750
0.8730
0.8720
0.8650
0.8650
0.8680
0.8497
0.8640
0.8610
0.8780
0.8680
0.8750
0.8710
0.8513
0.8650
0.8650
0.8820
0.8740
0.8550
0.8640
0.8687
0.8580
0.8810
0.8620
0.8740
0.8700
0.8790
0.8402
0.8690
0.8740
0.8680
0.8550
0.8680
0.8790
0.8608
0.8720
0.8690
0.8650
0.8690
0.8710
0.8760
0.8449
0.8820
0.8790
0.8690
0.8580
0.8540
0.8690
0.8671
0.8670
0.8650
0.8700
0.8680
0.8670
0.8660
0.8813
0.8670
0.8920
0.8610
0.8650
0.8750
0.8630
0.8513
0.8630
0.8700
0.8710
0.8730
0.8630
0.8770
0.8608
0.8510
0.8690
0.8620
0.8720
0.8750
0.8740
0.8829
0.8670
0.8710
0.8610
0.8520
0.8830
0.8620
0.8940
0.8670
0.8770
0.8750
0.8510
0.8580
0.8790
0.8766
0.8610
0.8410
0.8750
0.8890
0.8750
0.8770
0.8592
0.8750
0.8570
0.8710
0.8720
0.8510
0.8820
0.8750
0.8850
0.8540
0.8850
0.8510
0.8710
0.8610
0.8782
0.8520
0.8670
0.8600
0.8850
0.8750
0.8680
0.8797
0.8650
0.8600
0.8680
0.8760
0.8660
0.8700
0.8845
0.8590
0.8850
0.8880
0.8660
0.8760
0.8550
0.8465
0.8680
0.8580
0.8740
0.8770
0.8550
0.8910
0.8576
0.8700
0.8680
0.8710
0.8610
0.8750
0.8710
0.8687
0.8600
0.8750
0.8770
0.8700
0.8670
0.8700
0.8639
0.8630
0.8610
0.8840
0.8500
0.8590
0.8950
0.8750
0.8590
0.8760
0.8620
0.8800
0.8790
0.8610
0.8592
0.8720
0.8640
0.8620
0.8540
0.8760
0.8720
0.8845
0.8590
0.8630
0.8580
0.8700
0.8670
0.8940
0.8671
0.8770
0.8790
0.8680
0.8530
0.8800
0.8520
0.8703
0.8720
0.8450
0.8720
0.8860
0.8580
0.8840
0.8576
0.8560
0.8800
0.8640
0.8620
0.8750
0.8690
0.8750
0.8600
0.8830
0.8680
0.8650
0.8660
0.8630
0.8766
0.8630
0.8670
0.8590
0.8610
0.8760
0.8820
0.8703
0.8660
0.8740
0.8660
0.8630
0.8620
0.8790
0.8718
0.8700
0.8810
0.8550
0.8730
0.8590
0.8630
0.8861
0.8830
0.8650
0.8710
0.8650
0.8600
0.8660
0.8766
0.8620
0.8750
0.8730
0.8670
0.8710
0.8640
0.8750
0.8660
0.8660
0.8790
0.8570
0.8720
0.8680
0.8813
0.8770
0.8640
0.8560
0.8710
0.8750
0.8810
0.8576
0.8630
0.8920
0.8700
0.8690
0.8660
0.8630
0.8592
0.8700
0.8800
0.8700
0.8750
0.8650
0.8590
0.8639
0.8670
0.8770
0.8750
0.8620
0.8800
0.8600
0.8623
0.8820
0.8810
0.8780
0.8500
0.8610
0.8700
0.8608
0.8750
0.8610
0.8820
0.8770
0.8600
0.8680
0.8592
0.8690
0.8710
0.8590
0.8630
0.8840
0.8700
0.8718
0.8710
0.8700
0.8710
0.8770
0.8620
0.8630
0.8750
0.8740
0.8670
0.8760
0.8540
0.8650
0.8830
0.8671
0.8800
0.8800
0.8540
0.8850
0.8560
0.8700
0.8576
0.8640
0.8620
0.8590
0.8690
0.8690
0.8780
0.8940
0.8910
0.8680
0.8660
0.8650
0.8670
0.8610
0.8655
0.8590
0.8850
0.8690
0.8500
0.8630
0.8790
0.8829
0.8750
0.8600
0.8740
0.8630
0.8590
0.8860
0.8639
0.8650
0.8690
0.8670
0.8700
0.8690
0.8820
0.8560
0.8470
0.8670
0.8780
0.8730
0.8670
0.8850
0.8639
0.8730
0.8770
0.8710
0.8550
0.8760
0.8740
0.8576
0.8530
0.8870
0.8750
0.8670
0.8760
0.8680
0.8592
0.8700
0.8860
0.8890
0.8560
0.8580
0.8700
0.8528
0.8620
0.8660
0.8550
0.8740
0.8730
0.8770
0.8892
0.8700
0.8640
0.8770
0.8750
0.8530
0.8810
0.8703
0.8590
0.8690
0.8710
0.8910
0.8590
0.8670
0.8766
0.8720
0.8860
0.8650
0.8600
0.8910
0.8660
0.8386
0.8720
0.8750
0.8930
0.8550
0.8590
0.8710
0.8639
0.8610
0.8720
0.8780
0.8810
0.8710
0.8750
0.8402
0.8810
0.8710
0.8780
0.8720
0.8460
0.8710
0.8703
0.8650
0.8730
0.8660
0.8920
0.8550
0.8670
0.8734
0.8730
0.8620
0.8660
0.8790
0.8700
0.8620
0.8845
0.8600
0.8750
0.8790
0.8680
0.8650
0.8750
0.8687
0.8700
0.8550
0.8820
0.8860
0.8840
0.8590
0.8465
0.8850
0.8720
0.8570
0.8600
0.8680
0.8750
0.8766
0.8810
0.8680
0.8650
0.8870
0.8680
0.8720
0.8418
0.8700
0.8770
0.8550
0.8710
0.8780
0.8680
0.8750
0.8790
0.8570
0.8780
0.8690
0.8760
0.8740
0.8513
0.8860
0.8800
0.8540
0.8670
0.8710
0.8640
0.8687
0.8710
0.8930
0.8830
0.8460
0.8700
0.8640
0.8608
0.8780
0.8510
0.8690
0.8680
0.8720
0.8730
0.8845
0.8820
0.8840
0.8620
0.8670
0.8770
0.8680
0.8402
0.8620
0.8640
0.8560
0.8920
0.8600
0.8780
0.8861
0.8640
0.8860
0.8540
0.8730
0.8720
0.8860
0.8497
0.8790
0.8670
0.8700
0.8730
0.8730
0.8730
0.8497
0.8780
0.8670
0.8580
0.8790
0.8690
0.8850
0.8481
0.8590
0.8610
0.8670
0.8780
0.8750
0.8680
0.8908
0.8820
0.8650
0.8640
0.8670
0.8680
0.8660
0.8861
0.8720
0.8780
0.8530
0.8710
0.8860
0.8630
0.8687
0.8590
0.8670
0.8830
0.8680
0.8620
0.8720
0.8877
0.8790
0.8660
0.8790
0.8580
0.8610
0.8790
0.8687
0.8580
0.8850
0.8780
0.8750
0.8640
0.8640
0.8655
0.8620
0.8610
0.8630
0.8770
0.8770
0.8910
0.8528
0.8630
0.8840
0.8730
0.8590
0.8820
0.8500
0.8877
0.8810
0.8800
0.8660
0.8560
0.8750
0.8640
0.8718
0.8550
0.8760
0.8620
0.8630
0.8790
0.8800
0.8829
0.8910
0.8770
0.8680
0.8620
0.8760
0.8470
0.8734
0.8750
0.8780
0.8740
0.8540
0.8690
0.8710
0.8703
0.8550
0.8940
0.8670
0.8660
0.8590
0.8740
0.8797
0.8570
0.8730
0.8830
0.8760
0.8700
0.8740
0.8513
0.8730
0.8580
0.8820
0.8840
0.8720
0.8600
0.8592
0.8890
0.8600
0.8660
0.8750
0.8620
0.8690
0.8703
0.8700
0.8660
0.8690
0.8770
0.8830
0.8560
0.8687
0.8860
0.8540
0.8640
0.8870
0.8770
0.8520
0.8734
0.8680
0.8650
0.8590
0.8660
0.8790
0.8780
0.8813
0.8640
0.8670
0.8690
0.8920
0.8670
0.8610
0.8750
0.8640
0.8680
0.8810
0.8600
0.8510
0.8780
0.9019
0.8780
0.8670
0.8690
0.8710
0.8540
0.8780
0.8782
0.8660
0.8590
0.8840
0.8650
0.8820
0.8720
0.8608
0.8750
0.8790
0.8690
0.8700
0.8680
0.8620
0.8703
0.8820
0.8490
0.8720
0.8700
0.8930
0.8710
0.8481
0.8620
0.8690
0.8700
0.8860
0.8680
0.8730
0.8623
0.8650
0.8660
0.8740
0.8680
0.8770
0.8660
0.8845
0.8680
0.8580
0.8740
0.8830
0.8680
0.8860
0.8544
0.8710
0.8460
0.8820
0.8850
0.8820
0.8580
0.8734
0.8790
0.8720
0.8690
0.8710
0.8530
0.8810
0.8703
0.8660
0.8720
0.8780
0.8590
0.8620
0.8740
0.8861
0.8760
0.8810
0.8710
0.8580
0.8770
0.8570
0.8766
0.8750
0.8740
0.8510
0.8920
0.8670
0.8510
0.8940
0.8430
0.8910
0.8760
0.8760
0.8760
0.8600
0.8750
0.8580
0.8800
0.8550
0.8680
0.8810
0.8820
0.8718
0.8660
0.8750
0.8740
0.8670
0.8730
0.8670
0.8750
0.8750
0.8590
0.8710
0.8650
0.8770
0.8840
0.8608
0.8810
0.8770
0.8690
0.8580
0.8890
0.8700
0.8418
0.8640
0.8680
0.8910
0.8580
0.8570
0.8870
0.8718
0.8480
0.8800
0.8560
0.8790
0.8760
0.8790
0.8829
0.8570
0.8730
0.8710
0.8730
0.8560
0.8850
0.8877
0.8700
0.8770
0.8770
0.8510
0.8740
0.8630
0.8908
0.8840
0.8700
0.8680
0.8750
0.8580
0.8870
0.8434
0.8860
0.8580
0.8730
0.8650
0.8610
0.8710
0.8877
0.8620
0.8880
0.8690
0.8710
0.8620
0.8730
0.8687
0.8660
0.8820
0.8560
0.8660
0.8820
0.8890
0.8434
0.8740
0.8630
0.8710
0.8780
0.8720
0.8650
0.8718
0.8760
0.8620
0.8790
0.8630
0.8770
0.8700
0.8655
0.8670
0.8810
0.8830
0.8600
0.8750
0.8650
0.8608
0.8540
0.8580
0.8790
0.8800
0.8710
0.8760
0.8813
0.8590
0.8830
0.8470
0.8740
0.8860
0.8800
0.8655
0.8680
0.8580
0.8790
0.8710
0.8800
0.8730
0.8671
0.8630
0.8750
0.8750
0.8740
0.8740
0.8850
0.8402
0.8710
0.8720
0.8780
0.8820
0.8680
0.8570
0.8687
0.8750
0.8960
0.8580
0.8650
0.8700
0.8760
0.8513
0.8810
0.8710
0.8730
0.8710
0.8680
0.8700
0.8608
0.8770
0.8650
0.8720
0.8750
0.8780
0.8600
0.8718
0.8650
0.8580
