0.1580
0.1520
0.1660
0.1620
0.1491
0.1690
0.1770
0.1500
0.1740
0.1813
0.1750
0.1690
0.1690
0.1880
0.1988
0.1990
0.1780
0.1820
0.1960
0.1988
0.2060
0.1950
0.2010
0.2060
0.2047
0.2220
0.2010
0.2100
0.2330
0.2251
0.2320
0.2450
0.2170
0.2390
0.2251
0.2570
0.2370
0.2520
0.2510
0.2719
0.2790
0.2520
0.2920
0.2720
0.2193
0.2990
0.2560
0.2860
0.2870
0.3070
0.2920
0.2970
0.3020
0.2720
0.3567
0.2950
0.2950
0.3250
0.3120
0.3480
0.3040
0.3210
0.3210
0.3270
0.3041
0.2950
0.3370
0.3320
0.3470
0.2865
0.3410
0.3180
0.3380
0.3370
0.3041
0.3240
0.3380
0.3470
0.3400
0.3509
0.3120
0.3530
0.3730
0.3480
0.3333
0.3660
0.3510
0.3560
0.3410
0.3421
0.3580
0.3620
0.3680
0.3650
0.3889
0.3690
0.3690
0.3790
0.3860
0.3567
0.3640
0.3930
0.3700
0.4160
0.4327
0.3950
0.4020
0.3970
0.4200
0.4035
0.4160
0.4270
0.4180
0.4130
0.4269
0.4390
0.4300
0.4470
0.4390
0.4532
0.4330
0.4570
0.4520
0.4640
0.4766
0.4530
0.4690
0.4610
0.4790
0.4386
0.4630
0.4710
0.4760
0.4810
0.4971
0.4840
0.5100
0.4750
0.4860
0.4444
0.4640
0.4910
0.5210
0.4770
0.5117
0.4920
0.4850
0.4940
0.5160
0.5146
0.4830
0.5000
0.5120
0.5140
0.4795
0.5280
0.5020
0.4950
0.5040
0.5000
0.5170
0.5160
0.5020
0.4970
0.4971
0.5150
0.5280
0.5060
0.4980
0.5029
0.5190
0.4910
0.5130
0.5420
0.4912
0.5240
0.5230
0.5160
0.5140
0.5058
0.5300
0.5450
0.5130
0.5090
0.5117
0.5500
0.5070
0.5290
0.5340
0.5117
0.5360
0.5290
0.5320
0.5320
0.5556
0.5520
0.5210
0.5400
0.5580
0.5146
0.5220
0.5560
0.5420
0.5670
0.5322
0.5580
0.5620
0.5400
0.5500
0.5497
0.5590
0.5760
0.5150
0.5760
0.5702
0.5670
0.5620
0.5560
0.5710
0.5673
0.5770
0.6140
0.5690
0.5280
0.5322
0.5790
0.5580
0.5760
0.5860
0.5906
0.5820
0.5750
0.5850
0.5860
0.5819
0.5870
0.6050
0.5900
0.5770
0.5585
0.5960
0.6100
0.5930
0.5780
0.5760
0.6050
0.6160
0.5770
0.6030
0.5994
0.6100
0.6260
0.6020
0.6010
0.5877
0.6130
0.6260
0.6190
0.6330
0.5585
0.6360
0.6290
0.6300
0.6280
0.6228
0.6470
0.6290
0.6440
0.6230
0.6696
0.6140
0.6300
0.6590
0.6780
0.6813
0.6620
0.6540
0.6600
0.6620
0.6404
0.6780
0.6610
0.6630
0.6590
0.6667
0.6570
0.6910
0.6760
0.6750
0.6637
0.6680
0.6620
0.7010
0.6990
0.6608
0.6760
0.6910
0.6930
0.6800
0.6959
0.6960
0.7020
0.6850
0.6950
0.6930
0.6870
0.7030
0.7010
0.7190
0.7105
0.7130
0.6860
0.7010
0.7260
0.7427
0.7160
0.7380
0.7180
0.7030
0.6930
0.7170
0.7190
0.7230
0.7200
0.7456
0.7200
0.7240
0.7180
0.7550
0.7193
0.7330
0.7430
0.7290
0.7330
0.7222
0.7270
0.7400
0.7290
0.7480
0.7573
0.7560
0.7460
0.7370
0.7400
0.7164
0.7430
0.7350
0.7610
0.7550
0.7164
0.7260
0.7700
0.7500
0.7470
0.7778
0.7770
0.7370
0.7530
0.7470
0.7427
0.7570
0.7490
0.7540
0.7540
0.7632
0.7610
0.7640
0.7350
0.7590
0.7544
0.7400
0.7530
0.7740
0.7560
0.7573
0.7650
0.7610
0.7520
0.7600
0.7222
0.7740
0.7570
0.7710
0.7380
0.7485
0.7520
0.7570
0.7530
0.7790
0.7749
0.7840
0.7550
0.7570
0.7580
0.7602
0.7580
0.7640
0.7750
0.7650
0.7602
0.7450
0.7620
0.7770
0.7800
0.7690
0.7710
0.7610
0.7620
0.7740
0.7778
0.7750
0.7680
0.7540
0.7690
0.7982
0.7840
0.7710
0.7690
0.7720
0.7251
0.7750
0.7580
0.7630
0.7920
0.7719
0.7670
0.7540
0.7890
0.7840
0.7719
0.7800
0.7480
0.7660
0.8090
0.7544
0.7700
0.7800
0.7620
0.7710
0.8216
0.7680
0.7760
0.7680
0.7930
0.7749
0.7810
0.7720
0.7670
0.7800
0.7865
0.7640
0.7730
0.7920
0.7720
0.7924
0.7890
0.7710
0.7660
0.7830
0.7836
0.7870
0.7790
0.7880
0.7670
0.7632
0.7830
0.7720
0.7820
0.7880
0.7632
0.7810
0.8020
0.7580
0.7710
0.8099
0.7750
0.8060
0.7820
0.7690
0.7632
0.7870
0.7780
0.7710
0.7890
0.7865
0.7870
0.7880
0.7900
0.7680
0.7836
0.7920
0.7840
0.7730
0.7890
0.7778
0.7870
0.7830
0.7830
0.7920
0.7690
0.7910
0.7800
0.8070
0.7770
0.7515
0.7780
0.7770
0.7850
0.7980
0.8099
0.7630
0.7970
0.8010
0.7740
0.8216
0.7990
0.7950
0.7800
0.7790
0.7690
0.7900
0.7780
0.7890
0.7960
0.7778
0.7920
0.7730
0.7870
0.8050
0.7749
0.7780
0.7870
0.8140
0.7860
0.7661
0.7850
0.7950
0.7890
0.7950
0.7807
0.7790
0.7940
0.7910
0.7910
0.8158
0.7840
0.7890
0.8120
0.7890
0.7661
0.7900
0.7670
0.8090
0.8020
0.7924
0.7980
0.7950
0.7690
0.8060
0.8070
0.7940
0.7920
0.7960
0.7880
0.8041
0.7900
0.8080
0.8000
0.7820
0.7778
0.8030
0.7980
0.7850
0.7980
0.7719
0.8060
0.8000
0.7950
0.7800
0.7836
0.7860
0.7850
0.8060
0.8070
0.7778
0.8080
0.8030
0.7970
0.7730
0.7924
0.7930
0.8130
0.7760
0.7980
0.7953
0.8060
0.8070
0.7790
0.7770
0.8304
0.8230
0.7980
0.7920
0.7710
0.7895
0.7890
0.8080
0.7770
0.8050
0.8099
0.8110
0.8040
0.7890
0.7880
0.7895
0.7920
0.7850
0.8080
0.8120
0.7836
0.7950
0.7970
0.7980
0.8080
0.7924
0.7940
0.7960
0.7960
0.8130
0.8158
0.7990
0.8130
0.8060
0.8000
0.7690
0.7970
0.8160
0.7790
0.8150
0.8070
0.8010
0.8040
0.8000
0.8090
0.7895
0.8030
0.7890
0.8250
0.7890
0.8129
0.7970
0.7980
0.8210
0.7940
0.8012
0.8010
0.8080
0.8080
0.7940
0.7982
0.7990
0.7920
0.7790
0.8230
0.8567
0.7910
0.7950
0.8230
0.8000
0.8099
0.8120
0.7950
0.7990
0.8160
0.7895
0.8070
0.7980
0.8120
0.8010
0.8041
0.8100
0.7990
0.8010
0.8050
0.8187
0.8260
0.7800
0.8040
0.8140
0.7924
0.7990
0.8060
0.8070
0.8000
0.8333
0.8220
0.8000
0.8150
0.7790
0.8304
0.8050
0.8130
0.7930
0.8110
0.8246
0.7970
0.8020
0.8090
0.8220
0.8041
0.8110
0.8100
0.8080
0.8070
0.7924
0.7970
0.8140
0.8110
0.8230
0.7719
0.8080
0.8010
0.8040
0.8260
0.8070
0.8060
0.8200
0.8020
0.8180
0.7865
0.8090
0.7990
0.8150
0.8130
0.8187
0.8180
0.8150
0.8020
0.8200
0.7690
0.8080
0.8160
0.8020
0.8110
0.8275
0.7910
0.8290
0.8170
0.8040
0.8187
0.8080
0.8050
0.8260
0.8100
0.7953
0.8290
0.7950
0.8180
0.8090
0.8012
0.8100
0.8150
0.8020
0.8150
0.8333
0.8060
0.8200
0.8120
0.8190
0.8012
0.8140
0.8090
0.8100
0.8070
0.8480
0.8080
0.8080
0.8050
0.8180
0.8538
0.8130
0.8060
0.8040
0.8280
0.8216
0.8200
0.8140
0.8100
0.8070
0.8246
0.8390
0.8320
0.8010
0.7930
0.7895
0.8110
0.8000
0.8180
0.8290
0.8099
0.8010
0.8120
0.8290
0.8190
0.8041
0.8170
0.8160
0.8060
0.8110
0.8392
0.8070
0.8210
0.8000
0.8240
0.8363
0.8240
0.7880
0.8270
0.8130
0.8421
0.8100
0.8130
0.8440
0.7990
0.8012
0.8170
0.8150
0.8230
0.8200
0.7778
0.7920
0.8160
0.8310
0.8150
0.8392
0.8230
0.8350
0.7920
0.8130
0.8216
0.8090
0.8370
0.8180
0.8070
0.8070
0.8230
0.8290
0.8310
0.7930
0.7953
0.8180
0.8160
0.8070
0.8270
0.8187
0.8130
0.7920
0.8230
0.8430
0.8187
0.8280
0.8200
0.8000
0.8270
0.8099
0.7980
0.8100
0.8420
0.8200
0.8304
0.8260
0.8160
0.8090
0.8250
0.8099
0.8210
0.8080
0.8170
0.8270
0.8216
0.8360
0.8160
0.8050
0.8180
0.8158
0.8310
0.8130
0.8050
0.8270
0.8187
0.8060
0.8160
0.8160
0.8320
0.8363
0.8150
0.8250
0.8130
0.8200
0.8216
0.8270
0.8210
0.8160
0.8190
0.7924
0.8180
0.8370
0.7970
0.8310
0.7953
0.8150
0.8290
0.8150
0.8130
0.8275
0.8180
0.8150
0.8260
0.8170
0.8187
0.8320
0.8170
0.8200
0.8120
0.8070
0.8350
0.8080
0.8300
0.8080
0.8099
0.8080
0.8430
0.8240
0.8060
0.8129
0.8170
0.8380
0.8210
0.8070
0.8099
0.8300
0.7950
0.8220
0.8270
0.8363
0.8270
0.8260
0.7990
0.8280
0.8187
0.8160
0.8030
0.8250
0.8290
0.8421
0.8190
0.8200
0.8050
0.8330
0.8333
0.8090
0.8210
0.8250
0.8270
0.8246
0.8290
0.8050
0.8210
0.8200
0.8421
0.8180
0.8130
0.8240
0.8250
0.8392
0.8380
0.8250
0.8260
0.8070
0.7953
0.8210
0.8320
0.8210
0.8150
0.8187
0.8230
0.8130
0.8270
0.8220
0.8333
0.8210
0.8180
0.8300
0.8200
0.8246
0.8210
0.8200
0.8400
0.8090
0.8216
0.8200
0.8160
0.8290
0.8150
0.8450
0.8340
0.8160
0.8210
0.8140
0.8304
0.8410
0.8240
0.8040
0.8230
0.8099
0.8090
0.8230
0.8260
0.8260
0.8363
0.8340
0.8130
0.8120
0.8190
0.8538
0.8240
0.8350
0.8280
0.8000
0.8304
0.8100
0.8240
0.8210
0.8290
0.8392
0.8120
0.8290
0.8080
0.8330
0.8450
0.8220
0.8200
0.8140
0.8360
0.8275
0.8180
0.8220
0.8210
0.8260
0.8421
0.8250
0.8350
0.8090
0.8190
0.8480
0.8160
0.8440
0.8260
0.8130
0.8246
0.8200
0.8300
0.8220
0.8250
0.8333
0.8300
0.8100
0.8390
0.8260
0.8099
0.8240
0.8280
0.8190
0.8200
0.8509
0.8430
0.8040
0.8300
0.8300
0.8012
0.8070
0.8260
0.8270
0.8350
0.8421
0.8220
0.8340
0.8270
0.8180
0.8304
0.8350
0.8190
0.8250
0.8290
0.8099
0.7940
0.8550
0.8170
0.8350
0.8304
0.8250
0.8230
0.8380
0.8200
0.8158
0.8290
0.8220
0.8230
0.8380
0.7982
0.8340
0.8290
0.8150
0.8270
0.8158
0.8250
0.8440
0.8130
0.8230
0.8158
0.8330
0.8230
0.8250
0.8300
0.8012
0.8190
0.8340
0.8370
0.8170
0.8187
0.8380
0.8060
0.8360
0.8280
0.8158
0.8260
0.8410
0.8030
0.8290
0.8421
0.8180
0.8420
0.8150
0.8300
0.8246
0.8320
0.8160
0.8430
0.8150
0.8216
0.8260
0.8210
0.8350
0.8200
0.8363
0.8330
0.8210
0.8200
0.8310
0.8333
0.8300
0.8160
0.8300
0.8320
0.8246
0.8240
0.8230
0.8470
0.8180
0.8129
0.8320
0.8470
0.8180
0.8110
0.8246
0.8300
0.8250
0.8260
0.8300
0.8187
0.8350
0.8090
0.8390
0.8230
0.8363
0.8260
0.8270
0.8020
0.8460
0.8509
0.8100
0.8310
0.8450
0.8250
0.8216
0.8200
0.8330
0.8280
0.8220
0.8450
0.8330
0.8200
0.8310
0.8220
0.8392
0.8400
0.8290
0.8430
0.8080
0.8012
0.8270
0.8340
0.8300
0.8240
0.8099
0.8240
0.8160
0.8290
0.8400
0.8246
0.8380
0.8190
0.8220
0.8290
0.8333
0.8360
0.8150
0.8220
0.8270
0.8596
0.8330
0.8280
0.8090
0.8360
0.8450
0.8380
0.8240
0.8260
0.8220
0.8450
0.8230
0.8160
0.8540
0.8160
0.8480
0.8330
0.8310
0.8150
0.8310
0.8480
0.8370
0.8300
0.8180
0.8270
0.8509
0.8170
0.8430
0.8290
0.8290
0.8363
0.8320
0.8370
0.8120
0.8470
0.8070
0.8260
0.8120
0.8260
0.8460
0.8655
0.8430
0.8430
0.8280
0.8150
0.8099
0.8180
0.8380
0.8550
0.8140
0.8246
0.8340
0.8070
0.8390
0.8340
0.8538
0.8310
0.8320
0.8260
0.8440
0.7982
0.8370
0.8310
0.8440
0.8250
0.7895
0.8420
0.8230
0.8170
0.8490
0.8041
0.8270
0.8060
0.8310
0.8500
0.8538
0.8160
0.8370
0.8450
0.8210
0.8421
0.8250
0.8260
0.8410
0.8340
0.8216
0.8330
0.8160
0.8390
0.8320
0.8392
0.8280
0.8280
0.8350
0.8280
0.8421
0.8170
0.8360
0.8280
0.8430
0.8304
0.8260
0.8390
0.8400
0.8220
0.8246
0.8180
0.8340
0.8300
0.8410
0.8363
0.8230
0.8350
0.8190
0.8390
0.8567
0.8380
0.8230
0.8380
0.8390
0.7924
0.8360
0.8380
0.8160
0.8350
0.8333
0.8280
0.8260
0.8260
0.8450
0.8363
0.8210
0.8360
0.8360
0.8210
0.8684
0.8380
0.8280
0.8260
0.8240
0.8626
0.8130
0.8370
0.8420
0.8290
0.8421
0.8280
0.8320
0.8390
0.8190
0.8509
0.8350
0.8110
0.8250
0.8510
0.8363
0.8390
0.8400
0.8390
0.8070
0.8333
0.8340
0.8060
0.8410
0.8440
0.8333
0.8160
0.8460
0.8430
0.8320
0.7982
0.8200
0.8520
0.8040
0.8440
0.8480
0.8250
0.8390
0.8340
0.8300
0.8246
0.8270
0.8450
0.8170
0.8380
0.8275
0.8270
0.8240
0.8300
0.8360
0.8567
0.8520
0.8220
0.8320
0.8320
0.7953
0.8370
0.8270
0.8270
0.8420
0.8099
0.8330
0.8330
0.8240
0.8330
0.8421
0.8390
0.8410
0.8260
0.8290
0.8070
0.8420
0.8270
0.8140
0.8390
0.8450
0.8380
0.8460
0.8140
0.8340
0.8187
0.8220
0.8400
0.8320
0.8420
0.8099
0.8290
0.8400
0.8260
0.8360
0.8275
0.8280
0.8390
0.8210
0.8350
0.8480
0.8210
0.8420
0.8460
0.8230
0.8246
0.8280
0.8370
0.8380
0.8290
0.8275
0.8440
0.8170
0.8320
0.8390
0.8246
0.8260
0.8320
0.8220
0.8460
0.8421
0.8500
0.8130
0.8430
0.8290
0.8129
0.8380
0.8360
0.8190
0.8400
0.8187
0.8360
0.8250
0.8400
0.8350
0.8187
0.8510
0.8010
0.8310
0.8490
0.8333
0.8420
0.8290
0.8320
0.8400
0.8041
0.8470
0.8290
0.8240
0.8380
0.8216
0.8520
0.8120
0.8240
0.8560
0.8041
0.8330
0.8280
0.8220
0.8410
0.8596
0.8250
0.8250
0.8270
0.8440
0.8684
0.8320
0.8320
0.8370
0.8330
0.8275
0.8260
0.8190
0.8430
0.8390
0.8450
0.8300
0.8410
0.8320
0.8250
0.8392
0.8350
0.8360
0.8290
0.8290
0.8363
0.8410
0.8330
0.8160
0.8420
0.8333
0.8410
0.8480
0.8280
0.8190
0.8246
0.8370
0.8400
0.8360
0.8310
0.8012
0.8240
0.8620
0.8400
0.8140
0.8129
0.8390
0.8420
0.8320
0.8210
0.8304
0.8460
0.8150
0.8470
0.8160
0.8567
0.8440
0.8280
0.8280
0.8310
0.8363
0.8310
0.8290
0.8470
0.8240
0.8333
0.8340
0.8400
0.8210
0.8440
0.8099
0.8320
0.8380
0.8300
0.8250
0.8538
0.8190
0.8510
0.8280
0.8380
0.8246
0.8180
0.8520
0.8300
0.8360
0.8304
0.8210
0.8400
0.8550
0.8300
0.8041
0.8280
0.8280
0.8490
0.8390
0.8099
0.8540
0.8440
0.8150
0.8250
0.8333
0.8290
0.8370
0.8370
0.8340
0.8421
0.8330
0.8390
0.8230
0.8490
0.8216
0.8320
0.8280
0.8470
0.8350
0.8275
0.8320
0.8520
0.8350
0.8110
0.8626
0.8280
0.8500
0.8240
0.8350
0.8450
0.8370
0.8490
0.8250
0.8260
0.8480
0.8300
0.8580
0.8220
0.8330
0.8304
0.8290
0.8440
0.8420
0.8300
0.8304
0.8180
0.8400
0.8460
0.8330
0.8538
0.8350
0.8300
0.8500
0.8210
0.8538
0.8190
0.8370
0.8500
0.8360
0.8392
0.8260
0.8240
0.8360
0.8470
0.8684
0.8260
0.8240
0.8510
0.8430
0.8363
0.8500
0.8310
0.8230
0.8410
0.8363
0.8370
0.8340
0.8500
0.8270
0.8304
0.8130
0.8570
0.8430
0.8350
0.8333
0.8650
0.8370
0.8310
0.8150
0.8304
0.8320
0.8190
0.8520
0.8330
0.8567
0.8380
0.8390
0.8180
0.8340
0.8801
0.8370
0.8260
0.8460
0.8330
0.8450
0.8280
0.8300
0.8370
0.8430
0.8567
0.8350
0.8340
0.8310
0.8370
0.8596
0.8410
0.8260
0.8250
0.8520
0.8480
0.8350
0.8660
0.8210
0.8270
0.8421
0.8590
0.8440
0.8410
0.8110
0.8275
0.8290
0.8590
0.8380
0.8270
0.8333
0.8490
0.8470
0.8410
0.8260
0.8129
0.8580
0.8400
0.8270
0.8310
0.8333
0.8420
0.8380
0.8430
0.8390
0.8158
0.8380
0.8500
0.8280
0.8350
0.8596
0.8380
0.8500
0.8310
0.8380
0.8538
0.8390
0.8320
0.8450
0.8450
0.8480
0.8440
0.8570
0.8370
0.8280
0.8333
0.8470
0.8460
0.8570
0.8210
0.8187
0.8380
0.8440
0.8510
0.8270
0.8509
0.8540
0.8400
0.8490
0.8160
0.8538
0.8230
0.8510
0.8550
0.8440
0.8246
0.8560
0.8330
0.8330
0.8520
0.8216
0.8510
0.8250
0.8460
0.8440
0.8450
0.8490
0.8280
0.8410
0.8420
0.8655
0.8490
0.8290
0.8450
0.8370
0.8655
0.8270
0.8570
0.8400
0.8530
0.8158
0.8420
0.8500
0.8480
0.8380
0.8158
0.8490
0.8380
0.8370
0.8440
0.8509
0.8500
0.8250
0.8500
0.8500
0.8246
0.8510
0.8430
0.8380
0.8490
0.8099
0.8340
0.8330
0.8650
0.8440
0.8275
0.8420
0.8520
0.8360
0.8400
0.8450
0.8530
0.8450
0.8210
0.8380
0.8801
0.8450
0.8470
0.8540
0.8320
0.8187
0.8210
0.8430
0.8460
0.8480
0.8772
0.8580
0.8390
0.8330
0.8290
0.8743
0.8460
0.8560
0.8480
0.8230
0.8392
0.8350
0.8420
0.8510
0.8390
0.8567
0.8330
0.8230
0.8630
0.8500
0.8509
0.8540
0.8480
0.8340
0.8390
0.8333
0.8400
0.8480
0.8410
0.8440
0.8480
0.8490
0.8500
0.8440
0.8390
0.8216
0.8590
0.8320
0.8450
0.8470
0.8187
0.8210
0.8440
0.8540
0.8570
0.8392
0.8370
0.8460
0.8360
0.8530
0.8509
0.8630
0.8520
0.8350
0.8180
0.8626
0.8600
0.8450
0.8360
0.8350
0.8421
0.8510
0.8470
0.8440
0.8410
0.8216
0.8330
0.8420
0.8370
0.8530
0.8743
0.8460
0.8390
0.8300
0.8640
0.8333
0.8590
0.8330
0.8520
0.8350
0.8363
0.8440
0.8500
0.8550
0.8280
0.8421
0.8450
0.8370
0.8420
0.8480
0.8567
0.8480
0.8290
0.8490
0.8490
0.8480
0.8520
0.8460
0.8280
0.8440
0.8626
0.8440
0.8260
0.8430
0.8560
0.8655
0.8460
0.8420
0.8340
0.8530
0.8450
0.8430
0.8470
0.8500
0.8300
0.8596
0.8360
0.8470
0.8510
0.8380
0.8538
0.8340
0.8680
0.8190
0.8650
0.8129
0.8520
0.8450
0.8270
0.8420
0.8713
0.8540
0.8390
0.8340
0.8540
0.8246
0.8570
0.8580
0.8230
0.8380
0.8392
0.8450
0.8470
0.8260
0.8510
0.8655
0.8540
0.8340
0.8420
0.8450
0.8480
0.8550
0.8510
0.8260
0.8520
0.8275
0.8640
0.8310
0.8500
0.8370
0.8304
0.8370
0.8520
0.8330
0.8480
0.8655
0.8400
0.8540
0.8390
0.8350
0.8713
0.8410
0.8540
0.8590
0.8290
0.8304
0.8320
0.8480
0.8520
0.8560
0.8187
0.8470
0.8230
0.8590
0.8550
0.8304
0.8490
0.8540
0.8400
0.8370
0.8450
0.8230
0.8510
0.8470
0.8520
0.8655
0.8460
0.8470
0.8470
0.8320
0.8684
0.8470
0.8390
0.8490
0.8510
0.8275
0.8390
0.8420
0.8650
0.8330
0.8509
0.8240
0.8640
0.8500
0.8400
0.8538
0.8430
0.8330
0.8600
0.8410
0.8626
0.8330
0.8600
0.8490
0.8540
0.8099
0.8310
0.8530
0.8500
0.8600
0.8158
0.8360
0.8470
0.8580
0.8400
0.8538
0.8390
0.8540
0.8410
0.8500
0.8450
0.8520
0.8340
0.8570
0.8530
0.8158
0.8430
0.8470
0.8360
0.8590
0.8480
0.8460
0.8520
0.8370
0.8500
0.8509
0.8490
0.8420
0.8640
0.8360
0.8333
0.8510
0.8430
0.8430
0.8500
0.8450
0.8540
0.8410
0.8440
0.8470
0.8480
0.8510
0.8380
0.8410
0.8620
0.8363
0.8350
0.8600
0.8690
0.8280
0.8363
0.8380
0.8430
0.8470
0.8530
0.8684
0.8460
0.8600
0.8440
0.8450
0.8275
0.8660
0.8550
0.8490
0.8290
0.8216
0.8580
0.8690
0.8330
0.8420
0.8129
0.8460
0.8430
0.8450
0.8660
0.8187
0.8560
0.8590
0.8490
0.8310
0.8333
0.8470
0.8510
0.8450
0.8410
0.8655
0.8570
0.8350
0.8390
0.8450
0.8889
0.8570
0.8420
0.8420
0.8540
0.8392
0.8500
0.8490
0.8430
0.8540
0.8392
0.8360
0.8370
0.8620
0.8560
0.8538
0.8630
0.8690
0.8370
0.8380
0.8070
0.8500
0.8480
0.8380
0.8560
0.8509
0.8520
0.8580
0.8490
0.8340
0.8480
0.8480
0.8510
0.8450
0.8470
0.8509
0.8440
0.8490
0.8430
0.8520
0.8596
0.8640
0.8400
0.8490
0.8440
0.8333
0.8340
0.8660
0.8520
0.8420
0.8421
0.8540
0.8380
0.8350
0.8630
0.8538
0.8320
0.8610
0.8550
0.8400
0.8596
0.8450
0.8350
0.8520
0.8550
0.8626
0.8570
0.8470
0.8390
0.8540
0.8392
0.8470
0.8430
0.8550
0.8420
0.8713
0.8590
0.8450
0.8530
0.8410
0.8421
0.8500
0.8380
0.8620
0.8560
0.8187
0.8510
0.8390
0.8480
0.8470
0.8801
0.8430
0.8450
0.8610
0.8430
0.8626
0.8410
0.8440
0.8560
0.8570
0.8509
0.8550
0.8520
0.8430
0.8510
0.8480
0.8440
0.8540
0.8420
0.8580
0.8626
0.8490
0.8610
0.8430
0.8580
0.8246
0.8600
0.8470
0.8400
0.8460
0.8772
0.8650
0.8590
0.8300
0.8530
0.8333
0.8660
0.8500
0.8560
0.8300
0.8480
0.8260
0.8480
0.8680
0.8570
0.8567
0.8620
0.8290
0.8480
0.8620
0.8480
0.8700
0.8340
0.8610
0.8380
0.8450
0.8370
0.8450
0.8670
0.8400
0.8860
0.8550
0.8550
0.8450
0.8420
0.8626
0.8370
0.8440
0.8540
0.8620
0.8626
0.8410
0.8450
0.8590
0.8480
0.8801
0.8310
0.8690
0.8340
0.8610
0.8743
0.8540
0.8450
0.8380
0.8610
0.8655
0.8390
0.8610
0.8580
0.8370
0.8743
0.8430
0.8380
0.8660
0.8530
0.8567
0.8510
0.8400
0.8430
0.8650
0.8596
0.8490
0.8570
0.8510
0.8450
0.8509
0.8430
0.8590
0.8480
0.8540
0.8450
0.8630
0.8420
0.8640
0.8400
0.8304
0.8610
0.8420
0.8600
0.8450
0.8392
0.8250
0.8490
0.8800
0.8370
0.8889
0.8240
0.8640
0.8640
0.8470
0.8655
0.8510
0.8590
0.8510
0.8500
0.8304
0.8360
0.8460
0.8500
0.8670
0.8626
0.8480
0.8480
0.8570
0.8510
0.8480
0.8500
0.8480
0.8530
0.8520
0.8509
0.8640
0.8480
0.8590
0.8350
0.8421
0.8670
0.8400
0.8370
0.8470
0.8889
0.8610
0.8620
0.8440
0.8490
0.8158
0.8630
0.8710
0.8370
0.8340
0.8480
0.8440
0.8620
0.8440
0.8490
0.8684
0.8480
0.8610
0.8500
0.8490
0.8421
0.8600
0.8380
0.8660
0.8490
0.8275
0.8690
0.8370
0.8390
0.8640
0.8392
0.8410
0.8490
0.8570
0.8480
0.8801
0.8480
0.8440
0.8560
0.8460
0.8830
0.8380
0.8680
0.8400
0.8530
0.8684
0.8480
0.8520
0.8470
0.8460
0.8860
0.8600
0.8470
0.8530
0.8520
0.8333
0.8440
0.8530
0.8550
0.8620
0.8275
0.8450
0.8340
0.8760
0.8390
0.8830
0.8630
0.8490
0.8490
0.8530
0.8275
0.8460
0.8560
0.8470
0.8530
0.8596
0.8540
0.8450
0.8420
0.8620
0.8626
0.8510
0.8530
0.8490
0.8490
0.8655
0.8430
0.8680
0.8520
0.8470
0.8421
0.8350
0.8610
0.8390
0.8660
0.8684
0.8600
0.8420
0.8690
0.8430
0.8304
0.8530
0.8540
0.8550
0.8500
0.8363
0.8770
0.8460
0.8490
0.8450
0.8216
0.8450
0.8540
0.8620
0.8480
0.8480
0.8380
0.8490
0.8580
0.8530
0.8801
0.8500
0.8420
0.8520
0.8600
0.8626
0.8510
0.8560
0.8610
0.8410
0.8480
0.8570
0.8530
0.8460
0.8610
0.8246
0.8530
0.8430
0.8520
0.8600
0.8509
0.8660
0.8540
0.8420
0.8440
0.8538
0.8510
0.8600
0.8380
0.8600
0.8450
0.8480
0.8650
0.8590
0.8410
0.8333
0.8420
0.8700
0.8480
0.8450
0.8567
0.8580
0.8430
0.8450
0.8510
0.8801
0.8690
0.8410
0.8400
0.8570
0.8509
0.8390
0.8510
0.8480
0.8680
0.8567
0.8500
0.8350
0.8630
0.8560
0.8655
0.8500
0.8420
0.8470
0.8730
0.8421
0.8510
0.8370
0.8610
0.8520
0.8743
0.8580
0.8580
0.8560
0.8460
0.8246
0.8470
0.8600
0.8440
0.8550
0.8596
0.8440
0.8530
0.8650
0.8540
0.8304
0.8490
0.8490
0.8570
0.8590
0.8363
0.8370
0.8680
0.8580
0.8410
0.8655
0.8530
0.8570
0.8560
0.8430
0.8509
0.8490
0.8610
0.8660
0.8390
0.8333
0.8630
0.8380
0.8620
0.8450
0.8538
0.8450
0.8610
0.8640
0.8320
0.8713
0.8710
0.8480
0.8450
0.8400
0.8684
0.8460
0.8520
0.8400
0.8650
0.8713
0.8430
0.8590
0.8620
0.8470
0.8480
0.8620
0.8320
0.8580
0.8580
0.8538
0.8510
0.8500
0.8640
0.8360
0.8801
0.8590
0.8480
0.8460
0.8580
0.8509
0.8330
0.8450
0.8510
0.8730
0.8801
0.8630
0.8490
0.8470
0.8560
0.8421
0.8460
0.8580
0.8580
0.8560
0.8333
0.8640
0.8470
0.8460
0.8500
0.8655
0.8370
0.8640
0.8680
0.8380
0.8684
0.8500
0.8470
0.8540
0.8550
0.8743
0.8500
0.8430
0.8440
0.8670
0.8801
0.8680
0.8510
0.8390
0.8460
0.8772
0.8650
0.8490
0.8550
0.8430
0.8538
0.8420
0.8450
0.8670
0.8610
0.8450
0.8510
0.8560
0.8570
0.8490
0.8509
0.8790
0.8570
0.8340
0.8410
0.8567
0.8540
0.8430
0.8580
0.8600
0.8450
0.8580
0.8580
0.8540
0.8520
0.8246
0.8330
0.8580
0.8550
0.8660
0.8538
0.8520
0.8720
0.8380
0.8530
0.8480
0.8620
0.8520
0.8480
0.8440
0.8743
0.8530
0.8460
0.8520
0.8630
0.8509
0.8390
0.8630
0.8530
0.8640
0.8363
0.8590
0.8410
0.8480
0.8550
0.8830
0.8490
0.8570
0.8480
0.8540
0.8655
0.8510
0.8470
0.8670
0.8510
0.8450
0.8750
0.8390
0.8550
0.8500
0.8392
0.8500
0.8600
0.8510
0.8640
0.8216
0.8580
0.8530
0.8450
0.8520
0.8743
0.8680
0.8460
0.8590
0.8340
0.8772
0.8650
0.8490
0.8590
0.8530
0.8216
0.8600
0.8380
0.8680
0.8390
0.8860
0.8660
0.8660
0.8250
0.8600
0.8538
0.8440
0.8500
0.8760
0.8530
0.8333
0.8520
0.8470
0.8530
0.8720
0.8333
0.8490
0.8430
0.8520
0.8740
0.8509
0.8660
0.8420
0.8650
0.8500
0.8363
0.8490
0.8630
0.8580
0.8410
0.8684
0.8510
0.8610
0.8620
0.8520
0.8246
0.8560
0.8580
0.8440
0.8520
0.8713
0.8520
0.8480
0.8660
0.8470
0.8655
0.8560
0.8550
0.8460
0.8570
0.8655
0.8570
0.8580
0.8610
0.8560
0.8129
0.8610
0.8780
0.8360
0.8460
0.8480
0.8690
0.8440
0.8510
0.8690
0.8129
0.8350
0.8580
0.8660
0.8640
0.8421
0.8490
0.8600
0.8450
0.8680
0.8450
0.8580
0.8590
0.8620
0.8450
0.8392
0.8710
0.8560
0.8490
0.8440
0.8538
0.8610
0.8490
0.8520
0.8530
0.8713
0.8600
0.8460
0.8570
0.8540
0.8655
0.8640
0.8340
0.8800
0.8510
0.8304
0.8410
0.8680
0.8460
0.8640
0.8626
0.8510
0.8500
0.8630
0.8580
0.8567
0.8520
0.8680
0.8590
0.8560
0.8187
0.8550
0.8720
0.8470
0.8440
0.8684
0.8640
0.8590
0.8420
0.8520
0.8713
0.8530
0.8520
0.8500
0.8580
0.8830
0.8650
0.8530
0.8610
0.8470
0.8450
0.8520
0.8720
0.8450
0.8530
0.8567
0.8690
0.8370
0.8560
0.8620
0.8509
0.8590
0.8500
0.8450
0.8650
0.8626
0.8680
0.8460
0.8410
0.8620
0.8684
0.8570
0.8510
0.8410
0.8610
0.8918
0.8550
0.8540
0.8680
0.8520
0.8333
0.8460
0.8600
0.8590
0.8550
0.8626
0.8540
0.8430
0.8580
0.8680
0.8538
0.8520
0.8680
0.8410
0.8620
0.8538
0.8620
0.8530
0.8580
0.8470
0.8626
0.8490
0.8610
0.8420
0.8620
0.8801
0.8600
0.8470
0.8550
0.8660
0.8421
0.8490
0.8620
0.8740
0.8460
0.8333
0.8570
0.8440
0.8480
0.8670
0.8772
0.8760
0.8340
0.8510
0.8590
0.8655
0.8490
0.8660
0.8650
0.8400
0.8655
0.8490
0.8540
0.8580
0.8600
0.8655
0.8510
0.8550
0.8440
0.8660
0.8772
0.8520
0.8660
0.8450
0.8530
0.8772
0.8610
0.8540
0.8610
0.8450
0.8626
0.8640
0.8590
0.8560
0.8440
0.8567
0.8370
0.8760
0.8590
0.8390
0.8918
0.8380
0.8700
0.8580
0.8490
0.8801
0.8470
0.8510
0.8670
0.8530
0.8743
0.8490
0.8670
0.8500
0.8530
0.8743
0.8630
0.8450
0.8500
0.8640
0.8655
0.8680
0.8580
0.8610
0.8380
0.8567
0.8590
0.8370
0.8630
0.8740
0.8333
0.8600
0.8460
0.8760
0.8410
0.8655
0.8720
0.8720
0.8420
0.8480
0.8333
0.8610
0.8610
0.8600
0.8530
0.8275
0.8540
0.8610
0.8500
0.8660
0.8392
0.8540
0.8430
0.8570
0.8670
0.8626
0.8530
0.8650
0.8500
0.8610
0.8392
0.8670
0.8500
0.8500
0.8650
0.8304
0.8510
0.8390
0.8620
0.8700
0.8596
0.8350
0.8690
0.8690
0.8440
0.8743
0.8380
0.8660
0.8560
0.8620
0.8567
0.8590
0.8600
0.8570
0.8550
0.8304
0.8510
0.8580
0.8580
0.8480
0.8772
0.8450
0.8740
0.8580
0.8390
0.8743
0.8580
0.8550
0.8560
0.8570
0.8450
0.8550
0.8520
0.8530
0.8640
0.8509
0.8630
0.8760
0.8410
0.8450
0.8480
0.8370
0.8500
0.8740
0.8630
0.8538
0.8540
0.8490
0.8610
0.8440
0.9006
0.8510
0.8680
0.8460
0.8530
0.8713
0.8470
0.8430
0.8630
0.8690
0.8596
0.8510
0.8630
0.8430
0.8700
0.8450
0.8480
0.8530
0.8460
0.8700
0.8743
0.8680
0.8740
0.8450
0.8360
0.8567
0.8670
0.8650
0.8500
0.8460
0.8450
0.8630
0.8500
0.8520
0.8510
0.8830
0.8560
0.8390
0.8630
0.8640
0.8684
0.8600
0.8640
0.8520
0.8530
0.8509
0.8520
0.8640
0.8490
0.8650
0.8480
0.8560
0.8530
0.8450
0.8640
0.8830
0.8490
0.8650
0.8660
0.8500
0.8509
0.8530
0.8560
0.8440
0.8630
0.8918
0.8550
0.8630
0.8540
0.8560
0.8567
0.8620
0.8530
0.8650
0.8450
0.8684
0.8780
0.8560
0.8330
0.8670
0.8421
0.8600
0.8610
0.8480
0.8560
0.8684
0.8570
0.8520
0.8570
0.8550
0.8860
0.8660
0.8530
0.8540
0.8650
0.8363
0.8450
0.8510
0.8770
0.8700
0.8216
0.8510
0.8680
0.8530
0.8540
0.8743
0.8380
0.8480
0.8540
0.8890
0.8626
0.8360
0.8670
0.8730
0.8490
0.8743
0.8660
0.8630
0.8520
0.8630
0.8216
0.8540
0.8720
0.8500
0.8610
0.8450
0.8480
0.8460
0.8660
0.8650
0.8801
0.8710
0.8650
0.8540
0.8550
0.8216
0.8710
0.8490
0.8570
0.8520
0.8684
0.8710
0.8620
0.8410
0.8600
0.8538
0.8590
0.8530
0.8500
0.8740
0.8480
0.8360
0.8510
0.8720
0.8700
0.8655
0.8630
0.8610
0.8530
0.8560
0.8480
0.8540
0.8710
0.8640
0.8430
0.8509
0.8520
0.8480
0.8540
0.8710
0.8713
0.8600
0.8490
0.8630
0.8620
0.8421
0.8660
0.8370
0.8660
0.8600
0.8567
0.8730
0.8570
0.8380
0.8560
0.8713
0.8530
0.8740
0.8470
0.8510
0.8684
0.8660
0.8550
0.8650
0.8560
0.8187
0.8690
0.8450
0.8570
0.8640
0.8421
0.8610
0.8590
0.8730
0.8360
0.8655
0.8720
0.8600
0.8580
0.8330
0.8860
0.8770
0.8580
0.8590
0.8370
0.8655
0.8430
0.8680
0.8530
0.8650
0.8713
0.8690
0.8380
0.8570
0.8650
0.8743
0.8670
0.8380
0.8580
0.8670
0.8713
0.8600
0.8500
0.8670
0.8600
0.8567
0.8630
0.8590
0.8600
0.8510
0.8713
0.8660
0.8660
0.8570
0.8460
0.8655
0.8640
0.8500
0.8530
0.8620
0.8830
0.8420
0.8740
0.8650
0.8520
0.8713
0.8540
0.8630
0.8570
0.8660
0.8509
0.8660
0.8630
0.8470
0.8510
0.8889
0.8630
0.8530
0.8630
0.8520
0.8772
0.8400
0.8750
0.8700
0.8520
0.8596
0.8490
0.8720
0.8490
0.8660
0.8596
0.8590
0.8580
0.8620
0.8500
0.8801
0.8610
0.8430
0.8670
0.8630
0.8626
0.8600
0.8540
0.8590
0.8620
0.8596
0.8410
0.8580
0.8610
0.8610
0.9006
0.8840
0.8510
0.8440
0.8610
0.8450
0.8680
0.8740
0.8430
0.8590
0.8304
0.8450
0.8510
0.8700
0.8790
0.8304
0.8650
0.8620
0.8520
0.8520
0.8713
0.8650
0.8630
0.8610
0.8430
0.8684
0.8380
0.8650
0.8720
0.8550
0.8743
0.8410
0.8730
0.8470
0.8730
0.8626
0.8600
0.8620
0.8540
0.8670
0.8363
0.8740
0.8420
0.8570
0.8570
0.8743
0.8610
0.8740
0.8590
0.8500
0.8304
0.8570
0.8620
0.8590
0.8610
0.8450
0.8660
0.8550
0.8680
0.8490
0.8480
0.8690
0.8490
0.8610
0.8610
0.8392
0.8350
0.8770
0.8610
0.8520
0.8860
0.8540
0.8660
0.8570
0.8560
0.8626
0.8690
0.8720
0.8460
0.8500
0.8509
0.8590
0.8510
0.8680
0.8630
0.8480
0.8440
0.8600
0.8580
0.8850
0.8304
0.8550
0.8560
0.8590
0.8680
0.8567
0.8600
0.8490
0.8760
0.8600
0.8363
0.8600
0.8570
0.8570
0.8600
0.8684
0.8430
0.8680
0.8770
0.8570
0.8392
0.8650
0.8590
0.8600
0.8550
0.8567
0.8440
0.8690
0.8690
0.8530
0.8684
0.8480
0.8610
0.8570
0.8780
0.8421
0.8640
0.8480
0.8610
0.8690
0.8509
0.8580
0.8590
0.8630
0.8630
0.8480
0.8600
0.8750
0.8660
0.8500
0.8246
0.8620
0.8490
0.8620
0.8750
0.8333
0.8540
0.8540
0.8660
0.8500
0.9035
0.8590
0.8610
0.8530
0.8620
0.8713
0.8670
0.8760
0.8630
0.8400
0.8392
0.8560
0.8690
0.8620
0.8500
0.8713
0.8510
0.8770
0.8430
0.8560
0.8977
0.8710
0.8550
0.8540
0.8710
0.8275
0.8610
0.8670
0.8560
0.8590
0.8509
0.8690
0.8650
0.8610
0.8460
0.8596
0.8620
0.8750
0.8630
0.8500
0.8304
0.8540
0.8460
0.8800
0.8580
0.8684
0.8660
0.8600
0.8620
0.8550
0.8538
0.8640
0.8460
0.8660
0.8550
0.8918
0.8380
0.8590
0.8610
0.8760
0.8860
0.8440
0.8710
0.8680
0.8690
0.8333
0.8790
0.8590
0.8520
0.8600
0.8392
0.8620
0.8650
0.8550
0.8590
0.8655
0.8660
0.8700
0.8520
0.8560
0.8567
0.8590
0.8590
0.8760
0.8460
0.8684
0.8470
0.8630
0.8660
0.8660
0.8626
0.8710
0.8570
0.8550
0.8590
0.8596
0.8640
0.8620
0.8590
0.8620
0.8450
0.8670
0.8720
0.8570
0.8460
0.8567
0.8450
0.8590
0.8570
0.8710
0.8860
0.8470
0.8700
0.8490
0.8760
0.8567
0.8670
0.8720
0.8520
0.8510
0.8567
0.8560
0.8670
0.8580
0.8580
0.8655
0.8360
0.8550
0.8660
0.8730
0.8918
0.8450
0.8750
0.8600
0.8660
0.8450
0.8690
0.8410
0.8720
0.8630
0.8480
0.8600
0.8540
0.8640
0.8550
0.8830
0.8610
0.8740
0.8440
0.8680
0.8421
0.8700
0.8570
0.8700
0.8420
0.8655
0.8630
0.8480
0.8490
0.8770
0.8713
0.8490
0.8580
0.8720
0.8620
0.8596
0.8530
0.8720
0.8750
0.8450
0.8480
0.8760
0.8360
0.8670
0.8710
0.8363
0.8630
0.8640
0.8540
0.8540
0.8801
0.8660
0.8580
0.8630
0.8650
0.8333
0.8550
0.8470
0.8830
0.8650
0.8392
0.8680
0.8590
0.8530
0.8610
0.8655
0.8570
0.8600
0.8500
0.8610
0.9035
0.8640
0.8630
0.8520
0.8590
0.8743
0.8660
0.8660
0.8520
0.8680
0.8333
0.8680
0.8530
0.8620
0.8590
0.8626
0.8500
0.8420
0.8830
0.8670
0.8626
0.8520
0.8690
0.8680
0.8570
0.8509
0.8620
0.8490
0.8510
0.8750
0.8743
0.8530
0.8600
0.8700
0.8630
0.8480
0.8580
0.8560
0.8600
0.8660
0.8626
0.8570
0.8780
0.8640
0.8410
0.8567
0.8650
0.8630
0.8550
0.8560
0.8596
0.8840
0.8620
0.8410
0.8570
0.8450
0.8490
0.8620
0.8490
0.8660
0.8977
0.8630
0.8510
0.8760
0.8480
0.8626
0.8590
0.8600
0.8590
0.8640
0.8538
0.8620
0.8640
0.8780
0.8420
0.8450
0.8690
0.8690
0.8510
0.8570
0.8480
0.8700
0.8600
0.8600
0.8530
0.8596
0.8520
0.8600
0.8610
0.8650
0.8772
0.8470
0.8720
0.8660
0.8600
0.8567
0.8730
0.8500
0.8740
0.8430
0.8713
0.8540
0.8540
0.8610
0.8840
0.8333
0.8680
0.8660
0.8740
0.8390
0.8509
0.8560
0.8600
0.8500
0.8650
0.8977
0.8370
0.8750
0.8680
0.8670
0.8509
0.8690
0.8600
0.8620
0.8540
0.8567
0.8550
0.8640
0.8590
0.8630
0.8684
0.8520
0.8570
0.8730
0.8660
0.8480
0.8650
0.8540
0.8490
0.8760
0.8596
0.8620
0.8760
0.8560
0.8590
0.8304
0.8600
0.8630
0.8700
0.8520
0.8538
0.8770
0.8670
0.8530
0.8440
0.8655
0.8680
0.8620
0.8710
0.8590
0.8129
0.8630
0.8600
0.8570
0.8550
0.8830
0.8650
0.8590
0.8660
0.8560
0.8509
0.8680
0.8620
0.8570
0.8610
0.8450
0.8580
0.8620
0.8590
0.8650
0.8596
0.8750
0.8450
0.8630
0.8590
0.8684
0.8560
0.8700
0.8480
0.8650
0.8772
0.8520
0.8580
0.8730
0.8550
0.8801
0.8660
0.8610
0.8600
0.8660
0.8363
0.8550
0.8500
0.8650
0.8730
0.8655
0.8520
0.8550
0.8750
0.8620
0.8626
0.8530
0.8670
0.8490
0.8720
0.8713
0.8640
0.8770
0.8540
0.8680
0.8070
0.8620
0.8630
0.8670
0.8530
0.8655
0.8570
0.8740
0.8650
0.8600
0.8363
0.8550
0.8580
0.8760
0.8520
0.8801
0.8530
0.8580
0.8670
0.8620
0.8830
0.8560
0.8610
0.8730
0.8550
0.8684
0.8660
0.8660
0.8620
0.8490
0.8772
0.8620
0.8600
0.8640
0.8600
0.8684
0.8650
0.8420
0.8840
0.8590
0.8567
0.8720
0.8550
0.8720
0.8580
0.8363
0.8590
0.8570
0.8600
0.8730
0.8596
0.8650
0.8760
0.8450
0.8710
0.8363
0.8500
0.8680
0.8670
0.8660
0.8567
0.8740
0.8550
0.8670
0.8490
0.8743
0.8670
0.8690
0.8620
0.8450
0.8801
0.8640
0.8630
0.8510
0.8660
0.8801
0.8570
0.8770
0.8570
0.8620
0.8538
0.8740
0.8750
0.8620
0.8330
0.8801
0.8790
0.8470
0.8590
0.8720
0.8421
0.8500
0.8760
0.8520
0.8660
0.8801
0.8650
0.8570
0.8710
0.8640
0.8450
0.8620
0.8660
0.8590
0.8600
0.8743
0.8530
0.8630
0.8700
0.8580
0.8830
0.8700
0.8720
0.8490
0.8640
0.8538
0.8610
0.8710
0.8640
0.8570
0.8596
0.8810
0.8620
0.8500
0.8600
0.8538
0.8780
0.8500
0.8630
0.8620
0.8509
0.8550
0.8620
0.8670
0.8620
0.8713
0.8460
0.8730
0.8550
0.8630
0.8977
0.8580
0.8650
0.8700
0.8560
0.8626
0.8610
0.8610
0.8640
0.8610
0.8684
0.8620
0.8560
0.8530
0.8760
0.8684
0.8570
0.8540
0.8960
0.8480
0.8480
0.8830
0.8530
0.8700
0.8430
0.8655
0.8630
0.8470
0.8620
0.8770
0.8655
0.8520
0.8700
0.8700
0.8570
0.8684
0.8710
0.8560
0.8530
0.8630
0.8860
0.8760
0.8600
0.8640
0.8660
0.8187
0.8760
0.8580
0.8560
0.8710
0.8333
0.8640
0.8780
0.8530
0.8640
0.8421
0.8590
0.8680
0.8580
0.8590
0.8889
0.8740
0.8460
0.8710
0.8630
0.8596
0.8580
0.8640
0.8660
0.8710
0.8450
0.8760
0.8590
0.8700
0.8550
0.8421
0.8700
0.8670
0.8520
0.8640
0.8626
0.8750
0.8640
0.8670
0.8430
0.8743
0.8810
0.8580
0.8590
0.8620
0.8421
0.8700
0.8610
0.8700
0.8520
0.8626
0.8590
0.8600
0.8670
0.8630
0.8743
0.8540
0.8780
0.8690
0.8530
0.8596
0.8580
0.8630
0.8700
0.8760
0.8216
0.8580
0.8780
0.8560
0.8580
0.8713
0.8610
0.8730
0.8660
0.8500
0.8743
0.8440
0.8620
0.8670
0.8750
0.8801
0.8600
0.8620
0.8670
0.8620
0.8713
0.8630
0.8560
0.8730
0.8570
0.8772
0.8690
0.8670
0.8520
0.8660
0.8626
0.8670
0.8630
0.8720
0.8640
0.8275
0.8570
0.8680
0.8740
0.8540
0.8655
0.8670
0.8500
0.8750
0.8580
0.8743
0.8700
0.8670
0.8560
0.8680
0.8392
0.8550
0.8620
0.8840
0.8550
0.8538
0.8470
0.8770
0.8750
0.8520
0.8684
0.8610
0.8670
0.8580
0.8680
0.8596
0.8720
0.8620
0.8670
0.8610
0.8363
0.8650
0.8670
0.8620
0.8600
0.8596
0.8520
0.8650
0.8700
0.8680
0.8596
0.8560
0.8700
0.8660
0.8580
0.8743
0.8590
0.8520
0.8630
0.8720
0.8860
0.8350
0.8660
0.8750
0.8750
0.8713
0.8540
0.8600
0.8740
0.8670
0.8596
0.8610
0.8570
0.8620
0.8640
0.8918
0.8830
0.8490
0.8700
0.8500
0.8684
0.8790
0.8510
0.8560
0.8650
0.8772
0.8600
0.8810
0.8540
0.8610
0.8626
0.8470
0.8710
0.8630
0.8760
0.8596
0.8630
0.8660
0.8760
0.8530
0.8567
0.8620
0.8750
0.8450
0.8760
0.8567
0.8620
0.8690
0.8660
0.8540
0.8801
0.8710
0.8670
0.8640
0.8530
0.8684
0.8840
0.8510
0.8650
0.8520
0.8772
0.8490
0.8740
0.8600
0.8670
0.8830
0.8670
0.8680
0.8580
0.8690
0.8480
0.8760
0.8640
0.8780
0.8450
0.8450
0.8590
0.8450
0.8640
0.8860
0.8713
0.8680
0.8760
0.8610
0.8580
0.8450
0.8550
0.8590
0.8580
0.8780
0.8830
0.8660
0.8650
0.8710
0.8570
0.8567
0.8730
0.8520
0.8840
0.8530
0.8480
0.8680
0.8600
0.8520
0.8680
0.8889
0.8590
0.8680
0.8590
0.8630
0.8860
0.8670
0.8700
0.8550
0.8650
0.8626
0.8550
0.8800
0.8570
0.8660
0.8596
0.8630
0.8750
0.8400
0.8770
0.8713
0.8750
0.8680
0.8750
0.8530
0.8246
0.8830
0.8670
0.8410
0.8640
0.8713
0.8650
0.8620
0.8790
0.8580
0.8450
0.8610
0.8680
0.8590
0.8770
0.8421
0.8690
0.8620
0.8560
0.8720
0.8655
0.8620
0.8550
0.8640
0.8650
0.9006
0.8660
0.8820
0.8680
0.8490
0.8450
0.8640
0.8810
0.8610
0.8580
0.8480
0.8530
0.8760
0.8690
0.8560
0.8772
0.8730
0.8550
0.8590
0.8660
0.8801
0.8850
0.8570
0.8640
0.8550
0.8567
0.8620
0.8630
0.8790
0.8720
0.8158
0.8580
0.8830
0.8660
0.8600
0.8421
0.8670
0.8650
0.8700
0.8610
0.8509
0.8730
0.8540
0.8700
0.8620
0.8596
0.8710
0.8720
0.8670
0.8560
0.8392
0.8660
0.8470
0.8770
0.8650
0.8713
0.8740
0.8540
0.8670
0.8610
0.8684
0.8540
0.8640
0.8690
0.8630
0.8860
0.8540
0.8720
0.8650
0.8530
0.9064
0.8680
0.8710
0.8640
0.8640
0.8363
0.8600
0.8690
0.8590
0.8750
0.8480
0.8560
0.8710
0.8500
0.8670
0.9035
0.8710
0.8600
0.8470
0.8810
0.8596
0.8690
0.8720
0.8540
0.8590
0.8743
0.8530
0.8620
0.8610
0.8780
0.8743
0.8680
0.8600
0.8690
0.8570
0.8772
0.8700
0.8500
0.8650
0.8650
0.8889
0.8720
0.8540
0.8680
0.8770
0.8304
0.8420
0.8740
0.8820
0.8660
0.8509
0.8640
0.8840
0.8520
0.8600
0.8626
0.8670
0.8550
0.8630
0.8660
0.8860
0.8710
0.8500
0.8520
0.8770
0.8947
0.8650
0.8680
0.8720
0.8540
0.8684
0.8470
0.8710
0.8680
0.8840
0.8392
0.8650
0.8530
0.8610
0.8780
0.8830
0.8740
0.8550
0.8730
0.8600
0.8684
0.8740
0.8640
0.8650
0.8570
0.8743
0.8690
0.8660
0.8590
0.8710
0.8596
0.8570
0.8680
0.8720
0.8700
0.8538
0.8450
0.8710
0.8740
0.8780
0.8480
0.8660
0.8480
0.8700
0.8730
0.8801
0.8630
0.8740
0.8580
0.8680
0.8655
0.8620
0.8630
0.8710
0.8670
0.8655
0.8770
0.8610
0.8670
0.8580
0.8626
0.8710
0.8550
0.8770
0.8550
0.8772
0.8520
0.8770
0.8650
0.8610
0.8830
0.8720
0.8720
0.8610
0.8500
0.8860
0.8730
0.8710
0.8690
0.8560
0.8450
0.8800
0.8600
0.8720
0.8540
0.8538
0.8600
0.8690
0.8470
0.8820
0.8801
0.8530
0.8720
0.8610
0.8740
0.8743
0.8690
0.8580
0.8790
0.8670
0.8304
0.8680
0.8610
0.8780
0.8590
0.8509
0.8550
0.8670
0.8660
0.8650
0.8889
0.8830
0.8630
0.8580
0.8530
0.8772
0.8660
0.8570
0.8730
0.8760
0.8333
0.8610
0.8750
0.8540
0.8760
0.8509
0.8800
0.8620
0.8630
0.8660
0.8363
0.8670
0.8720
0.8550
0.8620
0.8801
0.8560
0.8690
0.8680
0.8660
0.8713
0.8730
0.8780
0.8550
0.8640
0.8392
0.8620
0.8660
0.8670
0.8680
0.8596
0.8640
0.8640
0.8740
0.8530
0.8830
0.8630
0.8600
0.8830
0.8650
0.8363
0.8530
0.8440
0.8730
0.8880
0.8743
0.8720
0.8560
0.8630
0.8690
0.8655
0.8790
0.8630
0.8530
0.8630
0.8713
0.8640
0.8450
0.8680
0.8770
0.8830
0.8690
0.8560
0.8810
0.8580
0.8509
0.8650
0.8670
0.8650
0.8590
0.8743
0.8670
0.8650
0.8640
0.8610
0.8713
0.8640
0.8570
0.8780
0.8630
0.8596
0.8700
0.8350
0.8810
0.8810
0.8450
0.8760
0.8710
0.8500
0.8670
0.8567
0.8710
0.8580
0.8640
0.8640
0.8772
0.8580
0.8690
0.8620
0.8690
0.8772
0.8620
0.8700
0.8620
0.8620
0.8830
0.8620
0.8650
0.8780
0.8620
0.8509
0.8610
0.8760
0.8560
0.8610
0.8889
0.8770
0.8610
0.8710
0.8530
0.8684
0.8770
0.8590
0.8590
0.8640
0.8772
0.8570
0.8540
0.8630
0.8820
0.8889
0.8800
0.8740
0.8660
0.8500
0.8480
0.8640
0.8780
0.8660
0.8650
0.8392
0.8640
0.8620
0.8800
0.8570
0.8684
0.8700
0.8750
0.8540
0.8670
0.8596
0.8760
0.8580
0.8760
0.8680
0.8275
0.8430
0.8760
0.8750
0.8660
0.8801
