0.1050
0.1050
0.1080
0.1060
0.0930
0.1228
0.1050
0.1060
0.1130
0.1270
0.1190
0.1404
0.1200
0.1420
0.1290
0.1280
0.1340
0.0877
0.1510
0.1430
0.1580
0.1400
0.1600
0.1930
0.1660
0.1800
0.1890
0.2120
0.1990
0.2281
0.2270
0.2390
0.2170
0.2340
0.2360
0.2456
0.2700
0.2750
0.2680
0.2800
0.2700
0.2807
0.2950
0.3190
0.3000
0.3260
0.3160
0.3509
0.3260
0.3270
0.3390
0.3570
0.3640
0.3596
0.3500
0.3760
0.3720
0.3610
0.3810
0.4123
0.3730
0.3880
0.4070
0.3900
0.3840
0.3772
0.4220
0.4130
0.3660
0.4050
0.4310
0.4035
0.4210
0.4280
0.4280
0.4230
0.4280
0.4825
0.4330
0.4430
0.4570
0.4580
0.4610
0.4474
0.4930
0.4540
0.4670
0.4530
0.4810
0.4825
0.4990
0.4830
0.4860
0.4900
0.4910
0.4649
0.5040
0.5110
0.4840
0.5240
0.5250
0.5351
0.5540
0.5140
0.5470
0.5240
0.5290
0.4912
0.5530
0.5570
0.5470
0.5450
0.5610
0.6316
0.5290
0.5600
0.5780
0.5960
0.6040
0.6316
0.5950
0.5960
0.6090
0.5860
0.5880
0.5789
0.6190
0.6140
0.6010
0.6160
0.6110
0.6140
0.6100
0.6240
0.6210
0.6240
0.6240
0.6667
0.6360
0.6330
0.6210
0.6440
0.6000
0.6754
0.6560
0.6090
0.6380
0.6360
0.6230
0.6140
0.6440
0.6420
0.6420
0.6190
0.6260
0.5965
0.6320
0.6540
0.6100
0.6230
0.6430
0.6667
0.6330
0.6350
0.6330
0.6390
0.6420
0.5614
0.6100
0.6410
0.6340
0.6170
0.6550
0.7193
0.6300
0.6220
0.6380
0.6280
0.6470
0.6667
0.5990
0.6430
0.6320
0.6490
0.6500
0.6404
0.6430
0.6220
0.6350
0.6480
0.6360
0.6491
0.6290
0.6260
0.6500
0.6340
0.6500
0.7281
0.6520
0.6340
0.6450
0.6480
0.6430
0.5789
0.6540
0.6320
0.6410
0.6440
0.6450
0.6579
0.6630
0.6280
0.6320
0.6520
0.6580
0.6228
0.6270
0.6640
0.6720
0.6500
0.6340
0.6140
0.6370
0.6570
0.6420
0.6560
0.6700
0.6930
0.6580
0.6390
0.6720
0.6560
0.6670
0.6754
0.6650
0.6640
0.6910
0.6460
0.6440
0.6930
0.6690
0.6680
0.6580
0.6610
0.6870
0.6842
0.6830
0.6840
0.6890
0.6500
0.6640
0.7193
0.6580
0.7040
0.6690
0.6820
0.6950
0.7018
0.6880
0.6900
0.6880
0.6850
0.6790
0.7807
0.6910
0.7060
0.6750
0.6850
0.7170
0.7193
0.6880
0.6990
0.7120
0.7110
0.7040
0.7456
0.7070
0.7290
0.7140
0.7020
0.7160
0.8158
0.7220
0.7210
0.7210
0.7150
0.7520
0.6842
0.7330
0.7360
0.7120
0.7270
0.7510
0.8070
0.7410
0.7100
0.7600
0.7570
0.7530
0.6667
0.7470
0.7430
0.7660
0.7390
0.7500
0.8070
0.7620
0.7870
0.7290
0.7560
0.7460
0.7807
0.7480
0.7610
0.7770
0.7880
0.7440
0.7807
0.7910
0.7650
0.7730
0.7550
0.7740
0.7895
0.7770
0.7630
0.7620
0.7960
0.7910
0.8246
0.7860
0.7670
0.7850
0.8090
0.7700
0.8421
0.7860
0.8140
0.7900
0.7920
0.7580
0.8070
0.7950
0.7820
0.7950
0.8100
0.7940
0.7982
0.8050
0.8060
0.7860
0.8140
0.7890
0.7982
0.8270
0.7970
0.7870
0.8040
0.8010
0.7895
0.8020
0.8090
0.7970
0.8140
0.8070
0.8158
0.8060
0.8160
0.8000
0.8040
0.8150
0.8333
0.8110
0.8120
0.8240
0.8000
0.8170
0.7895
0.8170
0.8030
0.8120
0.8220
0.8200
0.8070
0.8120
0.8070
0.8180
0.8310
0.8090
0.8596
0.8120
0.8260
0.8210
0.8100
0.8160
0.8596
0.8300
0.8100
0.8380
0.8080
0.8190
0.7807
0.8080
0.8180
0.8450
0.8370
0.8030
0.8158
0.8090
0.8430
0.8290
0.8200
0.8160
0.8333
0.8170
0.8360
0.8360
0.8310
0.8160
0.7544
0.8330
0.8280
0.8230
0.8240
0.8260
0.8158
0.8140
0.8160
0.8480
0.8250
0.8300
0.8421
0.8070
0.8240
0.8290
0.8410
0.8340
0.8509
0.8190
0.8430
0.8230
0.8260
0.8210
0.8684
0.8410
0.8340
0.8400
0.8150
0.8100
0.8421
0.8430
0.8280
0.8250
0.8320
0.8120
0.8772
0.8380
0.8310
0.8190
0.8430
0.8160
0.8772
0.8250
0.8210
0.8230
0.8330
0.8470
0.8860
0.8460
0.8500
0.8160
0.8300
0.8160
0.8509
0.8350
0.8280
0.8220
0.8390
0.8440
0.7807
0.8380
0.8240
0.8380
0.8260
0.8390
0.8421
0.8410
0.8130
0.8450
0.8330
0.8360
0.8421
0.8420
0.8530
0.8050
0.8380
0.8370
0.8158
0.8360
0.8420
0.8410
0.8280
0.8270
0.8158
0.8350
0.8270
0.8430
0.8370
0.8330
0.8772
0.8320
0.8380
0.8400
0.8480
0.8270
0.8421
0.8450
0.8380
0.8360
0.8350
0.8440
0.7544
0.8380
0.8300
0.8610
0.8350
0.8350
0.7632
0.8500
0.8430
0.8260
0.8300
0.8460
0.8246
0.8550
0.8530
0.8180
0.8400
0.8300
0.8509
0.8570
0.8280
0.8350
0.8400
0.8360
0.8684
0.8590
0.8440
0.8350
0.8450
0.8190
0.8333
0.8410
0.8400
0.8430
0.8450
0.8400
0.8158
0.8500
0.8160
0.8520
0.8380
0.8470
0.8860
0.8390
0.8470
0.8360
0.8450
0.8440
0.8246
0.8490
0.8410
0.8380
0.8540
0.8230
0.8947
0.8670
0.8250
0.8390
0.8530
0.8310
0.8246
0.8370
0.8270
0.8460
0.8520
0.8450
0.9211
0.8320
0.8290
0.8690
0.8600
0.8240
0.8772
0.8460
0.8330
0.8500
0.8420
0.8460
0.8860
0.8460
0.8410
0.8360
0.8510
0.8490
0.8596
0.8470
0.8380
0.8510
0.8470
0.8460
0.8333
0.8470
0.8370
0.8730
0.8350
0.8310
0.9123
0.8400
0.8320
0.8430
0.8550
0.8640
0.8684
0.8530
0.8420
0.8430
0.8530
0.8440
0.8860
0.8610
0.8490
0.8450
0.8510
0.8350
0.8421
0.8560
0.8330
0.8690
0.8290
0.8550
0.8509
0.8530
0.8580
0.8630
0.8500
0.8270
0.7807
0.8270
0.8440
0.8610
0.8540
0.8590
0.8684
0.8540
0.8570
0.8480
0.8460
0.8430
0.8684
0.8490
0.8540
0.8460
0.8480
0.8510
0.8772
0.8530
0.8560
0.8380
0.8640
0.8480
0.8070
0.8610
0.8610
0.8420
0.8440
0.8460
0.8421
0.8640
0.8580
0.8460
0.8470
0.8410
0.8246
0.8610
0.8340
0.8470
0.8530
0.8560
0.8947
0.8530
0.8560
0.8440
0.8530
0.8550
0.8158
0.8690
0.8440
0.8310
0.8550
0.8570
0.8509
0.8510
0.8500
0.8620
0.8460
0.8520
0.8158
0.8470
0.8480
0.8600
0.8410
0.8640
0.8333
0.8560
0.8550
0.8460
0.8530
0.8520
0.8158
0.8470
0.8460
0.8580
0.8660
0.8440
0.8070
0.8430
0.8470
0.8560
0.8480
0.8650
0.8509
0.8800
0.8450
0.8550
0.8540
0.8310
0.8158
0.8580
0.8430
0.8610
0.8400
0.8600
0.8509
0.8530
0.8640
0.8600
0.8440
0.8410
0.8684
0.8440
0.8510
0.8730
0.8410
0.8640
0.7982
0.8580
0.8460
0.8340
0.8730
0.8550
0.9035
0.8610
0.8560
0.8540
0.8550
0.8480
0.8333
0.8580
0.8530
0.8460
0.8550
0.8660
0.8246
0.8610
0.8470
0.8600
0.8480
0.8610
0.8509
0.8650
0.8500
0.8410
0.8550
0.8660
0.8333
0.8570
0.8600
0.8510
0.8620
0.8510
0.8246
0.8530
0.8480
0.8540
0.8490
0.8660
0.9298
0.8420
0.8430
0.8630
0.8600
0.8650
0.9211
0.8530
0.8630
0.8480
0.8630
0.8610
0.7982
0.8510
0.8760
0.8510
0.8590
0.8470
0.8333
0.8690
0.8510
0.8370
0.8660
0.8590
0.8596
0.8320
0.8340
0.8690
0.8760
0.8730
0.8421
0.8790
0.8490
0.8570
0.8480
0.8540
0.8333
0.8580
0.8550
0.8510
0.8610
0.8650
0.8246
0.8430
0.8570
0.8610
0.8660
0.8570
0.8772
0.8640
0.8670
0.8470
0.8440
0.8670
0.8596
0.8710
0.8520
0.8710
0.8570
0.8430
0.8509
0.8520
0.8650
0.8420
0.8620
0.8700
0.8947
0.8650
0.8510
0.8550
0.8750
0.8580
0.7895
0.8750
0.8490
0.8560
0.8690
0.8560
0.7895
0.8650
0.8630
0.8630
0.8610
0.8460
0.8596
0.8490
0.8710
0.8610
0.8580
0.8520
0.9298
0.8580
0.8670
0.8490
0.8770
0.8520
0.8421
0.8510
0.8570
0.8630
0.8720
0.8540
0.8947
0.8530
0.8640
0.8560
0.8580
0.8660
0.8860
0.8700
0.8450
0.8700
0.8720
0.8390
0.8947
0.8690
0.8470
0.8870
0.8510
0.8570
0.7632
0.8680
0.8590
0.8470
0.8540
0.8730
0.8596
0.8460
0.8620
0.8600
0.8640
0.8710
0.8509
0.8560
0.8320
0.8800
0.8610
0.8730
0.8684
0.8630
0.8630
0.8610
0.8530
0.8670
0.8333
0.8520
0.8410
0.8610
0.8750
0.8780
0.8596
0.8600
0.8700
0.8630
0.8710
0.8470
0.8421
0.8460
0.8640
0.8720
0.8610
0.8650
0.8947
0.8470
0.8600
0.8630
0.8850
0.8580
0.8596
0.8790
0.8450
0.8590
0.8570
0.8590
0.9737
0.8700
0.8750
0.8510
0.8600
0.8560
0.8684
0.8420
0.8630
0.8690
0.8650
0.8710
0.8860
0.8510
0.8770
0.8730
0.8590
0.8570
0.8333
0.8560
0.8510
0.8750
0.8770
0.8600
0.8158
0.8490
0.8760
0.8540
0.8740
0.8640
0.8421
0.8640
0.8650
0.8610
0.8630
0.8650
0.8421
0.8700
0.8610
0.8520
0.8640
0.8770
0.8158
0.8610
0.8640
0.8730
0.8800
0.8470
0.7982
0.8720
0.8690
0.8620
0.8520
0.8630
0.8509
0.8640
0.8460
0.8560
0.8790
0.8800
0.7807
0.8830
0.8610
0.8560
0.8670
0.8560
0.8333
0.8530
0.8630
0.8580
0.8680
0.8730
0.9035
0.8770
0.8680
0.8600
0.8440
0.8630
0.9211
0.8450
0.8570
0.8710
0.8700
0.8780
0.8333
0.8690
0.8700
0.8620
0.8650
0.8500
0.8772
0.8680
0.8500
0.8730
0.8390
0.8910
0.8333
0.8810
0.8510
0.8600
0.8670
0.8640
0.8246
0.8640
0.8700
0.8650
0.8590
0.8560
0.9035
0.8670
0.8690
0.8620
0.8560
0.8660
0.8421
0.8510
0.8650
0.8630
0.8710
0.8670
0.8860
0.8700
0.8650
0.8750
0.8530
0.8580
0.8509
0.8750
0.8480
0.8690
0.8530
0.8700
0.9035
0.8750
0.8570
0.8560
0.8670
0.8640
0.8772
0.8630
0.8660
0.8690
0.8720
0.8550
0.8246
0.8610
0.8810
0.8600
0.8670
0.8490
0.8772
0.8660
0.8770
0.8640
0.8570
0.8550
0.8772
0.8440
0.8700
0.8620
0.8770
0.8690
0.8421
0.8670
0.8750
0.8540
0.8600
0.8650
0.8596
0.8580
0.8400
0.8710
0.8710
0.8780
0.9035
0.8560
0.8710
0.8710
0.8670
0.8600
0.8509
0.8680
0.8680
0.8720
0.8640
0.8530
0.8509
0.8710
0.8700
0.8600
0.8650
0.8630
0.8246
0.8700
0.8760
0.8620
0.8600
0.8630
0.8158
0.8790
0.8820
0.8640
0.8530
0.8470
0.8772
0.8590
0.8620
0.8780
0.8530
0.8710
0.9123
0.8670
0.8780
0.8720
0.8630
0.8540
0.8421
0.8670
0.8730
0.8610
0.8620
0.8670
0.8947
0.8650
0.8770
0.8730
0.8590
0.8590
0.8772
0.8620
0.8580
0.8530
0.8940
0.8640
0.9123
0.8630
0.8620
0.8740
0.8620
0.8810
0.8246
0.8830
0.8550
0.8690
0.8600
0.8700
0.8684
0.8480
0.8790
0.8650
0.8810
0.8640
0.8684
0.8610
0.8550
0.8790
0.8680
0.8760
0.8509
0.8600
0.8640
0.8620
0.8690
0.8820
0.8684
0.8660
0.8810
0.8470
0.8710
0.8780
0.8070
0.8730
0.8610
0.8530
0.8680
0.8890
0.7982
0.8640
0.8620
0.8720
0.8780
0.8660
0.8246
0.8560
0.8690
0.8730
0.8660
0.8680
0.9123
0.8670
0.8760
0.8660
0.8750
0.8530
0.8772
0.8880
0.8580
0.8900
0.8430
0.8560
0.8947
0.8560
0.8630
0.8700
0.8660
0.8880
0.8333
0.8690
0.8670
0.8730
0.8690
0.8600
0.8860
0.8750
0.8730
0.8860
0.8490
0.8570
0.8596
0.8780
0.8790
0.8560
0.8780
0.8480
0.8684
0.8730
0.8610
0.8680
0.8690
0.8710
0.8509
0.8780
0.8510
0.8790
0.8720
0.8580
0.8860
0.8650
0.8610
0.8580
0.8850
0.8720
0.8772
0.8630
0.8700
0.8810
0.8580
0.8670
0.8947
0.8500
0.8710
0.8810
0.8770
0.8650
0.8421
0.8570
0.8680
0.8790
0.8710
0.8670
0.8596
0.8870
0.8740
0.8440
0.8740
0.8660
0.8421
0.8680
0.8770
0.8620
0.8730
0.8610
0.8772
0.8670
0.8730
0.8720
0.8620
0.8660
0.8947
0.8810
0.8770
0.8520
0.8720
0.8650
0.8421
0.8570
0.8820
0.8770
0.8630
0.8630
0.8947
0.8700
0.8600
0.8660
0.8830
0.8690
0.8509
0.8550
0.8820
0.8570
0.8610
0.8870
0.9035
0.8730
0.8630
0.8570
0.8720
0.8780
0.8947
0.8790
0.8630
0.8730
0.8670
0.8710
0.8246
0.8640
0.8620
0.8640
0.8700
0.8900
0.8509
0.8670
0.8660
0.8730
0.8740
0.8680
0.8772
0.8620
0.8950
0.8620
0.8770
0.8560
0.8421
0.8810
0.8540
0.8640
0.8630
0.8840
0.8860
0.8590
0.8640
0.8710
0.8850
0.8700
0.8684
0.8660
0.8830
0.8820
0.8610
0.8540
0.8860
0.8640
0.8640
0.8870
0.8700
0.8670
0.8421
0.8740
0.8640
0.8740
0.8710
0.8680
0.8684
0.8810
0.8670
0.8640
0.8680
0.8700
0.8772
0.8720
0.8690
0.8720
0.8620
0.8710
0.9035
0.8780
0.8560
0.8560
0.8730
0.8850
0.8860
0.8660
0.8710
0.8590
0.8820
0.8720
0.8947
0.8690
0.8850
0.8660
0.8720
0.8610
0.8684
0.8650
0.8710
0.8670
0.8670
0.8820
0.8860
0.8570
0.8760
0.8770
0.8520
0.8900
0.8772
0.8640
0.8580
0.8720
0.8700
0.8840
0.9123
0.8730
0.8720
0.8510
0.8730
0.8870
0.8421
0.8760
0.8790
0.8640
0.8730
0.8650
0.8421
0.8880
0.8690
0.8680
0.8690
0.8650
0.8333
0.8740
0.8830
0.8670
0.8660
0.8630
0.9035
0.8690
0.8670
0.8720
0.8790
0.8700
0.8684
0.8730
0.8540
0.8710
0.8760
0.8810
0.8860
0.8650
0.8730
0.8630
0.8680
0.8850
0.9123
0.8730
0.8720
0.8800
0.8650
0.8690
0.8684
0.8690
0.8780
0.8770
0.8750
0.8590
0.8684
0.8760
0.8800
0.8590
0.8700
0.8690
0.9123
0.8670
0.8720
0.8770
0.8700
0.8790
0.8421
0.8790
0.8640
0.8720
0.8620
0.8840
0.8772
0.8660
0.8590
0.8860
0.8810
0.8680
0.9035
0.8760
0.8610
0.8740
0.8810
0.8700
0.8860
0.8720
0.8670
0.8680
0.8840
0.8720
0.8860
0.8840
0.8720
0.8820
0.8570
0.8660
0.9211
0.8930
0.8660
0.8710
0.8800
0.8530
0.9035
0.8720
0.8620
0.8750
0.8830
0.8700
0.9123
0.8640
0.8790
0.8620
0.8870
0.8710
0.9035
0.8740
0.8670
0.8710
0.8790
0.8760
0.8684
0.8750
0.8720
0.8710
0.8900
0.8560
0.9123
0.8810
0.8790
0.8820
0.8640
0.8610
0.8860
0.8680
0.8720
0.8750
0.8790
0.8700
0.9035
0.8850
0.8650
0.8810
0.8670
0.8730
0.8596
0.8820
0.8750
0.8580
0.8770
0.8760
0.8860
0.8710
0.8750
0.8730
0.8910
0.8620
0.8596
0.8600
0.8780
0.8860
0.8650
0.8800
0.8860
0.8820
0.8710
0.8640
0.8730
0.8800
0.8860
0.8690
0.8830
0.8780
0.8540
0.8910
0.8421
0.8730
0.8720
0.8990
0.8500
0.8780
0.8684
0.8890
0.8670
0.8710
0.8710
0.8710
0.8947
0.8750
0.8660
0.8790
0.8740
0.8780
0.8684
0.8710
0.8780
0.8780
0.8630
0.8800
0.8947
0.8660
0.8810
0.8780
0.8780
0.8690
0.8772
0.8920
0.8630
0.8730
0.8720
0.8760
0.8509
0.8670
0.8640
0.8790
0.8630
0.9010
0.8860
0.8680
0.8800
0.8790
0.8760
0.8690
0.9035
0.8800
0.8980
0.8670
0.8680
0.8620
0.8860
0.8780
0.8730
0.8870
0.8750
0.8620
0.8684
0.8790
0.8770
0.8780
0.8850
0.8580
0.8596
0.8790
0.8820
0.8600
0.8830
0.8710
0.8772
0.8740
0.8770
0.8800
0.8820
0.8670
0.8421
0.8740
0.8800
0.8940
0.8670
0.8600
0.8947
0.8860
0.8790
0.8600
0.8740
0.8740
0.9211
0.8880
0.8560
0.8700
0.8820
0.8810
0.8947
0.8620
0.8840
0.8860
0.8660
0.8830
0.8509
0.8850
0.8730
0.8930
0.8630
0.8600
0.9123
0.8810
0.8680
0.8590
0.9050
0.8660
0.8860
0.8860
0.8680
0.8550
0.8830
0.8900
0.8684
0.8680
0.8720
0.8870
0.8920
0.8680
0.8246
0.8690
0.8760
0.8800
0.8890
0.8730
0.8421
0.8710
0.8640
0.8870
0.8780
0.8850
0.8596
0.8780
0.8650
0.8860
0.8680
0.8850
0.8860
0.8720
0.8720
0.8630
0.8910
0.8900
0.8421
0.8620
0.8770
0.8660
0.8870
0.8920
0.8772
0.8980
0.8740
0.8650
0.8710
0.8790
0.8596
0.8880
0.8680
0.8780
0.8770
0.8740
0.8860
0.8800
0.9000
0.8760
0.8650
0.8680
0.8509
0.8800
0.8810
0.8680
0.8900
0.8670
0.8860
0.8960
0.8710
0.8660
0.8800
0.8760
0.8596
0.8900
0.8770
0.8670
0.8750
0.8780
0.8772
0.8710
0.8790
0.8850
0.8780
0.8740
0.8772
0.8820
0.8790
0.8720
0.8880
0.8650
0.8860
0.8780
0.8810
0.8870
0.8670
0.8720
0.8947
0.8930
0.8500
0.9030
0.8840
0.8580
0.8860
0.8530
0.8570
0.8920
0.8920
0.8880
0.9386
0.8840
0.8640
0.8760
0.8730
0.8920
0.8772
0.8770
0.8710
0.8850
0.8790
0.8760
0.8947
0.8670
0.8860
0.8820
0.8770
0.8760
0.8947
0.8670
0.8820
0.8740
0.8790
0.8880
0.8860
0.8770
0.8950
0.8740
0.8790
0.8700
0.8421
0.8650
0.8660
0.8800
0.8850
0.8930
0.8772
0.8760
0.8800
0.8780
0.8780
0.8810
0.8421
0.8790
0.8790
0.8620
0.8720
0.8920
0.9211
0.8700
0.8670
0.8890
0.8880
0.8810
0.8246
0.8850
0.8720
0.8730
0.8940
0.8620
0.9123
0.8750
0.8580
0.8880
0.8840
0.8880
0.8421
0.8810
0.8750
0.8610
0.8780
0.8900
0.9035
0.8770
0.8770
0.8840
0.8770
0.8740
0.8860
0.8830
0.8720
0.8770
0.8830
0.8730
0.9035
0.8740
0.8740
0.8810
0.8810
0.8850
0.8421
0.8960
0.8840
0.8640
0.8710
0.8730
0.9211
0.8740
0.8900
0.8860
0.8850
0.8650
0.8158
0.8760
0.8630
0.8820
0.8960
0.8730
0.9035
0.8800
0.8640
0.8760
0.8910
0.8810
0.8947
0.8780
0.8840
0.8750
0.8840
0.8800
0.8333
0.8880
0.8700
0.8740
0.8820
0.8820
0.8860
0.8650
0.8800
0.8890
0.8880
0.8780
0.8509
0.8690
0.8640
0.9020
0.8840
0.8810
0.8509
0.8870
0.8850
0.8820
0.8730
0.8750
0.8333
0.8790
0.8720
0.8930
0.8750
0.8840
0.8333
0.9020
0.8680
0.8780
0.8800
0.8750
0.8333
0.8850
0.8830
0.8930
0.8780
0.8590
0.8772
0.8690
0.8900
0.8740
0.8800
0.8830
0.8947
0.8880
0.8860
0.8900
0.8740
0.8670
0.8246
0.8800
0.8870
0.8790
0.8650
0.8880
0.8772
0.8760
0.8750
0.8660
0.8930
0.8820
0.9561
0.8700
0.8780
0.8870
0.8970
0.8680
0.8860
0.8810
0.8730
0.8670
0.8890
0.8900
0.8860
0.8660
0.8760
0.8810
0.8810
0.8930
0.9123
0.8730
0.8860
0.8900
0.8800
0.8720
0.8684
0.8850
0.8780
0.8710
0.8830
0.8830
0.8684
0.8860
0.8820
0.8630
0.9050
0.8700
0.8246
0.8690
0.8930
0.8680
0.8910
0.8810
0.8684
0.8730
0.8790
0.8730
0.8790
0.8940
0.9035
0.8790
0.8870
0.8690
0.8810
0.8840
0.8860
0.8760
0.8850
0.8840
0.8710
0.8860
0.8684
0.8810
0.8960
0.8790
0.8720
0.8760
0.8596
0.8710
0.8890
0.8760
0.8990
0.8690
0.8596
0.8880
0.8850
0.8830
0.8540
0.8890
0.9123
0.8820
0.8750
0.8990
0.8700
0.8790
0.8596
0.8860
0.8740
0.8650
0.8990
0.8800
0.8684
0.8830
0.8950
0.8700
0.8840
0.8710
0.8684
0.8860
0.8860
0.8880
0.8660
0.8760
0.8772
0.8740
0.8960
0.8710
0.8760
0.8810
0.9211
0.8710
0.8970
0.8660
0.8810
0.8880
0.8772
0.8760
0.8800
0.8740
0.8910
0.8820
0.8772
0.8730
0.8620
0.8930
0.8870
0.8930
0.8509
0.8660
0.8900
0.8910
0.8880
0.8700
0.8772
0.8710
0.8950
0.8760
0.8920
0.8680
0.9035
0.8790
0.8910
0.8680
0.8770
0.8920
0.8596
0.8620
0.8760
0.8830
0.8850
0.8990
0.8772
0.8800
0.8860
0.8890
0.8780
0.8640
0.9386
0.8730
0.8830
0.8870
0.8760
0.8910
0.8246
0.8800
0.8740
0.8750
0.8830
0.8960
0.8596
0.8840
0.8680
0.8900
0.8700
0.8960
0.8772
0.8920
0.8810
0.8780
0.8930
0.8690
0.8421
0.8810
0.8880
0.8730
0.8870
0.8780
0.8947
0.8910
0.8990
0.8760
0.8760
0.8710
0.8421
0.8780
0.8720
0.9000
0.8740
0.8850
0.8684
0.8710
0.8770
0.8770
0.8960
0.8860
0.8860
0.8890
0.8810
0.8810
0.8720
0.8790
0.9386
0.8830
0.8780
0.8930
0.8610
0.8910
0.9035
0.8740
0.8910
0.8850
0.8760
0.8870
0.8509
0.8910
0.8830
0.8650
0.8850
0.8840
0.9035
0.8690
0.8960
0.8820
0.8700
0.8940
0.8772
0.8900
0.8870
0.8730
0.8810
0.8820
0.8596
0.8700
0.8860
0.8950
0.8870
0.8710
0.8947
0.8800
0.8820
0.8940
0.8640
0.8850
0.9386
0.8940
0.8930
0.8670
0.8700
0.8860
0.8947
0.8900
0.8710
0.8740
0.8860
0.8910
0.8772
0.8950
0.8910
0.8730
0.8730
0.8790
0.8772
0.8910
0.8750
0.8960
0.8630
0.8850
0.8860
0.8910
0.8970
0.8780
0.8720
0.8720
0.8860
0.8870
0.8740
0.8840
0.8770
0.8840
0.9298
0.8830
0.8680
0.8910
0.8800
0.8890
0.9035
0.8810
0.8810
0.8700
0.8870
0.8880
0.9298
0.8780
0.8910
0.8890
0.8850
0.8770
0.8158
0.8810
0.8830
0.8840
0.8790
0.8880
0.8596
0.8750
0.8890
0.8750
0.8770
0.8920
0.9211
0.8900
0.8850
0.8810
0.8890
0.8660
0.8947
0.8920
0.8610
0.8820
0.8870
0.8840
0.9298
0.8880
0.8650
0.9020
0.8890
0.8680
0.8860
0.8760
0.8920
0.8800
0.8690
0.8890
0.9386
0.8790
0.8900
0.8720
0.8900
0.8800
0.8947
0.8810
0.8940
0.8730
0.8770
0.8850
0.9123
0.8740
0.8860
0.8900
0.8800
0.8820
0.8947
0.8760
0.8900
0.8870
0.8850
0.8730
0.9035
0.8900
0.8810
0.8780
0.8850
0.8800
0.8772
0.8880
0.8900
0.8800
0.8740
0.8800
0.8947
0.8740
0.8800
0.8870
0.8820
0.8830
0.9474
0.8870
0.8780
0.8880
0.8830
0.8790
0.8684
0.8740
0.8940
0.8780
0.8810
0.8790
0.9474
0.8900
0.8850
0.8800
0.8740
0.8890
0.8421
0.8820
0.8760
0.8890
0.8760
0.8900
0.8947
0.8680
0.8730
0.8950
0.8920
0.8870
0.8860
0.8790
0.8790
0.8810
0.8860
0.8950
0.8509
0.9010
0.8820
0.8690
0.8830
0.8810
0.8860
0.8920
0.8740
0.8860
0.8900
0.8720
0.9035
0.8850
0.8590
0.8900
0.9010
0.8790
0.9035
0.8690
0.8880
0.8820
0.8890
0.8920
0.8509
0.8970
0.8870
0.8760
0.8670
0.8940
0.8509
0.8760
0.8910
0.8850
0.8750
0.8920
0.8596
0.8760
0.8910
0.8910
0.8710
0.8860
0.8860
0.8770
0.8770
0.8810
0.8890
0.8910
0.8860
0.8600
0.8930
0.8930
0.8950
0.8690
0.9298
0.8880
0.8930
0.8720
0.8730
0.8880
0.9035
0.8770
0.8870
0.8860
0.8820
0.8910
0.8246
0.8810
0.8880
0.8920
0.8750
0.8790
0.8947
0.8930
0.8850
0.8800
0.8760
0.8790
0.9123
0.8700
0.8890
0.8930
0.8910
0.8720
0.8947
0.8820
0.8830
0.8880
0.8790
0.8830
0.9035
0.8820
0.9000
0.8660
0.8860
0.8880
0.8421
0.8840
0.8880
0.8710
0.8780
0.9010
0.8421
0.8750
0.9130
0.8890
0.8730
0.8700
0.8596
0.8950
0.8870
0.8720
0.8730
0.8920
0.8772
0.8920
0.9020
0.8680
0.8800
0.8780
0.8684
0.8830
0.8810
0.8810
0.8800
0.8940
0.8860
0.8720
0.8860
0.8930
0.8880
0.8790
0.8772
0.8790
0.8740
0.8980
0.8830
0.8840
0.8772
0.8580
0.9020
0.8820
0.8870
0.8920
0.8596
0.8830
0.8870
0.8840
0.8790
0.8840
0.8947
0.9030
0.8750
0.8870
0.8820
0.8630
0.9561
0.8860
0.8880
0.8770
0.8890
0.8810
0.8596
0.8940
0.8840
0.8880
0.8750
0.8810
0.8596
0.8970
0.8780
0.8810
0.8950
0.8680
0.8947
0.8770
0.8920
0.8990
0.8860
0.8650
0.8947
0.8950
0.8870
0.8690
0.8880
0.8820
0.8772
0.8890
0.8740
0.8870
0.8790
0.8920
0.8947
0.8970
0.8990
0.8720
0.8740
0.8770
0.9211
0.8790
0.8920
0.8700
0.9050
0.8760
0.8772
0.8820
0.8770
0.8870
0.8760
0.8990
0.8860
0.8920
0.8870
0.8850
0.8680
0.8880
0.8947
0.8840
0.8790
0.8930
0.8880
0.8770
0.8860
0.9090
0.8870
0.8870
0.8860
0.8530
0.8772
0.8810
0.8790
0.8860
0.8880
0.8900
0.8596
0.8980
0.8860
0.8830
0.8770
0.8790
0.8772
0.8980
0.8690
0.8850
0.8800
0.8840
0.9298
0.8790
0.8760
0.8880
0.8980
0.8780
0.9035
0.8780
0.8780
0.8870
0.8950
0.8820
0.9035
0.8830
0.8840
0.8930
0.8710
0.8930
0.8684
0.8930
0.8850
0.8740
0.8870
0.8830
0.8860
0.8790
0.8820
0.8950
0.8900
0.8800
0.8596
0.8890
0.8890
0.8710
0.8900
0.8880
0.8509
0.8980
0.8820
0.8950
0.8740
0.8780
0.8509
0.8830
0.8840
0.8910
0.8860
0.8870
0.8246
0.8930
0.8980
0.8770
0.8850
0.8720
0.8684
0.8900
0.8680
0.8980
0.8860
0.8780
0.9123
0.8840
0.8740
0.8890
0.8870
0.8880
0.9035
0.8790
0.8760
0.8950
0.8730
0.8980
0.9123
0.8920
0.8820
0.8770
0.9010
0.8700
0.9035
0.8870
0.8770
0.8860
0.8930
0.8860
0.8509
0.8850
0.8840
0.8990
0.8800
0.8810
0.8421
0.8690
0.8900
0.8930
0.8850
0.8930
0.8333
0.8990
0.8780
0.8890
0.8660
0.8970
0.8421
0.8890
0.8720
0.8900
0.8820
0.8870
0.9123
0.8810
0.8740
0.8820
0.8910
0.9000
0.8509
0.8930
0.8760
0.8940
0.8790
0.8870
0.8421
0.8780
0.8900
0.8980
0.8710
0.8820
0.9386
0.8830
0.8750
0.8880
0.8850
0.8960
0.8684
0.8710
0.8840
0.8840
0.8920
0.8960
0.8772
0.8890
0.8850
0.8700
0.8850
0.8990
0.8772
0.8820
0.8820
0.8870
0.8690
0.9070
0.8947
0.8950
0.9060
0.8790
0.8680
0.8820
0.8684
0.8980
0.8830
0.8840
0.8750
0.8890
0.8596
0.8990
0.8800
0.8760
0.8820
0.8850
0.9123
0.8870
0.8620
0.8990
0.8840
0.8940
0.8772
0.8790
0.8870
0.8900
0.8970
0.8710
0.8947
0.8800
0.8920
0.8820
0.8940
0.8760
0.9123
0.8780
0.8920
0.8740
0.9010
0.8870
0.8421
0.8900
0.8860
0.8870
0.8840
0.8840
0.8596
0.8960
0.8850
0.8880
0.8770
0.8870
0.8421
0.8860
0.8690
0.8850
0.8900
0.8970
0.8947
0.8830
0.8950
0.8810
0.8900
0.8800
0.8684
0.8940
0.8790
0.8780
0.8750
0.9000
0.8947
0.8890
0.8770
0.8930
0.8840
0.8830
0.8947
0.8860
0.8950
0.8940
0.8810
0.8700
0.9035
0.8810
0.8750
0.8830
0.8860
0.9000
0.9211
0.8760
0.8910
0.9010
0.8730
0.8850
0.9123
0.9040
0.8810
0.8860
0.8670
0.8880
0.9123
0.8870
0.8860
0.8860
0.8760
0.8960
0.8684
0.8970
0.8800
0.8720
0.8800
0.8970
0.9035
0.8870
0.8890
0.8900
0.8840
0.8720
0.9386
0.8860
0.8810
0.8820
0.8940
0.8880
0.8509
0.8800
0.8930
0.8850
0.8780
0.8910
0.9035
0.8940
0.8940
0.8880
0.8730
0.8780
0.9035
0.8900
0.9000
0.8850
0.8910
0.8610
0.8947
0.9000
0.8840
0.8780
0.8800
0.8880
0.8596
0.8850
0.8950
0.8910
0.8820
0.8810
0.8246
0.8680
0.8910
0.8960
0.8880
0.8830
0.9123
0.8650
0.8840
0.8980
0.8980
0.8830
0.8947
0.8940
0.9000
0.8720
0.8860
0.8800
0.8596
0.8860
0.8840
0.8880
0.8900
0.8800
0.9123
0.8880
0.8900
0.8790
0.8960
0.8810
0.8596
0.8940
0.8880
0.8820
0.8850
0.8780
0.9211
0.8850
0.8850
0.8830
0.8930
0.8850
0.8947
0.8790
0.8820
0.8760
0.9000
0.8920
0.9035
0.9050
0.8840
0.8670
0.8770
0.8960
0.8947
0.8810
0.8880
0.8910
0.8750
0.8910
0.9298
0.8930
0.8770
0.8840
0.8940
0.8790
0.9211
0.8900
0.8900
0.8790
0.8820
0.8830
0.9474
0.8810
0.8920
0.8840
0.8780
0.8950
0.8860
0.8870
0.8650
0.8820
0.8940
0.9020
0.8860
0.8870
0.8890
0.8820
0.8850
0.8870
0.8860
0.8960
0.8880
0.8830
0.8840
0.8850
0.8421
0.8920
0.8880
0.8900
0.8840
0.8820
0.8421
0.8810
0.8930
0.8830
0.8820
0.8910
0.9035
0.8820
0.9010
0.8870
0.8790
0.8800
0.9123
0.8800
0.8810
0.8850
0.8820
0.8970
0.9474
0.8720
0.8820
0.8970
0.8930
0.8890
0.8947
0.8810
0.8740
0.8990
0.8750
0.9040
0.9035
0.8830
0.8650
0.8880
0.8930
0.9040
0.9035
0.8820
0.8830
0.8950
0.8770
0.8990
0.8860
0.8930
0.8970
0.8970
0.8810
0.8710
0.8772
0.9000
0.8950
0.8870
0.8840
0.8750
0.8684
0.8810
0.8810
0.8970
0.8850
0.8930
0.9035
0.8930
0.8780
0.8800
0.8890
0.8990
0.8860
0.8830
0.8950
0.8790
0.8840
0.8990
0.8772
0.8890
0.8880
0.8860
0.8760
0.9020
0.8596
0.8820
0.9010
0.8800
0.8820
0.8900
0.9123
0.8800
0.9060
0.8660
0.8830
0.9070
0.8684
0.8760
0.8920
0.8890
0.8860
0.8910
0.9298
0.8930
0.8770
0.8860
0.8970
0.8850
0.8947
0.8930
0.8860
0.8860
0.8910
0.8850
0.8684
0.8930
0.8960
0.8740
0.8770
0.8940
0.9386
0.8830
0.8860
0.8890
0.8940
0.8880
0.8772
0.8960
0.8630
0.9050
0.8910
0.8850
0.8772
0.8830
0.8920
0.8860
0.8910
0.8820
0.9298
0.8850
0.8880
0.8980
0.8910
0.8750
0.9035
0.8990
0.8840
0.8920
0.8740
0.8900
0.8860
0.8920
0.8970
0.8890
0.8850
0.8780
0.8772
0.8920
0.8890
0.8850
0.8910
0.8840
0.8772
0.8850
0.8950
0.8920
0.8850
0.8820
0.8860
0.8830
0.8780
0.9090
0.8820
0.8880
0.8947
0.8920
0.8800
0.8970
0.8950
0.8720
0.9298
0.8820
0.8940
0.9020
0.8730
0.8890
0.9035
0.8820
0.8880
0.8820
0.9010
0.8880
0.8860
0.8950
0.8880
0.8940
0.8730
0.8930
0.8772
0.8760
0.8940
0.8790
0.8870
0.9050
0.8947
0.8750
0.8910
0.8940
0.8890
0.8890
0.9211
0.8810
0.8950
0.9080
0.8720
0.8800
0.9386
0.9010
0.8770
0.8920
0.8790
0.8890
0.9211
0.8880
0.8940
0.9070
0.8670
0.8850
0.8947
0.8680
0.8960
0.8940
0.8820
0.9030
0.8772
0.8730
0.8990
0.8980
0.8890
0.8870
0.8509
0.8960
0.9040
0.8920
0.8690
0.8770
0.9211
0.8900
0.8820
0.8730
0.8950
0.8990
0.9211
0.8880
0.8920
0.8880
0.8920
0.8870
0.8509
0.8880
0.8870
0.8880
0.8930
0.8960
0.8070
0.9000
0.8940
0.8810
0.8790
0.8880
0.8947
0.9000
0.8870
0.8960
0.8830
0.8760
0.8947
0.8860
0.8990
0.8790
0.8970
0.8800
0.9035
0.8850
0.8850
0.8960
0.8910
0.8890
0.8596
0.8870
0.8820
0.9030
0.8800
0.8920
0.8772
0.8980
0.8760
0.9040
0.8770
0.8860
0.8947
0.8910
0.8920
0.8960
0.8690
0.8930
0.8860
0.8860
0.8870
0.8990
0.8750
0.8930
0.8947
0.8890
0.8910
0.8910
0.8840
0.8890
0.8596
0.9030
0.8690
0.8810
0.8980
0.8890
0.8947
0.8930
0.8990
0.8830
0.8690
0.8960
0.9035
0.8720
0.8970
0.8860
0.8880
0.9000
0.8772
0.8830
0.8840
0.8800
0.9060
0.8830
0.9386
0.8850
0.8920
0.8880
0.8950
0.8870
0.8421
0.8900
0.8920
0.8990
0.8850
0.8730
0.9035
0.8930
0.8900
0.8840
0.8840
0.8850
0.9386
0.8960
0.8790
0.8970
0.8890
0.8770
0.9211
0.8940
0.8950
0.8920
0.8820
0.8800
0.8772
0.8950
0.8850
0.8820
0.8970
0.8870
0.8509
0.9030
0.8880
0.8710
0.8880
0.8930
0.8860
0.8890
0.8960
0.8910
0.8900
0.8790
0.8772
0.8710
0.8910
0.8830
0.8950
0.9000
0.9123
0.8970
0.8990
0.8880
0.8700
0.8910
0.8772
0.8870
0.8910
0.8870
0.8850
0.8990
0.8421
0.8910
0.8970
0.9030
0.8700
0.8820
0.8947
0.8870
0.8980
0.8800
0.8760
0.9020
0.9035
0.8680
0.9090
0.8830
0.8910
0.8930
0.8947
0.8770
0.9000
0.8980
0.8910
0.8800
0.8772
0.8890
0.9020
0.8910
0.8830
0.8830
0.8596
0.8940
0.8690
0.8870
0.8890
0.8990
0.9474
0.8750
0.8770
0.9000
0.8790
0.9090
0.9298
0.8830
0.8820
0.8980
0.8780
0.9050
0.8860
0.8880
0.8900
0.8810
0.8780
0.9070
0.9035
0.8800
0.8900
0.8790
0.8990
0.8970
0.8947
0.8830
0.8800
0.9040
0.8900
0.8890
0.8860
0.8860
0.8920
0.8960
0.8960
0.8750
0.8860
0.8850
0.8860
0.8840
0.8950
0.8970
0.8947
0.8980
0.8780
0.9030
0.8750
0.8920
0.9035
0.8770
0.8880
0.9050
0.8970
0.8790
0.9035
0.8850
0.8820
0.8910
0.9030
0.8890
0.8684
0.8980
0.8810
0.9030
0.8830
0.8830
0.8947
0.8950
0.8850
0.8890
0.8890
0.8940
0.8596
0.8860
0.8960
0.8950
0.8950
0.8800
0.8596
0.8710
0.9090
0.8960
0.8940
0.8850
0.8509
0.8920
0.8940
0.8950
0.8820
0.8860
0.8947
0.8860
0.8890
0.9020
0.8890
0.8860
0.8684
0.8820
0.8870
0.8840
0.9030
0.8930
0.9211
0.8790
0.8960
0.8860
0.8930
0.8970
0.9035
0.8670
0.9020
0.8960
0.9060
0.8830
0.8860
0.9040
0.8750
0.9110
0.8740
0.8860
0.9123
0.8900
0.8800
0.8950
0.9060
0.8850
0.8509
0.9010
0.8960
0.8850
0.8870
0.8860
0.8596
0.8940
0.8920
0.8940
0.8910
0.8800
0.8947
0.8730
0.9030
0.8900
0.8930
0.8950
0.8772
0.8870
0.8950
0.9010
0.8880
0.8770
0.9298
0.8740
0.9000
0.8990
0.9060
0.8760
0.8684
0.8750
0.9080
0.9020
0.8790
0.8900
0.8772
0.8900
0.8710
0.9060
0.8950
0.8960
0.8421
0.8950
0.8940
0.8860
0.8860
0.8920
0.8860
0.8910
0.8970
0.8850
0.8890
0.8830
0.9474
0.8790
0.8960
0.8960
0.8970
0.8880
0.8509
0.8990
0.9020
0.8740
0.8860
0.8960
0.8509
0.9010
0.8890
0.8840
0.8880
0.8900
0.8947
0.8870
0.9030
0.8820
0.8930
0.8850
0.9123
0.8620
0.8910
0.9100
0.8960
0.8890
0.9211
0.8730
0.8990
0.8790
0.9100
0.8910
0.8860
0.9030
0.8910
0.8790
0.8980
0.8790
0.9035
0.8930
0.8950
0.8880
0.9010
0.8730
0.9035
0.8900
0.8810
0.9040
0.8990
0.8770
0.9123
0.8990
0.8880
0.8840
0.8880
0.8910
0.9211
0.8820
0.8780
0.9000
0.8830
0.9080
0.9123
0.8790
0.8860
0.9020
0.9000
0.8870
0.8860
0.8980
0.8860
0.8870
0.8780
0.9040
0.8947
0.8850
0.8890
0.9060
0.8810
0.8900
0.9123
0.9010
0.8970
0.8930
0.8830
0.8790
0.8860
0.8970
0.8820
0.8950
0.9050
0.8800
0.8421
0.9070
0.8950
0.8860
0.8820
0.8780
0.9386
0.8780
0.9020
0.8860
0.8920
0.8940
0.8947
0.8730
0.8910
0.9160
0.8860
0.8880
0.8772
0.9040
0.8790
0.8920
0.8930
0.8850
0.8860
0.8990
0.8920
0.8930
0.8800
0.8890
0.8860
0.8920
0.8930
0.8980
0.8960
0.8760
0.8684
0.8970
0.8850
0.8880
0.8870
0.8940
0.9123
0.9010
0.8640
0.9010
0.8930
0.8880
0.9474
0.8850
0.8960
0.8700
0.9020
0.9000
0.9035
0.9000
0.8810
0.8990
0.8920
0.8840
0.8860
0.8960
0.8880
0.8880
0.8980
0.8800
0.9386
0.8820
0.8960
0.8970
0.8870
0.8920
0.9035
0.8960
0.8940
0.8850
0.8970
0.8830
0.8947
0.8740
0.9110
0.8960
0.8940
0.8800
0.8947
0.8840
0.8950
0.8890
0.8980
0.8900
0.8860
0.8880
0.8910
0.9020
0.8840
0.8940
0.8509
0.8990
0.8640
0.9070
0.8990
0.8900
0.8596
0.8920
0.8930
0.9070
0.8790
0.8840
0.8860
0.8860
0.8920
0.8920
0.8750
0.9000
0.9649
0.8870
0.9100
0.8910
0.8890
0.8780
0.8947
0.8780
0.9010
0.8930
0.8860
0.8930
0.9298
0.8890
0.8820
0.9020
0.8880
0.8950
0.8947
0.8860
0.8930
0.8940
0.8890
0.8930
0.8947
0.8970
0.8980
0.9000
0.8720
0.8880
0.9035
0.9080
0.9020
0.8770
0.8860
0.8880
0.8596
0.9080
0.8890
0.8810
0.8940
0.8920
0.8246
0.8880
0.8920
0.8960
0.8870
0.8940
0.8684
0.8760
0.8990
0.9050
0.8810
0.8900
0.9211
0.8930
0.8920
0.9010
0.8760
0.8880
0.9211
0.8890
0.9110
0.8850
0.8860
0.8800
0.9211
0.8910
0.8940
0.8890
0.8790
0.9050
0.8772
0.8940
0.8960
0.8860
0.8870
0.8920
0.9211
0.8980
0.8920
0.8900
0.8920
0.8910
0.8596
0.8860
0.8900
0.8880
0.8910
0.9000
0.9298
0.8850
0.9000
0.8920
0.8910
0.8950
0.8684
0.8740
0.8940
0.9000
0.8800
0.9110
0.8947
0.8960
0.8920
0.8940
0.8800
0.8940
0.9211
0.9010
0.8830
0.8840
0.9080
0.8890
0.8421
0.8890
0.8840
0.8910
0.8950
0.9010
0.8947
0.8860
0.9040
0.8920
0.8850
0.8990
0.8509
0.8920
0.8960
0.8930
0.8880
0.8940
0.8772
0.9070
0.8810
0.8820
0.8890
0.9020
0.9035
0.8840
0.8930
0.8960
0.8920
0.8920
0.9298
0.9060
0.8770
0.8860
0.8990
0.9010
0.8246
0.9000
0.8940
0.9000
0.8740
0.8920
0.9035
0.8970
0.8950
0.8920
0.8790
0.8990
0.8860
0.8820
0.8880
0.9060
0.8910
0.9000
0.8421
0.8960
0.8760
0.8970
0.8970
0.8950
0.9035
0.8900
0.8910
0.8960
0.8930
0.8950
0.8684
0.9050
0.8920
0.9030
0.8750
0.8880
0.8860
0.8820
0.8780
0.8990
0.8970
0.9080
0.8772
0.8960
0.9020
0.8900
0.8870
0.8860
0.9035
0.8920
0.9020
0.8780
0.8940
0.8900
0.9386
0.9120
0.8750
0.8970
0.9030
0.8740
0.8947
0.8970
0.8880
0.8910
0.8990
0.8880
0.8860
0.8940
0.8930
0.8840
0.8960
0.8920
0.9123
0.8970
0.8930
0.8920
0.8960
0.8890
0.8421
0.8890
0.8840
0.8970
0.9030
0.8860
0.9123
0.8950
0.8850
0.8940
0.8950
0.8900
0.9035
0.8910
0.8900
0.8940
0.8890
0.9080
0.7982
0.8780
0.9030
0.8880
0.9030
0.8880
0.9035
0.9030
0.8910
0.8930
0.8950
0.8820
0.8772
0.8910
0.9010
0.8850
0.8900
0.8980
0.8684
0.8880
0.9000
0.9060
0.8890
0.8810
0.8860
0.8820
0.8870
0.8950
0.8960
0.9010
0.9123
0.8780
0.9110
0.8920
0.8810
0.8960
0.9298
0.9030
0.8890
0.8850
0.8930
0.8970
0.8509
0.8900
0.8980
0.8850
0.9080
0.8820
0.8860
0.8960
0.8850
0.9070
0.8900
0.8830
0.8947
0.8890
0.8930
0.8880
0.9080
0.8840
0.8947
0.8920
0.8940
0.8880
0.9040
0.8850
0.9123
0.8810
0.9030
0.8940
0.8840
0.8980
0.9298
0.9080
0.8930
0.8830
0.8960
0.8910
0.8246
0.8930
0.8790
0.9060
0.8920
0.8910
0.9211
0.8830
0.9180
0.9070
0.8870
0.8760
0.8421
0.8950
0.8910
0.9000
0.8850
0.8920
0.9211
0.8930
0.8970
0.8940
0.8850
0.8970
0.8947
0.8990
0.8960
0.8870
0.8960
0.8910
0.8684
0.8990
0.8970
0.8800
0.9000
0.8900
0.8947
0.8880
0.8920
0.8990
0.9040
0.8870
0.8596
0.9030
0.8930
0.8980
0.8860
0.8890
0.8684
0.8810
0.8950
0.8940
0.8940
0.9010
0.8947
0.9110
0.8870
0.9020
0.8770
0.8910
0.8684
0.8930
0.8880
0.8900
0.8980
0.9010
0.8509
0.8940
0.8830
0.9080
0.8890
0.8920
0.8772
0.8920
0.8970
0.8980
0.8950
0.8820
0.8947
0.8960
0.8960
0.8760
0.9060
0.8880
0.9123
0.8820
0.9100
0.8870
0.8950
0.8910
0.8860
0.9010
0.8780
0.8980
0.8980
0.8910
0.8772
0.8860
0.8960
0.9030
0.8840
0.8920
0.9211
0.8930
0.8970
0.8950
0.8740
0.9040
0.9035
0.8980
0.8780
0.9120
0.8900
0.8920
0.8421
0.8980
0.8980
0.9040
0.8840
0.8880
0.8246
0.8860
0.8960
0.8900
0.8980
0.8960
0.8772
0.8820
0.8950
0.8920
0.9110
0.8830
0.9035
0.8830
0.8810
0.8970
0.8910
0.9140
0.8772
0.8920
0.8860
0.9050
0.8890
0.8990
0.8333
0.8880
0.8920
0.9050
0.9020
0.8790
0.8860
0.8890
0.9160
0.8820
0.8900
0.8910
0.8772
0.8980
0.8910
0.8910
0.9000
0.8850
0.9035
0.8890
0.8830
0.9030
0.8920
0.9040
0.8596
0.9170
0.8870
0.8760
0.8790
0.9090
0.8860
0.8970
0.8980
0.8930
0.8970
0.8860
0.8596
0.8800
0.8900
0.9030
0.9010
0.8880
0.9386
0.9000
0.8830
0.8910
0.8870
0.9000
0.9474
0.8800
0.9040
0.8900
0.8910
0.9020
0.8772
0.8850
0.8960
0.9140
0.8930
0.8770
0.8947
0.9010
0.8900
0.8970
0.8900
0.8870
0.8947
0.8970
0.8910
0.8940
0.8910
0.8890
0.9211
0.8880
0.8850
0.8890
0.9080
0.8930
0.9123
0.9070
0.8880
0.8940
0.8950
0.8850
0.8596
0.8880
0.8970
0.8970
0.8980
0.8910
0.8421
0.8920
0.8880
0.8910
0.8950
0.8990
0.8947
0.8820
0.8880
0.8940
0.8990
0.8980
0.9298
0.8910
0.9000
0.8920
0.8830
0.9030
0.8596
0.8930
0.8960
0.8950
0.8860
0.8990
0.8596
0.9030
0.8900
0.8960
0.8920
0.8930
0.8158
0.8920
0.8920
0.8930
0.9100
0.8820
0.8596
0.8820
0.9020
0.8960
0.8920
0.8930
0.8947
0.8890
0.8990
0.8920
0.8830
0.9010
0.9035
0.8930
0.9080
0.8760
0.8950
0.8910
0.9123
0.8990
0.8780
0.8990
0.8950
0.8950
0.8860
0.9010
0.8870
0.9040
0.8910
0.8810
0.8947
0.9000
0.8930
0.8950
0.8870
0.8880
0.9035
0.8960
0.8810
0.9070
0.8860
0.8890
0.9386
0.8830
0.9020
0.8900
0.8870
0.8970
0.9386
0.9090
0.8780
0.9080
0.8880
0.8840
0.8684
0.9120
0.8770
0.8920
0.8970
0.8810
0.9386
0.9050
0.8930
0.8920
0.8880
0.8880
0.8772
0.8720
0.9120
0.9030
0.8910
0.8860
0.8947
0.8950
0.8960
0.8990
0.8840
0.8920
0.8772
0.8910
0.8860
0.8990
0.8960
0.8930
0.8860
0.8880
0.8790
0.9060
0.8830
0.9050
0.9211
0.9030
0.9000
0.8780
0.8850
0.8920
0.9474
0.8990
0.8970
0.8790
0.8840
0.9050
0.8947
0.9020
0.8850
0.8910
0.9060
0.8810
0.8860
0.8870
0.8800
0.8980
0.9010
0.8950
0.9298
0.8930
0.8950
0.8930
0.8890
0.8960
0.8947
0.9000
0.8880
0.9040
0.9010
0.8810
0.8246
0.8900
0.8910
0.9060
0.8850
0.8970
0.8684
0.8950
0.8760
0.8990
0.8950
0.9020
0.8860
0.9020
0.8830
0.9000
0.9050
0.8760
0.8947
0.8910
0.8780
0.8890
0.9000
0.9050
0.9211
0.8910
0.9170
0.8900
0.8840
0.8900
0.8421
0.8880
0.9070
0.8920
0.8860
0.9030
0.8070
0.8780
0.8970
0.8960
0.8970
0.9030
0.8421
0.8760
0.8880
0.9060
0.8890
0.9030
0.9211
0.8990
0.8900
0.8990
0.8890
0.8890
0.8860
0.8810
0.8870
0.8940
0.8950
0.9050
0.9211
0.8840
0.8950
0.8960
0.9040
0.8950
0.8158
0.8930
0.9110
0.8860
0.8960
0.8790
0.9035
0.9090
0.8790
0.8950
0.8900
0.8930
0.8947
0.8980
0.9080
0.8900
0.8880
0.8850
0.8684
0.8880
0.9130
0.8890
0.8870
0.8870
0.9123
0.9030
0.8930
0.8950
0.8940
0.8790
0.9123
0.8730
0.9050
0.8900
0.9080
0.8880
0.9123
0.8900
0.9020
0.8940
0.8880
0.8900
0.9035
0.8910
0.8880
0.8960
0.8890
0.8990
0.9035
0.9000
0.8960
0.8810
0.8970
0.8880
0.9211
0.9000
0.8990
0.8740
0.8940
0.8960
0.9211
0.8810
0.8860
0.8850
0.9080
0.9060
0.9035
0.9000
0.8930
0.8880
0.8880
0.8990
0.8860
0.8830
0.8900
0.9040
0.8910
0.9020
0.8684
0.9110
0.8960
0.8910
0.8820
0.8920
0.8509
0.8690
0.9010
0.8980
0.8910
0.9060
0.9123
0.8870
0.9140
0.8840
0.8810
0.9040
0.8684
0.8850
0.8980
0.8910
0.8940
0.8960
0.9211
0.9040
0.8680
0.9050
0.8930
0.8950
0.9123
0.9090
0.8890
0.8890
0.8770
0.8990
0.9386
0.9020
0.8840
0.8940
0.8940
0.8970
0.8684
0.8930
0.8970
0.9000
0.8880
0.8910
0.8772
0.9060
0.8930
0.8970
0.8850
0.8890
0.8684
0.9060
0.8700
0.8920
0.9010
0.9020
0.8684
0.8870
0.8880
0.8870
0.8970
0.9040
0.9386
0.9000
0.8970
0.8740
0.8980
0.8990
0.8947
0.8970
0.8940
0.8890
0.9020
0.8910
0.8509
0.8880
0.8930
0.9050
0.8870
0.9020
0.8333
0.8860
0.9040
0.9000
0.8950
0.8890
0.8421
0.8640
0.8930
0.9030
0.9060
0.9070
0.8509
0.9070
0.8920
0.8810
0.8940
0.8960
0.8772
0.8930
0.9010
0.8840
0.9070
0.8850
0.8772
0.8810
0.8870
0.9120
0.8870
0.9040
0.8772
0.8930
0.9010
0.8800
0.8930
0.9040
0.8772
0.8920
0.8770
0.8900
0.9060
0.9040
0.8947
0.8950
0.8900
0.8820
0.9120
0.8940
0.8596
0.8970
0.8950
0.8920
0.9020
0.8890
0.8509
0.8930
0.9010
0.8900
0.8860
0.9000
0.8947
0.8930
0.8990
0.8900
0.8900
0.9020
0.8684
0.8930
0.9010
0.8900
0.8910
0.8980
0.8772
0.8920
0.8840
0.9020
0.9050
0.8800
0.9649
0.9030
0.8840
0.9080
0.8870
0.8920
0.8684
0.9070
0.8950
