0.0940
0.0910
0.0960
0.0980
0.0938
0.0950
0.1070
0.1070
0.1060
0.0975
0.1120
0.1210
0.1150
0.1120
0.1062
0.1100
0.1370
0.1140
0.1210
0.1537
0.1460
0.1450
0.1360
0.1710
0.1462
0.1580
0.1590
0.1770
0.1730
0.2100
0.1940
0.1940
0.1980
0.2220
0.2175
0.2100
0.2520
0.2270
0.2310
0.2587
0.2540
0.2710
0.2560
0.2820
0.2850
0.3220
0.2860
0.2900
0.2980
0.3300
0.3220
0.3180
0.3290
0.3490
0.3362
0.3380
0.3570
0.3340
0.3710
0.3425
0.3550
0.3600
0.3480
0.3800
0.3887
0.3980
0.3690
0.3510
0.3790
0.3975
0.3910
0.3880
0.4060
0.3940
0.3975
0.4030
0.4160
0.3940
0.4170
0.4100
0.4070
0.4390
0.4090
0.4450
0.4225
0.4490
0.4560
0.4250
0.4350
0.4512
0.4460
0.4500
0.4430
0.4770
0.4850
0.4630
0.4730
0.4700
0.4830
0.4875
0.4890
0.4670
0.5190
0.4910
0.5075
0.4860
0.4960
0.5220
0.5360
0.5450
0.5290
0.5160
0.5380
0.5440
0.5450
0.5520
0.5510
0.5440
0.5610
0.5600
0.5840
0.5560
0.5730
0.5770
0.5675
0.5810
0.5640
0.5920
0.5850
0.6188
0.5850
0.6210
0.6140
0.5960
0.5863
0.6280
0.5980
0.5970
0.6230
0.6362
0.6340
0.6140
0.6160
0.6330
0.6462
0.6450
0.6160
0.6600
0.6310
0.6425
0.6490
0.6580
0.6530
0.6380
0.6300
0.6430
0.6520
0.6590
0.6480
0.6550
0.6600
0.6920
0.6380
0.6500
0.6362
0.6520
0.6760
0.6510
0.6620
0.6538
0.6710
0.6360
0.6800
0.6580
0.6637
0.6880
0.6470
0.6430
0.6720
0.6825
0.6660
0.6990
0.6610
0.6590
0.6763
0.6840
0.6690
0.6690
0.6800
0.6750
0.6860
0.6880
0.6580
0.6980
0.6663
0.6480
0.7060
0.6960
0.6790
0.6975
0.6950
0.7160
0.6800
0.6900
0.6813
0.6630
0.7360
0.6910
0.7160
0.7075
0.7040
0.6980
0.7100
0.7390
0.7013
0.7380
0.7360
0.7260
0.7170
0.6925
0.7210
0.7130
0.7380
0.7200
0.7600
0.7280
0.7390
0.7460
0.7570
0.7275
0.7570
0.7240
0.7590
0.7600
0.7412
0.7320
0.7390
0.7700
0.7620
0.7600
0.7650
0.7450
0.7590
0.7530
0.7600
0.7740
0.7410
0.7770
0.7580
0.7612
0.7750
0.7790
0.7540
0.7740
0.7462
0.7480
0.7780
0.7810
0.7700
0.7625
0.7740
0.7590
0.7590
0.7840
0.7712
0.7890
0.7650
0.7740
0.7580
0.7688
0.7940
0.7800
0.7630
0.7620
0.7675
0.7720
0.7640
0.7790
0.7750
0.7913
0.7780
0.7840
0.7680
0.7730
0.7788
0.7820
0.7680
0.7890
0.7630
0.7900
0.7800
0.7800
0.7820
0.7750
0.7788
0.7850
0.7770
0.7670
0.7950
0.7712
0.8050
0.7550
0.7890
0.7660
0.7900
0.7770
0.7760
0.7820
0.8040
0.7650
0.7740
0.7760
0.7870
0.7930
0.7887
0.7640
0.7930
0.7970
0.7870
0.7825
0.7970
0.7760
0.7700
0.7730
0.8163
0.7780
0.7770
0.8020
0.7820
0.7887
0.7760
0.7910
0.7970
0.7810
0.7837
0.7940
0.7670
0.8000
0.7760
0.7937
0.7990
0.7920
0.7820
0.7680
0.7925
0.8260
0.7910
0.7560
0.7750
0.7875
0.7840
0.7870
0.7820
0.7910
0.7925
0.7800
0.7870
0.7940
0.8010
0.7738
0.7830
0.7980
0.8030
0.7710
0.7887
0.7790
0.8080
0.7890
0.7870
0.7800
0.7820
0.7780
0.8070
0.7930
0.7875
0.7740
0.7850
0.7990
0.7950
0.8013
0.7810
0.7870
0.7790
0.8040
0.8075
0.8030
0.8170
0.7930
0.7600
0.7825
0.7990
0.8000
0.7940
0.7950
0.7688
0.7930
0.7820
0.8090
0.7760
0.8050
0.7910
0.7790
0.8180
0.7990
0.7775
0.7920
0.8030
0.7980
0.7780
0.8013
0.7880
0.8050
0.7900
0.8070
0.7788
0.7750
0.8040
0.8060
0.8000
0.7900
0.7890
0.7770
0.7950
0.8050
0.8150
0.8030
0.7900
0.8020
0.8050
0.7750
0.7930
0.7780
0.8060
0.8000
0.8075
0.8170
0.7720
0.7940
0.8170
0.7812
0.8110
0.7800
0.7880
0.8010
0.8100
0.7980
0.8030
0.8010
0.7870
0.8013
0.8110
0.8240
0.7750
0.7910
0.7887
0.7990
0.8180
0.7810
0.7940
0.8037
0.8040
0.7990
0.8020
0.7870
0.8050
0.8010
0.8070
0.7890
0.8010
0.8000
0.7930
0.7980
0.8050
0.7980
0.8063
0.7940
0.7910
0.8050
0.8160
0.7900
0.7810
0.8120
0.7960
0.8110
0.7975
0.7800
0.8010
0.8060
0.8120
0.8025
0.7990
0.7950
0.8110
0.7880
0.8113
0.8090
0.7760
0.8120
0.8050
0.7975
0.8050
0.7870
0.8120
0.8060
0.7875
0.7970
0.7860
0.8100
0.8160
0.7900
0.8020
0.7980
0.8170
0.8040
0.7762
0.7920
0.8070
0.8130
0.7970
0.7950
0.7960
0.8060
0.8010
0.8200
0.7762
0.8250
0.7960
0.7830
0.7990
0.8025
0.7870
0.8040
0.8080
0.8090
0.7975
0.7960
0.8220
0.7930
0.8040
0.7913
0.7950
0.7820
0.8270
0.8100
0.7950
0.8190
0.7960
0.8040
0.7960
0.7975
0.8080
0.7950
0.7950
0.8090
0.8087
0.7990
0.7900
0.8110
0.8130
0.8013
0.8340
0.8140
0.7820
0.8080
0.7688
0.8200
0.7880
0.8090
0.8010
0.7950
0.8110
0.7820
0.8000
0.8110
0.8137
0.8000
0.8130
0.8100
0.7920
0.8013
0.7970
0.7960
0.7910
0.8210
0.8137
0.7990
0.7910
0.8230
0.8020
0.8013
0.8250
0.8250
0.7740
0.8000
0.7937
0.8110
0.7890
0.8050
0.8000
0.8175
0.8210
0.8190
0.7870
0.7910
0.8025
0.8150
0.7820
0.8140
0.8020
0.8113
0.8140
0.7980
0.8080
0.8200
0.7825
0.7960
0.8160
0.7840
0.8230
0.8087
0.8070
0.8110
0.7950
0.8090
0.8063
0.7960
0.8120
0.8080
0.7940
0.8250
0.7950
0.8160
0.8040
0.8160
0.8000
0.7920
0.8030
0.8110
0.8120
0.8163
0.8080
0.7870
0.8110
0.8130
0.8150
0.8100
0.8090
0.8080
0.8040
0.8013
0.8050
0.8170
0.7780
0.8160
0.8187
0.8080
0.8040
0.8000
0.8220
0.7975
0.7940
0.8040
0.8040
0.8210
0.8137
0.8200
0.7910
0.8130
0.7910
0.8237
0.8070
0.8070
0.8190
0.8040
0.7987
0.8160
0.7920
0.7990
0.8180
0.8150
0.7980
0.8110
0.8130
0.8180
0.7975
0.8000
0.8160
0.8290
0.7970
0.7963
0.8220
0.8190
0.7970
0.7970
0.8063
0.7990
0.8190
0.8230
0.8060
0.7925
0.8040
0.8040
0.8030
0.8100
0.8275
0.8130
0.7980
0.7990
0.8120
0.8263
0.8270
0.8010
0.8060
0.8250
0.7875
0.8190
0.8240
0.7990
0.7840
0.8287
0.7900
0.8200
0.8040
0.8200
0.8200
0.8130
0.8020
0.8200
0.8190
0.7950
0.8100
0.8070
0.8230
0.8000
0.8137
0.8140
0.8100
0.8190
0.7980
0.8163
0.8080
0.8270
0.8010
0.7990
0.8287
0.8400
0.8200
0.7970
0.8040
0.8013
0.8150
0.8140
0.8020
0.8160
0.8250
0.8210
0.8180
0.8040
0.8190
0.8125
0.8090
0.7930
0.8130
0.8460
0.8175
0.8090
0.8210
0.8240
0.8060
0.8237
0.8160
0.8160
0.8210
0.8270
0.8025
0.8120
0.8240
0.8070
0.8310
0.8150
0.8170
0.8020
0.8320
0.8220
0.8225
0.8240
0.8280
0.8050
0.8150
0.8237
0.8230
0.8190
0.8130
0.8260
0.8175
0.8020
0.8110
0.8320
0.8250
0.8387
0.8210
0.8030
0.8330
0.8200
0.8325
0.8410
0.8350
0.8040
0.8050
0.8263
0.8260
0.8270
0.8200
0.8170
0.8237
0.8180
0.8230
0.8240
0.8150
0.8375
0.8000
0.8190
0.8360
0.8330
0.8375
0.8290
0.8300
0.8170
0.8380
0.8075
0.8300
0.8070
0.8280
0.8340
0.8325
0.8270
0.8280
0.8290
0.8210
0.8300
0.8400
0.8060
0.8230
0.8330
0.8425
0.8280
0.8150
0.8500
0.8220
0.8313
0.8200
0.8200
0.8450
0.8170
0.8600
0.8210
0.8230
0.8480
0.8310
0.8413
0.8370
0.8370
0.8300
0.8270
0.8363
0.8340
0.8360
0.8110
0.8470
0.8438
0.8340
0.8140
0.8450
0.8490
0.8275
0.8450
0.8400
0.8440
0.8160
0.8287
0.8280
0.8220
0.8300
0.8550
0.8425
0.8340
0.8340
0.8380
0.8350
0.8400
0.8500
0.8450
0.8210
0.8340
0.8313
0.8330
0.8510
0.8360
0.8460
0.8187
0.8230
0.8470
0.8380
0.8310
0.8588
0.8390
0.8370
0.8410
0.8270
0.8500
0.8550
0.8580
0.8220
0.8190
0.8425
0.8400
0.8490
0.8210
0.8410
0.8475
0.8460
0.8330
0.8400
0.8500
0.8275
0.8370
0.8440
0.8510
0.8310
0.8375
0.8240
0.8380
0.8500
0.8420
0.8525
0.8310
0.8520
0.8640
0.8320
0.8225
0.8440
0.8430
0.8430
0.8340
0.8525
0.8550
0.8340
0.8320
0.8560
0.8375
0.8430
0.8330
0.8540
0.8420
0.8425
0.8300
0.8580
0.8380
0.8500
0.8438
0.8290
0.8590
0.8530
0.8300
0.8512
0.8360
0.8420
0.8480
0.8410
0.8600
0.8350
0.8320
0.8460
0.8630
0.8500
0.8420
0.8440
0.8500
0.8440
0.8438
0.8440
0.8330
0.8410
0.8560
0.8550
0.8540
0.8530
0.8230
0.8460
0.8575
0.8480
0.8530
0.8450
0.8420
0.8425
0.8590
0.8290
0.8560
0.8410
0.8462
0.8450
0.8350
0.8420
0.8620
0.8488
0.8510
0.8420
0.8370
0.8520
0.8538
0.8530
0.8230
0.8730
0.8470
0.8387
0.8320
0.8610
0.8490
0.8490
0.8500
0.8550
0.8520
0.8210
0.8470
0.8712
0.8440
0.8370
0.8490
0.8570
0.8638
0.8490
0.8510
0.8550
0.8390
0.8588
0.8370
0.8660
0.8580
0.8510
0.8413
0.8520
0.8550
0.8430
0.8470
0.8638
0.8270
0.8560
0.8650
0.8440
0.8700
0.8380
0.8810
0.8400
0.8280
0.8775
0.8530
0.8470
0.8360
0.8530
0.8762
0.8650
0.8410
0.8600
0.8680
0.8237
0.8580
0.8520
0.8650
0.8470
0.8413
0.8680
0.8370
0.8590
0.8660
0.8350
0.8590
0.8580
0.8540
0.8600
0.8375
0.8460
0.8590
0.8610
0.8570
0.8488
0.8490
0.8510
0.8550
0.8670
0.8512
0.8350
0.8610
0.8500
0.8810
0.8450
0.8650
0.8560
0.8540
0.8440
0.8562
0.8510
0.8630
0.8460
0.8690
0.8488
0.8630
0.8610
0.8560
0.8500
0.8488
0.8560
0.8640
0.8650
0.8440
0.8512
0.8500
0.8500
0.8640
0.8630
0.8550
0.8590
0.8620
0.8450
0.8510
0.8688
0.8580
0.8550
0.8540
0.8530
0.8688
0.8650
0.8630
0.8720
0.8410
0.8438
0.8600
0.8480
0.8670
0.8570
0.8562
0.8460
0.8530
0.8630
0.8600
0.8725
0.8570
0.8680
0.8610
0.8410
0.8688
0.8650
0.8640
0.8560
0.8660
0.8387
0.8560
0.8480
0.8590
0.8630
0.8712
0.8640
0.8650
0.8650
0.8530
0.8475
0.8570
0.8640
0.8790
0.8590
0.8337
0.8510
0.8610
0.8710
0.8590
0.8575
0.8450
0.8560
0.8870
0.8550
0.8575
0.8720
0.8730
0.8740
0.8270
0.8525
0.8600
0.8760
0.8550
0.8560
0.8500
0.8590
0.8710
0.8380
0.8580
0.8800
0.8570
0.8580
0.8720
0.8510
0.8650
0.8810
0.8590
0.8680
0.8470
0.8475
0.8530
0.8810
0.8440
0.8660
0.8625
0.8720
0.8530
0.8640
0.8490
0.8700
0.8660
0.8540
0.8530
0.8660
0.8688
0.8590
0.8530
0.8620
0.8570
0.8788
0.8680
0.8740
0.8470
0.8640
0.8550
0.8640
0.8580
0.8480
0.8660
0.8800
0.8710
0.8680
0.8630
0.8630
0.8450
0.8680
0.8740
0.8410
0.8650
0.8662
0.8800
0.8650
0.8440
0.8630
0.8650
0.8670
0.8780
0.8480
0.8690
0.8538
0.8630
0.8820
0.8620
0.8560
0.8525
0.8500
0.8670
0.8770
0.8640
0.8612
0.8720
0.8600
0.8680
0.8680
0.8488
0.8510
0.8710
0.8600
0.8670
0.8725
0.8700
0.8580
0.8690
0.8650
0.8575
0.8770
0.8520
0.8780
0.8580
0.8550
0.8690
0.8600
0.8490
0.8860
0.8575
0.8770
0.8690
0.8490
0.8560
0.8712
0.8710
0.8730
0.8580
0.8610
0.8562
0.8680
0.8750
0.8550
0.8670
0.8550
0.8590
0.8670
0.8640
0.8650
0.8688
0.8620
0.8630
0.8740
0.8620
0.8650
0.8630
0.8640
0.8660
0.8590
0.8775
0.8820
0.8620
0.8740
0.8510
0.8575
0.8730
0.8600
0.8540
0.8760
0.8688
0.8630
0.8600
0.8580
0.8640
0.8912
0.8790
0.8610
0.8660
0.8530
0.8750
0.8780
0.8660
0.8800
0.8450
0.8625
0.8590
0.8690
0.8620
0.8750
0.8675
0.8550
0.8790
0.8770
0.8660
0.8562
0.8410
0.8730
0.8690
0.8700
0.8888
0.8690
0.8710
0.8740
0.8550
0.8688
0.8760
0.8710
0.8640
0.8570
0.8738
0.8840
0.8650
0.8560
0.8750
0.8612
0.8670
0.8610
0.8790
0.8590
0.8825
0.8780
0.8700
0.8560
0.8900
0.8475
0.8590
0.8810
0.8640
0.8720
0.8712
0.8780
0.8640
0.8800
0.8590
0.8662
0.8750
0.8670
0.8550
0.8760
0.8775
0.8680
0.8650
0.8850
0.8580
0.8762
0.8780
0.8710
0.8730
0.8740
0.8512
0.8530
0.8910
0.8490
0.8740
0.8875
0.8630
0.8560
0.8670
0.8810
0.8888
0.8680
0.8850
0.8740
0.8630
0.8588
0.8640
0.8610
0.8990
0.8600
0.8662
0.8870
0.8770
0.8450
0.8680
0.8762
0.8840
0.8720
0.8570
0.8680
0.8725
0.8550
0.8760
0.8680
0.8710
0.8862
0.8620
0.8700
0.8910
0.8650
0.8675
0.8750
0.8820
0.8570
0.8710
0.8712
0.8790
0.8760
0.8590
0.8740
0.8700
0.8800
0.8780
0.8590
0.8740
0.8662
0.8690
0.8670
0.8780
0.8680
0.8788
0.8610
0.8850
0.8620
0.8700
0.8850
0.8670
0.8720
0.8710
0.8810
0.8700
0.8810
0.8630
0.8770
0.8720
0.8688
0.8790
0.8720
0.8680
0.8790
0.8662
0.8860
0.8820
0.8760
0.8590
0.8600
0.8800
0.8750
0.8660
0.8650
0.8825
0.8790
0.8810
0.8680
0.8750
0.8612
0.8810
0.8710
0.8710
0.8830
0.8575
0.8890
0.8740
0.8540
0.8770
0.8775
0.8800
0.8670
0.8680
0.8730
0.8850
0.8910
0.8720
0.8630
0.8680
0.8788
0.8730
0.8880
0.8570
0.8760
0.8800
0.8850
0.8770
0.8630
0.8810
0.8662
0.8870
0.8630
0.8960
0.8690
0.8562
0.8760
0.8690
0.8820
0.8760
0.8712
0.8660
0.8610
0.8600
0.8950
0.8975
0.8770
0.8780
0.8820
0.8730
0.8625
0.8640
0.8730
0.8780
0.8810
0.8812
0.8490
0.8740
0.8810
0.8910
0.8838
0.8690
0.8810
0.8810
0.8750
0.8700
0.8810
0.8530
0.8790
0.8860
0.8788
0.8780
0.8670
0.8840
0.8750
0.8725
0.8830
0.8610
0.8820
0.8790
0.8712
0.8700
0.8900
0.8660
0.8760
0.8750
0.8640
0.8760
0.8720
0.8790
0.8888
0.8780
0.8830
0.8760
0.8680
0.8712
0.8660
0.8780
0.8740
0.8950
0.8612
0.8580
0.8870
0.8640
0.8840
0.8875
0.8790
0.8720
0.8810
0.8760
0.8688
0.8680
0.8790
0.8940
0.8670
0.8688
0.8770
0.8750
0.8850
0.8720
0.8675
0.8890
0.8670
0.8800
0.8760
0.8650
0.8860
0.8670
0.8810
0.8580
0.8888
0.8830
0.8730
0.8630
0.8770
0.8838
0.8760
0.8640
0.8930
0.8820
0.8612
0.8790
0.8730
0.8920
0.8700
0.8625
0.8840
0.8660
0.8760
0.8850
0.8688
0.8830
0.8850
0.8710
0.8830
0.8588
0.8780
0.8980
0.8720
0.8760
0.8562
0.8780
0.8850
0.8740
0.8670
0.8825
0.8560
0.8800
0.8850
0.8810
0.8850
0.8850
0.8790
0.8630
0.8780
0.8838
0.8740
0.8900
0.8740
0.8830
0.8650
0.8710
0.8810
0.8800
0.8740
0.8838
0.8930
0.8590
0.8790
0.8820
0.8762
0.8760
0.8630
0.8740
0.8940
0.8850
0.8740
0.8800
0.8910
0.8640
0.8825
0.8820
0.8640
0.8830
0.8750
0.8888
0.8700
0.8870
0.8860
0.8850
0.8588
0.8750
0.8870
0.8820
0.8830
0.8625
0.8890
0.8740
0.8720
0.8810
0.8775
0.8830
0.8690
0.8990
0.8820
0.8550
0.8700
0.8670
0.8880
0.8930
0.8725
0.8820
0.8780
0.8640
0.8820
0.8875
0.8860
0.8560
0.8770
0.8840
0.8912
0.9000
0.8740
0.8890
0.8650
0.8588
0.8910
0.8630
0.8760
0.8890
0.8700
0.8830
0.8790
0.8840
0.8770
0.8662
0.8740
0.8670
0.8910
0.8760
0.8875
0.8820
0.8940
0.8860
0.8630
0.8675
0.8770
0.8600
0.8900
0.8960
0.8700
0.8830
0.8840
0.8760
0.8900
0.8600
0.8860
0.8800
0.8840
0.8650
0.8825
0.8710
0.8770
0.8900
0.8720
0.8875
0.8730
0.8770
0.8830
0.8890
0.8738
0.8750
0.8770
0.8760
0.8850
0.8850
0.8720
0.8910
0.8780
0.8740
0.8838
0.8760
0.8780
0.8650
0.8960
0.8850
0.8630
0.8960
0.8810
0.8750
0.8875
0.8750
0.8690
0.8940
0.8880
0.8750
0.8940
0.8760
0.8770
0.8770
0.8775
0.8720
0.8870
0.8730
0.8960
0.8750
0.8810
0.8930
0.8820
0.8650
0.8838
0.8750
0.8820
0.8820
0.8830
0.8838
0.8620
0.8870
0.8920
0.8860
0.8788
0.8700
0.8750
0.8740
0.9020
0.8850
0.8680
0.8990
0.8940
0.8720
0.8700
0.8830
0.8870
0.8730
0.8710
0.8938
0.8790
0.8910
0.8790
0.8680
0.8888
0.8820
0.8810
0.8820
0.8850
0.8725
0.8850
0.8850
0.8830
0.8820
0.8662
0.8790
0.8860
0.8920
0.8710
0.8762
0.8840
0.8680
0.8730
0.8780
0.9075
0.8800
0.8790
0.8800
0.8760
0.8925
0.8700
0.8740
0.9040
0.8810
0.8775
0.8900
0.8710
0.8830
0.8790
0.8850
0.8850
0.8640
0.8880
0.8830
0.8888
0.8920
0.8940
0.8670
0.8710
0.8838
0.8960
0.8780
0.8630
0.8990
0.8688
0.8920
0.8950
0.8550
0.8860
0.8788
0.8930
0.8800
0.8760
0.8810
0.8775
0.8830
0.8820
0.8850
0.8810
0.8762
0.8760
0.8940
0.8620
0.9040
0.8700
0.8770
0.9010
0.8750
0.8910
0.8600
0.8850
0.8850
0.8850
0.8770
0.8762
0.8830
0.8770
0.8710
0.8700
0.9150
0.8810
0.8880
0.8760
0.8960
0.8638
0.8820
0.8720
0.8850
0.8860
0.8825
0.8920
0.8820
0.8830
0.8710
0.8788
0.8700
0.8720
0.8910
0.8880
0.8875
0.8730
0.8890
0.8900
0.8800
0.8738
0.8760
0.8760
0.8810
0.8990
0.8738
0.8910
0.8740
0.8850
0.8820
0.8738
0.8680
0.8880
0.8800
0.8910
0.8800
0.8890
0.8760
0.8800
0.8820
0.8812
0.8960
0.8830
0.8820
0.8660
0.8812
0.8750
0.8970
0.8600
0.8910
0.8862
0.8820
0.8790
0.8840
0.8760
0.8888
0.8750
0.8770
0.8790
0.8990
0.8788
0.8920
0.8680
0.8860
0.8860
0.8762
0.8660
0.8830
0.8740
0.8910
0.8988
0.8920
0.8790
0.8760
0.8780
0.8875
0.8780
0.8900
0.8860
0.8790
0.8775
0.8800
0.8710
0.8940
0.8780
0.8912
0.8880
0.8810
0.8920
0.8630
0.8900
0.8930
0.8830
0.8940
0.8730
0.8675
0.8770
0.8960
0.8850
0.8670
0.8900
0.8850
0.8920
0.8900
0.8600
0.8875
0.8630
0.8880
0.8910
0.8910
0.8800
0.8740
0.8690
0.8760
0.8940
0.9050
0.8800
0.8800
0.8790
0.8900
0.8850
0.8820
0.8730
0.8900
0.8740
0.8975
0.8820
0.8890
0.8790
0.8850
0.8762
0.8750
0.8850
0.8840
0.8830
0.8862
0.8800
0.8810
0.8940
0.8870
0.8675
0.8650
0.8880
0.8880
0.8930
0.8775
0.8880
0.8810
0.8780
0.8820
0.8850
0.8790
0.8930
0.8910
0.8790
0.8688
0.8800
0.8840
0.8900
0.8890
0.8675
0.8750
0.8730
0.8940
0.8880
0.8838
0.8930
0.8740
0.8850
0.8700
0.8938
0.8820
0.8710
0.8860
0.8920
0.8825
0.8710
0.8780
0.8760
0.9040
0.8850
0.8850
0.8860
0.8860
0.8940
0.8575
0.8890
0.8770
0.8770
0.8880
0.8838
0.8860
0.8830
0.8770
0.8770
0.8950
0.8950
0.8820
0.8830
0.8730
0.8825
0.8850
0.8970
0.8900
0.8640
0.8800
0.8760
0.8850
0.8810
0.8830
0.8938
0.8860
0.8880
0.8690
0.8870
0.8875
0.8820
0.8970
0.8840
0.8890
0.8600
0.8810
0.8770
0.8960
0.8660
0.9012
0.8880
0.8830
0.8840
0.8860
0.8762
0.8880
0.8880
0.8710
0.8800
0.8925
0.8870
0.8850
0.8810
0.8930
0.8688
0.8730
0.8970
0.8890
0.8690
0.8912
0.8780
0.8910
0.8740
0.8860
0.8912
0.9010
0.8860
0.8770
0.8770
0.8762
0.8720
0.8820
0.8860
0.9000
0.8775
0.8870
0.8790
0.8890
0.8850
0.8775
0.8990
0.8790
0.8790
0.8960
0.8625
0.8670
0.8850
0.8920
0.8800
0.8988
0.8830
0.8950
0.8900
0.8660
0.8862
0.8930
0.8800
0.8810
0.8860
0.8812
0.8860
0.8830
0.8870
0.8860
0.8788
0.8830
0.8750
0.8740
0.8910
0.9025
0.8830
0.8790
0.8940
0.8800
0.8862
0.8740
0.8840
0.8940
0.8830
0.8875
0.8780
0.8800
0.8900
0.8860
0.8888
0.8810
0.9000
0.8730
0.8850
0.8825
0.8820
0.8810
0.8800
0.8950
0.8838
0.8800
0.8890
0.8910
0.8810
0.8800
0.8840
0.8920
0.8740
0.8900
0.8812
0.8880
0.8910
0.8870
0.8710
0.8850
0.8750
0.8890
0.8900
0.8900
0.8775
0.8810
0.9010
0.8830
0.8880
0.8662
0.8950
0.8790
0.8780
0.8910
0.8788
0.8940
0.8810
0.8890
0.8720
0.8888
0.8940
0.8760
0.8910
0.8820
0.8800
0.8950
0.8930
0.8990
0.8650
0.8688
0.8910
0.8930
0.8820
0.8930
0.8600
0.8870
0.8970
0.8710
0.8920
0.8762
0.8810
0.8960
0.8870
0.8920
0.8650
0.8840
0.8750
0.8790
0.8890
0.9012
0.8980
0.8720
0.8810
0.8780
0.8988
0.9070
0.8930
0.8640
0.8770
0.8838
0.8820
0.8970
0.8830
0.8710
0.8938
0.8710
0.8780
0.8860
0.8970
0.8950
0.8820
0.8910
0.8790
0.8970
0.8712
0.8870
0.8830
0.8770
0.8920
0.8838
0.8920
0.8910
0.8850
0.8800
0.8725
0.8750
0.8920
0.8710
0.8920
0.8950
0.8640
0.8900
0.8920
0.8900
0.8875
0.8810
0.8860
0.8840
0.8860
0.8875
0.8780
0.8850
0.8940
0.8630
0.9087
0.8920
0.8960
0.8870
0.8720
0.8750
0.8700
0.8850
0.8930
0.8830
0.8950
0.8800
0.8910
0.8740
0.8930
0.8862
0.8600
0.8800
0.8870
0.8980
0.9025
0.8870
0.8760
0.8800
0.9010
0.8788
0.8660
0.9010
0.8640
0.8940
0.9025
0.8850
0.8790
0.8930
0.8780
0.8900
0.8810
0.8870
0.8770
0.8870
0.8938
0.8920
0.8860
0.8760
0.8870
0.8825
0.8740
0.8920
0.8880
0.8920
0.8762
0.8850
0.8790
0.8880
0.8900
0.8825
0.8900
0.8830
0.8840
0.8880
0.8800
0.8860
0.8700
0.8810
0.9000
0.8900
0.8870
0.8780
0.8800
0.8820
0.9025
0.8750
0.8900
0.8900
0.8840
0.8900
0.8870
0.8820
0.8870
0.8820
0.8900
0.8760
0.8860
0.8880
0.8820
0.8975
0.8940
0.8830
0.8720
0.8830
0.8975
0.8770
0.8810
0.9030
0.8860
0.8788
0.8780
0.8950
0.8890
0.8750
0.8900
0.8850
0.8820
0.8890
0.8880
0.8812
0.8820
0.8890
0.8920
0.8830
0.8788
0.8730
0.8790
0.8820
0.8930
0.9025
0.8920
0.8760
0.8800
0.8760
0.9062
0.8900
0.8970
0.8930
0.8880
0.8512
0.8840
0.8880
0.8720
0.8870
0.8975
0.8890
0.8960
0.8860
0.8770
0.8762
0.9010
0.8990
0.8770
0.8670
0.8812
0.8870
0.8830
0.8890
0.8870
0.8788
0.8790
0.8930
0.8830
0.8840
0.8875
0.8940
0.8900
0.8850
0.8880
0.8650
0.8830
0.8910
0.8920
0.8770
0.8825
0.8810
0.8890
0.8840
0.8850
0.8875
0.8780
0.8980
0.8800
0.8950
0.8725
0.8930
0.8820
0.8860
0.8740
0.8925
0.8840
0.8780
0.9040
0.8890
0.8675
0.8740
0.9100
0.8870
0.8810
0.8712
0.8720
0.8880
0.8870
0.8920
0.8875
0.8850
0.8840
0.8840
0.8850
0.8900
0.8870
0.8820
0.8930
0.8830
0.8812
0.8890
0.8780
0.8950
0.8750
0.8912
0.8910
0.8860
0.8810
0.8900
0.8775
0.9020
0.8930
0.8840
0.8730
0.8712
0.8920
0.8950
0.8640
0.8920
0.8825
0.9040
0.8830
0.8800
0.8770
0.8812
0.8940
0.8780
0.8870
0.8790
0.8888
0.8870
0.8860
0.8820
0.8810
0.8912
0.8790
0.8950
0.9000
0.8800
0.8688
0.8800
0.8920
0.8820
0.8770
0.8975
0.8880
0.8940
0.8840
0.8680
0.8938
0.8850
0.8650
0.8960
0.8870
0.8950
0.8880
0.8860
0.8780
0.8810
0.8950
0.8850
0.8890
0.8790
0.8840
0.8900
0.8840
0.8890
0.8960
0.8860
0.8688
0.8840
0.8770
0.8890
0.8870
0.8912
0.8740
0.8920
0.8850
0.8930
0.8838
0.8840
0.8850
0.8900
0.8830
0.8862
0.8850
0.8930
0.8890
0.8880
0.8700
0.8860
0.8810
0.8760
0.8860
0.9025
0.8850
0.8820
0.8860
0.8840
0.8925
0.8800
0.8920
0.8690
0.8980
0.8912
0.8790
0.8720
0.8920
0.8970
0.8900
0.8800
0.8780
0.8950
0.8830
0.8950
0.8850
0.8760
0.8890
0.8950
0.8838
0.8910
0.8730
0.8820
0.8880
0.8975
0.8730
0.9100
0.8800
0.8790
0.8875
0.8760
0.8880
0.8900
0.8830
0.8938
0.8820
0.8840
0.8740
0.8980
0.8925
0.8920
0.8920
0.8950
0.8780
0.8688
0.8840
0.8780
0.8900
0.9020
0.8738
0.8770
0.8850
0.8890
0.8740
0.9100
0.8830
0.8950
0.8830
0.8830
0.8862
0.8790
0.8860
0.8710
0.8880
0.9113
0.8890
0.8780
0.8920
0.8940
0.8750
0.9000
0.8840
0.8690
0.9000
0.8750
0.8890
0.8920
0.8820
0.8680
0.9025
0.8850
0.8910
0.8820
0.8840
0.8888
0.8810
0.8890
0.8750
0.8860
0.9025
0.8880
0.8820
0.8930
0.8810
0.8875
0.8880
0.8850
0.8810
0.8820
0.8975
0.8770
0.8920
0.8860
0.8950
0.8800
0.8940
0.8830
0.8830
0.8830
0.8888
0.8680
0.8920
0.8950
0.9050
0.8675
0.8840
0.8950
0.8890
0.8860
0.8750
0.8790
0.8860
0.8800
0.8990
0.8862
0.8900
0.8870
0.8790
0.8900
0.8838
0.8720
0.8730
0.8970
0.9050
0.8825
0.8940
0.8800
0.8900
0.8960
0.8675
0.8770
0.8800
0.8800
0.9010
0.8950
0.8770
0.8820
0.8910
0.8950
0.8850
0.8920
0.8800
0.8810
0.8850
0.8938
0.8950
0.8850
0.8800
0.8890
0.8812
0.8870
0.8990
0.8870
0.8770
0.8788
0.8700
0.8990
0.8950
0.8900
0.8750
0.8910
0.8850
0.8910
0.8930
0.8675
0.8860
0.8950
0.8730
0.8860
0.8925
0.8900
0.8930
0.8740
0.8950
0.8775
0.8870
0.8880
0.8790
0.8870
0.8912
0.8850
0.8750
0.8980
0.8850
0.8888
0.8860
0.8940
0.8820
0.8840
0.8862
0.8940
0.8860
0.8830
0.8810
0.8888
0.8880
0.8910
0.8800
0.8880
0.8850
0.8800
0.8990
0.8750
0.8980
0.8788
0.8900
0.8940
0.8720
0.8820
0.8962
0.8840
0.9000
0.8740
0.8920
0.8812
0.8980
0.8870
0.8770
0.8740
0.8988
0.8850
0.8700
0.8840
0.8950
0.9012
0.8650
0.9040
0.8780
0.8970
0.8888
0.8860
0.8650
0.8880
0.8950
0.9012
0.8900
0.8930
0.8860
0.8690
0.8950
0.8960
0.8870
0.8750
0.8850
0.8888
0.8990
0.8770
0.8830
0.8900
0.8812
0.8820
0.8930
0.8980
0.8760
0.8812
0.8910
0.9020
0.8840
0.8820
0.8688
0.8830
0.8920
0.8850
0.8870
0.8838
0.9050
0.8930
0.8580
0.8850
0.8925
0.8750
0.8800
0.8870
0.8880
0.9062
0.8870
0.8910
0.8790
0.8830
0.8938
0.8760
0.8920
0.8870
0.8950
0.8825
0.8940
0.8860
0.8910
0.8780
0.8838
0.8780
0.8860
0.8950
0.8830
0.8925
0.8970
0.8700
0.8710
0.8940
0.9062
0.8830
0.8750
0.8870
0.8960
0.8950
0.8850
0.8810
0.8850
0.8970
0.8875
0.8940
0.8880
0.8940
0.8730
0.8875
0.8920
0.8830
0.8970
0.8890
0.8725
0.8910
0.8850
0.8910
0.8960
0.8700
0.8820
0.8980
0.8850
0.8870
0.8838
0.8810
0.8980
0.8960
0.8880
0.8700
0.8830
0.8870
0.8850
0.8980
0.8825
0.8840
0.8960
0.8850
0.8910
0.8788
0.8850
0.8850
0.8760
0.9030
0.8875
0.8950
0.8750
0.8870
0.8820
0.9000
0.8890
0.8800
0.8960
0.8810
0.8912
0.8920
0.8850
0.8980
0.8890
0.8688
0.8860
0.8940
0.8790
0.8920
0.8850
0.8870
0.9030
0.8700
0.8930
0.8838
0.8820
0.8950
0.9080
0.8730
0.8775
0.8810
0.9040
0.8850
0.8730
0.8962
0.8900
0.8850
0.8800
0.9000
0.8812
0.8780
0.8860
0.8900
0.8860
0.9000
0.8920
0.8900
0.8910
0.8890
0.8725
0.8840
0.8960
0.8830
0.8760
0.9012
0.8730
0.8920
0.8770
0.8880
0.9125
0.8940
0.8900
0.8820
0.9000
0.8688
0.8970
0.8790
0.8840
0.8990
0.8775
0.9040
0.8810
0.8820
0.8790
0.8938
0.8920
0.8870
0.8730
0.8910
0.8962
0.8980
0.8770
0.8960
0.8860
0.8788
0.8930
0.8820
0.8940
0.8800
0.8875
0.8700
0.8840
0.9020
0.8900
0.8925
0.8850
0.8870
0.8940
0.8970
0.8712
0.8830
0.8870
0.8950
0.8910
0.8812
0.8890
0.8860
0.8830
0.8940
0.8862
0.8950
0.8860
0.8800
0.8880
0.8912
0.8890
0.8780
0.8980
0.8810
0.8950
0.8900
0.8870
0.8930
0.8840
0.8862
0.8790
0.8980
0.8820
0.8920
0.8900
0.8910
0.8830
0.8780
0.8940
0.8962
0.8810
0.8870
0.8940
0.8820
0.8988
0.8830
0.8840
0.8910
0.8990
0.8825
0.8940
0.8790
0.8930
0.8860
0.8900
0.8910
0.8980
0.8770
0.8940
0.8800
0.8690
0.9030
0.8850
0.9010
0.8825
0.8900
0.8860
0.9010
0.8850
0.8800
0.8970
0.8940
0.8870
0.8830
0.8812
0.8900
0.8950
0.8920
0.8810
0.8850
0.8880
0.9050
0.8820
0.8760
0.8938
0.8900
0.8920
0.8860
0.8950
0.8788
0.8980
0.8960
0.8860
0.8940
0.8650
0.9020
0.8890
0.8870
0.8860
0.8775
0.8920
0.8900
0.8880
0.8830
0.8912
0.8960
0.8900
0.8850
0.8920
0.8788
0.9110
0.8710
0.8720
0.8950
0.8962
0.8830
0.8890
0.8790
0.9030
0.8900
0.8840
0.8900
0.8940
0.8910
0.8825
0.8880
0.8870
0.8830
0.8840
0.9038
0.8910
0.8850
0.8950
0.8870
0.8838
0.8860
0.8840
0.8870
0.9030
0.8812
0.8960
0.8760
0.8900
0.8930
0.8875
0.8940
0.8790
0.8840
0.8890
0.8988
0.8960
0.8850
0.8760
0.8960
0.8900
0.8980
0.8960
0.8740
0.8860
0.8888
0.8840
0.8900
0.8800
0.8920
0.9000
0.8810
0.8880
0.8820
0.8960
0.9012
0.8900
0.8800
0.8860
0.9010
0.8888
0.8940
0.8870
0.8930
0.8880
0.8825
0.8940
0.8910
0.8850
0.8800
0.8975
0.8930
0.8870
0.8900
0.8940
0.8812
0.8900
0.8910
0.8800
0.9000
0.8850
0.8850
0.8880
0.9000
0.8860
0.8875
0.8830
0.8880
0.8930
0.8910
0.8925
0.8890
0.8650
0.9110
0.8890
0.8950
0.8870
0.8900
0.8900
0.8910
0.8900
0.9110
0.8830
0.9020
0.8700
0.8788
0.8950
0.8950
0.8920
0.8710
0.8950
0.8690
0.9040
0.8960
0.8930
0.8825
0.8950
0.8880
0.8900
0.8920
0.8800
0.8890
0.8710
0.8900
0.9140
0.8812
0.8900
0.8870
0.8880
0.8870
0.8962
0.8960
0.8910
0.8880
0.8850
0.8862
0.8970
0.8930
0.8810
0.8840
0.8925
0.8880
0.8870
0.8830
0.8920
0.8988
0.8950
0.8830
0.8800
0.8940
0.8962
0.8800
0.8810
0.8890
0.9110
0.8850
0.8810
0.8940
0.9000
0.8900
0.8800
0.9010
0.8580
0.8810
0.9050
0.9050
0.9050
0.8910
0.8830
0.8860
0.8800
0.8860
0.8930
0.8780
0.8950
0.8975
0.8900
0.8880
0.8830
0.9030
0.8838
0.8890
0.8920
0.8920
0.8890
0.8862
0.9040
0.8930
0.8910
0.8850
0.8725
0.8660
0.8990
0.8830
0.8950
0.9100
0.8900
0.8880
0.8800
0.8970
0.8950
0.8800
0.8940
0.8940
0.8940
0.8862
0.8810
0.8980
0.9010
0.8750
0.8950
0.8800
0.8920
0.9060
0.8920
0.8775
0.8880
0.8800
0.8990
0.8790
0.9075
0.8860
0.8900
0.8980
0.8930
0.8812
0.8870
0.8780
0.9000
0.8960
0.8888
0.8860
0.9010
0.9000
0.8790
0.8825
0.9000
0.8910
0.8830
0.9000
0.8725
0.8790
0.9040
0.8960
0.8820
0.8888
0.8910
0.8970
0.8800
0.8800
0.9050
0.8910
0.8860
0.8900
0.8920
0.8912
0.8790
0.8800
0.8970
0.8990
0.8962
0.8910
0.8910
0.8940
0.8770
0.8988
0.8760
0.8880
0.8870
0.9010
0.9000
0.8850
0.8960
0.8850
0.8980
0.8850
0.8790
0.8960
0.8970
0.8920
0.8850
0.8990
0.8830
0.8970
0.8850
0.8850
0.8880
0.8790
0.8900
0.8970
0.8975
0.9000
0.8810
0.8990
0.8770
0.8938
0.8960
0.8760
0.8960
0.8870
0.8962
0.8930
0.8870
0.8850
0.8870
0.9000
0.8950
0.8810
0.8980
0.8860
0.8900
0.8890
0.8950
0.8810
0.8920
0.8938
0.8930
0.8900
0.8850
0.8810
0.9038
0.8920
0.8940
0.8920
0.8890
0.8812
0.8800
0.8930
0.8870
0.8870
0.9075
0.8870
0.8950
0.8960
0.8960
0.8750
0.8750
0.8970
0.8890
0.9020
0.8888
0.9000
0.8840
0.8880
0.8950
0.8838
0.8860
0.8860
0.8960
0.8940
0.8900
0.8750
0.8870
0.9030
0.8860
0.9038
0.8940
0.8900
0.8900
0.8900
0.8875
0.9030
0.8870
0.8800
0.8850
0.8988
0.8690
0.8940
0.8880
0.9060
0.8950
0.8790
0.8930
0.8900
0.8900
0.9012
0.8890
0.9030
0.8830
0.8920
0.8825
0.8700
0.9010
0.9000
0.8810
0.9012
0.8930
0.8900
0.8850
0.8910
0.8925
0.8800
0.8840
0.9110
0.8890
0.8862
0.8840
0.9000
0.8980
0.8790
0.8900
0.8740
0.8850
0.8970
0.8930
0.9050
0.8810
0.8850
0.8970
0.9050
0.8812
0.8980
0.8830
0.8760
0.9010
0.8938
0.8880
0.8920
0.8990
0.8810
0.8912
0.8920
0.8800
0.8950
0.8990
0.8838
0.8790
0.9050
0.8840
0.8960
0.8850
0.9060
0.8920
0.8810
0.8810
0.8900
0.9060
0.8880
0.8840
0.8990
0.8688
0.8740
0.8930
0.8940
0.8950
0.8950
0.9040
0.8740
0.8990
0.8850
0.8888
0.8850
0.8850
0.8840
0.9000
0.8988
0.8970
0.8790
0.8860
0.8880
0.9038
0.8780
0.8920
0.9000
0.8860
0.8962
0.8980
0.8800
0.8950
0.8900
0.8875
0.8830
0.8930
0.8960
0.8810
0.9012
0.9090
0.8740
0.8750
0.8910
0.9075
0.8880
0.8930
0.8860
0.8920
0.8950
0.8880
0.8940
0.8960
0.8800
0.8962
0.8710
0.8980
0.8940
0.9030
0.8875
0.9050
0.8730
0.8950
0.8900
0.8925
0.8900
0.9100
0.8790
0.8930
0.8812
0.8910
0.8910
0.8990
0.8990
0.8712
0.8910
0.8830
0.8870
0.8980
0.8975
0.8840
0.8910
0.8960
0.8820
0.9050
0.8920
0.9040
0.8780
0.9070
0.8688
0.8870
0.8840
0.9000
0.8900
0.8938
0.8910
0.9030
0.8800
0.8900
0.8900
0.8900
0.8790
0.8960
0.8820
0.9113
0.9010
0.8890
0.8830
0.9050
0.8725
0.8900
0.9030
0.8870
0.8740
0.9025
0.8930
0.8850
0.8960
0.8930
0.8862
0.8890
0.8950
0.8910
0.8860
0.8938
0.8910
0.8950
0.8940
0.8820
0.8925
0.8920
0.8910
0.8850
0.8990
0.8862
0.8790
0.8980
0.9020
0.8850
0.8900
0.8880
0.8900
0.8920
0.8910
0.8938
0.8810
0.9090
0.8720
0.8940
0.9000
0.8800
0.8880
0.8890
0.9080
0.8888
0.9000
0.8850
0.9010
0.8790
0.8888
0.8870
0.8860
0.8950
0.8970
0.8888
0.8860
0.8790
0.9000
0.8940
0.8975
0.8800
0.9110
0.8880
0.8790
0.8988
0.9070
0.8930
0.8700
0.8930
0.8925
0.8790
0.8880
0.8930
0.8890
0.9113
0.9010
0.8780
0.9020
0.8870
0.8875
0.8980
0.8990
0.8780
0.8920
0.8888
0.8840
0.8880
0.8870
0.9010
0.8975
0.8920
0.8810
0.8790
0.9050
0.9012
0.8690
0.8970
0.9100
0.9040
0.8725
0.8870
0.8960
0.8960
0.8870
0.8900
0.8900
0.8890
0.8880
0.8900
0.9012
0.8900
0.8900
0.8890
0.8890
0.9000
0.8970
0.8870
0.9070
0.8820
0.8800
0.8940
0.9010
0.9030
0.8860
0.8662
0.8910
0.8950
0.8940
0.8890
0.8850
0.8880
0.8780
0.9090
0.8810
0.9025
0.8770
0.8880
0.8960
0.8920
0.9062
0.8990
0.8900
0.9030
0.8840
0.8775
0.8850
0.8980
0.8940
0.8920
0.8862
0.8860
0.8860
0.8950
0.8900
0.9012
0.8790
0.8940
0.9040
0.8990
0.8775
0.8790
0.9010
0.8910
0.8960
0.8900
0.8880
0.9010
0.8930
0.8820
0.8938
0.8890
0.8970
0.8960
0.8960
0.8775
0.9030
0.8920
0.8910
0.8920
0.8775
0.8990
0.9040
0.8590
0.9080
0.8875
0.9080
0.8930
0.8720
0.9030
0.8800
0.8980
0.8880
0.9010
0.8870
0.8825
0.8990
0.8870
0.9020
0.8820
0.8875
0.8960
0.8950
0.8860
0.8980
0.8812
0.8890
0.9020
0.8840
0.9000
0.8812
0.8950
0.8880
0.9090
0.8820
0.8838
0.8940
0.8880
0.8880
0.8990
0.8900
0.8890
0.8960
0.9020
0.8850
0.8862
0.8800
0.8840
0.9120
0.8800
0.9062
0.8810
0.9010
0.8990
0.8910
0.8862
0.9010
0.8720
0.8930
0.8880
0.9087
0.8700
0.9110
0.8930
0.8830
0.9050
0.8890
0.9050
0.8850
0.8910
0.8888
0.8890
0.8960
0.8980
0.8820
0.8962
0.9010
0.8830
0.8900
0.8910
0.8962
0.9020
0.9040
0.8990
0.8690
0.8850
0.8870
0.9050
0.9050
0.8740
0.8900
0.8980
0.8810
0.8770
0.9200
0.8838
0.8970
0.9060
0.8740
0.8990
0.8838
0.8970
0.8950
0.8850
0.8910
0.8938
0.9050
0.9030
0.8830
0.8860
0.8825
0.8920
0.9040
0.8980
0.8650
0.9050
0.8920
0.8900
0.8870
0.9010
0.8912
0.8940
0.8870
0.8840
0.8930
0.9062
0.8810
0.8920
0.9030
0.8970
0.8875
0.8960
0.8870
0.9040
0.8890
0.8825
0.8790
0.8860
0.8970
0.9000
0.9012
0.9020
0.8720
0.9070
0.8920
0.8875
0.8970
0.8870
0.8860
0.8990
0.8925
0.8920
0.8960
0.8860
0.9010
0.8850
0.8830
0.9100
0.8860
0.8890
0.8938
0.8900
0.8940
0.8880
0.8870
0.9050
0.8740
0.8870
0.8960
0.9070
0.8988
0.8890
0.8860
0.8920
0.8910
0.9062
0.8940
0.8910
0.8890
0.8960
0.8912
0.9010
0.8850
0.9020
0.8890
0.8825
0.8890
0.8950
0.8890
0.8880
0.9025
0.8990
0.8920
0.8880
0.9100
0.8675
0.8870
0.8980
0.8890
0.8920
0.8962
0.8860
0.9050
0.8890
0.8990
0.8800
0.8800
0.8920
0.9000
0.8980
0.8912
0.8760
0.9030
0.9060
0.8890
0.8862
0.8910
0.8940
0.8950
0.8840
0.8988
0.8910
0.9000
0.8920
0.8890
0.8900
0.8920
0.8980
0.9060
0.8770
0.8888
0.8850
0.9040
0.8910
0.8930
0.8888
0.9090
0.8820
0.8830
0.8940
0.8950
0.8860
0.9070
0.8860
0.8960
0.8862
0.9020
0.8900
0.9050
0.8820
0.8825
0.9030
0.8840
0.8910
0.8880
0.8988
0.9030
0.8890
0.8960
0.8920
0.8812
0.8820
0.8920
0.9030
0.8870
0.9012
0.8850
0.8940
0.8870
0.8960
0.9038
0.8900
0.9200
0.8800
0.8970
0.8725
0.9020
0.9140
0.8810
0.8720
0.8950
0.9010
0.8940
0.8960
0.9020
0.8662
0.8840
0.9040
0.9010
0.8860
0.8888
0.9000
0.8960
0.8780
0.9010
0.8888
0.8980
0.8770
0.8870
0.8920
0.9150
0.8870
0.8900
0.8990
0.8980
0.8900
0.8930
0.8840
0.8940
0.8890
0.9075
0.9020
0.9030
0.8920
0.8820
0.8838
0.8790
0.9070
0.8890
0.8910
0.9000
0.8920
0.9010
0.8980
0.8850
0.8875
0.8950
0.8840
0.8960
0.9000
0.8888
0.8980
0.8860
0.8960
0.8900
0.8950
0.8900
0.9060
0.8920
0.8900
0.8838
0.8830
0.9080
0.8980
0.8780
0.8975
0.8840
0.9100
0.8960
0.8910
0.8800
0.8900
0.8890
0.8950
0.9030
0.8850
0.8820
0.8940
0.9020
0.8860
0.9025
0.9030
0.8900
0.8920
0.8810
0.9000
0.9010
0.8850
0.8800
0.8940
0.9075
0.8900
0.8750
0.9000
0.9030
0.8975
0.8920
0.8870
0.8980
0.8950
0.8925
0.8980
0.9110
0.8820
0.8730
0.9012
0.8960
0.8900
0.8960
0.8930
0.8875
0.8940
0.8990
0.8870
0.8820
0.9038
0.8940
0.9030
0.8860
0.8800
0.9025
0.8870
0.8910
0.8840
0.9040
0.8988
0.8900
0.8950
0.9030
0.8920
0.8825
0.8720
0.9040
0.8980
0.9030
0.8850
0.8950
0.8790
0.9000
0.9020
0.8888
0.8950
0.8970
0.8800
0.8970
0.8975
0.9080
0.8920
0.8840
0.8850
0.8975
0.8870
0.9090
0.8810
0.9010
0.8862
0.8920
0.8890
0.8840
0.8950
0.9087
0.9010
0.8860
0.8930
0.9000
0.8838
0.8930
0.8950
0.8830
0.9020
0.8925
0.8900
0.8940
0.8930
0.9020
0.8850
0.8880
0.8910
0.8940
0.9010
0.8912
0.8880
0.8950
0.8840
0.9040
0.8938
0.8900
0.8840
0.8980
0.9080
0.8825
0.8980
0.8910
0.8990
0.8920
0.8825
0.9050
0.8920
0.8950
0.9010
0.8662
0.8870
0.9000
0.8960
0.8830
0.9000
0.8920
0.9070
0.9020
0.8820
0.8788
0.8940
0.8840
0.8960
0.9040
0.8850
0.8870
0.8840
0.8990
0.9040
0.8900
0.8730
0.9040
0.8700
0.9090
0.9125
0.8750
0.8830
0.8980
0.9030
0.9087
0.9090
0.9030
0.9040
0.8770
0.8662
0.8970
0.9000
0.8780
0.8930
0.8975
0.9100
0.8790
0.8920
0.8940
0.8888
0.9100
0.8970
0.8940
0.8750
0.8875
0.8900
0.8710
0.9030
0.8930
0.9113
0.8900
0.8980
0.9000
0.8750
0.9038
0.8900
0.8860
0.9090
0.8870
0.8925
0.8960
0.9060
0.8950
0.8880
0.8762
0.9050
0.8990
0.8850
0.8890
0.8862
0.9020
0.8900
0.8930
0.8800
0.9025
0.8970
0.8880
0.8990
0.8870
0.8950
0.8870
0.8790
0.9090
0.8910
0.9012
0.9020
0.8890
0.8800
0.8970
0.8988
0.8840
0.8990
0.8850
0.8920
0.9087
0.8860
0.8900
0.9010
0.8930
0.8962
0.8900
0.8970
0.9060
0.8920
0.8775
0.8910
0.8930
0.8810
0.9000
0.9025
0.9010
0.9030
0.8870
0.8920
0.8800
0.8990
0.8840
0.8880
0.9000
0.8950
0.8840
0.8820
0.9000
0.9000
0.9012
0.8980
0.8760
0.8820
0.9000
0.9137
0.9060
0.8840
0.8990
0.8890
0.8862
0.8780
0.8870
0.9080
0.9070
0.8838
0.9070
0.9080
0.8810
0.8990
0.8650
0.8970
0.8940
0.9000
0.8930
0.8788
0.8900
0.8910
0.8820
0.8990
0.9062
0.8890
0.8890
0.8950
0.8870
0.9100
0.9010
0.8990
0.8940
0.8880
0.8825
0.8910
0.8890
0.8840
0.8950
0.9113
0.8960
0.8980
0.9050
0.8830
0.8825
0.8920
0.8960
0.8990
0.8860
0.8938
0.8950
0.8860
0.8940
0.9000
0.8925
0.9030
0.9010
0.8860
0.8920
0.8838
0.8980
0.8870
0.8880
0.9010
0.8938
0.9020
0.8820
0.9000
0.8860
0.8988
0.8930
0.8900
0.9010
0.8910
0.8938
0.8970
0.8870
0.8930
0.8950
0.8975
0.8880
0.8950
0.8850
0.8930
0.9113
0.9040
0.8890
0.8910
0.8920
0.8925
0.8910
0.8890
0.9000
0.9040
0.8825
0.8930
0.8940
0.8860
0.9020
0.8938
0.9000
0.9050
0.9020
0.8700
0.8912
0.9000
0.9030
0.8920
0.8830
0.8900
0.8770
0.8980
0.9050
0.8940
0.8950
0.9000
0.8850
0.8900
0.9010
0.8925
0.8980
0.8860
0.9060
0.8900
0.8875
0.8840
0.8990
0.9020
0.8920
0.8912
0.8920
0.9010
0.8890
0.8960
0.8900
0.8850
0.9020
0.8960
0.8900
0.8962
0.8900
0.9030
0.8870
0.8920
0.8975
0.8980
0.8930
0.9050
0.8810
0.8912
0.9080
0.8840
0.8910
0.8880
0.8988
0.8950
0.8940
0.8920
0.8930
0.8950
0.8940
0.8960
0.8910
0.8900
0.8988
0.9080
0.8700
0.9120
0.8830
0.8962
0.8810
0.9000
0.9090
0.8750
0.9062
0.9090
0.8790
0.8760
0.9100
0.8950
0.8970
0.8750
0.9080
0.9030
0.8838
0.8870
0.9000
0.9010
0.8850
0.8962
0.9020
0.8950
0.8990
0.8830
0.8888
0.8890
0.8920
0.9070
0.9020
0.8750
0.8890
0.8910
0.8880
0.9020
0.9000
0.9100
0.8800
0.8740
0.9040
0.9025
0.8940
0.8930
0.8930
0.8910
0.9000
0.8960
0.8950
0.9040
0.8840
0.8900
0.8950
0.8820
0.8960
0.9040
0.8925
0.8960
0.8810
0.9000
0.8860
0.9100
0.8900
0.8850
0.8910
0.9110
0.8925
0.9110
0.8760
0.8910
0.8930
0.9000
0.8920
0.8820
0.9000
0.9000
0.8962
0.8860
0.8970
0.9100
0.8740
0.9050
0.9010
0.8880
0.9010
0.8860
0.8938
0.8940
0.8990
0.8890
0.9020
0.8838
0.8920
0.8840
0.9080
0.8960
0.8888
0.9080
0.8870
0.8840
0.8960
0.8950
0.9040
0.8970
0.8820
0.8980
0.8875
0.8890
0.8930
0.9040
0.8860
0.8988
0.9030
0.8950
0.8960
0.8940
0.8788
0.9040
0.8960
0.8880
0.8920
0.8888
0.8960
0.8840
0.9090
0.8920
0.8875
0.8810
0.8890
0.9000
0.8940
0.9087
0.9080
0.8880
0.8860
0.8960
0.8912
0.8880
0.8870
0.9080
0.8880
0.9000
0.9010
0.8880
0.9160
0.8900
0.8700
0.9050
0.8930
0.8890
0.8920
0.8900
0.8960
0.8850
0.9100
0.8990
0.8762
0.8930
0.8800
0.8880
0.9030
0.9087
0.8860
0.8990
0.9010
0.8850
0.9000
0.8880
0.8970
0.8820
0.9020
0.9025
0.9010
0.8820
0.8890
0.9000
0.8988
0.9060
0.8870
0.8860
0.8830
0.9113
0.8960
0.8840
0.8950
0.9050
0.8888
0.8800
0.9060
0.8990
0.8930
0.8912
0.8820
0.8900
0.9090
0.9020
0.8850
0.8930
0.9030
0.8920
0.8930
0.8875
0.8970
0.9120
0.8890
0.8880
0.8825
0.8880
0.9040
0.9010
0.8920
0.8838
0.9000
0.8890
0.8890
0.8950
0.8988
0.8940
0.9030
0.8750
0.9050
0.8938
0.9030
0.8900
0.8910
0.8950
0.8912
