4.9588
8.5613
22.6829
32.7374
40.9599
51.8080
59.7115
69.0343
74.2242
74.0586
84.0181
89.1088
93.6833
100.2097
103.3364
106.0441
105.5208
110.2429
113.4053
120.3174
126.8286
129.0817
124.8642
127.1562
136.8781
133.0447
128.5164
136.8825
131.1072
140.9428
144.9311
153.6304
150.5084
163.2655
163.8531
159.0601
159.3601
156.2824
139.1381
156.0079
157.6536
159.8442
150.7298
155.4842
148.2054
164.2376
154.7469
168.8116
164.1533
141.7326
180.2989
173.7570
186.6988
178.3039
182.4127
170.1947
179.7356
167.3508
184.9023
175.9679
180.3800
206.5317
199.7957
195.1321
186.7282
197.6022
212.0701
207.8457
217.0502
189.2984
210.2218
192.1955
224.3480
206.1690
204.2390
222.3472
213.7740
204.9310
202.1669
215.0261
201.9939
201.2779
213.4462
236.8678
197.4633
229.9485
212.3284
221.0936
215.6271
211.5331
239.7503
235.3164
221.2193
251.1094
204.3263
228.7468
248.5605
231.9341
217.9210
235.6217
