2.4510
4.0736
2.6842
2.8483
2.4527
2.2152
1.8666
1.4152
1.8744
1.2016
1.2875
1.4808
1.4124
1.5097
1.4586
1.8379
1.6143
1.5496
1.7033
1.1895
1.6332
1.5030
1.2128
1.3074
1.2133
1.0416
1.4822
1.1296
1.1758
1.2104
1.3900
6.4086
0.8836
1.4678
1.3613
1.2568
1.1585
1.3270
0.9867
1.1827
1.1198
1.0326
0.7396
1.0637
1.1453
1.0048
1.0610
0.8807
0.7541
0.9947
0.9457
1.2459
1.1531
0.8661
0.9080
1.1088
0.8996
1.0235
1.1098
1.0389
1.0908
1.1131
0.9040
0.9570
1.3345
0.9772
0.8701
1.0275
1.1498
1.0721
0.7124
0.8144
1.1152
1.0427
1.1222
