0.1050
0.0910
0.0840
0.1246
0.0890
0.1070
0.1060
0.1064
0.1030
0.1250
0.0960
0.1277
0.1200
0.1240
0.1280
0.0881
0.1260
0.1410
0.1310
0.1337
0.1270
0.1520
0.1560
0.1581
0.1530
0.1630
0.1820
0.1520
0.1790
0.1670
0.1880
0.2097
0.1870
0.1990
0.1990
0.2036
0.2060
0.2120
0.2110
0.2097
0.2290
0.2280
0.2180
0.2553
0.2430
0.2510
0.2330
0.2401
0.2510
0.2400
0.2790
0.2523
0.2830
0.2480
0.2770
0.2371
0.2780
0.2800
0.2760
0.2888
0.2880
0.2770
0.2900
0.2948
0.2870
0.2950
0.2940
0.3161
0.2950
0.3070
0.3140
0.3040
0.3040
0.3170
0.3050
0.3222
0.3250
0.3160
0.3310
0.2888
0.3210
0.3360
0.3260
0.3131
0.3350
0.3150
0.3550
0.3283
0.3300
0.3310
0.3670
0.3678
0.3700
0.3380
0.3530
0.3799
0.3740
0.3590
0.3610
0.3891
0.3790
0.3570
0.4050
0.3404
0.3700
0.3690
0.4160
0.3678
0.3870
0.3820
0.3920
0.4073
0.4100
0.3780
0.3910
0.3830
0.3910
0.3900
0.4050
0.4103
0.4110
0.4000
0.3970
0.3891
0.4210
0.4170
0.4020
0.4134
0.4510
0.4130
0.4040
0.4438
0.4250
0.4420
0.4290
0.4347
0.4320
0.4370
0.4640
0.4650
0.4400
0.4580
0.4800
0.4711
0.4750
0.4680
0.4760
0.4833
0.4830
0.4840
0.4960
0.5046
0.4770
0.5030
0.5140
0.5653
0.5160
0.5400
0.5440
0.5076
0.5330
0.5370
0.5730
0.5927
0.5510
0.5740
0.5750
0.6140
0.5740
0.5720
0.5950
0.6201
0.5910
0.5800
0.5960
0.6140
0.5980
0.5910
0.6130
0.5988
0.6060
0.6160
0.6080
0.5866
0.6070
0.6030
0.6210
0.6322
0.6250
0.6180
0.6160
0.5775
0.6040
0.6240
0.6150
0.6292
0.6040
0.6570
0.6090
0.5897
0.6280
0.6290
0.6220
0.5836
0.6100
0.6420
0.6280
0.6383
0.6500
0.6260
0.6280
0.6383
0.6570
0.6280
0.6510
0.6140
0.6560
0.6380
0.6430
0.6535
0.6610
0.6570
0.6360
0.6565
0.6570
0.6570
0.6600
0.6657
0.6700
0.6500
0.6730
0.6596
0.6550
0.6640
0.6800
0.6748
0.6680
0.6670
0.6730
0.6839
0.6910
0.6790
0.6700
0.6292
0.6770
0.6810
0.6830
0.6748
0.6990
0.6760
0.6900
0.6444
0.6720
0.7050
0.6950
0.6535
0.7120
0.6860
0.7010
0.6292
0.6840
0.7060
0.7080
0.6748
0.6920
0.7150
0.7140
0.6717
0.7100
0.7110
0.7100
0.6778
0.7070
0.7170
0.7140
0.6778
0.6990
0.7200
0.7130
0.7234
0.7280
0.7160
0.7190
0.6657
0.7020
0.7300
0.7220
0.7173
0.7360
0.7100
0.7240
0.7173
0.7220
0.7140
0.7430
0.7295
0.7340
0.7500
0.7090
0.7204
0.7320
0.7270
0.7400
0.7356
0.7410
0.7390
0.7310
0.7204
0.7540
0.7190
0.7450
0.7143
0.7170
0.7500
0.7430
0.7599
0.7170
0.7290
0.7520
0.8237
0.7450
0.7430
0.7510
0.7204
0.7500
0.7530
0.7370
0.7447
0.7550
0.7370
0.7770
0.6900
0.7620
0.7560
0.7380
0.7538
0.7460
0.7500
0.7590
0.7872
0.7460
0.7560
0.7660
0.7751
0.7490
0.7850
0.7510
0.7416
0.7620
0.7580
0.7740
0.7264
0.7660
0.7650
0.7570
0.7812
0.7630
0.7710
0.7580
0.7812
0.7610
0.7710
0.7760
0.7508
0.7580
0.7540
0.7940
0.7842
0.7710
0.7630
0.7790
0.7751
0.7950
0.7670
0.7680
0.7356
0.7820
0.7770
0.7660
0.7660
0.7500
0.7910
0.7670
0.8237
0.7730
0.7780
0.7800
0.7629
0.7840
0.7800
0.7840
0.7264
0.7680
0.7740
0.7850
0.8085
0.7850
0.7930
0.7680
0.7568
0.7820
0.7720
0.7880
0.7842
0.7750
0.7680
0.7980
0.7964
0.7890
0.7770
0.7850
0.7751
0.7890
0.7890
0.7830
0.7477
0.7820
0.7750
0.8010
0.7690
0.7740
0.7950
0.7870
0.7751
0.7820
0.8060
0.7640
0.8055
0.7880
0.7830
0.7900
0.7903
0.7960
0.7900
0.7810
0.7842
0.7920
0.7800
0.8030
0.7751
0.7890
0.8120
0.7800
0.7629
0.7860
0.7880
0.7910
0.8176
0.7930
0.8050
0.7800
0.7903
0.7830
0.7920
0.7990
0.8055
0.7930
0.8170
0.7820
0.7599
0.8030
0.7870
0.7910
0.8055
0.7880
0.8110
0.7940
0.7842
0.7960
0.7820
0.8010
0.8298
0.7880
0.7930
0.8030
0.8267
0.7990
0.7960
0.7940
0.8146
0.7800
0.8130
0.8100
0.7872
0.8050
0.7950
0.7990
0.8024
0.8010
0.7940
0.8160
0.7751
0.7880
0.8100
0.7980
0.8267
0.7970
0.8030
0.8100
0.7903
0.8110
0.8040
0.7900
0.8116
0.8070
0.7970
0.7990
0.8176
0.8090
0.7990
0.8130
0.7751
0.7830
0.8030
0.8300
0.7994
0.7990
0.8080
0.8120
0.7933
0.8060
0.8210
0.7960
0.7933
0.8100
0.8170
0.8040
0.7781
0.8270
0.7840
0.8150
0.7964
0.8260
0.7940
0.8110
0.7812
0.8160
0.8090
0.8020
0.7964
0.8130
0.8100
0.8040
0.7994
0.8050
0.8210
0.8040
0.7994
0.8180
0.8050
0.8050
0.8085
0.8160
0.8110
0.7950
0.8267
0.7930
0.8220
0.8040
0.8389
0.8100
0.8080
0.8120
0.8085
0.8030
0.8050
0.8170
0.8267
0.8110
0.8260
0.7980
0.8024
0.8080
0.8200
0.7910
0.8541
0.8250
0.8050
0.7980
0.8237
0.7990
0.8130
0.8160
0.8237
0.8010
0.8260
0.8060
0.8146
0.8100
0.8270
0.7980
0.8116
0.8320
0.7960
0.8070
0.8116
0.8230
0.8100
0.8140
0.7812
0.8240
0.8100
0.8140
0.7872
0.8240
0.8190
0.7980
0.8055
0.8090
0.8080
0.8330
0.7812
0.8090
0.8030
0.8270
0.8146
0.8250
0.8070
0.8080
0.8146
0.7920
0.8230
0.8250
0.8267
0.8170
0.8050
0.8140
0.8419
0.8170
0.8100
0.8160
0.8298
0.8120
0.8150
0.8310
0.7903
0.8030
0.8260
0.8290
0.7903
0.8160
0.8040
0.8260
0.8298
0.8460
0.7940
0.8050
0.8328
0.8330
0.8010
0.8210
0.8085
0.8250
0.8100
0.8170
0.8237
0.8120
0.8300
0.8080
0.8359
0.8210
0.8000
0.8340
0.8267
0.8140
0.8310
0.8250
0.7842
0.8270
0.8180
0.8170
0.8055
0.8260
0.8070
0.8180
0.8450
0.8460
0.8120
0.8080
0.8024
0.8150
0.8100
0.8420
0.8024
0.8090
0.8220
0.8270
0.8298
0.8150
0.8230
0.8320
0.8024
0.7890
0.8460
0.8230
0.8389
0.8220
0.8190
0.8370
0.7812
0.8010
0.8420
0.8230
0.8237
0.8260
0.8260
0.8180
0.8116
0.8120
0.8370
0.8130
0.8359
0.8340
0.8040
0.8340
0.8055
0.8300
0.8220
0.8210
0.8024
0.8370
0.8100
0.8270
0.7994
0.8080
0.8360
0.8260
0.8116
0.8250
0.8130
0.8270
0.8267
0.8050
0.8370
0.8250
0.8237
0.8150
0.8140
0.8250
0.8663
0.8250
0.8260
0.8130
0.8450
0.8100
0.8390
0.8210
0.8267
0.8210
0.8240
0.8200
0.8450
0.8440
0.8060
0.8300
0.7994
0.8340
0.8160
0.8240
0.8207
0.8190
0.8370
0.8210
0.8116
0.8330
0.8180
0.8260
0.8146
0.8010
0.8320
0.8350
0.8389
0.8410
0.8150
0.8210
0.8146
0.8210
0.8200
0.8350
0.8237
0.8090
0.8270
0.8330
0.8450
0.8280
0.8230
0.8350
0.7994
0.8300
0.8200
0.8310
0.8176
0.8370
0.8140
0.8380
0.7964
0.8460
0.8300
0.8070
0.8207
0.8250
0.8420
0.8060
0.8541
0.8120
0.8190
0.8480
0.8419
0.8310
0.8180
0.8280
0.8480
0.8230
0.8360
0.8350
0.8024
0.8340
0.8180
0.8290
0.8419
0.8170
0.8190
0.8400
0.8541
0.8300
0.8350
0.8240
0.8237
0.8390
0.8250
0.8240
0.8298
0.8210
0.8300
0.8320
0.8480
0.8410
0.8160
0.8270
0.8511
0.8400
0.8340
0.8260
0.8055
0.8430
0.8200
0.8210
0.8541
0.8430
0.8270
0.8240
0.8267
0.8400
0.8350
0.8110
0.8511
0.8400
0.8280
0.8280
0.8237
0.8300
0.8360
0.8170
0.8632
0.8140
0.8450
0.8290
0.8480
0.8380
0.8230
0.8400
0.8085
0.8350
0.8210
0.8370
0.8389
0.8380
0.8240
0.8380
0.8146
0.8380
0.8200
0.8350
0.8389
0.8180
0.8360
0.8370
0.8450
0.8240
0.8350
0.8350
0.8419
0.8340
0.8380
0.8240
0.8359
0.8240
0.8600
0.8250
0.7994
0.8270
0.8420
0.8240
0.8541
0.8190
0.8490
0.8370
0.8207
0.8380
0.8260
0.8340
0.8419
0.8180
0.8340
0.8540
0.8176
0.8310
0.8400
0.8300
0.8328
0.8470
0.8250
0.8270
0.8450
0.8350
0.8390
0.8350
0.8207
0.8500
0.8190
0.8350
0.8389
0.8330
0.8240
0.8420
0.8571
0.8300
0.8340
0.8390
0.8450
0.8270
0.8330
0.8300
0.8845
0.8450
0.8380
0.8310
0.8116
0.8380
0.8340
0.8400
0.8207
0.8250
0.8480
0.8360
0.8298
0.8290
0.8360
0.8410
0.8389
0.8280
0.8440
0.8400
0.8237
0.8340
0.8310
0.8490
0.8207
0.8440
0.8340
0.8360
0.8237
0.8380
0.8210
0.8470
0.8541
0.8450
0.8320
0.8370
0.8328
0.8350
0.8330
0.8250
0.8936
0.8410
0.8250
0.8470
0.8359
0.8280
0.8400
0.8460
0.8359
0.8260
0.8480
0.8500
0.8116
0.8430
0.8500
0.8230
0.8389
0.8490
0.8380
0.8320
0.8298
0.8600
0.8330
0.8290
0.8207
0.8460
0.8300
0.8460
0.8207
0.8410
0.8260
0.8480
0.8419
0.8370
0.8420
0.8330
0.8511
0.8480
0.8390
0.8400
0.8055
0.8440
0.8290
0.8280
0.8845
0.8420
0.8320
0.8310
0.8754
0.8360
0.8600
0.8240
0.8359
0.8480
0.8310
0.8400
0.8419
0.8390
0.8490
0.8350
0.8359
0.8430
0.8360
0.8310
0.8754
0.8330
0.8440
0.8500
0.8237
0.8510
0.8190
0.8550
0.8328
0.8390
0.8310
0.8460
0.8602
0.8290
0.8480
0.8530
0.8207
0.8380
0.8420
0.8310
0.8784
0.8310
0.8480
0.8440
0.8450
0.8360
0.8500
0.8380
0.8450
0.8640
0.8380
0.8250
0.8359
0.8340
0.8400
0.8560
0.8267
0.8350
0.8560
0.8280
0.8602
0.8460
0.8550
0.8200
0.8541
0.8390
0.8320
0.8550
0.8419
0.8560
0.8460
0.8370
0.8055
0.8370
0.8290
0.8580
0.8511
0.8360
0.8500
0.8410
0.8450
0.8530
0.8290
0.8480
0.8389
0.8320
0.8510
0.8480
0.8359
0.8500
0.8480
0.8390
0.8176
0.8410
0.8450
0.8400
0.8511
0.8610
0.8360
0.8410
0.8146
0.8540
0.8360
0.8350
0.8571
0.8550
0.8430
0.8320
0.8419
0.8450
0.8320
0.8520
0.8450
0.8540
0.8560
0.8270
0.8207
0.8310
0.8590
0.8310
0.8693
0.8450
0.8490
0.8370
0.8389
0.8520
0.8470
0.8260
0.8602
0.8430
0.8550
0.8350
0.8359
0.8450
0.8580
0.8240
0.8541
0.8390
0.8420
0.8450
0.8571
0.8480
0.8330
0.8480
0.8511
0.8490
0.8370
0.8440
0.8511
0.8600
0.8360
0.8420
0.8298
0.8550
0.8560
0.8360
0.8024
0.8470
0.8640
0.8270
0.8298
0.8610
0.8320
0.8400
0.8450
0.8280
0.8560
0.8500
0.8450
0.8610
0.8330
0.8380
0.8541
0.8510
0.8540
0.8280
0.8480
0.8570
0.8400
0.8370
0.8480
0.8620
0.8330
0.8470
0.8237
0.8320
0.8490
0.8470
0.8663
0.8520
0.8310
0.8550
0.8359
0.8390
0.8400
0.8550
0.8480
0.8260
0.8670
0.8440
0.8419
0.8380
0.8470
0.8520
0.8419
0.8600
0.8480
0.8320
0.8328
0.8530
0.8490
0.8460
0.8146
0.8480
0.8500
0.8440
0.8359
0.8380
0.8520
0.8460
0.8541
0.8380
0.8750
0.8340
0.8237
0.8650
0.8330
0.8360
0.8632
0.8390
0.8460
0.8570
0.8450
0.8510
0.8450
0.8410
0.8602
0.8480
0.8410
0.8490
0.8571
0.8540
0.8460
0.8550
0.8085
0.8360
0.8480
0.8500
0.8754
0.8550
0.8210
0.8730
0.8267
0.8400
0.8530
0.8470
0.8602
0.8330
0.8470
0.8530
0.8784
0.8550
0.8370
0.8460
0.8632
0.8520
0.8450
0.8470
0.8450
0.8680
0.8440
0.8340
0.8389
0.8380
0.8480
0.8640
0.8298
0.8530
0.8490
0.8460
0.8419
0.8630
0.8440
0.8460
0.8298
0.8560
0.8490
0.8450
0.8419
0.8590
0.8590
0.8390
0.8176
0.8480
0.8350
0.8610
0.8602
0.8580
0.8480
0.8500
0.8237
0.8630
0.8480
0.8380
0.8480
0.8360
0.8520
0.8480
0.8845
0.8430
0.8540
0.8570
0.8328
0.8520
0.8550
0.8420
0.8480
0.8490
0.8460
0.8600
0.8328
0.8630
0.8540
0.8420
0.8237
0.8470
0.8490
0.8490
0.8693
0.8450
0.8560
0.8530
0.8541
0.8650
0.8550
0.8390
0.8419
0.8550
0.8490
0.8500
0.8602
0.8500
0.8550
0.8610
0.8237
0.8630
0.8490
0.8440
0.8541
0.8580
0.8600
0.8420
0.8419
0.8430
0.8420
0.8590
0.8906
0.8530
0.8350
0.8550
0.8936
0.8500
0.8570
0.8460
0.8632
0.8440
0.8560
0.8480
0.8784
0.8580
0.8490
0.8500
0.8511
0.8510
0.8540
0.8580
0.8359
0.8510
0.8580
0.8540
0.8419
0.8530
0.8650
0.8460
0.8419
0.8670
0.8450
0.8460
0.8602
0.8640
0.8480
0.8540
0.8359
0.8500
0.8550
0.8540
0.8571
0.8650
0.8430
0.8540
0.8480
0.8460
0.8650
0.8480
0.8571
0.8470
0.8470
0.8660
0.8571
0.8550
0.8550
0.8530
0.8480
0.8420
0.8620
0.8560
0.8632
0.8520
0.8730
0.8430
0.8389
0.8570
0.8490
0.8600
0.8450
0.8610
0.8610
0.8460
0.8389
0.8530
0.8540
0.8580
0.8511
0.8410
0.8720
0.8560
0.8389
0.8440
0.8590
0.8690
0.8298
0.8590
0.8550
0.8450
0.8693
0.8570
0.8650
0.8440
0.8480
0.8490
0.8370
0.8740
0.8663
0.8600
0.8670
0.8430
0.8389
0.8580
0.8530
0.8550
0.8541
0.8630
0.8510
0.8460
0.8693
0.8500
0.8490
0.8600
0.8723
0.8540
0.8540
0.8440
0.8906
0.8650
0.8390
0.8560
0.8663
0.8620
0.8570
0.8460
0.8541
0.8510
0.8520
0.8530
0.8815
0.8490
0.8520
0.8560
0.8815
0.8580
0.8500
0.8600
0.8480
0.8660
0.8690
0.8430
0.8237
0.8470
0.8610
0.8540
0.8723
0.8600
0.8470
0.8560
0.8663
0.8590
0.8480
0.8610
0.8541
0.8580
0.8540
0.8510
0.8693
0.8610
0.8600
0.8430
0.8663
0.8660
0.8540
0.8560
0.8298
0.8560
0.8520
0.8570
0.8632
0.8530
0.8610
0.8580
0.8450
0.8520
0.8610
0.8510
0.8693
0.8590
0.8440
0.8590
0.8754
0.8610
0.8540
0.8590
0.8389
0.8490
0.8620
0.8610
0.8450
0.8530
0.8690
0.8530
0.8359
0.8600
0.8470
0.8620
0.8541
0.8540
0.8570
0.8610
0.8511
0.8680
0.8470
0.8570
0.8541
0.8650
0.8440
0.8640
0.8511
0.8580
0.8540
0.8550
0.8723
0.8500
0.8580
0.8680
0.8450
0.8500
0.8550
0.8630
0.8693
0.8570
0.8750
0.8330
0.8784
0.8500
0.8730
0.8510
0.8511
0.8680
0.8520
0.8570
0.8419
0.8430
0.8740
0.8500
0.8723
0.8600
0.8400
0.8660
0.8723
0.8530
0.8560
0.8560
0.8754
0.8440
0.8620
0.8620
0.8663
0.8460
0.8690
0.8540
0.8632
0.8520
0.8570
0.8600
0.8632
0.8450
0.8650
0.8660
0.8419
0.8640
0.8510
0.8520
0.8693
0.8530
0.8740
0.8560
0.8207
0.8520
0.8520
0.8660
0.8602
0.8550
0.8490
0.8700
0.8511
0.8450
0.8670
0.8610
0.8571
0.8440
0.8610
0.8630
0.8723
0.8750
0.8400
0.8550
0.8632
0.8490
0.8490
0.8650
0.8845
0.8630
0.8590
0.8480
0.8602
0.8820
0.8550
0.8340
0.8602
0.8630
0.8530
0.8620
0.8389
0.8590
0.8590
0.8640
0.8267
0.8320
0.8750
0.8640
0.8602
0.8510
0.8640
0.8600
0.8480
0.8520
0.8690
0.8510
0.8571
0.8540
0.8460
0.8630
0.8845
0.8650
0.8610
0.8540
0.8328
0.8380
0.8610
0.8700
0.8663
0.8540
0.8720
0.8420
0.8723
0.8330
0.8700
0.8660
0.8693
0.8640
0.8610
0.8400
0.8784
0.8560
0.8610
0.8550
0.8571
0.8710
0.8620
0.8510
0.8267
0.8760
0.8420
0.8600
0.8511
0.8610
0.8600
0.8510
0.8723
0.8620
0.8470
0.8650
0.8663
0.8670
0.8580
0.8470
0.8754
0.8600
0.8590
0.8520
0.8784
0.8560
0.8590
0.8660
0.8480
0.8490
0.8710
0.8610
0.8480
0.8640
0.8680
0.8520
0.8389
0.8660
0.8490
0.8530
0.8875
0.8650
0.8520
0.8630
0.8511
0.8520
0.8800
0.8520
0.8389
0.8660
0.8520
0.8670
0.8359
0.8630
0.8590
0.8500
0.8754
0.8580
0.8580
0.8660
0.8450
0.8620
0.8610
0.8500
0.8723
0.8790
0.8560
0.8420
0.8602
0.8640
0.8500
0.8650
0.8571
0.8640
0.8600
0.8540
0.8663
0.8400
0.8680
0.8710
0.8632
0.8610
0.8580
0.8580
0.8693
0.8560
0.8620
0.8560
0.8754
0.8620
0.8700
0.8500
0.8541
0.8470
0.8680
0.8630
0.8663
0.8480
0.8750
0.8560
0.8632
0.8480
0.8500
0.8800
0.8663
0.8650
0.8660
0.8450
0.8723
0.8490
0.8670
0.8560
0.8845
0.8620
0.8540
0.8830
0.8055
0.8480
0.8620
0.8700
0.8602
0.8640
0.8440
0.8680
0.8754
0.8520
0.8770
0.8500
0.8663
0.8750
0.8660
0.8480
0.8359
0.8580
0.8650
0.8570
0.8632
0.8760
0.8670
0.8470
0.8328
0.8630
0.8640
0.8580
0.8480
0.8540
0.8470
0.8780
0.8663
0.8450
0.8700
0.8650
0.8663
0.8750
0.8570
0.8490
0.8632
0.8550
0.8500
0.8770
0.8571
0.8590
0.8540
0.8800
0.8237
0.8690
0.8670
0.8500
0.8450
0.8570
0.8580
0.8690
0.8541
0.8470
0.8590
0.8690
0.8815
0.8410
0.8640
0.8800
0.8511
0.8560
0.8590
0.8620
0.8754
0.8660
0.8710
0.8490
0.8480
0.8550
0.8630
0.8580
0.8784
0.8640
0.8560
0.8610
0.8663
0.8680
0.8600
0.8550
0.8602
0.8650
0.8650
0.8560
0.8511
0.8620
0.8740
0.8590
0.8298
0.8680
0.8580
0.8600
0.8571
0.8580
0.8690
0.8610
0.8511
0.8760
0.8610
0.8550
0.8419
0.8640
0.8670
0.8470
0.8845
0.8620
0.8670
0.8680
0.8237
0.8410
0.8810
0.8680
0.8450
0.8500
0.8660
0.8660
0.8693
0.8740
0.8530
0.8570
0.8632
0.8660
0.8610
0.8630
0.8450
0.8500
0.8760
0.8560
0.8693
0.8820
0.8600
0.8450
0.8541
0.8800
0.8610
0.8420
0.8693
0.8670
0.8680
0.8600
0.8328
0.8700
0.8570
0.8580
0.8632
0.8550
0.8580
0.8670
0.8784
0.8430
0.8650
0.8770
0.8663
0.8520
0.8740
0.8560
0.8754
0.8580
0.8640
0.8660
0.8602
0.8770
0.8530
0.8570
0.8663
0.8510
0.8630
0.8680
0.8815
0.8560
0.8580
0.8720
0.8723
0.8550
0.8710
0.8630
0.8632
0.8730
0.8550
0.8630
0.8571
0.8570
0.8570
0.8750
0.8632
0.8640
0.8540
0.8720
0.8602
0.8650
0.8550
0.8770
0.8389
0.8550
0.8780
0.8600
0.8541
0.8650
0.8780
0.8440
0.8723
0.8760
0.8620
0.8570
0.8480
0.8890
0.8590
0.8490
0.8450
0.8650
0.8620
0.8560
0.8875
0.8600
0.8740
0.8580
0.8632
0.8590
0.8650
0.8630
0.8784
0.8690
0.8600
0.8600
0.8723
0.8780
0.8600
0.8530
0.8663
0.8570
0.8750
0.8570
0.8723
0.8750
0.8650
0.8500
0.8693
0.8790
0.8690
0.8420
0.8693
0.8560
0.8670
0.8690
0.8663
0.8660
0.8750
0.8570
0.8480
0.8680
0.8670
0.8590
0.8602
0.8520
0.8760
0.8690
0.8511
0.8710
0.8660
0.8600
0.8541
0.8530
0.8660
0.8720
0.8754
0.8560
0.8590
0.8770
0.8754
0.8840
0.8560
0.8590
0.8541
0.8610
0.8580
0.8800
0.8541
0.8720
0.8730
0.8480
0.8723
0.8660
0.8680
0.8740
0.8328
0.8610
0.8550
0.8700
0.8997
0.8670
0.8530
0.8760
0.8693
0.8630
0.8560
0.8840
0.8480
0.8600
0.8500
0.8810
0.8845
0.8720
0.8640
0.8700
0.8389
0.8790
0.8550
0.8640
0.8632
0.8540
0.8670
0.8780
0.8602
0.8840
0.8720
0.8530
0.8298
0.8540
0.8640
0.8770
0.8754
0.8480
0.8660
0.8780
0.8845
0.8670
0.8470
0.8760
0.8906
0.8620
0.8680
0.8620
0.8845
0.8750
0.8660
0.8610
0.8541
0.8740
0.8710
0.8630
0.8389
0.8630
0.8590
0.8740
0.8723
0.8650
0.8650
0.8700
0.8632
0.8710
0.8680
0.8590
0.8693
0.8700
0.8710
0.8620
0.8541
0.8690
0.8570
0.8740
0.8632
0.8580
0.8730
0.8710
0.8571
0.8660
0.8570
0.8680
0.8906
0.8670
0.8660
0.8690
0.8602
0.8740
0.8600
0.8560
0.8967
0.8730
0.8530
0.8700
0.8784
0.8740
0.8680
0.8620
0.8541
0.8660
0.8670
0.8590
0.8906
0.8650
0.8630
0.8650
0.8845
0.8840
0.8660
0.8570
0.8419
0.8650
0.8660
0.8720
0.8541
0.8650
0.8670
0.8750
0.8450
0.8640
0.8660
0.8680
0.8723
0.8650
0.8700
0.8660
0.8632
0.8660
0.8590
0.8690
0.8845
0.8510
0.8690
0.8810
0.8632
0.8670
0.8620
0.8650
0.8845
0.8610
0.8640
0.8710
0.8784
0.8610
0.8700
0.8660
0.8754
0.8610
0.8690
0.8750
0.8511
0.8680
0.8710
0.8550
0.8845
0.8540
0.8810
0.8660
0.8632
0.8800
0.8470
0.8690
0.8784
0.8710
0.8550
0.8670
0.8875
0.8760
0.8710
0.8590
0.8480
0.8390
0.8770
0.8740
0.8967
0.8710
0.8750
0.8580
0.8541
0.8610
0.8670
0.8660
0.8845
0.8690
0.8760
0.8620
0.8450
0.8650
0.8700
0.8590
0.8845
0.8700
0.8680
0.8700
0.8450
0.8600
0.8720
0.8740
0.8511
0.8630
0.8440
0.8890
0.8815
0.8780
0.8410
0.8810
0.8693
0.8850
0.8610
0.8600
0.8511
0.8530
0.8620
0.8900
0.8511
0.8510
0.8740
0.8610
0.9088
0.8830
0.8550
0.8590
0.8754
0.8710
0.8660
0.8730
0.8389
0.8460
0.8630
0.8810
0.8997
0.8700
0.8500
0.8720
0.8936
0.8730
0.8720
0.8570
0.8632
0.8640
0.8700
0.8660
0.8693
0.8580
0.8690
0.8720
0.8723
0.8660
0.8610
0.8720
0.8723
0.8680
0.8640
0.8700
0.8632
0.8760
0.8680
0.8590
0.8602
0.8680
0.8650
0.8610
0.8875
0.8820
0.8670
0.8550
0.8571
0.8710
0.8670
0.8570
0.8845
0.8640
0.8750
0.8690
0.8450
0.8820
0.8510
0.8760
0.8419
0.8610
0.8620
0.8780
0.8632
0.8650
0.8800
0.8590
0.8541
0.8620
0.8640
0.8680
0.8875
0.8710
0.8550
0.8800
0.8511
0.8650
0.8740
0.8560
0.8875
0.8650
0.8760
0.8580
0.8723
0.8650
0.8640
0.8730
0.8632
0.8720
0.8660
0.8700
0.8450
0.8630
0.8580
0.8710
0.8936
0.8710
0.8760
0.8560
0.8663
0.8610
0.8790
0.8680
0.8511
0.8690
0.8570
0.8790
0.8602
0.8720
0.8700
0.8680
0.8450
0.8660
0.8600
0.8770
0.8663
0.8640
0.8740
0.8730
0.8419
0.8720
0.8600
0.8760
0.8480
0.8800
0.8560
0.8610
0.8815
0.8650
0.8700
0.8640
0.8754
0.8610
0.8740
0.8680
0.8632
0.8720
0.8690
0.8630
0.8632
0.8680
0.8620
0.8680
0.8845
0.8630
0.8660
0.8700
0.8815
0.8770
0.8780
0.8610
0.8298
0.8760
0.8750
0.8520
0.8693
0.8880
0.8590
0.8560
0.8693
0.8740
0.8600
0.8640
0.8845
0.8830
0.8640
0.8630
0.8480
0.8580
0.8820
0.8710
0.8450
0.8650
0.8700
0.8670
0.8754
0.8700
0.8740
0.8680
0.8450
0.8520
0.8770
0.8710
0.8815
0.8710
0.8630
0.8690
0.8723
0.8700
0.8660
0.8710
0.8602
0.8650
0.8630
0.8750
0.8754
0.8660
0.8710
0.8640
0.8784
0.8850
0.8650
0.8630
0.8419
0.8640
0.8560
0.8770
0.8906
0.8750
0.8780
0.8610
0.8419
0.8760
0.8700
0.8620
0.8602
0.8660
0.8590
0.8820
0.8632
0.8730
0.8630
0.8800
0.8359
0.8530
0.8730
0.8780
0.8723
0.8760
0.8750
0.8510
0.8784
0.8660
0.8610
0.8790
0.8663
0.8790
0.8610
0.8650
0.8693
0.8580
0.8820
0.8640
0.8723
0.8570
0.8710
0.8720
0.8906
0.8720
0.8780
0.8580
0.8693
0.8780
0.8620
0.8670
0.8693
0.8600
0.8690
0.8870
0.8419
0.8530
0.8760
0.8720
0.8875
0.8730
0.8690
0.8650
0.8693
0.8620
0.8720
0.8730
0.8693
0.8780
0.8660
0.8750
0.8328
0.8740
0.8670
0.8670
0.8632
0.8560
0.8850
0.8730
0.8450
0.8650
0.8660
0.8700
0.8845
0.8580
0.8760
0.8730
0.8663
0.8760
0.8700
0.8600
0.8693
0.8720
0.8470
0.8830
0.8815
0.8670
0.8780
0.8640
0.8602
0.8650
0.8690
0.8690
0.8784
0.8560
0.8740
0.8760
0.8693
0.8400
0.8900
0.8720
0.8815
0.8630
0.8650
0.8820
0.8571
0.8740
0.8730
0.8550
0.8815
0.8680
0.8720
0.8570
0.8967
0.8690
0.8650
0.8780
0.8541
0.8620
0.8700
0.8770
0.8632
0.8650
0.8600
0.8850
0.8602
0.8770
0.8640
0.8650
0.8723
0.8670
0.8730
0.8680
0.8663
0.8870
0.8800
0.8450
0.8541
0.8740
0.8700
0.8620
0.8723
0.8640
0.8720
0.8750
0.8571
0.8680
0.8730
0.8620
0.8815
0.8650
0.8850
0.8630
0.8511
0.8740
0.8560
0.8740
0.8784
0.8580
0.8790
0.8740
0.8571
0.8680
0.8650
0.8740
0.8693
0.8760
0.8690
0.8760
0.8267
0.8730
0.8670
0.8740
0.8480
0.8780
0.8800
0.8550
0.8511
0.8630
0.8880
0.8480
0.8936
0.8500
0.8790
0.8810
0.8602
0.8700
0.8660
0.8690
0.8754
0.8580
0.8670
0.8690
0.9088
0.8620
0.8710
0.8720
0.8784
0.8650
0.8800
0.8650
0.8632
0.8660
0.8840
0.8590
0.8663
0.8640
0.8730
0.8700
0.8723
0.8820
0.8630
0.8640
0.8663
0.8650
0.8700
0.8710
0.8754
0.8740
0.8650
0.8760
0.8480
0.8930
0.8620
0.8480
0.8845
0.8710
0.8690
0.8600
0.8967
0.8660
0.8750
0.8690
0.8663
0.8780
0.8500
0.8760
0.8845
0.8790
0.8770
0.8640
0.8359
0.8600
0.8630
0.8890
0.8571
0.8560
0.8750
0.8710
0.8875
0.8730
0.8610
0.8730
0.8723
0.8720
0.8570
0.8760
0.8784
0.8780
0.8620
0.8720
0.8571
0.8640
0.8650
0.8790
0.8693
0.8770
0.8620
0.8690
0.8693
0.8680
0.8580
0.8700
0.9058
0.8780
0.8610
0.8760
0.8511
0.8680
0.8770
0.8600
0.8815
0.8620
0.8660
0.8770
0.8845
0.8710
0.8750
0.8640
0.8693
0.8730
0.8700
0.8680
0.8663
0.8780
0.8740
0.8590
0.8663
0.8820
0.8760
0.8660
0.8237
0.8810
0.8630
0.8550
0.9027
0.8800
0.8720
0.8670
0.8419
0.8740
0.8570
0.8750
0.8815
0.8630
0.8880
0.8610
0.8632
0.8710
0.8560
0.8850
0.8602
0.8740
0.8630
0.8760
0.8602
0.8640
0.8720
0.8660
0.8936
0.8690
0.8570
0.8890
0.8541
0.8750
0.8750
0.8560
0.8815
0.8680
0.8800
0.8690
0.8480
0.8710
0.8690
0.8710
0.8693
0.8760
0.8680
0.8700
0.8602
0.8680
0.8670
0.8690
0.8906
0.8790
0.8540
0.8790
0.8663
0.8660
0.8780
0.8720
0.8541
0.8650
0.8770
0.8740
0.8541
0.8740
0.8640
0.8760
0.8602
0.8730
0.8640
0.8740
0.8693
0.8770
0.8640
0.8630
0.8906
0.8690
0.8620
0.8810
0.8663
0.8480
0.8780
0.8760
0.8997
0.8740
0.8720
0.8610
0.8845
0.8700
0.8650
0.8760
0.8723
0.8660
0.8690
0.8780
0.8663
0.8820
0.8430
0.8830
0.8815
0.8800
0.8630
0.8650
0.8815
0.8770
0.8800
0.8600
0.8541
0.8630
0.8690
0.8740
0.8875
0.8780
0.8620
0.8680
0.8815
0.8700
0.8760
0.8660
0.8693
0.8660
0.8580
0.8840
0.8815
0.8720
0.8640
0.8800
0.8602
0.8770
0.8700
0.8650
0.8754
0.8700
0.8720
0.8770
0.8511
0.8820
0.8630
0.8610
0.8906
0.8930
0.8820
0.8530
0.8237
0.8710
0.8830
0.8620
0.8602
0.8850
0.8590
0.8730
0.8571
0.8660
0.8750
0.8660
0.8906
0.8690
0.8830
0.8650
0.8602
0.8770
0.8740
0.8700
0.8480
0.8730
0.8740
0.8620
0.8845
0.8730
0.8680
0.8720
0.8723
0.8690
0.8710
0.8670
0.8875
0.8820
0.8720
0.8630
0.8602
0.8780
0.8750
0.8640
0.8602
0.8660
0.8770
0.8640
0.8936
0.8660
0.8770
0.8750
0.8602
0.8610
0.8790
0.8780
0.8602
0.8800
0.8760
0.8630
0.8541
0.8880
0.8670
0.8510
0.8967
0.8740
0.8590
0.8660
0.9179
0.8610
0.8770
0.8850
0.8450
0.8820
0.8720
0.8740
0.8298
0.8690
0.8840
0.8630
0.8693
0.8550
0.8700
0.8880
0.8784
0.8730
0.8730
0.8620
0.8936
0.8620
0.8750
0.8810
0.8632
0.8870
0.8630
0.8700
0.8571
0.8710
0.8790
0.8650
0.8723
0.8790
0.8610
0.8620
0.9119
0.8690
0.8710
0.8730
0.8815
0.8840
0.8570
0.8710
0.8845
0.8720
0.8650
0.8850
0.8541
0.8730
0.8690
0.8650
0.8997
0.8670
0.8820
0.8650
0.8784
0.8750
0.8620
0.8840
0.8571
0.8670
0.8790
0.8740
0.8602
0.8850
0.8660
0.8670
0.8663
0.8750
0.8740
0.8700
0.8663
0.8710
0.8800
0.8680
0.8663
0.8880
0.8670
0.8610
0.8754
0.8770
0.8690
0.8670
0.8845
0.8680
0.8690
0.8730
0.8936
0.8680
0.8740
0.8820
0.8511
0.8800
0.8500
0.8930
0.8541
0.8700
0.8730
0.8780
0.8602
0.8810
0.8840
0.8470
0.8875
0.8830
0.8740
0.8640
0.8602
0.8830
0.8720
0.8590
0.8784
0.8730
0.8710
0.8710
0.8723
0.8750
0.8680
0.8670
0.8875
0.8570
0.8880
0.8700
0.8723
0.8790
0.8740
0.8660
0.8632
0.8700
0.8640
0.8760
0.8967
0.8840
0.8680
0.8780
0.8359
0.8650
0.8880
0.8660
0.8693
0.8690
0.8670
0.8690
0.9119
0.8760
0.8790
0.8710
0.8480
0.8800
0.8670
0.8730
0.8663
0.8620
0.8790
0.8850
0.8480
0.8760
0.8680
0.8730
0.8754
0.8750
0.8720
0.8770
0.8541
0.8610
0.8780
0.8700
0.8997
0.8680
0.8640
0.8750
0.9058
0.8830
0.8780
0.8680
0.8419
0.8610
0.8760
0.8760
0.8906
0.8810
0.8730
0.8660
0.8723
0.8690
0.8670
0.8780
0.8906
0.8770
0.8850
0.8640
0.8571
0.8630
0.8850
0.8720
0.8754
0.8840
0.8740
0.8670
0.8602
0.8650
0.8840
0.8640
0.8997
0.8730
0.8640
0.8800
0.8845
0.8800
0.8640
0.8720
0.8906
0.8700
0.8740
0.8660
0.9088
0.8760
0.8750
0.8630
0.8967
0.8630
0.8790
0.8760
0.8845
0.8690
0.8760
0.8780
0.8693
0.8820
0.8810
0.8570
0.8784
0.8650
0.8740
0.8850
0.8693
0.8760
0.8690
0.8790
0.8693
0.8820
0.8530
0.8850
0.8815
0.8790
0.8650
0.8720
0.8997
0.8760
0.8790
0.8700
0.8723
0.8800
0.8790
0.8690
0.8602
0.8710
0.8750
0.8800
0.8663
0.8810
0.8530
0.8810
0.8997
0.8600
0.8810
0.8800
0.8815
0.8790
0.8760
0.8720
0.8632
0.8600
0.8770
0.8840
0.8815
0.8890
0.8810
0.8560
0.8663
0.8750
0.8600
0.8940
0.8571
0.8790
0.8740
0.8760
0.8571
0.8640
0.8780
0.8730
0.8997
0.8770
0.8710
0.8850
0.8450
0.8720
0.8740
0.8740
0.8845
0.8770
0.8700
0.8760
0.8754
0.8870
0.8740
0.8670
0.8602
0.8710
0.8790
0.8770
0.8632
0.8700
0.8880
0.8780
0.8359
0.8730
0.8730
0.8770
0.8784
0.8850
0.8630
0.8800
0.8632
0.8600
0.8770
0.8790
0.8997
0.8700
0.8850
0.8690
0.8754
0.8660
0.8910
0.8610
0.8936
0.8800
0.8860
0.8590
0.8723
0.8610
0.8710
0.8980
0.8571
0.8820
0.8610
0.8750
0.8936
0.8790
0.8860
0.8570
0.8815
0.8750
0.8760
0.8680
0.8906
0.8670
0.8670
0.8860
0.8875
0.8780
0.8660
0.8920
0.8419
0.8810
0.8840
0.8650
0.8602
0.8820
0.8730
0.8750
0.8602
0.8680
0.8790
0.8760
0.8815
0.8680
0.8820
0.8710
0.8875
0.8710
0.8780
0.8750
0.8784
0.8690
0.8810
0.8700
0.8936
0.8750
0.8760
0.8730
0.8815
0.8800
0.8660
0.8910
0.8419
0.8870
0.8710
0.8720
0.8632
0.8750
0.8630
0.8860
0.8815
0.8740
0.8700
0.8790
0.8845
0.8570
0.8930
0.8830
0.8571
0.8830
0.8830
0.8670
0.8571
0.8730
0.8680
0.8850
0.8784
0.8760
0.8710
0.8840
0.8632
0.8700
0.8800
0.8700
0.8967
0.8740
0.8800
0.8850
0.8389
0.8750
0.8700
0.8730
0.9027
0.8660
0.8720
0.8780
0.9088
0.8690
0.8750
0.8820
0.8784
0.8790
0.8620
0.8890
0.8663
0.8870
0.8710
0.8710
0.8693
0.8850
0.8660
0.8700
0.8936
0.8890
0.8700
0.8650
0.8845
0.8930
0.8750
0.8650
0.8602
0.8860
0.8730
0.8670
0.8815
0.8820
0.8800
0.8670
0.8723
0.8690
0.8800
0.8750
0.8875
0.8690
0.8760
0.8800
0.8845
0.8620
0.8820
0.8860
0.8693
0.8620
0.8720
0.8930
0.8784
0.8800
0.8800
0.8570
0.9088
0.8690
0.8880
0.8730
0.8693
0.8890
0.8720
0.8720
0.8602
0.8790
0.8810
0.8650
0.8875
0.8690
0.8780
0.8890
0.8541
0.8750
0.8720
0.8830
0.8723
0.8740
0.8740
0.8780
0.8845
0.8890
0.8690
0.8750
0.8632
0.8840
0.8650
0.8750
0.8906
0.8860
0.8720
0.8660
0.8906
0.8740
0.8640
0.8900
0.8784
0.8870
0.8580
0.8870
0.8663
0.8930
0.8610
0.8790
0.8663
0.8900
0.8700
0.8650
0.8906
0.8600
0.8830
0.8870
0.8754
0.8810
0.8600
0.8800
0.9027
0.8830
0.8730
0.8740
0.8754
0.8940
0.8580
0.8780
0.8754
0.8670
0.8740
0.8990
0.8450
0.8820
0.8640
0.8780
0.8936
0.8920
0.8790
0.8610
0.8693
0.8720
0.8850
0.8700
0.8845
0.8770
0.8740
0.8870
0.8511
0.8720
0.8660
0.8930
0.8723
0.8750
0.8670
0.8810
0.8967
0.8730
0.8700
0.8890
0.8693
0.8780
0.8880
0.8630
0.8784
0.8760
0.8810
0.8760
0.8693
0.8670
0.8880
0.8790
0.8663
0.8860
0.8850
0.8610
0.8723
0.8880
0.8710
0.8710
0.8784
0.8690
0.8880
0.8770
0.8663
0.8690
0.8800
0.8740
0.9027
0.8720
0.8720
0.8800
0.8997
0.8740
0.8760
0.8850
0.8663
0.8810
0.8890
0.8650
0.8663
0.8910
0.8800
0.8610
0.8784
0.8770
0.8710
0.8780
0.8967
0.8700
0.8790
0.8850
0.8723
0.8860
0.8650
0.8830
0.8723
0.8780
0.8610
0.8880
0.8936
0.8790
0.8850
0.8750
0.8571
0.8610
0.8770
0.8980
0.8663
0.8730
0.8750
0.8890
0.8632
0.8710
0.8890
0.8700
0.8845
0.8610
0.8900
0.8720
0.9058
0.8870
0.8720
0.8700
0.8875
0.8850
0.8810
0.8650
0.8815
0.8970
0.8680
0.8770
0.8450
0.8720
0.8760
0.8810
0.8845
0.8630
0.8780
0.8870
0.8875
0.8830
0.8860
0.8600
0.8845
0.8850
0.8750
0.8740
0.8693
0.8750
0.8810
0.8770
0.8723
0.8750
0.8700
0.8840
0.8845
0.8590
0.8940
0.8830
0.8632
0.8830
0.8770
0.8820
0.8450
0.8880
0.8790
0.8630
0.8815
0.8920
0.8770
0.8670
0.8663
0.8880
0.8780
0.8740
0.8541
0.8780
0.8740
0.8790
0.8815
0.8800
0.8770
0.8850
0.8480
0.8760
0.8850
0.8750
0.8663
0.8670
0.8760
0.8930
0.8693
0.8740
0.8810
0.8750
0.8875
0.8720
0.8670
0.8840
0.9088
0.8930
0.8560
0.8820
0.8845
0.8780
0.8700
0.8790
0.8997
0.8800
0.8820
0.8650
0.8997
0.8770
0.8810
0.8690
0.8967
0.8880
0.8740
0.8840
0.8389
0.8830
0.8770
0.8720
0.8845
0.8890
0.8730
0.8730
0.8815
0.8600
0.8840
0.8820
0.9058
0.8750
0.8810
0.8790
0.8784
0.8800
0.8820
0.8740
0.8754
0.8700
0.8790
0.8920
0.8602
0.8820
0.8780
0.8790
0.8663
0.8680
0.8900
0.8730
0.8906
0.8760
0.8820
0.8780
0.8754
0.8780
0.8680
0.8970
0.8541
0.8830
0.8820
0.8750
0.8632
0.8680
0.8840
0.8860
0.8693
0.8860
0.8720
0.8750
0.8845
0.8880
0.8670
0.8840
0.8663
0.8850
0.8760
0.8700
0.8906
0.8660
0.8910
0.8760
0.8845
0.8750
0.8790
0.8740
0.8997
0.8810
0.8660
0.8900
0.8723
0.8850
0.8810
0.8610
0.9027
0.8870
0.8790
0.8720
0.8693
0.8740
0.8870
0.8680
0.8967
0.8880
0.8740
0.8790
0.8602
0.8660
0.8740
0.8870
0.9058
0.8820
0.8720
0.8780
0.8875
0.8820
0.8830
0.8710
0.8754
0.8730
0.8970
0.8560
0.9058
0.8800
0.8860
0.8700
0.8754
0.8830
0.8710
0.8820
0.8754
0.8870
0.8720
0.8760
0.8784
0.8760
0.8680
0.8880
0.8875
0.8790
0.8770
0.8700
0.9058
0.8810
0.8830
0.8750
0.8663
0.8790
0.8870
0.8850
0.8298
0.8790
0.8800
0.8870
0.8450
0.8780
0.8880
0.8780
0.8511
0.8670
0.8830
0.8880
0.8693
0.8790
0.8720
0.8790
0.8936
0.8810
0.8810
0.8710
0.8845
0.8730
0.8840
0.8760
0.8845
0.8810
0.8800
0.8690
0.8936
0.8720
0.8680
0.8910
0.8906
0.8750
0.8730
0.8840
0.8875
0.8750
0.8780
0.8850
0.8693
0.8790
0.8800
0.8750
0.8845
0.8720
0.8630
0.8850
0.9271
0.8750
0.8690
0.8880
0.8906
0.8900
0.8770
0.8700
0.8754
0.8730
0.8880
0.8780
0.8693
0.8870
0.8850
0.8720
0.8571
0.8870
0.8830
0.8620
0.8936
0.8670
0.8770
0.8980
0.8632
0.8820
0.8850
0.8810
0.8480
0.8780
0.8690
0.8880
0.8875
0.8720
0.8900
0.8700
0.8967
0.8740
0.8670
0.8850
0.9149
0.8720
0.8740
0.8880
0.8906
0.8760
0.8820
0.8760
0.8906
0.8910
0.8670
0.8840
0.8693
0.8780
0.8820
0.8800
0.8754
0.8750
0.8930
0.8650
0.8967
0.8780
0.8940
0.8680
0.8754
0.8830
0.8700
0.8780
0.9027
0.8800
0.8840
0.8720
0.8875
0.8820
0.8740
0.8930
0.8480
0.8800
0.8760
0.8850
0.8754
0.8740
0.8700
0.8880
0.9027
0.8840
0.8880
0.8750
0.8571
0.8850
0.8870
0.8690
0.8754
0.8860
0.8750
0.8760
0.8875
0.8790
0.8810
0.8740
0.8967
0.8860
0.8850
0.8780
0.8511
0.8900
0.8600
0.8900
0.8784
0.8860
0.8770
0.8690
0.9027
0.8750
0.8900
0.8780
0.8693
0.8810
0.8880
0.8720
0.8754
0.8730
0.8780
0.8840
0.8967
0.8780
0.8850
0.8710
0.8997
0.8820
0.8680
0.8880
0.8875
0.8790
0.8680
0.8890
0.8936
0.8810
0.8800
0.8770
0.8875
0.8870
0.8760
0.8690
0.9088
0.8750
0.8820
0.8810
0.8906
0.8860
0.8750
0.8890
0.8541
0.8970
0.8770
0.8650
0.8875
0.8720
0.8820
0.8770
0.9119
0.8870
0.8790
0.8770
0.8754
0.8880
0.8710
0.8840
0.8754
0.8770
0.9040
0.8660
0.8632
0.8900
0.8760
0.8760
0.8754
0.8730
0.8750
0.8920
0.8845
0.8990
0.8760
0.8690
0.8723
0.8720
0.8870
0.8960
0.8389
0.8740
0.8750
0.8850
0.9058
0.8770
0.8710
0.8900
0.8936
0.8920
0.8810
0.8680
0.8815
0.8780
0.8710
0.8870
0.8967
0.8740
0.8960
0.8760
0.8663
0.8820
0.8800
0.8770
0.8875
0.8780
0.8820
0.8770
0.8967
0.8900
0.8810
0.8710
0.8815
0.8720
0.8810
0.8920
0.8723
0.8690
0.8970
0.8820
0.8632
0.8940
0.8710
0.8680
0.9088
0.9040
0.8690
0.8700
0.8784
0.8850
0.8760
0.8810
0.8815
0.8850
0.8880
0.8700
0.8784
0.8970
0.8590
0.8880
0.8754
0.8740
0.8760
0.8870
0.8967
0.8840
0.8730
0.8800
0.8967
0.8880
0.8730
0.8780
0.8906
0.8830
0.8800
0.8850
0.8663
0.8870
0.8790
0.8870
0.8511
0.8830
0.8770
0.8810
0.8875
0.8770
0.8780
0.8860
0.8875
0.8730
0.8870
0.8780
0.8967
0.8830
0.8740
0.8810
0.8967
0.8780
0.8870
0.8840
0.8663
0.8920
0.8720
0.8840
0.8693
0.8960
0.8740
0.8760
0.8723
0.8920
0.8780
0.8710
0.8875
0.8860
0.8800
0.8810
0.8723
0.9000
0.8680
0.8800
0.8663
0.8920
0.8590
0.8890
0.8875
0.8800
0.8790
0.8880
0.8663
0.8640
0.9010
0.8820
0.8663
0.8770
0.8780
0.8880
0.8815
0.8850
0.8690
0.8840
0.8967
0.8840
0.8860
0.8850
0.8450
0.8820
0.8850
0.8840
0.8632
0.8910
0.8780
0.8700
0.8997
0.8800
0.8760
0.8910
0.8754
0.8890
0.8690
0.8920
0.8663
0.8870
0.8680
0.8880
0.8875
0.8710
0.8930
0.8780
0.8875
0.8760
0.8840
0.8830
0.8845
0.8960
0.8760
0.8780
0.8632
0.8880
0.8880
0.8640
0.8936
0.8800
0.8910
0.8670
0.8997
0.8890
0.8710
0.8860
0.8784
0.8700
0.8930
0.8760
0.8997
0.8760
0.8870
0.8740
0.9058
0.8960
0.8750
0.8790
0.8693
0.8810
0.8800
0.8760
0.9088
0.8950
0.8910
0.8660
0.8632
0.8890
0.8870
0.8880
0.8298
0.8750
0.8870
0.8870
0.8754
0.8680
0.8920
0.8840
0.8906
0.8840
0.8860
0.8780
0.8784
0.8810
0.8810
0.8840
0.8845
0.8900
0.8600
0.8940
0.8906
0.8810
0.8750
0.8820
0.9119
0.8980
0.8700
0.8810
0.8754
0.8990
0.8750
0.8780
0.8663
0.8890
0.8690
0.8790
0.9119
0.8780
0.8870
0.8820
0.8815
0.8790
0.8750
0.8870
0.8997
0.8870
0.8800
0.8820
0.8754
0.8790
0.8950
0.8770
0.8693
0.8870
0.8920
0.8750
0.8632
0.8980
0.8750
0.8710
0.8936
0.8770
0.8920
0.8800
0.8784
0.8900
0.8740
0.8800
0.8906
0.8920
0.8840
0.8750
0.8693
0.8850
0.8790
0.8820
0.8845
0.8850
0.8930
0.8740
0.8663
0.8860
0.8740
0.8880
0.8815
0.8760
0.8780
0.8930
0.8845
0.8740
0.8810
0.8880
0.8967
0.8890
0.8710
0.8970
0.8541
0.8800
0.8710
0.8880
0.9088
0.8910
0.8640
0.8890
0.8936
0.8770
0.8860
0.8810
0.8936
0.8870
0.8710
0.8880
0.8875
0.8650
0.8900
0.8830
0.9119
0.8720
0.8650
0.8980
0.9210
0.8620
0.8920
0.8920
0.8875
0.8750
0.8850
0.8860
0.8875
0.8950
0.8700
0.8900
0.8602
0.8710
0.8890
0.8790
0.9088
0.8870
0.8830
0.8780
0.8815
0.8880
0.8770
0.8850
0.8754
0.8780
0.8880
0.8870
0.8663
0.8920
0.8740
0.8820
0.8815
0.8780
0.8700
0.8960
0.8936
0.8840
0.8890
0.8690
0.8997
0.8870
0.8660
0.8940
0.8845
0.8770
0.8800
0.8880
0.8906
0.8870
0.8860
0.8810
0.8632
0.8790
0.8980
0.8730
0.8754
0.8880
0.8810
0.8790
0.8815
0.8830
0.8870
0.8640
0.9240
0.8810
0.8860
0.8790
0.8875
0.8850
0.8830
0.8830
0.8723
0.8820
0.8780
0.8860
0.8875
0.8740
0.8810
0.8890
0.8936
0.8890
0.8850
0.8760
0.8754
0.8770
0.8890
0.8810
0.8845
0.8960
0.8760
0.8740
0.8875
0.8860
0.8830
0.8760
0.8906
0.8810
0.8940
0.8740
0.8784
0.8830
0.8850
0.8740
0.8997
0.8790
0.8920
0.8800
0.8723
0.8970
0.8670
0.8780
0.8997
0.8760
0.8870
0.8930
0.8571
0.8840
0.8850
0.8840
0.8663
0.8870
0.8880
0.8810
0.8541
0.8860
0.8760
0.8810
0.8936
0.8810
0.8780
0.8910
0.8723
0.8890
0.8750
0.8830
0.8815
0.8780
0.8930
0.8790
0.8723
0.8660
0.9030
0.8710
0.9027
0.8660
0.8930
0.8810
0.9027
0.8840
0.8860
0.8890
0.8450
0.8810
0.8870
0.8840
0.8663
0.8860
0.8970
0.8690
0.8663
0.8930
0.8800
0.8760
0.8754
0.8980
0.8770
0.8750
0.8723
0.8950
0.8900
0.8730
0.8480
0.8730
0.8880
0.8790
0.9027
0.8740
0.8810
0.8830
0.9088
0.8790
0.8790
0.8840
0.8967
0.8890
0.8860
0.8690
0.8906
0.8760
0.8630
0.8920
0.9301
0.8930
0.8920
0.8650
0.8723
0.8720
0.8850
0.8860
0.8936
0.8620
0.8870
0.8910
0.9027
0.8770
0.8890
0.8860
0.8663
0.8810
0.8840
0.8800
0.8875
0.8930
0.8790
0.8800
0.8663
0.8770
0.8790
0.8950
0.8693
0.8840
0.8760
0.8800
0.9027
0.8860
0.8780
0.8770
0.8997
0.8930
0.8910
0.8680
0.8663
0.8780
0.8820
0.8890
0.8754
0.8790
0.8770
0.8960
0.8663
0.8890
0.8750
0.8830
0.8815
0.8870
0.8880
0.8740
0.8784
0.8760
0.8930
0.8720
0.9027
0.8870
0.8720
0.8890
0.8815
0.8740
0.8870
0.8920
0.8663
0.8900
0.8890
0.8780
0.8541
0.8700
0.8990
0.8770
0.8875
0.8680
0.8960
0.8810
0.8906
0.8820
0.8850
0.8770
0.8936
0.8730
0.8780
0.8920
0.8967
0.8700
0.8850
0.8890
0.8936
0.8900
0.8850
0.8680
0.8997
0.8940
0.8760
0.8790
0.8845
0.8990
0.8880
0.8620
0.8845
0.8890
0.8590
0.8970
0.8967
0.8850
0.8890
0.8800
0.8693
0.8790
0.8890
0.8880
0.8632
0.8960
0.8720
0.8800
0.8875
0.8680
0.9020
0.8830
0.8723
0.8610
0.8910
0.9040
0.8632
0.8900
0.8910
0.8720
0.8723
0.8940
0.8920
0.8660
0.8723
0.8680
0.8880
0.8880
0.8997
0.8770
0.8840
0.8810
0.9058
0.8830
0.8800
0.8790
0.9058
0.8830
0.8840
0.8790
0.8936
0.8890
0.8790
0.8920
0.8511
0.8840
0.8960
0.8800
0.8511
0.8870
0.8700
0.8930
0.8815
0.8670
0.8840
0.8920
0.9027
0.8720
0.8900
0.8880
0.8815
0.8840
0.8960
0.8750
0.8663
0.8860
0.8830
0.8780
0.8906
0.8780
0.8920
0.8780
0.8875
0.8820
0.8660
0.8970
0.8967
0.8800
0.8910
0.8830
0.8693
0.8870
0.8820
0.8800
0.8845
0.8800
0.8860
0.8860
0.8754
0.8730
0.8960
0.8840
0.8723
0.8640
0.8960
0.8840
0.8997
0.8790
0.8780
0.8940
0.8784
0.8890
0.8760
0.8930
0.8571
0.8870
0.8790
0.8850
0.8784
0.8880
0.8880
0.8810
0.8602
0.8850
0.8840
0.8760
0.8967
0.8780
0.8900
0.8850
0.8723
0.8760
0.8810
0.8900
0.8906
0.8740
0.8920
0.8860
0.8754
0.8800
0.8720
0.8950
0.8906
0.8930
0.8880
0.8670
0.8875
0.8780
0.8890
0.8830
0.8815
0.8830
0.8840
0.8860
0.8723
