0.0610
0.0620
0.0460
0.0600
0.0630
0.0600
0.0491
0.0580
0.0560
0.0620
0.0630
0.0680
0.0690
0.0633
0.0770
0.0660
0.0730
0.0740
0.0810
0.0590
0.0649
0.0770
0.0770
0.0900
0.0760
0.0810
0.0840
0.0918
0.0880
0.1040
0.0910
0.0930
0.0970
0.1080
0.1108
0.1030
0.1130
0.1160
0.1050
0.1260
0.1300
0.1566
0.1320
0.1350
0.1550
0.1480
0.1490
0.1620
0.1503
0.1730
0.1610
0.1800
0.1880
0.1860
0.1900
0.1946
0.2080
0.1950
0.1890
0.2150
0.2090
0.2140
0.2468
0.2150
0.2270
0.2580
0.2490
0.2490
0.2550
0.2722
0.2780
0.2730
0.2950
0.2700
0.2810
0.2740
0.2801
0.2830
0.3050
0.3080
0.3090
0.3150
0.3320
0.3228
0.3430
0.3370
0.3390
0.3620
0.3380
0.3500
0.3481
0.3750
0.3760
0.3780
0.3540
0.3950
0.3710
0.3813
0.3860
0.3770
0.4050
0.3590
0.3600
0.3880
0.3718
0.3760
0.3510
0.3660
0.3780
0.3690
0.3250
0.3386
0.3490
0.3230
0.3310
0.3620
0.3460
0.3370
0.3718
0.3380
0.3600
0.3400
0.3510
0.3530
0.3130
0.3354
0.3380
0.3400
0.3340
0.3080
0.3450
0.3220
0.3275
0.3290
0.3100
0.3170
0.3070
0.3410
0.3450
0.2975
0.3320
0.3220
0.3160
0.3140
0.2950
0.3030
0.3465
0.3240
0.3280
0.3130
0.3480
0.3490
0.3330
0.3323
0.3390
0.3520
0.3500
0.3810
0.3490
0.3800
0.3861
0.3850
0.3820
0.3940
0.3980
0.4240
0.4100
0.4351
0.4230
0.3840
0.4220
0.4000
0.4370
0.3880
0.4098
0.4120
0.3910
0.3930
0.3960
0.4030
0.4190
0.4130
0.3870
0.3960
0.4050
0.4050
0.4170
0.4190
0.3940
0.3720
0.4120
0.4040
0.4170
0.3910
0.4290
0.3940
0.4120
0.4310
0.4240
0.3820
0.3910
0.4270
0.3718
0.4060
0.4270
0.3980
0.3980
0.4220
0.4230
0.4193
0.4200
0.3960
0.4020
0.4590
0.4100
0.4370
0.4494
0.4400
0.4210
0.4360
0.4550
0.4340
0.4420
0.4541
0.4520
0.4610
0.4590
0.4390
0.4460
0.4620
0.4668
0.4610
0.4630
0.4880
0.4510
0.4560
0.4810
0.4889
0.4790
0.4740
0.4970
0.4860
0.4550
0.5070
0.5032
0.4960
0.5050
0.4860
0.5000
0.4740
0.5120
0.5364
0.5050
0.5030
0.5390
0.5200
0.5110
0.5030
0.5316
0.4920
0.5150
0.5160
0.5640
0.5170
0.5580
0.5665
0.5350
0.5330
0.5320
0.5450
0.5710
0.5570
0.5538
0.5520
0.5560
0.5460
0.5710
0.5750
0.5590
0.5854
0.5730
0.5900
0.5400
0.5750
0.5930
0.5860
0.5854
0.5770
0.5740
0.5820
0.5830
0.5900
0.6130
0.5728
0.5770
0.6180
0.5900
0.5590
0.6170
0.6120
0.6060
0.6070
0.6240
0.6120
0.6080
0.5860
0.6150
0.6234
0.6090
0.6310
0.6380
0.6280
0.5800
0.6230
0.6566
0.6310
0.6440
0.6100
0.6370
0.6220
0.6370
0.6630
0.6520
0.6270
0.6220
0.6440
0.6390
0.6430
0.6725
0.6360
0.6410
0.6520
0.6630
0.6610
0.6500
0.6566
0.6710
0.6320
0.6720
0.6710
0.6660
0.6560
0.6472
0.6740
0.6680
0.6690
0.6380
0.6710
0.6920
0.6646
0.6720
0.6540
0.6870
0.6740
0.6890
0.6730
0.6835
0.6780
0.6590
0.6620
0.6980
0.7030
0.6880
0.6788
0.6950
0.6970
0.6860
0.6620
0.6910
0.6890
0.6820
0.6720
0.6930
0.6830
0.7060
0.7080
0.6850
0.7025
0.7060
0.7120
0.6860
0.6990
0.6740
0.6840
0.7215
0.7360
0.6920
0.6890
0.6980
0.6900
0.7030
0.7199
0.7110
0.7130
0.6970
0.7000
0.7010
0.7260
0.6946
0.7120
0.7170
0.7210
0.6830
0.7140
0.7110
0.7152
0.7300
0.6980
0.7070
0.7060
0.7260
0.7070
0.7184
0.7070
0.7110
0.7030
0.7190
0.7370
0.7000
0.7484
0.7080
0.7040
0.7180
0.7300
0.7300
0.7250
0.7263
0.6920
0.7490
0.7270
0.7290
0.7370
0.7020
0.7358
0.7230
0.7160
0.7150
0.7410
0.7260
0.7320
0.7310
0.7530
0.7190
0.7470
0.7060
0.7360
0.7340
0.6978
0.7250
0.7530
0.7380
0.7320
0.7160
0.7250
0.7389
0.7240
0.7500
0.7300
0.7500
0.7470
0.7100
0.7310
0.7520
0.7380
0.7350
0.7280
0.7330
0.7570
0.7057
0.7580
0.7560
0.7220
0.7230
0.7480
0.7300
0.7373
0.7300
0.7310
0.7470
0.7550
0.7530
0.7380
0.7342
0.7430
0.7370
0.7520
0.7410
0.7260
0.7550
0.7547
0.7530
0.7200
0.7610
0.7380
0.7440
0.7540
0.7563
0.7410
0.7690
0.7580
0.7400
0.7510
0.7170
0.7785
0.7850
0.7600
0.7400
0.7430
0.7370
0.7670
0.7073
0.7540
0.7430
0.7370
0.7500
0.7660
0.7530
0.7706
0.7610
0.7520
0.7400
0.7800
0.7460
0.7630
0.7278
0.7860
0.7380
0.7410
0.7640
0.7640
0.7610
0.7389
0.7510
0.7700
0.7650
0.7380
0.7570
0.7870
0.7278
0.7570
0.7630
0.7660
0.7690
0.7400
0.7640
0.7658
0.7470
0.7840
0.7570
0.7510
0.7480
0.7930
0.7516
0.7730
0.7830
0.7630
0.7500
0.7680
0.7400
0.7753
0.7610
0.7710
0.7700
0.7600
0.7570
0.7830
0.7516
0.7610
0.7590
0.7870
0.7670
0.7600
0.7770
0.7532
0.7760
0.7800
0.7780
0.7530
0.7720
0.7750
0.7310
0.7740
0.7660
0.7820
0.7590
0.7660
0.7760
0.7563
0.7760
0.7640
0.7490
0.7800
0.7740
0.7850
0.7611
0.7640
0.7570
0.7720
0.7820
0.7750
0.7750
0.7706
0.7770
0.7620
0.7730
0.7740
0.7800
0.7740
0.7611
0.7460
0.7570
0.7970
0.7760
0.7900
0.7770
0.7690
0.7630
0.7890
0.7580
0.7790
0.7760
0.7680
0.7943
0.7770
0.7790
0.7490
0.7780
0.7720
0.8050
0.7642
0.7900
0.7740
0.7740
0.7850
0.7840
0.7560
0.7642
0.7740
0.7650
0.7820
0.7890
0.7830
0.7700
0.7706
0.7780
0.7810
0.7910
0.7680
0.7730
0.7750
0.7658
0.7980
0.7780
0.7750
0.7560
0.7620
0.8000
0.7753
0.7670
0.7850
0.7740
0.7910
0.7780
0.7890
0.7627
0.7780
0.7820
0.7820
0.7830
0.7670
0.7850
0.7785
0.7880
0.7890
0.7900
0.7840
0.7730
0.7750
0.7627
0.7880
0.7760
0.7850
0.7850
0.7960
0.7730
0.7674
0.7810
0.8140
0.7730
0.7700
0.7930
0.7820
0.7674
0.7790
0.7820
0.7800
0.7950
0.7690
0.7920
0.8022
0.7880
0.7770
0.7790
0.7820
0.7850
0.7930
0.7959
0.8110
0.8020
0.7750
0.7710
0.7720
0.7830
0.7911
0.7840
0.7680
0.7890
0.7860
0.7850
0.7960
0.8085
0.7890
0.8080
0.7870
0.7770
0.7720
0.7970
0.7816
0.7830
0.8190
0.7850
0.7910
0.7860
0.7790
0.7658
0.7830
0.8010
0.7990
0.7760
0.8010
0.7840
0.7722
0.8000
0.7730
0.8010
0.7930
0.7820
0.8030
0.7674
0.7810
0.7940
0.8140
0.7940
0.8020
0.7670
0.7706
0.8010
0.8010
0.7930
0.7690
0.7810
0.7950
0.7991
0.7990
0.8160
0.7820
0.7740
0.7820
0.8050
0.7753
0.8010
0.7870
0.7970
0.7860
0.7790
0.7910
0.8117
0.7870
0.7890
0.7790
0.8080
0.8130
0.7690
0.8244
0.8040
0.7950
0.7770
0.7900
0.7920
0.8060
0.8006
0.8090
0.7960
0.7900
0.8000
0.7850
0.7900
0.8022
0.7830
0.8130
0.7820
0.7900
0.8250
0.7740
0.8133
0.8150
0.7910
0.7870
0.8090
0.7860
0.7780
0.8196
0.7980
0.7880
0.7920
0.8040
0.7880
0.8070
0.8054
0.8030
0.7980
0.7860
0.8290
0.7980
0.7670
0.8085
0.7920
0.7780
0.8190
0.7890
0.8030
0.8060
0.8038
0.7890
0.8200
0.7980
0.7840
0.7990
0.8090
0.7911
0.7820
0.8010
0.7980
0.7990
0.8060
0.8110
0.7991
0.8030
0.8080
0.7870
0.7950
0.8230
0.7960
0.7848
0.7990
0.8000
0.8070
0.8090
0.8170
0.7910
0.7753
0.8210
0.7840
0.7800
0.8170
0.7980
0.8070
0.8070
0.8160
0.7950
0.8240
0.7840
0.7850
0.8100
0.8101
0.8000
0.8250
0.8190
0.7880
0.7990
0.7900
0.8070
0.8140
0.8100
0.7810
0.7980
0.8170
0.8020
0.8149
0.8070
0.7950
0.8090
0.8170
0.7920
0.8130
0.8038
0.8060
0.7920
0.8040
0.8250
0.8190
0.7970
0.7927
0.8100
0.8000
0.7860
0.8120
0.8180
0.8090
0.8101
0.7940
0.8220
0.8210
0.7970
0.8150
0.8110
0.7722
0.7890
0.8120
0.8120
0.8330
0.8030
0.7950
0.8006
0.7990
0.8110
0.8290
0.8020
0.7910
0.8030
0.8165
0.8160
0.8090
0.7920
0.7960
0.8210
0.8060
0.8101
0.8000
0.8110
0.8050
0.8250
0.8050
0.7950
0.8117
0.8080
0.8140
0.8100
0.8080
0.8060
0.8080
0.7975
0.8110
0.8130
0.7930
0.8140
0.8120
0.7970
0.8244
0.7990
0.8070
0.8180
0.8220
0.8030
0.7840
0.8434
0.7950
0.7860
0.7900
0.8190
0.8060
0.8360
0.8481
0.8060
0.8230
0.8060
0.8030
0.8180
0.8120
0.7943
0.7600
0.8120
0.8420
0.8160
0.8150
0.7970
0.8354
0.8090
0.8200
0.8130
0.7870
0.8190
0.8070
0.8180
0.8140
0.8000
0.8100
0.8120
0.8140
0.8040
0.8180
0.8080
0.8250
0.7750
0.8160
0.8250
0.7970
0.8339
0.7940
0.8210
0.8160
0.8050
0.8260
0.8050
0.8054
0.8030
0.8160
0.8000
0.8100
0.8230
0.8120
0.8149
0.7980
0.8080
0.8180
0.8050
0.8210
0.8340
0.7896
0.8020
0.7980
0.8140
0.8390
0.8040
0.8070
0.8259
0.8290
0.8170
0.8100
0.8100
0.8050
0.8130
0.7975
0.8240
0.8180
0.8020
0.8140
0.8000
0.8070
0.8307
0.8330
0.8080
0.8000
0.8250
0.7870
0.8090
0.8354
0.7970
0.8350
0.8220
0.8150
0.7880
0.8120
0.8275
0.8120
0.8000
0.8060
0.8260
0.8280
0.8210
0.7927
0.8020
0.8150
0.8090
0.8300
0.8190
0.8020
0.8244
0.8130
0.8150
0.8170
0.8130
0.8290
0.8000
0.8165
0.8110
0.8290
0.8130
0.8170
0.8150
0.8050
0.8196
0.8090
0.8180
0.8300
0.8020
0.8110
0.8290
0.8101
0.8240
0.8040
0.8330
0.8290
0.8130
0.8070
0.7959
0.8300
0.7810
0.8000
0.8270
0.8330
0.8350
0.8085
0.8220
0.8330
0.8110
0.8230
0.8000
0.8030
0.8339
0.8170
0.8290
0.8310
0.8260
0.8000
0.8050
0.8133
0.8150
0.8080
0.8310
0.8230
0.8200
0.8060
0.8212
0.8090
0.8300
0.8120
0.8200
0.8140
0.8230
0.8165
0.8170
0.8200
0.8210
0.8330
0.8110
0.8030
0.8259
0.8340
0.8110
0.8180
0.8170
0.8020
0.8100
0.8481
0.8100
0.8260
0.8250
0.8270
0.8200
0.8110
0.8085
0.8220
0.7810
0.8330
0.8100
0.8200
0.8380
0.8339
0.8280
0.8120
0.8130
0.8360
0.8120
0.8140
0.8180
0.8230
0.8130
0.8190
0.8170
0.8310
0.8210
0.8054
0.8220
0.7920
0.8360
0.8170
0.8220
0.8230
0.8259
0.8290
0.8300
0.8020
0.8120
0.8250
0.8210
0.8196
0.8420
0.8070
0.8110
0.8130
0.8190
0.8170
0.8434
0.8180
0.8070
0.8460
0.8180
0.8110
0.8210
0.8228
0.8300
0.8160
0.8190
0.8120
0.8320
0.8360
0.7864
0.8140
0.8210
0.8330
0.8170
0.8280
0.8160
0.8165
0.8160
0.8310
0.8090
0.8290
0.8410
0.8190
0.7927
0.8310
0.8110
0.8150
0.8240
0.8230
0.8290
0.8133
0.8130
0.7920
0.8380
0.8160
0.8320
0.8290
0.8370
0.8390
0.8270
0.8190
0.8230
0.8260
0.8050
0.8117
0.8420
0.8040
0.8070
0.8290
0.8250
0.8310
0.8196
0.8150
0.8040
0.8300
0.8270
0.8130
0.8360
0.8465
0.8180
0.8250
0.8490
0.8080
0.8070
0.8310
0.8259
0.8290
0.8460
0.8130
0.8090
0.8170
0.8300
0.8165
0.8380
0.8320
0.8380
0.8200
0.8220
0.8040
0.8022
0.8380
0.8030
0.8160
0.8440
0.8170
0.8200
0.8291
0.8300
0.8300
0.8080
0.8220
0.8360
0.8170
0.8212
0.8200
0.8140
0.8210
0.8330
0.8330
0.8280
0.8165
0.8380
0.8170
0.8330
0.8090
0.8320
0.8210
0.8180
0.8190
0.8280
0.8400
0.8100
0.8360
0.8200
0.8196
0.8300
0.8290
0.8210
0.8230
0.8260
0.8320
0.8101
0.8230
0.8370
0.8390
0.8210
0.8310
0.8080
0.8149
0.8290
0.8280
0.8100
0.8220
0.8430
0.8220
0.8228
0.8420
0.8210
0.8110
0.8330
0.8210
0.8300
0.8259
0.8220
0.8210
0.8220
0.8170
0.8350
0.8280
0.8528
0.8350
0.8260
0.8220
0.8260
0.8160
0.8320
0.8339
0.8280
0.8300
0.8220
0.8250
0.8300
0.8240
0.8370
0.8350
0.8180
0.8390
0.8340
0.8100
0.8310
0.8259
0.8170
0.8510
0.8290
0.8180
0.8280
0.8280
0.8228
0.8210
0.8540
0.8260
0.8270
0.8200
0.8230
0.8291
0.8330
0.8280
0.8330
0.8390
0.8380
0.8200
0.7975
0.8400
0.8110
0.8290
0.8340
0.8260
0.8330
0.8275
0.8340
0.8550
0.8230
0.8100
0.8280
0.8230
0.8307
0.8380
0.8390
0.8400
0.8370
0.8220
0.8180
0.8006
0.8340
0.8040
0.8160
0.8370
0.8300
0.8400
0.8544
0.8190
0.8250
0.8280
0.8280
0.8310
0.8390
0.8370
0.8470
0.8260
0.8350
0.8140
0.8340
0.8290
0.8133
0.8380
0.8270
0.8170
0.8550
0.8280
0.8320
0.7975
0.8250
0.8500
0.8250
0.8130
0.8250
0.8370
0.8339
0.8070
0.8310
0.8340
0.8400
0.8350
0.8240
0.8386
0.8350
0.8250
0.8130
0.8250
0.8510
0.8360
0.8228
0.8300
0.8560
0.8390
0.8320
0.8240
0.8060
0.8228
0.8360
0.8300
0.8240
0.8390
0.8230
0.8400
0.8149
0.8140
0.8340
0.8210
0.8470
0.8490
0.8140
0.8354
0.8450
0.8320
0.8430
0.8380
0.8360
0.7980
0.8196
0.8180
0.8330
0.8320
0.8400
0.8230
0.8240
0.8560
0.8190
0.8350
0.8490
0.8320
0.8340
0.8270
0.8165
0.8180
0.8370
0.8150
0.8520
0.8230
0.8340
0.8449
0.8230
0.8540
0.8240
0.8250
0.8360
0.8250
0.8339
0.8290
0.8240
0.8200
0.8500
0.8430
0.8280
0.8228
0.8260
0.8350
0.8370
0.8390
0.8200
0.8320
0.8291
0.8480
0.8260
0.8220
0.8380
0.8250
0.8480
0.8038
0.8390
0.8080
0.8450
0.8420
0.8360
0.8340
0.8133
0.8210
0.8360
0.8180
0.8510
0.8200
0.8480
0.8307
0.8340
0.8370
0.8320
0.8340
0.8200
0.8390
0.8275
0.8200
0.8310
0.8300
0.8400
0.8260
0.8450
0.8354
0.8230
0.8510
0.8490
0.8270
0.8200
0.8110
0.8560
0.8320
0.8450
0.8310
0.8310
0.8530
0.8190
0.8070
0.8210
0.8420
0.8270
0.8360
0.8420
0.8310
0.8307
0.8350
0.8160
0.8330
0.8370
0.8430
0.8300
0.8402
0.8550
0.8110
0.8110
0.8360
0.8380
0.8320
0.8639
0.8360
0.8280
0.8320
0.8190
0.8550
0.8350
0.8323
0.8480
0.8400
0.8200
0.8410
0.8330
0.8270
0.8307
0.8310
0.8100
0.8130
0.8330
0.8480
0.8540
0.8623
0.8260
0.8350
0.8320
0.8440
0.8180
0.8490
0.8402
0.8560
0.8500
0.8230
0.8390
0.8110
0.8230
0.8418
0.8200
0.8360
0.8400
0.8430
0.8340
0.8260
0.8465
0.8060
0.8300
0.8450
0.8310
0.8440
0.8450
0.8434
0.8370
0.8420
0.8470
0.8010
0.8340
0.8360
0.8544
0.8530
0.8240
0.8280
0.8420
0.8500
0.8240
0.8196
0.8230
0.8450
0.8290
0.8580
0.8290
0.8260
0.8386
0.8200
0.8320
0.8450
0.8370
0.8350
0.8440
0.8370
0.8460
0.8190
0.8410
0.8340
0.8250
0.8350
0.8623
0.8210
0.8310
0.8280
0.8490
0.8280
0.8500
0.8513
0.8210
0.8140
0.8490
0.8580
0.8280
0.8580
0.8149
0.8290
0.8290
0.8450
0.8480
0.8430
0.8300
0.8196
0.8420
0.8420
0.8270
0.8210
0.8470
0.8350
0.8402
0.8440
0.8260
0.8410
0.8210
0.8450
0.8300
0.8528
0.8250
0.8320
0.8370
0.8500
0.8370
0.8270
0.8481
0.8660
0.8440
0.8150
0.8320
0.8320
0.8320
0.8291
0.8320
0.8320
0.8540
0.8320
0.8360
0.8380
0.8244
0.8360
0.8380
0.8290
0.8320
0.8420
0.8300
0.8560
0.8460
0.8210
0.8430
0.8330
0.8260
0.8440
0.8528
0.8140
0.8620
0.8280
0.8490
0.8510
0.8260
0.8291
0.8500
0.8380
0.8350
0.8300
0.8540
0.8240
0.8291
0.8490
0.8260
0.8260
0.8480
0.8460
0.8430
0.8259
0.8360
0.8360
0.8440
0.8360
0.8450
0.8400
0.8291
0.8500
0.8330
0.8430
0.8190
0.8220
0.8520
0.8592
0.8380
0.8400
0.8400
0.8580
0.8250
0.8380
0.8275
0.8390
0.8420
0.8320
0.8360
0.8290
0.8440
0.8560
0.8290
0.8530
0.8280
0.8450
0.8620
0.8330
0.8133
0.8240
0.8550
0.8360
0.8480
0.8300
0.8370
0.8465
0.8250
0.8490
0.8430
0.8460
0.8300
0.8430
0.8354
0.8420
0.8440
0.8380
0.8210
0.8420
0.8390
0.8544
0.8520
0.8300
0.8380
0.8390
0.8490
0.8200
0.8481
0.8280
0.8460
0.8370
0.8460
0.8420
0.8310
0.8481
0.8350
0.8210
0.8470
0.8400
0.8470
0.8330
0.8608
0.8410
0.8470
0.8360
0.8560
0.8340
0.8420
0.8070
0.8220
0.8430
0.8290
0.8550
0.8650
0.8170
0.8465
0.8330
0.8380
0.8500
0.8340
0.8290
0.8500
0.8481
0.8380
0.8460
0.8240
0.8250
0.8520
0.8540
0.8418
0.8620
0.8290
0.8260
0.8460
0.8310
0.8540
0.8275
0.8350
0.8390
0.8440
0.8450
0.8410
0.8350
0.8418
0.8530
0.8430
0.8210
0.8340
0.8520
0.8350
0.8434
0.8370
0.8500
0.8460
0.8330
0.8380
0.8430
0.8370
0.8330
0.8450
0.8520
0.8450
0.8360
0.8390
0.8307
0.8460
0.8490
0.8350
0.8400
0.8470
0.8370
0.8275
0.8500
0.8390
0.8320
0.8330
0.8420
0.8440
0.8528
0.8270
0.8570
0.8440
0.8520
0.8420
0.8270
0.8386
0.8580
0.8370
0.8400
0.8240
0.8370
0.8420
0.8560
0.8280
0.8330
0.8590
0.8460
0.8360
0.8420
0.8465
0.8450
0.8500
0.8210
0.8390
0.8400
0.8480
0.8481
0.8440
0.8350
0.8330
0.8470
0.8430
0.8470
0.8386
0.8350
0.8520
0.8270
0.8480
0.8380
0.8340
0.8592
0.8590
0.8430
0.8280
0.8470
0.8560
0.8320
0.8117
0.8530
0.8350
0.8310
0.8600
0.8240
0.8420
0.8434
0.8670
0.8380
0.8510
0.8540
0.8340
0.8300
0.7975
0.8480
0.8320
0.8390
0.8450
0.8460
0.8390
0.8402
0.8390
0.8500
0.8550
0.8590
0.8250
0.8370
0.8149
0.8380
0.8360
0.8410
0.8550
0.8390
0.8340
0.8497
0.8490
0.8510
0.8500
0.8570
0.8180
0.8240
0.8465
0.8400
0.8470
0.8450
0.8360
0.8400
0.8360
0.8544
0.8320
0.8410
0.8430
0.8380
0.8520
0.8530
0.8339
0.8430
0.8420
0.8410
0.8420
0.8490
0.8350
0.8449
0.8460
0.8510
0.8410
0.8190
0.8510
0.8490
0.8386
0.8550
0.8270
0.8490
0.8430
0.8390
0.8480
0.8402
0.8500
0.8360
0.8450
0.8380
0.8440
0.8320
0.8671
0.8490
0.8190
0.8250
0.8520
0.8630
0.8520
0.8465
0.8450
0.8400
0.8510
0.8300
0.8470
0.8500
0.8434
0.8500
0.8330
0.8430
0.8500
0.8410
0.8500
0.8386
0.8330
0.8370
0.8320
0.8520
0.8460
0.8540
0.8623
0.8490
0.8410
0.8490
0.8430
0.8570
0.8400
0.8228
0.8530
0.8460
0.8300
0.8320
0.8430
0.8530
0.8639
0.8210
0.8390
0.8480
0.8420
0.8490
0.8620
0.8592
0.8440
0.8410
0.8430
0.8390
0.8540
0.8380
0.8608
0.8520
0.8470
0.8400
0.8340
0.8500
0.8510
0.8418
0.8530
0.8410
0.8560
0.8440
0.8580
0.8310
0.8275
0.8330
0.8520
0.8400
0.8480
0.8560
0.8430
0.8449
0.8470
0.8590
0.8490
0.8380
0.8650
0.8240
0.8291
0.8530
0.8430
0.8590
0.8300
0.8560
0.8470
0.8165
0.8300
0.8450
0.8420
0.8700
0.8420
0.8360
0.8544
0.8340
0.8500
0.8350
0.8670
0.8410
0.8600
0.8228
0.8480
0.8300
0.8470
0.8350
0.8540
0.8550
0.8513
0.8480
0.8450
0.8280
0.8520
0.8520
0.8390
0.8576
0.8510
0.8430
0.8570
0.8220
0.8430
0.8400
0.8718
0.8560
0.8490
0.8240
0.8580
0.8490
0.8420
0.8370
0.8390
0.8410
0.8550
0.8440
0.8410
0.8550
0.8449
0.8340
0.8530
0.8570
0.8480
0.8240
0.8470
0.8639
0.8340
0.8380
0.8230
0.8570
0.8590
0.8490
0.8671
0.8190
0.8560
0.8460
0.8510
0.8530
0.8440
0.8513
0.8360
0.8380
0.8480
0.8490
0.8510
0.8520
0.8434
0.8400
0.8400
0.8420
0.8540
0.8490
0.8420
0.8544
0.8430
0.8550
0.8630
0.8480
0.8380
0.8400
0.8228
0.8400
0.8330
0.8400
0.8480
0.8460
0.8570
0.8608
0.8310
0.8380
0.8480
0.8540
0.8360
0.8600
0.8560
0.8720
0.8380
0.8470
0.8360
0.8320
0.8410
0.8576
0.8500
0.8440
0.8400
0.8370
0.8520
0.8380
0.8655
0.8610
0.8360
0.8510
0.8610
0.8320
0.8340
0.8465
0.8290
0.8570
0.8220
0.8490
0.8610
0.8410
0.8750
0.8510
0.8450
0.8450
0.8430
0.8470
0.8460
0.8465
0.8380
0.8450
0.8460
0.8460
0.8510
0.8580
0.8339
0.8440
0.8530
0.8450
0.8550
0.8380
0.8440
0.8418
0.8390
0.8480
0.8580
0.8350
0.8540
0.8420
0.8497
0.8510
0.8500
0.8240
0.8410
0.8450
0.8650
0.8513
0.8510
0.8590
0.8280
0.8360
0.8490
0.8390
0.8782
0.8530
0.8470
0.8530
0.8540
0.8310
0.8430
0.8481
0.8420
0.8600
0.8470
0.8460
0.8480
0.8410
0.8434
0.8550
0.8370
0.8460
0.8440
0.8460
0.8560
0.8434
0.8670
0.8400
0.8310
0.8690
0.8380
0.8470
0.8307
0.8420
0.8460
0.8290
0.8610
0.8450
0.8500
0.8608
0.8450
0.8550
0.8520
0.8440
0.8370
0.8540
0.8386
0.8600
0.8370
0.8420
0.8510
0.8360
0.8490
0.8576
0.8400
0.8330
0.8390
0.8480
0.8510
0.8560
0.8703
0.8320
0.8540
0.8490
0.8560
0.8590
0.8390
0.8354
0.8440
0.8420
0.8440
0.8550
0.8510
0.8400
0.8592
0.8350
0.8370
0.8670
0.8420
0.8470
0.8520
0.8528
0.8490
0.8540
0.8400
0.8470
0.8500
0.8470
0.8418
0.8400
0.8580
0.8480
0.8500
0.8520
0.8250
0.8639
0.8460
0.8630
0.8330
0.8540
0.8300
0.8580
0.8481
0.8450
0.8420
0.8400
0.8540
0.8500
0.8510
0.8513
0.8390
0.8410
0.8450
0.8560
0.8540
0.8440
0.8576
0.8560
0.8410
0.8430
0.8630
0.8480
0.8380
0.8449
0.8410
0.8500
0.8440
0.8600
0.8390
0.8400
0.8718
0.8410
0.8410
0.8420
0.8560
0.8530
0.8560
0.8497
0.8420
0.8320
0.8660
0.8460
0.8400
0.8640
0.8481
0.8440
0.8570
0.8570
0.8390
0.8580
0.8320
0.8528
0.8480
0.8660
0.8490
0.8600
0.8310
0.8370
0.8465
0.8530
0.8560
0.8230
0.8500
0.8390
0.8700
0.8465
0.8500
0.8410
0.8440
0.8430
0.8620
0.8620
0.8307
0.8330
0.8390
0.8340
0.8650
0.8710
0.8510
0.8434
0.8580
0.8390
0.8430
0.8470
0.8490
0.8600
0.8402
0.8450
0.8560
0.8530
0.8540
0.8520
0.8430
0.8275
0.8710
0.8490
0.8560
0.8420
0.8410
0.8420
0.8307
0.8470
0.8400
0.8510
0.8720
0.8510
0.8290
0.8481
0.8680
0.8710
0.8340
0.8160
0.8340
0.8680
0.8465
0.8600
0.8460
0.8630
0.8670
0.8370
0.8220
0.8434
0.8560
0.8460
0.8520
0.8610
0.8350
0.8560
0.8275
0.8550
0.8480
0.8270
0.8480
0.8570
0.8470
0.8655
0.8430
0.8330
0.8640
0.8510
0.8560
0.8430
0.8544
0.8590
0.8520
0.8530
0.8440
0.8420
0.8440
0.8497
0.8570
0.8370
0.8490
0.8610
0.8440
0.8560
0.8339
0.8560
0.8590
0.8680
0.8290
0.8490
0.8440
0.8354
0.8600
0.8610
0.8380
0.8380
0.8570
0.8470
0.8434
0.8530
0.8420
0.8610
0.8380
0.8470
0.8590
0.8434
0.8500
0.8650
0.8420
0.8530
0.8480
0.8500
0.8323
0.8720
0.8480
0.8470
0.8380
0.8660
0.8310
0.8402
0.8600
0.8550
0.8340
0.8290
0.8660
0.8600
0.8370
0.8470
0.8570
0.8520
0.8440
0.8390
0.8580
0.8481
0.8430
0.8370
0.8630
0.8520
0.8540
0.8390
0.8623
0.8470
0.8370
0.8460
0.8350
0.8530
0.8730
0.8576
0.8520
0.8610
0.8500
0.8400
0.8490
0.8520
0.8386
0.8460
0.8540
0.8350
0.8430
0.8600
0.8500
0.8623
0.8490
0.8630
0.8440
0.8570
0.8430
0.8490
0.8354
0.8440
0.8650
0.8560
0.8360
0.8390
0.8410
0.8734
0.8450
0.8530
0.8590
0.8380
0.8470
0.8460
0.8655
0.8480
0.8350
0.8520
0.8610
0.8670
0.8390
0.8434
0.8540
0.8400
0.8440
0.8550
0.8400
0.8600
0.8592
0.8540
0.8490
0.8420
0.8320
0.8620
0.8680
0.8370
0.8380
0.8480
0.8550
0.8480
0.8560
0.8480
0.8608
0.8570
0.8490
0.8570
0.8500
0.8450
0.8510
0.8370
0.8600
0.8410
0.8260
0.8630
0.8520
0.8600
0.8481
0.8650
0.8330
0.8450
0.8610
0.8680
0.8430
0.8307
0.8770
0.8530
0.8510
0.8230
0.8390
0.8570
0.8560
0.8630
0.8490
0.8530
0.8450
0.8480
0.8470
0.8465
0.8480
0.8580
0.8460
0.8560
0.8460
0.8450
0.8560
0.8490
0.8400
0.8560
0.8460
0.8600
0.8480
0.8560
0.8510
0.8570
0.8550
0.8460
0.8380
0.8550
0.8513
0.8520
0.8470
0.8490
0.8620
0.8500
0.8540
0.8354
0.8550
0.8480
0.8370
0.8560
0.8560
0.8500
0.8544
0.8460
0.8620
0.8720
0.8450
0.8480
0.8370
0.8370
0.8540
0.8540
0.8510
0.8480
0.8530
0.8430
0.8497
0.8270
0.8720
0.8490
0.8480
0.8570
0.8490
0.8513
0.8500
0.8460
0.8660
0.8560
0.8360
0.8510
0.8465
0.8390
0.8540
0.8590
0.8500
0.8570
0.8430
0.8513
0.8570
0.8590
0.8530
0.8460
0.8380
0.8650
0.8259
0.8570
0.8590
0.8340
0.8460
0.8500
0.8530
0.8560
0.8570
0.8660
0.8510
0.8310
0.8440
0.8360
0.8829
0.8570
0.8520
0.8500
0.8530
0.8380
0.8500
0.8592
0.8580
0.8450
0.8620
0.8330
0.8650
0.8500
0.8418
0.8700
0.8420
0.8440
0.8490
0.8600
0.8590
0.8244
0.8530
0.8350
0.8680
0.8630
0.8440
0.8550
0.8339
0.8430
0.8600
0.8540
0.8430
0.8510
0.8560
0.8513
0.8590
0.8640
0.8510
0.8360
0.8440
0.8620
0.8402
0.8490
0.8590
0.8360
0.8570
0.8570
0.8350
0.8766
0.8530
0.8420
0.8570
0.8400
0.8540
0.8450
0.8797
0.8450
0.8470
0.8630
0.8480
0.8520
0.8500
0.8592
0.8490
0.8550
0.8610
0.8420
0.8550
0.8540
0.8418
0.8440
0.8490
0.8670
0.8410
0.8500
0.8570
0.8560
0.8480
0.8610
0.8650
0.8350
0.8480
0.8590
0.8449
0.8540
0.8540
0.8450
0.8500
0.8560
0.8500
0.8560
0.8410
0.8670
0.8560
0.8570
0.8590
0.8370
0.8434
0.8500
0.8560
0.8450
0.8750
0.8420
0.8490
0.8449
0.8570
0.8450
0.8600
0.8740
0.8440
0.8370
0.8497
0.8660
0.8620
0.8550
0.8370
0.8410
0.8580
0.8449
0.8550
0.8440
0.8590
0.8520
0.8390
0.8520
0.8766
0.8510
0.8440
0.8770
0.8530
0.8390
0.8620
0.8370
0.8550
0.8600
0.8660
0.8620
0.8250
0.8590
0.8354
0.8660
0.8660
0.8520
0.8520
0.8430
0.8540
0.8275
0.8620
0.8480
0.8420
0.8470
0.8650
0.8440
0.8671
0.8650
0.8380
0.8540
0.8620
0.8570
0.8300
0.8703
0.8530
0.8420
0.8570
0.8520
0.8620
0.8560
0.8449
0.8440
0.8580
0.8460
0.8400
0.8680
0.8430
0.8813
0.8410
0.8560
0.8530
0.8600
0.8410
0.8560
0.8703
0.8570
0.8690
0.8440
0.8470
0.8450
0.8630
0.8418
0.8510
0.8430
0.8490
0.8570
0.8540
0.8580
0.8623
0.8740
0.8740
0.8410
0.8360
0.8490
0.8580
0.8307
0.8350
0.8560
0.8570
0.8560
0.8520
0.8500
0.8718
0.8550
0.8510
0.8560
0.8580
0.8490
0.8450
0.8608
0.8490
0.8490
0.8510
0.8410
0.8600
0.8600
0.8671
0.8520
0.8520
0.8620
0.8470
0.8450
0.8660
0.8449
0.8590
0.8480
0.8500
0.8630
0.8610
0.8590
0.8196
0.8610
0.8390
0.8440
0.8430
0.8610
0.8650
0.8623
0.8580
0.8640
0.8480
0.8510
0.8530
0.8480
0.8481
0.8550
0.8490
0.8420
0.8480
0.8530
0.8730
0.8513
0.8410
0.8680
0.8510
0.8600
0.8430
0.8450
0.8703
0.8520
0.8450
0.8620
0.8450
0.8600
0.8620
0.8418
0.8370
0.8670
0.8730
0.8310
0.8490
0.8510
0.8703
0.8390
0.8500
0.8400
0.8660
0.8630
0.8540
0.8639
0.8460
0.8620
0.8540
0.8600
0.8470
0.8590
0.8418
0.8400
0.8410
0.8810
0.8580
0.8510
0.8560
0.8434
0.8730
0.8540
0.8260
0.8780
0.8470
0.8470
0.8481
0.8740
0.8590
0.8590
0.8480
0.8380
0.8510
0.8449
0.8610
0.8310
0.8590
0.8500
0.8490
0.8620
0.8718
0.8430
0.8440
0.8390
0.8520
0.8710
0.8580
0.8782
0.8690
0.8550
0.8460
0.8480
0.8610
0.8540
0.8354
0.8630
0.8460
0.8410
0.8590
0.8520
0.8570
0.8576
0.8520
0.8700
0.8500
0.8490
0.8500
0.8620
0.8339
0.8590
0.8520
0.8490
0.8380
0.8480
0.8740
0.8544
0.8510
0.8590
0.8350
0.8650
0.8620
0.8480
0.8544
0.8590
0.8520
0.8390
0.8500
0.8490
0.8680
0.8576
0.8530
0.8420
0.8580
0.8580
0.8620
0.8530
0.8465
0.8560
0.8400
0.8520
0.8440
0.8640
0.8710
0.8465
0.8430
0.8560
0.8540
0.8590
0.8660
0.8510
0.8449
0.8750
0.8520
0.8600
0.8530
0.8520
0.8470
0.8307
0.8580
0.8530
0.8290
0.8580
0.8610
0.8590
0.8639
0.8550
0.8470
0.8460
0.8520
0.8700
0.8570
0.8497
0.8700
0.8440
0.8510
0.8680
0.8490
0.8580
0.8307
0.8690
0.8610
0.8640
0.8300
0.8580
0.8540
0.8370
0.8620
0.8470
0.8520
0.8570
0.8510
0.8550
0.8560
0.8510
0.8490
0.8480
0.8690
0.8500
0.8490
0.8687
0.8500
0.8460
0.8690
0.8580
0.8610
0.8500
0.8434
0.8620
0.8650
0.8600
0.8510
0.8520
0.8580
0.8244
0.8680
0.8420
0.8380
0.8710
0.8650
0.8510
0.8434
0.8440
0.8540
0.8630
0.8760
0.8560
0.8470
0.8339
0.8610
0.8440
0.8600
0.8580
0.8510
0.8660
0.8339
0.8530
0.8490
0.8430
0.8500
0.8560
0.8700
0.8671
0.8490
0.8550
0.8630
0.8560
0.8610
0.8470
0.8513
0.8650
0.8480
0.8250
0.8600
0.8650
0.8630
0.8608
0.8620
0.8530
0.8630
0.8540
0.8600
0.8470
0.8434
0.8610
0.8570
0.8470
0.8570
0.8420
0.8660
0.8576
0.8710
0.8470
0.8760
0.8490
0.8370
0.8430
0.8718
0.8380
0.8500
0.8540
0.8680
0.8580
0.8610
0.8623
0.8650
0.8530
0.8660
0.8360
0.8430
0.8710
0.8544
0.8460
0.8680
0.8450
0.8670
0.8430
0.8610
0.8608
0.8580
0.8560
0.8380
0.8560
0.8730
0.8570
0.8465
0.8600
0.8580
0.8380
0.8500
0.8670
0.8480
0.8718
0.8700
0.8580
0.8540
0.8650
0.8450
0.8360
0.8608
0.8590
0.8500
0.8510
0.8440
0.8530
0.8700
0.8608
0.8590
0.8590
0.8360
0.8530
0.8650
0.8500
0.8687
0.8460
0.8470
0.8590
0.8640
0.8810
0.8400
0.8481
0.8650
0.8650
0.8410
0.8620
0.8550
0.8470
0.8513
0.8300
0.8650
0.8640
0.8610
0.8520
0.8490
0.8750
0.8610
0.8660
0.8450
0.8470
0.8510
0.8670
0.8497
0.8580
0.8480
0.8430
0.8600
0.8610
0.8690
0.8465
0.8150
0.8660
0.8490
0.8730
0.8500
0.8670
0.8766
0.8620
0.8540
0.8560
0.8450
0.8780
0.8480
0.8418
0.8480
0.8560
0.8710
0.8600
0.8700
0.8330
0.8513
0.8580
0.8380
0.8580
0.8560
0.8540
0.8620
0.8703
0.8450
0.8530
0.8620
0.8620
0.8430
0.8530
0.8845
0.8630
0.8670
0.8710
0.8510
0.8560
0.8410
0.8339
0.8440
0.8630
0.8550
0.8680
0.8480
0.8520
0.8623
0.8620
0.8520
0.8630
0.8820
0.8430
0.8310
0.8623
0.8380
0.8550
0.8730
0.8550
0.8540
0.8630
0.8528
0.8470
0.8530
0.8680
0.8520
0.8670
0.8540
0.8481
0.8390
0.8730
0.8590
0.8660
0.8360
0.8670
0.8481
0.8410
0.8580
0.8580
0.8460
0.8890
0.8500
0.8449
0.8730
0.8690
0.8430
0.8470
0.8550
0.8500
0.8560
0.8510
0.8660
0.8460
0.8700
0.8550
0.8480
0.8560
0.8580
0.8530
0.8550
0.8610
0.8550
0.8530
0.8608
0.8560
0.8520
0.8560
0.8590
0.8680
0.8490
0.8544
0.8510
0.8650
0.8590
0.8650
0.8280
0.8630
0.8671
0.8440
0.8710
0.8490
0.8360
0.8510
0.8810
0.8623
0.8520
0.8610
0.8590
0.8580
0.8410
0.8610
0.8623
0.8610
0.8510
0.8570
0.8550
0.8530
0.8580
0.8560
0.8410
0.8420
0.8500
0.8710
0.8650
0.8550
0.8703
0.8500
0.8730
0.8600
0.8600
0.8420
0.8490
0.8544
0.8630
0.8380
0.8630
0.8500
0.8690
0.8550
0.8497
0.8550
0.8550
0.8480
0.8650
0.8560
0.8520
0.8655
0.8480
0.8550
0.8530
0.8690
0.8540
0.8500
0.8703
0.8590
0.8440
0.8630
0.8660
0.8630
0.8560
0.8354
0.8480
0.8490
0.8670
0.8540
0.8650
0.8510
0.8608
0.8410
0.8550
0.8490
0.8760
0.8550
0.8640
0.8528
0.8710
0.8610
0.8780
0.8460
0.8620
0.8410
0.8259
0.8700
0.8570
0.8420
0.8620
0.8420
0.8620
0.8623
0.8540
0.8590
0.8590
0.8510
0.8630
0.8480
0.8655
0.8600
0.8640
0.8540
0.8480
0.8710
0.8600
0.8291
0.8530
0.8550
0.8680
0.8480
0.8560
0.8600
0.8576
0.8470
0.8570
0.8420
0.8420
0.8710
0.8620
0.8908
0.8450
0.8630
0.8620
0.8640
0.8590
0.8530
0.8513
0.8600
0.8490
0.8460
0.8660
0.8540
0.8760
0.8449
0.8530
0.8750
0.8570
0.8520
0.8460
0.8560
0.8639
0.8550
0.8630
0.8490
0.8510
0.8530
0.8710
0.8608
0.8600
0.8570
0.8530
0.8700
0.8520
0.8610
0.8434
0.8600
0.8560
0.8710
0.8490
0.8540
0.8530
0.8592
0.8430
0.8790
0.8630
0.8690
0.8490
0.8450
0.8513
0.8550
0.8460
0.8690
0.8630
0.8420
0.8670
0.8608
0.8640
0.8510
0.8510
0.8620
0.8470
0.8640
0.8655
0.8420
0.8710
0.8340
0.8740
0.8800
0.8460
0.8528
0.8620
0.8580
0.8590
0.8600
0.8620
0.8560
0.8370
0.8680
0.8440
0.8630
0.8610
0.8610
0.8470
0.8576
0.8500
0.8660
0.8410
0.8570
0.8590
0.8680
0.8623
0.8650
0.8620
0.8510
0.8580
0.8540
0.8450
0.8718
0.8480
0.8500
0.8550
0.8650
0.8580
0.8670
0.8592
0.8570
0.8680
0.8560
0.8540
0.8780
0.8340
0.8528
0.8660
0.8610
0.8720
0.8460
0.8560
0.8400
0.8639
0.8470
0.8520
0.8620
0.8360
0.8660
0.8790
0.8623
0.8670
0.8540
0.8560
0.8630
0.8640
0.8460
0.8497
0.8510
0.8630
0.8500
0.8710
0.8630
0.8540
0.8465
0.8770
0.8550
0.8700
0.8400
0.8530
0.8680
0.8291
0.8500
0.8570
0.8630
0.8620
0.8540
0.8630
0.8513
0.8650
0.8510
0.8510
0.8770
0.8490
0.8540
0.8544
0.8440
0.8670
0.8560
0.8730
0.8530
0.8630
0.8418
0.8510
0.8600
0.8580
0.8670
0.8560
0.8420
0.8782
0.8660
0.8530
0.8810
0.8620
0.8530
0.8450
0.8370
0.8530
0.8610
0.8470
0.8470
0.8660
0.8710
0.8592
0.8630
0.8580
0.8560
0.8750
0.8510
0.8430
0.8576
0.8550
0.8530
0.8680
0.8500
0.8640
0.8620
0.8481
0.8620
0.8590
0.8520
0.8560
0.8580
0.8600
0.8576
0.8620
0.8610
0.8550
0.8670
0.8520
0.8600
0.8418
0.8350
0.8700
0.8560
0.8600
0.8610
0.8650
0.8576
0.8460
0.8690
0.8500
0.8620
0.8570
0.8690
0.8481
0.8550
0.8410
0.8560
0.8560
0.8640
0.8660
0.8718
0.8470
0.8570
0.8820
0.8250
0.8720
0.8560
0.8703
0.8680
0.8690
0.8560
0.8460
0.8580
0.8580
0.8449
0.8510
0.8620
0.8670
0.8440
0.8660
0.8680
0.8402
0.8720
0.8590
0.8610
0.8710
0.8380
0.8510
0.8497
0.8380
0.8760
0.8480
0.8530
0.8720
0.8550
0.8655
0.8670
0.8510
0.8490
0.8650
0.8590
0.8470
0.8734
0.8500
0.8580
0.8630
0.8780
0.8480
0.8500
0.8608
0.8580
0.8510
0.8660
0.8370
0.8740
0.8410
0.8908
0.8520
0.8650
0.8540
0.8380
0.8810
0.8520
0.8655
0.8530
0.8610
0.8470
0.8610
0.8640
0.8590
0.8623
0.8460
0.8510
0.8520
0.8580
0.8600
0.8760
0.8655
0.8550
0.8770
0.8450
0.8840
0.8570
0.8420
0.8370
0.8540
0.8660
0.8640
0.8490
0.8660
0.8510
0.8528
0.8660
0.8590
0.8660
0.8470
0.8710
0.8350
0.8623
0.8560
0.8520
0.8750
0.8580
0.8510
0.8420
0.8797
0.8570
0.8590
0.8550
0.8660
0.8560
0.8540
0.8608
0.8570
0.8570
0.8450
0.8780
0.8530
0.8690
0.8418
0.8510
0.8740
0.8610
0.8630
0.8440
0.8500
0.8671
0.8660
0.8580
0.8530
0.8620
0.8550
0.8600
0.8497
0.8560
0.8560
0.8630
0.8570
0.8700
0.8610
0.8354
0.8460
0.8620
0.8760
0.8600
0.8550
0.8490
0.8592
0.8490
0.8620
0.8610
0.8590
0.8610
0.8760
0.8291
0.8580
0.8560
0.8700
0.8500
0.8540
0.8650
0.8544
0.8660
0.8630
0.8550
0.8480
0.8610
0.8690
0.8370
0.8630
0.8720
0.8600
0.8530
0.8510
0.8570
0.8497
0.8450
0.8600
0.8600
0.8680
0.8560
0.8490
0.8766
0.8480
0.8860
0.8620
0.8560
0.8550
0.8560
0.8386
0.8450
0.8630
0.8580
0.8710
0.8500
0.8630
0.8592
0.8400
0.8560
0.8460
0.8670
0.8640
0.8710
0.8687
0.8530
0.8560
0.8590
0.8540
0.8660
0.8530
0.8718
0.8540
0.8630
0.8640
0.8380
0.8450
0.8840
0.8608
0.8520
0.8360
0.8720
0.8660
0.8650
0.8630
0.8513
0.8660
0.8340
0.8610
0.8610
0.8490
0.8810
0.8544
0.8750
0.8450
0.8770
0.8420
0.8590
0.8470
0.8671
0.8380
0.8590
0.8600
0.8780
0.8570
0.8610
0.8544
0.8560
0.8430
0.8530
0.8670
0.8580
0.8630
0.8750
0.8450
0.8670
0.8750
0.8540
0.8680
0.8550
0.8370
0.8510
0.8470
0.8620
0.8570
0.8530
0.8810
0.8576
0.8620
0.8500
0.8640
0.8500
0.8600
0.8590
0.8671
0.8490
0.8600
0.8700
0.8580
0.8590
0.8590
0.8497
0.8550
0.8470
0.8640
0.8400
0.8590
0.8770
0.8703
0.8510
0.8680
0.8680
0.8720
0.8520
0.8430
0.8513
0.8510
0.8540
0.8560
0.8450
0.8750
0.8590
0.8734
0.8380
0.8650
0.8440
0.8590
0.8640
0.8780
0.8608
0.8680
0.8560
0.8620
0.8470
0.8710
0.8550
0.8434
0.8680
0.8440
0.8580
0.8680
0.8530
0.8740
0.8339
0.8460
0.8770
0.8550
0.8600
0.8570
0.8550
0.8576
0.8500
0.8660
0.8590
0.8550
0.8580
0.8560
0.8671
0.8590
0.8580
0.8540
0.8520
0.8570
0.8690
0.8592
0.8500
0.8650
0.8560
0.8540
0.8590
0.8630
0.8623
0.8530
0.8730
0.8410
0.8580
0.8490
0.8590
0.8845
0.8620
0.8470
0.8700
0.8530
0.8530
0.8580
0.8703
0.8520
0.8590
0.8650
0.8450
0.8650
0.8580
0.8687
0.8540
0.8560
0.8650
0.8570
0.8540
0.8560
0.8718
0.8550
0.8520
0.8420
0.8670
0.8700
0.8640
0.8592
0.8460
0.8820
0.8550
0.8550
0.8610
0.8540
0.8544
0.8550
0.8750
0.8660
0.8640
0.8490
0.8580
0.8323
0.8550
0.8640
0.8650
0.8490
0.8610
0.8550
0.8608
0.8680
0.8760
0.8630
0.8450
0.8470
0.8530
0.8560
0.8430
0.8560
0.8760
0.8710
0.8550
0.8620
0.8386
0.8530
0.8550
0.8510
0.8550
0.8680
0.8570
0.8766
0.8520
0.8590
0.8610
0.8740
0.8560
0.8490
0.8576
0.8550
0.8580
0.8660
0.8390
0.8580
0.8740
0.8592
0.8780
0.8540
0.8410
0.8630
0.8530
0.8630
0.8544
0.8470
0.8420
0.8580
0.8590
0.8590
0.8730
0.8766
0.8700
0.8580
0.8650
0.8550
0.8630
0.8420
0.8513
0.8540
0.8720
0.8530
0.8400
0.8470
0.8700
0.8782
0.8620
0.8460
0.8620
0.8620
0.8450
0.8740
0.8544
0.8620
0.8560
0.8580
0.8500
0.8640
0.8720
0.8370
0.8420
0.8520
0.8630
0.8680
0.8620
0.8660
0.8528
0.8640
0.8620
0.8560
0.8410
0.8590
0.8690
0.8576
0.8380
0.8730
0.8540
0.8520
0.8770
0.8620
0.8513
0.8530
0.8740
0.8780
0.8570
0.8420
0.8560
0.8497
0.8620
0.8570
0.8340
0.8560
0.8630
0.8650
0.8877
0.8620
0.8540
0.8660
0.8570
0.8450
0.8670
0.8655
0.8530
0.8500
0.8580
0.8730
0.8510
0.8620
0.8718
0.8620
0.8770
0.8440
0.8470
0.8770
0.8610
0.8370
0.8490
0.8710
0.8840
0.8480
0.8440
0.8630
0.8481
0.8490
0.8600
0.8700
0.8750
0.8580
0.8600
0.8275
0.8750
0.8690
0.8600
0.8620
0.8310
0.8500
0.8671
0.8500
0.8680
0.8600
0.8700
0.8500
0.8490
0.8703
0.8600
0.8470
0.8570
0.8640
0.8610
0.8490
0.8845
0.8670
0.8520
0.8650
0.8590
0.8560
0.8620
0.8513
0.8640
0.8410
0.8770
0.8620
0.8740
0.8440
0.8513
0.8660
0.8620
0.8520
0.8550
0.8640
0.8560
0.8655
0.8700
0.8700
0.8520
0.8700
0.8550
0.8570
0.8354
0.8490
0.8670
0.8590
0.8620
0.8640
0.8580
0.8608
0.8700
0.8530
0.8600
0.8570
0.8720
0.8580
0.8434
0.8740
0.8570
0.8540
0.8530
0.8640
0.8560
0.8623
0.8550
0.8770
0.8660
0.8450
0.8640
0.8560
0.8576
0.8680
0.8440
0.8660
0.8600
0.8580
0.8660
0.8592
0.8770
0.8650
0.8550
0.8560
0.8630
0.8590
0.8402
0.8550
0.8590
0.8480
0.8750
0.8530
0.8660
0.8703
0.8480
0.8740
0.8420
0.8650
0.8610
0.8780
0.8497
0.8750
0.8590
0.8570
0.8600
0.8540
0.8670
0.8434
0.8710
0.8620
0.8460
0.8610
0.8650
0.8670
0.8418
0.8460
0.8510
0.8530
0.8670
0.8710
0.8580
0.8797
0.8640
0.8670
0.8570
0.8560
0.8580
0.8520
0.8687
0.8620
0.8670
0.8500
0.8550
0.8770
0.8510
0.8560
0.8490
0.8660
0.8760
0.8540
0.8520
0.8620
0.8608
0.8660
0.8530
0.8620
0.8570
0.8540
0.8700
0.8560
0.8540
0.8830
0.8590
0.8650
0.8570
0.8500
0.8465
0.8450
0.8500
0.8570
0.8700
0.8650
0.8770
0.8544
0.8570
0.8750
0.8560
0.8450
0.8700
0.8430
0.8845
0.8710
0.8680
0.8490
0.8510
0.8630
0.8590
0.8608
0.8460
0.8610
0.8600
0.8510
0.8660
0.8690
0.8734
0.8740
0.8660
0.8590
0.8590
0.8660
0.8330
0.8623
0.8600
0.8620
0.8630
0.8500
0.8580
0.8660
0.8608
0.8540
0.8790
0.8580
0.8520
0.8450
0.8710
0.8592
0.8340
0.8600
0.8750
0.8670
0.8640
0.8710
0.8418
0.8500
0.8490
0.8700
0.8710
0.8640
0.8610
0.8513
0.8760
0.8500
0.8530
0.8690
0.8540
0.8610
0.8560
0.8660
0.8470
0.8620
0.8680
0.8790
0.8450
0.8497
0.8720
0.8400
0.8570
0.8760
0.8680
0.8410
0.8703
0.8570
0.8650
0.8490
0.8570
0.8600
0.8660
0.8734
0.8530
0.8640
0.8650
0.8680
0.8520
0.8530
0.8718
0.8610
0.8610
0.8710
0.8550
0.8320
0.8670
0.8829
0.8730
0.8570
0.8580
0.8630
0.8400
0.8630
0.8734
0.8660
0.8480
0.8770
0.8480
0.8700
0.8580
0.8528
0.8660
0.8710
0.8670
0.8600
0.8550
0.8470
0.8544
0.8690
0.8450
0.8700
0.8600
0.8750
0.8570
0.8386
0.8500
0.8750
0.8600
0.8790
0.8510
0.8590
0.8449
0.8580
0.8600
0.8610
0.8610
0.8730
0.8470
0.8687
0.8650
0.8450
0.8540
0.8690
0.8580
0.8800
0.8528
0.8650
0.8400
0.8790
0.8670
0.8730
0.8400
0.8608
0.8610
0.8660
0.8600
0.8560
0.8470
0.8730
0.8608
0.8590
0.8610
0.8650
0.8500
0.8470
0.8710
0.8766
0.8560
0.8760
0.8530
0.8570
0.8680
0.8590
0.8513
0.8640
0.8640
0.8470
0.8780
0.8570
0.8470
0.8718
0.8370
0.8730
0.8700
0.8620
0.8560
0.8560
0.8766
0.8540
0.8700
0.8460
0.8650
0.8640
0.8680
0.8560
0.8560
0.8650
0.8670
0.8650
0.8610
0.8470
0.8623
0.8630
0.8510
0.8580
0.8610
0.8620
0.8680
0.8576
0.8630
0.8730
0.8530
0.8450
0.8820
0.8610
0.8370
0.8600
0.8550
0.8750
0.8490
0.8450
0.8710
0.8703
0.8440
0.8670
0.8420
0.8780
0.8540
0.8710
0.8687
0.8480
0.8570
0.8640
0.8620
0.8480
0.8690
0.8813
0.8650
0.8580
0.8610
0.8390
0.8590
0.8610
0.8908
0.8720
0.8600
0.8580
0.8750
0.8460
0.8690
0.8339
0.8820
0.8480
0.8620
0.8570
0.8500
0.8570
0.8718
0.8540
0.8760
0.8500
0.8690
0.8620
0.8510
0.8623
0.8600
0.8640
0.8580
0.8510
0.8670
0.8760
0.8386
0.8620
0.8540
0.8540
0.8720
0.8510
0.8650
0.8687
0.8700
0.8500
0.8640
0.8570
0.8690
0.8550
0.8560
0.8680
0.8680
0.8670
0.8540
0.8650
0.8480
0.8481
0.8500
0.8510
0.8660
0.8610
0.8620
0.8690
0.8687
0.8490
0.8680
0.8380
0.8630
0.8840
0.8620
0.8623
0.8640
0.8390
0.8760
0.8630
0.8680
0.8550
0.8608
0.8560
0.8620
0.8580
0.8720
0.8630
0.8740
0.8307
0.8640
0.8550
0.8680
0.8730
0.8580
0.8490
0.8608
0.8650
0.8770
0.8400
0.8600
0.8580
0.8650
0.8639
0.8640
0.8630
0.8690
0.8550
0.8560
0.8640
0.8544
0.8730
0.8520
0.8660
0.8710
0.8540
0.8540
0.8560
0.8440
0.8520
