3.1611
5.6757
11.8715
14.4469
18.7385
19.5528
22.6871
23.2278
24.9990
26.5904
29.7117
33.8288
33.7312
35.1267
38.5738
40.8090
41.8975
41.9117
47.7846
46.3607
51.7941
52.5556
53.4662
57.1607
54.5975
56.9336
68.7014
67.3019
76.1655
72.0094
67.9586
77.2764
77.4298
80.1540
77.0908
85.7832
84.0228
84.7648
96.8731
93.1688
89.4788
93.1596
90.7183
87.3824
111.2699
91.2152
111.9530
109.5763
103.9038
117.2951
107.8973
113.7228
119.4426
116.0240
119.5085
110.0942
115.2726
115.4546
119.2953
128.1761
130.9926
132.1739
128.8075
116.3388
126.2347
118.8784
118.3110
132.5688
126.0904
121.9240
132.1144
142.0764
129.3900
127.6075
125.6955
134.3642
132.4612
130.8921
131.3914
133.9974
175.8700
151.8558
126.2909
108.9521
107.9975
100.0828
126.5414
114.2456
121.5217
119.6712
115.2396
108.6278
120.5629
117.8006
114.8912
117.2098
110.7870
135.3360
117.4021
111.1550
