0.0010
0.0020
0.0010
0.0030
0.0000
0.0048
0.0000
0.0020
0.0040
0.0040
0.0050
0.0024
0.0040
0.0030
0.0060
0.0020
0.0040
0.0144
0.0090
0.0070
0.0110
0.0190
0.0160
0.0240
0.0250
0.0340
0.0450
0.0320
0.0460
0.0671
0.0710
0.0860
0.0710
0.0880
0.0870
0.1007
0.1030
0.1230
0.1320
0.1660
0.1430
0.1511
0.1740
0.1470
0.1710
0.1840
0.2060
0.1942
0.1950
0.2260
0.2330
0.2200
0.2470
0.2662
0.2580
0.2780
0.2940
0.3040
0.3040
0.3118
0.3500
0.3390
0.3580
0.3700
0.4100
0.4101
0.4030
0.4360
0.4730
0.4940
0.5260
0.5420
0.5300
0.5790
0.5900
0.5790
0.6210
0.6211
0.6200
0.6790
0.6890
0.6820
0.7010
0.7314
0.7220
0.7500
0.7470
0.7350
0.7640
0.7890
0.7840
0.7910
0.8130
0.7950
0.8130
0.8106
0.8330
0.8270
0.8360
0.8360
0.8650
0.8537
0.8520
0.8670
0.8830
0.8810
0.8870
0.8921
0.9000
0.8990
0.9020
0.9040
0.9040
0.8873
0.9020
0.9230
0.9210
0.9110
0.9280
0.9448
0.9220
0.9270
0.9350
0.9290
0.9380
0.9472
0.9410
0.9430
0.9470
0.9400
0.9460
0.9448
0.9480
0.9530
0.9550
0.9380
0.9600
0.9544
0.9710
0.9510
0.9430
0.9600
0.9660
0.9688
0.9630
0.9630
0.9670
0.9630
0.9690
0.9520
0.9760
0.9650
0.9610
0.9700
0.9660
0.9736
0.9630
0.9680
0.9780
0.9700
0.9780
0.9688
0.9730
0.9770
0.9750
0.9680
0.9700
0.9760
0.9720
0.9760
0.9760
0.9760
0.9760
0.9616
0.9750
0.9660
0.9790
0.9800
0.9760
0.9856
0.9820
0.9810
0.9760
0.9710
0.9770
0.9760
0.9770
0.9770
0.9790
0.9810
0.9740
0.9880
0.9800
0.9730
0.9890
0.9800
0.9770
0.9760
0.9810
0.9760
0.9810
0.9720
0.9850
0.9904
0.9830
0.9730
0.9810
0.9850
0.9790
0.9808
0.9800
0.9790
0.9800
0.9820
0.9890
0.9736
0.9870
0.9820
0.9880
0.9770
0.9780
0.9736
0.9820
0.9790
0.9800
0.9890
0.9800
0.9832
0.9790
0.9870
0.9780
0.9830
0.9840
0.9856
0.9770
0.9840
0.9860
0.9760
0.9880
0.9880
0.9840
0.9840
0.9800
0.9850
0.9830
0.9736
0.9880
0.9820
0.9770
0.9860
0.9810
0.9808
0.9870
0.9830
0.9780
0.9810
0.9870
0.9808
0.9820
0.9850
0.9880
0.9800
0.9790
0.9856
0.9830
0.9800
0.9810
0.9830
0.9880
0.9832
0.9880
0.9850
0.9830
0.9780
0.9790
0.9904
0.9810
0.9900
0.9830
0.9820
0.9790
0.9856
0.9850
0.9830
0.9870
0.9820
0.9790
0.9856
0.9860
0.9780
0.9810
0.9840
0.9860
0.9880
0.9820
0.9860
0.9900
0.9860
0.9760
0.9784
0.9840
0.9840
0.9810
0.9830
0.9880
0.9784
0.9820
0.9860
0.9860
0.9800
0.9840
0.9880
0.9920
0.9830
0.9840
0.9780
0.9820
0.9880
0.9810
0.9860
0.9860
0.9810
0.9880
0.9832
0.9830
0.9870
0.9780
0.9900
0.9910
0.9760
0.9860
0.9890
0.9820
0.9820
0.9850
0.9904
0.9820
0.9870
0.9850
0.9900
0.9850
0.9784
0.9820
0.9830
0.9880
0.9820
0.9900
0.9832
0.9860
0.9770
0.9880
0.9800
0.9910
0.9904
0.9830
0.9840
0.9830
0.9820
0.9860
0.9976
0.9850
0.9870
0.9810
0.9860
0.9870
0.9784
0.9760
0.9860
0.9850
0.9880
0.9860
0.9904
0.9850
0.9850
0.9810
0.9880
0.9860
0.9808
0.9860
0.9820
0.9810
0.9880
0.9850
0.9880
0.9840
0.9810
0.9860
0.9830
0.9890
0.9856
0.9790
0.9900
0.9840
0.9860
0.9830
0.9904
0.9880
0.9890
0.9790
0.9860
0.9850
0.9760
0.9880
0.9860
0.9800
0.9800
0.9870
0.9904
0.9830
0.9810
0.9850
0.9870
0.9870
0.9856
0.9820
0.9900
0.9770
0.9880
0.9850
0.9880
0.9840
0.9820
0.9880
0.9860
0.9820
0.9880
0.9930
0.9750
0.9790
0.9910
0.9820
0.9928
0.9850
0.9860
0.9900
0.9810
0.9830
0.9808
0.9820
0.9790
0.9810
0.9910
0.9900
0.9856
0.9860
0.9810
0.9900
0.9830
0.9830
0.9856
0.9820
0.9880
0.9840
0.9830
0.9840
0.9904
0.9880
0.9820
0.9780
0.9890
0.9860
0.9856
0.9810
0.9880
0.9860
0.9810
0.9840
0.9928
0.9800
0.9900
0.9890
0.9820
0.9800
0.9904
0.9880
0.9820
0.9900
0.9810
0.9820
0.9856
0.9870
0.9880
0.9860
0.9820
0.9780
0.9928
0.9900
0.9870
0.9830
0.9830
0.9820
0.9832
0.9830
0.9890
0.9790
0.9880
0.9890
0.9760
0.9810
0.9880
0.9900
0.9790
0.9870
0.9832
0.9870
0.9910
0.9870
0.9790
0.9830
0.9784
0.9880
0.9820
0.9790
0.9850
0.9900
0.9856
0.9800
0.9870
0.9930
0.9810
0.9840
0.9832
0.9870
0.9880
0.9820
0.9880
0.9820
0.9784
0.9780
0.9840
0.9890
0.9860
0.9880
0.9832
0.9810
0.9880
0.9850
0.9820
0.9880
0.9856
0.9860
0.9800
0.9820
0.9890
0.9900
0.9808
0.9860
0.9880
0.9870
0.9820
0.9810
0.9880
0.9840
0.9800
0.9890
0.9870
0.9860
0.9832
0.9820
0.9880
0.9880
0.9880
0.9780
0.9880
0.9920
0.9870
0.9860
0.9810
0.9790
0.9856
0.9820
0.9840
0.9860
0.9860
0.9870
0.9856
0.9890
0.9870
0.9830
0.9870
0.9790
0.9832
0.9820
0.9900
0.9800
0.9840
0.9870
0.9880
0.9820
0.9920
0.9800
0.9850
0.9850
0.9856
0.9860
0.9840
0.9790
0.9860
0.9880
0.9880
0.9800
0.9810
0.9820
0.9930
0.9910
0.9760
0.9890
0.9870
0.9820
0.9860
0.9780
0.9904
0.9860
0.9870
0.9860
0.9830
0.9850
0.9784
0.9820
0.9860
0.9850
0.9840
0.9860
0.9880
0.9850
0.9800
0.9900
0.9840
0.9860
0.9808
0.9860
0.9840
0.9850
0.9880
0.9790
0.9880
0.9840
0.9870
0.9870
0.9850
0.9840
0.9784
0.9830
0.9920
0.9850
0.9820
0.9830
0.9832
0.9830
0.9860
0.9880
0.9800
0.9870
0.9856
0.9880
0.9840
0.9860
0.9850
0.9850
0.9760
0.9870
0.9890
0.9830
0.9840
0.9830
0.9808
0.9840
0.9910
0.9890
0.9820
0.9780
0.9856
0.9880
0.9850
0.9920
0.9790
0.9800
0.9856
0.9850
0.9840
0.9850
0.9870
0.9830
0.9856
0.9880
0.9840
0.9820
0.9840
0.9860
0.9856
0.9810
0.9890
0.9890
0.9850
0.9820
0.9808
0.9880
0.9790
0.9850
0.9850
0.9860
0.9880
0.9900
0.9830
0.9800
0.9840
0.9850
0.9904
0.9900
0.9820
0.9850
0.9810
0.9900
0.9760
0.9910
0.9790
0.9850
0.9910
0.9810
0.9784
0.9830
0.9840
0.9870
0.9820
0.9860
0.9904
0.9920
0.9860
0.9830
0.9820
0.9800
0.9880
0.9840
0.9880
0.9880
0.9820
0.9830
0.9832
0.9840
0.9840
0.9890
0.9810
0.9860
0.9856
0.9870
0.9850
0.9810
0.9870
0.9860
0.9808
0.9850
0.9880
0.9870
0.9850
0.9800
0.9832
0.9860
0.9860
0.9860
0.9840
0.9810
0.9880
0.9820
0.9860
0.9800
0.9890
0.9860
0.9880
0.9870
0.9810
0.9870
0.9810
0.9900
0.9808
0.9850
0.9860
0.9850
0.9810
0.9850
0.9904
0.9850
0.9880
0.9800
0.9820
0.9900
0.9832
0.9870
0.9830
0.9820
0.9830
0.9890
0.9856
0.9830
0.9830
0.9880
0.9880
0.9800
0.9904
0.9890
0.9820
0.9860
0.9830
0.9830
0.9880
0.9870
0.9810
0.9880
0.9840
0.9860
0.9808
0.9830
0.9820
0.9850
0.9950
0.9800
0.9832
0.9910
0.9870
0.9810
0.9820
0.9810
0.9880
0.9850
0.9860
0.9850
0.9820
0.9850
0.9856
0.9840
0.9820
0.9820
0.9850
0.9890
0.9880
0.9850
0.9820
0.9840
0.9870
0.9820
0.9928
0.9790
0.9880
0.9840
0.9920
0.9790
0.9880
0.9890
0.9860
0.9810
0.9880
0.9790
0.9856
0.9810
0.9840
0.9890
0.9850
0.9800
0.9952
0.9870
0.9820
0.9860
0.9800
0.9890
0.9832
0.9880
0.9820
0.9830
0.9840
0.9840
0.9904
0.9840
0.9840
0.9770
0.9910
0.9870
0.9856
0.9900
0.9850
0.9850
0.9860
0.9800
0.9784
0.9870
0.9830
0.9870
0.9870
0.9790
0.9856
0.9790
0.9840
0.9850
0.9880
0.9880
0.9832
0.9820
0.9840
0.9860
0.9840
0.9900
0.9784
0.9800
0.9870
0.9830
0.9830
0.9890
0.9856
0.9830
0.9890
0.9870
0.9800
0.9820
0.9880
0.9880
0.9830
0.9830
0.9840
0.9840
0.9856
0.9890
0.9860
0.9760
0.9870
0.9830
0.9880
0.9840
0.9850
0.9800
0.9890
0.9830
0.9880
0.9800
0.9870
0.9850
0.9870
0.9850
0.9808
0.9860
0.9820
0.9820
0.9820
0.9900
0.9856
0.9870
0.9830
0.9800
0.9880
0.9830
0.9880
0.9890
0.9840
0.9810
0.9850
0.9820
0.9880
0.9820
0.9900
0.9820
0.9820
0.9860
0.9856
0.9890
0.9870
0.9820
0.9800
0.9860
0.9808
0.9860
0.9830
0.9840
0.9860
0.9820
0.9880
0.9860
0.9850
0.9800
0.9820
0.9910
0.9808
0.9870
0.9870
0.9780
0.9810
0.9840
0.9976
0.9830
0.9880
0.9860
0.9810
0.9810
0.9928
0.9840
0.9790
0.9840
0.9830
0.9910
0.9856
0.9840
0.9850
0.9910
0.9780
0.9830
0.9856
0.9790
0.9810
0.9870
0.9880
0.9870
0.9832
0.9850
0.9820
0.9850
0.9880
0.9800
0.9880
0.9780
0.9840
0.9890
0.9850
0.9840
0.9856
0.9850
0.9810
0.9860
0.9820
0.9850
0.9880
0.9900
0.9820
0.9790
0.9860
0.9840
0.9832
0.9880
0.9840
0.9850
0.9810
0.9810
0.9880
0.9800
0.9870
0.9850
0.9840
0.9830
0.9880
0.9880
0.9820
0.9830
0.9790
0.9870
0.9856
0.9820
0.9840
0.9800
0.9850
0.9850
0.9928
0.9800
0.9900
0.9850
0.9770
0.9860
0.9880
0.9830
0.9870
0.9840
0.9860
0.9820
0.9784
0.9820
0.9860
0.9860
0.9850
0.9810
0.9832
0.9840
0.9810
0.9870
0.9820
0.9840
0.9880
0.9810
0.9800
0.9890
0.9820
0.9860
0.9880
0.9870
0.9810
0.9820
0.9870
0.9840
0.9808
0.9800
0.9800
0.9860
0.9860
0.9870
0.9856
0.9820
0.9830
0.9800
0.9870
0.9860
0.9880
0.9770
0.9850
0.9920
0.9850
0.9830
0.9784
0.9840
0.9870
0.9870
0.9860
0.9800
0.9736
0.9790
0.9830
0.9900
0.9890
0.9790
0.9808
0.9820
0.9850
0.9800
0.9870
0.9860
0.9808
0.9820
0.9840
0.9870
0.9790
0.9900
0.9760
0.9870
0.9840
0.9860
0.9820
0.9820
0.9784
0.9890
0.9820
0.9830
0.9810
0.9870
0.9736
0.9850
0.9800
0.9840
0.9830
0.9820
0.9904
0.9870
0.9820
0.9810
0.9870
0.9780
0.9880
0.9810
0.9860
0.9830
0.9800
0.9830
0.9928
0.9740
0.9910
0.9850
0.9860
0.9780
0.9880
0.9840
0.9800
0.9820
0.9830
0.9830
0.9904
0.9820
0.9920
0.9840
0.9700
0.9890
0.9784
0.9830
0.9800
0.9830
0.9820
0.9840
0.9904
0.9800
0.9790
0.9830
0.9820
0.9890
0.9880
0.9810
0.9810
0.9850
0.9830
0.9840
0.9856
0.9810
0.9830
0.9810
0.9870
0.9780
0.9928
0.9820
0.9870
0.9850
0.9870
0.9710
0.9856
0.9850
0.9760
0.9900
0.9860
0.9800
0.9736
0.9820
0.9860
0.9730
0.9830
0.9870
0.9880
0.9830
0.9840
0.9830
0.9850
0.9830
0.9712
0.9800
0.9820
0.9830
0.9840
0.9850
0.9808
0.9760
0.9920
0.9790
0.9870
0.9810
0.9784
0.9800
0.9860
0.9830
0.9820
0.9810
0.9832
0.9850
0.9780
0.9790
0.9850
0.9830
0.9880
0.9810
0.9870
0.9800
0.9810
0.9810
0.9880
0.9830
0.9820
0.9780
0.9850
0.9820
0.9880
0.9830
0.9790
0.9830
0.9860
0.9790
0.9880
0.9780
0.9810
0.9870
0.9850
0.9810
0.9832
0.9800
0.9760
0.9790
0.9880
0.9840
0.9952
0.9830
0.9830
0.9790
0.9800
0.9840
0.9904
0.9840
0.9870
0.9820
0.9790
0.9820
0.9784
0.9860
0.9810
0.9750
0.9860
0.9840
0.9832
0.9860
0.9800
0.9770
0.9810
0.9860
0.9880
0.9780
0.9860
0.9890
0.9790
0.9770
0.9904
0.9800
0.9820
0.9800
0.9870
0.9800
0.9904
0.9880
0.9860
0.9760
0.9810
0.9790
0.9880
0.9790
0.9870
0.9790
0.9850
0.9800
0.9880
0.9830
0.9740
0.9840
0.9800
0.9920
0.9808
0.9830
0.9790
0.9810
0.9830
0.9820
0.9928
0.9800
0.9830
0.9850
0.9800
0.9830
0.9856
0.9850
0.9840
0.9870
0.9790
0.9770
0.9832
0.9880
0.9840
0.9790
0.9820
0.9770
0.9880
0.9810
0.9830
0.9840
0.9770
0.9860
0.9856
0.9820
0.9840
0.9860
0.9760
0.9880
0.9736
0.9850
0.9840
0.9790
0.9830
0.9810
0.9832
0.9830
0.9860
0.9810
0.9810
0.9810
0.9832
0.9840
0.9840
0.9820
0.9800
0.9810
0.9856
0.9870
0.9850
0.9770
0.9830
0.9820
0.9784
0.9750
0.9770
0.9880
0.9820
0.9900
0.9832
0.9800
0.9830
0.9900
0.9840
0.9750
0.9832
0.9830
0.9830
0.9850
0.9810
0.9830
0.9760
0.9860
0.9890
0.9770
0.9840
0.9790
0.9760
0.9900
0.9790
0.9780
0.9800
0.9870
0.9784
0.9810
0.9800
0.9750
0.9860
0.9850
0.9952
0.9860
0.9830
0.9780
0.9820
0.9820
0.9856
0.9810
0.9900
0.9810
0.9790
0.9840
0.9760
0.9790
0.9900
0.9830
0.9840
0.9820
0.9688
0.9830
0.9790
0.9830
0.9860
0.9810
0.9832
0.9780
0.9830
0.9830
0.9860
0.9840
0.9784
0.9800
0.9820
0.9810
0.9850
0.9790
0.9952
0.9820
0.9840
0.9830
0.9860
0.9750
0.9832
0.9850
0.9820
0.9780
0.9830
0.9860
0.9736
0.9800
0.9790
0.9860
0.9780
0.9860
0.9856
0.9780
0.9800
0.9810
0.9830
0.9860
0.9880
0.9870
0.9830
0.9810
0.9790
0.9810
0.9808
0.9830
0.9820
0.9840
0.9790
0.9810
0.9856
0.9790
0.9830
0.9820
0.9790
0.9860
0.9856
0.9780
0.9870
0.9830
0.9800
0.9840
0.9784
0.9840
0.9800
0.9850
0.9800
0.9780
0.9904
0.9840
0.9870
0.9690
0.9860
0.9830
0.9856
0.9860
0.9830
0.9810
0.9850
0.9770
0.9784
0.9860
0.9800
0.9830
0.9890
0.9770
0.9712
0.9840
0.9800
0.9800
0.9750
0.9850
0.9976
0.9810
0.9830
0.9840
0.9790
0.9840
0.9808
0.9850
0.9810
0.9830
0.9790
0.9840
0.9784
0.9800
0.9880
0.9830
0.9760
0.9830
0.9832
0.9830
0.9840
0.9810
0.9800
0.9860
0.9736
0.9760
0.9880
0.9770
0.9830
0.9850
0.9856
0.9790
0.9850
0.9840
0.9770
0.9860
0.9808
0.9820
0.9830
0.9780
0.9840
0.9840
0.9808
0.9800
0.9830
0.9840
0.9820
0.9860
0.9712
0.9820
0.9860
0.9760
0.9830
0.9850
0.9784
0.9890
0.9810
0.9850
0.9780
0.9740
0.9904
0.9850
0.9840
0.9830
0.9760
0.9790
0.9904
0.9820
0.9830
0.9880
0.9700
0.9850
0.9880
0.9780
0.9820
0.9810
0.9880
0.9790
0.9880
0.9820
0.9790
0.9860
0.9780
0.9860
0.9808
0.9710
0.9920
0.9830
0.9840
0.9810
0.9784
0.9720
0.9830
0.9860
0.9890
0.9830
0.9736
0.9820
0.9780
0.9790
0.9800
0.9880
0.9880
0.9790
0.9790
0.9840
0.9830
0.9800
0.9928
0.9750
0.9830
0.9860
0.9850
0.9760
0.9928
0.9870
0.9770
0.9800
0.9820
0.9830
0.9832
0.9820
0.9840
0.9800
0.9850
0.9810
0.9760
0.9840
0.9800
0.9830
0.9890
0.9800
0.9664
0.9800
0.9750
0.9840
0.9900
0.9800
0.9832
0.9900
0.9810
0.9790
0.9830
0.9820
0.9688
0.9900
0.9830
0.9810
0.9760
0.9810
0.9784
0.9790
0.9790
0.9860
0.9850
0.9780
0.9856
0.9760
0.9780
0.9820
0.9850
0.9850
0.9880
0.9860
0.9840
0.9800
0.9770
0.9860
0.9712
0.9790
0.9740
0.9850
0.9870
0.9850
0.9784
0.9790
0.9830
0.9810
0.9820
0.9810
0.9880
0.9820
0.9850
0.9760
0.9860
0.9780
0.9856
0.9810
0.9790
0.9760
0.9770
0.9920
0.9904
0.9740
0.9860
0.9840
0.9830
0.9800
0.9856
0.9820
0.9870
0.9790
0.9800
0.9810
0.9808
0.9750
0.9830
0.9830
0.9860
0.9830
0.9784
0.9840
0.9900
0.9740
0.9820
0.9760
0.9880
0.9870
0.9780
0.9750
0.9880
0.9770
0.9904
0.9770
0.9770
0.9810
0.9840
0.9870
0.9880
0.9770
0.9850
0.9840
0.9810
0.9770
0.9904
0.9850
0.9770
0.9840
0.9880
0.9760
0.9760
0.9800
0.9840
0.9810
0.9780
0.9810
0.9904
0.9830
0.9820
0.9800
0.9760
0.9830
0.9904
0.9800
0.9770
0.9820
0.9840
0.9810
0.9904
0.9780
0.9830
0.9760
0.9860
0.9840
0.9832
0.9830
0.9850
0.9850
0.9790
0.9720
0.9904
0.9830
0.9800
0.9810
0.9830
0.9820
0.9784
0.9790
0.9790
0.9830
0.9870
0.9780
0.9856
0.9870
0.9820
0.9780
0.9770
0.9850
0.9760
0.9810
0.9770
0.9810
0.9880
0.9800
0.9808
0.9840
0.9860
0.9870
0.9750
0.9730
0.9856
0.9810
0.9870
0.9800
0.9830
0.9820
0.9664
0.9810
0.9800
0.9840
0.9740
0.9860
0.9856
0.9850
0.9800
0.9750
0.9800
0.9860
0.9832
0.9790
0.9830
0.9810
0.9820
0.9800
0.9856
0.9850
0.9790
0.9820
0.9780
0.9850
0.9760
0.9800
0.9780
0.9830
0.9790
0.9860
0.9832
0.9800
0.9840
0.9750
0.9890
0.9790
0.9808
0.9820
0.9880
0.9830
0.9780
0.9780
0.9760
0.9810
0.9870
0.9790
0.9790
0.9800
0.9832
0.9780
0.9790
0.9810
0.9780
0.9870
0.9904
0.9880
0.9700
0.9860
0.9780
0.9830
0.9856
0.9760
0.9820
0.9840
0.9850
0.9830
0.9736
0.9860
0.9730
0.9840
0.9780
0.9880
0.9736
0.9850
0.9830
0.9770
0.9830
0.9790
0.9784
0.9800
0.9890
0.9820
0.9780
0.9790
0.9760
0.9750
0.9780
0.9780
0.9860
0.9850
0.9904
0.9780
0.9780
0.9850
0.9850
0.9770
0.9880
0.9780
0.9830
0.9840
0.9850
0.9740
0.9856
0.9810
0.9840
0.9860
0.9780
0.9720
0.9928
0.9770
0.9830
0.9810
0.9800
0.9870
0.9760
0.9840
0.9880
0.9770
0.9790
0.9770
0.9832
0.9790
0.9760
0.9880
0.9820
0.9810
0.9808
0.9760
0.9780
0.9830
0.9820
0.9850
0.9856
0.9870
0.9860
0.9760
0.9730
0.9820
0.9856
0.9820
0.9850
0.9810
0.9830
0.9730
0.9856
0.9840
0.9870
0.9780
0.9770
0.9790
0.9832
0.9860
0.9770
0.9840
0.9850
0.9760
0.9760
0.9780
0.9740
0.9830
0.9890
0.9890
0.9640
0.9770
0.9800
0.9820
0.9770
0.9860
0.9904
0.9850
0.9870
0.9800
0.9840
0.9780
0.9616
0.9840
0.9830
0.9740
0.9800
0.9820
0.9880
0.9770
0.9850
0.9810
0.9800
0.9810
0.9832
0.9920
0.9780
0.9710
0.9830
0.9790
0.9856
0.9840
0.9850
0.9840
0.9720
0.9780
0.9856
0.9820
0.9790
0.9800
0.9780
0.9820
0.9904
0.9770
0.9800
0.9840
0.9830
0.9850
0.9712
0.9810
0.9760
0.9800
0.9880
0.9770
0.9880
0.9830
0.9800
0.9800
0.9780
0.9840
0.9808
0.9820
0.9730
0.9800
0.9790
0.9900
0.9832
0.9860
0.9820
0.9770
0.9780
0.9800
0.9856
0.9850
0.9810
0.9850
0.9790
0.9760
0.9784
0.9770
0.9820
0.9810
0.9820
0.9810
0.9856
0.9780
0.9830
0.9830
0.9790
0.9850
0.9736
0.9810
0.9880
0.9880
0.9800
0.9760
0.9616
0.9840
0.9810
0.9800
0.9800
0.9770
0.9880
0.9750
0.9870
0.9830
0.9790
0.9770
0.9904
0.9800
0.9790
0.9820
0.9800
0.9850
0.9784
0.9830
0.9820
0.9840
0.9800
0.9790
0.9736
0.9780
0.9840
0.9790
0.9800
0.9840
0.9808
0.9800
0.9850
0.9860
0.9790
0.9760
0.9784
0.9750
0.9830
0.9850
0.9830
0.9730
0.9952
0.9840
0.9780
0.9830
0.9800
0.9850
0.9688
0.9800
0.9760
0.9780
0.9810
0.9880
0.9856
0.9810
0.9810
0.9770
0.9800
0.9880
0.9736
0.9830
0.9850
0.9730
0.9890
0.9750
0.9784
0.9810
0.9900
0.9740
0.9830
0.9780
0.9736
0.9740
0.9770
0.9850
0.9850
0.9840
0.9760
0.9820
0.9850
0.9830
0.9770
0.9800
0.9712
0.9790
0.9840
0.9800
0.9820
0.9790
0.9784
0.9810
0.9850
0.9790
0.9820
0.9760
0.9808
0.9760
0.9800
0.9800
0.9850
0.9800
0.9856
0.9810
0.9810
0.9840
0.9740
0.9830
0.9808
0.9730
0.9880
0.9790
0.9850
0.9790
0.9784
0.9830
0.9820
0.9760
0.9780
0.9820
0.9856
0.9780
0.9800
0.9750
0.9870
0.9820
0.9832
0.9710
0.9840
0.9830
0.9780
0.9840
0.9880
0.9840
0.9840
0.9790
0.9850
0.9730
0.9760
0.9740
0.9770
0.9810
0.9870
0.9840
0.9808
0.9830
0.9790
0.9800
0.9800
0.9780
0.9880
0.9820
0.9760
0.9730
0.9860
0.9820
0.9904
0.9790
0.9740
0.9810
0.9800
0.9900
0.9784
0.9820
0.9810
0.9840
0.9780
0.9790
0.9784
0.9760
0.9800
0.9810
0.9830
0.9820
0.9832
0.9810
0.9830
0.9850
0.9770
0.9790
0.9760
0.9850
0.9790
0.9750
0.9790
0.9820
0.9880
0.9830
0.9830
0.9830
0.9790
0.9780
0.9736
0.9720
0.9810
0.9830
0.9780
0.9890
0.9808
0.9820
0.9770
0.9780
0.9800
0.9860
0.9808
0.9820
0.9800
0.9800
0.9820
0.9760
0.9880
0.9840
0.9790
0.9850
0.9770
0.9800
0.9760
0.9840
0.9800
0.9830
0.9780
0.9760
0.9856
0.9760
0.9810
0.9740
0.9830
0.9890
0.9808
0.9800
0.9790
0.9790
0.9740
0.9860
0.9928
0.9810
0.9770
0.9850
0.9770
0.9860
0.9736
0.9780
0.9820
0.9760
0.9830
0.9850
0.9784
0.9860
0.9860
0.9780
0.9780
0.9780
0.9736
0.9790
0.9860
0.9800
0.9770
0.9820
0.9784
0.9820
0.9800
0.9780
0.9840
0.9790
0.9808
0.9770
0.9900
0.9830
0.9830
0.9720
0.9760
0.9740
0.9810
0.9840
0.9880
0.9780
0.9760
0.9800
0.9780
0.9810
0.9790
0.9820
0.9880
0.9870
0.9800
0.9730
0.9810
0.9780
0.9904
0.9830
0.9800
0.9760
0.9840
0.9800
0.9808
0.9730
0.9820
0.9780
0.9810
0.9890
0.9808
0.9810
0.9740
0.9750
0.9930
0.9810
0.9784
0.9850
0.9770
0.9820
0.9760
0.9840
0.9784
0.9830
0.9820
0.9780
0.9770
0.9780
0.9928
0.9800
0.9840
0.9760
0.9790
0.9840
0.9808
0.9790
0.9810
0.9880
0.9810
0.9750
0.9784
0.9810
0.9760
0.9810
0.9850
0.9820
0.9760
0.9810
0.9780
0.9850
0.9830
0.9790
0.9736
0.9770
0.9870
0.9790
0.9710
0.9870
0.9856
0.9800
0.9850
0.9800
0.9750
0.9850
0.9760
0.9820
0.9810
0.9770
0.9800
0.9820
0.9832
0.9770
0.9790
0.9840
0.9850
0.9810
0.9736
0.9810
0.9830
0.9840
0.9810
0.9780
0.9712
0.9820
0.9870
0.9810
0.9710
0.9810
0.9832
0.9850
0.9780
0.9730
0.9810
0.9800
0.9952
0.9750
0.9860
0.9820
0.9860
0.9710
0.9880
0.9800
0.9830
0.9780
0.9770
0.9860
0.9784
0.9790
0.9900
0.9860
0.9810
0.9690
0.9760
0.9790
0.9860
0.9800
0.9780
0.9810
0.9784
0.9720
0.9800
0.9870
0.9760
0.9910
0.9736
0.9770
0.9740
0.9840
0.9800
0.9810
0.9976
0.9740
0.9830
0.9860
0.9790
0.9780
0.9880
0.9760
0.9720
0.9840
0.9820
0.9860
0.9880
0.9840
0.9760
0.9810
0.9830
0.9800
0.9784
0.9780
0.9830
0.9830
0.9800
0.9780
0.9832
0.9820
0.9780
0.9870
0.9800
0.9770
0.9760
0.9820
0.9760
0.9820
0.9840
0.9790
0.9784
0.9820
0.9840
0.9800
0.9750
0.9790
0.9856
0.9800
0.9780
0.9830
0.9790
0.9820
0.9808
0.9790
0.9830
0.9770
0.9810
0.9790
0.9880
0.9810
0.9810
0.9830
0.9800
0.9760
0.9832
0.9730
0.9810
0.9770
0.9850
0.9830
0.9880
0.9750
0.9850
0.9840
0.9830
0.9750
0.9808
0.9760
0.9810
0.9790
0.9800
0.9830
0.9880
0.9800
0.9860
0.9790
0.9790
0.9760
0.9856
0.9780
0.9810
0.9770
0.9770
0.9850
0.9904
0.9810
0.9790
0.9730
0.9840
0.9790
0.9952
0.9830
0.9840
0.9780
0.9790
0.9810
0.9736
0.9810
0.9720
0.9870
0.9850
0.9800
0.9736
0.9830
0.9850
0.9800
0.9830
0.9790
0.9616
0.9800
0.9790
0.9800
0.9770
0.9820
0.9904
0.9810
0.9790
0.9810
0.9750
0.9820
0.9904
0.9770
0.9810
0.9720
0.9820
0.9880
0.9856
0.9780
0.9860
0.9830
0.9780
0.9750
0.9856
0.9780
0.9850
0.9810
0.9860
0.9810
0.9592
0.9830
0.9840
0.9760
0.9800
0.9780
0.9832
0.9770
0.9800
0.9900
0.9750
0.9790
0.9832
0.9760
0.9850
0.9770
0.9830
0.9800
0.9856
0.9810
0.9860
0.9790
0.9750
0.9810
0.9832
0.9780
0.9820
0.9740
0.9790
0.9900
0.9808
0.9810
0.9780
0.9900
0.9820
0.9720
0.9808
0.9830
0.9830
0.9760
0.9870
0.9800
0.9664
0.9820
0.9780
0.9780
0.9850
0.9780
0.9856
0.9830
0.9840
0.9830
0.9790
0.9780
0.9712
0.9800
0.9780
0.9830
0.9850
0.9800
0.9736
0.9770
0.9820
0.9860
0.9750
0.9840
0.9784
0.9810
0.9790
0.9800
0.9740
0.9900
0.9784
0.9730
0.9850
0.9820
0.9770
0.9830
0.9856
0.9860
0.9780
0.9790
0.9750
0.9850
0.9784
0.9730
0.9830
0.9840
0.9840
0.9810
0.9760
0.9760
0.9740
0.9860
0.9820
0.9850
0.9808
0.9880
0.9770
0.9770
0.9800
0.9810
0.9808
0.9790
0.9760
0.9780
0.9810
0.9890
0.9808
0.9780
0.9800
0.9870
0.9710
0.9860
0.9808
0.9830
0.9790
0.9790
0.9780
0.9830
0.9808
0.9810
0.9780
0.9840
0.9800
0.9810
0.9760
0.9810
0.9760
0.9810
0.9780
0.9810
0.9928
0.9830
0.9830
0.9800
0.9730
0.9830
0.9808
0.9780
0.9820
0.9830
0.9830
0.9740
0.9856
0.9830
0.9820
0.9750
0.9810
0.9810
0.9784
0.9800
0.9820
0.9780
0.9760
0.9820
0.9880
0.9830
0.9830
0.9800
0.9840
0.9750
0.9712
0.9830
0.9850
0.9800
0.9800
0.9740
0.9784
0.9860
0.9730
0.9820
0.9850
0.9780
0.9736
0.9710
0.9860
0.9780
0.9870
0.9830
0.9712
0.9790
0.9840
0.9780
0.9760
0.9810
0.9880
0.9750
0.9720
0.9850
0.9850
0.9830
0.9832
0.9810
0.9820
0.9810
0.9780
0.9800
0.9784
0.9770
0.9850
0.9790
0.9790
0.9830
0.9760
0.9790
0.9800
0.9820
0.9810
0.9760
0.9880
0.9840
0.9750
0.9800
0.9850
0.9830
0.9664
0.9760
0.9820
0.9800
0.9770
0.9860
0.9808
0.9790
0.9740
0.9800
0.9830
0.9860
0.9784
0.9820
0.9820
0.9710
0.9810
0.9860
0.9784
0.9770
0.9770
0.9870
0.9790
0.9830
0.9760
0.9800
0.9820
0.9780
0.9780
0.9840
0.9784
0.9800
0.9840
0.9760
0.9780
0.9810
0.9856
0.9820
0.9840
0.9780
0.9750
0.9820
0.9808
0.9860
0.9800
0.9750
0.9760
0.9860
0.9760
0.9790
0.9800
0.9780
0.9880
0.9740
0.9856
0.9730
0.9850
0.9790
0.9850
0.9810
0.9760
0.9820
0.9790
0.9840
0.9740
0.9810
0.9832
0.9830
0.9810
0.9840
0.9770
0.9770
0.9784
0.9810
0.9820
0.9780
0.9800
0.9810
0.9784
0.9840
0.9780
0.9830
0.9820
0.9780
0.9712
0.9770
0.9830
0.9830
0.9800
0.9820
0.9712
0.9770
0.9790
0.9860
0.9820
0.9810
0.9712
0.9800
0.9770
0.9820
0.9860
0.9750
0.9832
0.9760
0.9800
0.9820
0.9790
0.9850
0.9784
0.9750
0.9770
0.9850
0.9840
0.9830
0.9736
0.9840
0.9810
0.9850
0.9780
0.9710
0.9856
0.9840
0.9800
0.9770
0.9760
0.9830
0.9832
0.9860
0.9790
0.9830
0.9770
0.9790
0.9736
0.9800
0.9780
0.9810
0.9820
0.9830
0.9736
0.9850
0.9750
0.9790
0.9830
0.9800
0.9784
0.9820
0.9800
0.9780
0.9840
0.9760
0.9832
0.9840
0.9760
0.9820
0.9810
0.9790
0.9784
0.9800
0.9790
0.9760
0.9780
0.9860
0.9856
0.9830
0.9830
0.9750
0.9770
0.9790
0.9904
0.9710
0.9850
0.9830
0.9800
0.9810
0.9832
0.9820
0.9770
0.9750
0.9770
0.9870
0.9880
0.9830
0.9810
0.9740
0.9800
0.9790
0.9904
0.9810
0.9840
0.9820
0.9750
0.9780
0.9832
0.9780
0.9850
0.9820
0.9780
0.9820
0.9712
0.9760
0.9810
0.9820
0.9890
0.9710
0.9856
0.9810
0.9780
0.9820
0.9790
0.9780
0.9880
0.9850
0.9790
0.9840
0.9800
0.9730
0.9808
0.9790
0.9800
0.9770
0.9820
0.9800
0.9880
0.9830
0.9740
0.9830
0.9810
0.9800
0.9808
0.9800
0.9810
0.9800
0.9840
0.9800
0.9712
0.9760
0.9800
0.9840
0.9870
0.9790
0.9688
0.9770
0.9800
0.9790
0.9830
0.9820
0.9808
0.9780
0.9720
0.9820
0.9860
0.9800
0.9880
0.9750
0.9830
0.9820
0.9780
0.9790
0.9904
0.9800
0.9800
0.9800
0.9750
0.9830
0.9880
0.9810
0.9830
0.9840
0.9800
0.9770
0.9712
0.9760
0.9790
0.9810
0.9840
0.9830
0.9760
0.9810
0.9770
0.9780
0.9800
0.9830
0.9856
0.9740
0.9830
0.9840
0.9810
0.9810
0.9760
0.9750
0.9850
0.9750
0.9800
0.9860
0.9808
0.9770
0.9880
0.9810
0.9840
0.9730
0.9760
0.9810
0.9780
0.9790
0.9780
0.9840
0.9832
0.9800
0.9790
0.9830
0.9820
0.9790
0.9760
0.9840
0.9820
0.9770
0.9780
0.9830
0.9736
0.9780
0.9860
0.9770
0.9820
0.9810
0.9736
0.9810
0.9790
0.9850
0.9760
0.9790
0.9832
0.9790
0.9780
0.9750
0.9810
0.9870
0.9832
0.9770
0.9800
0.9850
0.9840
0.9760
0.9784
0.9780
0.9820
0.9790
0.9770
0.9870
0.9760
0.9790
0.9860
0.9860
0.9800
0.9740
0.9712
0.9820
0.9820
0.9800
0.9830
0.9770
0.9736
0.9790
0.9790
0.9780
0.9850
0.9820
0.9760
0.9830
0.9860
0.9760
0.9810
0.9760
0.9784
0.9830
0.9790
0.9770
0.9810
0.9800
0.9832
0.9790
0.9730
0.9830
0.9860
0.9820
0.9760
0.9820
0.9810
0.9800
0.9710
0.9870
0.9808
0.9810
0.9810
0.9780
0.9820
0.9780
0.9832
0.9820
0.9890
0.9790
0.9740
0.9810
0.9712
0.9820
0.9790
0.9810
0.9810
0.9810
0.9736
0.9810
0.9860
0.9820
0.9740
0.9760
0.9856
0.9780
0.9860
0.9740
0.9780
0.9850
0.9808
0.9760
0.9760
0.9800
0.9840
0.9830
0.9856
0.9830
0.9820
0.9840
0.9800
0.9750
0.9736
0.9860
0.9820
0.9790
0.9900
0.9670
0.9736
0.9850
0.9870
0.9790
0.9740
0.9790
0.9736
0.9800
0.9800
0.9840
0.9780
0.9820
0.9736
0.9760
0.9890
0.9770
0.9820
0.9800
0.9712
0.9810
0.9780
0.9870
0.9810
0.9780
0.9688
0.9800
0.9760
0.9850
0.9780
0.9760
0.9928
0.9760
0.9840
0.9840
0.9780
0.9780
0.9808
0.9840
0.9790
0.9830
0.9770
0.9810
0.9712
0.9800
0.9820
0.9830
0.9760
0.9780
0.9832
0.9780
0.9820
0.9870
0.9750
0.9810
0.9736
0.9810
0.9780
0.9830
0.9820
0.9760
0.9808
0.9820
0.9760
0.9780
0.9800
0.9810
0.9880
0.9840
0.9800
0.9780
0.9750
0.9800
0.9880
0.9740
0.9750
0.9890
0.9790
0.9800
0.9880
0.9750
0.9810
0.9850
0.9790
0.9770
0.9880
0.9820
0.9870
0.9800
0.9750
0.9790
0.9760
0.9800
0.9790
0.9800
0.9900
0.9740
0.9760
0.9850
0.9860
0.9740
0.9830
0.9760
0.9736
0.9730
0.9850
0.9860
0.9800
0.9810
0.9712
0.9810
0.9820
0.9780
0.9730
0.9850
0.9856
0.9830
0.9820
0.9820
0.9770
0.9800
0.9736
0.9760
0.9850
0.9760
0.9820
0.9830
0.9784
0.9770
0.9770
0.9850
0.9780
0.9830
0.9832
0.9780
0.9810
0.9790
0.9780
0.9850
0.9784
0.9850
0.9840
0.9750
0.9790
0.9780
0.9784
0.9800
0.9790
0.9870
0.9740
0.9820
0.9760
0.9820
0.9810
0.9800
0.9810
0.9760
0.9808
0.9740
0.9790
0.9820
0.9820
0.9850
0.9760
0.9820
0.9790
0.9860
0.9800
0.9710
0.9856
0.9770
0.9820
0.9810
0.9810
0.9800
0.9784
0.9730
0.9820
0.9810
0.9830
0.9810
0.9808
0.9810
0.9820
0.9740
0.9850
0.9720
0.9952
0.9880
0.9790
0.9800
0.9750
0.9780
0.9808
0.9720
0.9840
0.9820
0.9800
0.9810
0.9832
0.9860
0.9790
0.9780
0.9860
0.9760
0.9688
0.9760
0.9840
0.9860
0.9800
0.9740
0.9808
0.9730
0.9850
0.9830
0.9830
0.9780
0.9760
0.9840
0.9850
0.9700
0.9810
0.9810
0.9784
0.9870
0.9830
0.9750
0.9770
0.9780
0.9808
0.9760
0.9850
0.9810
0.9740
0.9840
0.9808
0.9810
0.9830
0.9730
0.9800
0.9820
0.9832
0.9790
0.9810
0.9820
0.9800
0.9810
0.9736
0.9870
0.9690
0.9790
0.9880
0.9820
0.9688
0.9800
0.9820
0.9860
0.9710
0.9850
0.9712
0.9860
0.9880
0.9760
0.9760
0.9730
0.9832
0.9790
0.9830
0.9790
0.9760
0.9790
0.9904
0.9880
0.9780
0.9790
0.9850
0.9740
0.9712
0.9860
0.9780
0.9800
0.9740
0.9770
0.9928
0.9830
0.9770
0.9800
0.9760
0.9840
0.9808
0.9810
0.9760
0.9810
0.9820
0.9780
0.9856
0.9840
0.9810
0.9710
0.9800
0.9850
0.9784
0.9770
0.9730
0.9860
0.9790
0.9840
0.9832
0.9810
0.9810
0.9860
0.9790
0.9720
0.9832
0.9810
0.9770
0.9860
0.9790
0.9810
0.9712
0.9730
0.9850
0.9840
0.9750
0.9830
0.9808
0.9780
0.9810
0.9770
0.9790
0.9820
0.9880
0.9790
0.9850
0.9830
0.9780
0.9780
0.9736
0.9840
0.9770
0.9780
0.9770
0.9800
0.9904
0.9760
0.9860
0.9800
0.9780
0.9820
0.9760
0.9800
0.9810
0.9780
0.9770
0.9870
0.9736
0.9830
0.9730
0.9850
0.9810
0.9720
0.9952
0.9800
0.9800
0.9770
0.9810
0.9790
0.9880
0.9810
0.9810
0.9770
0.9860
0.9730
0.9856
0.9780
0.9810
0.9810
0.9810
0.9760
0.9880
0.9780
0.9880
0.9740
0.9800
0.9830
0.9736
0.9760
0.9820
0.9880
0.9820
0.9700
0.9856
0.9750
0.9770
0.9830
0.9790
0.9880
0.9760
0.9840
0.9800
0.9780
0.9790
0.9810
0.9760
0.9790
0.9800
0.9810
0.9760
0.9850
0.9784
0.9810
0.9820
0.9850
0.9790
0.9740
0.9784
0.9760
0.9790
0.9820
0.9810
0.9760
0.9952
0.9760
0.9830
0.9780
0.9800
0.9810
0.9856
0.9790
0.9800
0.9730
0.9780
0.9890
0.9832
0.9780
0.9770
0.9800
0.9780
0.9830
0.9904
0.9850
0.9760
0.9790
0.9770
0.9850
0.9760
0.9860
0.9780
0.9800
0.9820
0.9810
0.9640
0.9860
0.9720
0.9840
0.9740
0.9790
0.9928
0.9860
0.9740
0.9880
0.9810
0.9720
0.9784
0.9720
0.9870
0.9810
0.9810
0.9780
0.9832
0.9790
0.9750
0.9810
0.9810
0.9800
0.9904
0.9870
0.9840
0.9780
0.9790
0.9720
0.9808
0.9720
0.9830
0.9790
0.9850
0.9850
0.9712
0.9800
0.9810
0.9790
0.9800
0.9800
0.9808
0.9830
0.9830
0.9800
0.9800
0.9760
0.9760
0.9860
0.9730
0.9840
0.9830
0.9750
0.9784
0.9840
0.9730
0.9850
0.9830
0.9840
0.9592
0.9790
0.9850
0.9840
0.9810
0.9720
0.9784
0.9810
0.9740
0.9840
0.9800
0.9780
0.9880
0.9830
0.9830
0.9870
0.9700
0.9760
0.9832
0.9830
0.9840
0.9790
0.9730
0.9840
0.9736
0.9820
0.9790
0.9750
0.9830
0.9790
0.9856
0.9810
0.9820
0.9850
0.9770
0.9730
0.9856
0.9800
0.9800
0.9780
0.9790
0.9850
0.9760
0.9800
0.9850
0.9770
0.9820
0.9760
0.9808
0.9720
0.9820
0.9800
0.9840
0.9760
0.9952
0.9780
0.9840
0.9740
0.9810
0.9800
0.9856
0.9810
0.9830
0.9800
0.9800
0.9760
0.9784
0.9790
0.9820
0.9750
0.9830
0.9790
0.9832
0.9820
0.9710
0.9800
0.9880
0.9790
0.9784
0.9840
0.9800
0.9740
0.9870
0.9730
0.9832
0.9800
0.9850
0.9780
0.9760
0.9800
0.9808
0.9800
0.9770
0.9890
0.9730
0.9830
0.9736
0.9730
0.9810
0.9780
0.9780
0.9850
0.9904
0.9800
0.9770
0.9870
0.9810
0.9770
0.9736
0.9840
0.9760
0.9790
0.9760
0.9850
0.9784
0.9810
0.9770
0.9820
0.9770
0.9810
0.9832
0.9800
0.9850
0.9790
0.9800
0.9770
0.9760
0.9830
0.9770
0.9820
0.9770
0.9830
0.9736
0.9840
0.9790
0.9830
0.9760
0.9760
0.9832
0.9780
0.9810
0.9760
0.9810
0.9860
0.9736
0.9770
0.9890
0.9770
0.9820
0.9740
0.9808
0.9780
0.9840
0.9760
0.9820
0.9800
0.9784
0.9830
0.9820
0.9750
0.9770
0.9820
0.9808
0.9760
0.9780
0.9790
0.9850
0.9790
0.9856
0.9780
0.9860
0.9840
0.9810
0.9720
0.9760
0.9790
0.9820
0.9790
0.9830
0.9740
0.9856
0.9750
0.9820
0.9790
0.9800
0.9790
0.9904
0.9770
0.9860
0.9810
0.9790
0.9770
0.9784
0.9790
0.9750
0.9810
0.9820
0.9830
0.9784
0.9780
0.9810
0.9820
0.9830
0.9740
0.9832
0.9750
0.9800
0.9840
0.9790
0.9820
0.9784
0.9850
0.9720
0.9810
0.9770
0.9800
0.9904
0.9870
0.9790
0.9830
0.9790
0.9770
0.9664
0.9750
0.9770
0.9820
0.9830
0.9800
0.9856
0.9750
0.9850
0.9840
0.9780
0.9790
0.9760
0.9820
0.9870
0.9750
0.9800
0.9840
0.9592
0.9820
0.9800
0.9750
0.9820
0.9820
0.9760
0.9850
0.9800
0.9800
0.9790
0.9730
0.9856
0.9830
0.9830
0.9820
0.9820
0.9710
0.9760
0.9780
0.9800
0.9780
0.9830
0.9820
0.9760
0.9830
0.9790
0.9790
0.9810
0.9780
0.9784
0.9810
0.9800
0.9760
0.9860
0.9760
0.9808
0.9780
0.9850
0.9780
0.9830
0.9770
0.9760
0.9820
0.9860
0.9680
0.9910
0.9700
0.9856
0.9790
0.9790
0.9790
0.9790
0.9780
0.9928
0.9800
0.9840
0.9750
0.9750
0.9860
0.9784
0.9800
0.9790
0.9800
0.9810
0.9790
0.9808
0.9840
0.9780
0.9830
0.9770
0.9830
0.9664
0.9790
0.9790
0.9740
0.9850
0.9800
0.9856
0.9800
0.9760
0.9830
0.9810
0.9800
0.9784
0.9830
0.9750
0.9810
0.9840
0.9780
0.9760
0.9850
0.9830
0.9720
0.9780
0.9810
0.9808
0.9770
0.9770
0.9820
0.9850
0.9780
0.9808
0.9810
0.9740
0.9800
0.9840
0.9790
0.9832
0.9810
0.9820
0.9810
0.9790
0.9760
0.9808
0.9860
0.9800
0.9770
0.9840
0.9750
0.9736
0.9820
0.9770
0.9800
0.9790
0.9830
0.9760
0.9840
0.9760
0.9780
0.9830
0.9810
0.9736
0.9760
0.9830
0.9850
0.9770
0.9780
0.9808
0.9800
0.9770
0.9860
0.9750
0.9770
0.9904
0.9830
0.9780
0.9830
0.9710
0.9810
0.9880
0.9800
0.9810
0.9860
0.9800
0.9780
0.9664
0.9810
0.9820
0.9850
0.9740
0.9740
0.9880
0.9740
0.9830
0.9820
0.9810
0.9780
0.9832
0.9750
0.9800
0.9820
0.9720
0.9860
0.9904
0.9830
0.9810
0.9750
0.9800
0.9760
0.9904
0.9780
0.9850
0.9780
0.9800
0.9780
0.9808
0.9760
0.9790
0.9860
0.9820
0.9790
0.9736
0.9790
0.9810
0.9750
0.9850
0.9790
0.9808
0.9810
0.9850
0.9740
0.9840
0.9800
0.9688
0.9760
0.9830
0.9800
0.9800
0.9790
0.9832
0.9740
0.9770
0.9870
0.9800
0.9870
0.9664
0.9850
0.9770
0.9840
0.9790
0.9780
0.9712
0.9760
0.9820
0.9800
0.9820
0.9780
0.9832
0.9820
0.9720
0.9820
0.9840
0.9790
0.9808
0.9800
0.9790
0.9850
0.9740
0.9830
0.9760
0.9830
0.9740
0.9790
0.9810
0.9790
0.9880
0.9740
0.9860
0.9800
0.9780
0.9830
0.9760
0.9910
0.9700
0.9770
0.9840
0.9750
0.9856
0.9790
0.9780
0.9840
0.9800
0.9810
0.9736
0.9730
0.9830
0.9780
0.9760
0.9890
0.9808
0.9670
0.9840
0.9850
0.9780
0.9860
0.9784
0.9790
0.9760
0.9830
0.9870
0.9720
0.9856
0.9730
0.9840
0.9820
0.9830
0.9770
0.9808
0.9860
0.9700
0.9760
0.9770
0.9870
0.9880
0.9790
0.9890
0.9790
0.9760
0.9760
0.9808
0.9860
0.9720
0.9870
0.9760
0.9800
0.9760
0.9870
0.9760
0.9800
0.9770
0.9780
0.9832
0.9810
0.9780
0.9850
0.9800
0.9740
0.9832
0.9840
0.9760
0.9710
0.9850
0.9800
0.9880
0.9840
0.9750
0.9850
0.9780
0.9760
0.9832
0.9850
0.9780
0.9830
0.9720
0.9820
0.9784
0.9820
0.9800
0.9750
0.9880
0.9760
0.9760
0.9820
0.9770
0.9840
0.9720
0.9830
0.9832
0.9780
0.9780
0.9730
0.9800
0.9890
0.9832
0.9840
0.9760
0.9770
0.9790
0.9820
0.9832
0.9690
0.9800
0.9840
0.9860
0.9810
0.9784
0.9760
0.9770
0.9840
0.9850
0.9800
0.9736
0.9790
0.9840
0.9710
0.9870
0.9810
0.9736
0.9820
0.9770
0.9810
0.9780
0.9830
0.9760
0.9850
0.9780
0.9850
0.9760
0.9790
0.9712
0.9770
0.9830
0.9840
0.9790
0.9780
0.9760
0.9810
0.9830
0.9750
0.9760
0.9880
0.9712
0.9840
0.9800
0.9750
0.9840
0.9750
0.9832
0.9830
0.9720
0.9860
0.9830
0.9740
0.9832
0.9790
0.9800
0.9840
0.9720
0.9840
0.9808
0.9720
0.9850
0.9860
0.9810
0.9770
0.9760
0.9790
0.9840
0.9860
0.9710
0.9830
0.9712
0.9820
0.9810
0.9790
0.9820
0.9830
0.9616
0.9760
0.9730
0.9870
0.9850
0.9750
0.9880
0.9760
0.9830
0.9800
0.9800
0.9820
0.9760
0.9790
0.9780
0.9790
0.9820
0.9840
0.9736
0.9860
0.9770
0.9820
0.9800
0.9720
0.9856
0.9760
0.9790
0.9810
0.9800
0.9860
0.9736
0.9800
0.9860
0.9790
0.9840
0.9780
0.9616
0.9850
0.9730
0.9820
0.9780
0.9850
0.9712
0.9830
0.9770
0.9820
0.9790
0.9760
0.9856
0.9740
0.9750
0.9870
0.9800
0.9800
0.9880
0.9760
0.9870
0.9870
0.9770
0.9710
0.9832
0.9770
0.9830
0.9820
0.9790
0.9760
0.9856
0.9810
0.9770
0.9830
0.9800
0.9870
0.9592
0.9840
0.9790
0.9740
0.9810
0.9790
0.9856
0.9790
0.9790
0.9790
0.9840
0.9760
0.9856
0.9830
0.9770
0.9780
0.9750
0.9860
0.9808
0.9820
0.9820
0.9830
0.9760
0.9780
0.9760
0.9870
0.9710
0.9780
0.9780
0.9830
0.9856
0.9790
0.9780
0.9850
0.9800
0.9790
0.9760
0.9780
0.9750
0.9760
0.9820
0.9870
0.9832
0.9820
0.9800
0.9770
0.9850
0.9800
0.9688
0.9770
0.9780
0.9820
0.9750
0.9840
0.9880
0.9760
0.9860
0.9800
0.9860
0.9750
0.9712
0.9790
0.9850
0.9830
0.9730
0.9800
0.9784
0.9780
0.9750
0.9850
0.9820
0.9800
0.9784
0.9770
0.9830
0.9810
0.9770
0.9750
0.9952
0.9780
0.9790
0.9800
0.9790
0.9860
0.9736
0.9800
0.9850
0.9780
0.9810
0.9800
0.9688
0.9800
0.9760
0.9820
0.9800
0.9800
0.9832
0.9820
0.9750
0.9810
0.9860
0.9780
0.9736
0.9810
0.9800
0.9710
0.9860
0.9840
0.9736
0.9810
0.9780
0.9790
0.9810
0.9820
0.9760
0.9800
0.9730
0.9760
0.9870
0.9850
0.9760
0.9770
0.9810
0.9860
0.9680
0.9870
0.9808
0.9740
0.9840
0.9880
0.9850
0.9740
0.9664
0.9850
0.9800
0.9810
0.9790
0.9750
0.9784
0.9740
0.9830
0.9750
0.9860
0.9770
0.9904
0.9790
0.9820
0.9860
0.9740
0.9750
0.9880
0.9790
0.9810
0.9850
0.9750
0.9790
0.9808
0.9800
0.9820
0.9800
0.9830
0.9780
0.9712
0.9840
0.9690
0.9770
0.9830
0.9870
0.9784
0.9870
0.9840
0.9780
0.9720
0.9780
0.9808
0.9800
0.9800
0.9730
0.9860
0.9850
0.9688
0.9820
0.9790
0.9740
0.9880
0.9780
0.9760
0.9780
0.9820
0.9800
0.9780
0.9790
0.9856
0.9740
0.9790
0.9870
0.9810
0.9800
0.9760
0.9820
0.9820
0.9800
0.9780
0.9780
0.9784
0.9800
0.9820
0.9740
0.9810
0.9820
0.9808
0.9820
0.9840
0.9800
0.9810
0.9740
0.9760
0.9770
0.9750
0.9810
0.9780
0.9880
0.9808
0.9810
0.9770
0.9790
0.9760
0.9850
0.9832
0.9810
0.9820
0.9810
0.9760
0.9790
0.9808
0.9800
0.9740
0.9790
0.9830
0.9800
0.9880
0.9730
0.9760
0.9790
0.9870
0.9880
0.9712
0.9800
0.9870
0.9780
0.9810
0.9760
0.9736
0.9740
0.9810
0.9800
0.9800
0.9790
0.9928
0.9760
0.9820
0.9790
0.9800
0.9820
0.9808
0.9770
0.9830
0.9820
0.9850
0.9720
0.9808
0.9810
0.9790
0.9770
0.9830
0.9830
0.9712
0.9800
0.9780
0.9760
0.9830
0.9800
0.9856
0.9800
0.9830
0.9810
0.9780
0.9790
0.9760
0.9860
0.9790
0.9710
0.9820
0.9780
0.9880
0.9810
0.9800
0.9810
0.9840
0.9770
0.9712
0.9780
0.9770
0.9870
0.9830
0.9720
0.9856
0.9810
0.9770
0.9810
0.9850
0.9800
0.9688
0.9830
0.9770
0.9790
0.9780
0.9830
0.9784
0.9700
0.9820
0.9820
0.9800
0.9840
0.9832
0.9890
0.9760
0.9830
0.9760
0.9800
0.9688
0.9810
0.9790
0.9800
0.9810
0.9830
0.9688
0.9870
0.9760
0.9800
0.9730
0.9820
0.9832
0.9830
0.9790
0.9800
0.9830
0.9780
0.9712
0.9770
0.9850
0.9780
0.9840
0.9730
0.9856
0.9810
0.9740
0.9760
0.9880
0.9790
0.9832
0.9830
0.9840
0.9800
0.9780
0.9770
0.9736
0.9740
0.9800
0.9880
0.9730
0.9810
0.9880
0.9760
0.9800
0.9820
0.9760
0.9850
0.9808
0.9750
0.9840
0.9840
0.9780
0.9790
0.9784
0.9810
0.9790
0.9820
0.9800
0.9780
0.9784
0.9710
0.9790
0.9820
0.9860
0.9800
0.9832
0.9820
0.9800
0.9770
0.9780
0.9820
0.9808
0.9850
0.9820
0.9780
0.9810
0.9720
0.9832
0.9820
0.9750
