2.319578
2.319578
2.316541
2.316541
2.315223
2.315223
2.316692
2.316692
2.315406
2.315406
2.313408
2.313408
2.313591
2.313591
2.315879
2.315879
2.315631
2.315631
2.313249
2.313249
2.313509
2.313509
2.311005
2.311005
2.314019
2.314019
2.308495
2.308495
2.311616
2.311616
2.309088
2.309088
2.308897
2.308897
2.302091
2.302091
2.308351
2.308351
2.303914
2.303914
2.303196
2.303196
2.302774
2.302774
2.306187
2.306187
2.296188
2.296188
2.300300
2.300300
2.298671
2.298671
2.297685
2.297685
2.295563
2.295563
2.297329
2.297329
2.286799
2.286799
2.292575
2.292575
2.288831
2.288831
2.289003
2.289003
2.287941
2.287941
2.285417
2.285417
2.291879
2.291879
2.279820
2.279820
2.281595
2.281595
2.277763
2.277763
2.271476
2.271476
2.277003
2.277003
2.276638
2.276638
2.267638
2.267638
2.265963
2.265963
2.261166
2.261166
2.260119
2.260119
2.260078
2.260078
2.271254
2.271254
2.256506
2.256506
2.252109
2.252109
2.239141
2.239141
2.239635
2.239635
2.238691
2.238691
2.247405
2.247405
2.223609
2.223609
2.234417
2.234417
2.226064
2.226064
2.218253
2.218253
2.226260
2.226260
2.229501
2.229501
2.209734
2.209734
2.208386
2.208386
2.214362
2.214362
2.199529
2.199529
2.199351
2.199351
2.192363
2.192363
2.201119
2.201119
2.180673
2.180673
2.192796
2.192796
2.180738
2.180738
2.186812
2.186812
2.198748
2.198748
2.173808
2.173808
2.176634
2.176634
2.173622
2.173622
2.171052
2.171052
2.174645
2.174645
2.194829
2.194829
2.165437
2.165437
2.181916
2.181916
2.157525
2.157525
2.152674
2.152674
2.152751
2.152751
2.166873
2.166873
2.154048
2.154048
2.156005
2.156005
2.165053
2.165053
2.144351
2.144351
2.140079
2.140079
2.124615
2.124615
2.138891
2.138891
2.145789
2.145789
2.144146
2.144146
2.145140
2.145140
2.132645
2.132645
2.137298
2.137298
2.136611
2.136611
2.134251
2.134251
2.123686
2.123686
2.126308
2.126308
2.140148
2.140148
2.077100
2.077100
2.120024
2.120024
2.121142
2.121142
2.117800
2.117800
2.127390
2.127390
2.112836
2.112836
2.164201
2.164201
2.107616
2.107616
2.118493
2.118493
2.120609
2.120609
2.104485
2.104485
2.097599
2.097599
2.109360
2.109360
2.101042
2.101042
2.092010
2.092010
2.098982
2.098982
2.096210
2.096210
2.098227
2.098227
2.127327
2.127327
2.093845
2.093845
2.092425
2.092425
2.087173
2.087173
2.083490
2.083490
2.070687
2.070687
2.063722
2.063722
2.081385
2.081385
2.062299
2.062299
2.070735
2.070735
2.082643
2.082643
2.060463
2.060463
2.063891
2.063891
2.058588
2.058588
2.057809
2.057809
2.073845
2.073845
2.043095
2.043095
2.048298
2.048298
2.053032
2.053032
2.045860
2.045860
2.056468
2.056468
2.041875
2.041875
2.030548
2.030548
2.031324
2.031324
1.970209
1.970209
2.020900
2.020900
2.035897
2.035897
2.018888
2.018888
2.024607
2.024607
2.009937
2.009937
1.991649
1.991649
2.013121
2.013121
2.001803
2.001803
2.008537
2.008537
1.992332
1.992332
1.992007
1.992007
2.011981
2.011981
1.984017
1.984017
1.980789
1.980789
1.984268
1.984268
1.982534
1.982534
1.970034
1.970034
1.977706
1.977706
1.963913
1.963913
1.960413
1.960413
1.952820
1.952820
1.959744
1.959744
1.953270
1.953270
1.935251
1.935251
1.934849
1.934849
1.938877
1.938877
1.928620
1.928620
1.941101
1.941101
1.927947
1.927947
1.931325
1.931325
1.919354
1.919354
1.924561
1.924561
1.910161
1.910161
1.908263
1.908263
1.894519
1.894519
1.891262
1.891262
1.895692
1.895692
1.899258
1.899258
1.886672
1.886672
1.888782
1.888782
1.873661
1.873661
1.885598
1.885598
1.874650
1.874650
1.875094
1.875094
1.868279
1.868279
1.857039
1.857039
1.865366
1.865366
1.891289
1.891289
1.861717
1.861717
1.856015
1.856015
1.851446
1.851446
1.838907
1.838907
1.842227
1.842227
1.866181
1.866181
1.844252
1.844252
1.830421
1.830421
1.818951
1.818951
1.839613
1.839613
1.840554
1.840554
1.824326
1.824326
1.823681
1.823681
1.810171
1.810171
1.817123
1.817123
1.828547
1.828547
1.825965
1.825965
1.814720
1.814720
1.811462
1.811462
1.799862
1.799862
1.813910
1.813910
1.813310
1.813310
1.805958
1.805958
1.817434
1.817434
1.793261
1.793261
1.805562
1.805562
1.805550
1.805550
1.797781
1.797781
1.788872
1.788872
1.830386
1.830386
1.799477
1.799477
1.794774
1.794774
1.781838
1.781838
1.788002
1.788002
1.785970
1.785970
1.790389
1.790389
1.783782
1.783782
1.784653
1.784653
1.781487
1.781487
1.777363
1.777363
1.781950
1.781950
1.801046
1.801046
1.781678
1.781678
1.764338
1.764338
1.774019
1.774019
1.777824
1.777824
1.776882
1.776882
1.787970
1.787970
1.768039
1.768039
1.773494
1.773494
1.773160
1.773160
1.771168
1.771168
1.755621
1.755621
1.785335
1.785335
1.773630
1.773630
1.741652
1.741652
1.768528
1.768528
1.767718
1.767718
1.758256
1.758256
1.793678
1.793678
1.772860
1.772860
1.754635
1.754635
1.744873
1.744873
1.762010
1.762010
1.750499
1.750499
1.754817
1.754817
1.759522
1.759522
1.756746
1.756746
1.744412
1.744412
1.743157
1.743157
1.756541
1.756541
1.725957
1.725957
1.745799
1.745799
1.739703
1.739703
1.748963
1.748963
1.760905
1.760905
1.736409
1.736409
1.759659
1.759659
1.732681
1.732681
1.742736
1.742736
1.738616
1.738616
1.759737
1.759737
1.735829
1.735829
1.743101
1.743101
1.743497
1.743497
1.727180
1.727180
1.738734
1.738734
1.735308
1.735308
1.742599
1.742599
1.743696
1.743696
1.732196
1.732196
1.723859
1.723859
1.736215
1.736215
1.733748
1.733748
1.740815
1.740815
1.738268
1.738268
1.732927
1.732927
1.722858
1.722858
1.741014
1.741014
1.716416
1.716416
1.740315
1.740315
1.679995
1.679995
1.726844
1.726844
1.724560
1.724560
1.730974
1.730974
1.730196
1.730196
1.714634
1.714634
1.762500
1.762500
1.724713
1.724713
1.724065
1.724065
1.732268
1.732268
1.727537
1.727537
1.711165
1.711165
1.662960
1.662960
1.718662
1.718662
1.734436
1.734436
1.709319
1.709319
1.711542
1.711542
1.722668
1.722668
1.726370
1.726370
1.712988
1.712988
1.725418
1.725418
1.716420
1.716420
1.714972
1.714972
1.712364
1.712364
1.714705
1.714705
1.716541
1.716541
1.711360
1.711360
1.727839
1.727839
1.703904
1.703904
1.708607
1.708607
1.707663
1.707663
1.716673
1.716673
1.719705
1.719705
1.701791
1.701791
1.715620
1.715620
1.700898
1.700898
1.704491
1.704491
1.701303
1.701303
1.719004
1.719004
1.714050
1.714050
1.706476
1.706476
1.702512
1.702512
1.678524
1.678524
1.705308
1.705308
1.703585
1.703585
1.710263
1.710263
1.707055
1.707055
1.703061
1.703061
1.682147
1.682147
1.702888
1.702888
1.710609
1.710609
1.703065
1.703065
1.702042
1.702042
1.694011
1.694011
1.715264
1.715264
1.692820
1.692820
1.707540
1.707540
1.690362
1.690362
1.700317
1.700317
1.708065
1.708065
1.728758
1.728758
1.702173
1.702173
1.692746
1.692746
1.702871
1.702871
1.700260
1.700260
1.695428
1.695428
1.669387
1.669387
1.702910
1.702910
1.694064
1.694064
1.684469
1.684469
1.694871
1.694871
1.702785
1.702785
1.705883
1.705883
1.693012
1.693012
1.698213
1.698213
1.685346
1.685346
1.696543
1.696543
1.695613
1.695613
1.704666
1.704666
1.695997
1.695997
1.693258
1.693258
1.688631
1.688631
1.696018
1.696018
1.686589
1.686589
1.684021
1.684021
1.684046
1.684046
1.682577
1.682577
1.696910
1.696910
1.700266
1.700266
1.687876
1.687876
1.672300
1.672300
1.678135
1.678135
1.684800
1.684800
1.694363
1.694363
1.688826
1.688826
1.692535
1.692535
1.704494
1.704494
1.684821
1.684821
1.688278
1.688278
1.689462
1.689462
1.685541
1.685541
1.680895
1.680895
1.703498
1.703498
1.688761
1.688761
1.685971
1.685971
1.683731
1.683731
1.680925
1.680925
1.685458
1.685458
1.654421
1.654421
1.677143
1.677143
1.688181
1.688181
1.690895
1.690895
1.695132
1.695132
1.661653
1.661653
1.683683
1.683683
1.682923
1.682923
1.686984
1.686984
1.678353
1.678353
1.675516
1.675516
1.682548
1.682548
1.660279
1.660279
1.677740
1.677740
1.699157
1.699157
1.668353
1.668353
1.669158
1.669158
1.682881
1.682881
1.665340
1.665340
1.685369
1.685369
1.665076
1.665076
1.667001
1.667001
1.693299
1.693299
1.680927
1.680927
1.639043
1.639043
1.674763
1.674763
1.674913
1.674913
1.666359
1.666359
1.683655
1.683655
1.682714
1.682714
1.652424
1.652424
1.679227
1.679227
1.672106
1.672106
1.654072
1.654072
1.685041
1.685041
1.682758
1.682758
1.669143
1.669143
1.685028
1.685028
1.658310
1.658310
1.675496
1.675496
1.680094
1.680094
1.670501
1.670501
1.633455
1.633455
1.675373
1.675373
1.673855
1.673855
1.662275
1.662275
1.677847
1.677847
1.664682
1.664682
1.717183
1.717183
1.683753
1.683753
1.659844
1.659844
1.665185
1.665185
1.675770
1.675770
1.668440
1.668440
1.657251
1.657251
1.669770
1.669770
1.659202
1.659202
1.669791
1.669791
1.681194
1.681194
1.665643
1.665643
1.664462
1.664462
1.675020
1.675020
1.673333
1.673333
1.657601
1.657601
1.670615
1.670615
1.660884
1.660884
1.680571
1.680571
1.665187
1.665187
1.666680
1.666680
1.662150
1.662150
1.671039
1.671039
1.670460
1.670460
1.637182
1.637182
1.663528
1.663528
1.673283
1.673283
1.659797
1.659797
1.667022
1.667022
1.664049
1.664049
1.657454
1.657454
1.661427
1.661427
1.654095
1.654095
1.675423
1.675423
1.666718
1.666718
1.662489
1.662489
1.674660
1.674660
1.669169
1.669169
1.668632
1.668632
1.668049
1.668049
1.656628
1.656628
1.649861
1.649861
1.699009
1.699009
1.660191
1.660191
1.667637
1.667637
1.662487
1.662487
1.662593
1.662593
1.656655
1.656655
1.672952
1.672952
1.659261
1.659261
1.670467
1.670467
1.673519
1.673519
1.661503
1.661503
1.640127
1.640127
1.666303
1.666303
1.664995
1.664995
1.658031
1.658031
1.659195
1.659195
1.661539
1.661539
1.656006
1.656006
1.663852
1.663852
1.674294
1.674294
1.670153
1.670153
1.651616
1.651616
1.639364
1.639364
1.655073
1.655073
1.702577
1.702577
1.666901
1.666901
1.649276
1.649276
1.651978
1.651978
1.666710
1.666710
1.656946
1.656946
1.636468
1.636468
1.652774
1.652774
1.658181
1.658181
1.664353
1.664353
1.664175
1.664175
1.644325
1.644325
1.661458
1.661458
1.657802
1.657802
1.654333
1.654333
1.643921
1.643921
1.663247
1.663247
1.662361
1.662361
1.629882
1.629882
1.648728
1.648728
1.657424
1.657424
1.659223
1.659223
1.654211
1.654211
1.656213
1.656213
1.638574
1.638574
1.661584
1.661584
1.645321
1.645321
1.651218
1.651218
1.657303
1.657303
1.649421
1.649421
1.699291
1.699291
1.667622
1.667622
1.657890
1.657890
1.648951
1.648951
1.637105
1.637105
1.653283
1.653283
1.651752
1.651752
1.646081
1.646081
1.653769
1.653769
1.656087
1.656087
1.654278
1.654278
1.651595
1.651595
1.637708
1.637708
1.650968
1.650968
1.650112
1.650112
1.651649
1.651649
1.654883
1.654883
1.647099
1.647099
1.667344
1.667344
1.638961
1.638961
1.646292
1.646292
1.679211
1.679211
1.652381
1.652381
1.638530
1.638530
1.620265
1.620265
1.639267
1.639267
1.653379
1.653379
1.656530
1.656530
1.656467
1.656467
1.643560
1.643560
1.642346
1.642346
1.641035
1.641035
1.652876
1.652876
1.656734
1.656734
1.650301
1.650301
1.644265
1.644265
1.642583
1.642583
1.644818
1.644818
1.651361
1.651361
1.647725
1.647725
1.654090
1.654090
1.642047
1.642047
1.654335
1.654335
1.639667
1.639667
1.640831
1.640831
1.651800
1.651800
1.648885
1.648885
1.653534
1.653534
1.663898
1.663898
1.646016
1.646016
1.629313
1.629313
1.642198
1.642198
1.653349
1.653349
1.663227
1.663227
1.628432
1.628432
1.635822
1.635822
1.642418
1.642418
1.647246
1.647246
1.647302
1.647302
1.653739
1.653739
1.665496
1.665496
1.639037
1.639037
1.643041
1.643041
1.647428
1.647428
1.643536
1.643536
1.651621
1.651621
1.642457
1.642457
1.646086
1.646086
1.651051
1.651051
1.639406
1.639406
1.643720
1.643720
1.639862
1.639862
1.647152
1.647152
1.644069
1.644069
1.649860
1.649860
1.653437
1.653437
1.636128
1.636128
1.631980
1.631980
1.655614
1.655614
1.640896
1.640896
1.649734
1.649734
1.627766
1.627766
1.635421
1.635421
1.654532
1.654532
1.689272
1.689272
1.632701
1.632701
1.637794
1.637794
1.647202
1.647202
1.645670
1.645670
1.647122
1.647122
1.632553
1.632553
1.645195
1.645195
1.637745
1.637745
1.635330
1.635330
1.637948
1.637948
1.648821
1.648821
1.653466
1.653466
1.648301
1.648301
1.641112
1.641112
1.648825
1.648825
1.633331
1.633331
1.635020
1.635020
1.606218
1.606218
1.629335
1.629335
1.635813
1.635813
1.653809
1.653809
1.638229
1.638229
1.641810
1.641810
1.649904
1.649904
1.629689
1.629689
1.647429
1.647429
1.635451
1.635451
1.646533
1.646533
1.636671
1.636671
1.651644
1.651644
1.641188
1.641188
1.629807
1.629807
1.641859
1.641859
1.639416
1.639416
1.641185
1.641185
1.640959
1.640959
1.642759
1.642759
1.628074
1.628074
1.639767
1.639767
1.637517
1.637517
1.639543
1.639543
1.663073
1.663073
1.645153
1.645153
1.638493
1.638493
1.633533
1.633533
1.635710
1.635710
1.636365
1.636365
1.611867
1.611867
1.630307
1.630307
1.642657
1.642657
1.630888
1.630888
1.627393
1.627393
1.650006
1.650006
1.660721
1.660721
1.640396
1.640396
1.628482
1.628482
1.635754
1.635754
1.642707
1.642707
1.632798
1.632798
1.642682
1.642682
1.634668
1.634668
1.631741
1.631741
1.640944
1.640944
1.632645
1.632645
1.638243
1.638243
1.632424
1.632424
1.636212
1.636212
1.625398
1.625398
1.642944
1.642944
1.636222
1.636222
1.637984
1.637984
1.600595
1.600595
1.640675
1.640675
1.641795
1.641795
1.629233
1.629233
1.633729
1.633729
1.625015
1.625015
1.658154
1.658154
1.635801
1.635801
1.626296
1.626296
1.622122
1.622122
1.649351
1.649351
1.636119
1.636119
1.641064
1.641064
1.633368
1.633368
1.632547
1.632547
1.636652
1.636652
1.634592
1.634592
1.633537
1.633537
1.604047
1.604047
1.628319
1.628319
1.639639
1.639639
1.640105
1.640105
1.626763
1.626763
1.631655
1.631655
1.614973
1.614973
1.639322
1.639322
1.619473
1.619473
1.646971
1.646971
1.641129
1.641129
1.616284
1.616284
1.617123
1.617123
1.637196
1.637196
1.628389
1.628389
1.621288
1.621288
1.639614
1.639614
1.627868
1.627868
1.674955
1.674955
1.631388
1.631388
1.623050
1.623050
1.627841
1.627841
1.630734
1.630734
1.642228
1.642228
1.636613
1.636613
1.631970
1.631970
1.629819
1.629819
1.633300
1.633300
1.635147
1.635147
1.619113
1.619113
1.670621
1.670621
1.639863
1.639863
1.630059
1.630059
1.624408
1.624408
1.626741
1.626741
1.629881
1.629881
1.629145
1.629145
1.631318
1.631318
1.629300
1.629300
1.624772
1.624772
1.631610
1.631610
1.636183
1.636183
1.580392
1.580392
1.632089
1.632089
1.626641
1.626641
1.631502
1.631502
1.625687
1.625687
1.627047
1.627047
1.657910
1.657910
1.624901
1.624901
1.640853
1.640853
1.631328
1.631328
1.630538
1.630538
1.615012
1.615012
1.639303
1.639303
1.631767
1.631767
1.626674
1.626674
1.633357
1.633357
1.616753
1.616753
1.633881
1.633881
1.618263
1.618263
1.635505
1.635505
1.628884
1.628884
1.627428
1.627428
1.622979
1.622979
1.624710
1.624710
1.622686
1.622686
1.624589
1.624589
1.617588
1.617588
1.616352
1.616352
1.637972
1.637972
1.639631
1.639631
1.631272
1.631272
1.621470
1.621470
1.631794
1.631794
1.629983
1.629983
1.622495
1.622495
1.630150
1.630150
1.611514
1.611514
1.615468
1.615468
1.632339
1.632339
1.636783
1.636783
1.618714
1.618714
1.626655
1.626655
1.650703
1.650703
1.625371
1.625371
1.630256
1.630256
1.617962
1.617962
1.627290
1.627290
1.626679
1.626679
1.653438
1.653438
1.626603
1.626603
1.636057
1.636057
1.622043
1.622043
1.624047
1.624047
1.620455
1.620455
1.616769
1.616769
1.638098
1.638098
1.607892
1.607892
1.635494
1.635494
1.619696
1.619696
1.627593
1.627593
1.600587
1.600587
1.624036
1.624036
1.635376
1.635376
1.619817
1.619817
1.622895
1.622895
1.623744
1.623744
1.610120
1.610120
1.629025
1.629025
1.610975
1.610975
1.634634
1.634634
1.628370
1.628370
1.621234
1.621234
1.607878
1.607878
1.607653
1.607653
1.623187
1.623187
1.632970
1.632970
1.626436
1.626436
1.632792
1.632792
1.601132
1.601132
1.632907
1.632907
1.616516
1.616516
1.623610
1.623610
1.626915
1.626915
1.620416
1.620416
1.610235
1.610235
1.633382
1.633382
1.611041
1.611041
1.623048
1.623048
1.630047
1.630047
1.622294
1.622294
1.595940
1.595940
1.625678
1.625678
1.617414
1.617414
1.627521
1.627521
1.622137
1.622137
1.622909
1.622909
1.618394
1.618394
1.617420
1.617420
1.618220
1.618220
1.626724
1.626724
1.632204
1.632204
1.616060
1.616060
1.653185
1.653185
1.620709
1.620709
1.628142
1.628142
1.626042
1.626042
1.619411
1.619411
1.618319
1.618319
1.615605
1.615605
1.613527
1.613527
1.635327
1.635327
1.613330
1.613330
1.632277
1.632277
1.614268
1.614268
1.635650
1.635650
1.629686
1.629686
1.615700
1.615700
1.624907
1.624907
1.607010
1.607010
1.629794
1.629794
1.631101
1.631101
1.620049
1.620049
1.608430
1.608430
1.613551
1.613551
1.636644
1.636644
1.625721
1.625721
1.635464
1.635464
1.623773
1.623773
1.621916
1.621916
1.620040
1.620040
1.618686
1.618686
1.616006
1.616006
1.653499
1.653499
1.624457
1.624457
1.620717
1.620717
1.609412
1.609412
1.625731
1.625731
1.623580
1.623580
1.598080
1.598080
1.616911
1.616911
1.617585
1.617585
1.622123
1.622123
1.614483
1.614483
1.625209
1.625209
1.654517
1.654517
1.619474
1.619474
1.625564
1.625564
1.628494
1.628494
1.625090
1.625090
1.602964
1.602964
1.583628
1.583628
1.621058
1.621058
1.625925
1.625925
1.617864
1.617864
1.613150
1.613150
1.618593
1.618593
1.615239
1.615239
1.621928
1.621928
1.611727
1.611727
1.622844
1.622844
1.611960
1.611960
1.620744
1.620744
1.671945
1.671945
1.626901
1.626901
1.600835
1.600835
1.616813
1.616813
1.620818
1.620818
1.623224
1.623224
1.661030
1.661030
1.612503
1.612503
1.611908
1.611908
1.621766
1.621766
1.616777
1.616777
1.625524
1.625524
1.645835
1.645835
1.616733
1.616733
1.612528
1.612528
1.610630
1.610630
1.631416
1.631416
1.618454
1.618454
1.615532
1.615532
1.615372
1.615372
1.612442
1.612442
1.625014
1.625014
1.620684
1.620684
1.617559
1.617559
1.584225
1.584225
1.634245
1.634245
1.611621
1.611621
1.601468
1.601468
1.620677
1.620677
1.618646
1.618646
1.609839
1.609839
1.627342
1.627342
1.601447
1.601447
1.612161
1.612161
1.629935
1.629935
1.612731
1.612731
1.620776
1.620776
1.610415
1.610415
1.617194
1.617194
1.624509
1.624509
1.610449
1.610449
1.619794
1.619794
1.614285
1.614285
1.624263
1.624263
1.602046
1.602046
1.619387
1.619387
1.623492
1.623492
1.609468
1.609468
1.636081
1.636081
1.616668
1.616668
1.605112
1.605112
1.622434
1.622434
1.611568
1.611568
1.623783
1.623783
1.609767
1.609767
1.622141
1.622141
1.617827
1.617827
1.611955
1.611955
1.606833
1.606833
1.619479
1.619479
1.603883
1.603883
1.613625
1.613625
1.620874
1.620874
1.606225
1.606225
1.619810
1.619810
1.615637
1.615637
1.607569
1.607569
1.624848
1.624848
1.612555
1.612555
1.610776
1.610776
1.625149
1.625149
1.600280
1.600280
1.618766
1.618766
1.619616
1.619616
1.615512
1.615512
1.614455
1.614455
1.612543
1.612543
1.611902
1.611902
1.600222
1.600222
1.609986
1.609986
1.615534
1.615534
1.617293
1.617293
1.618216
1.618216
1.612180
1.612180
1.594638
1.594638
1.611748
1.611748
1.621463
1.621463
1.613099
1.613099
1.611867
1.611867
1.615129
1.615129
1.581649
1.581649
1.610470
1.610470
1.619543
1.619543
1.611317
1.611317
1.615092
1.615092
1.611577
1.611577
1.620199
1.620199
1.614607
1.614607
1.620458
1.620458
1.611489
1.611489
1.605672
1.605672
1.618041
1.618041
1.582138
1.582138
1.617854
1.617854
1.618184
1.618184
1.598491
1.598491
1.618006
1.618006
1.613202
1.613202
1.614167
1.614167
1.627634
1.627634
1.595190
1.595190
1.611044
1.611044
1.613507
1.613507
1.618265
1.618265
1.601752
1.601752
1.602322
1.602322
1.612560
1.612560
1.619244
1.619244
1.608637
1.608637
1.623515
1.623515
1.580643
1.580643
1.609558
1.609558
1.619374
1.619374
1.610199
1.610199
1.612825
1.612825
1.611613
1.611613
1.592408
1.592408
1.612701
1.612701
1.591812
1.591812
1.617723
1.617723
1.627704
1.627704
1.609573
1.609573
1.620198
1.620198
1.610105
1.610105
1.621591
1.621591
1.616615
1.616615
1.595034
1.595034
1.615322
1.615322
1.615155
1.615155
1.615553
1.615553
1.611675
1.611675
1.627442
1.627442
1.610101
1.610101
1.596692
1.596692
1.572717
1.572717
1.613957
1.613957
1.605524
1.605524
1.627794
1.627794
1.607763
1.607763
1.603411
1.603411
1.589586
1.589586
1.609962
1.609962
1.610388
1.610388
1.618919
1.618919
1.607182
1.607182
1.606871
1.606871
1.628098
1.628098
1.606443
1.606443
1.610485
1.610485
1.620001
1.620001
1.622350
1.622350
1.595382
1.595382
1.601712
1.601712
1.603751
1.603751
1.616293
1.616293
1.604923
1.604923
1.616146
1.616146
1.610754
1.610754
1.617371
1.617371
1.596277
1.596277
1.620355
1.620355
1.605357
1.605357
1.613854
1.613854
1.616018
1.616018
1.608845
1.608845
1.624820
1.624820
1.603967
1.603967
1.604167
1.604167
1.608361
1.608361
1.613885
1.613885
1.565581
1.565581
1.609147
1.609147
1.606020
1.606020
1.609366
1.609366
1.615689
1.615689
1.611464
1.611464
1.590033
1.590033
1.609957
1.609957
1.604202
1.604202
1.624084
1.624084
1.614548
1.614548
1.596702
1.596702
1.599917
1.599917
1.607382
1.607382
1.605571
1.605571
1.608891
1.608891
1.613895
1.613895
1.610500
1.610500
1.618115
1.618115
1.617441
1.617441
1.606805
1.606805
1.603382
1.603382
1.596533
1.596533
1.618121
1.618121
1.645265
1.645265
1.607481
1.607481
1.605266
1.605266
1.615063
1.615063
1.605512
1.605512
1.604909
1.604909
1.674305
1.674305
1.594976
1.594976
1.603827
1.603827
1.599397
1.599397
1.623318
1.623318
1.617514
1.617514
1.652950
1.652950
1.612843
1.612843
1.597922
1.597922
1.600937
1.600937
1.614908
1.614908
1.612514
1.612514
1.639243
1.639243
1.605137
1.605137
1.607308
1.607308
1.606843
1.606843
1.606939
1.606939
1.612088
1.612088
1.634199
1.634199
1.607326
1.607326
1.608567
1.608567
1.613509
1.613509
1.599805
1.599805
1.612752
1.612752
1.584594
1.584594
1.603641
1.603641
1.612969
1.612969
1.607450
1.607450
1.611603
1.611603
1.598872
1.598872
1.648350
1.648350
1.605849
1.605849
1.607752
1.607752
1.601282
1.601282
1.618838
1.618838
1.606929
1.606929
1.578174
1.578174
1.604635
1.604635
1.612422
1.612422
1.610909
1.610909
1.606716
1.606716
1.606292
1.606292
1.564568
1.564568
1.611401
1.611401
1.600763
1.600763
1.609301
1.609301
1.609207
1.609207
1.604082
1.604082
1.615812
1.615812
1.594815
1.594815
1.610493
1.610493
1.595001
1.595001
1.607101
1.607101
1.622899
1.622899
1.649496
1.649496
1.591293
1.591293
1.607392
1.607392
1.613681
1.613681
1.610087
1.610087
1.607322
1.607322
1.643681
1.643681
1.602930
1.602930
1.600274
1.600274
1.616160
1.616160
1.607012
1.607012
1.604871
1.604871
1.618377
1.618377
1.600130
1.600130
1.617039
1.617039
1.598013
1.598013
1.611934
1.611934
1.601519
1.601519
1.632765
1.632765
1.607181
1.607181
1.599723
1.599723
1.617226
1.617226
1.600341
1.600341
1.605868
1.605868
1.601678
1.601678
1.608061
1.608061
1.618693
1.618693
1.600633
1.600633
1.605299
1.605299
1.595668
1.595668
1.609414
1.609414
1.600887
1.600887
1.611652
1.611652
1.602580
1.602580
1.588660
1.588660
1.622283
1.622283
1.622684
1.622684
1.608109
1.608109
1.605024
1.605024
1.603430
1.603430
1.598842
1.598842
1.608983
1.608983
1.628275
1.628275
1.608215
1.608215
1.599585
1.599585
1.608065
1.608065
1.597509
1.597509
1.610058
1.610058
1.626033
1.626033
1.606365
1.606365
1.599223
1.599223
1.613438
1.613438
1.597078
1.597078
1.609000
1.609000
1.599517
1.599517
1.606090
1.606090
1.596158
1.596158
1.599336
1.599336
1.610751
1.610751
1.609718
1.609718
1.620641
1.620641
1.597871
1.597871
1.599822
1.599822
1.594528
1.594528
1.604280
1.604280
1.626675
1.626675
1.598230
1.598230
1.612613
1.612613
1.595636
1.595636
1.597126
1.597126
1.608973
1.608973
1.607565
1.607565
1.601189
1.601189
1.592262
1.592262
1.604983
1.604983
1.596775
1.596775
1.615567
1.615567
1.608450
1.608450
1.630350
1.630350
1.606688
1.606688
1.608256
1.608256
1.607962
1.607962
1.601058
1.601058
1.600520
1.600520
1.557338
1.557338
1.610646
1.610646
1.601072
1.601072
1.605923
1.605923
1.592740
1.592740
1.610010
1.610010
1.590977
1.590977
1.605567
1.605567
1.601359
1.601359
1.609389
1.609389
1.603058
1.603058
1.597400
1.597400
1.618428
1.618428
1.611159
1.611159
1.595677
1.595677
1.604587
1.604587
1.597821
1.597821
1.605218
1.605218
1.632092
1.632092
1.598348
1.598348
1.599408
1.599408
1.599756
1.599756
1.612071
1.612071
1.605642
1.605642
1.616537
1.616537
1.596895
1.596895
1.607576
1.607576
1.589067
1.589067
1.606702
1.606702
1.615818
1.615818
1.598717
1.598717
1.594524
1.594524
1.596859
1.596859
1.620309
1.620309
1.586651
1.586651
1.615497
1.615497
1.609647
1.609647
1.603404
1.603404
1.601993
1.601993
1.606396
1.606396
1.606025
1.606025
1.596397
1.596397
1.591922
1.591922
1.594669
1.594669
1.587795
1.587795
1.602276
1.602276
1.612768
1.612768
1.612894
1.612894
1.618195
1.618195
1.606503
1.606503
1.592218
1.592218
1.598730
1.598730
1.599932
1.599932
1.612805
1.612805
1.609940
1.609940
1.602846
1.602846
1.604879
1.604879
1.602428
1.602428
1.605714
1.605714
1.592285
1.592285
1.619571
1.619571
1.606620
1.606620
1.594904
1.594904
1.608621
1.608621
1.602745
1.602745
1.599964
1.599964
1.563728
1.563728
1.605136
1.605136
1.609149
1.609149
1.608291
1.608291
1.599079
1.599079
1.585695
1.585695
1.609047
1.609047
1.608509
1.608509
1.605744
1.605744
1.591057
1.591057
1.599007
1.599007
1.601241
1.601241
1.617878
1.617878
1.595200
1.595200
1.601119
1.601119
1.619007
1.619007
1.604040
1.604040
1.589076
1.589076
1.579753
1.579753
1.601388
1.601388
1.601127
1.601127
1.603437
1.603437
1.596026
1.596026
1.605211
1.605211
1.583193
1.583193
1.598578
1.598578
1.590351
1.590351
1.604850
1.604850
1.610035
1.610035
1.601129
1.601129
1.597054
1.597054
1.600742
1.600742
1.596126
1.596126
1.606193
1.606193
1.601275
1.601275
1.600755
1.600755
1.587375
1.587375
1.603226
1.603226
1.606817
1.606817
1.601335
1.601335
1.598388
1.598388
1.594933
1.594933
1.582773
1.582773
1.605472
1.605472
1.591713
1.591713
1.596341
1.596341
1.596497
1.596497
1.611665
1.611665
1.603197
1.603197
1.605774
1.605774
1.589136
1.589136
1.598883
1.598883
1.616468
1.616468
1.590274
1.590274
1.606286
1.606286
1.611675
1.611675
1.605882
1.605882
1.592199
1.592199
1.606025
1.606025
1.583886
1.583886
1.607788
1.607788
1.599118
1.599118
1.601923
1.601923
1.597028
1.597028
1.582908
1.582908
1.618644
1.618644
1.599449
1.599449
1.606179
1.606179
1.604958
1.604958
1.603046
1.603046
1.586851
1.586851
1.598593
1.598593
1.591329
1.591329
1.592690
1.592690
1.601053
1.601053
1.608035
1.608035
1.597987
1.597987
1.597907
1.597907
1.604718
1.604718
1.600681
1.600681
1.599920
1.599920
1.591220
1.591220
1.608029
1.608029
1.597042
1.597042
1.606533
1.606533
1.585510
1.585510
1.605394
1.605394
1.615357
1.615357
1.592075
1.592075
1.600064
1.600064
1.586353
1.586353
1.600768
1.600768
1.608360
1.608360
1.596907
1.596907
1.587848
1.587848
1.601219
1.601219
1.613275
1.613275
1.587330
1.587330
1.599478
1.599478
1.603957
1.603957
1.610383
1.610383
1.598201
1.598201
1.563225
1.563225
1.592089
1.592089
1.595598
1.595598
1.607092
1.607092
1.606995
1.606995
1.592989
1.592989
1.602128
1.602128
1.612284
1.612284
1.598984
1.598984
1.592739
1.592739
1.602391
1.602391
1.589610
1.589610
1.579447
1.579447
1.602453
1.602453
1.601248
1.601248
1.602001
1.602001
1.595377
1.595377
1.596780
1.596780
1.550691
1.550691
1.592191
1.592191
1.610029
1.610029
1.605579
1.605579
1.589395
1.589395
1.597588
1.597588
1.572309
1.572309
1.603743
1.603743
1.593585
1.593585
1.601722
1.601722
1.593650
1.593650
1.599679
1.599679
1.588417
1.588417
1.595968
1.595968
1.607396
1.607396
1.592176
1.592176
1.595565
1.595565
1.602331
1.602331
1.570879
1.570879
1.602006
1.602006
1.601282
1.601282
1.598628
1.598628
1.590663
1.590663
1.599781
1.599781
1.573712
1.573712
1.589874
1.589874
1.614579
1.614579
1.591654
1.591654
1.600693
1.600693
1.592671
1.592671
1.594352
1.594352
1.604625
1.604625
1.594029
1.594029
1.591953
1.591953
1.605757
1.605757
1.591454
1.591454
1.602380
1.602380
1.595364
1.595364
1.600262
1.600262
1.600694
1.600694
1.601278
1.601278
1.590722
1.590722
1.587044
1.587044
1.599446
1.599446
1.601438
1.601438
1.594620
1.594620
1.606972
1.606972
1.585319
1.585319
1.583003
1.583003
1.605208
1.605208
1.597072
1.597072
1.584290
1.584290
1.596179
1.596179
1.600554
1.600554
1.620028
1.620028
1.601956
1.601956
1.592277
1.592277
1.601269
1.601269
1.592236
1.592236
1.595807
1.595807
1.609855
1.609855
1.607984
1.607984
1.594744
1.594744
1.593163
1.593163
1.606517
1.606517
1.584578
1.584578
1.568784
1.568784
1.609730
1.609730
1.595613
1.595613
1.601851
1.601851
1.596070
1.596070
1.581116
1.581116
1.587337
1.587337
1.600061
1.600061
1.593524
1.593524
1.600926
1.600926
1.589552
1.589552
1.595884
1.595884
1.623327
1.623327
1.595348
1.595348
1.601146
1.601146
1.598287
1.598287
1.596940
1.596940
1.593796
1.593796
1.559918
1.559918
1.600408
1.600408
1.594597
1.594597
1.597676
1.597676
1.597761
1.597761
1.589841
1.589841
1.605627
1.605627
1.589858
1.589858
1.595772
1.595772
1.598536
1.598536
1.591561
1.591561
1.603175
1.603175
1.613519
1.613519
1.594343
1.594343
1.598681
1.598681
1.587746
1.587746
1.597794
1.597794
1.602935
1.602935
1.579640
1.579640
1.589898
1.589898
1.596773
1.596773
1.592628
1.592628
1.610630
1.610630
1.591671
1.591671
1.571819
1.571819
1.597889
1.597889
1.588030
1.588030
1.595775
1.595775
1.595555
1.595555
1.597122
1.597122
1.638516
1.638516
1.601074
1.601074
1.588421
1.588421
1.605440
1.605440
1.589031
1.589031
1.595610
1.595610
1.579586
1.579586
1.610535
1.610535
1.601834
1.601834
1.586338
1.586338
1.584239
1.584239
1.593333
1.593333
1.605122
1.605122
1.599046
1.599046
1.614056
1.614056
1.594258
1.594258
1.583477
1.583477
1.583631
1.583631
1.615279
1.615279
1.596891
1.596891
1.591119
1.591119
1.599046
1.599046
1.603062
1.603062
1.586167
1.586167
1.589280
1.589280
1.596322
1.596322
1.595075
1.595075
1.587163
1.587163
1.595368
1.595368
1.599821
1.599821
1.607834
1.607834
1.605598
1.605598
1.596567
1.596567
1.596763
1.596763
1.592198
1.592198
1.585090
1.585090
1.577967
1.577967
1.598994
1.598994
1.599200
1.599200
1.585966
1.585966
1.592826
1.592826
1.595953
1.595953
1.606470
1.606470
1.597341
1.597341
1.601205
1.601205
1.605528
1.605528
1.588918
1.588918
1.581316
1.581316
1.589460
1.589460
1.593236
1.593236
1.613888
1.613888
1.592007
1.592007
1.582219
1.582219
1.592497
1.592497
1.590356
1.590356
1.602137
1.602137
1.586238
1.586238
1.585413
1.585413
1.588366
1.588366
1.609804
1.609804
1.604189
1.604189
1.584745
1.584745
1.600908
1.600908
1.591781
1.591781
1.600902
1.600902
1.594880
1.594880
1.584912
1.584912
1.600478
1.600478
1.590172
1.590172
1.587176
1.587176
1.595571
1.595571
1.595008
1.595008
1.625792
1.625792
1.590897
1.590897
1.601481
1.601481
1.578869
1.578869
1.609455
1.609455
1.590434
1.590434
1.590470
1.590470
1.601513
1.601513
1.583006
1.583006
1.589355
1.589355
1.600906
1.600906
1.595662
1.595662
1.589939
1.589939
1.597517
1.597517
1.601117
1.601117
1.594615
1.594615
1.590671
1.590671
1.586179
1.586179
1.587595
1.587595
1.587954
1.587954
1.594249
1.594249
1.596161
1.596161
1.596589
1.596589
1.597468
1.597468
1.557769
1.557769
1.605874
1.605874
1.588912
1.588912
1.573001
1.573001
1.590616
1.590616
1.612710
1.612710
1.563008
1.563008
1.591667
1.591667
1.596905
1.596905
1.583673
1.583673
1.591625
1.591625
1.606597
1.606597
1.563716
1.563716
1.600954
1.600954
1.602595
1.602595
1.578605
1.578605
1.588436
1.588436
1.593496
1.593496
1.622889
1.622889
1.596302
1.596302
1.601373
1.601373
1.588598
1.588598
1.592152
1.592152
1.590735
1.590735
1.566922
1.566922
1.590778
1.590778
1.580876
1.580876
1.602137
1.602137
1.597140
1.597140
1.596026
1.596026
1.582547
1.582547
1.603450
1.603450
1.596576
1.596576
1.591406
1.591406
1.593957
1.593957
1.581241
1.581241
1.577476
1.577476
1.597440
1.597440
1.589026
1.589026
1.584858
1.584858
1.593206
1.593206
1.597868
1.597868
1.610257
1.610257
1.585499
1.585499
1.590209
1.590209
1.595033
1.595033
1.598707
1.598707
1.595984
1.595984
1.571902
1.571902
1.594105
1.594105
1.585562
1.585562
1.587582
1.587582
1.607960
1.607960
1.586570
1.586570
1.601804
1.601804
1.591943
1.591943
1.605228
1.605228
1.585882
1.585882
1.588410
1.588410
1.591977
1.591977
1.579247
1.579247
1.599994
1.599994
1.599401
1.599401
1.580766
1.580766
1.596401
1.596401
1.586716
1.586716
1.573940
1.573940
1.590641
1.590641
1.587652
1.587652
1.595547
1.595547
1.603634
1.603634
1.583637
1.583637
1.588736
1.588736
1.589009
1.589009
1.609238
1.609238
1.579464
1.579464
1.589607
1.589607
1.594489
1.594489
1.576682
1.576682
1.597672
1.597672
1.589443
1.589443
1.598526
1.598526
1.581800
1.581800
1.595958
1.595958
1.555892
1.555892
1.590887
1.590887
1.598322
1.598322
1.587330
1.587330
1.591495
1.591495
1.593167
1.593167
1.572656
1.572656
1.601608
1.601608
1.586845
1.586845
1.613268
1.613268
1.582297
1.582297
1.575422
1.575422
1.586661
1.586661
1.593779
1.593779
1.592197
1.592197
1.593924
1.593924
1.583596
1.583596
1.596116
1.596116
1.579574
1.579574
1.584654
1.584654
1.588262
1.588262
1.588508
1.588508
1.600499
1.600499
1.596525
1.596525
1.585319
1.585319
1.589114
1.589114
1.592929
1.592929
1.591023
1.591023
1.590810
1.590810
1.595440
1.595440
1.569562
1.569562
1.599448
1.599448
1.581931
1.581931
1.599301
1.599301
1.585618
1.585618
1.590366
1.590366
1.588560
1.588560
1.595242
1.595242
1.585680
1.585680
1.584579
1.584579
1.595690
1.595690
1.594959
1.594959
1.587844
1.587844
1.591419
1.591419
1.585582
1.585582
1.587628
1.587628
1.598243
1.598243
1.590407
1.590407
1.610992
1.610992
1.588310
1.588310
1.587110
1.587110
1.588424
1.588424
1.598383
1.598383
1.590539
1.590539
1.609459
1.609459
1.587251
1.587251
1.591568
1.591568
1.597135
1.597135
1.584839
1.584839
1.592689
1.592689
1.596106
1.596106
1.582771
1.582771
1.588519
1.588519
1.588220
1.588220
1.598595
1.598595
1.594160
1.594160
1.603402
1.603402
1.582043
1.582043
1.588123
1.588123
1.599191
1.599191
1.590458
1.590458
1.595074
1.595074
1.572853
1.572853
1.599005
1.599005
1.586971
1.586971
1.587651
1.587651
1.589581
1.589581
1.591724
1.591724
1.567314
1.567314
1.588734
1.588734
1.583506
1.583506
1.586529
1.586529
1.592710
1.592710
1.602134
1.602134
1.575198
1.575198
1.586586
1.586586
1.586961
1.586961
1.594406
1.594406
1.586128
1.586128
1.596897
1.596897
1.598485
1.598485
1.594530
1.594530
1.592588
1.592588
1.584311
1.584311
1.583958
1.583958
1.592875
1.592875
1.621848
1.621848
1.590557
1.590557
1.587012
1.587012
1.576448
1.576448
1.594196
1.594196
1.598862
1.598862
1.629694
1.629694
1.585243
1.585243
1.598150
1.598150
1.590233
1.590233
1.588902
1.588902
1.586680
1.586680
1.604309
1.604309
1.585161
1.585161
1.581991
1.581991
1.588825
1.588825
1.598268
1.598268
1.594722
1.594722
1.602075
1.602075
1.594012
1.594012
1.596089
1.596089
1.583358
1.583358
1.595058
1.595058
1.582024
1.582024
1.581326
1.581326
1.600262
1.600262
1.585388
1.585388
1.577915
1.577915
1.594821
1.594821
1.592547
1.592547
1.571398
1.571398
1.596827
1.596827
1.586267
1.586267
1.586071
1.586071
1.588177
1.588177
1.588830
1.588830
1.611442
1.611442
1.589288
1.589288
1.580659
1.580659
1.589788
1.589788
1.598171
1.598171
1.586060
1.586060
1.625688
1.625688
1.597029
1.597029
1.582463
1.582463
1.599025
1.599025
1.587465
1.587465
1.584318
1.584318
1.555231
1.555231
1.597978
1.597978
1.591848
1.591848
1.584477
1.584477
1.581752
1.581752
1.591342
1.591342
1.579780
1.579780
1.594316
1.594316
1.590794
1.590794
1.586510
1.586510
1.588394
1.588394
1.588448
1.588448
1.566569
1.566569
1.578626
1.578626
1.579382
1.579382
1.596523
1.596523
1.602938
1.602938
1.588928
1.588928
1.584491
1.584491
1.592192
1.592192
1.581377
1.581377
1.590580
1.590580
1.590672
1.590672
1.588431
1.588431
1.612129
1.612129
1.582834
1.582834
1.590683
1.590683
1.592533
1.592533
1.598992
1.598992
1.583153
1.583153
1.556631
1.556631
1.587239
1.587239
1.581362
1.581362
1.589378
1.589378
1.590802
1.590802
1.595901
1.595901
1.586013
1.586013
1.592592
1.592592
1.595314
1.595314
1.594778
1.594778
1.568816
1.568816
1.594612
1.594612
1.567511
1.567511
1.587463
1.587463
1.575781
1.575781
1.582482
1.582482
1.595657
1.595657
1.601059
1.601059
1.599467
1.599467
1.588867
1.588867
1.588821
1.588821
1.581916
1.581916
1.590415
1.590415
1.590862
1.590862
1.611265
1.611265
1.593142
1.593142
1.582630
1.582630
1.590371
1.590371
1.596744
1.596744
1.578422
1.578422
1.603177
1.603177
1.596897
1.596897
1.583587
1.583587
1.580740
1.580740
1.584895
1.584895
1.595329
1.595329
1.597392
1.597392
1.597271
1.597271
1.600248
1.600248
1.575205
1.575205
1.589934
1.589934
1.580589
1.580589
1.574875
1.574875
1.599445
1.599445
1.578717
1.578717
1.586452
1.586452
1.593239
1.593239
1.583494
1.583494
1.590599
1.590599
1.587580
1.587580
1.593897
1.593897
1.593343
1.593343
1.594465
1.594465
1.576053
1.576053
1.548612
1.548612
1.581475
1.581475
1.588234
1.588234
1.586149
1.586149
1.593767
1.593767
1.588245
1.588245
1.621075
1.621075
1.580678
1.580678
1.592428
1.592428
1.594524
1.594524
1.588975
1.588975
1.581842
1.581842
1.612034
1.612034
1.587426
1.587426
1.597219
1.597219
1.586174
1.586174
1.585307
1.585307
1.585192
1.585192
1.578375
1.578375
1.589021
1.589021
1.580356
1.580356
1.594492
1.594492
1.584725
1.584725
1.589440
1.589440
1.606070
1.606070
1.591018
1.591018
1.588004
1.588004
1.579567
1.579567
1.593032
1.593032
1.589830
1.589830
1.568526
1.568526
1.582790
1.582790
1.592981
1.592981
1.582028
1.582028
1.583160
1.583160
1.596193
1.596193
1.607325
1.607325
1.590520
1.590520
1.592164
1.592164
1.581403
1.581403
1.594151
1.594151
1.579864
1.579864
1.594828
1.594828
1.600268
1.600268
1.589885
1.589885
1.577646
1.577646
1.584599
1.584599
1.589313
1.589313
1.555423
1.555423
1.587353
1.587353
1.595829
1.595829
1.576639
1.576639
1.590058
1.590058
1.585944
1.585944
1.609912
1.609912
1.586380
1.586380
1.597974
1.597974
1.583807
1.583807
1.579566
1.579566
1.589933
1.589933
1.587736
1.587736
1.578009
1.578009
1.597753
1.597753
1.588584
1.588584
1.594412
1.594412
1.578886
1.578886
1.585140
1.585140
1.599076
1.599076
1.584489
1.584489
1.579234
1.579234
1.584990
1.584990
1.588927
1.588927
1.590128
1.590128
1.588383
1.588383
1.590491
1.590491
1.577272
1.577272
1.589118
1.589118
1.593571
1.593571
1.564351
1.564351
1.586089
1.586089
1.586611
1.586611
1.576141
1.576141
1.594799
1.594799
1.589022
1.589022
1.620740
1.620740
1.577189
1.577189
1.578584
1.578584
1.599265
1.599265
1.580801
1.580801
1.595524
1.595524
1.627217
1.627217
1.581451
1.581451
1.594035
1.594035
1.582231
1.582231
1.586814
1.586814
1.588256
1.588256
1.608137
1.608137
1.583260
1.583260
1.581281
1.581281
1.592605
1.592605
1.584371
1.584371
1.593907
1.593907
1.578410
1.578410
1.578784
1.578784
1.591379
1.591379
1.584479
1.584479
1.595299
1.595299
1.582894
1.582894
1.600559
1.600559
1.583278
1.583278
1.591374
1.591374
1.588596
1.588596
1.571007
1.571007
1.596826
1.596826
1.613793
1.613793
1.593381
1.593381
1.586538
1.586538
1.591341
1.591341
1.579605
1.579605
1.583269
1.583269
1.579120
1.579120
1.587311
1.587311
1.582729
1.582729
1.595503
1.595503
1.574365
1.574365
1.593907
1.593907
1.578018
1.578018
1.592225
1.592225
1.584551
1.584551
1.587863
1.587863
1.583523
1.583523
1.585654
1.585654
1.573106
1.573106
1.574622
1.574622
1.578516
1.578516
1.591283
1.591283
1.588557
1.588557
1.599439
1.599439
1.583017
1.583017
1.592728
1.592728
1.574862
1.574862
1.587240
1.587240
1.588050
1.588050
1.587181
1.587181
1.600375
1.600375
1.590453
1.590453
1.587403
1.587403
1.583461
1.583461
1.584771
1.584771
1.586571
1.586571
1.567712
1.567712
1.587753
1.587753
1.587192
1.587192
1.578954
1.578954
1.592255
1.592255
1.581928
1.581928
1.608309
1.608309
1.587474
1.587474
1.583567
1.583567
1.588291
1.588291
1.589565
1.589565
1.583378
1.583378
1.561936
1.561936
1.589113
1.589113
1.590870
1.590870
1.572943
1.572943
1.598662
1.598662
1.579407
1.579407
1.570501
1.570501
1.581500
1.581500
1.589774
1.589774
1.587035
1.587035
1.585356
1.585356
1.586040
1.586040
1.579400
1.579400
1.584303
1.584303
1.588790
1.588790
1.587731
1.587731
1.590054
1.590054
1.577585
1.577585
1.587490
1.587490
1.592251
1.592251
1.590935
1.590935
1.581514
1.581514
1.583614
1.583614
1.579568
1.579568
1.589729
1.589729
1.587852
1.587852
1.589058
1.589058
1.571975
1.571975
1.591474
1.591474
1.587876
1.587876
1.584160
1.584160
1.585821
1.585821
1.583057
1.583057
1.590378
1.590378
1.583386
1.583386
1.584830
1.584830
1.589640
1.589640
1.583833
1.583833
1.582447
1.582447
1.588017
1.588017
1.597240
1.597240
1.579910
1.579910
1.546112
1.546112
1.589925
1.589925
1.578061
1.578061
1.588716
1.588716
1.587362
1.587362
1.578183
1.578183
1.632379
1.632379
1.575358
1.575358
1.582796
1.582796
1.590957
1.590957
1.584974
1.584974
1.592829
1.592829
1.577628
1.577628
1.584440
1.584440
1.582877
1.582877
1.588886
1.588886
1.590946
1.590946
1.578581
1.578581
1.582612
1.582612
1.578104
1.578104
1.583506
1.583506
1.582934
1.582934
1.594092
1.594092
1.585975
1.585975
1.587312
1.587312
1.581695
1.581695
1.584831
1.584831
1.587519
1.587519
1.588285
1.588285
1.581585
1.581585
1.588064
1.588064
1.573867
1.573867
1.589085
1.589085
1.585075
1.585075
1.577508
1.577508
1.598130
1.598130
1.584624
1.584624
1.581251
1.581251
1.582533
1.582533
1.586244
1.586244
1.585792
1.585792
1.588671
1.588671
1.571713
1.571713
1.586931
1.586931
1.581529
1.581529
1.585084
1.585084
1.594330
1.594330
1.571383
1.571383
1.621064
1.621064
1.575434
1.575434
1.590040
1.590040
1.593550
1.593550
1.582639
1.582639
1.579885
1.579885
1.594979
1.594979
1.587230
1.587230
1.577576
1.577576
1.590959
1.590959
1.575143
1.575143
1.592202
1.592202
1.575839
1.575839
1.575550
1.575550
1.575443
1.575443
1.588984
1.588984
1.589207
1.589207
1.595004
1.595004
1.561473
1.561473
1.570418
1.570418
1.592392
1.592392
1.584540
1.584540
1.585462
1.585462
1.586586
1.586586
1.606124
1.606124
1.586007
1.586007
1.578536
1.578536
1.585079
1.585079
1.590714
1.590714
1.582849
1.582849
1.565121
1.565121
1.576363
1.576363
1.584365
1.584365
1.580007
1.580007
1.590109
1.590109
1.590619
1.590619
1.579008
1.579008
1.579858
1.579858
1.590607
1.590607
1.579046
1.579046
1.585853
1.585853
1.586061
1.586061
1.575844
1.575844
1.572720
1.572720
1.599246
1.599246
1.575168
1.575168
1.599187
1.599187
1.571400
1.571400
1.608628
1.608628
1.588173
1.588173
1.585378
1.585378
1.587327
1.587327
1.579342
1.579342
1.573737
1.573737
1.641891
1.641891
1.595255
1.595255
1.576935
1.576935
1.583568
1.583568
1.579200
1.579200
1.585304
1.585304
1.574751
1.574751
1.581547
1.581547
1.576709
1.576709
1.592201
1.592201
1.589750
1.589750
1.581573
1.581573
1.557262
1.557262
1.586588
1.586588
1.590459
1.590459
1.577748
1.577748
1.587620
1.587620
1.572570
1.572570
1.622804
1.622804
1.596937
1.596937
1.583183
1.583183
1.569635
1.569635
1.586680
1.586680
1.581100
1.581100
1.594420
1.594420
1.587427
1.587427
1.574225
1.574225
1.589131
1.589131
1.586834
1.586834
1.576236
1.576236
1.628332
1.628332
1.575163
1.575163
1.577110
1.577110
1.583592
1.583592
1.589141
1.589141
1.592674
1.592674
1.587217
1.587217
1.579354
1.579354
1.583669
1.583669
1.583400
1.583400
1.581358
1.581358
1.589714
1.589714
1.587046
1.587046
1.583447
1.583447
1.587799
1.587799
1.582503
1.582503
1.575500
1.575500
1.590484
1.590484
1.563593
1.563593
1.594526
1.594526
1.579642
1.579642
1.578858
1.578858
1.585556
1.585556
1.580569
1.580569
1.568095
1.568095
1.586898
1.586898
1.576025
1.576025
1.582999
1.582999
1.588553
1.588553
1.587677
1.587677
1.536232
1.536232
1.576131
1.576131
1.596062
1.596062
1.577212
1.577212
1.578495
1.578495
1.590902
1.590902
1.568126
1.568126
1.578977
1.578977
1.588528
1.588528
1.588242
1.588242
1.594014
1.594014
1.566257
1.566257
1.594045
1.594045
1.586620
1.586620
1.588890
1.588890
1.585045
1.585045
1.567619
1.567619
1.584754
1.584754
1.621595
1.621595
1.583535
1.583535
1.587879
1.587879
1.587365
1.587365
1.582387
1.582387
1.575359
1.575359
1.581584
1.581584
1.580331
1.580331
1.580994
1.580994
1.578983
1.578983
1.587134
1.587134
1.587487
1.587487
1.593908
1.593908
1.595003
1.595003
1.588801
1.588801
1.580088
1.580088
1.586064
1.586064
1.568650
1.568650
1.554282
1.554282
1.590409
1.590409
1.580829
1.580829
1.593347
1.593347
1.574977
1.574977
1.575677
1.575677
1.585775
1.585775
1.582660
1.582660
1.582320
1.582320
1.578192
1.578192
1.586958
1.586958
1.581089
1.581089
1.623184
1.623184
1.587508
1.587508
1.577502
1.577502
1.587180
1.587180
1.579410
1.579410
1.585377
1.585377
1.561579
1.561579
1.594719
1.594719
1.577507
1.577507
1.579452
1.579452
1.586919
1.586919
1.579175
1.579175
1.548812
1.548812
1.588613
1.588613
1.580687
1.580687
1.583513
1.583513
1.582185
1.582185
1.581347
1.581347
1.558646
1.558646
1.591785
1.591785
1.576721
1.576721
1.585833
1.585833
1.581317
1.581317
1.576686
1.576686
1.595142
1.595142
1.580912
1.580912
1.585493
1.585493
1.575659
1.575659
1.583362
1.583362
1.588445
1.588445
1.578084
1.578084
1.578732
1.578732
1.581468
1.581468
1.573539
1.573539
1.592703
1.592703
1.591117
1.591117
1.539118
1.539118
1.594496
1.594496
1.571481
1.571481
1.577821
1.577821
1.584645
1.584645
1.584530
1.584530
1.580731
1.580731
1.584437
1.584437
1.582421
1.582421
1.579504
1.579504
1.587614
1.587614
1.580846
1.580846
1.557971
1.557971
1.584615
1.584615
1.599173
1.599173
1.568377
1.568377
1.583289
1.583289
1.575604
1.575604
1.592158
1.592158
1.578942
1.578942
1.584134
1.584134
1.578928
1.578928
1.588807
1.588807
1.583383
1.583383
1.558461
1.558461
1.584625
1.584625
1.580079
1.580079
1.586576
1.586576
1.574772
1.574772
1.585622
1.585622
1.579690
1.579690
1.585169
1.585169
1.588537
1.588537
1.574304
1.574304
1.579168
1.579168
1.585843
1.585843
1.561275
1.561275
1.581817
1.581817
1.595351
1.595351
1.578870
1.578870
1.586634
1.586634
1.566602
1.566602
1.594868
1.594868
1.580003
1.580003
1.582646
1.582646
1.591188
1.591188
1.572826
1.572826
1.579991
1.579991
1.617885
1.617885
1.589962
1.589962
1.578476
1.578476
1.581919
1.581919
1.584444
1.584444
1.578403
1.578403
1.549258
1.549258
1.576846
1.576846
1.580315
1.580315
1.584672
1.584672
1.579671
1.579671
1.590912
1.590912
1.554661
1.554661
1.579078
1.579078
1.576598
1.576598
1.590191
1.590191
1.579242
1.579242
1.584732
1.584732
1.576326
1.576326
1.591816
1.591816
1.580580
1.580580
1.580956
1.580956
1.586545
1.586545
1.568873
1.568873
1.582828
1.582828
1.593626
1.593626
1.581343
1.581343
1.585453
1.585453
1.575424
1.575424
1.571841
1.571841
1.590286
1.590286
1.585974
1.585974
1.577390
1.577390
1.590332
1.590332
1.588080
1.588080
1.566420
1.566420
1.581839
1.581839
1.583784
1.583784
1.586409
1.586409
1.575012
1.575012
1.576435
1.576435
1.585205
1.585205
1.591949
1.591949
1.565107
1.565107
1.593139
1.593139
1.582521
1.582521
1.577019
1.577019
1.584642
1.584642
1.634288
1.634288
1.574840
1.574840
1.581061
1.581061
1.584730
1.584730
1.572519
1.572519
1.592305
1.592305
1.603238
1.603238
1.580528
1.580528
1.575338
1.575338
1.590510
1.590510
1.580563
1.580563
1.579844
1.579844
1.587407
1.587407
1.587236
1.587236
1.580637
1.580637
1.582464
1.582464
1.580217
1.580217
1.576898
1.576898
1.577959
1.577959
1.580713
1.580713
1.600187
1.600187
1.587044
1.587044
1.567127
1.567127
1.571531
1.571531
1.584799
1.584799
1.586800
1.586800
1.579173
1.579173
1.570966
1.570966
1.585127
1.585127
1.584991
1.584991
1.578549
1.578549
1.591242
1.591242
1.573799
1.573799
1.592245
1.592245
1.567961
1.567961
1.580017
1.580017
1.593597
1.593597
1.579781
1.579781
1.582899
1.582899
1.580855
1.580855
1.578862
1.578862
1.580330
1.580330
1.614704
1.614704
1.579184
1.579184
1.580424
1.580424
1.577703
1.577703
1.578587
1.578587
1.588318
1.588318
1.595602
1.595602
1.581046
1.581046
1.576194
1.576194
1.584663
1.584663
1.582527
1.582527
1.583200
1.583200
1.557370
1.557370
1.583380
1.583380
1.579100
1.579100
1.577102
1.577102
1.582717
1.582717
1.584957
1.584957
1.557133
1.557133
1.575077
1.575077
1.561319
1.561319
1.595960
1.595960
1.581823
1.581823
1.592025
1.592025
1.564131
1.564131
1.576100
1.576100
1.590786
1.590786
1.577830
1.577830
1.579209
1.579209
1.582656
1.582656
1.556819
1.556819
1.572704
1.572704
1.581890
1.581890
1.574195
1.574195
1.585879
1.585879
1.584878
1.584878
1.624482
1.624482
1.584499
1.584499
1.581426
1.581426
1.587256
1.587256
1.575896
1.575896
1.573334
1.573334
1.592668
1.592668
1.575143
1.575143
1.579483
1.579483
1.583119
1.583119
1.586904
1.586904
1.577600
1.577600
1.589420
1.589420
1.587308
1.587308
1.579720
1.579720
1.594111
1.594111
1.576625
1.576625
1.565349
1.565349
1.576811
1.576811
1.583044
1.583044
1.576684
1.576684
1.581771
1.581771
1.581997
1.581997
1.583199
1.583199
1.537180
1.537180
1.578094
1.578094
1.582867
1.582867
1.576958
1.576958
1.583744
1.583744
1.582419
1.582419
1.558649
1.558649
1.586732
1.586732
1.575775
1.575775
1.579579
1.579579
1.576594
1.576594
1.582945
1.582945
1.579439
1.579439
1.569047
1.569047
1.583830
1.583830
1.578402
1.578402
1.578306
1.578306
1.590073
1.590073
1.596292
1.596292
1.580577
1.580577
1.577795
1.577795
1.580295
1.580295
1.575596
1.575596
1.586353
1.586353
1.584219
1.584219
1.585657
1.585657
1.580659
1.580659
1.579956
1.579956
1.583240
1.583240
1.573159
1.573159
1.561023
1.561023
1.580047
1.580047
1.587525
1.587525
1.572041
1.572041
1.573799
1.573799
1.586114
1.586114
1.590076
1.590076
1.577067
1.577067
1.574039
1.574039
1.580128
1.580128
1.573949
1.573949
1.595391
1.595391
1.577342
1.577342
1.585073
1.585073
1.580331
1.580331
1.576151
1.576151
1.579962
1.579962
1.577991
1.577991
1.586124
1.586124
1.589026
1.589026
1.578501
1.578501
1.577749
1.577749
1.581498
1.581498
1.572299
1.572299
1.587387
1.587387
1.579695
1.579695
1.592279
1.592279
1.585625
1.585625
1.566036
1.566036
1.577884
1.577884
1.559671
1.559671
1.584067
1.584067
1.575758
1.575758
1.578470
1.578470
1.581886
1.581886
1.578277
1.578277
1.587516
1.587516
1.584993
1.584993
1.574459
1.574459
1.584604
1.584604
1.567522
1.567522
1.585782
1.585782
1.595657
1.595657
1.573730
1.573730
1.584227
1.584227
1.578541
1.578541
1.575040
1.575040
1.585765
1.585765
1.592903
1.592903
1.580654
1.580654
1.585729
1.585729
1.575256
1.575256
1.575940
1.575940
1.579600
1.579600
1.591625
1.591625
1.573323
1.573323
1.575520
1.575520
1.591142
1.591142
1.575941
1.575941
1.582639
1.582639
1.575744
1.575744
1.590495
1.590495
1.582570
1.582570
1.565618
1.565618
1.573039
1.573039
1.587407
1.587407
1.568230
1.568230
1.586423
1.586423
1.578541
1.578541
1.575138
1.575138
1.578645
1.578645
1.576862
1.576862
1.602695
1.602695
1.578977
1.578977
1.573782
1.573782
1.574535
1.574535
1.594412
1.594412
1.575591
1.575591
1.584218
1.584218
1.579245
1.579245
1.584045
1.584045
1.567104
1.567104
1.579766
1.579766
1.585914
1.585914
1.594873
1.594873
1.577386
1.577386
1.568386
1.568386
1.580366
1.580366
1.579279
1.579279
1.591270
1.591270
1.587365
1.587365
1.583163
1.583163
1.576343
1.576343
1.573460
1.573460
1.583501
1.583501
1.580866
1.580866
1.578789
1.578789
1.574823
1.574823
1.588341
1.588341
1.584456
1.584456
1.575967
1.575967
1.570746
1.570746
1.607151
1.607151
1.579051
1.579051
1.577851
1.577851
1.575751
1.575751
1.578983
1.578983
1.583265
1.583265
1.598560
1.598560
1.575861
1.575861
1.581244
1.581244
1.571995
1.571995
1.583035
1.583035
1.581512
1.581512
1.606723
1.606723
1.576946
1.576946
1.572463
1.572463
1.582797
1.582797
1.578935
1.578935
1.585534
1.585534
1.571701
1.571701
1.580218
1.580218
1.582252
1.582252
1.576382
1.576382
1.577958
1.577958
1.572763
1.572763
1.638071
1.638071
1.576153
1.576153
1.594907
1.594907
1.572237
1.572237
1.566310
1.566310
1.580593
1.580593
1.628359
1.628359
1.582923
1.582923
1.571654
1.571654
1.585904
1.585904
1.570619
1.570619
1.582993
1.582993
1.585145
1.585145
1.576490
1.576490
1.582893
1.582893
1.580815
1.580815
1.576230
1.576230
1.576647
1.576647
1.590727
1.590727
1.578544
1.578544
1.575305
1.575305
1.576415
1.576415
1.577879
1.577879
1.584532
1.584532
1.590428
1.590428
1.573801
1.573801
1.580099
1.580099
1.573597
1.573597
1.574003
1.574003
1.594506
1.594506
1.553239
1.553239
1.581808
1.581808
1.582061
1.582061
1.580418
1.580418
1.566747
1.566747
1.583215
1.583215
1.568299
1.568299
1.579151
1.579151
1.577265
1.577265
1.588580
1.588580
1.573935
1.573935
1.575748
1.575748
1.561811
1.561811
1.577606
1.577606
1.583768
1.583768
1.568570
1.568570
1.577470
1.577470
1.585889
1.585889
1.572939
1.572939
1.579090
1.579090
1.576321
1.576321
1.579836
1.579836
1.574990
1.574990
1.582872
1.582872
1.573194
1.573194
1.579430
1.579430
1.587041
1.587041
1.583912
1.583912
1.568093
1.568093
1.575613
1.575613
1.562214
1.562214
1.585117
1.585117
1.583295
1.583295
1.585065
1.585065
1.565795
1.565795
1.572647
1.572647
1.582703
1.582703
1.572631
1.572631
1.578893
1.578893
1.561591
1.561591
1.588410
1.588410
1.591640
1.591640
1.568027
1.568027
1.579941
1.579941
1.576309
1.576309
1.586558
1.586558
1.579404
1.579404
1.571069
1.571069
1.564134
1.564134
1.566135
1.566135
1.581303
1.581303
1.580304
1.580304
1.573635
1.573635
1.586550
1.586550
1.616435
1.616435
1.585277
1.585277
1.570908
1.570908
1.575480
1.575480
1.580716
1.580716
1.576738
1.576738
1.603636
1.603636
1.574906
1.574906
1.580115
1.580115
1.582605
1.582605
1.578751
1.578751
1.576597
1.576597
1.563233
1.563233
1.576065
1.576065
1.574380
1.574380
1.584283
1.584283
1.567729
1.567729
1.586645
1.586645
1.599656
1.599656
1.580960
1.580960
1.574749
1.574749
1.576584
1.576584
1.579563
1.579563
1.584212
1.584212
1.527155
1.527155
1.578309
1.578309
1.579307
1.579307
1.580447
1.580447
1.566082
1.566082
1.586495
1.586495
1.579234
1.579234
1.587497
1.587497
1.571791
1.571791
1.573465
1.573465
1.575043
1.575043
1.582805
1.582805
1.577138
1.577138
1.573740
1.573740
1.588182
1.588182
1.576741
1.576741
1.577126
1.577126
1.576478
1.576478
1.556483
1.556483
1.576960
1.576960
1.577894
1.577894
1.573394
1.573394
1.578220
1.578220
1.577426
1.577426
1.637079
1.637079
1.577458
1.577458
1.576799
1.576799
1.576216
1.576216
1.583363
1.583363
1.582010
1.582010
1.516160
1.516160
1.573266
1.573266
1.581151
1.581151
1.581079
1.581079
1.583563
1.583563
1.568519
1.568519
1.597704
1.597704
1.584331
1.584331
1.574234
1.574234
1.579773
1.579773
1.574957
1.574957
1.573025
1.573025
1.608208
1.608208
1.591561
1.591561
1.578874
1.578874
1.560045
1.560045
1.583688
1.583688
1.574331
1.574331
1.584067
1.584067
1.575232
1.575232
1.575824
1.575824
1.585526
1.585526
1.589113
1.589113
1.565696
1.565696
1.552608
1.552608
1.588222
1.588222
1.569743
1.569743
1.575541
1.575541
1.577820
1.577820
1.575669
1.575669
1.593507
1.593507
1.577332
1.577332
1.573911
1.573911
1.572245
1.572245
1.584225
1.584225
1.579496
1.579496
1.588277
1.588277
1.576636
1.576636
1.587978
1.587978
1.579500
1.579500
1.567789
1.567789
1.576792
1.576792
1.571869
1.571869
1.566932
1.566932
1.582265
1.582265
1.573474
1.573474
1.577253
1.577253
1.586450
1.586450
1.593852
1.593852
1.569819
1.569819
1.585054
1.585054
1.588530
1.588530
1.575444
1.575444
1.567164
1.567164
1.594758
1.594758
1.575712
1.575712
1.579171
1.579171
1.568684
1.568684
1.579305
1.579305
1.584761
1.584761
1.575930
1.575930
1.575273
1.575273
1.571584
1.571584
1.578525
1.578525
1.574021
1.574021
1.586888
1.586888
1.587411
1.587411
1.577397
1.577397
1.577131
1.577131
1.577749
1.577749
1.585499
1.585499
1.568547
1.568547
1.585760
1.585760
1.579179
1.579179
1.559444
1.559444
1.588082
1.588082
1.584407
1.584407
1.578324
1.578324
1.554159
1.554159
1.573865
1.573865
1.582867
1.582867
1.570327
1.570327
1.579285
1.579285
1.581358
1.581358
1.569059
1.569059
1.578811
1.578811
1.574896
1.574896
1.566927
1.566927
1.588608
1.588608
1.578507
1.578507
1.565199
1.565199
1.568191
1.568191
1.579575
1.579575
1.577236
1.577236
1.587772
1.587772
1.573602
1.573602
1.576073
1.576073
1.582012
1.582012
1.567842
1.567842
1.580119
1.580119
1.578301
1.578301
1.579558
1.579558
1.559203
1.559203
1.574577
1.574577
1.567328
1.567328
1.580976
1.580976
1.590649
1.590649
1.570884
1.570884
1.591587
1.591587
1.575587
1.575587
1.566415
1.566415
1.584203
1.584203
1.580517
1.580517
1.578155
1.578155
1.584161
1.584161
1.565953
1.565953
1.578207
1.578207
1.581537
1.581537
1.595851
1.595851
1.565905
1.565905
1.555755
1.555755
1.579612
1.579612
1.581191
1.581191
1.572583
1.572583
1.568842
1.568842
1.579625
1.579625
1.607893
1.607893
1.587541
1.587541
1.569312
1.569312
1.568173
1.568173
1.577702
1.577702
1.580671
1.580671
1.588525
1.588525
1.575114
1.575114
1.574545
1.574545
1.579724
1.579724
1.583742
1.583742
1.572186
1.572186
1.566765
1.566765
1.575607
1.575607
1.584441
1.584441
1.580805
1.580805
1.557838
1.557838
1.585804
1.585804
1.572799
1.572799
1.576232
1.576232
1.583007
1.583007
1.579415
1.579415
1.575211
1.575211
1.568041
1.568041
1.597532
1.597532
1.570545
1.570545
1.586788
1.586788
1.566949
1.566949
1.589317
1.589317
1.571935
1.571935
1.560242
1.560242
1.581305
1.581305
1.583623
1.583623
1.571258
1.571258
1.575728
1.575728
1.570251
1.570251
1.592719
1.592719
1.584920
1.584920
1.575039
1.575039
1.582093
1.582093
1.565760
1.565760
1.576471
1.576471
1.569355
1.569355
1.570492
1.570492
1.578628
1.578628
1.593182
1.593182
1.570395
1.570395
1.569114
1.569114
1.592551
1.592551
1.574546
1.574546
1.579410
1.579410
1.571451
1.571451
1.573444
1.573444
1.584010
1.584010
1.579755
1.579755
1.567400
1.567400
1.582370
1.582370
1.575201
1.575201
1.573148
1.573148
1.585183
1.585183
1.572449
1.572449
1.587604
1.587604
1.579348
1.579348
1.573330
1.573330
1.573571
1.573571
1.569361
1.569361
1.572747
1.572747
1.569973
1.569973
1.580210
1.580210
1.572737
1.572737
1.582027
1.582027
1.575708
1.575708
1.597792
1.597792
1.575797
1.575797
1.571383
1.571383
1.570189
1.570189
1.585006
1.585006
1.581476
1.581476
1.565525
1.565525
1.579675
1.579675
1.568481
1.568481
1.572342
1.572342
1.582223
1.582223
1.579901
1.579901
1.576927
1.576927
1.567135
1.567135
1.575415
1.575415
1.576507
1.576507
1.578393
1.578393
1.583131
1.583131
1.594402
1.594402
1.577624
1.577624
1.577619
1.577619
1.572891
1.572891
1.563541
1.563541
1.589566
1.589566
1.582919
1.582919
1.563006
1.563006
1.583108
1.583108
1.572721
1.572721
1.577243
1.577243
1.580705
1.580705
1.623823
1.623823
1.570064
1.570064
1.570887
1.570887
1.574346
1.574346
1.589342
1.589342
1.575130
1.575130
1.591610
1.591610
1.583255
1.583255
1.568043
1.568043
1.573411
1.573411
1.584520
1.584520
1.573638
1.573638
1.557870
1.557870
1.567043
1.567043
1.561469
1.561469
1.577421
1.577421
1.594932
1.594932
1.582351
1.582351
1.551191
1.551191
1.579928
1.579928
1.578479
1.578479
1.586068
1.586068
1.573409
1.573409
1.566680
1.566680
1.535400
1.535400
1.568681
1.568681
1.577320
1.577320
1.582285
1.582285
1.571437
1.571437
1.574017
1.574017
1.640313
1.640313
1.570274
1.570274
1.574977
1.574977
1.585242
1.585242
1.578200
1.578200
1.573938
1.573938
1.547966
1.547966
1.576733
1.576733
1.577086
1.577086
1.575415
1.575415
1.576549
1.576549
1.575401
1.575401
1.558223
1.558223
1.567549
1.567549
1.588362
1.588362
1.572571
1.572571
1.580477
1.580477
1.571264
1.571264
1.564175
1.564175
1.564785
1.564785
1.589137
1.589137
1.575145
1.575145
1.585861
1.585861
1.562144
1.562144
1.593309
1.593309
1.577882
1.577882
1.570632
1.570632
1.588664
1.588664
1.569243
1.569243
1.574327
1.574327
1.555049
1.555049
1.571914
1.571914
1.569643
1.569643
1.580381
1.580381
1.571896
1.571896
1.589439
1.589439
1.527689
1.527689
1.578077
1.578077
1.573040
1.573040
1.576109
1.576109
1.575970
1.575970
1.576951
1.576951
1.556048
1.556048
1.574991
1.574991
1.572234
1.572234
1.578384
1.578384
1.583606
1.583606
1.570974
1.570974
1.554320
1.554320
1.577109
1.577109
1.574444
1.574444
1.574394
1.574394
1.578717
1.578717
1.571376
1.571376
1.594363
1.594363
1.568480
1.568480
1.585133
1.585133
1.574822
1.574822
1.574270
1.574270
1.580290
1.580290
1.522505
1.522505
1.592310
1.592310
1.567420
1.567420
1.575562
1.575562
1.556662
1.556662
1.585312
1.585312
1.578069
1.578069
1.578042
1.578042
1.570851
1.570851
1.575934
1.575934
1.575833
1.575833
1.580433
1.580433
1.537811
1.537811
1.584974
1.584974
1.568883
1.568883
1.571905
1.571905
1.576477
1.576477
1.573376
1.573376
1.590520
1.590520
1.575121
1.575121
1.579322
1.579322
1.570444
1.570444
1.577321
1.577321
1.577317
1.577317
1.550894
1.550894
1.575166
1.575166
1.580834
1.580834
1.569957
1.569957
1.574465
1.574465
1.574711
1.574711
1.594945
1.594945
1.567917
1.567917
1.583633
1.583633
1.582737
1.582737
1.564334
1.564334
1.579532
1.579532
1.562204
1.562204
1.567998
1.567998
1.575412
1.575412
1.577268
1.577268
1.575248
1.575248
1.578654
1.578654
1.595217
1.595217
1.576237
1.576237
1.569992
1.569992
1.576615
1.576615
1.574636
1.574636
1.573178
1.573178
1.633100
1.633100
1.572257
1.572257
1.579400
1.579400
1.576328
1.576328
1.576083
1.576083
1.572292
1.572292
1.573523
1.573523
1.582270
1.582270
1.564718
1.564718
1.574122
1.574122
1.583753
1.583753
1.574094
1.574094
1.544814
1.544814
1.578578
1.578578
1.581293
1.581293
1.577074
1.577074
1.567262
1.567262
1.570889
1.570889
1.581871
1.581871
1.580200
1.580200
1.573446
1.573446
1.573280
1.573280
1.576896
1.576896
1.574403
1.574403
1.549917
1.549917
1.577092
1.577092
1.565789
1.565789
1.578659
1.578659
1.571393
1.571393
1.580516
1.580516
1.595747
1.595747
1.572552
1.572552
1.579511
1.579511
1.572682
1.572682
1.571688
1.571688
1.577467
1.577467
1.589392
1.589392
1.566798
1.566798
1.575205
1.575205
1.583623
1.583623
1.568971
1.568971
1.583895
1.583895
1.541965
1.541965
1.565770
1.565770
1.565022
1.565022
1.573321
1.573321
1.581084
1.581084
1.590195
1.590195
1.571922
1.571922
1.571944
1.571944
1.567799
1.567799
1.574490
1.574490
1.581583
1.581583
1.579723
1.579723
1.569884
1.569884
1.571272
1.571272
1.568707
1.568707
1.582007
1.582007
1.582167
1.582167
1.568188
1.568188
1.601632
1.601632
1.583217
1.583217
1.572169
1.572169
1.569277
1.569277
1.572261
1.572261
1.578269
1.578269
1.573266
1.573266
1.584609
1.584609
1.568658
1.568658
1.570127
1.570127
1.570513
1.570513
1.579799
1.579799
1.589116
1.589116
1.572049
1.572049
1.583753
1.583753
1.573120
1.573120
1.570095
1.570095
1.574501
1.574501
1.591191
1.591191
1.577987
1.577987
1.582213
1.582213
1.571898
1.571898
1.575730
1.575730
1.565287
1.565287
1.595417
1.595417
1.578682
1.578682
1.567613
1.567613
1.576350
1.576350
1.568962
1.568962
1.580348
1.580348
1.607233
1.607233
1.564986
1.564986
1.597545
1.597545
1.563495
1.563495
1.569144
1.569144
1.577701
1.577701
1.596620
1.596620
1.576175
1.576175
1.581346
1.581346
1.578644
1.578644
1.564414
1.564414
1.577130
1.577130
1.544909
1.544909
1.586122
1.586122
1.570804
1.570804
1.575611
1.575611
1.573997
1.573997
1.570516
1.570516
1.547150
1.547150
1.583282
1.583282
1.587365
1.587365
1.567624
1.567624
1.572474
1.572474
1.567620
1.567620
1.528077
1.528077
1.576445
1.576445
1.572200
1.572200
1.580141
1.580141
1.570760
1.570760
1.573249
1.573249
1.578991
1.578991
1.564372
1.564372
1.571960
1.571960
1.570989
1.570989
1.584692
1.584692
1.579956
1.579956
1.583836
1.583836
1.572145
1.572145
1.569568
1.569568
1.571926
1.571926
1.576513
1.576513
1.579241
1.579241
1.606865
1.606865
1.574740
1.574740
1.572790
1.572790
1.576190
1.576190
1.574198
1.574198
1.573427
1.573427
1.585431
1.585431
1.571052
1.571052
1.577672
1.577672
1.583771
1.583771
1.564030
1.564030
1.576496
1.576496
1.567492
1.567492
1.579779
1.579779
1.571518
1.571518
1.573573
1.573573
1.569401
1.569401
1.579729
1.579729
1.556763
1.556763
1.568572
1.568572
1.568148
1.568148
1.572309
1.572309
1.587650
1.587650
1.577265
1.577265
1.555760
1.555760
1.585577
1.585577
1.569794
1.569794
1.572121
1.572121
1.578887
1.578887
1.564988
1.564988
1.579393
1.579393
1.583554
1.583554
1.585211
1.585211
1.569929
1.569929
1.572784
1.572784
1.563226
1.563226
1.543350
1.543350
1.579810
1.579810
1.565462
1.565462
1.574267
1.574267
1.571419
1.571419
1.577447
1.577447
1.604874
1.604874
1.574029
1.574029
1.570350
1.570350
1.576089
1.576089
1.575124
1.575124
1.574724
1.574724
1.585638
1.585638
1.576141
1.576141
1.583366
1.583366
1.575557
1.575557
1.561739
1.561739
1.577602
1.577602
1.544998
1.544998
1.577172
1.577172
1.575765
1.575765
1.570177
1.570177
1.568630
1.568630
1.580064
1.580064
1.571279
1.571279
1.572729
1.572729
1.587132
1.587132
1.571095
1.571095
1.572699
1.572699
1.564803
1.564803
1.603969
1.603969
1.574989
1.574989
1.573210
1.573210
1.571006
1.571006
1.580937
1.580937
1.566642
1.566642
1.616879
1.616879
1.567397
1.567397
1.578388
1.578388
1.583436
1.583436
1.565390
1.565390
1.579798
1.579798
1.535896
1.535896
1.575190
1.575190
1.570043
1.570043
1.575168
1.575168
1.568835
1.568835
1.579539
1.579539
1.589977
1.589977
1.576390
1.576390
1.564866
1.564866
1.571642
1.571642
1.576660
1.576660
1.578163
1.578163
1.598902
1.598902
1.572515
1.572515
1.582151
1.582151
1.574049
1.574049
1.568458
1.568458
1.570121
1.570121
1.600731
1.600731
1.582092
1.582092
1.558635
1.558635
1.573557
1.573557
1.579284
1.579284
1.575908
1.575908
1.577777
1.577777
1.572731
1.572731
1.562534
1.562534
1.583932
1.583932
1.577630
1.577630
1.577442
1.577442
1.527454
1.527454
1.581951
1.581951
1.572292
1.572292
1.583076
1.583076
1.576758
1.576758
1.556528
1.556528
1.562731
1.562731
1.556574
1.556574
1.586352
1.586352
1.571566
1.571566
1.580474
1.580474
1.572689
1.572689
1.591908
1.591908
1.566336
1.566336
1.564959
1.564959
1.580239
1.580239
1.575045
1.575045
1.581517
1.581517
1.586523
1.586523
1.581732
1.581732
1.567104
1.567104
1.569208
1.569208
1.571397
1.571397
1.575307
1.575307
1.618939
1.618939
1.580746
1.580746
1.561537
1.561537
1.580114
1.580114
1.579860
1.579860
1.570162
1.570162
1.541816
1.541816
1.579140
1.579140
1.575170
1.575170
1.571400
1.571400
1.569502
1.569502
1.576615
1.576615
1.545894
1.545894
1.575459
1.575459
1.564444
1.564444
1.571984
1.571984
1.574421
1.574421
1.582834
1.582834
1.570160
1.570160
1.577395
1.577395
1.563252
1.563252
1.565246
1.565246
1.583625
1.583625
1.580141
1.580141
1.563301
1.563301
1.563595
1.563595
1.588851
1.588851
1.566629
1.566629
1.576748
1.576748
1.570091
1.570091
1.600266
1.600266
1.570803
1.570803
1.576217
1.576217
1.576105
1.576105
1.576777
1.576777
1.573402
1.573402
1.524616
1.524616
1.569458
1.569458
1.569727
1.569727
1.582112
1.582112
1.569620
1.569620
1.573535
1.573535
1.611484
1.611484
1.578542
1.578542
1.569124
1.569124
1.576596
1.576596
1.566292
1.566292
1.572114
1.572114
1.628599
1.628599
1.575421
1.575421
1.579351
1.579351
1.577020
1.577020
1.565861
1.565861
1.572063
1.572063
1.556410
1.556410
1.575914
1.575914
1.575613
1.575613
1.568156
1.568156
1.573132
1.573132
1.576938
1.576938
1.555336
1.555336
1.574377
1.574377
1.573510
1.573510
1.578494
1.578494
1.574848
1.574848
1.568593
1.568593
1.554498
1.554498
1.575715
1.575715
1.570922
1.570922
1.574558
1.574558
1.572593
1.572593
1.572293
1.572293
1.591223
1.591223
1.568878
1.568878
1.586482
1.586482
1.573666
1.573666
1.564331
1.564331
1.573366
1.573366
1.582351
1.582351
1.574628
1.574628
1.571311
1.571311
1.587046
1.587046
1.570832
1.570832
1.564549
1.564549
1.563171
1.563171
1.574961
1.574961
1.580895
1.580895
1.582125
1.582125
1.566567
1.566567
1.558713
1.558713
1.612613
1.612613
1.571231
1.571231
1.574189
1.574189
1.573564
1.573564
1.587153
1.587153
1.560995
1.560995
1.572978
1.572978
1.576742
1.576742
1.577440
1.577440
1.572879
1.572879
1.577607
1.577607
1.561853
1.561853
1.578702
1.578702
1.576973
1.576973
1.580006
1.580006
1.568521
1.568521
1.567362
1.567362
1.577821
1.577821
1.536129
1.536129
1.573600
1.573600
1.570401
1.570401
1.581878
1.581878
1.570922
1.570922
1.569927
1.569927
1.573872
1.573872
1.572633
1.572633
1.575944
1.575944
1.563447
1.563447
1.577810
1.577810
1.575088
1.575088
1.589906
1.589906
1.570743
1.570743
1.572941
1.572941
1.562529
1.562529
1.578038
1.578038
1.582238
1.582238
1.572764
1.572764
1.569961
1.569961
1.573347
1.573347
1.572111
1.572111
1.575894
1.575894
1.572349
1.572349
1.598799
1.598799
1.561284
1.561284
1.581995
1.581995
1.575102
1.575102
1.578883
1.578883
1.573173
1.573173
1.527849
1.527849
1.567893
1.567893
1.569251
1.569251
1.566279
1.566279
1.575181
1.575181
1.587677
1.587677
1.565730
1.565730
1.568213
1.568213
1.582683
1.582683
1.567920
1.567920
1.578503
1.578503
1.564634
1.564634
1.606039
1.606039
1.585832
1.585832
1.569368
1.569368
1.569113
1.569113
1.566988
1.566988
1.576306
1.576306
1.546577
1.546577
1.569489
1.569489
1.583552
1.583552
1.571366
1.571366
1.565257
1.565257
1.576148
1.576148
1.561762
1.561762
1.574414
1.574414
1.573390
1.573390
1.575956
1.575956
1.575537
1.575537
1.565339
1.565339
1.573174
1.573174
1.578773
1.578773
1.557492
1.557492
1.566922
1.566922
1.581277
1.581277
1.583075
1.583075
1.545611
1.545611
1.556848
1.556848
1.578726
1.578726
1.582305
1.582305
1.583070
1.583070
1.566331
1.566331
1.547263
1.547263
1.567274
1.567274
1.580869
1.580869
1.570389
1.570389
1.571693
1.571693
1.573086
1.573086
1.586088
1.586088
1.568558
1.568558
1.571936
1.571936
1.583522
1.583522
1.568931
1.568931
1.566526
1.566526
1.624391
1.624391
1.574648
1.574648
1.576162
1.576162
1.581343
1.581343
1.572188
1.572188
1.560769
1.560769
1.568817
1.568817
1.583405
1.583405
1.568292
1.568292
1.576928
1.576928
1.577050
1.577050
1.557727
1.557727
1.585604
1.585604
1.566124
1.566124
1.581618
1.581618
1.574684
1.574684
1.573901
1.573901
1.570882
1.570882
1.545962
1.545962
1.576927
1.576927
1.560616
1.560616
1.578773
1.578773
1.574386
1.574386
1.572400
1.572400
1.585889
1.585889
1.569763
1.569763
1.574773
1.574773
1.579741
1.579741
1.566550
1.566550
1.571742
1.571742
1.590547
1.590547
1.579687
1.579687
1.569207
1.569207
1.558346
1.558346
1.576484
1.576484
1.578766
1.578766
1.590859
1.590859
1.573522
1.573522
1.580117
1.580117
1.565830
1.565830
1.565200
1.565200
1.580192
1.580192
1.565416
1.565416
1.567211
1.567211
1.575216
1.575216
1.584854
1.584854
1.563145
1.563145
1.568685
1.568685
1.621045
1.621045
1.575583
1.575583
1.577701
1.577701
1.573636
1.573636
1.571044
1.571044
1.568374
1.568374
1.546661
1.546661
1.574103
1.574103
1.569379
1.569379
1.569483
1.569483
1.582270
1.582270
1.568428
1.568428
1.570922
1.570922
1.581327
1.581327
1.571113
1.571113
1.574815
1.574815
1.570769
1.570769
1.566750
1.566750
1.556793
1.556793
1.563281
1.563281
1.587380
1.587380
1.571272
1.571272
1.571824
1.571824
1.569100
1.569100
1.573687
1.573687
1.581488
1.581488
1.571028
1.571028
1.573623
1.573623
1.566269
1.566269
1.572173
1.572173
1.555225
1.555225
1.560602
1.560602
1.580991
1.580991
1.578976
1.578976
1.570423
1.570423
1.572206
1.572206
1.566880
1.566880
1.581719
1.581719
1.561067
1.561067
1.580126
1.580126
1.573898
1.573898
1.564118
1.564118
1.588416
1.588416
1.570125
1.570125
1.581336
1.581336
1.563755
1.563755
1.586191
1.586191
1.561852
1.561852
1.564753
1.564753
1.576550
1.576550
1.574810
1.574810
1.560409
1.560409
1.572109
1.572109
1.577751
1.577751
1.579673
1.579673
1.574792
1.574792
1.566001
1.566001
1.568283
1.568283
1.576155
1.576155
1.576284
1.576284
1.579046
1.579046
1.570431
1.570431
1.581548
1.581548
1.576139
1.576139
1.567935
1.567935
1.569961
1.569961
1.533150
1.533150
1.577747
1.577747
1.566956
1.566956
1.565624
1.565624
1.576434
1.576434
1.577808
1.577808
1.546339
1.546339
1.568169
1.568169
1.573412
1.573412
1.573553
1.573553
1.578104
1.578104
1.568836
1.568836
1.570327
1.570327
1.582163
1.582163
1.571008
1.571008
1.562161
1.562161
1.572207
1.572207
1.576334
1.576334
1.551042
1.551042
1.582792
1.582792
1.566110
1.566110
1.572025
1.572025
1.571857
1.571857
1.570078
1.570078
1.558801
1.558801
1.567246
1.567246
1.564926
1.564926
1.578385
1.578385
1.584064
1.584064
1.569676
1.569676
1.542755
1.542755
1.570199
1.570199
1.571428
1.571428
1.569531
1.569531
1.572726
1.572726
1.579649
1.579649
1.549700
1.549700
1.568499
1.568499
1.572539
1.572539
1.575861
1.575861
1.564290
1.564290
1.578780
1.578780
1.583929
1.583929
1.575089
1.575089
1.562995
1.562995
1.586046
1.586046
1.579700
1.579700
1.560011
1.560011
1.543135
1.543135
1.574911
1.574911
1.561920
1.561920
1.584396
1.584396
1.577129
1.577129
1.561031
1.561031
1.587109
1.587109
1.576515
1.576515
1.562995
1.562995
1.564321
1.564321
1.574015
1.574015
1.582174
1.582174
1.579908
1.579908
1.575440
1.575440
1.564193
1.564193
1.570355
1.570355
1.574139
1.574139
1.575538
1.575538
1.582055
1.582055
1.572490
1.572490
1.572175
1.572175
1.580781
1.580781
1.570936
1.570936
1.561353
1.561353
1.600488
1.600488
1.567478
1.567478
1.568446
1.568446
1.571047
1.571047
1.575276
1.575276
1.579256
1.579256
1.562229
1.562229
1.572834
1.572834
1.564794
1.564794
1.570714
1.570714
1.584033
1.584033
1.571355
1.571355
1.538951
1.538951
1.570666
1.570666
1.574417
1.574417
1.551390
1.551390
1.571838
1.571838
1.590347
1.590347
1.589164
1.589164
1.566289
1.566289
1.579934
1.579934
1.582733
1.582733
1.570735
1.570735
1.558816
1.558816
1.591816
1.591816
1.571722
1.571722
1.569847
1.569847
1.578874
1.578874
1.574992
1.574992
1.565289
1.565289
1.569857
1.569857
1.562045
1.562045
1.565300
1.565300
1.582417
1.582417
1.576450
1.576450
1.570001
1.570001
1.614331
1.614331
1.579181
1.579181
1.564003
1.564003
1.575499
1.575499
1.563792
1.563792
1.578685
1.578685
1.561924
1.561924
1.577688
1.577688
1.572831
1.572831
1.560497
1.560497
1.569416
1.569416
1.579659
1.579659
1.568802
1.568802
1.576183
1.576183
1.567055
1.567055
1.570218
1.570218
1.565693
1.565693
1.578273
1.578273
1.591973
1.591973
1.575948
1.575948
1.568158
1.568158
1.565838
1.565838
1.571043
1.571043
1.576005
1.576005
1.592821
1.592821
1.578043
1.578043
1.573488
1.573488
1.565004
1.565004
1.576474
1.576474
1.565028
1.565028
1.579071
1.579071
1.565077
1.565077
1.579180
1.579180
1.577432
1.577432
1.567786
1.567786
1.568576
1.568576
1.577190
1.577190
1.580328
1.580328
1.568451
1.568451
1.571826
1.571826
1.578759
1.578759
1.560619
1.560619
1.555926
1.555926
1.577429
1.577429
1.567983
1.567983
1.566015
1.566015
1.577309
1.577309
1.566978
1.566978
1.595479
1.595479
1.566469
1.566469
1.575757
1.575757
1.566388
1.566388
1.572088
1.572088
1.579243
1.579243
1.552050
1.552050
1.569772
1.569772
1.566417
1.566417
1.568548
1.568548
1.577965
1.577965
1.574212
1.574212
1.581258
1.581258
1.576318
1.576318
1.567845
1.567845
1.568886
1.568886
1.575850
1.575850
1.567790
1.567790
1.582425
1.582425
1.558702
1.558702
1.580501
1.580501
1.579122
1.579122
1.564628
1.564628
1.573042
1.573042
1.587265
1.587265
1.575630
1.575630
1.577404
1.577404
1.568204
1.568204
1.574685
1.574685
1.563541
1.563541
1.549746
1.549746
1.563714
1.563714
1.575704
1.575704
1.575739
1.575739
1.573208
1.573208
1.566473
1.566473
1.593372
1.593372
1.576010
1.576010
1.564026
1.564026
1.574566
1.574566
1.569957
1.569957
1.573002
1.573002
1.564286
1.564286
1.575528
1.575528
1.582139
1.582139
1.562539
1.562539
1.559893
1.559893
1.578507
1.578507
1.553233
1.553233
1.572890
1.572890
1.573955
1.573955
1.576516
1.576516
1.568331
1.568331
1.568794
1.568794
1.535646
1.535646
1.571707
1.571707
1.578771
1.578771
1.573529
1.573529
1.566632
1.566632
1.566046
1.566046
1.573797
1.573797
1.568831
1.568831
1.576124
1.576124
1.570972
1.570972
1.563179
1.563179
1.579750
1.579750
1.551179
1.551179
1.566127
1.566127
1.568620
1.568620
1.563845
1.563845
1.577009
1.577009
1.578198
1.578198
1.600836
1.600836
1.578434
1.578434
1.557085
1.557085
1.574391
1.574391
1.571482
1.571482
1.573462
1.573462
1.591419
1.591419
1.571582
1.571582
1.580850
1.580850
1.565080
1.565080
1.566311
1.566311
1.567146
1.567146
1.630809
1.630809
1.579597
1.579597
1.574375
1.574375
1.558239
1.558239
1.570599
1.570599
1.571672
1.571672
1.594763
1.594763
1.571884
1.571884
1.571629
1.571629
1.565526
1.565526
1.571009
1.571009
1.574932
1.574932
1.588682
1.588682
1.574952
1.574952
1.564536
1.564536
1.574504
1.574504
1.572441
1.572441
1.568053
1.568053
1.592592
1.592592
1.570850
1.570850
1.568115
1.568115
1.563994
1.563994
1.576654
1.576654
1.579149
1.579149
1.547901
1.547901
1.584129
1.584129
1.575708
1.575708
1.566184
1.566184
1.560064
1.560064
1.570653
1.570653
1.566341
1.566341
1.567729
1.567729
1.566751
1.566751
1.567608
1.567608
1.574049
1.574049
1.574381
1.574381
1.628295
1.628295
1.573409
1.573409
1.569665
1.569665
1.576108
1.576108
1.570440
1.570440
1.568825
1.568825
1.548189
1.548189
1.564620
1.564620
1.562492
1.562492
1.592398
1.592398
1.565125
1.565125
1.568958
1.568958
1.595088
1.595088
1.570117
1.570117
1.565602
1.565602
1.573983
1.573983
1.576877
1.576877
1.568882
1.568882
1.575047
1.575047
1.575336
1.575336
1.569173
1.569173
1.582844
1.582844
1.561352
1.561352
1.567073
1.567073
1.571498
1.571498
1.557332
1.557332
1.571151
1.571151
1.568581
1.568581
1.570991
1.570991
1.589391
1.589391
1.554699
1.554699
1.584242
1.584242
1.569459
1.569459
1.559685
1.559685
1.572839
1.572839
1.569355
1.569355
1.572349
1.572349
1.570948
1.570948
1.573323
1.573323
1.563764
1.563764
1.576755
1.576755
1.569725
1.569725
1.581728
1.581728
1.574326
1.574326
1.570769
1.570769
1.574148
1.574148
1.568648
1.568648
1.564089
1.564089
1.605192
1.605192
1.571257
1.571257
1.565985
1.565985
1.576569
1.576569
1.572406
1.572406
1.569501
1.569501
1.565938
1.565938
1.559525
1.559525
1.572495
1.572495
1.567831
1.567831
1.574853
1.574853
1.576590
1.576590
1.607773
1.607773
1.574827
1.574827
1.561587
1.561587
1.572253
1.572253
1.569110
1.569110
1.580774
1.580774
1.534066
1.534066
1.575114
1.575114
1.577456
1.577456
1.578665
1.578665
1.562482
1.562482
1.562773
1.562773
1.553655
1.553655
1.568146
1.568146
1.568877
1.568877
1.568649
1.568649
1.563339
1.563339
1.583516
1.583516
1.591689
1.591689
1.576847
1.576847
1.579444
1.579444
1.571165
1.571165
1.566025
1.566025
1.560931
1.560931
1.569751
1.569751
1.576914
1.576914
1.580414
1.580414
1.559862
1.559862
1.567696
1.567696
1.567484
1.567484
1.586451
1.586451
1.571074
1.571074
1.571403
1.571403
1.567781
1.567781
1.574391
1.574391
1.569670
1.569670
1.562832
1.562832
1.564569
1.564569
1.563917
1.563917
1.576143
1.576143
1.578905
1.578905
1.567261
1.567261
1.593924
1.593924
1.564494
1.564494
1.570156
1.570156
1.572735
1.572735
1.571423
1.571423
1.577134
1.577134
1.539494
1.539494
1.567790
1.567790
1.558033
1.558033
1.573754
1.573754
1.572504
1.572504
1.577527
1.577527
1.602091
1.602091
1.572985
1.572985
1.562427
1.562427
1.564894
1.564894
1.581305
1.581305
1.565759
1.565759
1.623637
1.623637
1.575672
1.575672
1.567622
1.567622
1.561273
1.561273
1.569460
1.569460
1.577114
1.577114
1.585946
1.585946
1.552573
1.552573
1.570699
1.570699
1.568953
1.568953
1.571500
1.571500
1.589855
1.589855
1.560750
1.560750
1.576226
1.576226
1.562850
1.562850
1.569386
1.569386
1.578710
1.578710
1.563196
1.563196
1.591559
1.591559
1.567370
1.567370
1.568563
1.568563
1.572547
1.572547
1.576511
1.576511
1.571008
1.571008
1.534205
1.534205
1.561208
1.561208
1.565438
1.565438
1.562377
1.562377
1.580524
1.580524
1.581277
1.581277
1.584614
1.584614
1.575087
1.575087
1.579013
1.579013
1.568654
1.568654
1.558361
1.558361
1.571394
1.571394
1.567107
1.567107
1.558928
1.558928
1.573524
1.573524
1.570875
1.570875
1.575105
1.575105
1.572670
1.572670
1.580281
1.580281
1.572559
1.572559
1.569690
1.569690
1.574194
1.574194
1.566679
1.566679
1.570751
1.570751
1.551762
1.551762
1.558018
1.558018
1.569552
1.569552
1.577490
1.577490
1.571510
1.571510
1.577898
1.577898
1.546635
1.546635
1.563604
1.563604
1.568636
1.568636
1.566247
1.566247
1.582443
1.582443
1.571877
1.571877
1.564481
1.564481
1.572108
1.572108
1.565981
1.565981
1.579717
1.579717
1.572074
1.572074
1.563977
1.563977
1.553993
1.553993
1.584053
1.584053
1.571021
1.571021
1.562258
1.562258
1.567224
1.567224
1.568116
1.568116
1.564549
1.564549
1.571731
1.571731
1.567338
1.567338
1.577413
1.577413
1.562092
1.562092
1.571460
1.571460
1.589568
1.589568
1.579365
1.579365
1.571688
1.571688
1.566901
1.566901
1.564105
1.564105
1.567744
1.567744
1.590698
1.590698
1.566005
1.566005
1.568645
1.568645
1.574745
1.574745
1.577174
1.577174
1.568980
1.568980
1.533147
1.533147
1.576503
1.576503
1.578222
1.578222
1.574589
1.574589
1.556945
1.556945
1.564889
1.564889
1.577055
1.577055
1.577612
1.577612
1.571914
1.571914
1.568602
1.568602
1.567043
1.567043
1.567087
1.567087
1.565362
1.565362
1.579490
1.579490
1.567143
1.567143
1.563496
1.563496
1.571545
1.571545
1.568507
1.568507
1.583956
1.583956
1.573177
1.573177
1.559883
1.559883
1.573722
1.573722
1.569169
1.569169
1.575269
1.575269
1.571045
1.571045
1.560625
1.560625
1.569687
1.569687
1.583622
1.583622
1.566581
1.566581
1.569220
1.569220
1.582323
1.582323
1.566730
1.566730
1.576800
1.576800
1.571698
1.571698
1.563719
1.563719
1.571324
1.571324
1.574569
1.574569
1.564895
1.564895
1.567259
1.567259
1.574224
1.574224
1.570958
1.570958
1.572965
1.572965
1.573473
1.573473
1.574198
1.574198
1.574184
1.574184
1.568816
1.568816
1.573195
1.573195
1.560826
1.560826
1.563578
1.563578
1.562352
1.562352
1.573861
1.573861
1.571926
1.571926
1.572833
1.572833
1.567893
1.567893
1.586341
1.586341
1.564539
1.564539
1.570691
1.570691
1.578276
1.578276
1.561213
1.561213
1.574208
1.574208
1.585719
1.585719
1.552782
1.552782
1.576789
1.576789
1.573179
1.573179
1.574022
1.574022
1.575158
1.575158
1.555864
1.555864
1.581620
1.581620
1.580965
1.580965
1.564591
1.564591
1.558334
1.558334
1.566265
1.566265
1.556501
1.556501
1.565112
1.565112
1.573463
1.573463
1.573706
1.573706
1.575310
1.575310
1.566087
1.566087
1.536022
1.536022
1.566325
1.566325
1.584372
1.584372
1.562284
1.562284
1.572160
1.572160
1.564783
1.564783
1.573263
1.573263
1.567034
1.567034
1.557967
1.557967
1.586588
1.586588
1.567079
1.567079
1.573532
1.573532
1.549841
1.549841
1.563290
1.563290
1.562659
1.562659
1.581123
1.581123
1.571955
1.571955
1.572020
1.572020
1.560692
1.560692
1.584944
1.584944
1.585908
1.585908
1.559800
1.559800
1.551601
1.551601
1.567873
1.567873
1.569062
1.569062
1.566852
1.566852
1.569685
1.569685
1.573409
1.573409
1.572775
1.572775
1.569528
1.569528
1.548026
1.548026
1.565364
1.565364
1.562196
1.562196
1.581172
1.581172
1.569467
1.569467
1.573626
1.573626
1.552783
1.552783
1.569136
1.569136
1.569033
1.569033
1.562318
1.562318
1.567529
1.567529
1.578069
1.578069
1.609655
1.609655
1.573179
1.573179
1.564590
1.564590
1.570944
1.570944
1.572207
1.572207
1.569596
1.569596
1.564313
1.564313
1.582430
1.582430
1.578091
1.578091
1.573751
1.573751
1.563225
1.563225
1.556701
1.556701
1.525861
1.525861
1.566743
1.566743
1.565751
1.565751
1.564330
1.564330
1.577715
1.577715
1.578530
1.578530
1.536917
1.536917
1.575077
1.575077
1.561298
1.561298
1.568364
1.568364
1.572845
1.572845
1.571147
1.571147
1.579843
1.579843
1.573857
1.573857
1.566536
1.566536
1.571248
1.571248
1.574761
1.574761
1.566893
1.566893
1.533840
1.533840
1.572409
1.572409
1.574720
1.574720
1.571783
1.571783
1.562311
1.562311
1.569209
1.569209
1.563390
1.563390
1.570373
1.570373
1.567490
1.567490
1.565146
1.565146
1.577506
1.577506
1.569831
1.569831
1.565363
1.565363
1.570932
1.570932
1.564865
1.564865
1.574826
1.574826
1.562846
1.562846
1.575425
1.575425
1.579863
1.579863
1.565747
1.565747
1.569660
1.569660
1.567764
1.567764
1.572665
1.572665
1.572876
1.572876
1.580295
1.580295
1.578865
1.578865
1.565812
1.565812
1.568873
1.568873
1.565053
1.565053
1.573979
1.573979
1.539632
1.539632
1.566999
1.566999
1.566396
1.566396
1.567091
1.567091
1.578562
1.578562
1.571924
1.571924
1.553512
1.553512
1.558174
1.558174
1.583581
1.583581
1.574061
1.574061
1.558928
1.558928
1.571741
1.571741
1.596327
1.596327
1.566890
1.566890
1.562459
1.562459
1.574113
1.574113
1.575954
1.575954
1.569167
1.569167
1.573635
1.573635
1.573567
1.573567
1.568710
1.568710
1.568547
1.568547
1.567569
1.567569
1.570296
1.570296
1.569712
1.569712
1.571906
1.571906
1.565195
1.565195
1.584271
1.584271
1.567458
1.567458
1.561496
1.561496
1.550215
1.550215
1.577962
1.577962
1.575587
1.575587
1.566461
1.566461
1.569866
1.569866
1.562631
1.562631
1.525084
1.525084
1.560233
1.560233
1.564987
1.564987
1.568570
1.568570
1.579383
1.579383
1.571287
1.571287
1.602870
1.602870
1.560540
1.560540
1.572607
1.572607
1.567671
1.567671
1.572309
1.572309
1.573242
1.573242
1.583027
1.583027
1.565095
1.565095
1.581070
1.581070
1.565757
1.565757
1.578849
1.578849
1.558091
1.558091
1.558307
1.558307
1.577555
1.577555
1.560551
1.560551
1.567197
1.567197
1.566290
1.566290
1.573082
1.573082
1.598794
1.598794
1.578525
1.578525
1.560430
1.560430
1.562891
1.562891
1.578169
1.578169
1.568299
1.568299
1.561057
1.561057
1.566791
1.566791
1.570197
1.570197
1.567858
1.567858
1.574154
1.574154
1.569422
1.569422
1.558925
1.558925
1.571459
1.571459
1.568768
1.568768
1.564631
1.564631
1.578858
1.578858
1.562054
1.562054
1.584032
1.584032
1.574198
1.574198
1.558639
1.558639
1.560441
1.560441
1.583335
1.583335
1.572293
1.572293
1.552197
1.552197
1.557419
1.557419
1.573496
1.573496
1.570693
1.570693
1.577917
1.577917
1.569199
1.569199
1.553034
1.553034
1.567338
1.567338
1.572522
1.572522
1.564679
1.564679
1.566858
1.566858
1.568151
1.568151
1.644068
1.644068
1.571472
1.571472
1.568489
1.568489
1.564107
1.564107
1.567012
1.567012
1.577327
1.577327
1.554377
1.554377
1.572517
1.572517
1.570181
1.570181
1.576663
1.576663
1.555226
1.555226
1.571948
1.571948
1.573215
1.573215
1.571748
1.571748
1.561545
1.561545
1.568290
1.568290
1.575988
1.575988
1.567464
1.567464
1.588409
1.588409
1.574681
1.574681
1.566368
1.566368
1.570836
1.570836
1.562620
1.562620
1.572560
1.572560
1.567147
1.567147
1.558160
1.558160
1.572329
1.572329
1.565861
1.565861
1.574820
1.574820
1.570729
1.570729
1.617881
1.617881
1.555471
1.555471
1.576630
1.576630
1.572707
1.572707
1.572099
1.572099
1.570731
1.570731
1.559175
1.559175
1.581474
1.581474
1.557956
1.557956
1.564481
1.564481
1.567163
1.567163
1.570966
1.570966
1.613800
1.613800
1.562741
1.562741
1.572741
1.572741
1.563352
1.563352
1.579614
1.579614
1.567582
1.567582
1.573392
1.573392
1.571574
1.571574
1.578135
1.578135
1.559122
1.559122
1.570016
1.570016
1.566954
1.566954
1.574601
1.574601
1.562011
1.562011
1.559565
1.559565
1.575382
1.575382
1.569240
1.569240
1.580600
1.580600
1.561083
1.561083
1.571582
1.571582
1.579707
1.579707
1.572722
1.572722
1.566012
1.566012
1.557804
1.557804
1.547729
1.547729
1.563470
1.563470
1.573779
1.573779
1.561723
1.561723
1.576787
1.576787
1.567700
1.567700
1.589995
1.589995
1.562618
1.562618
1.568716
1.568716
1.568139
1.568139
1.573463
1.573463
1.575124
1.575124
1.543500
1.543500
1.560944
1.560944
1.573178
1.573178
1.572277
1.572277
1.562378
1.562378
1.575187
1.575187
1.583900
1.583900
1.568411
1.568411
1.579463
1.579463
1.568365
1.568365
1.557466
1.557466
1.568155
1.568155
1.602854
1.602854
1.557174
1.557174
1.571104
1.571104
1.568125
1.568125
1.577172
1.577172
1.572500
1.572500
1.558691
1.558691
1.573088
1.573088
1.555124
1.555124
1.571965
1.571965
1.569213
1.569213
1.575508
1.575508
1.568585
1.568585
1.578866
1.578866
1.568304
1.568304
1.568532
1.568532
1.565527
1.565527
1.562115
1.562115
1.581930
1.581930
1.576586
1.576586
1.570428
1.570428
1.572461
1.572461
1.563053
1.563053
1.559089
1.559089
1.598189
1.598189
1.576593
1.576593
1.580837
1.580837
1.564160
1.564160
1.556203
1.556203
1.565611
1.565611
1.579915
1.579915
1.573184
1.573184
1.561436
1.561436
1.555920
1.555920
1.582726
1.582726
1.570923
1.570923
1.570600
1.570600
1.572734
1.572734
1.577232
1.577232
1.571839
1.571839
1.568039
1.568039
1.555594
1.555594
1.556393
1.556393
1.563941
1.563941
1.562553
1.562553
1.576627
1.576627
1.571085
1.571085
1.572951
1.572951
1.539397
1.539397
1.564426
1.564426
1.560122
1.560122
1.570264
1.570264
1.572619
1.572619
1.578208
1.578208
1.555166
1.555166
1.577746
1.577746
1.563483
1.563483
1.563744
1.563744
1.574323
1.574323
1.563809
1.563809
1.581176
1.581176
1.563317
1.563317
1.560879
1.560879
1.576331
1.576331
1.572178
1.572178
1.570662
1.570662
1.579412
1.579412
1.560889
1.560889
1.571329
1.571329
1.568450
1.568450
1.574349
1.574349
1.569565
1.569565
1.568544
1.568544
1.576809
1.576809
1.566985
1.566985
1.562333
1.562333
1.574744
1.574744
1.564593
1.564593
1.560713
1.560713
1.569829
1.569829
1.572896
1.572896
1.571922
1.571922
1.579028
1.579028
1.551077
1.551077
1.567024
1.567024
1.564371
1.564371
1.563183
1.563183
1.567856
1.567856
1.570430
1.570430
1.578581
1.578581
1.568067
1.568067
1.550858
1.550858
1.581341
1.581341
1.572691
1.572691
1.572681
1.572681
1.565490
1.565490
1.580317
1.580317
1.568392
1.568392
1.569824
1.569824
1.569179
1.569179
1.567876
1.567876
1.570492
1.570492
1.552190
1.552190
1.566364
1.566364
1.568996
1.568996
1.558218
1.558218
1.584828
1.584828
1.564242
1.564242
1.582062
1.582062
1.568653
1.568653
1.564234
1.564234
1.564202
1.564202
1.571215
1.571215
1.577515
1.577515
1.549560
1.549560
1.573276
1.573276
1.560052
1.560052
1.573457
1.573457
1.576545
1.576545
1.562182
1.562182
1.552631
1.552631
1.570898
1.570898
1.567769
1.567769
1.565364
1.565364
1.570866
1.570866
1.567550
1.567550
1.583040
1.583040
1.567320
1.567320
1.575742
1.575742
1.566403
1.566403
1.567912
1.567912
1.572444
1.572444
1.506958
1.506958
1.568779
1.568779
1.566158
1.566158
1.563483
1.563483
1.569031
1.569031
1.577317
1.577317
1.554921
1.554921
1.576865
1.576865
1.569582
1.569582
1.568290
1.568290
1.562962
1.562962
1.562757
1.562757
1.595441
1.595441
1.580536
1.580536
1.567971
1.567971
1.573805
1.573805
1.558578
1.558578
1.560729
1.560729
1.581599
1.581599
1.569443
1.569443
1.571400
1.571400
1.564364
1.564364
1.568560
1.568560
1.569845
1.569845
1.559133
1.559133
1.569620
1.569620
1.563181
1.563181
1.570282
1.570282
1.569106
1.569106
1.571456
1.571456
1.556537
1.556537
1.577662
1.577662
1.566262
1.566262
1.565283
1.565283
1.558081
1.558081
1.571534
1.571534
1.603549
1.603549
1.570668
1.570668
1.574722
1.574722
1.564018
1.564018
1.564634
1.564634
1.571401
1.571401
1.536011
1.536011
1.574840
1.574840
1.567032
1.567032
1.567319
1.567319
1.569719
1.569719
1.565642
1.565642
1.544023
1.544023
1.576082
1.576082
1.575008
1.575008
1.560211
1.560211
1.564698
1.564698
1.564750
1.564750
1.583529
1.583529
1.577559
1.577559
1.561144
1.561144
1.561005
1.561005
1.579329
1.579329
1.565034
1.565034
1.550845
1.550845
1.571110
1.571110
1.580127
1.580127
1.566160
1.566160
1.572360
1.572360
1.556113
1.556113
1.532060
1.532060
1.570860
1.570860
1.552387
1.552387
1.579282
1.579282
1.561496
1.561496
1.573182
1.573182
1.618193
1.618193
1.567086
1.567086
1.565323
1.565323
1.579539
1.579539
1.558682
1.558682
1.572279
1.572279
1.559657
1.559657
1.566056
1.566056
1.570837
1.570837
1.569360
1.569360
1.557922
1.557922
1.576692
1.576692
1.578896
1.578896
1.566804
1.566804
1.578289
1.578289
1.560941
1.560941
1.566872
1.566872
1.568038
1.568038
1.577874
1.577874
1.569826
1.569826
1.566078
1.566078
1.566760
1.566760
1.566468
1.566468
1.573102
1.573102
1.563645
1.563645
1.572870
1.572870
1.571585
1.571585
1.560985
1.560985
1.575360
1.575360
1.562074
1.562074
1.556475
1.556475
1.575930
1.575930
1.564458
1.564458
1.581731
1.581731
1.562716
1.562716
1.559365
1.559365
1.541008
1.541008
1.569526
1.569526
1.574225
1.574225
1.566908
1.566908
1.579758
1.579758
1.554246
1.554246
1.533979
1.533979
1.573687
1.573687
1.572027
1.572027
1.577190
1.577190
1.549247
1.549247
1.569185
1.569185
1.565878
1.565878
1.559813
1.559813
1.576426
1.576426
1.558332
1.558332
1.568660
1.568660
1.579442
1.579442
1.550795
1.550795
1.563249
1.563249
1.576514
1.576514
1.569802
1.569802
1.559847
1.559847
1.570436
1.570436
1.578219
1.578219
1.578052
1.578052
1.574836
1.574836
1.564328
1.564328
1.559235
1.559235
1.566208
1.566208
1.549807
1.549807
1.561797
1.561797
1.567795
1.567795
1.560932
1.560932
1.567666
1.567666
1.578488
1.578488
1.608935
1.608935
1.576056
1.576056
1.567359
1.567359
1.567028
1.567028
1.574132
1.574132
1.558597
1.558597
1.543228
1.543228
1.560320
1.560320
1.573883
1.573883
1.568512
1.568512
1.582317
1.582317
1.556484
1.556484
1.559745
1.559745
1.565904
1.565904
1.567459
1.567459
