0.5542
0.5212
0.7138
0.8427
0.9739
1.2090
0.9752
0.9789
0.9445
0.9214
1.3253
0.8799
0.9158
0.9061
1.0373
0.9411
0.9023
1.1013
0.8615
0.9049
1.1223
0.9842
0.8767
1.1884
1.0499
0.9328
1.2859
1.0897
1.1554
1.3619
1.0896
1.1199
1.2846
1.0559
2.4600
1.2028
1.0235
0.8428
1.0954
1.0105
1.0944
1.0206
1.2686
1.6449
1.6287
1.3509
1.2084
1.4531
1.4133
1.1118
1.3573
1.4301
1.4158
1.6199
1.0859
1.2111
1.4437
1.1990
1.5639
1.3850
1.3821
1.3552
1.6016
1.4290
1.3937
1.6891
1.5578
1.5828
1.3534
1.5239
1.5949
1.4376
1.3283
1.6218
1.7568
1.2669
1.2179
1.7694
1.4832
1.4490
3.5298
1.0973
1.3615
1.5775
1.6177
1.7989
1.5691
1.5922
1.6183
1.7746
1.5328
1.4608
1.8836
1.6907
1.9028
1.9081
1.7969
1.6993
1.6392
1.7907
