0.7429
1.0902
0.9531
0.9709
0.8631
0.8391
0.6294
0.7705
0.7622
0.8137
0.7466
0.9085
0.8114
0.7118
0.7126
0.6402
0.6228
0.8533
0.7596
0.5866
0.7510
0.7948
0.6561
0.6589
0.7885
0.7589
0.6779
0.6883
0.7204
0.7526
0.6280
0.8975
0.7151
0.7450
0.7201
0.7006
0.7248
0.6975
0.6210
0.6173
0.5898
0.8674
0.6342
0.7454
0.6111
0.6475
0.6399
0.7299
0.7242
0.6733
0.7656
0.6383
0.6660
0.6406
0.5789
0.8502
0.7199
0.9342
0.8067
0.6217
0.8442
0.7023
0.7388
0.6436
0.5648
0.6605
0.6611
0.7650
0.6405
0.7194
0.5696
0.6751
0.7101
0.6741
0.7597
