2.6732
3.6446
4.1663
3.4179
3.9711
2.9848
3.1028
2.6751
2.2216
2.1872
1.9311
1.0299
1.6484
1.2440
1.3755
1.3738
1.5910
1.2717
1.1235
0.9151
0.8769
0.8322
1.0017
0.9225
1.0403
0.7426
0.8335
0.8476
1.3632
1.1460
1.0629
1.1969
0.7937
1.3272
0.9648
1.1115
1.2803
0.9498
0.9091
0.6718
0.9234
0.8214
0.8278
1.1775
0.8949
0.8567
0.9670
1.0399
1.1755
0.9657
1.0990
0.7945
0.8155
0.8749
1.4773
0.6254
0.8509
0.6561
0.9723
1.2933
0.8659
0.8319
0.6749
0.8409
0.7120
0.8142
0.6144
0.6663
1.1366
0.7062
0.8447
0.5118
1.1047
0.6174
0.7021
