2.6732
3.8417
3.0080
2.7443
2.1455
1.4337
1.0822
1.2419
1.2928
0.9069
0.7967
0.8918
0.9436
0.9417
0.9785
1.3592
1.2185
1.3352
1.3089
1.2875
1.3096
1.2717
0.9459
0.9883
0.9453
1.2678
1.1468
1.1932
1.8348
1.2979
1.3236
1.1615
0.7499
1.1068
1.1918
1.0918
1.3236
1.5095
1.4661
0.9145
1.2326
1.5040
0.8624
1.3731
0.9880
1.7020
1.2155
1.6791
1.6044
0.9153
1.2142
1.4211
1.1204
0.9046
1.0758
1.4739
1.5861
1.1471
1.6610
0.9949
0.9193
1.6052
0.9898
1.2804
1.2570
1.1535
0.8541
1.1653
0.9588
1.2442
1.4262
1.0632
0.8759
0.9563
0.8259
