2.306464
2.306464
2.304335
2.304335
2.302646
2.302646
2.300856
2.300856
2.302481
2.302481
2.301065
2.301065
2.305041
2.305041
2.302438
2.302438
2.298582
2.298582
2.299622
2.299622
2.298164
2.298164
2.298167
2.298167
2.299743
2.299743
2.297359
2.297359
2.296874
2.296874
2.296467
2.296467
2.293298
2.293298
2.294019
2.294019
2.292248
2.292248
2.292657
2.292657
2.291116
2.291116
2.292485
2.292485
2.288376
2.288376
2.288215
2.288215
2.281382
2.281382
2.284728
2.284728
2.284244
2.284244
2.281223
2.281223
2.281078
2.281078
2.282296
2.282296
2.277888
2.277888
2.277341
2.277341
2.279866
2.279866
2.273290
2.273290
2.271371
2.271371
2.272636
2.272636
2.271707
2.271707
2.265435
2.265435
2.268300
2.268300
2.264392
2.264392
2.263441
2.263441
2.260716
2.260716
2.257385
2.257385
2.261097
2.261097
2.258575
2.258575
2.251851
2.251851
2.252214
2.252214
2.251941
2.251941
2.250482
2.250482
2.247278
2.247278
2.245039
2.245039
2.245620
2.245620
2.238110
2.238110
2.238329
2.238329
2.233610
2.233610
2.228305
2.228305
2.231083
2.231083
2.226541
2.226541
2.231978
2.231978
2.227152
2.227152
2.224048
2.224048
2.223153
2.223153
2.216627
2.216627
2.210250
2.210250
2.208797
2.208797
2.202358
2.202358
2.207466
2.207466
2.205925
2.205925
2.207976
2.207976
2.199899
2.199899
2.197598
2.197598
2.191092
2.191092
2.193408
2.193408
2.190279
2.190279
2.192953
2.192953
2.177848
2.177848
2.189253
2.189253
2.185217
2.185217
2.179376
2.179376
2.175605
2.175605
2.174304
2.174304
2.180629
2.180629
2.168288
2.168288
2.160783
2.160783
2.170645
2.170645
2.167507
2.167507
2.158465
2.158465
2.157844
2.157844
2.157381
2.157381
2.162213
2.162213
2.147996
2.147996
2.152341
2.152341
2.151792
2.151792
2.149285
2.149285
2.151416
2.151416
2.130997
2.130997
2.151318
2.151318
2.150712
2.150712
2.123854
2.123854
2.146814
2.146814
2.142038
2.142038
2.122026
2.122026
2.127034
2.127034
2.127333
2.127333
2.135632
2.135632
2.119222
2.119222
2.127495
2.127495
2.122949
2.122949
2.117480
2.117480
2.115746
2.115746
2.098220
2.098220
2.121026
2.121026
2.115266
2.115266
2.106351
2.106351
2.114691
2.114691
2.102308
2.102308
2.099884
2.099884
2.099467
2.099467
2.099665
2.099665
2.104816
2.104816
2.106655
2.106655
2.093288
2.093288
2.087486
2.087486
2.086901
2.086901
2.078568
2.078568
2.087020
2.087020
2.089643
2.089643
2.080807
2.080807
2.070354
2.070354
2.077004
2.077004
2.050992
2.050992
2.076922
2.076922
2.067996
2.067996
2.080041
2.080041
2.080995
2.080995
2.078706
2.078706
2.051602
2.051602
2.048028
2.048028
2.064304
2.064304
2.060484
2.060484
2.062662
2.062662
2.047205
2.047205
2.048833
2.048833
2.047570
2.047570
2.043833
2.043833
2.054266
2.054266
2.046423
2.046423
2.040014
2.040014
2.022206
2.022206
2.034548
2.034548
2.043304
2.043304
2.022188
2.022188
2.036232
2.036232
2.017637
2.017637
2.025651
2.025651
2.017787
2.017787
2.023067
2.023067
2.011317
2.011317
2.020956
2.020956
2.019848
2.019848
2.013892
2.013892
2.009992
2.009992
2.013932
2.013932
2.003111
2.003111
1.996761
1.996761
2.006509
2.006509
2.001490
2.001490
1.996503
1.996503
1.994436
1.994436
1.986898
1.986898
2.009085
2.009085
1.974631
1.974631
1.997689
1.997689
1.982260
1.982260
1.970465
1.970465
1.986672
1.986672
1.969395
1.969395
1.988994
1.988994
1.955975
1.955975
1.990198
1.990198
1.957983
1.957983
1.970840
1.970840
1.974816
1.974816
1.963133
1.963133
1.976617
1.976617
1.969151
1.969151
1.952497
1.952497
1.966205
1.966205
1.958398
1.958398
1.948589
1.948589
1.961975
1.961975
1.939950
1.939950
1.974254
1.974254
1.936643
1.936643
1.938951
1.938951
1.946298
1.946298
1.954299
1.954299
1.926220
1.926220
1.940989
1.940989
1.946545
1.946545
1.931354
1.931354
1.927146
1.927146
1.940736
1.940736
1.946968
1.946968
1.926106
1.926106
1.927025
1.927025
1.935663
1.935663
1.922460
1.922460
1.912714
1.912714
1.940779
1.940779
1.927957
1.927957
1.921411
1.921411
1.915620
1.915620
1.915169
1.915169
1.916945
1.916945
1.912762
1.912762
1.906466
1.906466
1.924699
1.924699
1.911048
1.911048
1.902905
1.902905
1.927248
1.927248
1.893664
1.893664
1.904310
1.904310
1.903232
1.903232
1.891047
1.891047
1.896269
1.896269
1.899690
1.899690
1.900621
1.900621
1.890151
1.890151
1.898263
1.898263
1.896155
1.896155
1.883623
1.883623
1.892741
1.892741
1.894001
1.894001
1.879099
1.879099
1.882695
1.882695
1.883843
1.883843
1.877204
1.877204
1.894073
1.894073
1.872958
1.872958
1.878611
1.878611
1.874197
1.874197
1.885315
1.885315
1.876514
1.876514
1.861621
1.861621
1.878011
1.878011
1.866716
1.866716
1.887030
1.887030
1.873186
1.873186
1.835900
1.835900
1.866553
1.866553
1.869530
1.869530
1.857237
1.857237
1.859431
1.859431
1.866814
1.866814
1.856905
1.856905
1.867139
1.867139
1.863967
1.863967
1.847888
1.847888
1.855658
1.855658
1.859874
1.859874
1.835136
1.835136
1.859176
1.859176
1.853230
1.853230
1.861108
1.861108
1.856201
1.856201
1.852564
1.852564
1.863210
1.863210
1.842101
1.842101
1.824728
1.824728
1.847204
1.847204
1.848854
1.848854
1.846263
1.846263
1.822864
1.822864
1.859553
1.859553
1.835194
1.835194
1.852080
1.852080
1.843776
1.843776
1.838083
1.838083
1.829574
1.829574
1.836289
1.836289
1.839463
1.839463
1.836788
1.836788
1.823644
1.823644
1.846769
1.846769
1.830309
1.830309
1.834963
1.834963
1.836890
1.836890
1.833489
1.833489
1.824672
1.824672
1.835617
1.835617
1.819717
1.819717
1.831319
1.831319
1.839407
1.839407
1.815070
1.815070
1.814362
1.814362
1.828749
1.828749
1.820642
1.820642
1.837065
1.837065
1.825848
1.825848
1.816254
1.816254
1.835158
1.835158
1.819641
1.819641
1.815082
1.815082
1.824279
1.824279
1.813238
1.813238
1.820370
1.820370
1.819671
1.819671
1.823767
1.823767
1.816745
1.816745
1.829604
1.829604
1.815761
1.815761
1.799358
1.799358
1.826334
1.826334
1.805898
1.805898
1.818074
1.818074
1.818108
1.818108
1.796618
1.796618
1.807230
1.807230
1.827053
1.827053
1.810385
1.810385
1.810847
1.810847
1.809358
1.809358
1.798504
1.798504
1.823850
1.823850
1.809476
1.809476
1.815019
1.815019
1.819270
1.819270
1.800322
1.800322
1.788681
1.788681
1.804593
1.804593
1.792758
1.792758
1.814169
1.814169
1.800494
1.800494
1.813100
1.813100
1.796539
1.796539
1.809750
1.809750
1.781355
1.781355
1.819248
1.819248
1.804260
1.804260
1.802182
1.802182
1.808278
1.808278
1.795396
1.795396
1.802523
1.802523
1.787607
1.787607
1.814814
1.814814
1.805556
1.805556
1.788860
1.788860
1.786084
1.786084
1.789564
1.789564
1.799567
1.799567
1.797847
1.797847
1.794268
1.794268
1.791715
1.791715
1.790635
1.790635
1.799361
1.799361
1.793811
1.793811
1.778610
1.778610
1.808796
1.808796
1.780731
1.780731
1.806614
1.806614
1.771253
1.771253
1.805075
1.805075
1.787695
1.787695
1.780022
1.780022
1.798175
1.798175
1.789155
1.789155
1.781074
1.781074
1.787858
1.787858
1.785134
1.785134
1.794418
1.794418
1.779048
1.779048
1.788532
1.788532
1.788429
1.788429
1.779821
1.779821
1.777561
1.777561
1.779142
1.779142
1.781588
1.781588
1.793267
1.793267
1.791187
1.791187
1.788236
1.788236
1.789440
1.789440
1.768811
1.768811
1.782002
1.782002
1.783017
1.783017
1.786770
1.786770
1.771945
1.771945
1.781940
1.781940
1.780854
1.780854
1.779790
1.779790
1.784272
1.784272
1.777766
1.777766
1.767427
1.767427
1.781775
1.781775
1.781031
1.781031
1.767946
1.767946
1.767675
1.767675
1.785545
1.785545
1.777223
1.777223
1.785675
1.785675
1.760681
1.760681
1.786860
1.786860
1.782759
1.782759
1.765123
1.765123
1.778000
1.778000
1.774816
1.774816
1.786270
1.786270
1.780153
1.780153
1.762456
1.762456
1.756593
1.756593
1.766326
1.766326
1.765650
1.765650
1.772287
1.772287
1.784757
1.784757
1.763930
1.763930
1.771069
1.771069
1.766519
1.766519
1.763883
1.763883
1.764977
1.764977
1.781374
1.781374
1.760398
1.760398
1.756706
1.756706
1.768725
1.768725
1.775659
1.775659
1.776887
1.776887
1.764935
1.764935
1.768226
1.768226
1.763207
1.763207
1.763975
1.763975
1.767623
1.767623
1.766160
1.766160
1.770902
1.770902
1.751492
1.751492
1.760424
1.760424
1.771034
1.771034
1.780710
1.780710
1.761104
1.761104
1.762077
1.762077
1.752481
1.752481
1.751371
1.751371
1.751539
1.751539
1.763807
1.763807
1.755946
1.755946
1.773341
1.773341
1.755512
1.755512
1.755067
1.755067
1.757217
1.757217
1.777737
1.777737
1.755489
1.755489
1.744050
1.744050
1.745720
1.745720
1.742932
1.742932
1.769109
1.769109
1.769272
1.769272
1.756997
1.756997
1.746755
1.746755
1.750060
1.750060
1.761367
1.761367
1.756700
1.756700
1.762065
1.762065
1.760406
1.760406
1.758062
1.758062
1.756033
1.756033
1.742918
1.742918
1.748991
1.748991
1.745562
1.745562
1.750704
1.750704
1.751288
1.751288
1.757915
1.757915
1.754021
1.754021
1.753990
1.753990
1.754298
1.754298
1.738915
1.738915
1.764886
1.764886
1.736143
1.736143
1.761921
1.761921
1.749287
1.749287
1.739649
1.739649
1.743990
1.743990
1.748172
1.748172
1.749609
1.749609
1.756161
1.756161
1.742147
1.742147
1.746093
1.746093
1.739682
1.739682
1.737427
1.737427
1.745556
1.745556
1.764827
1.764827
1.745176
1.745176
1.731725
1.731725
1.741304
1.741304
1.745711
1.745711
1.754274
1.754274
1.737599
1.737599
1.740501
1.740501
1.750280
1.750280
1.758625
1.758625
1.740264
1.740264
1.732838
1.732838
1.727695
1.727695
1.736503
1.736503
1.739215
1.739215
1.744675
1.744675
1.738999
1.738999
1.747254
1.747254
1.742429
1.742429
1.738033
1.738033
1.745817
1.745817
1.751180
1.751180
1.716240
1.716240
1.739476
1.739476
1.746190
1.746190
1.730588
1.730588
1.738252
1.738252
1.736673
1.736673
1.749939
1.749939
1.738273
1.738273
1.731043
1.731043
1.732693
1.732693
1.731643
1.731643
1.734787
1.734787
1.732934
1.732934
1.732047
1.732047
1.746161
1.746161
1.731044
1.731044
1.727226
1.727226
1.733813
1.733813
1.736355
1.736355
1.743785
1.743785
1.729168
1.729168
1.746307
1.746307
1.720239
1.720239
1.730995
1.730995
1.726385
1.726385
1.742933
1.742933
1.730946
1.730946
1.738774
1.738774
1.732415
1.732415
1.726170
1.726170
1.730043
1.730043
1.728208
1.728208
1.726575
1.726575
1.726401
1.726401
1.737303
1.737303
1.734665
1.734665
1.724028
1.724028
1.727899
1.727899
1.733709
1.733709
1.726435
1.726435
1.735399
1.735399
1.715337
1.715337
1.727314
1.727314
1.737019
1.737019
1.723794
1.723794
1.738855
1.738855
1.736540
1.736540
1.720140
1.720140
1.728229
1.728229
1.721555
1.721555
1.728261
1.728261
1.720443
1.720443
1.706330
1.706330
1.732321
1.732321
1.725557
1.725557
1.748459
1.748459
1.730177
1.730177
1.720690
1.720690
1.723862
1.723862
1.728510
1.728510
1.718363
1.718363
1.734655
1.734655
1.713772
1.713772
1.726102
1.726102
1.726908
1.726908
1.713840
1.713840
1.729216
1.729216
1.729004
1.729004
1.721175
1.721175
1.721087
1.721087
1.708322
1.708322
1.729693
1.729693
1.728664
1.728664
1.727358
1.727358
1.706044
1.706044
1.712815
1.712815
1.728395
1.728395
1.719298
1.719298
1.722638
1.722638
1.720588
1.720588
1.707423
1.707423
1.729951
1.729951
1.726019
1.726019
1.712817
1.712817
1.712178
1.712178
1.713536
1.713536
1.719196
1.719196
1.728138
1.728138
1.712511
1.712511
1.714072
1.714072
1.716195
1.716195
1.719483
1.719483
1.707889
1.707889
1.707646
1.707646
1.734549
1.734549
1.715494
1.715494
1.726181
1.726181
1.714756
1.714756
1.713859
1.713859
1.716809
1.716809
1.706927
1.706927
1.714281
1.714281
1.715155
1.715155
1.709014
1.709014
1.717541
1.717541
1.720459
1.720459
1.723616
1.723616
1.700892
1.700892
1.698073
1.698073
1.711698
1.711698
1.741773
1.741773
1.707345
1.707345
1.706078
1.706078
1.719410
1.719410
1.714383
1.714383
1.719935
1.719935
1.700488
1.700488
1.715411
1.715411
1.714270
1.714270
1.725415
1.725415
1.703851
1.703851
1.709661
1.709661
1.727011
1.727011
1.698972
1.698972
1.709973
1.709973
1.710717
1.710717
1.697571
1.697571
1.704742
1.704742
1.715476
1.715476
1.722326
1.722326
1.712048
1.712048
1.700278
1.700278
1.717510
1.717510
1.702484
1.702484
1.710862
1.710862
1.717956
1.717956
1.715693
1.715693
1.702387
1.702387
1.712231
1.712231
1.712113
1.712113
1.698487
1.698487
1.714364
1.714364
1.699904
1.699904
1.713618
1.713618
1.691604
1.691604
1.721900
1.721900
1.709366
1.709366
1.708833
1.708833
1.716802
1.716802
1.694803
1.694803
1.703905
1.703905
1.715336
1.715336
1.694243
1.694243
1.697643
1.697643
1.723099
1.723099
1.698142
1.698142
1.695844
1.695844
1.704707
1.704707
1.711160
1.711160
1.710454
1.710454
1.703253
1.703253
1.704570
1.704570
1.710829
1.710829
1.715483
1.715483
1.691473
1.691473
1.698130
1.698130
1.709150
1.709150
1.707723
1.707723
1.694517
1.694517
1.704743
1.704743
1.701067
1.701067
1.696173
1.696173
1.687463
1.687463
1.716917
1.716917
1.711177
1.711177
1.701877
1.701877
1.702171
1.702171
1.692179
1.692179
1.703555
1.703555
1.706139
1.706139
1.706747
1.706747
1.709510
1.709510
1.701663
1.701663
1.693067
1.693067
1.699593
1.699593
1.702348
1.702348
1.693469
1.693469
1.700917
1.700917
1.694004
1.694004
1.705361
1.705361
1.710369
1.710369
1.694358
1.694358
1.703150
1.703150
1.710315
1.710315
1.696842
1.696842
1.692230
1.692230
1.697319
1.697319
1.696016
1.696016
1.703739
1.703739
1.702324
1.702324
1.694347
1.694347
1.700304
1.700304
1.691837
1.691837
1.708164
1.708164
1.687047
1.687047
1.705015
1.705015
1.709793
1.709793
1.683900
1.683900
1.701863
1.701863
1.685620
1.685620
1.708400
1.708400
1.708005
1.708005
1.704521
1.704521
1.681590
1.681590
1.691216
1.691216
1.698968
1.698968
1.699373
1.699373
1.690424
1.690424
1.701734
1.701734
1.709367
1.709367
1.675311
1.675311
1.694381
1.694381
1.708699
1.708699
1.707505
1.707505
1.682504
1.682504
1.680883
1.680883
1.702205
1.702205
1.695008
1.695008
1.696934
1.696934
1.691875
1.691875
1.685642
1.685642
1.685793
1.685793
1.704339
1.704339
1.689519
1.689519
1.688837
1.688837
1.703545
1.703545
1.703294
1.703294
1.703871
1.703871
1.680747
1.680747
1.681168
1.681168
1.698766
1.698766
1.684829
1.684829
1.690025
1.690025
1.691272
1.691272
1.695805
1.695805
1.703782
1.703782
1.689122
1.689122
1.690434
1.690434
1.705422
1.705422
1.694407
1.694407
1.678112
1.678112
1.714767
1.714767
1.680385
1.680385
1.696435
1.696435
1.686747
1.686747
1.675563
1.675563
1.690480
1.690480
1.701570
1.701570
1.681035
1.681035
1.697274
1.697274
1.681756
1.681756
1.679022
1.679022
1.691764
1.691764
1.685038
1.685038
1.702682
1.702682
1.692814
1.692814
1.691270
1.691270
1.687783
1.687783
1.682523
1.682523
1.701179
1.701179
1.683888
1.683888
1.687654
1.687654
1.688671
1.688671
1.690353
1.690353
1.691661
1.691661
1.685742
1.685742
1.698262
1.698262
1.702458
1.702458
1.678376
1.678376
1.664781
1.664781
1.700228
1.700228
1.699532
1.699532
1.698246
1.698246
1.671484
1.671484
1.685826
1.685826
1.682669
1.682669
1.681892
1.681892
1.684553
1.684553
1.702844
1.702844
1.679010
1.679010
1.687592
1.687592
1.699567
1.699567
1.678736
1.678736
1.678826
1.678826
1.694345
1.694345
1.680228
1.680228
1.697666
1.697666
1.683077
1.683077
1.679712
1.679712
1.683548
1.683548
1.686149
1.686149
1.675770
1.675770
1.689076
1.689076
1.691144
1.691144
1.686003
1.686003
1.685274
1.685274
1.693155
1.693155
1.679157
1.679157
1.675777
1.675777
1.695680
1.695680
1.679708
1.679708
1.687258
1.687258
1.688736
1.688736
1.662337
1.662337
1.692657
1.692657
1.692433
1.692433
1.681785
1.681785
1.701517
1.701517
1.674289
1.674289
1.677180
1.677180
1.684425
1.684425
1.690030
1.690030
1.671018
1.671018
1.698085
1.698085
1.671808
1.671808
1.686003
1.686003
1.679764
1.679764
1.692384
1.692384
1.675846
1.675846
1.682947
1.682947
1.682849
1.682849
1.687268
1.687268
1.667738
1.667738
1.681957
1.681957
1.679437
1.679437
1.697881
1.697881
1.678238
1.678238
1.690074
1.690074
1.677534
1.677534
1.689123
1.689123
1.671551
1.671551
1.697518
1.697518
1.680823
1.680823
1.671569
1.671569
1.678923
1.678923
1.676126
1.676126
1.685948
1.685948
1.682672
1.682672
1.676046
1.676046
1.688327
1.688327
1.667933
1.667933
1.672119
1.672119
1.672984
1.672984
1.681524
1.681524
1.693488
1.693488
1.681040
1.681040
1.681651
1.681651
1.673321
1.673321
1.680614
1.680614
1.683808
1.683808
1.679005
1.679005
1.687658
1.687658
1.675095
1.675095
1.690215
1.690215
1.669011
1.669011
1.672812
1.672812
1.674888
1.674888
1.677090
1.677090
1.676136
1.676136
1.679887
1.679887
1.687374
1.687374
1.686257
1.686257
1.669383
1.669383
1.676909
1.676909
1.689348
1.689348
1.667193
1.667193
1.682205
1.682205
1.670103
1.670103
1.675545
1.675545
1.685965
1.685965
1.674438
1.674438
1.681682
1.681682
1.660651
1.660651
1.678812
1.678812
1.690167
1.690167
1.674783
1.674783
1.666997
1.666997
1.691554
1.691554
1.663377
1.663377
1.681307
1.681307
1.682114
1.682114
1.664438
1.664438
1.685537
1.685537
1.674974
1.674974
1.681595
1.681595
1.675252
1.675252
1.669064
1.669064
1.684819
1.684819
1.672266
1.672266
1.680986
1.680986
1.671792
1.671792
1.686151
1.686151
1.679323
1.679323
1.674260
1.674260
1.669540
1.669540
1.666442
1.666442
1.667497
1.667497
1.661480
1.661480
1.677127
1.677127
1.696746
1.696746
1.671808
1.671808
1.673611
1.673611
1.671992
1.671992
1.674728
1.674728
1.667368
1.667368
1.688160
1.688160
1.686199
1.686199
1.671286
1.671286
1.668903
1.668903
1.669063
1.669063
1.675867
1.675867
1.672687
1.672687
1.677874
1.677874
1.665295
1.665295
1.667820
1.667820
1.688038
1.688038
1.680043
1.680043
1.664234
1.664234
1.690562
1.690562
1.661155
1.661155
1.670110
1.670110
1.663178
1.663178
1.659643
1.659643
1.683907
1.683907
1.671460
1.671460
1.689846
1.689846
1.677454
1.677454
1.663164
1.663164
1.670418
1.670418
1.688474
1.688474
1.660731
1.660731
1.657844
1.657844
1.679620
1.679620
1.675058
1.675058
1.672181
1.672181
1.676816
1.676816
1.676385
1.676385
1.674861
1.674861
1.659634
1.659634
1.677654
1.677654
1.669555
1.669555
1.685542
1.685542
1.669008
1.669008
1.674183
1.674183
1.662724
1.662724
1.663496
1.663496
1.673565
1.673565
1.666822
1.666822
1.685449
1.685449
1.662290
1.662290
1.665287
1.665287
1.653535
1.653535
1.690257
1.690257
1.671011
1.671011
1.670408
1.670408
1.666559
1.666559
1.669559
1.669559
1.682246
1.682246
1.664973
1.664973
1.664761
1.664761
1.668818
1.668818
1.674991
1.674991
1.662472
1.662472
1.681588
1.681588
1.674820
1.674820
1.651157
1.651157
1.687776
1.687776
1.663742
1.663742
1.664127
1.664127
1.662340
1.662340
1.668697
1.668697
1.678658
1.678658
1.667634
1.667634
1.669662
1.669662
1.663279
1.663279
1.664850
1.664850
1.671455
1.671455
1.668621
1.668621
1.674379
1.674379
1.659483
1.659483
1.669230
1.669230
1.672625
1.672625
1.663775
1.663775
1.683289
1.683289
1.654331
1.654331
1.666924
1.666924
1.673849
1.673849
1.668367
1.668367
1.667153
1.667153
1.665760
1.665760
1.663337
1.663337
1.666805
1.666805
1.671473
1.671473
1.668290
1.668290
1.668736
1.668736
1.660977
1.660977
1.679485
1.679485
1.655313
1.655313
1.666615
1.666615
1.667287
1.667287
1.667095
1.667095
1.659719
1.659719
1.671628
1.671628
1.662465
1.662465
1.670813
1.670813
1.670046
1.670046
1.657305
1.657305
1.663282
1.663282
1.667588
1.667588
1.677860
1.677860
1.666145
1.666145
1.668283
1.668283
1.654918
1.654918
1.665946
1.665946
1.671362
1.671362
1.670980
1.670980
1.675249
1.675249
1.664129
1.664129
1.655003
1.655003
1.658241
1.658241
1.678753
1.678753
1.671964
1.671964
1.667860
1.667860
1.681650
1.681650
1.653554
1.653554
1.648706
1.648706
1.662101
1.662101
1.662543
1.662543
1.661870
1.661870
1.669193
1.669193
1.670823
1.670823
1.668293
1.668293
1.668040
1.668040
1.657680
1.657680
1.673529
1.673529
1.654023
1.654023
1.671233
1.671233
1.652746
1.652746
1.662023
1.662023
1.674987
1.674987
1.660232
1.660232
1.663806
1.663806
1.676516
1.676516
1.661785
1.661785
1.661883
1.661883
1.654487
1.654487
1.668538
1.668538
1.662423
1.662423
1.653823
1.653823
1.664956
1.664956
1.670356
1.670356
1.660131
1.660131
1.654478
1.654478
1.672294
1.672294
1.678797
1.678797
1.648467
1.648467
1.667698
1.667698
1.678811
1.678811
1.660767
1.660767
1.653761
1.653761
1.652380
1.652380
1.667043
1.667043
1.662996
1.662996
1.663588
1.663588
1.665074
1.665074
1.653368
1.653368
1.651791
1.651791
1.673008
1.673008
1.673985
1.673985
1.665621
1.665621
1.644359
1.644359
1.659762
1.659762
1.667490
1.667490
1.662847
1.662847
1.659492
1.659492
1.660981
1.660981
1.662414
1.662414
1.668049
1.668049
1.655936
1.655936
1.661690
1.661690
1.660999
1.660999
1.649707
1.649707
1.661223
1.661223
1.674467
1.674467
1.668977
1.668977
1.651302
1.651302
1.652313
1.652313
1.668039
1.668039
1.657534
1.657534
1.661402
1.661402
1.668349
1.668349
1.661584
1.661584
1.666358
1.666358
1.670286
1.670286
1.648681
1.648681
1.657024
1.657024
1.659002
1.659002
1.662120
1.662120
1.669169
1.669169
1.651633
1.651633
1.661452
1.661452
1.681743
1.681743
1.652176
1.652176
1.658016
1.658016
1.656293
1.656293
1.651805
1.651805
1.659841
1.659841
1.669125
1.669125
1.656212
1.656212
1.662723
1.662723
1.650473
1.650473
1.653411
1.653411
1.667114
1.667114
1.661275
1.661275
1.664060
1.664060
1.651255
1.651255
1.663089
1.663089
1.667130
1.667130
1.655433
1.655433
1.664093
1.664093
1.644696
1.644696
1.660026
1.660026
1.660088
1.660088
1.655932
1.655932
1.661996
1.661996
1.657622
1.657622
1.670765
1.670765
1.654414
1.654414
1.648529
1.648529
1.657452
1.657452
1.664491
1.664491
1.662798
1.662798
1.663541
1.663541
1.652751
1.652751
1.657127
1.657127
1.656479
1.656479
1.643443
1.643443
1.667270
1.667270
1.653645
1.653645
1.658708
1.658708
1.671287
1.671287
1.662560
1.662560
1.647702
1.647702
1.660004
1.660004
1.668368
1.668368
1.650150
1.650150
1.667089
1.667089
1.672436
1.672436
1.650568
1.650568
1.642648
1.642648
1.655873
1.655873
1.654536
1.654536
1.652547
1.652547
1.646688
1.646688
1.668024
1.668024
1.667936
1.667936
1.652051
1.652051
1.662074
1.662074
1.660146
1.660146
1.658165
1.658165
1.653002
1.653002
1.642953
1.642953
1.653465
1.653465
1.665522
1.665522
1.664007
1.664007
1.659527
1.659527
1.656254
1.656254
1.649229
1.649229
1.662847
1.662847
1.658784
1.658784
1.656501
1.656501
1.655733
1.655733
1.667318
1.667318
1.651454
1.651454
1.644546
1.644546
1.664989
1.664989
1.645905
1.645905
1.657964
1.657964
1.664181
1.664181
1.659541
1.659541
1.652740
1.652740
1.660504
1.660504
1.647324
1.647324
1.652464
1.652464
1.664063
1.664063
1.655262
1.655262
1.651771
1.651771
1.657591
1.657591
1.663489
1.663489
1.645316
1.645316
1.661440
1.661440
1.656381
1.656381
1.634852
1.634852
1.651301
1.651301
1.663735
1.663735
1.674798
1.674798
1.644459
1.644459
1.654756
1.654756
1.659217
1.659217
1.659355
1.659355
1.658879
1.658879
1.650534
1.650534
1.642098
1.642098
1.656928
1.656928
1.658619
1.658619
1.669381
1.669381
1.660803
1.660803
1.651345
1.651345
1.645586
1.645586
1.661085
1.661085
1.654579
1.654579
1.655245
1.655245
1.662737
1.662737
1.650220
1.650220
1.648683
1.648683
1.655498
1.655498
1.657125
1.657125
1.641833
1.641833
1.657279
1.657279
1.656714
1.656714
1.658973
1.658973
1.658101
1.658101
1.640288
1.640288
1.669333
1.669333
1.649470
1.649470
1.652193
1.652193
1.646822
1.646822
1.655895
1.655895
1.654495
1.654495
1.655897
1.655897
1.655870
1.655870
1.658632
1.658632
1.644512
1.644512
1.645346
1.645346
1.660260
1.660260
1.659883
1.659883
1.650019
1.650019
1.653447
1.653447
1.655617
1.655617
1.649352
1.649352
1.658837
1.658837
1.665481
1.665481
1.657393
1.657393
1.642838
1.642838
1.655177
1.655177
1.641853
1.641853
1.652611
1.652611
1.644980
1.644980
1.648548
1.648548
1.672293
1.672293
1.643524
1.643524
1.639304
1.639304
1.640586
1.640586
1.663714
1.663714
1.648234
1.648234
1.675348
1.675348
1.643530
1.643530
1.658993
1.658993
1.646507
1.646507
1.659720
1.659720
1.652832
1.652832
1.647951
1.647951
1.660803
1.660803
1.647409
1.647409
1.650425
1.650425
1.654156
1.654156
1.645155
1.645155
1.652602
1.652602
1.661788
1.661788
1.649826
1.649826
1.649324
1.649324
1.651068
1.651068
1.653595
1.653595
1.658892
1.658892
1.641201
1.641201
1.653744
1.653744
1.641965
1.641965
1.656577
1.656577
1.652037
1.652037
1.650534
1.650534
1.656944
1.656944
1.638261
1.638261
1.645518
1.645518
1.662912
1.662912
1.655785
1.655785
1.653885
1.653885
1.644503
1.644503
1.659984
1.659984
1.645102
1.645102
1.648574
1.648574
1.657968
1.657968
1.649331
1.649331
1.647831
1.647831
1.646543
1.646543
1.656753
1.656753
1.653763
1.653763
1.656402
1.656402
1.661014
1.661014
1.640493
1.640493
1.641020
1.641020
1.654390
1.654390
1.651249
1.651249
1.647000
1.647000
1.655266
1.655266
1.637979
1.637979
1.662394
1.662394
1.658474
1.658474
1.656806
1.656806
1.649084
1.649084
1.640897
1.640897
1.643887
1.643887
1.644345
1.644345
1.654457
1.654457
1.643860
1.643860
1.662492
1.662492
1.642740
1.642740
1.659773
1.659773
1.653935
1.653935
1.648413
1.648413
1.641308
1.641308
1.643643
1.643643
1.643661
1.643661
1.642431
1.642431
1.652513
1.652513
1.664174
1.664174
1.643189
1.643189
1.633259
1.633259
1.650746
1.650746
1.654311
1.654311
1.657892
1.657892
1.650143
1.650143
1.660540
1.660540
1.628652
1.628652
1.648641
1.648641
1.655569
1.655569
1.652411
1.652411
1.646773
1.646773
1.645929
1.645929
1.653097
1.653097
1.645002
1.645002
1.654450
1.654450
1.649865
1.649865
1.652577
1.652577
1.649631
1.649631
1.650444
1.650444
1.638562
1.638562
1.641899
1.641899
1.659115
1.659115
1.639194
1.639194
1.664279
1.664279
1.634920
1.634920
1.655149
1.655149
1.648010
1.648010
1.647268
1.647268
1.652234
1.652234
1.636012
1.636012
1.650683
1.650683
1.650545
1.650545
1.630952
1.630952
1.653701
1.653701
1.655769
1.655769
1.648975
1.648975
1.651191
1.651191
1.638543
1.638543
1.659364
1.659364
1.639313
1.639313
1.648157
1.648157
1.650573
1.650573
1.654962
1.654962
1.641476
1.641476
1.641767
1.641767
1.656584
1.656584
1.632098
1.632098
1.642982
1.642982
1.653787
1.653787
1.652707
1.652707
1.655059
1.655059
1.647954
1.647954
1.648116
1.648116
1.649954
1.649954
1.632014
1.632014
1.647617
1.647617
1.660198
1.660198
1.635607
1.635607
1.649450
1.649450
1.641107
1.641107
1.647366
1.647366
1.653690
1.653690
1.637412
1.637412
1.648768
1.648768
1.646997
1.646997
1.642110
1.642110
1.651180
1.651180
1.654862
1.654862
1.643891
1.643891
1.639841
1.639841
1.638759
1.638759
1.651098
1.651098
1.643656
1.643656
1.650543
1.650543
1.648690
1.648690
1.650756
1.650756
1.647318
1.647318
1.640788
1.640788
1.652836
1.652836
1.638022
1.638022
1.645445
1.645445
1.660040
1.660040
1.625479
1.625479
1.652758
1.652758
1.646870
1.646870
1.648396
1.648396
1.635976
1.635976
1.647313
1.647313
1.643592
1.643592
1.656307
1.656307
1.663568
1.663568
1.631387
1.631387
1.641970
1.641970
1.642648
1.642648
1.649833
1.649833
1.640403
1.640403
1.643960
1.643960
1.652626
1.652626
1.639062
1.639062
1.653153
1.653153
1.646430
1.646430
1.643850
1.643850
1.657948
1.657948
1.635228
1.635228
1.642779
1.642779
1.655730
1.655730
1.645939
1.645939
1.639507
1.639507
1.638897
1.638897
1.645905
1.645905
1.645641
1.645641
1.657634
1.657634
1.646108
1.646108
1.638941
1.638941
1.634512
1.634512
1.649348
1.649348
1.652124
1.652124
1.638485
1.638485
1.629699
1.629699
1.656779
1.656779
1.642067
1.642067
1.652498
1.652498
1.641981
1.641981
1.646107
1.646107
1.639482
1.639482
1.633350
1.633350
1.659853
1.659853
1.641231
1.641231
1.640361
1.640361
1.648229
1.648229
1.639426
1.639426
1.642361
1.642361
1.645450
1.645450
1.649390
1.649390
1.644866
1.644866
1.632298
1.632298
1.656377
1.656377
1.632703
1.632703
1.647033
1.647033
1.654083
1.654083
1.645449
1.645449
1.635143
1.635143
1.644503
1.644503
1.651711
1.651711
1.642545
1.642545
1.639979
1.639979
1.636384
1.636384
1.643339
1.643339
1.651108
1.651108
1.648993
1.648993
1.641828
1.641828
1.654248
1.654248
1.643993
1.643993
1.631870
1.631870
1.646561
1.646561
1.638723
1.638723
1.642711
1.642711
1.647803
1.647803
1.650373
1.650373
1.635944
1.635944
1.631266
1.631266
1.631091
1.631091
1.652304
1.652304
1.651343
1.651343
1.651942
1.651942
1.638337
1.638337
1.645819
1.645819
1.646190
1.646190
1.643139
1.643139
1.641587
1.641587
1.639896
1.639896
1.636639
1.636639
1.636110
1.636110
1.646073
1.646073
1.659039
1.659039
1.641417
1.641417
1.641308
1.641308
1.645458
1.645458
1.649887
1.649887
1.633848
1.633848
1.650167
1.650167
1.638666
1.638666
1.639167
1.639167
1.639602
1.639602
1.645938
1.645938
1.646732
1.646732
1.635985
1.635985
1.657675
1.657675
1.641782
1.641782
1.626739
1.626739
1.635288
1.635288
1.641206
1.641206
1.636881
1.636881
1.648361
1.648361
1.651322
1.651322
1.649120
1.649120
1.639817
1.639817
1.636489
1.636489
1.638573
1.638573
1.647505
1.647505
1.637846
1.637846
1.636835
1.636835
1.653262
1.653262
1.634613
1.634613
1.648346
1.648346
1.628469
1.628469
1.659340
1.659340
1.634512
1.634512
1.639959
1.639959
1.647727
1.647727
1.654107
1.654107
1.633526
1.633526
1.651955
1.651955
1.630590
1.630590
1.636904
1.636904
1.645212
1.645212
1.642726
1.642726
1.646540
1.646540
1.633723
1.633723
1.638427
1.638427
1.631341
1.631341
1.627699
1.627699
1.651816
1.651816
1.648008
1.648008
1.649151
1.649151
1.633840
1.633840
1.645932
1.645932
1.638629
1.638629
1.641391
1.641391
1.647036
1.647036
1.647368
1.647368
1.647817
1.647817
1.634518
1.634518
1.626811
1.626811
1.650221
1.650221
1.623220
1.623220
1.638118
1.638118
1.640483
1.640483
1.657661
1.657661
1.645563
1.645563
1.631544
1.631544
1.634787
1.634787
1.645458
1.645458
1.639276
1.639276
1.655167
1.655167
1.632094
1.632094
1.641883
1.641883
1.644395
1.644395
1.636996
1.636996
1.648855
1.648855
1.634537
1.634537
1.640583
1.640583
1.646015
1.646015
1.634711
1.634711
1.647350
1.647350
1.646835
1.646835
1.646682
1.646682
1.632154
1.632154
1.635543
1.635543
1.639729
1.639729
1.650004
1.650004
1.623570
1.623570
1.635761
1.635761
1.647189
1.647189
1.644685
1.644685
1.635949
1.635949
1.646491
1.646491
1.636672
1.636672
1.640731
1.640731
1.639650
1.639650
1.632322
1.632322
1.633328
1.633328
1.638755
1.638755
1.643447
1.643447
1.653742
1.653742
1.658192
1.658192
1.647764
1.647764
1.621108
1.621108
1.643969
1.643969
1.623891
1.623891
1.636891
1.636891
1.649471
1.649471
1.641705
1.641705
1.634137
1.634137
1.634037
1.634037
1.651217
1.651217
1.618779
1.618779
1.632134
1.632134
1.654751
1.654751
1.639826
1.639826
1.632492
1.632492
1.647810
1.647810
1.640497
1.640497
1.632934
1.632934
1.642874
1.642874
1.647728
1.647728
1.635988
1.635988
1.622389
1.622389
1.639213
1.639213
1.652521
1.652521
1.630418
1.630418
1.627872
1.627872
1.645009
1.645009
1.648329
1.648329
1.643754
1.643754
1.640632
1.640632
1.631358
1.631358
1.634222
1.634222
1.642359
1.642359
1.646720
1.646720
1.649240
1.649240
1.633459
1.633459
1.623075
1.623075
1.644291
1.644291
1.644009
1.644009
1.643622
1.643622
1.650978
1.650978
1.625673
1.625673
1.631047
1.631047
1.641608
1.641608
1.639969
1.639969
1.634614
1.634614
1.636322
1.636322
1.641821
1.641821
1.638994
1.638994
1.649274
1.649274
1.633505
1.633505
1.641641
1.641641
1.632471
1.632471
1.632948
1.632948
1.647242
1.647242
1.635981
1.635981
1.638288
1.638288
1.640451
1.640451
1.625771
1.625771
1.626682
1.626682
1.635109
1.635109
1.647836
1.647836
1.625401
1.625401
1.658606
1.658606
1.649699
1.649699
1.634501
1.634501
1.633960
1.633960
1.629903
1.629903
1.641494
1.641494
1.636791
1.636791
1.630597
1.630597
1.643092
1.643092
1.635613
1.635613
1.643131
1.643131
1.632481
1.632481
1.649348
1.649348
1.634681
1.634681
1.636240
1.636240
1.634007
1.634007
1.644892
1.644892
1.631642
1.631642
1.646331
1.646331
1.629500
1.629500
1.633677
1.633677
1.639811
1.639811
1.642732
1.642732
1.625237
1.625237
1.645272
1.645272
1.631997
1.631997
1.635646
1.635646
1.642290
1.642290
1.646192
1.646192
1.630438
1.630438
1.629293
1.629293
1.624859
1.624859
1.643398
1.643398
1.632427
1.632427
1.641231
1.641231
1.644294
1.644294
1.644796
1.644796
1.627831
1.627831
1.642796
1.642796
1.627995
1.627995
1.641618
1.641618
1.648178
1.648178
1.631837
1.631837
1.632920
1.632920
1.626796
1.626796
1.645434
1.645434
1.632948
1.632948
1.633847
1.633847
1.643324
1.643324
1.649059
1.649059
1.620333
1.620333
1.631840
1.631840
1.642515
1.642515
1.629627
1.629627
1.638411
1.638411
1.640524
1.640524
1.634422
1.634422
1.632970
1.632970
1.642420
1.642420
1.635966
1.635966
1.635518
1.635518
1.632695
1.632695
1.641137
1.641137
1.634299
1.634299
1.637777
1.637777
1.634567
1.634567
1.632739
1.632739
1.642619
1.642619
1.634968
1.634968
1.630109
1.630109
1.640646
1.640646
1.622140
1.622140
1.622381
1.622381
1.641333
1.641333
1.643560
1.643560
1.653660
1.653660
1.624518
1.624518
1.639359
1.639359
1.647191
1.647191
1.633746
1.633746
1.633645
1.633645
1.638573
1.638573
1.634054
1.634054
1.646823
1.646823
1.626588
1.626588
1.631341
1.631341
1.624112
1.624112
1.631138
1.631138
1.644745
1.644745
1.644130
1.644130
1.632979
1.632979
1.641940
1.641940
1.637174
1.637174
1.637229
1.637229
1.636243
1.636243
1.621650
1.621650
1.646440
1.646440
1.628706
1.628706
1.636017
1.636017
1.638643
1.638643
1.624376
1.624376
1.629458
1.629458
1.643288
1.643288
1.629504
1.629504
1.640906
1.640906
1.631938
1.631938
1.640359
1.640359
1.630495
1.630495
1.636762
1.636762
1.624514
1.624514
1.644986
1.644986
1.623826
1.623826
1.649472
1.649472
1.640614
1.640614
1.633584
1.633584
1.625050
1.625050
1.617057
1.617057
1.637280
1.637280
1.641667
1.641667
1.641815
1.641815
1.636421
1.636421
1.641178
1.641178
1.620653
1.620653
1.636002
1.636002
1.639784
1.639784
1.635939
1.635939
1.614094
1.614094
1.636878
1.636878
1.647556
1.647556
1.640328
1.640328
1.633649
1.633649
1.626928
1.626928
1.640044
1.640044
1.628203
1.628203
1.638950
1.638950
1.638841
1.638841
1.629698
1.629698
1.642760
1.642760
1.637140
1.637140
1.629429
1.629429
1.631997
1.631997
1.639206
1.639206
1.622545
1.622545
1.625496
1.625496
1.641553
1.641553
1.644036
1.644036
1.629308
1.629308
1.636788
1.636788
1.625855
1.625855
1.642354
1.642354
1.636449
1.636449
1.623977
1.623977
1.636716
1.636716
1.622334
1.622334
1.646088
1.646088
1.642232
1.642232
1.644923
1.644923
1.622333
1.622333
1.622516
1.622516
1.643536
1.643536
1.636285
1.636285
1.635364
1.635364
1.629075
1.629075
1.638792
1.638792
1.634712
1.634712
1.629798
1.629798
1.632686
1.632686
1.644181
1.644181
1.619439
1.619439
1.627863
1.627863
1.646331
1.646331
1.638221
1.638221
1.641148
1.641148
1.632163
1.632163
1.635367
1.635367
1.617222
1.617222
1.642321
1.642321
1.635508
1.635508
1.626027
1.626027
1.631573
1.631573
1.630856
1.630856
1.633980
1.633980
1.625230
1.625230
1.637572
1.637572
1.631308
1.631308
1.639351
1.639351
1.627678
1.627678
1.637734
1.637734
1.634279
1.634279
1.633385
1.633385
1.632422
1.632422
1.625881
1.625881
1.626153
1.626153
1.641912
1.641912
1.632898
1.632898
1.639537
1.639537
1.623792
1.623792
1.629591
1.629591
1.636496
1.636496
1.638008
1.638008
1.637549
1.637549
1.626854
1.626854
1.643394
1.643394
1.624655
1.624655
1.627471
1.627471
1.643772
1.643772
1.624084
1.624084
1.630365
1.630365
1.637291
1.637291
1.634749
1.634749
1.637948
1.637948
1.636839
1.636839
1.636885
1.636885
1.636730
1.636730
1.626689
1.626689
1.623966
1.623966
1.642741
1.642741
1.648872
1.648872
1.607994
1.607994
1.626962
1.626962
1.636512
1.636512
1.640182
1.640182
1.622267
1.622267
1.632172
1.632172
1.635368
1.635368
1.631574
1.631574
1.634320
1.634320
1.608404
1.608404
1.633943
1.633943
1.643314
1.643314
1.643404
1.643404
1.637224
1.637224
1.625920
1.625920
1.642765
1.642765
1.625343
1.625343
1.628652
1.628652
1.626961
1.626961
1.620623
1.620623
1.638433
1.638433
1.643530
1.643530
1.630121
1.630121
1.621826
1.621826
1.631142
1.631142
1.621082
1.621082
1.645730
1.645730
1.641687
1.641687
1.632138
1.632138
1.625232
1.625232
1.627509
1.627509
1.635493
1.635493
1.640296
1.640296
1.645650
1.645650
1.622362
1.622362
1.633314
1.633314
1.628277
1.628277
1.628109
1.628109
1.619525
1.619525
1.628604
1.628604
1.637136
1.637136
1.636228
1.636228
1.637622
1.637622
1.623402
1.623402
1.648607
1.648607
1.637869
1.637869
1.621723
1.621723
1.624346
1.624346
1.638831
1.638831
1.633365
1.633365
1.634509
1.634509
1.619494
1.619494
1.630453
1.630453
1.637369
1.637369
1.638185
1.638185
1.623051
1.623051
1.632516
1.632516
1.623672
1.623672
1.639123
1.639123
1.626502
1.626502
1.628281
1.628281
1.633077
1.633077
1.628206
1.628206
1.633387
1.633387
1.623573
1.623573
1.631331
1.631331
1.624496
1.624496
1.645329
1.645329
1.643373
1.643373
1.625496
1.625496
1.622789
1.622789
1.626940
1.626940
1.637440
1.637440
1.625270
1.625270
1.635271
1.635271
1.630514
1.630514
1.635800
1.635800
1.626499
1.626499
1.629601
1.629601
1.642007
1.642007
1.620814
1.620814
1.622775
1.622775
1.640443
1.640443
1.633158
1.633158
1.632724
1.632724
1.622654
1.622654
1.641412
1.641412
1.621389
1.621389
1.630215
1.630215
1.631501
1.631501
1.637157
1.637157
1.626168
1.626168
1.626903
1.626903
1.626773
1.626773
1.628027
1.628027
1.635100
1.635100
1.632387
1.632387
1.629739
1.629739
1.628502
1.628502
1.640585
1.640585
1.632704
1.632704
1.623955
1.623955
1.624818
1.624818
1.633768
1.633768
1.633494
1.633494
1.621923
1.621923
1.632087
1.632087
1.629800
1.629800
1.636296
1.636296
1.631427
1.631427
1.629123
1.629123
1.626730
1.626730
1.626325
1.626325
1.636102
1.636102
1.631521
1.631521
1.635815
1.635815
1.618286
1.618286
1.628035
1.628035
1.613067
1.613067
1.639220
1.639220
1.639549
1.639549
1.625854
1.625854
1.632483
1.632483
1.649600
1.649600
1.618291
1.618291
1.627860
1.627860
1.625898
1.625898
1.626949
1.626949
1.613940
1.613940
1.623678
1.623678
1.635442
1.635442
1.651431
1.651431
1.622808
1.622808
1.613232
1.613232
1.639043
1.639043
1.628966
1.628966
1.640322
1.640322
1.625851
1.625851
1.624994
1.624994
1.628214
1.628214
1.636201
1.636201
1.625240
1.625240
1.633910
1.633910
1.640131
1.640131
1.628949
1.628949
1.634369
1.634369
1.627532
1.627532
1.612912
1.612912
1.614537
1.614537
1.633769
1.633769
1.630064
1.630064
1.631271
1.631271
1.638988
1.638988
1.628705
1.628705
1.631507
1.631507
1.642266
1.642266
1.613397
1.613397
1.630615
1.630615
1.635123
1.635123
1.632169
1.632169
1.619276
1.619276
1.626832
1.626832
1.633155
1.633155
1.621861
1.621861
1.631692
1.631692
1.639816
1.639816
1.624690
1.624690
1.626750
1.626750
1.641424
1.641424
1.623268
1.623268
1.619555
1.619555
1.624453
1.624453
1.637866
1.637866
1.624483
1.624483
1.626103
1.626103
1.627556
1.627556
1.637574
1.637574
1.628525
1.628525
1.634145
1.634145
1.614333
1.614333
1.640111
1.640111
1.619054
1.619054
1.638048
1.638048
1.630025
1.630025
1.620191
1.620191
1.619076
1.619076
1.635271
1.635271
1.641331
1.641331
1.636765
1.636765
1.631707
1.631707
1.639087
1.639087
1.613138
1.613138
1.620581
1.620581
1.622262
1.622262
1.629465
1.629465
1.632515
1.632515
1.636240
1.636240
1.620299
1.620299
1.629004
1.629004
1.624476
1.624476
1.620662
1.620662
1.636669
1.636669
1.631831
1.631831
1.613686
1.613686
1.625249
1.625249
1.626837
1.626837
1.644043
1.644043
1.632522
1.632522
1.627301
1.627301
1.628421
1.628421
1.641880
1.641880
1.624025
1.624025
1.617208
1.617208
1.635489
1.635489
1.627792
1.627792
1.630217
1.630217
1.626301
1.626301
1.618949
1.618949
1.633711
1.633711
1.616828
1.616828
1.638312
1.638312
1.622974
1.622974
1.628364
1.628364
1.631906
1.631906
1.622751
1.622751
1.645283
1.645283
1.610506
1.610506
1.629542
1.629542
1.621362
1.621362
1.630363
1.630363
1.632313
1.632313
1.616422
1.616422
1.641477
1.641477
1.626606
1.626606
1.622652
1.622652
1.638851
1.638851
1.626425
1.626425
1.623343
1.623343
1.622727
1.622727
1.629574
1.629574
1.613353
1.613353
1.642221
1.642221
1.631132
1.631132
1.633549
1.633549
1.632999
1.632999
1.626361
1.626361
1.625078
1.625078
1.617959
1.617959
1.615327
1.615327
1.627587
1.627587
1.627126
1.627126
1.631961
1.631961
1.637397
1.637397
1.628333
1.628333
1.621342
1.621342
1.620050
1.620050
1.632066
1.632066
1.637127
1.637127
1.619296
1.619296
1.626564
1.626564
1.633658
1.633658
1.618405
1.618405
1.641435
1.641435
1.635691
1.635691
1.620520
1.620520
1.627547
1.627547
1.624050
1.624050
1.628548
1.628548
1.613578
1.613578
1.624887
1.624887
1.641885
1.641885
1.625029
1.625029
1.631067
1.631067
1.636825
1.636825
1.618849
1.618849
1.629767
1.629767
1.636817
1.636817
1.609443
1.609443
1.638065
1.638065
1.613843
1.613843
1.611996
1.611996
1.652369
1.652369
1.616407
1.616407
1.624509
1.624509
1.619452
1.619452
1.621382
1.621382
1.629153
1.629153
1.643102
1.643102
1.625276
1.625276
1.635962
1.635962
1.626439
1.626439
1.624084
1.624084
1.621014
1.621014
1.628149
1.628149
1.619998
1.619998
1.633434
1.633434
1.624031
1.624031
1.628175
1.628175
1.627016
1.627016
1.629436
1.629436
1.622922
1.622922
1.635456
1.635456
1.616126
1.616126
1.635140
1.635140
1.625153
1.625153
1.629405
1.629405
1.621038
1.621038
1.620743
1.620743
1.627417
1.627417
1.630921
1.630921
1.629360
1.629360
1.613346
1.613346
1.632350
1.632350
1.624814
1.624814
1.630575
1.630575
1.617222
1.617222
1.622035
1.622035
1.639833
1.639833
1.626653
1.626653
1.638580
1.638580
1.625858
1.625858
1.615973
1.615973
1.623808
1.623808
1.618106
1.618106
1.621658
1.621658
1.629042
1.629042
1.626671
1.626671
1.637791
1.637791
1.621911
1.621911
1.631590
1.631590
1.624089
1.624089
1.628197
1.628197
1.624401
1.624401
1.627792
1.627792
1.627865
1.627865
1.628883
1.628883
1.621717
1.621717
1.623303
1.623303
1.620081
1.620081
1.638853
1.638853
1.627325
1.627325
1.619685
1.619685
1.623196
1.623196
1.630237
1.630237
1.624694
1.624694
1.630987
1.630987
1.616281
1.616281
1.627372
1.627372
1.618157
1.618157
1.632907
1.632907
1.635608
1.635608
1.612218
1.612218
1.631012
1.631012
1.624859
1.624859
1.619542
1.619542
1.624131
1.624131
1.636617
1.636617
1.622692
1.622692
1.632712
1.632712
1.625858
1.625858
1.617990
1.617990
1.630411
1.630411
1.619929
1.619929
1.631285
1.631285
1.638166
1.638166
1.625288
1.625288
1.607886
1.607886
1.624878
1.624878
1.635426
1.635426
1.638584
1.638584
1.622414
1.622414
1.616618
1.616618
1.611379
1.611379
1.616417
1.616417
1.631886
1.631886
1.626701
1.626701
1.623348
1.623348
1.629245
1.629245
1.617520
1.617520
1.630459
1.630459
1.618734
1.618734
1.627757
1.627757
1.633607
1.633607
1.628688
1.628688
1.629410
1.629410
1.612895
1.612895
1.640503
1.640503
1.611846
1.611846
1.629187
1.629187
1.619864
1.619864
1.616983
1.616983
1.625095
1.625095
1.636827
1.636827
1.620237
1.620237
1.633658
1.633658
1.616319
1.616319
1.619939
1.619939
1.637585
1.637585
1.625106
1.625106
1.624256
1.624256
1.616630
1.616630
1.632017
1.632017
1.627300
1.627300
1.613620
1.613620
1.631134
1.631134
1.627359
1.627359
1.627701
1.627701
1.624557
1.624557
1.622528
1.622528
1.631675
1.631675
1.634943
1.634943
1.613990
1.613990
1.619939
1.619939
1.611693
1.611693
1.623942
1.623942
1.634065
1.634065
1.621487
1.621487
1.634404
1.634404
1.635523
1.635523
1.620448
1.620448
1.624638
1.624638
1.625442
1.625442
1.615360
1.615360
1.605157
1.605157
1.637380
1.637380
1.626227
1.626227
1.611500
1.611500
1.647133
1.647133
1.616592
1.616592
1.626809
1.626809
1.623512
1.623512
1.627284
1.627284
1.629244
1.629244
1.619457
1.619457
1.623258
1.623258
1.633133
1.633133
1.630885
1.630885
1.613111
1.613111
1.631759
1.631759
1.617818
1.617818
1.635708
1.635708
1.623608
1.623608
1.609951
1.609951
1.627738
1.627738
1.615487
1.615487
1.625310
1.625310
1.623099
1.623099
1.631073
1.631073
1.625592
1.625592
1.632668
1.632668
1.614894
1.614894
1.618213
1.618213
1.630951
1.630951
1.611611
1.611611
1.620293
1.620293
1.617062
1.617062
1.633651
1.633651
1.641437
1.641437
1.624801
1.624801
1.614470
1.614470
1.622599
1.622599
1.622424
1.622424
1.638891
1.638891
1.623220
1.623220
1.619430
1.619430
1.622219
1.622219
1.617881
1.617881
1.640360
1.640360
1.618212
1.618212
1.627730
1.627730
1.620750
1.620750
1.626885
1.626885
1.626375
1.626375
1.614876
1.614876
1.628720
1.628720
1.633538
1.633538
1.624852
1.624852
1.615416
1.615416
1.636865
1.636865
1.624599
1.624599
1.615804
1.615804
1.617446
1.617446
1.624062
1.624062
1.620068
1.620068
1.630815
1.630815
1.611073
1.611073
1.629012
1.629012
1.628291
1.628291
1.643400
1.643400
1.625718
1.625718
1.619828
1.619828
1.616042
1.616042
1.610320
1.610320
1.627904
1.627904
1.632302
1.632302
1.620104
1.620104
1.611631
1.611631
1.626180
1.626180
1.621787
1.621787
1.618449
1.618449
1.625841
1.625841
1.623308
1.623308
1.628943
1.628943
1.637553
1.637553
1.615429
1.615429
1.620094
1.620094
1.619474
1.619474
1.624554
1.624554
1.625391
1.625391
1.622709
1.622709
1.624855
1.624855
1.620274
1.620274
1.623272
1.623272
1.624051
1.624051
1.612148
1.612148
1.625224
1.625224
1.634591
1.634591
1.619358
1.619358
1.626768
1.626768
1.619721
1.619721
1.622878
1.622878
1.622220
1.622220
1.624458
1.624458
1.621008
1.621008
1.613263
1.613263
1.625465
1.625465
1.633776
1.633776
1.621621
1.621621
1.627647
1.627647
1.603599
1.603599
1.628491
1.628491
1.621215
1.621215
1.636885
1.636885
1.616123
1.616123
1.619504
1.619504
1.625528
1.625528
1.625260
1.625260
1.629628
1.629628
1.629948
1.629948
1.617166
1.617166
1.610448
1.610448
1.632329
1.632329
1.624857
1.624857
1.616120
1.616120
1.629410
1.629410
1.632539
1.632539
1.622966
1.622966
1.610498
1.610498
1.627177
1.627177
1.627927
1.627927
1.621941
1.621941
1.617025
1.617025
1.618780
1.618780
1.627424
1.627424
1.617707
1.617707
1.624356
1.624356
1.618806
1.618806
1.625581
1.625581
1.620342
1.620342
1.631919
1.631919
1.616214
1.616214
1.616441
1.616441
1.629389
1.629389
1.622828
1.622828
1.620690
1.620690
1.620550
1.620550
1.629372
1.629372
1.618313
1.618313
1.621592
1.621592
1.628952
1.628952
1.614670
1.614670
1.626436
1.626436
1.620131
1.620131
1.619799
1.619799
1.622309
1.622309
1.622745
1.622745
1.627790
1.627790
1.618467
1.618467
1.619893
1.619893
1.608305
1.608305
1.633397
1.633397
1.620325
1.620325
1.631467
1.631467
1.608695
1.608695
1.641637
1.641637
1.624589
1.624589
1.620439
1.620439
1.614247
1.614247
1.623118
1.623118
1.612684
1.612684
1.630120
1.630120
1.628240
1.628240
1.615330
1.615330
1.615104
1.615104
1.623679
1.623679
1.625448
1.625448
1.626451
1.626451
1.619269
1.619269
1.615278
1.615278
1.634346
1.634346
1.610608
1.610608
1.610208
1.610208
1.644163
1.644163
1.621880
1.621880
1.622867
1.622867
1.620314
1.620314
1.624531
1.624531
1.619819
1.619819
1.617425
1.617425
1.630375
1.630375
1.619075
1.619075
1.626679
1.626679
1.614467
1.614467
1.611567
1.611567
1.616216
1.616216
1.609614
1.609614
1.640851
1.640851
1.633190
1.633190
1.629041
1.629041
1.611985
1.611985
1.633540
1.633540
1.608051
1.608051
1.627345
1.627345
1.616511
1.616511
1.624546
1.624546
1.625103
1.625103
1.619922
1.619922
1.622595
1.622595
1.617938
1.617938
1.624635
1.624635
1.620919
1.620919
1.626202
1.626202
1.617676
1.617676
1.617887
1.617887
1.623767
1.623767
1.629130
1.629130
1.618098
1.618098
1.618286
1.618286
1.612631
1.612631
1.624277
1.624277
1.620661
1.620661
1.625966
1.625966
1.624560
1.624560
1.621247
1.621247
1.612909
1.612909
1.617126
1.617126
1.626269
1.626269
1.631639
1.631639
1.621920
1.621920
1.630141
1.630141
1.628929
1.628929
1.627604
1.627604
1.592456
1.592456
1.626933
1.626933
1.625558
1.625558
1.616067
1.616067
1.619656
1.619656
1.617536
1.617536
1.632431
1.632431
1.604922
1.604922
1.632884
1.632884
1.614596
1.614596
1.621374
1.621374
1.618114
1.618114
1.613989
1.613989
1.624386
1.624386
1.616941
1.616941
1.635231
1.635231
1.619318
1.619318
1.618162
1.618162
1.620418
1.620418
1.611018
1.611018
1.640491
1.640491
1.630256
1.630256
1.618761
1.618761
1.613543
1.613543
1.627611
1.627611
1.613539
1.613539
1.613964
1.613964
1.623675
1.623675
1.624395
1.624395
1.631396
1.631396
1.609080
1.609080
1.621799
1.621799
1.620503
1.620503
1.629761
1.629761
1.617505
1.617505
1.613514
1.613514
1.610017
1.610017
1.635992
1.635992
1.619883
1.619883
1.628291
1.628291
1.607362
1.607362
1.622967
1.622967
1.628525
1.628525
1.617122
1.617122
1.612437
1.612437
1.623391
1.623391
1.626220
1.626220
1.617606
1.617606
1.607123
1.607123
1.635147
1.635147
1.616710
1.616710
1.623535
1.623535
1.615550
1.615550
1.610839
1.610839
1.628713
1.628713
1.625640
1.625640
1.612119
1.612119
1.631438
1.631438
1.619345
1.619345
1.617367
1.617367
1.623228
1.623228
1.610183
1.610183
1.620631
1.620631
1.626317
1.626317
1.621722
1.621722
1.624618
1.624618
1.620063
1.620063
1.618819
1.618819
1.606159
1.606159
1.627342
1.627342
1.632329
1.632329
1.619656
1.619656
1.607632
1.607632
1.610789
1.610789
1.632958
1.632958
1.633627
1.633627
1.611471
1.611471
1.619397
1.619397
1.632690
1.632690
1.624093
1.624093
1.612473
1.612473
1.628702
1.628702
1.625984
1.625984
1.607597
1.607597
1.616016
1.616016
1.623796
1.623796
1.624287
1.624287
1.620100
1.620100
1.624782
1.624782
1.606093
1.606093
1.627234
1.627234
1.613615
1.613615
1.624334
1.624334
1.624741
1.624741
1.616902
1.616902
1.621450
1.621450
1.615787
1.615787
1.624901
1.624901
1.617586
1.617586
1.616758
1.616758
1.626778
1.626778
1.627758
1.627758
1.619240
1.619240
1.625930
1.625930
1.611678
1.611678
1.614441
1.614441
1.612282
1.612282
1.614861
1.614861
1.621347
1.621347
1.621773
1.621773
1.632003
1.632003
1.625157
1.625157
1.614894
1.614894
1.609190
1.609190
1.623151
1.623151
1.628967
1.628967
1.613769
1.613769
1.614336
1.614336
1.613869
1.613869
1.627533
1.627533
1.632218
1.632218
1.618406
1.618406
1.620448
1.620448
1.616196
1.616196
1.623086
1.623086
1.621069
1.621069
1.620157
1.620157
1.629763
1.629763
1.616756
1.616756
1.616204
1.616204
1.614783
1.614783
1.616935
1.616935
1.622556
1.622556
1.604917
1.604917
1.628074
1.628074
1.627421
1.627421
1.627081
1.627081
1.634341
1.634341
1.602025
1.602025
1.622914
1.622914
1.609724
1.609724
1.612233
1.612233
1.635456
1.635456
1.607316
1.607316
1.624815
1.624815
1.617544
1.617544
1.612228
1.612228
1.617924
1.617924
1.628073
1.628073
1.616076
1.616076
1.624081
1.624081
1.630563
1.630563
1.615005
1.615005
1.612328
1.612328
1.618912
1.618912
1.620593
1.620593
1.614146
1.614146
1.628832
1.628832
1.600721
1.600721
1.628160
1.628160
1.626409
1.626409
1.623873
1.623873
1.629225
1.629225
1.615627
1.615627
1.611881
1.611881
1.615123
1.615123
1.612298
1.612298
1.622726
1.622726
1.628407
1.628407
1.617744
1.617744
1.614049
1.614049
1.620803
1.620803
1.631155
1.631155
1.620884
1.620884
1.615757
1.615757
1.604421
1.604421
1.624254
1.624254
1.611290
1.611290
1.628225
1.628225
1.614507
1.614507
1.616967
1.616967
1.626604
1.626604
1.611634
1.611634
1.619999
1.619999
1.601479
1.601479
1.639827
1.639827
1.631223
1.631223
1.614911
1.614911
1.624181
1.624181
1.606523
1.606523
1.618069
1.618069
1.626372
1.626372
1.612976
1.612976
1.614062
1.614062
1.624396
1.624396
1.616515
1.616515
1.619083
1.619083
1.621805
1.621805
1.622993
1.622993
1.618285
1.618285
1.610726
1.610726
1.616180
1.616180
1.615473
1.615473
1.624171
1.624171
1.624499
1.624499
1.612689
1.612689
1.622676
1.622676
1.620641
1.620641
1.632538
1.632538
1.606122
1.606122
1.610280
1.610280
1.626202
1.626202
1.612588
1.612588
1.617182
1.617182
1.619752
1.619752
1.617759
1.617759
1.613326
1.613326
1.626423
1.626423
1.606589
1.606589
1.619153
1.619153
1.630214
1.630214
1.617415
1.617415
1.616430
1.616430
1.617759
1.617759
1.602998
1.602998
1.643471
1.643471
1.614866
1.614866
1.629664
1.629664
1.615347
1.615347
1.615947
1.615947
1.616614
1.616614
1.622065
1.622065
1.624856
1.624856
1.612357
1.612357
1.610480
1.610480
1.623857
1.623857
1.624155
1.624155
1.621027
1.621027
1.618283
1.618283
1.616972
1.616972
1.610176
1.610176
1.626394
1.626394
1.613792
1.613792
1.603777
1.603777
1.635347
1.635347
1.611248
1.611248
1.620066
1.620066
1.615386
1.615386
1.616614
1.616614
1.615692
1.615692
1.625360
1.625360
1.617558
1.617558
1.630475
1.630475
1.622469
1.622469
1.604811
1.604811
1.615576
1.615576
1.603458
1.603458
1.632207
1.632207
1.622376
1.622376
1.619506
1.619506
1.612451
1.612451
1.612265
1.612265
1.620440
1.620440
1.602913
1.602913
1.638517
1.638517
1.616392
1.616392
1.622105
1.622105
1.622221
1.622221
1.617331
1.617331
1.610596
1.610596
1.618422
1.618422
1.611808
1.611808
1.626946
1.626946
1.617804
1.617804
1.629837
1.629837
1.600420
1.600420
1.618562
1.618562
1.607201
1.607201
1.615219
1.615219
1.626188
1.626188
1.624118
1.624118
1.609868
1.609868
1.618251
1.618251
1.617985
1.617985
1.629935
1.629935
1.612708
1.612708
1.623582
1.623582
1.602831
1.602831
1.612035
1.612035
1.632370
1.632370
1.618901
1.618901
1.626884
1.626884
1.631046
1.631046
1.603781
1.603781
1.618479
1.618479
1.606871
1.606871
1.619510
1.619510
1.619098
1.619098
1.622088
1.622088
1.620542
1.620542
1.605238
1.605238
1.624117
1.624117
1.623844
1.623844
1.622449
1.622449
1.602237
1.602237
1.615663
1.615663
1.611330
1.611330
1.622489
1.622489
1.610879
1.610879
1.626847
1.626847
1.616709
1.616709
1.617432
1.617432
1.625695
1.625695
1.610319
1.610319
1.608550
1.608550
1.628330
1.628330
1.624594
1.624594
1.613992
1.613992
1.608760
1.608760
1.628493
1.628493
1.610711
1.610711
1.610832
1.610832
1.618570
1.618570
1.623963
1.623963
1.615545
1.615545
1.619049
1.619049
1.609116
1.609116
1.627558
1.627558
1.614478
1.614478
1.612811
1.612811
1.624911
1.624911
1.616341
1.616341
1.609708
1.609708
1.620818
1.620818
1.619815
1.619815
1.621189
1.621189
1.610405
1.610405
1.615053
1.615053
1.619411
1.619411
1.614137
1.614137
1.630460
1.630460
1.614859
1.614859
1.615198
1.615198
1.614683
1.614683
1.626685
1.626685
1.614619
1.614619
1.613919
1.613919
1.605159
1.605159
1.617199
1.617199
1.624781
1.624781
1.627275
1.627275
1.618413
1.618413
1.620670
1.620670
1.617269
1.617269
1.611500
1.611500
1.618460
1.618460
1.619058
1.619058
1.621625
1.621625
1.616324
1.616324
1.610778
1.610778
1.618220
1.618220
1.636050
1.636050
1.615081
1.615081
1.608752
1.608752
1.613195
1.613195
1.611289
1.611289
1.614971
1.614971
1.627010
1.627010
1.608635
1.608635
1.614451
1.614451
1.621000
1.621000
1.613929
1.613929
1.619786
1.619786
1.614961
1.614961
1.603877
1.603877
1.636335
1.636335
1.618174
1.618174
1.605452
1.605452
1.618793
1.618793
1.619447
1.619447
1.624392
1.624392
1.632866
1.632866
1.602421
1.602421
1.602268
1.602268
1.616703
1.616703
1.633590
1.633590
1.609119
1.609119
1.624994
1.624994
1.627017
1.627017
1.604515
1.604515
1.619047
1.619047
1.605052
1.605052
1.619084
1.619084
1.631820
1.631820
1.617242
1.617242
1.609307
1.609307
1.617979
1.617979
1.610049
1.610049
1.625722
1.625722
1.609437
1.609437
1.621511
1.621511
1.614888
1.614888
1.611557
1.611557
1.623569
1.623569
1.620701
1.620701
1.611799
1.611799
1.594290
1.594290
1.627002
1.627002
1.620036
1.620036
1.610945
1.610945
1.634545
1.634545
1.625066
1.625066
1.618209
1.618209
1.606966
1.606966
1.619221
1.619221
1.612760
1.612760
1.621977
1.621977
1.627562
1.627562
1.611359
1.611359
1.614729
1.614729
1.604760
1.604760
1.606967
1.606967
1.625242
1.625242
1.608992
1.608992
1.622222
1.622222
1.619707
1.619707
1.617098
1.617098
1.612720
1.612720
1.618000
1.618000
1.624557
1.624557
1.608218
1.608218
1.612402
1.612402
1.623796
1.623796
1.601704
1.601704
1.620215
1.620215
1.625741
1.625741
1.626261
1.626261
1.618862
1.618862
1.606908
1.606908
1.614342
1.614342
1.615140
1.615140
1.609308
1.609308
1.618730
1.618730
1.613039
1.613039
1.614379
1.614379
1.628489
1.628489
1.624240
1.624240
1.633170
1.633170
1.610163
1.610163
1.604820
1.604820
1.607023
1.607023
1.614968
1.614968
1.625633
1.625633
1.609341
1.609341
1.608024
1.608024
1.624757
1.624757
1.631305
1.631305
1.610831
1.610831
1.621689
1.621689
1.603367
1.603367
1.612931
1.612931
1.614140
1.614140
1.607821
1.607821
1.613030
1.613030
1.616190
1.616190
1.632652
1.632652
1.613164
1.613164
1.627603
1.627603
1.624415
1.624415
1.603607
1.603607
1.610360
1.610360
1.613359
1.613359
1.606169
1.606169
1.612663
1.612663
1.627852
1.627852
1.621006
1.621006
1.621738
1.621738
1.610132
1.610132
1.611268
1.611268
1.620762
1.620762
1.615896
1.615896
1.607253
1.607253
1.610080
1.610080
1.626265
1.626265
1.615139
1.615139
1.622061
1.622061
1.596160
1.596160
1.616567
1.616567
1.622778
1.622778
1.626192
1.626192
1.618081
1.618081
1.613764
1.613764
1.610737
1.610737
1.617386
1.617386
1.614114
1.614114
1.624917
1.624917
1.614843
1.614843
1.609488
1.609488
1.619990
1.619990
1.613349
1.613349
1.622530
1.622530
1.616389
1.616389
1.620121
1.620121
1.611824
1.611824
1.609234
1.609234
1.622364
1.622364
1.615125
1.615125
1.613842
1.613842
1.621528
1.621528
1.608272
1.608272
1.620587
1.620587
1.615653
1.615653
1.615491
1.615491
1.619092
1.619092
1.610438
1.610438
1.617908
1.617908
1.614099
1.614099
1.621257
1.621257
1.614296
1.614296
1.610062
1.610062
1.618813
1.618813
1.625818
1.625818
1.609283
1.609283
1.607118
1.607118
1.611279
1.611279
1.626292
1.626292
1.621540
1.621540
1.614748
1.614748
1.615448
1.615448
1.614991
1.614991
1.609477
1.609477
1.624695
1.624695
1.618882
1.618882
1.591574
1.591574
1.624616
1.624616
1.617907
1.617907
1.616073
1.616073
1.610719
1.610719
1.617712
1.617712
1.614031
1.614031
1.619174
1.619174
1.624613
1.624613
1.610813
1.610813
1.611590
1.611590
1.614409
1.614409
1.615275
1.615275
1.612554
1.612554
1.619181
1.619181
1.615714
1.615714
1.602368
1.602368
1.629503
1.629503
1.607846
1.607846
1.615617
1.615617
1.622163
1.622163
1.628055
1.628055
1.599392
1.599392
1.626360
1.626360
1.609210
1.609210
1.604280
1.604280
1.617421
1.617421
1.619620
1.619620
1.605842
1.605842
1.624978
1.624978
1.624128
1.624128
1.611983
1.611983
1.607278
1.607278
1.624772
1.624772
1.618762
1.618762
1.605717
1.605717
1.621157
1.621157
1.602660
1.602660
1.621328
1.621328
1.611756
1.611756
1.607692
1.607692
1.617568
1.617568
1.617460
1.617460
1.628178
1.628178
1.615383
1.615383
1.613106
1.613106
1.610759
1.610759
1.605843
1.605843
1.610488
1.610488
1.614236
1.614236
1.617902
1.617902
1.621687
1.621687
1.609458
1.609458
1.616785
1.616785
1.600950
1.600950
1.604921
1.604921
1.629470
1.629470
1.624421
1.624421
1.623868
1.623868
1.610558
1.610558
1.618112
1.618112
1.609020
1.609020
1.612352
1.612352
1.612803
1.612803
1.603741
1.603741
1.617942
1.617942
1.629259
1.629259
1.609353
1.609353
1.595110
1.595110
1.636042
1.636042
1.615797
1.615797
1.610558
1.610558
1.616892
1.616892
1.608001
1.608001
1.615074
1.615074
1.618822
1.618822
1.622863
1.622863
1.607560
1.607560
1.619358
1.619358
1.607608
1.607608
1.615326
1.615326
1.615339
1.615339
1.616206
1.616206
1.618379
1.618379
1.604854
1.604854
1.633622
1.633622
1.610204
1.610204
1.604158
1.604158
1.596131
1.596131
1.607332
1.607332
1.626260
1.626260
1.623000
1.623000
1.621814
1.621814
1.617817
1.617817
1.616244
1.616244
1.605214
1.605214
1.614888
1.614888
1.619749
1.619749
1.614193
1.614193
1.615487
1.615487
1.612225
1.612225
1.616558
1.616558
1.614107
1.614107
1.609870
1.609870
1.619695
1.619695
1.613227
1.613227
1.606656
1.606656
1.625111
1.625111
1.617346
1.617346
1.611960
1.611960
1.610532
1.610532
1.623870
1.623870
1.607023
1.607023
1.616997
1.616997
1.613799
1.613799
1.612186
1.612186
1.619788
1.619788
1.607941
1.607941
1.608324
1.608324
1.619415
1.619415
1.617439
1.617439
1.609224
1.609224
1.618143
1.618143
1.618252
1.618252
1.609203
1.609203
1.608775
1.608775
1.618456
1.618456
1.617531
1.617531
1.609073
1.609073
1.619971
1.619971
1.613339
1.613339
1.629035
1.629035
1.596353
1.596353
1.616413
1.616413
1.608781
1.608781
1.610608
1.610608
1.617173
1.617173
1.619143
1.619143
1.616686
1.616686
1.607305
1.607305
1.612994
1.612994
1.608205
1.608205
1.628608
1.628608
1.607507
1.607507
1.619109
1.619109
1.615714
1.615714
1.623151
1.623151
1.602985
1.602985
1.616467
1.616467
1.610627
1.610627
1.613487
1.613487
1.613554
1.613554
1.616908
1.616908
1.605437
1.605437
1.619687
1.619687
1.616940
1.616940
1.612448
1.612448
1.616188
1.616188
1.619734
1.619734
1.610427
1.610427
1.601844
1.601844
1.620604
1.620604
1.618309
1.618309
1.607887
1.607887
1.613842
1.613842
1.620080
1.620080
1.601006
1.601006
1.630294
1.630294
1.611791
1.611791
1.619317
1.619317
1.616160
1.616160
1.608688
1.608688
1.613620
1.613620
1.608827
1.608827
1.601929
1.601929
1.607609
1.607609
1.634256
1.634256
1.617530
1.617530
1.614113
1.614113
1.612297
1.612297
1.624406
1.624406
1.611946
1.611946
1.604604
1.604604
1.615665
1.615665
1.620201
1.620201
1.616026
1.616026
1.610308
1.610308
1.605044
1.605044
1.612442
1.612442
1.613632
1.613632
1.616750
1.616750
1.615904
1.615904
1.609134
1.609134
1.607083
1.607083
1.611931
1.611931
1.607771
1.607771
1.625937
1.625937
1.616389
1.616389
1.613998
1.613998
1.615429
1.615429
1.602128
1.602128
1.617489
1.617489
1.620734
1.620734
1.610966
1.610966
1.622654
1.622654
1.600367
1.600367
1.620538
1.620538
1.613632
1.613632
1.610340
1.610340
1.615460
1.615460
1.617266
1.617266
1.608590
1.608590
1.616973
1.616973
1.625454
1.625454
1.619799
1.619799
1.598245
1.598245
1.615455
1.615455
1.607594
1.607594
1.633570
1.633570
1.607503
1.607503
1.598726
1.598726
1.611304
1.611304
1.617158
1.617158
1.621071
1.621071
1.603433
1.603433
1.607318
1.607318
1.618804
1.618804
1.617513
1.617513
1.615971
1.615971
1.619805
1.619805
1.618538
1.618538
1.602743
1.602743
1.609224
1.609224
1.621219
1.621219
1.605655
1.605655
1.613125
1.613125
1.617225
1.617225
1.608759
1.608759
1.621897
1.621897
1.607919
1.607919
1.606362
1.606362
1.611421
1.611421
1.620551
1.620551
1.610370
1.610370
1.616162
1.616162
1.616777
1.616777
1.608232
1.608232
1.615371
1.615371
1.625057
1.625057
1.594807
1.594807
1.612538
1.612538
1.615236
1.615236
1.619999
1.619999
1.620564
1.620564
1.595870
1.595870
1.622374
1.622374
1.616586
1.616586
1.610064
1.610064
1.619855
1.619855
1.609343
1.609343
1.615231
1.615231
1.623839
1.623839
1.593726
1.593726
1.624806
1.624806
1.615900
1.615900
1.610546
1.610546
1.606878
1.606878
1.606155
1.606155
1.619211
1.619211
1.598862
1.598862
1.621639
1.621639
1.610305
1.610305
1.616053
1.616053
1.615802
1.615802
1.619722
1.619722
1.599662
1.599662
1.615295
1.615295
1.615251
1.615251
1.610224
1.610224
1.609046
1.609046
1.617654
1.617654
1.621401
1.621401
1.605207
1.605207
1.614704
1.614704
1.606076
1.606076
1.618659
1.618659
1.621427
1.621427
1.601790
1.601790
1.602590
1.602590
1.626317
1.626317
1.614027
1.614027
1.609679
1.609679
1.611874
1.611874
1.601394
1.601394
1.617761
1.617761
1.615517
1.615517
1.609378
1.609378
1.622344
1.622344
1.626207
1.626207
1.621165
1.621165
1.611095
1.611095
1.595828
1.595828
1.609311
1.609311
1.626413
1.626413
1.604114
1.604114
1.602939
1.602939
1.617183
1.617183
1.613635
1.613635
1.614390
1.614390
1.612823
1.612823
1.606645
1.606645
1.613710
1.613710
1.617243
1.617243
1.611796
1.611796
1.626359
1.626359
1.613187
1.613187
1.604232
1.604232
1.607002
1.607002
1.617767
1.617767
1.604786
1.604786
1.613792
1.613792
1.621084
1.621084
1.604445
1.604445
1.615194
1.615194
1.615485
1.615485
1.622626
1.622626
1.609444
1.609444
1.597559
1.597559
1.596603
1.596603
1.625085
1.625085
1.619229
1.619229
1.607899
1.607899
1.614739
1.614739
1.606151
1.606151
1.623837
1.623837
1.613328
1.613328
1.608142
1.608142
1.611214
1.611214
1.609224
1.609224
1.610947
1.610947
1.607569
1.607569
1.616660
1.616660
1.619814
1.619814
1.609565
1.609565
1.613922
1.613922
1.618757
1.618757
1.609545
1.609545
1.610340
1.610340
1.617288
1.617288
1.608853
1.608853
1.612234
1.612234
1.630077
1.630077
1.589282
1.589282
1.599286
1.599286
1.609268
1.609268
1.620029
1.620029
1.615336
1.615336
1.619720
1.619720
1.625396
1.625396
1.601431
1.601431
1.596615
1.596615
1.619816
1.619816
1.620312
1.620312
1.627138
1.627138
1.596830
1.596830
1.620971
1.620971
1.604903
1.604903
1.611856
1.611856
1.615583
1.615583
1.612930
1.612930
1.610981
1.610981
1.611267
1.611267
1.610477
1.610477
1.610427
1.610427
1.614358
1.614358
1.610542
1.610542
1.607987
1.607987
1.619560
1.619560
1.598887
1.598887
1.611798
1.611798
1.632392
1.632392
1.609246
1.609246
1.608065
1.608065
1.610037
1.610037
1.617215
1.617215
1.613189
1.613189
1.615580
1.615580
1.603209
1.603209
1.595239
1.595239
1.604584
1.604584
1.615658
1.615658
1.619154
1.619154
1.629717
1.629717
1.610723
1.610723
1.610575
1.610575
1.607408
1.607408
1.627384
1.627384
1.602671
1.602671
1.602753
1.602753
1.617761
1.617761
1.606705
1.606705
1.609691
1.609691
1.626433
1.626433
1.606301
1.606301
1.622066
1.622066
1.618357
1.618357
1.603077
1.603077
1.610084
1.610084
1.623055
1.623055
1.608568
1.608568
1.607425
1.607425
1.615773
1.615773
1.603584
1.603584
1.620732
1.620732
1.604916
1.604916
1.603867
1.603867
1.624164
1.624164
1.604782
1.604782
1.620116
1.620116
1.614698
1.614698
1.607425
1.607425
1.604269
1.604269
1.613522
1.613522
1.615935
1.615935
1.606555
1.606555
1.613929
1.613929
1.617546
1.617546
1.603990
1.603990
1.603592
1.603592
1.615759
1.615759
1.608646
1.608646
1.608052
1.608052
1.626167
1.626167
1.609010
1.609010
1.617096
1.617096
1.615419
1.615419
1.606890
1.606890
1.610490
1.610490
1.601918
1.601918
1.611818
1.611818
1.619211
1.619211
1.610606
1.610606
1.616342
1.616342
1.616981
1.616981
1.605917
1.605917
1.603145
1.603145
1.619966
1.619966
1.613055
1.613055
1.606876
1.606876
1.619907
1.619907
1.610544
1.610544
1.620892
1.620892
1.597578
1.597578
1.611933
1.611933
1.600738
1.600738
1.615335
1.615335
1.610758
1.610758
1.621682
1.621682
1.614128
1.614128
1.606852
1.606852
1.617961
1.617961
1.607838
1.607838
1.611447
1.611447
1.611403
1.611403
1.612744
1.612744
1.607778
1.607778
1.616301
1.616301
1.609415
1.609415
1.600115
1.600115
1.613469
1.613469
1.619965
1.619965
1.609450
1.609450
1.615738
1.615738
1.618899
1.618899
1.606926
1.606926
1.603170
1.603170
1.604201
1.604201
1.627782
1.627782
1.611547
1.611547
1.616499
1.616499
1.605780
1.605780
1.622255
1.622255
1.598960
1.598960
1.603544
1.603544
1.607440
1.607440
1.610401
1.610401
1.612768
1.612768
1.626149
1.626149
1.599501
1.599501
1.614540
1.614540
1.606489
1.606489
1.621338
1.621338
1.616292
1.616292
1.622675
1.622675
1.621227
1.621227
1.607813
1.607813
1.601980
1.601980
1.601297
1.601297
1.599952
1.599952
1.625665
1.625665
1.610116
1.610116
1.613826
1.613826
1.606256
1.606256
1.608936
1.608936
1.618633
1.618633
1.597810
1.597810
1.617920
1.617920
1.613858
1.613858
1.605412
1.605412
1.610427
1.610427
1.622889
1.622889
1.610476
1.610476
1.606259
1.606259
1.619300
1.619300
1.600164
1.600164
1.612424
1.612424
1.619014
1.619014
1.603923
1.603923
1.625664
1.625664
1.614248
1.614248
1.601431
1.601431
1.606090
1.606090
1.608052
1.608052
1.616105
1.616105
1.613456
1.613456
1.603191
1.603191
1.616343
1.616343
1.605765
1.605765
1.622301
1.622301
1.619153
1.619153
1.609926
1.609926
1.605476
1.605476
1.595850
1.595850
1.614101
1.614101
1.623374
1.623374
1.610035
1.610035
1.600880
1.600880
1.606219
1.606219
1.600987
1.600987
1.619360
1.619360
1.611231
1.611231
1.611174
1.611174
1.613047
1.613047
1.614729
1.614729
1.618276
1.618276
1.608607
1.608607
1.613214
1.613214
1.597753
1.597753
1.617100
1.617100
1.613836
1.613836
1.602174
1.602174
1.617561
1.617561
1.602734
1.602734
1.611041
1.611041
1.601248
1.601248
1.616336
1.616336
1.611711
1.611711
1.615441
1.615441
1.611590
1.611590
1.598517
1.598517
1.611903
1.611903
1.615651
1.615651
1.618584
1.618584
1.610502
1.610502
1.607352
1.607352
1.607388
1.607388
1.609684
1.609684
1.621797
1.621797
1.612405
1.612405
1.600572
1.600572
1.615882
1.615882
1.609003
1.609003
1.617932
1.617932
1.602070
1.602070
1.615635
1.615635
1.612784
1.612784
1.610860
1.610860
1.613365
1.613365
1.620888
1.620888
1.614650
1.614650
1.609612
1.609612
1.611204
1.611204
1.594402
1.594402
1.614851
1.614851
1.615462
1.615462
1.606726
1.606726
1.608952
1.608952
1.607149
1.607149
1.614748
1.614748
1.598606
1.598606
1.613205
1.613205
1.614647
1.614647
1.612925
1.612925
1.609960
1.609960
1.602453
1.602453
1.613026
1.613026
1.623252
1.623252
1.603366
1.603366
1.612686
1.612686
1.605358
1.605358
1.611790
1.611790
1.601832
1.601832
1.624438
1.624438
1.612514
1.612514
1.619507
1.619507
1.595528
1.595528
1.601439
1.601439
1.627588
1.627588
1.621832
1.621832
1.604912
1.604912
1.616661
1.616661
1.604715
1.604715
1.603469
1.603469
1.615797
1.615797
1.609395
1.609395
1.611171
1.611171
1.610175
1.610175
1.605246
1.605246
1.611832
1.611832
1.612675
1.612675
1.608953
1.608953
1.606024
1.606024
1.613872
1.613872
1.599388
1.599388
1.613175
1.613175
1.615686
1.615686
1.610514
1.610514
1.614573
1.614573
1.599693
1.599693
1.612533
1.612533
1.613110
1.613110
1.607569
1.607569
1.621688
1.621688
1.604712
1.604712
1.612646
1.612646
1.611888
1.611888
1.615512
1.615512
1.606669
1.606669
1.604749
1.604749
1.611137
1.611137
1.615934
1.615934
1.605204
1.605204
1.616144
1.616144
1.612198
1.612198
1.607733
1.607733
1.609773
1.609773
1.606347
1.606347
1.617155
1.617155
1.618429
1.618429
1.602558
1.602558
1.599708
1.599708
1.610669
1.610669
1.622819
1.622819
1.602150
1.602150
1.613687
1.613687
1.609791
1.609791
1.627084
1.627084
1.595935
1.595935
1.612148
1.612148
1.597361
1.597361
1.619762
1.619762
1.606683
1.606683
1.616686
1.616686
1.603320
1.603320
1.622638
1.622638
1.613664
1.613664
1.600921
1.600921
1.610752
1.610752
1.621270
1.621270
1.598389
1.598389
1.601142
1.601142
1.610762
1.610762
1.621783
1.621783
1.606364
1.606364
1.607293
1.607293
1.607027
1.607027
1.615205
1.615205
1.616183
1.616183
1.608013
1.608013
1.617176
1.617176
1.618588
1.618588
1.596676
1.596676
1.610288
1.610288
1.614772
1.614772
1.612889
1.612889
1.607180
1.607180
1.602413
1.602413
1.614095
1.614095
1.600509
1.600509
1.611912
1.611912
1.615277
1.615277
1.618364
1.618364
1.602894
1.602894
1.601783
1.601783
1.602215
1.602215
1.621867
1.621867
1.611170
1.611170
1.613989
1.613989
1.612829
1.612829
1.622694
1.622694
1.614353
1.614353
1.602391
1.602391
1.594758
1.594758
1.613122
1.613122
1.621130
1.621130
1.614310
1.614310
1.592832
1.592832
1.608147
1.608147
1.612682
1.612682
1.599819
1.599819
1.608485
1.608485
1.610427
1.610427
1.620422
1.620422
1.613968
1.613968
1.602265
1.602265
1.628653
1.628653
1.606192
1.606192
1.595654
1.595654
1.598556
1.598556
1.601635
1.601635
1.614228
1.614228
1.615606
1.615606
1.621783
1.621783
1.609108
1.609108
1.608209
1.608209
1.595270
1.595270
1.616752
1.616752
1.622454
1.622454
1.618013
1.618013
1.609976
1.609976
1.601550
1.601550
1.611438
1.611438
1.607716
1.607716
1.608018
1.608018
1.602207
1.602207
1.619491
1.619491
1.607730
1.607730
1.611937
1.611937
1.614185
1.614185
1.611496
1.611496
1.611596
1.611596
1.608123
1.608123
1.601802
1.601802
1.612352
1.612352
1.621202
1.621202
1.604686
1.604686
1.604581
1.604581
1.604840
1.604840
1.611862
1.611862
1.613958
1.613958
1.610316
1.610316
1.602513
1.602513
1.609879
1.609879
1.608363
1.608363
1.606709
1.606709
1.608806
1.608806
1.611830
1.611830
1.613369
1.613369
1.614694
1.614694
1.605286
1.605286
1.613622
1.613622
1.601186
1.601186
1.614339
1.614339
1.621869
1.621869
1.611506
1.611506
1.605249
1.605249
1.598692
1.598692
1.610995
1.610995
1.623993
1.623993
1.598879
1.598879
1.616084
1.616084
1.605296
1.605296
1.602138
1.602138
1.608779
1.608779
1.614458
1.614458
1.608286
1.608286
1.608971
1.608971
1.606647
1.606647
1.593316
1.593316
1.619425
1.619425
1.606298
1.606298
1.613984
1.613984
1.615800
1.615800
1.597012
1.597012
1.611117
1.611117
1.607139
1.607139
1.617975
1.617975
1.615335
1.615335
1.614119
1.614119
1.610358
1.610358
1.606979
1.606979
1.606425
1.606425
1.609356
1.609356
1.605983
1.605983
1.616968
1.616968
1.606443
1.606443
1.613786
1.613786
1.602547
1.602547
1.613288
1.613288
1.601783
1.601783
1.617088
1.617088
1.625734
1.625734
1.583977
1.583977
1.614705
1.614705
1.610006
1.610006
1.598753
1.598753
1.608744
1.608744
1.615897
1.615897
1.607959
1.607959
1.604385
1.604385
1.617700
1.617700
1.623342
1.623342
1.589228
1.589228
1.618418
1.618418
1.620977
1.620977
1.602315
1.602315
1.609316
1.609316
1.591992
1.591992
1.618425
1.618425
1.613282
1.613282
1.605620
1.605620
1.612831
1.612831
1.592901
1.592901
1.608887
1.608887
1.608647
1.608647
1.617935
1.617935
1.606083
1.606083
1.603476
1.603476
1.617122
1.617122
1.608653
1.608653
1.595121
1.595121
1.615224
1.615224
1.610089
1.610089
1.612305
1.612305
1.599707
1.599707
1.612177
1.612177
1.607921
1.607921
1.614913
1.614913
1.604738
1.604738
1.607707
1.607707
1.611025
1.611025
1.612079
1.612079
1.610432
1.610432
1.602237
1.602237
1.599450
1.599450
1.613964
1.613964
1.619022
1.619022
1.611349
1.611349
1.609635
1.609635
1.614424
1.614424
1.612366
1.612366
1.604672
1.604672
1.603137
1.603137
1.597287
1.597287
1.618404
1.618404
1.616099
1.616099
1.607335
1.607335
1.605421
1.605421
1.621354
1.621354
1.592743
1.592743
1.605777
1.605777
1.620724
1.620724
1.603408
1.603408
1.614640
1.614640
1.599016
1.599016
1.618566
1.618566
1.601159
1.601159
1.612248
1.612248
1.608956
1.608956
1.606737
1.606737
1.608775
1.608775
1.602026
1.602026
1.620685
1.620685
1.613859
1.613859
1.621987
1.621987
1.598720
1.598720
1.601187
1.601187
1.608936
1.608936
1.614264
1.614264
1.606364
1.606364
1.610990
1.610990
1.602514
1.602514
1.610779
1.610779
1.615271
1.615271
1.593395
1.593395
1.617322
1.617322
1.603972
1.603972
1.615808
1.615808
1.610342
1.610342
1.594851
1.594851
1.604808
1.604808
1.629944
1.629944
1.603134
1.603134
1.614842
1.614842
1.611217
1.611217
1.602875
1.602875
1.614375
1.614375
1.598763
1.598763
1.596101
1.596101
1.619592
1.619592
1.616350
1.616350
1.602533
1.602533
1.609511
1.609511
1.620632
1.620632
1.618885
1.618885
1.608410
1.608410
1.597346
1.597346
1.595981
1.595981
1.610278
1.610278
1.595139
1.595139
1.625464
1.625464
1.605004
1.605004
1.607548
1.607548
1.607991
1.607991
1.606600
1.606600
1.621825
1.621825
1.603116
1.603116
1.602812
1.602812
1.600854
1.600854
1.613756
1.613756
1.607355
1.607355
1.612936
1.612936
1.608415
1.608415
1.611606
1.611606
1.611290
1.611290
1.611924
1.611924
1.605475
1.605475
1.601494
1.601494
1.607492
1.607492
1.619595
1.619595
1.605059
1.605059
1.596387
1.596387
1.616010
1.616010
1.605601
1.605601
1.613199
1.613199
1.612180
1.612180
1.615958
1.615958
1.592834
1.592834
1.611407
1.611407
1.599810
1.599810
1.613546
1.613546
1.613227
1.613227
1.603858
1.603858
1.611365
1.611365
1.614529
1.614529
1.602847
1.602847
1.602049
1.602049
1.612694
1.612694
1.602238
1.602238
1.608149
1.608149
1.609932
1.609932
1.615634
1.615634
1.606063
1.606063
1.609668
1.609668
1.612739
1.612739
1.608509
1.608509
1.611168
1.611168
1.598232
1.598232
1.608485
1.608485
1.606564
1.606564
1.622897
1.622897
1.609725
1.609725
1.591079
1.591079
1.604641
1.604641
1.604495
1.604495
1.618130
1.618130
1.613843
1.613843
1.599112
1.599112
1.608443
1.608443
1.601447
1.601447
1.610059
1.610059
1.607363
1.607363
1.616190
1.616190
1.613773
1.613773
1.620573
1.620573
1.590993
1.590993
1.608542
1.608542
1.607816
1.607816
1.613550
1.613550
1.594175
1.594175
1.603421
1.603421
1.613907
1.613907
1.618680
1.618680
1.603194
1.603194
1.613070
1.613070
1.600953
1.600953
1.609264
1.609264
1.616723
1.616723
1.618912
1.618912
1.601632
1.601632
1.603146
1.603146
1.610962
1.610962
1.606350
1.606350
1.598470
1.598470
1.623492
1.623492
1.602107
1.602107
1.613418
1.613418
1.602641
1.602641
1.602689
1.602689
1.608415
1.608415
1.603289
1.603289
1.613969
1.613969
1.613882
1.613882
1.600885
1.600885
1.619783
1.619783
1.621187
1.621187
1.599280
1.599280
1.597744
1.597744
1.601606
1.601606
1.611692
1.611692
1.590747
1.590747
1.613100
1.613100
1.627568
1.627568
1.612250
1.612250
1.608401
1.608401
1.607213
1.607213
1.603660
1.603660
1.609435
1.609435
1.624739
1.624739
1.606211
1.606211
1.606723
1.606723
1.600976
1.600976
1.600356
1.600356
1.595590
1.595590
1.600322
1.600322
1.620063
1.620063
1.618682
1.618682
1.605181
1.605181
1.625545
1.625545
1.598879
1.598879
1.614805
1.614805
1.598738
1.598738
1.600882
1.600882
1.601371
1.601371
1.611903
1.611903
1.603953
1.603953
1.617831
1.617831
1.604354
1.604354
1.610736
1.610736
1.608824
1.608824
1.590556
1.590556
1.613271
1.613271
1.618769
1.618769
1.607430
1.607430
1.610464
1.610464
1.627800
1.627800
1.602900
1.602900
1.587095
1.587095
1.605295
1.605295
1.594917
1.594917
1.626418
1.626418
1.602168
1.602168
1.611683
1.611683
1.598678
1.598678
1.612074
1.612074
1.610655
1.610655
1.607423
1.607423
1.611485
1.611485
1.614901
1.614901
1.597860
1.597860
1.606593
1.606593
1.617340
1.617340
1.601490
1.601490
1.616786
1.616786
1.600869
1.600869
1.609020
1.609020
1.603491
1.603491
1.609493
1.609493
1.599425
1.599425
1.614451
1.614451
1.602121
1.602121
1.615841
1.615841
1.607232
1.607232
1.604424
1.604424
1.615798
1.615798
1.610776
1.610776
1.608503
1.608503
1.597492
1.597492
1.620236
1.620236
1.606174
1.606174
1.607912
1.607912
1.595723
1.595723
1.609149
1.609149
1.604269
1.604269
1.614143
1.614143
1.603658
1.603658
1.612138
1.612138
1.603785
1.603785
1.602067
1.602067
1.605209
1.605209
1.618691
1.618691
1.619140
1.619140
1.590003
1.590003
1.607627
1.607627
1.615586
1.615586
1.602061
1.602061
1.608804
1.608804
1.603628
1.603628
1.603296
1.603296
1.595395
1.595395
1.613539
1.613539
1.607781
1.607781
1.621057
1.621057
1.617797
1.617797
1.602593
1.602593
1.595657
1.595657
1.605069
1.605069
1.619522
1.619522
1.602091
1.602091
1.609532
1.609532
1.612927
1.612927
1.608616
1.608616
1.604291
1.604291
1.603737
1.603737
1.603072
1.603072
1.606588
1.606588
1.594908
1.594908
1.635200
1.635200
1.606382
1.606382
1.613204
1.613204
1.613692
1.613692
1.599732
1.599732
1.604160
1.604160
1.614705
1.614705
1.609489
1.609489
1.604924
1.604924
1.602373
1.602373
1.605906
1.605906
1.621100
1.621100
1.604881
1.604881
1.615652
1.615652
1.596147
1.596147
1.597895
1.597895
1.608124
1.608124
1.609015
1.609015
1.610859
1.610859
1.604190
1.604190
1.604728
1.604728
1.604167
1.604167
1.603732
1.603732
1.614992
1.614992
1.609789
1.609789
1.603952
1.603952
1.610227
1.610227
1.607849
1.607849
1.593412
1.593412
1.608006
1.608006
1.620271
1.620271
1.600556
1.600556
1.604628
1.604628
1.611837
1.611837
1.590799
1.590799
1.634701
1.634701
1.610757
1.610757
1.615658
1.615658
1.615981
1.615981
1.595917
1.595917
1.596430
1.596430
1.605383
1.605383
1.608339
1.608339
1.606972
1.606972
1.609352
1.609352
1.606608
1.606608
1.600733
1.600733
1.617192
1.617192
1.601199
1.601199
1.613667
1.613667
1.603026
1.603026
1.615271
1.615271
1.610033
1.610033
1.611207
1.611207
1.600950
1.600950
1.597033
1.597033
1.609748
1.609748
1.614833
1.614833
1.597571
1.597571
1.602679
1.602679
1.612669
1.612669
1.604619
1.604619
1.612699
1.612699
1.598331
1.598331
1.602961
1.602961
1.620301
1.620301
1.609081
1.609081
1.597573
1.597573
1.613949
1.613949
1.605516
1.605516
1.610766
1.610766
1.602412
1.602412
1.614816
1.614816
1.598642
1.598642
1.607005
1.607005
1.614666
1.614666
1.602713
1.602713
1.598266
1.598266
1.612120
1.612120
1.610137
1.610137
1.614064
1.614064
1.618155
1.618155
1.613534
1.613534
1.600601
1.600601
1.595819
1.595819
1.607822
1.607822
1.604148
1.604148
1.596717
1.596717
1.604739
1.604739
1.608167
1.608167
1.625584
1.625584
1.606714
1.606714
1.605605
1.605605
1.607364
1.607364
1.602851
1.602851
1.614475
1.614475
1.597834
1.597834
1.607989
1.607989
1.614149
1.614149
1.605476
1.605476
1.610696
1.610696
1.610554
1.610554
1.598347
1.598347
1.605149
1.605149
1.614294
1.614294
1.606930
1.606930
1.607207
1.607207
1.615403
1.615403
1.599610
1.599610
1.608672
1.608672
1.603590
1.603590
1.611947
1.611947
1.615319
1.615319
1.603479
1.603479
1.600389
1.600389
1.603133
1.603133
1.606338
1.606338
1.610818
1.610818
1.602772
1.602772
1.603156
1.603156
1.613041
1.613041
1.627443
1.627443
1.602641
1.602641
1.599391
1.599391
1.600721
1.600721
1.603998
1.603998
1.613836
1.613836
1.600580
1.600580
1.611318
1.611318
1.600691
1.600691
1.608558
1.608558
1.600704
1.600704
1.622833
1.622833
1.623200
1.623200
1.593627
1.593627
1.590987
1.590987
1.613051
1.613051
1.606066
1.606066
1.598610
1.598610
1.619846
1.619846
1.594320
1.594320
1.612069
1.612069
1.604892
1.604892
1.611708
1.611708
1.594908
1.594908
1.611659
1.611659
1.619220
1.619220
1.594273
1.594273
1.595563
1.595563
1.607069
1.607069
1.620827
1.620827
1.607378
1.607378
1.599822
1.599822
1.609917
1.609917
1.612409
1.612409
1.603931
1.603931
1.614654
1.614654
1.595771
1.595771
1.604890
1.604890
1.621358
1.621358
1.594842
1.594842
1.615119
1.615119
1.601998
1.601998
1.605257
1.605257
1.593773
1.593773
1.620345
1.620345
1.603309
1.603309
1.622173
1.622173
1.591731
1.591731
1.603608
1.603608
1.614350
1.614350
1.599727
1.599727
1.605915
1.605915
1.607017
1.607017
1.603614
1.603614
1.619884
1.619884
1.615312
1.615312
1.601470
1.601470
1.601637
1.601637
1.610889
1.610889
1.603450
1.603450
1.604789
1.604789
1.604214
1.604214
1.607727
1.607727
1.616171
1.616171
1.598812
1.598812
1.606042
1.606042
1.605094
1.605094
1.604923
1.604923
1.611502
1.611502
1.605339
1.605339
1.608693
1.608693
1.601828
1.601828
1.602836
1.602836
1.615746
1.615746
1.603276
1.603276
1.617253
1.617253
1.597784
1.597784
1.604291
1.604291
1.605108
1.605108
1.608964
1.608964
1.595817
1.595817
1.607001
1.607001
1.613105
1.613105
1.611101
1.611101
1.605587
1.605587
1.596537
1.596537
1.592326
1.592326
1.610982
1.610982
1.609862
1.609862
1.627094
1.627094
1.603072
1.603072
1.607816
1.607816
1.608535
1.608535
1.602791
1.602791
1.611313
1.611313
1.596528
1.596528
1.609602
1.609602
1.610798
1.610798
1.612807
1.612807
1.601778
1.601778
1.599378
1.599378
1.602240
1.602240
1.617777
1.617777
1.611450
1.611450
1.600253
1.600253
1.606299
1.606299
1.607493
1.607493
1.614537
1.614537
1.605763
1.605763
1.596058
1.596058
1.602497
1.602497
1.608281
1.608281
1.607163
1.607163
1.605235
1.605235
1.609563
1.609563
1.603234
1.603234
1.608266
1.608266
1.600092
1.600092
1.622416
1.622416
1.595880
1.595880
1.607121
1.607121
1.604953
1.604953
1.599648
1.599648
1.606047
1.606047
1.616028
1.616028
1.608761
1.608761
1.612267
1.612267
1.592001
1.592001
1.606458
1.606458
1.613747
1.613747
1.611412
1.611412
1.597269
1.597269
1.609886
1.609886
1.595227
1.595227
1.620715
1.620715
1.609597
1.609597
1.603972
1.603972
1.609624
1.609624
1.606791
1.606791
1.600332
1.600332
1.606686
1.606686
1.592303
1.592303
1.605114
1.605114
1.607573
1.607573
1.623061
1.623061
1.602958
1.602958
1.610982
1.610982
1.619294
1.619294
1.593486
1.593486
1.604113
1.604113
1.608310
1.608310
1.603110
1.603110
1.604095
1.604095
1.601463
1.601463
1.616154
1.616154
1.614135
1.614135
1.614231
1.614231
1.597983
1.597983
1.597506
1.597506
1.607417
1.607417
1.613950
1.613950
1.602862
1.602862
1.597653
1.597653
1.605783
1.605783
1.611783
1.611783
1.599871
1.599871
1.607351
1.607351
1.610481
1.610481
1.597259
1.597259
1.618252
1.618252
1.609069
1.609069
1.608194
1.608194
1.614083
1.614083
1.596484
1.596484
1.602030
1.602030
1.616859
1.616859
1.599362
1.599362
1.593972
1.593972
1.605135
1.605135
1.617519
1.617519
1.600927
1.600927
1.603696
1.603696
1.614377
1.614377
1.595496
1.595496
1.618425
1.618425
1.599813
1.599813
1.605107
1.605107
1.598472
1.598472
1.619908
1.619908
1.607289
1.607289
1.610406
1.610406
1.603879
1.603879
1.599703
1.599703
1.618725
1.618725
1.595380
1.595380
1.603688
1.603688
1.617384
1.617384
1.592221
1.592221
1.596111
1.596111
1.624382
1.624382
1.598515
1.598515
1.611054
1.611054
1.596629
1.596629
1.621482
1.621482
1.601399
1.601399
1.599385
1.599385
1.614673
1.614673
1.602738
1.602738
1.601228
1.601228
1.613326
1.613326
1.599656
1.599656
1.601446
1.601446
1.605243
1.605243
1.616486
1.616486
1.607176
1.607176
1.608488
1.608488
1.594316
1.594316
1.599769
1.599769
1.614683
1.614683
1.614000
1.614000
1.617049
1.617049
1.605845
1.605845
1.588064
1.588064
1.610394
1.610394
1.608745
1.608745
1.597720
1.597720
1.613817
1.613817
1.600746
1.600746
1.608346
1.608346
1.609516
1.609516
1.601050
1.601050
1.608265
1.608265
1.607293
1.607293
1.607390
1.607390
1.605170
1.605170
1.604882
1.604882
1.607257
1.607257
1.608169
1.608169
1.602596
1.602596
1.606402
1.606402
1.616081
1.616081
1.607538
1.607538
1.610544
1.610544
1.604510
1.604510
1.586560
1.586560
1.606007
1.606007
1.602176
1.602176
1.601357
1.601357
1.612471
1.612471
1.607258
1.607258
1.604438
1.604438
1.604709
1.604709
1.608181
1.608181
1.602146
1.602146
1.610296
1.610296
1.610776
1.610776
1.608111
1.608111
1.597877
1.597877
1.607321
1.607321
1.604395
1.604395
1.599846
1.599846
1.594035
1.594035
1.615202
1.615202
1.614191
1.614191
1.605269
1.605269
1.598802
1.598802
1.603999
1.603999
1.613545
1.613545
1.611554
1.611554
1.599356
1.599356
1.598669
1.598669
1.607581
1.607581
1.607190
1.607190
1.607546
1.607546
1.607867
1.607867
1.613037
1.613037
1.600706
1.600706
1.599679
1.599679
1.614878
1.614878
1.598596
1.598596
1.603328
1.603328
1.600218
1.600218
1.611031
1.611031
1.606220
1.606220
1.607848
1.607848
1.616770
1.616770
1.610041
1.610041
1.605552
1.605552
1.588611
1.588611
1.607491
1.607491
1.609031
1.609031
1.606520
1.606520
1.599124
1.599124
1.598982
1.598982
1.616507
1.616507
1.610824
1.610824
1.619496
1.619496
1.603216
1.603216
1.590557
1.590557
1.603334
1.603334
1.619474
1.619474
1.592388
1.592388
1.600395
1.600395
1.600870
1.600870
1.616907
1.616907
1.611226
1.611226
1.590478
1.590478
1.611280
1.611280
1.605137
1.605137
1.610530
1.610530
1.608051
1.608051
1.607977
1.607977
1.603785
1.603785
1.601333
1.601333
1.606610
1.606610
1.607469
1.607469
1.595894
1.595894
1.614704
1.614704
1.609251
1.609251
1.598758
1.598758
1.595811
1.595811
1.628714
1.628714
1.598994
1.598994
1.603366
1.603366
1.599163
1.599163
1.618598
1.618598
1.590373
1.590373
1.601569
1.601569
1.611151
1.611151
1.605525
1.605525
1.600669
1.600669
1.598085
1.598085
1.607361
1.607361
1.623084
1.623084
1.596001
1.596001
1.597179
1.597179
1.607976
1.607976
1.615401
1.615401
1.601387
1.601387
1.604947
1.604947
1.599313
1.599313
1.605116
1.605116
1.609556
1.609556
1.617304
1.617304
1.593136
1.593136
1.607445
1.607445
1.605780
1.605780
1.613845
1.613845
1.602239
1.602239
1.595475
1.595475
1.605369
1.605369
1.605824
1.605824
1.604751
1.604751
1.611217
1.611217
1.598030
1.598030
1.611385
1.611385
1.615986
1.615986
1.595187
1.595187
1.607092
1.607092
1.594798
1.594798
1.615097
1.615097
1.612120
1.612120
1.610808
1.610808
1.602068
1.602068
1.581622
1.581622
1.613000
1.613000
1.611298
1.611298
1.610193
1.610193
1.593736
1.593736
1.596332
1.596332
1.600479
1.600479
1.604536
1.604536
1.598734
1.598734
1.616429
1.616429
1.606259
1.606259
1.608158
1.608158
1.603682
1.603682
1.620706
1.620706
1.590640
1.590640
1.602372
1.602372
1.600306
1.600306
1.609859
1.609859
1.605534
1.605534
1.608119
1.608119
1.601457
1.601457
1.604324
1.604324
1.610466
1.610466
1.601835
1.601835
1.609796
1.609796
1.598087
1.598087
1.616354
1.616354
1.599030
1.599030
1.598683
1.598683
1.603691
1.603691
1.608778
1.608778
1.612204
1.612204
1.604990
1.604990
1.594221
1.594221
1.611460
1.611460
1.602252
1.602252
1.606371
1.606371
1.612673
1.612673
1.602045
1.602045
1.604214
1.604214
1.599101
1.599101
1.606925
1.606925
1.591664
1.591664
1.607398
1.607398
1.609534
1.609534
1.611200
1.611200
1.596817
1.596817
1.612072
1.612072
1.616009
1.616009
1.594556
1.594556
1.606154
1.606154
1.604917
1.604917
1.607044
1.607044
1.612399
1.612399
1.606950
1.606950
1.591213
1.591213
1.603348
1.603348
1.608075
1.608075
1.607142
1.607142
1.603143
1.603143
1.603104
1.603104
1.594880
1.594880
1.613938
1.613938
1.621892
1.621892
1.597087
1.597087
1.595356
1.595356
1.621791
1.621791
1.594996
1.594996
1.602731
1.602731
1.609457
1.609457
1.593753
1.593753
1.600520
1.600520
1.596729
1.596729
1.615230
1.615230
1.603321
1.603321
1.610099
1.610099
1.596369
1.596369
1.616233
1.616233
1.612086
1.612086
1.587167
1.587167
1.614909
1.614909
1.602680
1.602680
1.598352
1.598352
1.608876
1.608876
1.606621
1.606621
1.608943
1.608943
1.589062
1.589062
1.611552
1.611552
1.608278
1.608278
1.611261
1.611261
1.604287
1.604287
1.610835
1.610835
1.600919
1.600919
1.612226
1.612226
1.598247
1.598247
1.601567
1.601567
1.606640
1.606640
1.606692
1.606692
1.602029
1.602029
1.606958
1.606958
1.601337
1.601337
1.610856
1.610856
1.606610
1.606610
1.596688
1.596688
1.606524
1.606524
1.603274
1.603274
1.614231
1.614231
1.600817
1.600817
1.596431
1.596431
1.609512
1.609512
1.602754
1.602754
1.613371
1.613371
1.605228
1.605228
1.601678
1.601678
1.591150
1.591150
1.614589
1.614589
1.608177
1.608177
1.617552
1.617552
1.594338
1.594338
1.605210
1.605210
1.597149
1.597149
1.592480
1.592480
1.605907
1.605907
1.636064
1.636064
1.594840
1.594840
1.592004
1.592004
1.606721
1.606721
1.607367
1.607367
1.604283
1.604283
1.601678
1.601678
1.603432
1.603432
1.599984
1.599984
1.611934
1.611934
1.610797
1.610797
1.604567
1.604567
1.594280
1.594280
1.599524
1.599524
1.598684
1.598684
1.611436
1.611436
1.613047
1.613047
1.599899
1.599899
1.609320
1.609320
1.610019
1.610019
1.604476
1.604476
1.599770
1.599770
1.598660
1.598660
1.596919
1.596919
1.602149
1.602149
1.594490
1.594490
1.614447
1.614447
1.618018
1.618018
1.598597
1.598597
1.599627
1.599627
1.612719
1.612719
1.599884
1.599884
1.614376
1.614376
1.604488
1.604488
1.602147
1.602147
1.602987
1.602987
1.609800
1.609800
1.603517
1.603517
1.593186
1.593186
1.602845
1.602845
1.603884
1.603884
1.614929
1.614929
1.609120
1.609120
1.616482
1.616482
1.601944
1.601944
1.602843
1.602843
1.600497
1.600497
1.600347
1.600347
1.604543
1.604543
1.607950
1.607950
1.605238
1.605238
1.612335
1.612335
1.589859
1.589859
1.594597
1.594597
1.618202
1.618202
1.607946
1.607946
1.593553
1.593553
1.609448
1.609448
1.610608
1.610608
1.601186
1.601186
1.597613
1.597613
1.607430
1.607430
1.606152
1.606152
1.597014
1.597014
1.611728
1.611728
1.599565
1.599565
1.609254
1.609254
1.605124
1.605124
1.611470
1.611470
1.602396
1.602396
1.605663
1.605663
1.608657
1.608657
1.591727
1.591727
1.607089
1.607089
1.598979
1.598979
1.603728
1.603728
1.597282
1.597282
1.617990
1.617990
1.600797
1.600797
1.607153
1.607153
1.596996
1.596996
1.603654
1.603654
1.615968
1.615968
1.606263
1.606263
1.608246
1.608246
1.608222
1.608222
1.606526
1.606526
1.590020
1.590020
1.606504
1.606504
1.608990
1.608990
1.603417
1.603417
1.606491
1.606491
1.594720
1.594720
1.611104
1.611104
1.592608
1.592608
1.607116
1.607116
1.606765
1.606765
1.604364
1.604364
1.607407
1.607407
1.600102
1.600102
1.602098
1.602098
1.604770
1.604770
1.608265
1.608265
1.602980
1.602980
1.601773
1.601773
1.605078
1.605078
1.593760
1.593760
1.621627
1.621627
1.601838
1.601838
1.600705
1.600705
1.603333
1.603333
1.612992
1.612992
1.602418
1.602418
1.619727
1.619727
1.590938
1.590938
1.596259
1.596259
1.610100
1.610100
1.604611
1.604611
1.600475
1.600475
1.606978
1.606978
1.603451
1.603451
1.599964
1.599964
1.612197
1.612197
1.598763
1.598763
1.597865
1.597865
1.607804
1.607804
1.599089
1.599089
1.621260
1.621260
1.603791
1.603791
1.612784
1.612784
1.612331
1.612331
1.593881
1.593881
1.597054
1.597054
1.611252
1.611252
1.596878
1.596878
1.611536
1.611536
1.597662
1.597662
1.603765
1.603765
1.608542
1.608542
1.606632
1.606632
1.597490
1.597490
1.605500
1.605500
1.602601
1.602601
1.605224
1.605224
1.600762
1.600762
1.599156
1.599156
1.615048
1.615048
1.599944
1.599944
1.599496
1.599496
1.607660
1.607660
1.603675
1.603675
1.607594
1.607594
1.602030
1.602030
1.596610
1.596610
1.611413
1.611413
1.597415
1.597415
1.621703
1.621703
1.591019
1.591019
1.601417
1.601417
1.608914
1.608914
1.609769
1.609769
1.605789
1.605789
1.592466
1.592466
1.613839
1.613839
1.599760
1.599760
1.609910
1.609910
1.604554
1.604554
1.589642
1.589642
1.593552
1.593552
1.596262
1.596262
1.613592
1.613592
1.608072
1.608072
1.610264
1.610264
1.602767
1.602767
1.602630
1.602630
1.614166
1.614166
1.600881
1.600881
1.598942
1.598942
1.597017
1.597017
1.609006
1.609006
1.600887
1.600887
1.606223
1.606223
1.607967
1.607967
1.602875
1.602875
1.606079
1.606079
1.603540
1.603540
1.608339
1.608339
1.598222
1.598222
