0.5106
0.5029
0.4760
0.5271
0.4645
0.4720
0.4135
0.4585
0.4307
0.4569
0.5280
0.4567
0.4360
0.5309
0.4047
0.4337
0.4764
0.4261
0.4954
0.4621
0.5397
0.5402
0.5003
0.5696
0.5044
0.4941
0.4462
0.4593
0.4868
0.5628
0.4176
0.5107
0.4785
0.4812
0.4069
0.4115
0.5238
0.4556
0.4433
0.3801
0.4337
0.5602
0.4970
0.5804
0.4481
0.4439
0.4228
0.4539
0.5045
0.4716
0.4579
0.4395
0.4791
0.5225
0.4159
0.4524
0.4849
0.4328
0.4496
0.4443
0.4227
0.4297
0.3850
0.4128
0.4359
0.4096
0.4993
0.5248
0.3627
0.4677
0.4655
0.5254
0.4575
0.4038
0.3950
