0.4908
0.4786
0.3995
0.4123
0.3346
0.3976
0.3483
0.3420
0.4045
0.3842
0.3317
0.3405
0.3702
0.3524
0.3620
0.3640
0.2978
0.3462
0.3656
0.3523
0.2992
0.3321
0.3039
0.3839
0.3820
0.3843
0.3210
0.2852
0.3271
0.3551
0.3280
0.3181
0.3563
0.2902
0.2818
0.3280
0.3094
0.3149
0.3553
0.3226
0.3475
0.3145
0.3170
0.3302
0.3437
0.3447
0.3906
0.3288
0.3019
0.3743
0.2842
0.2985
0.2565
0.3271
0.3088
0.3597
0.3391
0.3377
0.3052
0.2967
0.2998
0.3039
0.3310
0.3276
0.3018
0.3244
0.3035
0.3001
0.3165
0.3236
0.3378
0.2885
0.2902
0.3023
0.2615
