2.303601
2.303601
2.304495
2.304495
2.303419
2.303419
2.303106
2.303106
2.301867
2.301867
2.304695
2.304695
2.300547
2.300547
2.300395
2.300395
2.300658
2.300658
2.300714
2.300714
2.300438
2.300438
2.296572
2.296572
2.299121
2.299121
2.297271
2.297271
2.297353
2.297353
2.297151
2.297151
2.292393
2.292393
2.295860
2.295860
2.294291
2.294291
2.289092
2.289092
2.290451
2.290451
2.289113
2.289113
2.289615
2.289615
2.286595
2.286595
2.288915
2.288915
2.285865
2.285865
2.286145
2.286145
2.284688
2.284688
2.282386
2.282386
2.275054
2.275054
2.277684
2.277684
2.279448
2.279448
2.276901
2.276901
2.276289
2.276289
2.272087
2.272087
2.274038
2.274038
2.268483
2.268483
2.271272
2.271272
2.268768
2.268768
2.262427
2.262427
2.266739
2.266739
2.259804
2.259804
2.263422
2.263422
2.256202
2.256202
2.258516
2.258516
2.248066
2.248066
2.256059
2.256059
2.255145
2.255145
2.251637
2.251637
2.247073
2.247073
2.246320
2.246320
2.247243
2.247243
2.240684
2.240684
2.237529
2.237529
2.233747
2.233747
2.236505
2.236505
2.230099
2.230099
2.232236
2.232236
2.224430
2.224430
2.227996
2.227996
2.227205
2.227205
2.219796
2.219796
2.220188
2.220188
2.213647
2.213647
2.210448
2.210448
2.203182
2.203182
2.212060
2.212060
2.214448
2.214448
2.202903
2.202903
2.199993
2.199993
2.196457
2.196457
2.199527
2.199527
2.190794
2.190794
2.195800
2.195800
2.193629
2.193629
2.188842
2.188842
2.183630
2.183630
2.191790
2.191790
2.183011
2.183011
2.170878
2.170878
2.172074
2.172074
2.176774
2.176774
2.175486
2.175486
2.170100
2.170100
2.173181
2.173181
2.159893
2.159893
2.155159
2.155159
2.167132
2.167132
2.171205
2.171205
2.162244
2.162244
2.168642
2.168642
2.150627
2.150627
2.152028
2.152028
2.150382
2.150382
2.138554
2.138554
2.146848
2.146848
2.149891
2.149891
2.144983
2.144983
2.133727
2.133727
2.133601
2.133601
2.136370
2.136370
2.138977
2.138977
2.123015
2.123015
2.130357
2.130357
2.129143
2.129143
2.131364
2.131364
2.122677
2.122677
2.117903
2.117903
2.114534
2.114534
2.118407
2.118407
2.112846
2.112846
2.124110
2.124110
2.103013
2.103013
2.106130
2.106130
2.105484
2.105484
2.096227
2.096227
2.106536
2.106536
2.110758
2.110758
2.087346
2.087346
2.097832
2.097832
2.087128
2.087128
2.095811
2.095811
2.084173
2.084173
2.085628
2.085628
2.092794
2.092794
2.086159
2.086159
2.085444
2.085444
2.072394
2.072394
2.076203
2.076203
2.067356
2.067356
2.071453
2.071453
2.051001
2.051001
2.066387
2.066387
2.073649
2.073649
2.072612
2.072612
2.046224
2.046224
2.065867
2.065867
2.062382
2.062382
2.047069
2.047069
2.056831
2.056831
2.046753
2.046753
2.061665
2.061665
2.040489
2.040489
2.035551
2.035551
2.034835
2.034835
2.027373
2.027373
2.041526
2.041526
2.029967
2.029967
2.042602
2.042602
2.020852
2.020852
2.026959
2.026959
2.022094
2.022094
2.019738
2.019738
2.018028
2.018028
2.023150
2.023150
2.015224
2.015224
2.012601
2.012601
2.005772
2.005772
2.013465
2.013465
2.007196
2.007196
2.000824
2.000824
1.982188
1.982188
2.006413
2.006413
2.012107
2.012107
2.001753
2.001753
1.998718
1.998718
1.983796
1.983796
1.990325
1.990325
1.985855
1.985855
1.994317
1.994317
1.983774
1.983774
1.986676
1.986676
1.975996
1.975996
1.984501
1.984501
1.971641
1.971641
1.959203
1.959203
1.984249
1.984249
1.988851
1.988851
1.967388
1.967388
1.955056
1.955056
1.972100
1.972100
1.945700
1.945700
1.968638
1.968638
1.968250
1.968250
1.958910
1.958910
1.955436
1.955436
1.960150
1.960150
1.963675
1.963675
1.944549
1.944549
1.946885
1.946885
1.950285
1.950285
1.945116
1.945116
1.955616
1.955616
1.929160
1.929160
1.952690
1.952690
1.954525
1.954525
1.932909
1.932909
1.936582
1.936582
1.936512
1.936512
1.930035
1.930035
1.933363
1.933363
1.916386
1.916386
1.936492
1.936492
1.928896
1.928896
1.941126
1.941126
1.949060
1.949060
1.903752
1.903752
1.933105
1.933105
1.915124
1.915124
1.913133
1.913133
1.915860
1.915860
1.918028
1.918028
1.922251
1.922251
1.899866
1.899866
1.924242
1.924242
1.901489
1.901489
1.895622
1.895622
1.909075
1.909075
1.911521
1.911521
1.926705
1.926705
1.905473
1.905473
1.909807
1.909807
1.897536
1.897536
1.906071
1.906071
1.879808
1.879808
1.900530
1.900530
1.888428
1.888428
1.897331
1.897331
1.878945
1.878945
1.902025
1.902025
1.889077
1.889077
1.892487
1.892487
1.887883
1.887883
1.872350
1.872350
1.886094
1.886094
1.894036
1.894036
1.883601
1.883601
1.873959
1.873959
1.868528
1.868528
1.869256
1.869256
1.869837
1.869837
1.876659
1.876659
1.871935
1.871935
1.868652
1.868652
1.868586
1.868586
1.854648
1.854648
1.873312
1.873312
1.860083
1.860083
1.864874
1.864874
1.871985
1.871985
1.859169
1.859169
1.854343
1.854343
1.857353
1.857353
1.854943
1.854943
1.869555
1.869555
1.861609
1.861609
1.849165
1.849165
1.851002
1.851002
1.846941
1.846941
1.857028
1.857028
1.844080
1.844080
1.861055
1.861055
1.849927
1.849927
1.842642
1.842642
1.839665
1.839665
1.838421
1.838421
1.848016
1.848016
1.836854
1.836854
1.852183
1.852183
1.838838
1.838838
1.828370
1.828370
1.837032
1.837032
1.841765
1.841765
1.846215
1.846215
1.838773
1.838773
1.835780
1.835780
1.839587
1.839587
1.831115
1.831115
1.835500
1.835500
1.827225
1.827225
1.827084
1.827084
1.837506
1.837506
1.835678
1.835678
1.828211
1.828211
1.819750
1.819750
1.825408
1.825408
1.830113
1.830113
1.821685
1.821685
1.839285
1.839285
1.811339
1.811339
1.822286
1.822286
1.819715
1.819715
1.826128
1.826128
1.828670
1.828670
1.814015
1.814015
1.820565
1.820565
1.812557
1.812557
1.827482
1.827482
1.804593
1.804593
1.832172
1.832172
1.799446
1.799446
1.836912
1.836912
1.806492
1.806492
1.824650
1.824650
1.809369
1.809369
1.814637
1.814637
1.821010
1.821010
1.810523
1.810523
1.799538
1.799538
1.817232
1.817232
1.819398
1.819398
1.816893
1.816893
1.812499
1.812499
1.796220
1.796220
1.799908
1.799908
1.814274
1.814274
1.808450
1.808450
1.792880
1.792880
1.807213
1.807213
1.810189
1.810189
1.795150
1.795150
1.807760
1.807760
1.810708
1.810708
1.815276
1.815276
1.785700
1.785700
1.811331
1.811331
1.805704
1.805704
1.792722
1.792722
1.793458
1.793458
1.801761
1.801761
1.810068
1.810068
1.797114
1.797114
1.795449
1.795449
1.790619
1.790619
1.798841
1.798841
1.796324
1.796324
1.806448
1.806448
1.779078
1.779078
1.804122
1.804122
1.793183
1.793183
1.782774
1.782774
1.787110
1.787110
1.800138
1.800138
1.799884
1.799884
1.798950
1.798950
1.773453
1.773453
1.792374
1.792374
1.803509
1.803509
1.798035
1.798035
1.788618
1.788618
1.792727
1.792727
1.789708
1.789708
1.787731
1.787731
1.790562
1.790562
1.783589
1.783589
1.793048
1.793048
1.778777
1.778777
1.779004
1.779004
1.785749
1.785749
1.801049
1.801049
1.786193
1.786193
1.781670
1.781670
1.767281
1.767281
1.802273
1.802273
1.787766
1.787766
1.784436
1.784436
1.765371
1.765371
1.789467
1.789467
1.787678
1.787678
1.788949
1.788949
1.786790
1.786790
1.795347
1.795347
1.769288
1.769288
1.772470
1.772470
1.781367
1.781367
1.792486
1.792486
1.789751
1.789751
1.773087
1.773087
1.769503
1.769503
1.769068
1.769068
1.787380
1.787380
1.778845
1.778845
1.793369
1.793369
1.762608
1.762608
1.761631
1.761631
1.763749
1.763749
1.756308
1.756308
1.777921
1.777921
1.799411
1.799411
1.782275
1.782275
1.772527
1.772527
1.767308
1.767308
1.778404
1.778404
1.770981
1.770981
1.782457
1.782457
1.765627
1.765627
1.776325
1.776325
1.763609
1.763609
1.793033
1.793033
1.760932
1.760932
1.765225
1.765225
1.780560
1.780560
1.756501
1.756501
1.770467
1.770467
1.783711
1.783711
1.769555
1.769555
1.757896
1.757896
1.765558
1.765558
1.779062
1.779062
1.775412
1.775412
1.764866
1.764866
1.758378
1.758378
1.777812
1.777812
1.764367
1.764367
1.774747
1.774747
1.779316
1.779316
1.758091
1.758091
1.751378
1.751378
1.766826
1.766826
1.778321
1.778321
1.766776
1.766776
1.777058
1.777058
1.763963
1.763963
1.761014
1.761014
1.753362
1.753362
1.750573
1.750573
1.768257
1.768257
1.766631
1.766631
1.755839
1.755839
1.779608
1.779608
1.772326
1.772326
1.762251
1.762251
1.752906
1.752906
1.762317
1.762317
1.760912
1.760912
1.753594
1.753594
1.772567
1.772567
1.760493
1.760493
1.746683
1.746683
1.773777
1.773777
1.753125
1.753125
1.770507
1.770507
1.766263
1.766263
1.755269
1.755269
1.751387
1.751387
1.766591
1.766591
1.756858
1.756858
1.755309
1.755309
1.768622
1.768622
1.741242
1.741242
1.748607
1.748607
1.742141
1.742141
1.778550
1.778550
1.762785
1.762785
1.753108
1.753108
1.753256
1.753256
1.746467
1.746467
1.766433
1.766433
1.762645
1.762645
1.750151
1.750151
1.754604
1.754604
1.752615
1.752615
1.757902
1.757902
1.762883
1.762883
1.744329
1.744329
1.749073
1.749073
1.756482
1.756482
1.761380
1.761380
1.750247
1.750247
1.751110
1.751110
1.760860
1.760860
1.757008
1.757008
1.753661
1.753661
1.743559
1.743559
1.747136
1.747136
1.756848
1.756848
1.761711
1.761711
1.738026
1.738026
1.744027
1.744027
1.758884
1.758884
1.760963
1.760963
1.749274
1.749274
1.750027
1.750027
1.743535
1.743535
1.748636
1.748636
1.763737
1.763737
1.750028
1.750028
1.753116
1.753116
1.738497
1.738497
1.740531
1.740531
1.753574
1.753574
1.745883
1.745883
1.739407
1.739407
1.758457
1.758457
1.744638
1.744638
1.738116
1.738116
1.764277
1.764277
1.748326
1.748326
1.741286
1.741286
1.745450
1.745450
1.742065
1.742065
1.754325
1.754325
1.737447
1.737447
1.742484
1.742484
1.759258
1.759258
1.742688
1.742688
1.751345
1.751345
1.744046
1.744046
1.739775
1.739775
1.751703
1.751703
1.743086
1.743086
1.745188
1.745188
1.730133
1.730133
1.738276
1.738276
1.772698
1.772698
1.748568
1.748568
1.743504
1.743504
1.739520
1.739520
1.736122
1.736122
1.753569
1.753569
1.744356
1.744356
1.742147
1.742147
1.744364
1.744364
1.730285
1.730285
1.756462
1.756462
1.727843
1.727843
1.744637
1.744637
1.751681
1.751681
1.748438
1.748438
1.736985
1.736985
1.748268
1.748268
1.741073
1.741073
1.730079
1.730079
1.738609
1.738609
1.750080
1.750080
1.747148
1.747148
1.723520
1.723520
1.755622
1.755622
1.732544
1.732544
1.744127
1.744127
1.747246
1.747246
1.752012
1.752012
1.724625
1.724625
1.739266
1.739266
1.733787
1.733787
1.724489
1.724489
1.742390
1.742390
1.740694
1.740694
1.743537
1.743537
1.744040
1.744040
1.734550
1.734550
1.739206
1.739206
1.743623
1.743623
1.744126
1.744126
1.726283
1.726283
1.739796
1.739796
1.751538
1.751538
1.729169
1.729169
1.725132
1.725132
1.741503
1.741503
1.720459
1.720459
1.725513
1.725513
1.758349
1.758349
1.727959
1.727959
1.753655
1.753655
1.725013
1.725013
1.746273
1.746273
1.736886
1.736886
1.730194
1.730194
1.741537
1.741537
1.724318
1.724318
1.745908
1.745908
1.746323
1.746323
1.732053
1.732053
1.724303
1.724303
1.736785
1.736785
1.729164
1.729164
1.733416
1.733416
1.745720
1.745720
1.724343
1.724343
1.746939
1.746939
1.739002
1.739002
1.739151
1.739151
1.722268
1.722268
1.717244
1.717244
1.742276
1.742276
1.741926
1.741926
1.717641
1.717641
1.730726
1.730726
1.731546
1.731546
1.710865
1.710865
1.712463
1.712463
1.757581
1.757581
1.737319
1.737319
1.745297
1.745297
1.728480
1.728480
1.737242
1.737242
1.726816
1.726816
1.731074
1.731074
1.734442
1.734442
1.721541
1.721541
1.725908
1.725908
1.746816
1.746816
1.727651
1.727651
1.732583
1.732583
1.723396
1.723396
1.738460
1.738460
1.725503
1.725503
1.737528
1.737528
1.724909
1.724909
1.723223
1.723223
1.739104
1.739104
1.721763
1.721763
1.720593
1.720593
1.746235
1.746235
1.738224
1.738224
1.721444
1.721444
1.738129
1.738129
1.712863
1.712863
1.734891
1.734891
1.724446
1.724446
1.728508
1.728508
1.736348
1.736348
1.720922
1.720922
1.731635
1.731635
1.736040
1.736040
1.719067
1.719067
1.728225
1.728225
1.740232
1.740232
1.711172
1.711172
1.729020
1.729020
1.721236
1.721236
1.737840
1.737840
1.717425
1.717425
1.729984
1.729984
1.743871
1.743871
1.727358
1.727358
1.724475
1.724475
1.718575
1.718575
1.715377
1.715377
1.726780
1.726780
1.740917
1.740917
1.725007
1.725007
1.722320
1.722320
1.710804
1.710804
1.722392
1.722392
1.726526
1.726526
1.727903
1.727903
1.723436
1.723436
1.725664
1.725664
1.728824
1.728824
1.714816
1.714816
1.742685
1.742685
1.716406
1.716406
1.718994
1.718994
1.723098
1.723098
1.722664
1.722664
1.727235
1.727235
1.714672
1.714672
1.734291
1.734291
1.734239
1.734239
1.729843
1.729843
1.726798
1.726798
1.712116
1.712116
1.711652
1.711652
1.712135
1.712135
1.735814
1.735814
1.719023
1.719023
1.729489
1.729489
1.716330
1.716330
1.718118
1.718118
1.717984
1.717984
1.716791
1.716791
1.727171
1.727171
1.733402
1.733402
1.718318
1.718318
1.729217
1.729217
1.726145
1.726145
1.716900
1.716900
1.716795
1.716795
1.725127
1.725127
1.721151
1.721151
1.713045
1.713045
1.718386
1.718386
1.729486
1.729486
1.727776
1.727776
1.719899
1.719899
1.703705
1.703705
1.722619
1.722619
1.730680
1.730680
1.717638
1.717638
1.701415
1.701415
1.725701
1.725701
1.731622
1.731622
1.724371
1.724371
1.721542
1.721542
1.715645
1.715645
1.708703
1.708703
1.720459
1.720459
1.733568
1.733568
1.718427
1.718427
1.721337
1.721337
1.726690
1.726690
1.720437
1.720437
1.704570
1.704570
1.708364
1.708364
1.723727
1.723727
1.730017
1.730017
1.720062
1.720062
1.707082
1.707082
1.708184
1.708184
1.722095
1.722095
1.723277
1.723277
1.706278
1.706278
1.731641
1.731641
1.712740
1.712740
1.703397
1.703397
1.725187
1.725187
1.738122
1.738122
1.703773
1.703773
1.737320
1.737320
1.705392
1.705392
1.717576
1.717576
1.708980
1.708980
1.713176
1.713176
1.714257
1.714257
1.729951
1.729951
1.707705
1.707705
1.709565
1.709565
1.719542
1.719542
1.715031
1.715031
1.713431
1.713431
1.707571
1.707571
1.727119
1.727119
1.714105
1.714105
1.708268
1.708268
1.719716
1.719716
1.708224
1.708224
1.730090
1.730090
1.706823
1.706823
1.719095
1.719095
1.706692
1.706692
1.719108
1.719108
1.722466
1.722466
1.702062
1.702062
1.693295
1.693295
1.704079
1.704079
1.727683
1.727683
1.718490
1.718490
1.728388
1.728388
1.719810
1.719810
1.716694
1.716694
1.723134
1.723134
1.705100
1.705100
1.698448
1.698448
1.711809
1.711809
1.714222
1.714222
1.723533
1.723533
1.698854
1.698854
1.715410
1.715410
1.714082
1.714082
1.728787
1.728787
1.716727
1.716727
1.691403
1.691403
1.708624
1.708624
1.711096
1.711096
1.712169
1.712169
1.708990
1.708990
1.719670
1.719670
1.703901
1.703901
1.704036
1.704036
1.717644
1.717644
1.713426
1.713426
1.698334
1.698334
1.723450
1.723450
1.713548
1.713548
1.700917
1.700917
1.721435
1.721435
1.701817
1.701817
1.714443
1.714443
1.710596
1.710596
1.720148
1.720148
1.705488
1.705488
1.711662
1.711662
1.697945
1.697945
1.705468
1.705468
1.699229
1.699229
1.717465
1.717465
1.711379
1.711379
1.712104
1.712104
1.700653
1.700653
1.704767
1.704767
1.718760
1.718760
1.707124
1.707124
1.711166
1.711166
1.728942
1.728942
1.720899
1.720899
1.694717
1.694717
1.702221
1.702221
1.687982
1.687982
1.704482
1.704482
1.718917
1.718917
1.701580
1.701580
1.707040
1.707040
1.702431
1.702431
1.695022
1.695022
1.696922
1.696922
1.717777
1.717777
1.723394
1.723394
1.697083
1.697083
1.700433
1.700433
1.702793
1.702793
1.706286
1.706286
1.711492
1.711492
1.708252
1.708252
1.714292
1.714292
1.699009
1.699009
1.706430
1.706430
1.714738
1.714738
1.687326
1.687326
1.727783
1.727783
1.707651
1.707651
1.692402
1.692402
1.696575
1.696575
1.695802
1.695802
1.702766
1.702766
1.705317
1.705317
1.710666
1.710666
1.685807
1.685807
1.716336
1.716336
1.700794
1.700794
1.715454
1.715454
1.705497
1.705497
1.695139
1.695139
1.696815
1.696815
1.703779
1.703779
1.692955
1.692955
1.701926
1.701926
1.710032
1.710032
1.702728
1.702728
1.692040
1.692040
1.716863
1.716863
1.704665
1.704665
1.698843
1.698843
1.694121
1.694121
1.699372
1.699372
1.710722
1.710722
1.685252
1.685252
1.711767
1.711767
1.696364
1.696364
1.706266
1.706266
1.712418
1.712418
1.690903
1.690903
1.706629
1.706629
1.680975
1.680975
1.711484
1.711484
1.706367
1.706367
1.684247
1.684247
1.698933
1.698933
1.695785
1.695785
1.699429
1.699429
1.694680
1.694680
1.697769
1.697769
1.698971
1.698971
1.704339
1.704339
1.695956
1.695956
1.690821
1.690821
1.715620
1.715620
1.693772
1.693772
1.693676
1.693676
1.712261
1.712261
1.705171
1.705171
1.689675
1.689675
1.679021
1.679021
1.702374
1.702374
1.694495
1.694495
1.689223
1.689223
1.688661
1.688661
1.712011
1.712011
1.700457
1.700457
1.701492
1.701492
1.702763
1.702763
1.704942
1.704942
1.680601
1.680601
1.690049
1.690049
1.697586
1.697586
1.700590
1.700590
1.691575
1.691575
1.693091
1.693091
1.694791
1.694791
1.689593
1.689593
1.686418
1.686418
1.707127
1.707127
1.693569
1.693569
1.698983
1.698983
1.695800
1.695800
1.684229
1.684229
1.693915
1.693915
1.688938
1.688938
1.712587
1.712587
1.707907
1.707907
1.685151
1.685151
1.698209
1.698209
1.702137
1.702137
1.670988
1.670988
1.693373
1.693373
1.692923
1.692923
1.691974
1.691974
1.696780
1.696780
1.690301
1.690301
1.675557
1.675557
1.679792
1.679792
1.709647
1.709647
1.706137
1.706137
1.691791
1.691791
1.699126
1.699126
1.691344
1.691344
1.695963
1.695963
1.687152
1.687152
1.685452
1.685452
1.683568
1.683568
1.698804
1.698804
1.685931
1.685931
1.689222
1.689222
1.702199
1.702199
1.701066
1.701066
1.682433
1.682433
1.679501
1.679501
1.698150
1.698150
1.694544
1.694544
1.701077
1.701077
1.692874
1.692874
1.688873
1.688873
1.687620
1.687620
1.679733
1.679733
1.697902
1.697902
1.682948
1.682948
1.667352
1.667352
1.701916
1.701916
1.702012
1.702012
1.687251
1.687251
1.688850
1.688850
1.690688
1.690688
1.694662
1.694662
1.684708
1.684708
1.677503
1.677503
1.697352
1.697352
1.703979
1.703979
1.677484
1.677484
1.688048
1.688048
1.685989
1.685989
1.700414
1.700414
1.676409
1.676409
1.695838
1.695838
1.682092
1.682092
1.702626
1.702626
1.678256
1.678256
1.684758
1.684758
1.685531
1.685531
1.688485
1.688485
1.693074
1.693074
1.678792
1.678792
1.681956
1.681956
1.698527
1.698527
1.683969
1.683969
1.695030
1.695030
1.690417
1.690417
1.685727
1.685727
1.690505
1.690505
1.669413
1.669413
1.689395
1.689395
1.699391
1.699391
1.683605
1.683605
1.672727
1.672727
1.687070
1.687070
1.683049
1.683049
1.687118
1.687118
1.689387
1.689387
1.689098
1.689098
1.679829
1.679829
1.677400
1.677400
1.693239
1.693239
1.690194
1.690194
1.678370
1.678370
1.688721
1.688721
1.678396
1.678396
1.679288
1.679288
1.702609
1.702609
1.682752
1.682752
1.681071
1.681071
1.686447
1.686447
1.666585
1.666585
1.690809
1.690809
1.684077
1.684077
1.697113
1.697113
1.669902
1.669902
1.693200
1.693200
1.683717
1.683717
1.689320
1.689320
1.684005
1.684005
1.683211
1.683211
1.693652
1.693652
1.685148
1.685148
1.674568
1.674568
1.680664
1.680664
1.671662
1.671662
1.695223
1.695223
1.683666
1.683666
1.692494
1.692494
1.669854
1.669854
1.673381
1.673381
1.701033
1.701033
1.662550
1.662550
1.690652
1.690652
1.686325
1.686325
1.690326
1.690326
1.671971
1.671971
1.681832
1.681832
1.679750
1.679750
1.688285
1.688285
1.682336
1.682336
1.678774
1.678774
1.699405
1.699405
1.678819
1.678819
1.666230
1.666230
1.686310
1.686310
1.692659
1.692659
1.671456
1.671456
1.679338
1.679338
1.675575
1.675575
1.678182
1.678182
1.674269
1.674269
1.682780
1.682780
1.688163
1.688163
1.680786
1.680786
1.689548
1.689548
1.670335
1.670335
1.672824
1.672824
1.682545
1.682545
1.688361
1.688361
1.681522
1.681522
1.675429
1.675429
1.683048
1.683048
1.688460
1.688460
1.669222
1.669222
1.693948
1.693948
1.675888
1.675888
1.664865
1.664865
1.697628
1.697628
1.661792
1.661792
1.693896
1.693896
1.657219
1.657219
1.692110
1.692110
1.691189
1.691189
1.656595
1.656595
1.679848
1.679848
1.684921
1.684921
1.685281
1.685281
1.680964
1.680964
1.658315
1.658315
1.670681
1.670681
1.690394
1.690394
1.672426
1.672426
1.660524
1.660524
1.701970
1.701970
1.673537
1.673537
1.677521
1.677521
1.674799
1.674799
1.684905
1.684905
1.678544
1.678544
1.663848
1.663848
1.695494
1.695494
1.670358
1.670358
1.671154
1.671154
1.688442
1.688442
1.680347
1.680347
1.668247
1.668247
1.674872
1.674872
1.678895
1.678895
1.684065
1.684065
1.676268
1.676268
1.678564
1.678564
1.673680
1.673680
1.667228
1.667228
1.689883
1.689883
1.677601
1.677601
1.682017
1.682017
1.674760
1.674760
1.665598
1.665598
1.682134
1.682134
1.682676
1.682676
1.669003
1.669003
1.687310
1.687310
1.660719
1.660719
1.680089
1.680089
1.672351
1.672351
1.681526
1.681526
1.674430
1.674430
1.679091
1.679091
1.668074
1.668074
1.670753
1.670753
1.673548
1.673548
1.674447
1.674447
1.673157
1.673157
1.685042
1.685042
1.666981
1.666981
1.672343
1.672343
1.675590
1.675590
1.677950
1.677950
1.681529
1.681529
1.672569
1.672569
1.668677
1.668677
1.666262
1.666262
1.681169
1.681169
1.684341
1.684341
1.674782
1.674782
1.674626
1.674626
1.678007
1.678007
1.670782
1.670782
1.670131
1.670131
1.667139
1.667139
1.670061
1.670061
1.685298
1.685298
1.681070
1.681070
1.661176
1.661176
1.675335
1.675335
1.682315
1.682315
1.677726
1.677726
1.668017
1.668017
1.659111
1.659111
1.661683
1.661683
1.667008
1.667008
1.658530
1.658530
1.692677
1.692677
1.686151
1.686151
1.667560
1.667560
1.681090
1.681090
1.665541
1.665541
1.671223
1.671223
1.677006
1.677006
1.683664
1.683664
1.677549
1.677549
1.668189
1.668189
1.665060
1.665060
1.663505
1.663505
1.675066
1.675066
1.666189
1.666189
1.666968
1.666968
1.684595
1.684595
1.663362
1.663362
1.667214
1.667214
1.671144
1.671144
1.666560
1.666560
1.662989
1.662989
1.692294
1.692294
1.674857
1.674857
1.674247
1.674247
1.678526
1.678526
1.662222
1.662222
1.662694
1.662694
1.670201
1.670201
1.670190
1.670190
1.662227
1.662227
1.671808
1.671808
1.679808
1.679808
1.677372
1.677372
1.661917
1.661917
1.655248
1.655248
1.666994
1.666994
1.693791
1.693791
1.681900
1.681900
1.672655
1.672655
1.656196
1.656196
1.670039
1.670039
1.667617
1.667617
1.681122
1.681122
1.673262
1.673262
1.650035
1.650035
1.672407
1.672407
1.670469
1.670469
1.662571
1.662571
1.658885
1.658885
1.659850
1.659850
1.692045
1.692045
1.672723
1.672723
1.673072
1.673072
1.650822
1.650822
1.672856
1.672856
1.670484
1.670484
1.678299
1.678299
1.662645
1.662645
1.665470
1.665470
1.686701
1.686701
1.664617
1.664617
1.660968
1.660968
1.670612
1.670612
1.658803
1.658803
1.668488
1.668488
1.675969
1.675969
1.665894
1.665894
1.648949
1.648949
1.668665
1.668665
1.663402
1.663402
1.680679
1.680679
1.679101
1.679101
1.674972
1.674972
1.655181
1.655181
1.675248
1.675248
1.663718
1.663718
1.667773
1.667773
1.660100
1.660100
1.671991
1.671991
1.660796
1.660796
1.676249
1.676249
1.665783
1.665783
1.669445
1.669445
1.667496
1.667496
1.671099
1.671099
1.666151
1.666151
1.657539
1.657539
1.670142
1.670142
1.674919
1.674919
1.663441
1.663441
1.663408
1.663408
1.658441
1.658441
1.663284
1.663284
1.653828
1.653828
1.677820
1.677820
1.665537
1.665537
1.670747
1.670747
1.664812
1.664812
1.665262
1.665262
1.691536
1.691536
1.657135
1.657135
1.645996
1.645996
1.665535
1.665535
1.658224
1.658224
1.663187
1.663187
1.669428
1.669428
1.672070
1.672070
1.659416
1.659416
1.659458
1.659458
1.670033
1.670033
1.668995
1.668995
1.668260
1.668260
1.662223
1.662223
1.661303
1.661303
1.672605
1.672605
1.668195
1.668195
1.658390
1.658390
1.661934
1.661934
1.647289
1.647289
1.682979
1.682979
1.663030
1.663030
1.667854
1.667854
1.664259
1.664259
1.661720
1.661720
1.661681
1.661681
1.665157
1.665157
1.669029
1.669029
1.677817
1.677817
1.653957
1.653957
1.653764
1.653764
1.662119
1.662119
1.673659
1.673659
1.662835
1.662835
1.663350
1.663350
1.664168
1.664168
1.663732
1.663732
1.663823
1.663823
1.670606
1.670606
1.653889
1.653889
1.675139
1.675139
1.654463
1.654463
1.661971
1.661971
1.658495
1.658495
1.673361
1.673361
1.656618
1.656618
1.660416
1.660416
1.666752
1.666752
1.665099
1.665099
1.668636
1.668636
1.652920
1.652920
1.661722
1.661722
1.665555
1.665555
1.655389
1.655389
1.661999
1.661999
1.679993
1.679993
1.643325
1.643325
1.673420
1.673420
1.645259
1.645259
1.661123
1.661123
1.680568
1.680568
1.670866
1.670866
1.650254
1.650254
1.658431
1.658431
1.659251
1.659251
1.661226
1.661226
1.663601
1.663601
1.667680
1.667680
1.653222
1.653222
1.649876
1.649876
1.671296
1.671296
1.667736
1.667736
1.666435
1.666435
1.669128
1.669128
1.656462
1.656462
1.660295
1.660295
1.658950
1.658950
1.661336
1.661336
1.673049
1.673049
1.669228
1.669228
1.650331
1.650331
1.658620
1.658620
1.651667
1.651667
1.661826
1.661826
1.666147
1.666147
1.654161
1.654161
1.666864
1.666864
1.652729
1.652729
1.651918
1.651918
1.658753
1.658753
1.656602
1.656602
1.671567
1.671567
1.663795
1.663795
1.652978
1.652978
1.664275
1.664275
1.668718
1.668718
1.658671
1.658671
1.654896
1.654896
1.663441
1.663441
1.662950
1.662950
1.666164
1.666164
1.660574
1.660574
1.642646
1.642646
1.655854
1.655854
1.660411
1.660411
1.663233
1.663233
1.669745
1.669745
1.645908
1.645908
1.652168
1.652168
1.654514
1.654514
1.647053
1.647053
1.674564
1.674564
1.670425
1.670425
1.662986
1.662986
1.661913
1.661913
1.656989
1.656989
1.650737
1.650737
1.663415
1.663415
1.667345
1.667345
1.655636
1.655636
1.645456
1.645456
1.661800
1.661800
1.664879
1.664879
1.677229
1.677229
1.654576
1.654576
1.655382
1.655382
1.657662
1.657662
1.645051
1.645051
1.661567
1.661567
1.657680
1.657680
1.659594
1.659594
1.659701
1.659701
1.651365
1.651365
1.653937
1.653937
1.656914
1.656914
1.655475
1.655475
1.668303
1.668303
1.654686
1.654686
1.643947
1.643947
1.664984
1.664984
1.668854
1.668854
1.650198
1.650198
1.661485
1.661485
1.657436
1.657436
1.663286
1.663286
1.655280
1.655280
1.668381
1.668381
1.639432
1.639432
1.648697
1.648697
1.660870
1.660870
1.663819
1.663819
1.648830
1.648830
1.665624
1.665624
1.663848
1.663848
1.648305
1.648305
1.663072
1.663072
1.653760
1.653760
1.655663
1.655663
1.651194
1.651194
1.653245
1.653245
1.655019
1.655019
1.666162
1.666162
1.658398
1.658398
1.651295
1.651295
1.659621
1.659621
1.667222
1.667222
1.654174
1.654174
1.648552
1.648552
1.656303
1.656303
1.656658
1.656658
1.651519
1.651519
1.665668
1.665668
1.649798
1.649798
1.652155
1.652155
1.665409
1.665409
1.646917
1.646917
1.648281
1.648281
1.670081
1.670081
1.672800
1.672800
1.644234
1.644234
1.664635
1.664635
1.649206
1.649206
1.646005
1.646005
1.658910
1.658910
1.663353
1.663353
1.660435
1.660435
1.645809
1.645809
1.647516
1.647516
1.664018
1.664018
1.638551
1.638551
1.649490
1.649490
1.664010
1.664010
1.661672
1.661672
1.664562
1.664562
1.657007
1.657007
1.639971
1.639971
1.660840
1.660840
1.652369
1.652369
1.646760
1.646760
1.648637
1.648637
1.678283
1.678283
1.653928
1.653928
1.644431
1.644431
1.648412
1.648412
1.653156
1.653156
1.662057
1.662057
1.656256
1.656256
1.652695
1.652695
1.659129
1.659129
1.648250
1.648250
1.662477
1.662477
1.655317
1.655317
1.644727
1.644727
1.662288
1.662288
1.655002
1.655002
1.646001
1.646001
1.657297
1.657297
1.649080
1.649080
1.656344
1.656344
1.641502
1.641502
1.661926
1.661926
1.655604
1.655604
1.654230
1.654230
1.645991
1.645991
1.657214
1.657214
1.660320
1.660320
1.648861
1.648861
1.656616
1.656616
1.647791
1.647791
1.649654
1.649654
1.659649
1.659649
1.655141
1.655141
1.655476
1.655476
1.651600
1.651600
1.655053
1.655053
1.649820
1.649820
1.656608
1.656608
1.653108
1.653108
1.659095
1.659095
1.645377
1.645377
1.664093
1.664093
1.653155
1.653155
1.640997
1.640997
1.651410
1.651410
1.651427
1.651427
1.654554
1.654554
1.651922
1.651922
1.655193
1.655193
1.644701
1.644701
1.656237
1.656237
1.648067
1.648067
1.657815
1.657815
1.657028
1.657028
1.652084
1.652084
1.649498
1.649498
1.653346
1.653346
1.656294
1.656294
1.650216
1.650216
1.645198
1.645198
1.646128
1.646128
1.646931
1.646931
1.662107
1.662107
1.662529
1.662529
1.643200
1.643200
1.653618
1.653618
1.657017
1.657017
1.660208
1.660208
1.644168
1.644168
1.649892
1.649892
1.649127
1.649127
1.658130
1.658130
1.650211
1.650211
1.651309
1.651309
1.649586
1.649586
1.653700
1.653700
1.654087
1.654087
1.645308
1.645308
1.655881
1.655881
1.644517
1.644517
1.651089
1.651089
1.663259
1.663259
1.648307
1.648307
1.649031
1.649031
1.649529
1.649529
1.662438
1.662438
1.655123
1.655123
1.648878
1.648878
1.636820
1.636820
1.634675
1.634675
1.654557
1.654557
1.656636
1.656636
1.660613
1.660613
1.647452
1.647452
1.652077
1.652077
1.642570
1.642570
1.663591
1.663591
1.649374
1.649374
1.644821
1.644821
1.638619
1.638619
1.650004
1.650004
1.658999
1.658999
1.645918
1.645918
1.661223
1.661223
1.640736
1.640736
1.662287
1.662287
1.638814
1.638814
1.650899
1.650899
1.661048
1.661048
1.642385
1.642385
1.654124
1.654124
1.647200
1.647200
1.654437
1.654437
1.653083
1.653083
1.651143
1.651143
1.658699
1.658699
1.654009
1.654009
1.651154
1.651154
1.630833
1.630833
1.654749
1.654749
1.644691
1.644691
1.641743
1.641743
1.648465
1.648465
1.661378
1.661378
1.654638
1.654638
1.653975
1.653975
1.652367
1.652367
1.645385
1.645385
1.639342
1.639342
1.667737
1.667737
1.648685
1.648685
1.652575
1.652575
1.633636
1.633636
1.642821
1.642821
1.649147
1.649147
1.640864
1.640864
1.651613
1.651613
1.647978
1.647978
1.657991
1.657991
1.654963
1.654963
1.659946
1.659946
1.640203
1.640203
1.640083
1.640083
1.649853
1.649853
1.645399
1.645399
1.649061
1.649061
1.645441
1.645441
1.647487
1.647487
1.658484
1.658484
1.648116
1.648116
1.657810
1.657810
1.636729
1.636729
1.643907
1.643907
1.658426
1.658426
1.652915
1.652915
1.636327
1.636327
1.655713
1.655713
1.648898
1.648898
1.648194
1.648194
1.656588
1.656588
1.648775
1.648775
1.649198
1.649198
1.646405
1.646405
1.638228
1.638228
1.652448
1.652448
1.645705
1.645705
1.638792
1.638792
1.649719
1.649719
1.655017
1.655017
1.653935
1.653935
1.655582
1.655582
1.649311
1.649311
1.632985
1.632985
1.647485
1.647485
1.662096
1.662096
1.642063
1.642063
1.654406
1.654406
1.640959
1.640959
1.636769
1.636769
1.642665
1.642665
1.656933
1.656933
1.648011
1.648011
1.641073
1.641073
1.649252
1.649252
1.650779
1.650779
1.648474
1.648474
1.628353
1.628353
1.655312
1.655312
1.655391
1.655391
1.642720
1.642720
1.647886
1.647886
1.641538
1.641538
1.651906
1.651906
1.652913
1.652913
1.637067
1.637067
1.649755
1.649755
1.641522
1.641522
1.657423
1.657423
1.649717
1.649717
1.644785
1.644785
1.645358
1.645358
1.637146
1.637146
1.663573
1.663573
1.642308
1.642308
1.635761
1.635761
1.652864
1.652864
1.658208
1.658208
1.641938
1.641938
1.643885
1.643885
1.648183
1.648183
1.659534
1.659534
1.631620
1.631620
1.640016
1.640016
1.654635
1.654635
1.648651
1.648651
1.644619
1.644619
1.632559
1.632559
1.649239
1.649239
1.659002
1.659002
1.635778
1.635778
1.652090
1.652090
1.644516
1.644516
1.650153
1.650153
1.648632
1.648632
1.648159
1.648159
1.639555
1.639555
1.644359
1.644359
1.642217
1.642217
1.657940
1.657940
1.643423
1.643423
1.629442
1.629442
1.649270
1.649270
1.646700
1.646700
1.663759
1.663759
1.647188
1.647188
1.637815
1.637815
1.644798
1.644798
1.655982
1.655982
1.641589
1.641589
1.658796
1.658796
1.644423
1.644423
1.638913
1.638913
1.648747
1.648747
1.634222
1.634222
1.642655
1.642655
1.640445
1.640445
1.657523
1.657523
1.639795
1.639795
1.646336
1.646336
1.644149
1.644149
1.638899
1.638899
1.647344
1.647344
1.641300
1.641300
1.656255
1.656255
1.647583
1.647583
1.640935
1.640935
1.646399
1.646399
1.647373
1.647373
1.642046
1.642046
1.630700
1.630700
1.661451
1.661451
1.640594
1.640594
1.644240
1.644240
1.647713
1.647713
1.651917
1.651917
1.653097
1.653097
1.651705
1.651705
1.628268
1.628268
1.636750
1.636750
1.647939
1.647939
1.643849
1.643849
1.634380
1.634380
1.650462
1.650462
1.646258
1.646258
1.641030
1.641030
1.654375
1.654375
1.645847
1.645847
1.637791
1.637791
1.642307
1.642307
1.652632
1.652632
1.641077
1.641077
1.634571
1.634571
1.643465
1.643465
1.650502
1.650502
1.643982
1.643982
1.641022
1.641022
1.636060
1.636060
1.644545
1.644545
1.657233
1.657233
1.637760
1.637760
1.648888
1.648888
1.647406
1.647406
1.640229
1.640229
1.645483
1.645483
1.634102
1.634102
1.652573
1.652573
1.628343
1.628343
1.638111
1.638111
1.671001
1.671001
1.649083
1.649083
1.645082
1.645082
1.633541
1.633541
1.640917
1.640917
1.650728
1.650728
1.634463
1.634463
1.647312
1.647312
1.655108
1.655108
1.642300
1.642300
1.636613
1.636613
1.636018
1.636018
1.660100
1.660100
1.649234
1.649234
1.635896
1.635896
1.633130
1.633130
1.625063
1.625063
1.648795
1.648795
1.634393
1.634393
1.650246
1.650246
1.660675
1.660675
1.636465
1.636465
1.654638
1.654638
1.644636
1.644636
1.633500
1.633500
1.646370
1.646370
1.633108
1.633108
1.644160
1.644160
1.642994
1.642994
1.646175
1.646175
1.648991
1.648991
1.644311
1.644311
1.650972
1.650972
1.635548
1.635548
1.645594
1.645594
1.635618
1.635618
1.637865
1.637865
1.639281
1.639281
1.629725
1.629725
1.659969
1.659969
1.646741
1.646741
1.650213
1.650213
1.656522
1.656522
1.638446
1.638446
1.623462
1.623462
1.643622
1.643622
1.640126
1.640126
1.638118
1.638118
1.640622
1.640622
1.634143
1.634143
1.662278
1.662278
1.644624
1.644624
1.641067
1.641067
1.640054
1.640054
1.646183
1.646183
1.637791
1.637791
1.653039
1.653039
1.638821
1.638821
1.633693
1.633693
1.645383
1.645383
1.638199
1.638199
1.655346
1.655346
1.649069
1.649069
1.637418
1.637418
1.625995
1.625995
1.641246
1.641246
1.641869
1.641869
1.653934
1.653934
1.640540
1.640540
1.637278
1.637278
1.633153
1.633153
1.642748
1.642748
1.631279
1.631279
1.642827
1.642827
1.651769
1.651769
1.638554
1.638554
1.648059
1.648059
1.645625
1.645625
1.653200
1.653200
1.625759
1.625759
1.632726
1.632726
1.658543
1.658543
1.623399
1.623399
1.644200
1.644200
1.643941
1.643941
1.635087
1.635087
1.650547
1.650547
1.649732
1.649732
1.632735
1.632735
1.633757
1.633757
1.638415
1.638415
1.626713
1.626713
1.649156
1.649156
1.640879
1.640879
1.639719
1.639719
1.650467
1.650467
1.655750
1.655750
1.633605
1.633605
1.645028
1.645028
1.629904
1.629904
1.639896
1.639896
1.638316
1.638316
1.633530
1.633530
1.642437
1.642437
1.649240
1.649240
1.640038
1.640038
1.647291
1.647291
1.635804
1.635804
1.643237
1.643237
1.637844
1.637844
1.638427
1.638427
1.659084
1.659084
1.639391
1.639391
1.629719
1.629719
1.637726
1.637726
1.635459
1.635459
1.643825
1.643825
1.650476
1.650476
1.640463
1.640463
1.627946
1.627946
1.638683
1.638683
1.643722
1.643722
1.630054
1.630054
1.631285
1.631285
1.644345
1.644345
1.654507
1.654507
1.642205
1.642205
1.629364
1.629364
1.649715
1.649715
1.647150
1.647150
1.629956
1.629956
1.637673
1.637673
1.636238
1.636238
1.643371
1.643371
1.651274
1.651274
1.629023
1.629023
1.637707
1.637707
1.639893
1.639893
1.638473
1.638473
1.639284
1.639284
1.644743
1.644743
1.631414
1.631414
1.638728
1.638728
1.629011
1.629011
1.642828
1.642828
1.660689
1.660689
1.641905
1.641905
1.640627
1.640627
1.630911
1.630911
1.645414
1.645414
1.638843
1.638843
1.639821
1.639821
1.659245
1.659245
1.640877
1.640877
1.637658
1.637658
1.614658
1.614658
1.638841
1.638841
1.644207
1.644207
1.635517
1.635517
1.644530
1.644530
1.632021
1.632021
1.650155
1.650155
1.644042
1.644042
1.617383
1.617383
1.642011
1.642011
1.643161
1.643161
1.633079
1.633079
1.649026
1.649026
1.635929
1.635929
1.643517
1.643517
1.632468
1.632468
1.631948
1.631948
1.642671
1.642671
1.639593
1.639593
1.640986
1.640986
1.639640
1.639640
1.634903
1.634903
1.630413
1.630413
1.647328
1.647328
1.645732
1.645732
1.634946
1.634946
1.634221
1.634221
1.641969
1.641969
1.651323
1.651323
1.627876
1.627876
1.637948
1.637948
1.631159
1.631159
1.633116
1.633116
1.657750
1.657750
1.638473
1.638473
1.630831
1.630831
1.633830
1.633830
1.631703
1.631703
1.641601
1.641601
1.643499
1.643499
1.642443
1.642443
1.641940
1.641940
1.635648
1.635648
1.631757
1.631757
1.638635
1.638635
1.645041
1.645041
1.642102
1.642102
1.623722
1.623722
1.658526
1.658526
1.618576
1.618576
1.650633
1.650633
1.643867
1.643867
1.623067
1.623067
1.653348
1.653348
1.621298
1.621298
1.651630
1.651630
1.637236
1.637236
1.635285
1.635285
1.636610
1.636610
1.638927
1.638927
1.642816
1.642816
1.633516
1.633516
1.640119
1.640119
1.642673
1.642673
1.653098
1.653098
1.615410
1.615410
1.642681
1.642681
1.631658
1.631658
1.639340
1.639340
1.627140
1.627140
1.650443
1.650443
1.631851
1.631851
1.643202
1.643202
1.645033
1.645033
1.633186
1.633186
1.634174
1.634174
1.636956
1.636956
1.637131
1.637131
1.632722
1.632722
1.641873
1.641873
1.639241
1.639241
1.644301
1.644301
1.639516
1.639516
1.634252
1.634252
1.637556
1.637556
1.629851
1.629851
1.642633
1.642633
1.629278
1.629278
1.631334
1.631334
1.637040
1.637040
1.648338
1.648338
1.639036
1.639036
1.637021
1.637021
1.640489
1.640489
1.628504
1.628504
1.641708
1.641708
1.634236
1.634236
1.644434
1.644434
1.624361
1.624361
1.640857
1.640857
1.642485
1.642485
1.644592
1.644592
1.632084
1.632084
1.637333
1.637333
1.630366
1.630366
1.641202
1.641202
1.632741
1.632741
1.638665
1.638665
1.637171
1.637171
1.633840
1.633840
1.642978
1.642978
1.627663
1.627663
1.633887
1.633887
1.635660
1.635660
1.650506
1.650506
1.635679
1.635679
1.641400
1.641400
1.626720
1.626720
1.651976
1.651976
1.623479
1.623479
1.640195
1.640195
1.635736
1.635736
1.638681
1.638681
1.631238
1.631238
1.649118
1.649118
1.625538
1.625538
1.644212
1.644212
1.639430
1.639430
1.641443
1.641443
1.624592
1.624592
1.631256
1.631256
1.634295
1.634295
1.647051
1.647051
1.632469
1.632469
1.625605
1.625605
1.643423
1.643423
1.641570
1.641570
1.631454
1.631454
1.642228
1.642228
1.635384
1.635384
1.628742
1.628742
1.628094
1.628094
1.643039
1.643039
1.638218
1.638218
1.639326
1.639326
1.630544
1.630544
1.643767
1.643767
1.628630
1.628630
1.631326
1.631326
1.637334
1.637334
1.639431
1.639431
1.634091
1.634091
1.644471
1.644471
1.628519
1.628519
1.645309
1.645309
1.624611
1.624611
1.632996
1.632996
1.637755
1.637755
1.624847
1.624847
1.649565
1.649565
1.633018
1.633018
1.627931
1.627931
1.634035
1.634035
1.634170
1.634170
1.636435
1.636435
1.648121
1.648121
1.640576
1.640576
1.617646
1.617646
1.635196
1.635196
1.654383
1.654383
1.628451
1.628451
1.637759
1.637759
1.625255
1.625255
1.632212
1.632212
1.647618
1.647618
1.634017
1.634017
1.654572
1.654572
1.629253
1.629253
1.630065
1.630065
1.623857
1.623857
1.639769
1.639769
1.641020
1.641020
1.640465
1.640465
1.643092
1.643092
1.627895
1.627895
1.620735
1.620735
1.637413
1.637413
1.642895
1.642895
1.633881
1.633881
1.630787
1.630787
1.629497
1.629497
1.637515
1.637515
1.641162
1.641162
1.633387
1.633387
1.642237
1.642237
1.617221
1.617221
1.630007
1.630007
1.633419
1.633419
1.640641
1.640641
1.630554
1.630554
1.641198
1.641198
1.638460
1.638460
1.635027
1.635027
1.634874
1.634874
1.635023
1.635023
1.629640
1.629640
1.634662
1.634662
1.636029
1.636029
1.620743
1.620743
1.634789
1.634789
1.650489
1.650489
1.641837
1.641837
1.634024
1.634024
1.632775
1.632775
1.627045
1.627045
1.638071
1.638071
1.632193
1.632193
1.639255
1.639255
1.633224
1.633224
1.636101
1.636101
1.631106
1.631106
1.639723
1.639723
1.630095
1.630095
1.621627
1.621627
1.640799
1.640799
1.641179
1.641179
1.639916
1.639916
1.633293
1.633293
1.628586
1.628586
1.631960
1.631960
1.638692
1.638692
1.642624
1.642624
1.648530
1.648530
1.623732
1.623732
1.621263
1.621263
1.635103
1.635103
1.625680
1.625680
1.641710
1.641710
1.632739
1.632739
1.642588
1.642588
1.626312
1.626312
1.632510
1.632510
1.645525
1.645525
1.631131
1.631131
1.625718
1.625718
1.635530
1.635530
1.647021
1.647021
1.641662
1.641662
1.635399
1.635399
1.611601
1.611601
1.633943
1.633943
1.634754
1.634754
1.628383
1.628383
1.637539
1.637539
1.619096
1.619096
1.653252
1.653252
1.632751
1.632751
1.640357
1.640357
1.636798
1.636798
1.626033
1.626033
1.632467
1.632467
1.627697
1.627697
1.632086
1.632086
1.635181
1.635181
1.643627
1.643627
1.628574
1.628574
1.622455
1.622455
1.633129
1.633129
1.632195
1.632195
1.644920
1.644920
1.635360
1.635360
1.632956
1.632956
1.620762
1.620762
1.626136
1.626136
1.653277
1.653277
1.634258
1.634258
1.640874
1.640874
1.630972
1.630972
1.641077
1.641077
1.630412
1.630412
1.620948
1.620948
1.626432
1.626432
1.630308
1.630308
1.649489
1.649489
1.627078
1.627078
1.632916
1.632916
1.632193
1.632193
1.626268
1.626268
1.631338
1.631338
1.624867
1.624867
1.655654
1.655654
1.641650
1.641650
1.631741
1.631741
1.621743
1.621743
1.648372
1.648372
1.619047
1.619047
1.635022
1.635022
1.627353
1.627353
1.631636
1.631636
1.630358
1.630358
1.642416
1.642416
1.632115
1.632115
1.634691
1.634691
1.637594
1.637594
1.634292
1.634292
1.623964
1.623964
1.629217
1.629217
1.633116
1.633116
1.640069
1.640069
1.621954
1.621954
1.641343
1.641343
1.640345
1.640345
1.630834
1.630834
1.624937
1.624937
1.637983
1.637983
1.628619
1.628619
1.640995
1.640995
1.628975
1.628975
1.640338
1.640338
1.627969
1.627969
1.622852
1.622852
1.622078
1.622078
1.632861
1.632861
1.633100
1.633100
1.638240
1.638240
1.637304
1.637304
1.637234
1.637234
1.634363
1.634363
1.630970
1.630970
1.625061
1.625061
1.635078
1.635078
1.625335
1.625335
1.644767
1.644767
1.628215
1.628215
1.628882
1.628882
1.635078
1.635078
1.616810
1.616810
1.636758
1.636758
1.641257
1.641257
1.622876
1.622876
1.646412
1.646412
1.648783
1.648783
1.634170
1.634170
1.626430
1.626430
1.630539
1.630539
1.618115
1.618115
1.631695
1.631695
1.625826
1.625826
1.630670
1.630670
1.642244
1.642244
1.629439
1.629439
1.625957
1.625957
1.634484
1.634484
1.635711
1.635711
1.629559
1.629559
1.634819
1.634819
1.626670
1.626670
1.634658
1.634658
1.630641
1.630641
1.633677
1.633677
1.634380
1.634380
1.630604
1.630604
1.634818
1.634818
1.640075
1.640075
1.632465
1.632465
1.618454
1.618454
1.633598
1.633598
1.637658
1.637658
1.623511
1.623511
1.635666
1.635666
1.627356
1.627356
1.640608
1.640608
1.628184
1.628184
1.629776
1.629776
1.633783
1.633783
1.624441
1.624441
1.634479
1.634479
1.633628
1.633628
1.627707
1.627707
1.631554
1.631554
1.630161
1.630161
1.628751
1.628751
1.624299
1.624299
1.640669
1.640669
1.636522
1.636522
1.626057
1.626057
1.628428
1.628428
1.635237
1.635237
1.638026
1.638026
1.622679
1.622679
1.632890
1.632890
1.630852
1.630852
1.628516
1.628516
1.630891
1.630891
1.633398
1.633398
1.633269
1.633269
1.633160
1.633160
1.626591
1.626591
1.639527
1.639527
1.624942
1.624942
1.632065
1.632065
1.634274
1.634274
1.623727
1.623727
1.627474
1.627474
1.640633
1.640633
1.629205
1.629205
1.638183
1.638183
1.627292
1.627292
1.630949
1.630949
1.622156
1.622156
1.638112
1.638112
1.634622
1.634622
1.613859
1.613859
1.631995
1.631995
1.633128
1.633128
1.643833
1.643833
1.629956
1.629956
1.633188
1.633188
1.628939
1.628939
1.629296
1.629296
1.633621
1.633621
1.627114
1.627114
1.634419
1.634419
1.627880
1.627880
1.638174
1.638174
1.625372
1.625372
1.623325
1.623325
1.631536
1.631536
1.626415
1.626415
1.634401
1.634401
1.639764
1.639764
1.622057
1.622057
1.620862
1.620862
1.613927
1.613927
1.651191
1.651191
1.648828
1.648828
1.625646
1.625646
1.623588
1.623588
1.635858
1.635858
1.627162
1.627162
1.643072
1.643072
1.629151
1.629151
1.620453
1.620453
1.643665
1.643665
1.621570
1.621570
1.639346
1.639346
1.635988
1.635988
1.619863
1.619863
1.622484
1.622484
1.628927
1.628927
1.648328
1.648328
1.625979
1.625979
1.641080
1.641080
1.643557
1.643557
1.618655
1.618655
1.620333
1.620333
1.621065
1.621065
1.635781
1.635781
1.629135
1.629135
1.639146
1.639146
1.625047
1.625047
1.611773
1.611773
1.627460
1.627460
1.641326
1.641326
1.641605
1.641605
1.628281
1.628281
1.630568
1.630568
1.622195
1.622195
1.630044
1.630044
1.646091
1.646091
1.619385
1.619385
1.644017
1.644017
1.635942
1.635942
1.633687
1.633687
1.619258
1.619258
1.613907
1.613907
1.628989
1.628989
1.635690
1.635690
1.630772
1.630772
1.620457
1.620457
1.634676
1.634676
1.627137
1.627137
1.635195
1.635195
1.630716
1.630716
1.626578
1.626578
1.629561
1.629561
1.629804
1.629804
1.624390
1.624390
1.630691
1.630691
1.630633
1.630633
1.634237
1.634237
1.640580
1.640580
1.624757
1.624757
1.644477
1.644477
1.619978
1.619978
1.615924
1.615924
1.642976
1.642976
1.626227
1.626227
1.623763
1.623763
1.631898
1.631898
1.621618
1.621618
1.628659
1.628659
1.624854
1.624854
1.629269
1.629269
1.633124
1.633124
1.632362
1.632362
1.635370
1.635370
1.630336
1.630336
1.623268
1.623268
1.643028
1.643028
1.611792
1.611792
1.623236
1.623236
1.616894
1.616894
1.627703
1.627703
1.641979
1.641979
1.639075
1.639075
1.638580
1.638580
1.625047
1.625047
1.626991
1.626991
1.632064
1.632064
1.622532
1.622532
1.632975
1.632975
1.627234
1.627234
1.633990
1.633990
1.619239
1.619239
1.633642
1.633642
1.646540
1.646540
1.632418
1.632418
1.628881
1.628881
1.625341
1.625341
1.608513
1.608513
1.626567
1.626567
1.638950
1.638950
1.630324
1.630324
1.615550
1.615550
1.635296
1.635296
1.645176
1.645176
1.613285
1.613285
1.641654
1.641654
1.624599
1.624599
1.618204
1.618204
1.626878
1.626878
1.633840
1.633840
1.622094
1.622094
1.633632
1.633632
1.628095
1.628095
1.628378
1.628378
1.626458
1.626458
1.634879
1.634879
1.628878
1.628878
1.624966
1.624966
1.623710
1.623710
1.624152
1.624152
1.638087
1.638087
1.630810
1.630810
1.626833
1.626833
1.634776
1.634776
1.624938
1.624938
1.627387
1.627387
1.624272
1.624272
1.633138
1.633138
1.634854
1.634854
1.634460
1.634460
1.624876
1.624876
1.619813
1.619813
1.629417
1.629417
1.624596
1.624596
1.635045
1.635045
1.632406
1.632406
1.617683
1.617683
1.634332
1.634332
1.631552
1.631552
1.637290
1.637290
1.628529
1.628529
1.620263
1.620263
1.624010
1.624010
1.630264
1.630264
1.640975
1.640975
1.630247
1.630247
1.625212
1.625212
1.612258
1.612258
1.631349
1.631349
1.635118
1.635118
1.624127
1.624127
1.630906
1.630906
1.618318
1.618318
1.627428
1.627428
1.629611
1.629611
1.628630
1.628630
1.626233
1.626233
1.629888
1.629888
1.639536
1.639536
1.626991
1.626991
1.624040
1.624040
1.629010
1.629010
1.619866
1.619866
1.624676
1.624676
1.626709
1.626709
1.638904
1.638904
1.632539
1.632539
1.615368
1.615368
1.631810
1.631810
1.635069
1.635069
1.611476
1.611476
1.627025
1.627025
1.636762
1.636762
1.629007
1.629007
1.617673
1.617673
1.627503
1.627503
1.640098
1.640098
1.625217
1.625217
1.626538
1.626538
1.637020
1.637020
1.623451
1.623451
1.621998
1.621998
1.631387
1.631387
1.636388
1.636388
1.624544
1.624544
1.621081
1.621081
1.631108
1.631108
1.625835
1.625835
1.633056
1.633056
1.634341
1.634341
1.629767
1.629767
1.621469
1.621469
1.618525
1.618525
1.624920
1.624920
1.634958
1.634958
1.631490
1.631490
1.632689
1.632689
1.611330
1.611330
1.625414
1.625414
1.618482
1.618482
1.625212
1.625212
1.621382
1.621382
1.652878
1.652878
1.630751
1.630751
1.626682
1.626682
1.634315
1.634315
1.630368
1.630368
1.612933
1.612933
1.632752
1.632752
1.622574
1.622574
1.619447
1.619447
1.633228
1.633228
1.630166
1.630166
1.621367
1.621367
1.617157
1.617157
1.635063
1.635063
1.638988
1.638988
1.624056
1.624056
1.624724
1.624724
1.629224
1.629224
1.627480
1.627480
1.629520
1.629520
1.625696
1.625696
1.627692
1.627692
1.631446
1.631446
1.623675
1.623675
1.635379
1.635379
1.616234
1.616234
1.620557
1.620557
1.627553
1.627553
1.629069
1.629069
1.622464
1.622464
1.639021
1.639021
1.629278
1.629278
1.621561
1.621561
1.620135
1.620135
1.635263
1.635263
1.630383
1.630383
1.633648
1.633648
1.619420
1.619420
1.628370
1.628370
1.625704
1.625704
1.628845
1.628845
1.633167
1.633167
1.616982
1.616982
1.629577
1.629577
1.621739
1.621739
1.635543
1.635543
1.621664
1.621664
1.629380
1.629380
1.628106
1.628106
1.636268
1.636268
1.617709
1.617709
1.630176
1.630176
1.631641
1.631641
1.608815
1.608815
1.630666
1.630666
1.634966
1.634966
1.633857
1.633857
1.614552
1.614552
1.619158
1.619158
1.628551
1.628551
1.641029
1.641029
1.634103
1.634103
1.619668
1.619668
1.626128
1.626128
1.625006
1.625006
1.629659
1.629659
1.628087
1.628087
1.621582
1.621582
1.626370
1.626370
1.633448
1.633448
1.623551
1.623551
1.624812
1.624812
1.628130
1.628130
1.616606
1.616606
1.630097
1.630097
1.635463
1.635463
1.623084
1.623084
1.628587
1.628587
1.618261
1.618261
1.640047
1.640047
1.622151
1.622151
1.622145
1.622145
1.617202
1.617202
1.636318
1.636318
1.625077
1.625077
1.633312
1.633312
1.618011
1.618011
1.621903
1.621903
1.629668
1.629668
1.632901
1.632901
1.630750
1.630750
1.623792
1.623792
1.617506
1.617506
1.641420
1.641420
1.619019
1.619019
1.631291
1.631291
1.610084
1.610084
1.629911
1.629911
1.632475
1.632475
1.633169
1.633169
1.626039
1.626039
1.616018
1.616018
1.637704
1.637704
1.620614
1.620614
1.630016
1.630016
1.627273
1.627273
1.621506
1.621506
1.629929
1.629929
1.629890
1.629890
1.625917
1.625917
1.623282
1.623282
1.632330
1.632330
1.616557
1.616557
1.616301
1.616301
1.635433
1.635433
1.631184
1.631184
1.627119
1.627119
1.623515
1.623515
1.627613
1.627613
1.635337
1.635337
1.614609
1.614609
1.623087
1.623087
1.617746
1.617746
1.631143
1.631143
1.640592
1.640592
1.615510
1.615510
1.619206
1.619206
1.641843
1.641843
1.623157
1.623157
1.623017
1.623017
1.621817
1.621817
1.620869
1.620869
1.627795
1.627795
1.629342
1.629342
1.630824
1.630824
1.619442
1.619442
1.625971
1.625971
1.625584
1.625584
1.633570
1.633570
1.622288
1.622288
1.620842
1.620842
1.627959
1.627959
1.619300
1.619300
1.618858
1.618858
1.625290
1.625290
1.640478
1.640478
1.626955
1.626955
1.631646
1.631646
1.623705
1.623705
1.624138
1.624138
1.621322
1.621322
1.631071
1.631071
1.616532
1.616532
1.633367
1.633367
1.617487
1.617487
1.630941
1.630941
1.633399
1.633399
1.623821
1.623821
1.617910
1.617910
1.625516
1.625516
1.627845
1.627845
1.622734
1.622734
1.615867
1.615867
1.621698
1.621698
1.629943
1.629943
1.640480
1.640480
1.623548
1.623548
1.628348
1.628348
1.633319
1.633319
1.622826
1.622826
1.617870
1.617870
1.624871
1.624871
1.622983
1.622983
1.630798
1.630798
1.628848
1.628848
1.618200
1.618200
1.626201
1.626201
1.621691
1.621691
1.635117
1.635117
1.618152
1.618152
1.625758
1.625758
1.629859
1.629859
1.636611
1.636611
1.619636
1.619636
1.615146
1.615146
1.625280
1.625280
1.628095
1.628095
1.638327
1.638327
1.614599
1.614599
1.619531
1.619531
1.625815
1.625815
1.623176
1.623176
1.632944
1.632944
1.624004
1.624004
1.623937
1.623937
1.621078
1.621078
1.624571
1.624571
1.631303
1.631303
1.630055
1.630055
1.625983
1.625983
1.610917
1.610917
1.637973
1.637973
1.603703
1.603703
1.624621
1.624621
1.631511
1.631511
1.628190
1.628190
1.632761
1.632761
1.621127
1.621127
1.617165
1.617165
1.632423
1.632423
1.620752
1.620752
1.638790
1.638790
1.620416
1.620416
1.637197
1.637197
1.609347
1.609347
1.617562
1.617562
1.622986
1.622986
1.618928
1.618928
1.613980
1.613980
1.632867
1.632867
1.638454
1.638454
1.631652
1.631652
1.625903
1.625903
1.617548
1.617548
1.613742
1.613742
1.638006
1.638006
1.628699
1.628699
1.623444
1.623444
1.618890
1.618890
1.637590
1.637590
1.612933
1.612933
1.620581
1.620581
1.624602
1.624602
1.622628
1.622628
1.625605
1.625605
1.631602
1.631602
1.632140
1.632140
1.621816
1.621816
1.639099
1.639099
1.620347
1.620347
1.606276
1.606276
1.622218
1.622218
1.626577
1.626577
1.624149
1.624149
1.619311
1.619311
1.632359
1.632359
1.613195
1.613195
1.622521
1.622521
1.641778
1.641778
1.613328
1.613328
1.633820
1.633820
1.620118
1.620118
1.622656
1.622656
1.626040
1.626040
1.639032
1.639032
1.612199
1.612199
1.627864
1.627864
1.623108
1.623108
1.630870
1.630870
1.622464
1.622464
1.616293
1.616293
1.626584
1.626584
1.617667
1.617667
1.640484
1.640484
1.619852
1.619852
1.615609
1.615609
1.622130
1.622130
1.625892
1.625892
1.619210
1.619210
1.628497
1.628497
1.626346
1.626346
1.625133
1.625133
1.630244
1.630244
1.627605
1.627605
1.623848
1.623848
1.612144
1.612144
1.633822
1.633822
1.617719
1.617719
1.626922
1.626922
1.617196
1.617196
1.625766
1.625766
1.617065
1.617065
1.626260
1.626260
1.629958
1.629958
1.623442
1.623442
1.624089
1.624089
1.634285
1.634285
1.624162
1.624162
1.615759
1.615759
1.612802
1.612802
1.635909
1.635909
1.620617
1.620617
1.617458
1.617458
1.624153
1.624153
1.627901
1.627901
1.631686
1.631686
1.628071
1.628071
1.620318
1.620318
1.626688
1.626688
1.621393
1.621393
1.623437
1.623437
1.622416
1.622416
1.622051
1.622051
1.633680
1.633680
1.621897
1.621897
1.618644
1.618644
1.643194
1.643194
1.626247
1.626247
1.617175
1.617175
1.607576
1.607576
1.625634
1.625634
1.616750
1.616750
1.634084
1.634084
1.617222
1.617222
1.620923
1.620923
1.631823
1.631823
1.635653
1.635653
1.629566
1.629566
1.616732
1.616732
1.613754
1.613754
1.623098
1.623098
1.625647
1.625647
1.631023
1.631023
1.619045
1.619045
1.619564
1.619564
1.623314
1.623314
1.621893
1.621893
1.621448
1.621448
1.634127
1.634127
1.621410
1.621410
1.618498
1.618498
1.616661
1.616661
1.620529
1.620529
1.630624
1.630624
1.622244
1.622244
1.629199
1.629199
1.618963
1.618963
1.616352
1.616352
1.624844
1.624844
1.628483
1.628483
1.630659
1.630659
1.636863
1.636863
1.606956
1.606956
1.618579
1.618579
1.621695
1.621695
1.636025
1.636025
1.617101
1.617101
1.628773
1.628773
1.615040
1.615040
1.617041
1.617041
1.643394
1.643394
1.620226
1.620226
1.613885
1.613885
1.642352
1.642352
1.625206
1.625206
1.613424
1.613424
1.622028
1.622028
1.614040
1.614040
1.630373
1.630373
1.616863
1.616863
1.636076
1.636076
1.623620
1.623620
1.623159
1.623159
1.633233
1.633233
1.620942
1.620942
1.613703
1.613703
1.626256
1.626256
1.626654
1.626654
1.616426
1.616426
1.625321
1.625321
1.621259
1.621259
1.617957
1.617957
1.619064
1.619064
1.626382
1.626382
1.623374
1.623374
1.630810
1.630810
1.623626
1.623626
1.619443
1.619443
1.624203
1.624203
1.626634
1.626634
1.621594
1.621594
1.624225
1.624225
1.622567
1.622567
1.627084
1.627084
1.620759
1.620759
1.620374
1.620374
1.627909
1.627909
1.615321
1.615321
1.628810
1.628810
1.612329
1.612329
1.632897
1.632897
1.623213
1.623213
1.615681
1.615681
1.638517
1.638517
1.625936
1.625936
1.608877
1.608877
1.624387
1.624387
1.614406
1.614406
1.628888
1.628888
1.618921
1.618921
1.629506
1.629506
1.604678
1.604678
1.625843
1.625843
1.629752
1.629752
1.639065
1.639065
1.613273
1.613273
1.621365
1.621365
1.631664
1.631664
1.626463
1.626463
1.621743
1.621743
1.610602
1.610602
1.637554
1.637554
1.607826
1.607826
1.628810
1.628810
1.620160
1.620160
1.618902
1.618902
1.628208
1.628208
1.637675
1.637675
1.617637
1.617637
1.619750
1.619750
1.607458
1.607458
1.621639
1.621639
1.614948
1.614948
1.618920
1.618920
1.642059
1.642059
1.614280
1.614280
1.612912
1.612912
1.619488
1.619488
1.627798
1.627798
1.630902
1.630902
1.622060
1.622060
1.618514
1.618514
1.630018
1.630018
1.619829
1.619829
1.616062
1.616062
1.630113
1.630113
1.631975
1.631975
1.620757
1.620757
1.612939
1.612939
1.625009
1.625009
1.621990
1.621990
1.617190
1.617190
1.606763
1.606763
1.623824
1.623824
1.630894
1.630894
1.636698
1.636698
1.624000
1.624000
1.622161
1.622161
1.622826
1.622826
1.620827
1.620827
1.622478
1.622478
1.609415
1.609415
1.617493
1.617493
1.635304
1.635304
1.627889
1.627889
1.621834
1.621834
1.628227
1.628227
1.628627
1.628627
1.624981
1.624981
1.621991
1.621991
1.604390
1.604390
1.616205
1.616205
1.615780
1.615780
1.632345
1.632345
1.630409
1.630409
1.615454
1.615454
1.630032
1.630032
1.620612
1.620612
1.617505
1.617505
1.613496
1.613496
1.631536
1.631536
1.615608
1.615608
1.624322
1.624322
1.616567
1.616567
1.630580
1.630580
1.624452
1.624452
1.638082
1.638082
1.621273
1.621273
1.608698
1.608698
1.621374
1.621374
1.621225
1.621225
1.615466
1.615466
1.638759
1.638759
1.633305
1.633305
1.612078
1.612078
1.608211
1.608211
1.624601
1.624601
1.628053
1.628053
1.623328
1.623328
1.614873
1.614873
1.618867
1.618867
1.624867
1.624867
1.631752
1.631752
1.620659
1.620659
1.615097
1.615097
1.616687
1.616687
1.620546
1.620546
1.623233
1.623233
1.613406
1.613406
1.634115
1.634115
1.617739
1.617739
1.616777
1.616777
1.622564
1.622564
1.615121
1.615121
1.623219
1.623219
1.634486
1.634486
1.612151
1.612151
1.628060
1.628060
1.618795
1.618795
1.613978
1.613978
1.640068
1.640068
1.623927
1.623927
1.608598
1.608598
1.623279
1.623279
1.621273
1.621273
1.634675
1.634675
1.627375
1.627375
1.614770
1.614770
1.619404
1.619404
1.613820
1.613820
1.636530
1.636530
1.621226
1.621226
1.621271
1.621271
1.622756
1.622756
1.614524
1.614524
1.630736
1.630736
1.623365
1.623365
1.619217
1.619217
1.619774
1.619774
1.617167
1.617167
1.630772
1.630772
1.625415
1.625415
1.622996
1.622996
1.622783
1.622783
1.612809
1.612809
1.624905
1.624905
1.617303
1.617303
1.631974
1.631974
1.620945
1.620945
1.623325
1.623325
1.612699
1.612699
1.620143
1.620143
1.626882
1.626882
1.612122
1.612122
1.625109
1.625109
1.624037
1.624037
1.622810
1.622810
1.623114
1.623114
1.608476
1.608476
1.614996
1.614996
1.642334
1.642334
1.618785
1.618785
1.616544
1.616544
1.629561
1.629561
1.616267
1.616267
1.627356
1.627356
1.626112
1.626112
1.614032
1.614032
1.631987
1.631987
1.618056
1.618056
1.615801
1.615801
1.631011
1.631011
1.612219
1.612219
1.607259
1.607259
1.631948
1.631948
1.625206
1.625206
1.628537
1.628537
1.608096
1.608096
1.623238
1.623238
1.630916
1.630916
1.614491
1.614491
1.618812
1.618812
1.623159
1.623159
1.620966
1.620966
1.613733
1.613733
1.631877
1.631877
1.628122
1.628122
1.624034
1.624034
1.619392
1.619392
1.620582
1.620582
1.612285
1.612285
1.617611
1.617611
1.618543
1.618543
1.625160
1.625160
1.614636
1.614636
1.632243
1.632243
1.627906
1.627906
1.617527
1.617527
1.623103
1.623103
1.622344
1.622344
1.613311
1.613311
1.636888
1.636888
1.623006
1.623006
1.629567
1.629567
1.614872
1.614872
1.596232
1.596232
1.616404
1.616404
1.622941
1.622941
1.624103
1.624103
1.608196
1.608196
1.636824
1.636824
1.613775
1.613775
1.630742
1.630742
1.628635
1.628635
1.610169
1.610169
1.621956
1.621956
1.602006
1.602006
1.632406
1.632406
1.629216
1.629216
1.626063
1.626063
1.613726
1.613726
1.612874
1.612874
1.622800
1.622800
1.634657
1.634657
1.614940
1.614940
1.618985
1.618985
1.608389
1.608389
1.626426
1.626426
1.619911
1.619911
1.625716
1.625716
1.624765
1.624765
1.614577
1.614577
1.625769
1.625769
1.616991
1.616991
1.625510
1.625510
1.621498
1.621498
1.633311
1.633311
1.626757
1.626757
1.604649
1.604649
1.623883
1.623883
1.614050
1.614050
1.624618
1.624618
1.616448
1.616448
1.614641
1.614641
1.616529
1.616529
1.634243
1.634243
1.623766
1.623766
1.623732
1.623732
1.614241
1.614241
1.615189
1.615189
1.628121
1.628121
1.619949
1.619949
1.619711
1.619711
1.627277
1.627277
1.612108
1.612108
1.625218
1.625218
1.617598
1.617598
1.623035
1.623035
1.622257
1.622257
1.623033
1.623033
1.616365
1.616365
1.619493
1.619493
1.620885
1.620885
1.618663
1.618663
1.627871
1.627871
1.614867
1.614867
1.620210
1.620210
1.622111
1.622111
1.612627
1.612627
1.625603
1.625603
1.622559
1.622559
1.623532
1.623532
1.613476
1.613476
1.623675
1.623675
1.617441
1.617441
1.625347
1.625347
1.620750
1.620750
1.621107
1.621107
1.626666
1.626666
1.618769
1.618769
1.613632
1.613632
1.622938
1.622938
1.625690
1.625690
1.611313
1.611313
1.627957
1.627957
1.612622
1.612622
1.622178
1.622178
1.626277
1.626277
1.613686
1.613686
1.614571
1.614571
1.626360
1.626360
1.618642
1.618642
1.629862
1.629862
1.615121
1.615121
1.618633
1.618633
1.619169
1.619169
1.619923
1.619923
1.610033
1.610033
1.623782
1.623782
1.618512
1.618512
1.631441
1.631441
1.631474
1.631474
1.608614
1.608614
1.623166
1.623166
1.611906
1.611906
1.627545
1.627545
1.620478
1.620478
1.625261
1.625261
1.608287
1.608287
1.622965
1.622965
1.625015
1.625015
1.610688
1.610688
1.613807
1.613807
1.618339
1.618339
1.632258
1.632258
1.627130
1.627130
1.621801
1.621801
1.615751
1.615751
1.615833
1.615833
1.629116
1.629116
1.617632
1.617632
1.617787
1.617787
1.608957
1.608957
1.628727
1.628727
1.630091
1.630091
1.613563
1.613563
1.619107
1.619107
1.614080
1.614080
1.618857
1.618857
1.616785
1.616785
1.634231
1.634231
1.610219
1.610219
1.614006
1.614006
1.623903
1.623903
1.617128
1.617128
1.638461
1.638461
1.613115
1.613115
1.614830
1.614830
1.625925
1.625925
1.623616
1.623616
1.622923
1.622923
1.609132
1.609132
1.615997
1.615997
1.626177
1.626177
1.626325
1.626325
1.622495
1.622495
1.610376
1.610376
1.618654
1.618654
1.623069
1.623069
1.619561
1.619561
1.629706
1.629706
1.604367
1.604367
1.637070
1.637070
1.632968
1.632968
1.612753
1.612753
1.610104
1.610104
1.622798
1.622798
1.615411
1.615411
1.630006
1.630006
1.617046
1.617046
1.612226
1.612226
1.626632
1.626632
1.615576
1.615576
1.616585
1.616585
1.619299
1.619299
1.620945
1.620945
1.617386
1.617386
1.624142
1.624142
1.621145
1.621145
1.623644
1.623644
1.610423
1.610423
1.615979
1.615979
1.621720
1.621720
1.619599
1.619599
1.622061
1.622061
1.618882
1.618882
1.628081
1.628081
1.623507
1.623507
1.612425
1.612425
1.609576
1.609576
1.625862
1.625862
1.610519
1.610519
1.633249
1.633249
1.621260
1.621260
1.615374
1.615374
1.617101
1.617101
1.614262
1.614262
1.626015
1.626015
1.618987
1.618987
1.618397
1.618397
1.620295
1.620295
1.613479
1.613479
1.625239
1.625239
1.624918
1.624918
1.611913
1.611913
1.622708
1.622708
1.614213
1.614213
1.615381
1.615381
1.632141
1.632141
1.622535
1.622535
1.611564
1.611564
1.620235
1.620235
1.616526
1.616526
1.625586
1.625586
1.617959
1.617959
1.616287
1.616287
1.627003
1.627003
1.623917
1.623917
1.622342
1.622342
1.617074
1.617074
1.603531
1.603531
1.616596
1.616596
1.627085
1.627085
1.619695
1.619695
1.614423
1.614423
1.618957
1.618957
1.611924
1.611924
1.621873
1.621873
1.617304
1.617304
1.619653
1.619653
1.627536
1.627536
1.619381
1.619381
1.612416
1.612416
1.626954
1.626954
1.624781
1.624781
1.611329
1.611329
1.617661
1.617661
1.622054
1.622054
1.620734
1.620734
1.610778
1.610778
1.626479
1.626479
1.616427
1.616427
1.623239
1.623239
1.624863
1.624863
1.609502
1.609502
1.622746
1.622746
1.617757
1.617757
1.616031
1.616031
1.610930
1.610930
1.625713
1.625713
1.627012
1.627012
1.625007
1.625007
1.620196
1.620196
1.615030
1.615030
1.619862
1.619862
1.614705
1.614705
1.626749
1.626749
1.632388
1.632388
1.606934
1.606934
1.617623
1.617623
1.609985
1.609985
1.619285
1.619285
1.619509
1.619509
1.623403
1.623403
1.620673
1.620673
1.610787
1.610787
1.600837
1.600837
1.624674
1.624674
1.606298
1.606298
1.636473
1.636473
1.628793
1.628793
1.617062
1.617062
1.612920
1.612920
1.619035
1.619035
1.632940
1.632940
1.611472
1.611472
1.634518
1.634518
1.608682
1.608682
1.611377
1.611377
1.614047
1.614047
1.627918
1.627918
1.609536
1.609536
1.623993
1.623993
1.617412
1.617412
1.618224
1.618224
1.627008
1.627008
1.617468
1.617468
1.636796
1.636796
1.619053
1.619053
1.597034
1.597034
1.625303
1.625303
1.618751
1.618751
1.622013
1.622013
1.621427
1.621427
1.622977
1.622977
1.606552
1.606552
1.617937
1.617937
1.613092
1.613092
1.621425
1.621425
1.622318
1.622318
1.619328
1.619328
1.616883
1.616883
1.614615
1.614615
1.628118
1.628118
1.619776
1.619776
1.613335
1.613335
1.622153
1.622153
1.624669
1.624669
1.623141
1.623141
1.615517
1.615517
1.605498
1.605498
1.605203
1.605203
1.631197
1.631197
1.624499
1.624499
1.619399
1.619399
1.611756
1.611756
1.626913
1.626913
1.625073
1.625073
1.618642
1.618642
1.598298
1.598298
1.625754
1.625754
1.628623
1.628623
1.617190
1.617190
1.609548
1.609548
1.620265
1.620265
1.617151
1.617151
1.609062
1.609062
1.642569
1.642569
1.623024
1.623024
1.606368
1.606368
1.610183
1.610183
1.613005
1.613005
1.618559
1.618559
1.614211
1.614211
1.624272
1.624272
1.623683
1.623683
1.622126
1.622126
1.616230
1.616230
1.623440
1.623440
1.619604
1.619604
1.609272
1.609272
1.609938
1.609938
1.617446
1.617446
1.631939
1.631939
1.605677
1.605677
1.629553
1.629553
1.616004
1.616004
1.618076
1.618076
1.619849
1.619849
1.623553
1.623553
1.613739
1.613739
1.606023
1.606023
1.614755
1.614755
1.621563
1.621563
1.622437
1.622437
1.629398
1.629398
1.634417
1.634417
1.619203
1.619203
1.617076
1.617076
1.614598
1.614598
1.603539
1.603539
1.613449
1.613449
1.624249
1.624249
1.627355
1.627355
1.609074
1.609074
1.617290
1.617290
1.621962
1.621962
1.617940
1.617940
1.612916
1.612916
1.614207
1.614207
1.625960
1.625960
1.620108
1.620108
1.612774
1.612774
1.614004
1.614004
1.625604
1.625604
1.618923
1.618923
1.635359
1.635359
1.610731
1.610731
1.602525
1.602525
1.611553
1.611553
1.634105
1.634105
1.623008
1.623008
1.626764
1.626764
1.607355
1.607355
1.621546
1.621546
1.610762
1.610762
1.626664
1.626664
1.619763
1.619763
1.611173
1.611173
1.611256
1.611256
1.622818
1.622818
1.627686
1.627686
1.626937
1.626937
1.607490
1.607490
1.611301
1.611301
1.616911
1.616911
1.617790
1.617790
1.607223
1.607223
1.612484
1.612484
1.632290
1.632290
1.621229
1.621229
1.608022
1.608022
1.618597
1.618597
1.623884
1.623884
1.613103
1.613103
1.628746
1.628746
1.621852
1.621852
1.610202
1.610202
1.613122
1.613122
1.625038
1.625038
1.620277
1.620277
1.609758
1.609758
1.616766
1.616766
1.629064
1.629064
1.623388
1.623388
1.609110
1.609110
1.616187
1.616187
1.620474
1.620474
1.617768
1.617768
1.620814
1.620814
1.613569
1.613569
1.627747
1.627747
1.622669
1.622669
1.617213
1.617213
1.608830
1.608830
1.611840
1.611840
1.613463
1.613463
1.621463
1.621463
1.614851
1.614851
1.628670
1.628670
1.609148
1.609148
1.624024
1.624024
1.620964
1.620964
1.626761
1.626761
1.602922
1.602922
1.613661
1.613661
1.624630
1.624630
1.610620
1.610620
1.619568
1.619568
1.618091
1.618091
1.615660
1.615660
1.622570
1.622570
1.618836
1.618836
1.605545
1.605545
1.620342
1.620342
1.622474
1.622474
1.612710
1.612710
1.617705
1.617705
1.615074
1.615074
1.618551
1.618551
1.626335
1.626335
1.619421
1.619421
1.628880
1.628880
1.618980
1.618980
1.609920
1.609920
1.609686
1.609686
1.609489
1.609489
1.625051
1.625051
1.610887
1.610887
1.633149
1.633149
1.607760
1.607760
1.617015
1.617015
1.623248
1.623248
1.611743
1.611743
1.618332
1.618332
1.617853
1.617853
1.615028
1.615028
1.625815
1.625815
1.620603
1.620603
1.615256
1.615256
1.609691
1.609691
1.611780
1.611780
1.625842
1.625842
1.608089
1.608089
1.617636
1.617636
1.626184
1.626184
1.615209
1.615209
1.611311
1.611311
1.624262
1.624262
1.622682
1.622682
1.613340
1.613340
1.614710
1.614710
1.615472
1.615472
1.622863
1.622863
1.623519
1.623519
1.609264
1.609264
1.614416
1.614416
1.614706
1.614706
1.619135
1.619135
1.618017
1.618017
1.621924
1.621924
1.624443
1.624443
1.616348
1.616348
1.614739
1.614739
1.622587
1.622587
1.606924
1.606924
1.618135
1.618135
1.620332
1.620332
1.611227
1.611227
1.613092
1.613092
1.625897
1.625897
1.630851
1.630851
1.615400
1.615400
1.614730
1.614730
1.605983
1.605983
1.620474
1.620474
1.610706
1.610706
1.621612
1.621612
1.618456
1.618456
1.615881
1.615881
1.620659
1.620659
1.618334
1.618334
1.629977
1.629977
1.607622
1.607622
1.611682
1.611682
1.619274
1.619274
1.628898
1.628898
1.616979
1.616979
1.607634
1.607634
1.625628
1.625628
1.604664
1.604664
1.615475
1.615475
1.618843
1.618843
1.619768
1.619768
1.614112
1.614112
1.618149
1.618149
1.605541
1.605541
1.620560
1.620560
1.617305
1.617305
1.625056
1.625056
1.617627
1.617627
1.637248
1.637248
1.613184
1.613184
1.618481
1.618481
1.601468
1.601468
1.615037
1.615037
1.624374
1.624374
1.622631
1.622631
1.614169
1.614169
1.617010
1.617010
1.605093
1.605093
1.621606
1.621606
1.608823
1.608823
1.622591
1.622591
1.612941
1.612941
1.620173
1.620173
1.635292
1.635292
1.604786
1.604786
1.610232
1.610232
1.628969
1.628969
1.603332
1.603332
1.619902
1.619902
1.610594
1.610594
1.620980
1.620980
1.613315
1.613315
1.621248
1.621248
1.625920
1.625920
1.619045
1.619045
1.600845
1.600845
1.620146
1.620146
1.619598
1.619598
1.622613
1.622613
1.605553
1.605553
1.608558
1.608558
1.621935
1.621935
1.628533
1.628533
1.633114
1.633114
1.615621
1.615621
1.612849
1.612849
1.616573
1.616573
1.603969
1.603969
1.620171
1.620171
1.621610
1.621610
1.609129
1.609129
1.608076
1.608076
1.627736
1.627736
1.615262
1.615262
1.617206
1.617206
1.622285
1.622285
1.611091
1.611091
1.618972
1.618972
1.616982
1.616982
1.612197
1.612197
1.610013
1.610013
1.627039
1.627039
1.618294
1.618294
1.614158
1.614158
1.627898
1.627898
1.614614
1.614614
1.607823
1.607823
1.620283
1.620283
1.628808
1.628808
1.599410
1.599410
1.622096
1.622096
1.610642
1.610642
1.624516
1.624516
1.601953
1.601953
1.616440
1.616440
1.625919
1.625919
1.623072
1.623072
1.616301
1.616301
1.603626
1.603626
1.617053
1.617053
1.622233
1.622233
1.611398
1.611398
1.632456
1.632456
1.622564
1.622564
1.618446
1.618446
1.617978
1.617978
1.609926
1.609926
1.614019
1.614019
1.603591
1.603591
1.629454
1.629454
1.613479
1.613479
1.621834
1.621834
1.614533
1.614533
1.628015
1.628015
1.612132
1.612132
1.624048
1.624048
1.609421
1.609421
1.607776
1.607776
1.613006
1.613006
1.624757
1.624757
1.619713
1.619713
1.622271
1.622271
1.599926
1.599926
1.630853
1.630853
1.618419
1.618419
1.610529
1.610529
1.614332
1.614332
1.606755
1.606755
1.614124
1.614124
1.627540
1.627540
1.607840
1.607840
1.617668
1.617668
1.615274
1.615274
1.623421
1.623421
1.609262
1.609262
1.618589
1.618589
1.622163
1.622163
1.607258
1.607258
1.597625
1.597625
1.629581
1.629581
1.629501
1.629501
1.615385
1.615385
1.608751
1.608751
1.613675
1.613675
1.618947
1.618947
1.625827
1.625827
1.615894
1.615894
1.605764
1.605764
1.619262
1.619262
1.617555
1.617555
1.615771
1.615771
1.618811
1.618811
1.609260
1.609260
1.637128
1.637128
1.615508
1.615508
1.613836
1.613836
1.601221
1.601221
1.613712
1.613712
1.602644
1.602644
1.631046
1.631046
1.609385
1.609385
1.619833
1.619833
1.619517
1.619517
1.615393
1.615393
1.605816
1.605816
1.624167
1.624167
1.610060
1.610060
1.628677
1.628677
1.618021
1.618021
1.610300
1.610300
1.612705
1.612705
1.610870
1.610870
1.632918
1.632918
1.611031
1.611031
1.625641
1.625641
1.617210
1.617210
1.609342
1.609342
1.618582
1.618582
1.624868
1.624868
1.606743
1.606743
1.618946
1.618946
1.629178
1.629178
1.597768
1.597768
1.612079
1.612079
1.605503
1.605503
1.628740
1.628740
1.606289
1.606289
1.631489
1.631489
1.615933
1.615933
1.628942
1.628942
1.606494
1.606494
1.617599
1.617599
1.610870
1.610870
1.607588
1.607588
1.604342
1.604342
1.630230
1.630230
1.622828
1.622828
1.615661
1.615661
1.616570
1.616570
1.625897
1.625897
1.610294
1.610294
1.622016
1.622016
1.603257
1.603257
1.612924
1.612924
1.614747
1.614747
1.624049
1.624049
1.604614
1.604614
1.626137
1.626137
1.617183
1.617183
1.608857
1.608857
1.618508
1.618508
1.623242
1.623242
1.611633
1.611633
1.614188
1.614188
1.621331
1.621331
1.612708
1.612708
1.616293
1.616293
1.615541
1.615541
1.619891
1.619891
1.617831
1.617831
1.616097
1.616097
1.618559
1.618559
1.605546
1.605546
1.615165
1.615165
1.613693
1.613693
1.611951
1.611951
1.627324
1.627324
1.610678
1.610678
1.617255
1.617255
1.611495
1.611495
1.629204
1.629204
1.608460
1.608460
1.612653
1.612653
1.635073
1.635073
1.603322
1.603322
1.610649
1.610649
1.620948
1.620948
1.608010
1.608010
1.616247
1.616247
1.616854
1.616854
1.622441
1.622441
1.613085
1.613085
1.609542
1.609542
1.619214
1.619214
1.597523
1.597523
1.632842
1.632842
1.624007
1.624007
1.603165
1.603165
1.623046
1.623046
1.617009
1.617009
1.618902
1.618902
1.600969
1.600969
1.620072
1.620072
1.608455
1.608455
1.620452
1.620452
1.607960
1.607960
1.622735
1.622735
1.620308
1.620308
1.621483
1.621483
1.618991
1.618991
1.616105
1.616105
1.611993
1.611993
1.608916
1.608916
1.618362
1.618362
1.623544
1.623544
1.615306
1.615306
1.610037
1.610037
1.610393
1.610393
1.623992
1.623992
1.595507
1.595507
1.618017
1.618017
1.625749
1.625749
1.615210
1.615210
1.607087
1.607087
1.615419
1.615419
1.630473
1.630473
1.616763
1.616763
1.606951
1.606951
1.625384
1.625384
1.614304
1.614304
1.618753
1.618753
1.616195
1.616195
1.600660
1.600660
1.608323
1.608323
1.623892
1.623892
1.608413
1.608413
1.617601
1.617601
1.620994
1.620994
1.611714
1.611714
1.609828
1.609828
1.625415
1.625415
1.618809
1.618809
1.611400
1.611400
1.628392
1.628392
1.618635
1.618635
1.619092
1.619092
1.606352
1.606352
1.602851
1.602851
1.619279
1.619279
1.622913
1.622913
1.621948
1.621948
1.601935
1.601935
1.610681
1.610681
1.634073
1.634073
1.610147
1.610147
1.599924
1.599924
1.608939
1.608939
1.626754
1.626754
1.612515
1.612515
1.611245
1.611245
1.610849
1.610849
1.619653
1.619653
1.625112
1.625112
1.618487
1.618487
1.619538
1.619538
1.619220
1.619220
1.613226
1.613226
1.604687
1.604687
1.617814
1.617814
1.615377
1.615377
1.620931
1.620931
1.617800
1.617800
1.602700
1.602700
1.610758
1.610758
1.617687
1.617687
1.609616
1.609616
1.617136
1.617136
1.623444
1.623444
1.614564
1.614564
1.612008
1.612008
1.608156
1.608156
1.620449
1.620449
1.623302
1.623302
1.617209
1.617209
1.615166
1.615166
1.610224
1.610224
1.616458
1.616458
1.618287
1.618287
1.616809
1.616809
1.622227
1.622227
1.598752
1.598752
1.633088
1.633088
1.603347
1.603347
1.628752
1.628752
1.612714
1.612714
1.609468
1.609468
1.619900
1.619900
1.603240
1.603240
1.609632
1.609632
1.617232
1.617232
1.606668
1.606668
1.616371
1.616371
1.629241
1.629241
1.620219
1.620219
1.609496
1.609496
1.613014
1.613014
1.614630
1.614630
1.619756
1.619756
1.618928
1.618928
1.619114
1.619114
1.615170
1.615170
1.612212
1.612212
1.609503
1.609503
1.629226
1.629226
1.612092
1.612092
1.608942
1.608942
1.605038
1.605038
1.621995
1.621995
1.625959
1.625959
1.604967
1.604967
1.616439
1.616439
1.609352
1.609352
1.620050
1.620050
1.615827
1.615827
1.606535
1.606535
1.617431
1.617431
1.623704
1.623704
1.611419
1.611419
1.616078
1.616078
1.608128
1.608128
1.609227
1.609227
1.615887
1.615887
1.628981
1.628981
1.606602
1.606602
1.615468
1.615468
1.617450
1.617450
1.612497
1.612497
1.625450
1.625450
1.607048
1.607048
1.609369
1.609369
1.637028
1.637028
1.604117
1.604117
1.618361
1.618361
1.606020
1.606020
1.621123
1.621123
1.621623
1.621623
1.608015
1.608015
1.619184
1.619184
1.608640
1.608640
1.614565
1.614565
1.610149
1.610149
1.621998
1.621998
1.620807
1.620807
1.607158
1.607158
1.622334
1.622334
1.611527
1.611527
1.619386
1.619386
1.614333
1.614333
1.615607
1.615607
1.615667
1.615667
1.616598
1.616598
1.608833
1.608833
1.618798
1.618798
1.615007
1.615007
1.602990
1.602990
1.625155
1.625155
1.612865
1.612865
1.619503
1.619503
1.612179
1.612179
1.619014
1.619014
1.607749
1.607749
1.620299
1.620299
1.615320
1.615320
1.616594
1.616594
1.620712
1.620712
1.616642
1.616642
1.611035
1.611035
1.607982
1.607982
1.617811
1.617811
1.612190
1.612190
1.606379
1.606379
1.615415
1.615415
1.624309
1.624309
1.618562
1.618562
1.619104
1.619104
1.605002
1.605002
1.629441
1.629441
1.598762
1.598762
1.625235
1.625235
1.608741
1.608741
1.606101
1.606101
1.616930
1.616930
1.617478
1.617478
1.602635
1.602635
1.629837
1.629837
1.614523
1.614523
1.624914
1.624914
1.598697
1.598697
1.628749
1.628749
1.594525
1.594525
1.615579
1.615579
1.623093
1.623093
1.610994
1.610994
1.619083
1.619083
1.601558
1.601558
1.613145
1.613145
1.618315
1.618315
1.623148
1.623148
1.608928
1.608928
1.611802
1.611802
1.616415
1.616415
1.621957
1.621957
1.614243
1.614243
1.607022
1.607022
1.628720
1.628720
1.617520
1.617520
1.612913
1.612913
1.605255
1.605255
1.607134
1.607134
1.608604
1.608604
1.607365
1.607365
1.630218
1.630218
1.621165
1.621165
1.616404
1.616404
1.605249
1.605249
1.602644
1.602644
1.627387
1.627387
1.623054
1.623054
1.606091
1.606091
1.626370
1.626370
1.626604
1.626604
1.590168
1.590168
1.625968
1.625968
1.612087
1.612087
1.598099
1.598099
1.632610
1.632610
1.603363
1.603363
1.629658
1.629658
1.612787
1.612787
1.611576
1.611576
1.621746
1.621746
1.616323
1.616323
1.609160
1.609160
1.609625
1.609625
1.598384
1.598384
1.624108
1.624108
1.622989
1.622989
1.618167
1.618167
1.612405
1.612405
1.605488
1.605488
1.612916
1.612916
1.631942
1.631942
1.608452
1.608452
1.610953
1.610953
1.618725
1.618725
1.616205
1.616205
1.611079
1.611079
1.615542
1.615542
1.616295
1.616295
1.618462
1.618462
1.620336
1.620336
1.610755
1.610755
1.604280
1.604280
1.624701
1.624701
1.616139
1.616139
1.601166
1.601166
1.613850
1.613850
1.616621
1.616621
1.614920
1.614920
1.616048
1.616048
1.607213
1.607213
1.616940
1.616940
1.617391
1.617391
1.627370
1.627370
1.618455
1.618455
1.609298
1.609298
1.608091
1.608091
1.607116
1.607116
1.603700
1.603700
1.632903
1.632903
1.603916
1.603916
1.619678
1.619678
1.610744
1.610744
1.610254
1.610254
1.621455
1.621455
1.612118
1.612118
1.614051
1.614051
1.613498
1.613498
1.615396
1.615396
1.607495
1.607495
1.619462
1.619462
1.607956
1.607956
1.622811
1.622811
1.623556
1.623556
1.595043
1.595043
1.616677
1.616677
1.620188
1.620188
1.616217
1.616217
1.618617
1.618617
1.608042
1.608042
1.615692
1.615692
1.618515
1.618515
1.609314
1.609314
1.627599
1.627599
1.618331
1.618331
1.602639
1.602639
1.611144
1.611144
1.610613
1.610613
1.619332
1.619332
1.619165
1.619165
1.618197
1.618197
1.609015
1.609015
1.602976
1.602976
1.617361
1.617361
1.611044
1.611044
1.616333
1.616333
1.614782
1.614782
1.610565
1.610565
1.609629
1.609629
1.619776
1.619776
1.603774
1.603774
1.613686
1.613686
1.626229
1.626229
1.615864
1.615864
1.613863
1.613863
1.616739
1.616739
1.617008
1.617008
1.605330
1.605330
1.606631
1.606631
1.616278
1.616278
1.621740
1.621740
1.600163
1.600163
1.628510
1.628510
1.613735
1.613735
1.608926
1.608926
1.612695
1.612695
1.618836
1.618836
1.616630
1.616630
1.614587
1.614587
1.606083
1.606083
1.617744
1.617744
1.608291
1.608291
1.625849
1.625849
1.620439
1.620439
1.611364
1.611364
1.607180
1.607180
1.615265
1.615265
1.616272
1.616272
1.627870
1.627870
1.607405
1.607405
1.607365
1.607365
1.614974
1.614974
1.611927
1.611927
1.615971
1.615971
1.614757
1.614757
1.612772
1.612772
1.621514
1.621514
1.602529
1.602529
1.616761
1.616761
1.607021
1.607021
1.615925
1.615925
1.615810
1.615810
1.614252
1.614252
1.609408
1.609408
1.611918
1.611918
1.603588
1.603588
1.625439
1.625439
1.620564
1.620564
1.617446
1.617446
1.601875
1.601875
1.614327
1.614327
1.620957
1.620957
1.615105
1.615105
1.600670
1.600670
1.617257
1.617257
1.628157
1.628157
1.612537
1.612537
1.609942
1.609942
1.616582
1.616582
1.599967
1.599967
1.620304
1.620304
1.616277
1.616277
1.616663
1.616663
1.605222
1.605222
1.613845
1.613845
1.601051
1.601051
1.625426
1.625426
1.626000
1.626000
1.606115
1.606115
1.626685
1.626685
1.612962
1.612962
1.609089
1.609089
1.614230
1.614230
1.605313
1.605313
1.617283
1.617283
1.610487
1.610487
1.613224
1.613224
1.624766
1.624766
1.621230
1.621230
1.621309
1.621309
1.602859
1.602859
1.622374
1.622374
1.597799
1.597799
1.617190
1.617190
1.614008
1.614008
1.620435
1.620435
1.610307
1.610307
1.604948
1.604948
1.615248
1.615248
1.596116
1.596116
1.625055
1.625055
1.606729
1.606729
1.628299
1.628299
1.604744
1.604744
1.599234
1.599234
1.621174
1.621174
1.634290
1.634290
1.607797
1.607797
1.609447
1.609447
1.610771
1.610771
1.612230
1.612230
1.609563
1.609563
1.629445
1.629445
1.619409
1.619409
1.606928
1.606928
1.603600
1.603600
1.619352
1.619352
1.620207
1.620207
1.607878
1.607878
1.610165
1.610165
1.624923
1.624923
1.610069
1.610069
1.615386
1.615386
1.607799
1.607799
1.625938
1.625938
1.623122
1.623122
1.614778
1.614778
1.591995
1.591995
1.622154
1.622154
1.613252
1.613252
1.615602
1.615602
1.603722
1.603722
1.612991
1.612991
1.613436
1.613436
1.620147
1.620147
1.613228
1.613228
1.614683
1.614683
1.604400
1.604400
1.604060
1.604060
1.599710
1.599710
1.609194
1.609194
1.627992
1.627992
1.629933
1.629933
1.627297
1.627297
1.600234
1.600234
1.616460
1.616460
1.613690
1.613690
1.608895
1.608895
1.615638
1.615638
1.606654
1.606654
1.602814
1.602814
1.618655
1.618655
1.626153
1.626153
1.613546
1.613546
1.619024
1.619024
1.608173
1.608173
1.612876
1.612876
1.613697
1.613697
1.608855
1.608855
1.616422
1.616422
1.614236
1.614236
1.608090
1.608090
1.621075
1.621075
1.611993
1.611993
1.609392
1.609392
1.620187
1.620187
1.612804
1.612804
1.612476
1.612476
1.621550
1.621550
1.603387
1.603387
1.602448
1.602448
1.626841
1.626841
1.612524
1.612524
1.615920
1.615920
1.598114
1.598114
1.610973
1.610973
1.616936
1.616936
1.627738
1.627738
1.614639
1.614639
1.610736
1.610736
1.614272
1.614272
1.608065
1.608065
1.620395
1.620395
1.613135
1.613135
1.613202
1.613202
1.608279
1.608279
1.623806
1.623806
1.606864
1.606864
1.604137
1.604137
1.617010
1.617010
1.608669
1.608669
1.623895
1.623895
1.612621
1.612621
1.606139
1.606139
1.625465
1.625465
1.620491
1.620491
1.611797
1.611797
1.599762
1.599762
1.611167
1.611167
1.629340
1.629340
1.610685
1.610685
1.603845
1.603845
1.610695
1.610695
1.617949
1.617949
1.613318
1.613318
1.604553
1.604553
1.614207
1.614207
1.616827
1.616827
1.612318
1.612318
1.601838
1.601838
1.617117
1.617117
1.626208
1.626208
1.607370
1.607370
1.607218
1.607218
1.611108
1.611108
1.613388
1.613388
1.613117
1.613117
1.623047
1.623047
1.610922
1.610922
1.607382
1.607382
1.617217
1.617217
1.618951
1.618951
1.610863
1.610863
1.619232
1.619232
1.596965
1.596965
1.615843
1.615843
1.624232
1.624232
1.608485
1.608485
1.616592
1.616592
1.613060
1.613060
1.617563
1.617563
1.605412
1.605412
1.612910
1.612910
1.610808
1.610808
1.608359
1.608359
1.605331
1.605331
1.617602
1.617602
1.625930
1.625930
1.626153
1.626153
1.605500
1.605500
1.608263
1.608263
1.606900
1.606900
1.619913
1.619913
1.610315
1.610315
1.623120
1.623120
1.614156
1.614156
1.603250
1.603250
1.614749
1.614749
1.615128
1.615128
1.619882
1.619882
1.615193
1.615193
1.604949
1.604949
1.609226
1.609226
1.601186
1.601186
1.613962
1.613962
1.624386
1.624386
1.615944
1.615944
1.608684
1.608684
1.615805
1.615805
1.606721
1.606721
1.624729
1.624729
1.597101
1.597101
1.622460
1.622460
1.604447
1.604447
1.618764
1.618764
1.621918
1.621918
1.613999
1.613999
1.603865
1.603865
1.605435
1.605435
1.622386
1.622386
1.612226
1.612226
1.605081
1.605081
1.621239
1.621239
1.616888
1.616888
1.607924
1.607924
1.619484
1.619484
1.610765
1.610765
1.608697
1.608697
1.616527
1.616527
1.611366
1.611366
1.611457
1.611457
1.600365
1.600365
1.627747
1.627747
1.622088
1.622088
1.611780
1.611780
1.613504
1.613504
1.601727
1.601727
1.615890
1.615890
1.617476
1.617476
1.610547
1.610547
1.616845
1.616845
1.605374
1.605374
1.614336
1.614336
1.614025
1.614025
1.621782
1.621782
1.609885
1.609885
1.599491
1.599491
1.620522
1.620522
1.612232
1.612232
1.619576
1.619576
1.606784
1.606784
1.606262
1.606262
1.620806
1.620806
1.608728
1.608728
1.608878
1.608878
1.616980
1.616980
1.601809
1.601809
1.631252
1.631252
1.616127
1.616127
1.604454
1.604454
1.615209
1.615209
1.620937
1.620937
1.605713
1.605713
1.605705
1.605705
1.597715
1.597715
1.603948
1.603948
1.628593
1.628593
1.631544
1.631544
1.611664
1.611664
1.615089
1.615089
1.604854
1.604854
1.608884
1.608884
1.625758
1.625758
1.618821
1.618821
1.615484
1.615484
1.608756
1.608756
1.608413
1.608413
1.611904
1.611904
1.627854
1.627854
1.608135
1.608135
1.624995
1.624995
1.601230
1.601230
1.598354
1.598354
1.632006
1.632006
1.619056
1.619056
1.607981
1.607981
1.600708
1.600708
1.601313
1.601313
1.600924
1.600924
1.604645
1.604645
1.602203
1.602203
1.627504
1.627504
1.631777
1.631777
1.604227
1.604227
1.610621
1.610621
1.625382
1.625382
1.612658
1.612658
1.609636
1.609636
1.601503
1.601503
1.620830
1.620830
1.613603
1.613603
1.617020
1.617020
1.609421
1.609421
1.602436
1.602436
1.611992
1.611992
1.614502
1.614502
1.621109
1.621109
1.612945
1.612945
1.617835
1.617835
1.629909
1.629909
1.604941
1.604941
1.611316
1.611316
1.595363
1.595363
1.613677
1.613677
1.604746
1.604746
1.605711
1.605711
1.627119
1.627119
1.611178
1.611178
1.612675
1.612675
1.617631
1.617631
1.603467
1.603467
1.619458
1.619458
1.608584
1.608584
1.617774
1.617774
1.597079
1.597079
1.612978
1.612978
1.616709
1.616709
1.619323
1.619323
1.604741
1.604741
1.606650
1.606650
1.614759
1.614759
1.619182
1.619182
1.618214
1.618214
1.607234
1.607234
1.612034
1.612034
1.610428
1.610428
1.625338
1.625338
1.605963
1.605963
1.609789
1.609789
1.615771
1.615771
1.614832
1.614832
1.618896
1.618896
1.600524
1.600524
1.616133
1.616133
1.626861
1.626861
1.604825
1.604825
1.610925
1.610925
1.601081
1.601081
1.602284
1.602284
1.609870
1.609870
1.624763
1.624763
1.613256
1.613256
1.611682
1.611682
1.620358
1.620358
1.608020
1.608020
1.620712
1.620712
1.613453
1.613453
1.596100
1.596100
1.611849
1.611849
1.616313
1.616313
1.607763
1.607763
1.612778
1.612778
1.613282
1.613282
1.618630
1.618630
1.608120
1.608120
1.606172
1.606172
1.612505
1.612505
1.617259
1.617259
1.614263
1.614263
1.612265
1.612265
1.626218
1.626218
1.604985
1.604985
1.601753
1.601753
1.608440
1.608440
1.604062
1.604062
1.622157
1.622157
1.607570
1.607570
1.621012
1.621012
1.604671
1.604671
1.612307
1.612307
1.613662
1.613662
1.612108
1.612108
1.620243
1.620243
1.616609
1.616609
1.619834
1.619834
1.612089
1.612089
1.606282
1.606282
1.605043
1.605043
1.606672
1.606672
1.628828
1.628828
1.620172
1.620172
1.604676
1.604676
1.597999
1.597999
1.606363
1.606363
1.613312
1.613312
1.609068
1.609068
1.613382
1.613382
1.620656
1.620656
1.615906
1.615906
1.621100
1.621100
1.601562
1.601562
1.600897
1.600897
1.623862
1.623862
1.601809
1.601809
1.604081
1.604081
1.621327
1.621327
1.607779
1.607779
1.629331
1.629331
1.615016
1.615016
1.608609
1.608609
1.608124
1.608124
1.607718
1.607718
1.623624
1.623624
1.610089
1.610089
1.610939
1.610939
1.622138
1.622138
1.613888
1.613888
1.601523
1.601523
1.612870
1.612870
1.611071
1.611071
1.615213
1.615213
1.617804
1.617804
1.601524
1.601524
1.610291
1.610291
1.606466
1.606466
1.611607
1.611607
1.614717
1.614717
1.618757
1.618757
1.615230
1.615230
1.611466
1.611466
1.624970
1.624970
1.607921
1.607921
1.598004
1.598004
1.616563
1.616563
1.602945
1.602945
1.601928
1.601928
1.618297
1.618297
1.622706
1.622706
1.613177
1.613177
1.612789
1.612789
1.608542
1.608542
1.620389
1.620389
1.603638
1.603638
1.610955
1.610955
1.617558
1.617558
1.612231
1.612231
1.607209
1.607209
1.612199
1.612199
1.609197
1.609197
1.610538
1.610538
1.615067
1.615067
1.609050
1.609050
1.617211
1.617211
1.610215
1.610215
1.619509
1.619509
1.614375
1.614375
1.603269
1.603269
1.612694
1.612694
1.605731
1.605731
1.620208
1.620208
1.609054
1.609054
1.623648
1.623648
1.598488
1.598488
1.611293
1.611293
1.619652
1.619652
1.605257
1.605257
1.609119
1.609119
1.615016
1.615016
1.604058
1.604058
1.618554
1.618554
1.612020
1.612020
1.610001
1.610001
1.615762
1.615762
1.612516
1.612516
1.612599
1.612599
1.619557
1.619557
1.615246
1.615246
1.596542
1.596542
1.601092
1.601092
1.618857
1.618857
1.606761
1.606761
1.613934
1.613934
1.620512
1.620512
1.610570
1.610570
1.612245
1.612245
1.609800
1.609800
1.606040
1.606040
1.622885
1.622885
1.617685
1.617685
1.613730
1.613730
1.614124
1.614124
1.602171
1.602171
1.611455
1.611455
1.606933
1.606933
1.598734
1.598734
1.609679
1.609679
1.624740
1.624740
1.620870
1.620870
1.605468
1.605468
1.606974
1.606974
1.613323
1.613323
1.621837
1.621837
1.611366
1.611366
1.623084
1.623084
1.603484
1.603484
1.605789
1.605789
1.614168
1.614168
1.612596
1.612596
1.603347
1.603347
1.622053
1.622053
1.619994
1.619994
1.598833
1.598833
1.615357
1.615357
1.610047
1.610047
1.619789
1.619789
1.597787
1.597787
1.614989
1.614989
1.617266
1.617266
1.620669
1.620669
1.604628
1.604628
1.603701
1.603701
1.610699
1.610699
1.620797
1.620797
1.612433
1.612433
1.601507
1.601507
1.609899
1.609899
1.609108
1.609108
1.629122
1.629122
1.617061
1.617061
1.606776
1.606776
1.612310
1.612310
1.610671
1.610671
1.611669
1.611669
1.619209
1.619209
1.601750
1.601750
1.613069
1.613069
1.616769
1.616769
1.606578
1.606578
1.612217
1.612217
1.613809
1.613809
1.594532
1.594532
1.622165
1.622165
1.616560
1.616560
1.603272
1.603272
1.617367
1.617367
1.608472
1.608472
1.614632
1.614632
1.615176
1.615176
1.608288
1.608288
1.607742
1.607742
1.616287
1.616287
1.611389
1.611389
1.615105
1.615105
1.608501
1.608501
1.615660
1.615660
1.614356
1.614356
1.613570
1.613570
1.604518
1.604518
1.604257
1.604257
1.630572
1.630572
1.595969
1.595969
1.620260
1.620260
1.605692
1.605692
1.624249
1.624249
1.600776
1.600776
1.599476
1.599476
1.628432
1.628432
1.603240
1.603240
1.601393
1.601393
1.623206
1.623206
1.624604
1.624604
1.597575
1.597575
1.610824
1.610824
1.611818
1.611818
1.619910
1.619910
1.602960
1.602960
1.604903
1.604903
1.619695
1.619695
1.619236
1.619236
1.602559
1.602559
1.604074
1.604074
1.619585
1.619585
1.612255
1.612255
1.609295
1.609295
1.604929
1.604929
1.607866
1.607866
1.620045
1.620045
1.616290
1.616290
1.617341
1.617341
1.604365
1.604365
1.605925
1.605925
1.604241
1.604241
1.629012
1.629012
1.614295
1.614295
1.608799
1.608799
1.615913
1.615913
1.607565
1.607565
1.610530
1.610530
1.598435
1.598435
1.622736
1.622736
1.626293
1.626293
1.602045
1.602045
1.606746
1.606746
1.616279
1.616279
1.610709
1.610709
1.602950
1.602950
1.617462
1.617462
1.609268
1.609268
1.614971
1.614971
1.604041
1.604041
1.604298
1.604298
1.623284
1.623284
1.610162
1.610162
1.613960
1.613960
1.622399
1.622399
1.609265
1.609265
1.602378
1.602378
1.608292
1.608292
1.608118
1.608118
1.620037
1.620037
1.609888
1.609888
1.618042
1.618042
1.598081
1.598081
1.610030
1.610030
1.615695
1.615695
1.613364
1.613364
1.603694
1.603694
1.614606
1.614606
1.602088
1.602088
1.622912
1.622912
1.611966
1.611966
1.613539
1.613539
1.604845
1.604845
1.609066
1.609066
1.619579
1.619579
1.606419
1.606419
1.611960
1.611960
1.609091
1.609091
1.617603
1.617603
1.606024
1.606024
1.598128
1.598128
1.625024
1.625024
1.609294
1.609294
1.607566
1.607566
1.618819
1.618819
1.599851
1.599851
1.619529
1.619529
1.610450
1.610450
1.611628
1.611628
1.610429
1.610429
1.616613
1.616613
1.603369
1.603369
1.614996
1.614996
1.610549
1.610549
1.618559
1.618559
1.608449
1.608449
1.606786
1.606786
1.612007
1.612007
1.601714
1.601714
1.617312
1.617312
1.617674
1.617674
1.608012
1.608012
1.611437
1.611437
1.604869
1.604869
1.608756
1.608756
1.619838
1.619838
1.601035
1.601035
1.624097
1.624097
1.617860
1.617860
1.614676
1.614676
1.603335
1.603335
1.615936
1.615936
1.602353
1.602353
1.611826
1.611826
1.606557
1.606557
1.609053
1.609053
1.610373
1.610373
1.619749
1.619749
1.601086
1.601086
1.607286
1.607286
1.620271
1.620271
1.609899
1.609899
1.618728
1.618728
1.613145
1.613145
1.619454
1.619454
1.596301
1.596301
1.612476
1.612476
1.615082
1.615082
1.618148
1.618148
1.615327
1.615327
1.604526
1.604526
1.611681
1.611681
1.604593
1.604593
1.598900
1.598900
1.616557
1.616557
1.619635
1.619635
1.608222
1.608222
1.612450
1.612450
1.614930
1.614930
1.616091
1.616091
1.604885
1.604885
1.612819
1.612819
1.605582
1.605582
1.601502
1.601502
1.612397
1.612397
1.592210
1.592210
1.619037
1.619037
1.634946
1.634946
1.599671
1.599671
1.612347
1.612347
1.619719
1.619719
1.613704
1.613704
1.609470
1.609470
1.609063
1.609063
1.617107
1.617107
1.594769
1.594769
1.615150
1.615150
1.621055
1.621055
1.611070
1.611070
1.621273
1.621273
1.611922
1.611922
1.607315
1.607315
1.601583
1.601583
1.616003
1.616003
1.610609
1.610609
1.606674
1.606674
1.616744
1.616744
1.603419
1.603419
1.611996
1.611996
1.614216
1.614216
1.620325
1.620325
1.606651
1.606651
1.599369
1.599369
1.602336
1.602336
1.617234
1.617234
1.613023
1.613023
1.608639
1.608639
1.614213
1.614213
1.599249
1.599249
1.617309
1.617309
1.619864
1.619864
1.620542
1.620542
1.594443
1.594443
1.607564
1.607564
1.616193
1.616193
1.619207
1.619207
1.601174
1.601174
1.610380
1.610380
1.618533
1.618533
1.598061
1.598061
1.613289
1.613289
1.611011
1.611011
1.614332
1.614332
1.617769
1.617769
1.616345
1.616345
1.599617
1.599617
1.605053
1.605053
1.616871
1.616871
1.620784
1.620784
1.598876
1.598876
1.612032
1.612032
1.610119
1.610119
1.612990
1.612990
1.612542
1.612542
1.595506
1.595506
1.615725
1.615725
1.612499
1.612499
1.619811
1.619811
1.613572
1.613572
1.606133
1.606133
1.606741
1.606741
1.611956
1.611956
1.617045
1.617045
1.611369
1.611369
1.618275
1.618275
1.608558
1.608558
1.606841
1.606841
1.608641
1.608641
1.608035
1.608035
1.607625
1.607625
1.627568
1.627568
1.601689
1.601689
1.608703
1.608703
1.605785
1.605785
1.612457
1.612457
1.609668
1.609668
1.613256
1.613256
1.613290
1.613290
