0.0940
0.0910
0.0960
0.0980
0.0950
0.0960
0.1070
0.1090
0.1070
0.1000
0.1140
0.1240
0.1180
0.1140
0.1087
0.1170
0.1420
0.1200
0.1250
0.1600
0.1530
0.1530
0.1430
0.1810
0.1512
0.1680
0.1680
0.1930
0.1880
0.2288
0.2190
0.2080
0.2160
0.2420
0.2412
0.2230
0.2800
0.2530
0.2560
0.2988
0.2880
0.3040
0.2810
0.3190
0.3063
0.3440
0.3180
0.3180
0.3250
0.3513
0.3390
0.3440
0.3460
0.3800
0.3663
0.3640
0.3800
0.3540
0.3860
0.3550
0.3700
0.3750
0.3600
0.3990
0.4150
0.4160
0.3830
0.3700
0.4000
0.4288
0.4150
0.4070
0.4210
0.4040
0.4250
0.4250
0.4350
0.4080
0.4450
0.4387
0.4250
0.4640
0.4400
0.4780
0.4412
0.4650
0.4720
0.4590
0.4550
0.4800
0.4700
0.4760
0.4640
0.4910
0.5138
0.4920
0.4890
0.4980
0.5000
0.5175
0.5120
0.4940
0.5500
0.5200
0.5363
0.5090
0.5250
0.5540
0.5590
0.5725
0.5610
0.5500
0.5620
0.5720
0.5600
0.5840
0.5850
0.5670
0.5930
0.5925
0.6100
0.5890
0.5950
0.6070
0.6025
0.6090
0.5960
0.6240
0.6160
0.6450
0.6160
0.6430
0.6400
0.6310
0.6238
0.6480
0.6300
0.6390
0.6480
0.6512
0.6610
0.6500
0.6340
0.6530
0.6700
0.6730
0.6400
0.6770
0.6430
0.6687
0.6640
0.6790
0.6670
0.6680
0.6375
0.6680
0.6660
0.6710
0.6700
0.6725
0.6810
0.7060
0.6520
0.6650
0.6625
0.6700
0.7010
0.6750
0.6770
0.6813
0.7010
0.6620
0.7020
0.6780
0.7050
0.7250
0.6730
0.6660
0.7080
0.7175
0.6980
0.7270
0.6860
0.6940
0.7262
0.7160
0.7080
0.7110
0.7110
0.7300
0.7210
0.7300
0.7140
0.7480
0.7200
0.7110
0.7500
0.7430
0.7370
0.7450
0.7560
0.7590
0.7340
0.7460
0.7350
0.7140
0.7960
0.7480
0.7590
0.7512
0.7610
0.7500
0.7640
0.7710
0.7400
0.7780
0.7840
0.7570
0.7580
0.7250
0.7600
0.7510
0.7800
0.7580
0.7837
0.7610
0.7760
0.7720
0.7780
0.7525
0.7720
0.7590
0.7700
0.7880
0.7662
0.7540
0.7640
0.7860
0.7800
0.7850
0.7860
0.7680
0.7740
0.7670
0.7775
0.7970
0.7550
0.7910
0.7650
0.7675
0.7850
0.7820
0.7680
0.7860
0.7575
0.7540
0.7900
0.7900
0.7820
0.7675
0.7800
0.7640
0.7720
0.7940
0.7788
0.7980
0.7710
0.7840
0.7700
0.7712
0.7990
0.7870
0.7750
0.7690
0.7712
0.7820
0.7700
0.7840
0.7810
0.7963
0.7860
0.7870
0.7810
0.7760
0.7887
0.7900
0.7690
0.7990
0.7700
0.7987
0.7820
0.7880
0.7890
0.7840
0.7863
0.7910
0.7800
0.7740
0.8090
0.7762
0.8110
0.7630
0.7970
0.7740
0.7900
0.7850
0.7850
0.7860
0.8110
0.7650
0.7780
0.7810
0.7930
0.7990
0.7900
0.7670
0.8010
0.7990
0.7940
0.7825
0.8000
0.7780
0.7780
0.7790
0.8213
0.7870
0.7760
0.8110
0.7890
0.7900
0.7770
0.8000
0.8000
0.7890
0.7900
0.8010
0.7710
0.8100
0.7800
0.8000
0.8030
0.7940
0.7910
0.7770
0.8000
0.8250
0.7980
0.7650
0.7820
0.7987
0.7930
0.7930
0.7920
0.7960
0.7987
0.7870
0.7960
0.8010
0.8090
0.7788
0.7900
0.8010
0.8160
0.7720
0.7963
0.7870
0.8160
0.7930
0.7900
0.7887
0.7880
0.7830
0.8150
0.7970
0.7925
0.7800
0.7930
0.8040
0.8000
0.8050
0.7860
0.7960
0.7840
0.8090
0.8113
0.8070
0.8270
0.7940
0.7640
0.7900
0.8060
0.8090
0.7960
0.7980
0.7712
0.7920
0.7900
0.8120
0.7840
0.8100
0.7920
0.7840
0.8240
0.8020
0.7837
0.7950
0.8040
0.8040
0.7840
0.8050
0.7900
0.8090
0.7900
0.8130
0.7875
0.7800
0.8090
0.8070
0.8040
0.7925
0.7930
0.7810
0.8010
0.8090
0.8150
0.8070
0.7950
0.8070
0.8070
0.7800
0.7960
0.7820
0.8100
0.8000
0.8137
0.8210
0.7720
0.7990
0.8180
0.7887
0.8130
0.7840
0.7950
0.8000
0.8150
0.7970
0.8020
0.8070
0.7980
0.8037
0.8130
0.8290
0.7750
0.7940
0.7987
0.8090
0.8180
0.7830
0.7970
0.8113
0.8080
0.8030
0.8080
0.7890
0.8125
0.8070
0.8070
0.7980
0.8080
0.8037
0.7920
0.8060
0.8100
0.8060
0.8150
0.7990
0.8000
0.8080
0.8220
0.7987
0.7880
0.8200
0.7980
0.8210
0.8050
0.7830
0.8070
0.8120
0.8160
0.8175
0.8040
0.7990
0.8200
0.7950
0.8200
0.8160
0.7830
0.8210
0.8110
0.8075
0.8130
0.7910
0.8180
0.8200
0.7987
0.8090
0.7970
0.8150
0.8220
0.8025
0.8080
0.8080
0.8280
0.8120
0.7900
0.7990
0.8200
0.8230
0.8080
0.8025
0.8040
0.8170
0.8150
0.8270
0.7925
0.8370
0.8100
0.7900
0.8060
0.8225
0.8000
0.8130
0.8230
0.8170
0.8163
0.8160
0.8270
0.8030
0.8230
0.8025
0.8090
0.7920
0.8410
0.8270
0.8063
0.8310
0.8070
0.8230
0.8090
0.8125
0.8250
0.8090
0.8130
0.8160
0.8237
0.8100
0.8090
0.8270
0.8220
0.8213
0.8490
0.8230
0.7940
0.8280
0.7963
0.8390
0.8070
0.8250
0.8230
0.8037
0.8280
0.8010
0.8140
0.8340
0.8337
0.8170
0.8330
0.8220
0.8200
0.8200
0.8170
0.8130
0.8070
0.8450
0.8375
0.8280
0.8050
0.8400
0.8290
0.8200
0.8410
0.8410
0.8040
0.8260
0.8163
0.8310
0.8080
0.8320
0.8260
0.8425
0.8440
0.8400
0.8170
0.8150
0.8287
0.8370
0.8120
0.8390
0.8300
0.8313
0.8400
0.8220
0.8370
0.8400
0.8113
0.8260
0.8450
0.8140
0.8400
0.8337
0.8390
0.8360
0.8200
0.8400
0.8275
0.8220
0.8430
0.8330
0.8190
0.8538
0.8180
0.8440
0.8350
0.8410
0.8375
0.8200
0.8260
0.8460
0.8400
0.8462
0.8390
0.8200
0.8470
0.8390
0.8438
0.8370
0.8410
0.8380
0.8380
0.8375
0.8280
0.8480
0.8220
0.8500
0.8475
0.8510
0.8300
0.8320
0.8510
0.8300
0.8310
0.8370
0.8500
0.8400
0.8450
0.8430
0.8320
0.8450
0.8350
0.8538
0.8550
0.8420
0.8460
0.8340
0.8287
0.8460
0.8310
0.8330
0.8590
0.8450
0.8280
0.8450
0.8570
0.8490
0.8375
0.8320
0.8470
0.8610
0.8420
0.8363
0.8580
0.8600
0.8310
0.8350
0.8400
0.8390
0.8610
0.8570
0.8420
0.8287
0.8560
0.8340
0.8420
0.8500
0.8525
0.8540
0.8400
0.8390
0.8460
0.8575
0.8630
0.8430
0.8470
0.8500
0.8337
0.8460
0.8660
0.8410
0.8300
0.8638
0.8380
0.8510
0.8510
0.8580
0.8475
0.8450
0.8400
0.8590
0.8610
0.8450
0.8540
0.8420
0.8660
0.8320
0.8625
0.8530
0.8500
0.8580
0.8400
0.8562
0.8460
0.8680
0.8410
0.8410
0.8712
0.8740
0.8590
0.8350
0.8480
0.8462
0.8490
0.8420
0.8490
0.8620
0.8650
0.8520
0.8570
0.8480
0.8600
0.8462
0.8450
0.8340
0.8570
0.8770
0.8550
0.8420
0.8580
0.8610
0.8480
0.8600
0.8500
0.8530
0.8640
0.8660
0.8325
0.8490
0.8670
0.8410
0.8630
0.8525
0.8480
0.8470
0.8640
0.8610
0.8600
0.8650
0.8560
0.8460
0.8610
0.8525
0.8560
0.8530
0.8540
0.8610
0.8588
0.8470
0.8380
0.8750
0.8660
0.8588
0.8620
0.8400
0.8680
0.8520
0.8675
0.8760
0.8670
0.8530
0.8410
0.8538
0.8620
0.8620
0.8550
0.8570
0.8550
0.8490
0.8760
0.8570
0.8450
0.8700
0.8380
0.8530
0.8830
0.8630
0.8600
0.8590
0.8620
0.8500
0.8710
0.8562
0.8490
0.8540
0.8680
0.8690
0.8600
0.8630
0.8580
0.8680
0.8610
0.8475
0.8720
0.8410
0.8600
0.8580
0.8738
0.8580
0.8520
0.8810
0.8530
0.8600
0.8590
0.8430
0.8730
0.8520
0.8800
0.8480
0.8630
0.8760
0.8580
0.8588
0.8590
0.8580
0.8720
0.8520
0.8650
0.8620
0.8710
0.8500
0.8650
0.8575
0.8680
0.8490
0.8720
0.8710
0.8450
0.8630
0.8750
0.8670
0.8460
0.8600
0.8620
0.8530
0.8560
0.8820
0.8575
0.8630
0.8640
0.8630
0.8660
0.8588
0.8740
0.8720
0.8570
0.8570
0.8550
0.8630
0.8710
0.8620
0.8700
0.8488
0.8520
0.8700
0.8590
0.8620
0.8775
0.8640
0.8670
0.8540
0.8600
0.8788
0.8760
0.8750
0.8490
0.8510
0.8712
0.8620
0.8610
0.8560
0.8790
0.8638
0.8730
0.8500
0.8650
0.8730
0.8612
0.8610
0.8690
0.8710
0.8660
0.8562
0.8520
0.8550
0.8790
0.8700
0.8750
0.8650
0.8790
0.8850
0.8520
0.8450
0.8640
0.8710
0.8570
0.8650
0.8750
0.8800
0.8540
0.8560
0.8710
0.8738
0.8630
0.8510
0.8800
0.8710
0.8688
0.8580
0.8750
0.8720
0.8640
0.8662
0.8530
0.8830
0.8680
0.8640
0.8700
0.8600
0.8700
0.8640
0.8710
0.8738
0.8630
0.8510
0.8700
0.8860
0.8712
0.8670
0.8600
0.8720
0.8710
0.8738
0.8660
0.8620
0.8650
0.8810
0.8738
0.8770
0.8780
0.8390
0.8760
0.8825
0.8720
0.8780
0.8780
0.8620
0.8575
0.8800
0.8540
0.8790
0.8680
0.8712
0.8740
0.8540
0.8650
0.8890
0.8712
0.8720
0.8700
0.8740
0.8620
0.8762
0.8730
0.8510
0.8930
0.8710
0.8638
0.8630
0.8760
0.8740
0.8740
0.8650
0.8700
0.8750
0.8510
0.8720
0.8900
0.8610
0.8630
0.8740
0.8770
0.8812
0.8700
0.8650
0.8680
0.8660
0.8912
0.8490
0.8870
0.8790
0.8780
0.8625
0.8660
0.8730
0.8700
0.8710
0.8788
0.8640
0.8600
0.8870
0.8620
0.8875
0.8610
0.8980
0.8620
0.8500
0.8925
0.8780
0.8570
0.8580
0.8730
0.8975
0.8850
0.8580
0.8740
0.8940
0.8425
0.8740
0.8700
0.8800
0.8670
0.8675
0.8940
0.8570
0.8750
0.8850
0.8438
0.8770
0.8860
0.8660
0.8770
0.8500
0.8710
0.8790
0.8770
0.8750
0.8575
0.8710
0.8700
0.8630
0.8830
0.8775
0.8630
0.8690
0.8670
0.8940
0.8700
0.8890
0.8640
0.8700
0.8640
0.8788
0.8800
0.8740
0.8610
0.8840
0.8675
0.8710
0.8840
0.8730
0.8790
0.8575
0.8720
0.8810
0.8780
0.8680
0.8688
0.8650
0.8710
0.8740
0.8780
0.8838
0.8790
0.8850
0.8650
0.8660
0.8750
0.8690
0.8700
0.8740
0.8760
0.8825
0.8830
0.8770
0.8860
0.8580
0.8675
0.8780
0.8700
0.8840
0.8690
0.8725
0.8590
0.8670
0.8800
0.8780
0.8938
0.8730
0.8890
0.8780
0.8580
0.8775
0.8830
0.8750
0.8800
0.8800
0.8500
0.8770
0.8730
0.8750
0.8760
0.8725
0.8720
0.8770
0.8890
0.8720
0.8612
0.8680
0.8820
0.8890
0.8780
0.8525
0.8650
0.8810
0.8820
0.8730
0.8725
0.8650
0.8730
0.9000
0.8600
0.8775
0.8830
0.8860
0.8940
0.8460
0.8638
0.8740
0.8950
0.8700
0.8640
0.8712
0.8710
0.8770
0.8580
0.8790
0.8962
0.8710
0.8740
0.8880
0.8610
0.8850
0.8970
0.8750
0.8790
0.8600
0.8662
0.8720
0.8920
0.8610
0.8770
0.8788
0.8890
0.8680
0.8810
0.8650
0.8788
0.8750
0.8730
0.8660
0.8820
0.8888
0.8730
0.8670
0.8790
0.8740
0.8962
0.8770
0.8860
0.8640
0.8870
0.8725
0.8840
0.8800
0.8610
0.8800
0.8838
0.8800
0.8880
0.8780
0.8780
0.8600
0.8840
0.8870
0.8600
0.8820
0.8750
0.8960
0.8890
0.8610
0.8650
0.8750
0.8780
0.8920
0.8690
0.8850
0.8612
0.8800
0.8840
0.8820
0.8720
0.8688
0.8710
0.8770
0.8910
0.8710
0.8788
0.8850
0.8770
0.8770
0.8750
0.8750
0.8640
0.8830
0.8740
0.8780
0.8938
0.8820
0.8740
0.8840
0.8760
0.8725
0.8820
0.8660
0.8900
0.8770
0.8738
0.8820
0.8780
0.8630
0.9070
0.8575
0.8890
0.8780
0.8670
0.8730
0.8850
0.8810
0.8790
0.8750
0.8810
0.8750
0.8750
0.8920
0.8770
0.8780
0.8675
0.8650
0.8910
0.8780
0.8800
0.8775
0.8760
0.8750
0.8860
0.8730
0.8825
0.8680
0.8790
0.8750
0.8730
0.9012
0.8890
0.8790
0.8840
0.8630
0.8762
0.8880
0.8700
0.8670
0.8820
0.8862
0.8700
0.8730
0.8720
0.8840
0.8962
0.8880
0.8770
0.8810
0.8620
0.8850
0.8780
0.8820
0.8880
0.8630
0.8812
0.8720
0.8750
0.8730
0.8930
0.8788
0.8670
0.8950
0.8860
0.8730
0.8675
0.8570
0.8780
0.8850
0.8850
0.8875
0.8730
0.8870
0.8790
0.8720
0.8800
0.8870
0.8810
0.8740
0.8620
0.8900
0.8960
0.8740
0.8640
0.8870
0.8700
0.8760
0.8690
0.8870
0.8710
0.8938
0.8870
0.8720
0.8720
0.9010
0.8575
0.8660
0.8920
0.8660
0.8800
0.8925
0.8900
0.8770
0.8830
0.8660
0.8788
0.8840
0.8830
0.8630
0.8790
0.8875
0.8740
0.8710
0.9020
0.8620
0.8888
0.8800
0.8820
0.8840
0.8790
0.8700
0.8620
0.8930
0.8690
0.8800
0.8962
0.8710
0.8650
0.8790
0.8910
0.8938
0.8730
0.8940
0.8860
0.8720
0.8700
0.8690
0.8670
0.9050
0.8750
0.8812
0.8890
0.8900
0.8550
0.8790
0.8850
0.8840
0.8780
0.8680
0.8800
0.8888
0.8720
0.8830
0.8680
0.8850
0.8912
0.8760
0.8800
0.8970
0.8700
0.8725
0.8840
0.8900
0.8620
0.8830
0.8775
0.8840
0.8800
0.8710
0.8850
0.8775
0.8820
0.8850
0.8750
0.8790
0.8762
0.8770
0.8830
0.8790
0.8670
0.8962
0.8660
0.8980
0.8670
0.8750
0.8975
0.8730
0.8770
0.8870
0.8840
0.8788
0.8830
0.8750
0.8820
0.8780
0.8838
0.8790
0.8810
0.8750
0.8830
0.8825
0.8910
0.8910
0.8840
0.8670
0.8638
0.8800
0.8810
0.8710
0.8730
0.8988
0.8840
0.8860
0.8780
0.8830
0.8650
0.8900
0.8750
0.8740
0.8840
0.8750
0.8940
0.8820
0.8610
0.8850
0.8775
0.8850
0.8710
0.8790
0.8690
0.9000
0.9070
0.8760
0.8640
0.8730
0.8812
0.8770
0.8920
0.8600
0.8800
0.8962
0.8880
0.8820
0.8700
0.8850
0.8762
0.8940
0.8700
0.9010
0.8760
0.8562
0.8880
0.8790
0.8820
0.8800
0.8712
0.8800
0.8630
0.8680
0.8920
0.9025
0.8820
0.8890
0.8910
0.8760
0.8600
0.8760
0.8790
0.8820
0.8820
0.8838
0.8550
0.8820
0.8840
0.8940
0.8900
0.8740
0.8870
0.8820
0.8790
0.8825
0.8770
0.8650
0.8870
0.8970
0.8775
0.8860
0.8690
0.8860
0.8820
0.8812
0.8800
0.8710
0.8920
0.8810
0.8825
0.8680
0.9000
0.8770
0.8790
0.8825
0.8730
0.8890
0.8800
0.8820
0.8825
0.8860
0.8890
0.8780
0.8740
0.8788
0.8690
0.8880
0.8840
0.8940
0.8688
0.8650
0.8950
0.8680
0.8900
0.8900
0.8830
0.8730
0.8900
0.8850
0.8738
0.8740
0.8890
0.9030
0.8730
0.8638
0.8820
0.8780
0.8910
0.8790
0.8762
0.8940
0.8770
0.8850
0.8780
0.8738
0.8890
0.8710
0.8880
0.8700
0.8938
0.8940
0.8810
0.8680
0.8870
0.8812
0.8730
0.8780
0.9000
0.8880
0.8712
0.8870
0.8800
0.8970
0.8760
0.8700
0.8930
0.8700
0.8850
0.8850
0.8788
0.8860
0.8910
0.8810
0.8810
0.8712
0.8860
0.9020
0.8790
0.8790
0.8625
0.8830
0.8960
0.8780
0.8710
0.8862
0.8650
0.8830
0.8870
0.8830
0.8988
0.8900
0.8800
0.8800
0.8760
0.8888
0.8850
0.8890
0.8800
0.8920
0.8662
0.8840
0.8920
0.8800
0.8770
0.8812
0.9000
0.8670
0.8840
0.8850
0.8788
0.8740
0.8680
0.8790
0.8960
0.9025
0.8780
0.8900
0.8980
0.8670
0.8825
0.8860
0.8720
0.8890
0.8860
0.8838
0.8740
0.8880
0.8900
0.8940
0.8675
0.8780
0.8890
0.8890
0.8860
0.8725
0.8970
0.8810
0.8760
0.8900
0.8700
0.8870
0.8730
0.9000
0.8900
0.8625
0.8740
0.8740
0.9010
0.8900
0.8762
0.8850
0.8760
0.8780
0.8890
0.8888
0.8980
0.8620
0.8790
0.8820
0.8988
0.9090
0.8720
0.8910
0.8760
0.8650
0.8890
0.8690
0.8840
0.9010
0.8712
0.8940
0.8840
0.8870
0.8770
0.8725
0.8820
0.8680
0.8890
0.8800
0.9012
0.8870
0.8970
0.8870
0.8660
0.8800
0.8760
0.8660
0.8910
0.9030
0.8812
0.8900
0.8910
0.8790
0.8900
0.8638
0.8870
0.8860
0.8840
0.8750
0.8862
0.8750
0.8810
0.8920
0.8780
0.8938
0.8710
0.8800
0.8880
0.8970
0.8812
0.8830
0.8790
0.8800
0.8850
0.8925
0.8760
0.9010
0.8840
0.8740
0.8825
0.8800
0.8840
0.8730
0.8960
0.8850
0.8620
0.9000
0.8910
0.8730
0.8925
0.8760
0.8750
0.8950
0.8920
0.8788
0.8970
0.8710
0.8840
0.8860
0.8788
0.8770
0.8860
0.8780
0.8980
0.8775
0.8850
0.8930
0.8850
0.8680
0.8875
0.8780
0.8820
0.8820
0.8900
0.8862
0.8660
0.8910
0.8960
0.8850
0.8788
0.8780
0.8790
0.8770
0.8980
0.8875
0.8690
0.9040
0.8990
0.8780
0.8662
0.8810
0.8970
0.8760
0.8730
0.8950
0.8800
0.8930
0.8870
0.8630
0.9000
0.8840
0.8870
0.8820
0.8870
0.8800
0.8880
0.8890
0.8910
0.8830
0.8688
0.8850
0.8800
0.8990
0.8750
0.8838
0.8900
0.8700
0.8820
0.8800
0.9050
0.8840
0.8810
0.8890
0.8780
0.8925
0.8700
0.8790
0.9010
0.8900
0.8825
0.8970
0.8770
0.8850
0.8780
0.8862
0.8880
0.8680
0.8980
0.8850
0.8838
0.8890
0.8990
0.8680
0.8820
0.8850
0.8930
0.8860
0.8660
0.9020
0.8738
0.8950
0.8930
0.8590
0.8860
0.8925
0.8970
0.8840
0.8720
0.8820
0.8900
0.8820
0.8850
0.8940
0.8800
0.8838
0.8800
0.8960
0.8690
0.9030
0.8738
0.8790
0.9040
0.8760
0.8970
0.8638
0.8890
0.8910
0.8890
0.8700
0.8850
0.8890
0.8760
0.8800
0.8710
0.9150
0.8890
0.8910
0.8760
0.8970
0.8688
0.8900
0.8740
0.8860
0.8840
0.8925
0.8930
0.8850
0.8890
0.8830
0.8725
0.8750
0.8800
0.8890
0.8920
0.8900
0.8740
0.8890
0.8970
0.8840
0.8812
0.8700
0.8890
0.8870
0.8950
0.8838
0.8930
0.8760
0.8940
0.8820
0.8812
0.8760
0.8910
0.8880
0.8920
0.8775
0.8930
0.8810
0.8860
0.8850
0.8800
0.9040
0.8870
0.8860
0.8680
0.8788
0.8870
0.8970
0.8580
0.8950
0.8900
0.8800
0.8870
0.8870
0.8840
0.8888
0.8740
0.8830
0.8830
0.9030
0.8838
0.8940
0.8780
0.8910
0.8850
0.8775
0.8750
0.8870
0.8740
0.8980
0.8975
0.8930
0.8800
0.8780
0.8850
0.8950
0.8820
0.9030
0.8870
0.8790
0.8762
0.8850
0.8730
0.9000
0.8820
0.8912
0.8870
0.8870
0.9000
0.8620
0.8962
0.8960
0.8890
0.8960
0.8780
0.8675
0.8810
0.8990
0.8860
0.8740
0.8925
0.8820
0.8940
0.8940
0.8670
0.8962
0.8660
0.8950
0.8890
0.8970
0.8838
0.8770
0.8830
0.8770
0.8950
0.9025
0.8940
0.8800
0.8790
0.8940
0.8838
0.8840
0.8770
0.8950
0.8800
0.8975
0.8800
0.8980
0.8800
0.8920
0.8788
0.8730
0.8830
0.8920
0.8920
0.8925
0.8760
0.8850
0.8970
0.8950
0.8762
0.8730
0.8950
0.8880
0.8910
0.8838
0.8930
0.8790
0.8850
0.8780
0.8988
0.8830
0.8930
0.8940
0.8840
0.8750
0.8830
0.8880
0.8940
0.8910
0.8725
0.8750
0.8750
0.9020
0.8960
0.8825
0.8930
0.8810
0.8900
0.8710
0.9000
0.8880
0.8760
0.8840
0.9000
0.8838
0.8740
0.8830
0.8780
0.9090
0.8900
0.8900
0.8860
0.8940
0.8960
0.8625
0.8880
0.8810
0.8820
0.8950
0.8862
0.8940
0.8890
0.8780
0.8780
0.8950
0.9050
0.8840
0.8880
0.8760
0.8788
0.8890
0.9010
0.8900
0.8680
0.8850
0.8810
0.8810
0.8850
0.8920
0.8950
0.8940
0.8900
0.8750
0.8910
0.8812
0.8950
0.8960
0.8880
0.8880
0.8612
0.8860
0.8820
0.9010
0.8680
0.8988
0.8900
0.8850
0.8870
0.8930
0.8788
0.8880
0.8970
0.8710
0.8830
0.8988
0.8920
0.8890
0.8860
0.8960
0.8688
0.8760
0.9010
0.8890
0.8750
0.8962
0.8840
0.8920
0.8710
0.8920
0.8988
0.9030
0.8930
0.8840
0.8790
0.8738
0.8810
0.8860
0.8910
0.8960
0.8812
0.8880
0.8810
0.8920
0.8940
0.8812
0.9010
0.8780
0.8840
0.9050
0.8638
0.8680
0.8840
0.9030
0.8870
0.8988
0.8840
0.8920
0.9010
0.8720
0.8900
0.8990
0.8870
0.8830
0.8850
0.8838
0.8900
0.8870
0.8880
0.8900
0.8825
0.8890
0.8770
0.8790
0.8940
0.9025
0.8860
0.8800
0.8940
0.8870
0.8925
0.8740
0.8920
0.8980
0.8870
0.8875
0.8850
0.8850
0.8880
0.8900
0.8912
0.8890
0.9010
0.8780
0.8870
0.8825
0.8870
0.8810
0.8830
0.8980
0.8900
0.8880
0.8880
0.9000
0.8810
0.8800
0.8830
0.8880
0.8820
0.8940
0.8938
0.8890
0.8920
0.8960
0.8750
0.8875
0.8760
0.8940
0.8920
0.8970
0.8788
0.8810
0.9090
0.8850
0.8900
0.8725
0.8950
0.8860
0.8860
0.8940
0.8775
0.8980
0.8830
0.8930
0.8790
0.8875
0.8980
0.8800
0.8890
0.8900
0.8825
0.8990
0.8950
0.9020
0.8640
0.8775
0.8940
0.8930
0.8810
0.9020
0.8650
0.8880
0.9010
0.8750
0.8950
0.8800
0.8840
0.9000
0.8910
0.8960
0.8650
0.8850
0.8840
0.8780
0.8900
0.9075
0.8980
0.8790
0.8830
0.8790
0.9050
0.9110
0.8910
0.8720
0.8810
0.8862
0.8840
0.8970
0.8930
0.8710
0.9000
0.8780
0.8770
0.8880
0.9000
0.9025
0.8940
0.8930
0.8860
0.8950
0.8738
0.8890
0.8840
0.8870
0.8960
0.8875
0.8880
0.8950
0.8880
0.8890
0.8825
0.8810
0.8960
0.8700
0.8950
0.9062
0.8640
0.8960
0.8960
0.8940
0.8962
0.8840
0.8920
0.8900
0.8890
0.8900
0.8750
0.8930
0.8980
0.8700
0.9137
0.8940
0.9030
0.8890
0.8750
0.8825
0.8710
0.8930
0.8950
0.8840
0.9062
0.8820
0.8970
0.8830
0.8990
0.8850
0.8660
0.8910
0.8880
0.9010
0.9038
0.8950
0.8800
0.8840
0.9020
0.8850
0.8690
0.9040
0.8740
0.8980
0.9038
0.8900
0.8870
0.8970
0.8810
0.8912
0.8870
0.8890
0.8850
0.8910
0.8950
0.9030
0.8900
0.8820
0.8860
0.8838
0.8780
0.8990
0.8950
0.8900
0.8825
0.8840
0.8840
0.8910
0.9020
0.8850
0.8970
0.8810
0.8860
0.8990
0.8825
0.8920
0.8710
0.8880
0.8990
0.8988
0.8940
0.8820
0.8830
0.8870
0.9025
0.8830
0.8900
0.9000
0.8800
0.8938
0.8910
0.8910
0.8790
0.8930
0.8925
0.8740
0.8930
0.8940
0.8900
0.8962
0.8880
0.8910
0.8790
0.8870
0.9038
0.8820
0.8810
0.9070
0.8970
0.8750
0.8840
0.8990
0.8900
0.8790
0.8950
0.8900
0.8840
0.8990
0.8880
0.8838
0.8970
0.8910
0.8960
0.8790
0.8800
0.8770
0.8830
0.8830
0.8990
0.9062
0.8930
0.8810
0.8810
0.8810
0.9137
0.8950
0.9040
0.8960
0.8910
0.8538
0.8880
0.8960
0.8750
0.8900
0.8988
0.8820
0.8990
0.9010
0.8800
0.8825
0.9020
0.8980
0.8770
0.8780
0.8912
0.8960
0.8850
0.8930
0.8860
0.8875
0.8790
0.9010
0.8930
0.8830
0.8938
0.8990
0.8930
0.8910
0.8880
0.8750
0.8910
0.8950
0.8920
0.8840
0.8862
0.8800
0.9000
0.8910
0.8820
0.8975
0.8850
0.9000
0.8840
0.8970
0.8800
0.8910
0.8940
0.8860
0.8760
0.9038
0.8960
0.8870
0.9070
0.8830
0.8725
0.8840
0.9100
0.8930
0.8850
0.8738
0.8830
0.8970
0.8860
0.8910
0.8925
0.8940
0.8890
0.8900
0.8830
0.8938
0.8910
0.8830
0.8970
0.8900
0.8875
0.8940
0.8840
0.8990
0.8740
0.9000
0.8960
0.8910
0.8860
0.8930
0.8812
0.9030
0.8990
0.8850
0.8830
0.8775
0.8980
0.9000
0.8680
0.8950
0.8888
0.9120
0.8860
0.8820
0.8840
0.8850
0.8910
0.8830
0.8930
0.8920
0.8925
0.8950
0.8850
0.8870
0.8900
0.8950
0.8850
0.8980
0.9030
0.8860
0.8762
0.8830
0.8980
0.8870
0.8840
0.9012
0.8880
0.9010
0.8930
0.8760
0.8938
0.8940
0.8720
0.8990
0.8920
0.8950
0.8970
0.8870
0.8880
0.8770
0.9050
0.8880
0.8890
0.8800
0.8960
0.9000
0.8910
0.8980
0.8980
0.8840
0.8775
0.8940
0.8890
0.8940
0.8860
0.8875
0.8790
0.8910
0.8960
0.8950
0.8912
0.8890
0.8920
0.8960
0.8890
0.8850
0.8990
0.8950
0.8940
0.8850
0.8762
0.8890
0.8860
0.8850
0.8900
0.9050
0.8960
0.8820
0.8870
0.8940
0.8938
0.8870
0.8980
0.8780
0.9010
0.8875
0.8850
0.8720
0.8970
0.9050
0.8950
0.8840
0.8870
0.8940
0.8900
0.9000
0.8920
0.8830
0.8940
0.8930
0.8925
0.8980
0.8790
0.8800
0.8980
0.9012
0.8830
0.9150
0.8830
0.8830
0.8900
0.8790
0.8940
0.8910
0.8920
0.9012
0.8860
0.8880
0.8740
0.9070
0.9038
0.8930
0.8920
0.9000
0.8820
0.8888
0.8900
0.8860
0.8950
0.9090
0.8725
0.8830
0.8900
0.8910
0.8810
0.9150
0.8920
0.9010
0.8840
0.8920
0.8850
0.8870
0.8930
0.8710
0.8930
0.9163
0.8970
0.8780
0.8950
0.8960
0.8888
0.9050
0.8980
0.8670
0.9040
0.8788
0.8970
0.8920
0.8890
0.8710
0.9100
0.8840
0.8950
0.8860
0.8940
0.8975
0.8840
0.9020
0.8790
0.8860
0.9075
0.8900
0.8890
0.8980
0.8870
0.8912
0.8940
0.8900
0.8800
0.8900
0.9038
0.8840
0.9000
0.8800
0.9040
0.8875
0.9000
0.8880
0.8830
0.8930
0.8925
0.8820
0.8920
0.8970
0.9080
0.8738
0.8890
0.8990
0.8900
0.8900
0.8875
0.8850
0.8890
0.8910
0.9010
0.8925
0.9040
0.8840
0.8770
0.8980
0.8962
0.8740
0.8910
0.9010
0.9100
0.8800
0.9030
0.8880
0.8940
0.9010
0.8675
0.8760
0.8890
0.8910
0.9070
0.8962
0.8870
0.8850
0.8980
0.8990
0.8900
0.8950
0.8880
0.8870
0.8930
0.8975
0.8990
0.8910
0.8800
0.9030
0.8850
0.8850
0.8990
0.8980
0.8920
0.8838
0.8840
0.9070
0.8970
0.8930
0.8750
0.8970
0.8890
0.9000
0.8960
0.8738
0.9030
0.8890
0.8790
0.8890
0.9012
0.8970
0.8940
0.8850
0.9030
0.8775
0.8950
0.8870
0.8870
0.8940
0.8975
0.8890
0.8820
0.9040
0.8870
0.8988
0.8930
0.8980
0.8890
0.8850
0.8950
0.8960
0.8980
0.8840
0.8880
0.8938
0.8940
0.8940
0.8890
0.8920
0.8900
0.8810
0.8990
0.8830
0.9150
0.8812
0.8950
0.9000
0.8800
0.8840
0.9050
0.8940
0.8950
0.8870
0.8960
0.8888
0.9070
0.8930
0.8820
0.8830
0.8988
0.8940
0.8830
0.8890
0.8950
0.9038
0.8720
0.9140
0.8790
0.9010
0.8975
0.8970
0.8680
0.8950
0.9040
0.9000
0.8990
0.9020
0.8930
0.8730
0.8962
0.9000
0.8910
0.8790
0.8960
0.8975
0.9000
0.8870
0.8900
0.9020
0.8812
0.8820
0.9010
0.9090
0.8840
0.8862
0.9050
0.9020
0.8910
0.8830
0.8800
0.8950
0.8950
0.8980
0.8890
0.8850
0.9090
0.8940
0.8660
0.8940
0.9025
0.8810
0.8910
0.8850
0.8940
0.9175
0.8960
0.9010
0.8830
0.8900
0.8938
0.8870
0.8970
0.8980
0.9010
0.8775
0.8960
0.8870
0.8980
0.8880
0.8950
0.8840
0.8930
0.9040
0.8840
0.9012
0.9050
0.8790
0.8780
0.9030
0.9012
0.8860
0.8840
0.8930
0.8970
0.9075
0.8890
0.8810
0.8940
0.9020
0.9000
0.8980
0.8940
0.9020
0.8810
0.8888
0.9050
0.8920
0.8970
0.8910
0.8762
0.8970
0.8950
0.9010
0.9000
0.8662
0.8850
0.9010
0.8920
0.8980
0.8888
0.8860
0.9080
0.9010
0.8950
0.8725
0.8930
0.8940
0.8940
0.8950
0.8900
0.8920
0.8980
0.8930
0.9010
0.8800
0.8910
0.8970
0.8820
0.8990
0.8988
0.9030
0.8780
0.8900
0.8980
0.9000
0.8930
0.8870
0.9110
0.8860
0.8900
0.8930
0.8950
0.8970
0.8980
0.8800
0.8950
0.8940
0.8860
0.8950
0.8962
0.8920
0.9100
0.8780
0.8950
0.8900
0.8890
0.9070
0.9080
0.8760
0.8838
0.8900
0.9070
0.8920
0.8770
0.9012
0.8950
0.8940
0.8880
0.9050
0.8825
0.8900
0.8980
0.8930
0.8900
0.8962
0.9050
0.8880
0.8950
0.8990
0.8762
0.8910
0.8930
0.8920
0.8920
0.9000
0.8820
0.8980
0.8830
0.8900
0.9187
0.9000
0.8930
0.8880
0.9080
0.8738
0.8980
0.8840
0.8950
0.9030
0.8850
0.9100
0.8790
0.8780
0.8920
0.9100
0.8940
0.8980
0.8770
0.9010
0.8975
0.8990
0.8930
0.8950
0.8920
0.8862
0.8930
0.8890
0.9040
0.8850
0.8962
0.8800
0.8870
0.9070
0.8950
0.8988
0.8880
0.8930
0.8990
0.9020
0.8825
0.8890
0.8920
0.9070
0.8920
0.8850
0.8880
0.8940
0.8910
0.9020
0.8912
0.9070
0.8930
0.8830
0.8910
0.8925
0.8950
0.8960
0.9000
0.8800
0.8962
0.8970
0.8920
0.8990
0.8840
0.8950
0.8860
0.9060
0.8850
0.8990
0.8900
0.9000
0.8850
0.8830
0.9000
0.9000
0.8870
0.8900
0.9030
0.8870
0.9025
0.8870
0.8920
0.8940
0.9020
0.8925
0.8990
0.8910
0.8930
0.8900
0.8950
0.8980
0.9050
0.8820
0.8980
0.8825
0.8820
0.9020
0.8900
0.9030
0.8900
0.8980
0.8900
0.9030
0.8870
0.8888
0.9040
0.9010
0.8900
0.8860
0.8850
0.8950
0.9040
0.8910
0.8860
0.8925
0.8960
0.9080
0.8830
0.8850
0.8975
0.9010
0.8890
0.8920
0.8960
0.8900
0.9030
0.9000
0.8930
0.8940
0.8750
0.9090
0.8930
0.8850
0.8870
0.8950
0.9020
0.8920
0.8890
0.8850
0.9025
0.9030
0.8910
0.8920
0.8980
0.8825
0.9140
0.8790
0.8720
0.9080
0.8962
0.8870
0.8940
0.8930
0.9000
0.8950
0.8890
0.8980
0.8940
0.8990
0.8862
0.8910
0.8900
0.8880
0.8930
0.9087
0.8980
0.8900
0.8970
0.8920
0.8912
0.8930
0.8890
0.8930
0.9100
0.8800
0.9040
0.8790
0.8930
0.8970
0.8950
0.9030
0.8850
0.8840
0.8960
0.9012
0.9030
0.8890
0.8850
0.8960
0.8950
0.9010
0.9020
0.8860
0.8840
0.8962
0.8890
0.8980
0.8870
0.8930
0.9038
0.8830
0.8940
0.8870
0.9000
0.9075
0.8920
0.8870
0.8900
0.9030
0.8975
0.8980
0.8920
0.9010
0.8900
0.8862
0.8980
0.8950
0.8830
0.8930
0.9000
0.8890
0.8910
0.8960
0.9060
0.8838
0.8920
0.8890
0.8930
0.9060
0.8875
0.8930
0.8950
0.9010
0.8880
0.8912
0.8870
0.8910
0.8950
0.8930
0.9050
0.8840
0.8760
0.9120
0.8960
0.9025
0.8960
0.8930
0.8850
0.8960
0.9000
0.9100
0.8850
0.9110
0.8770
0.8850
0.8950
0.8970
0.8990
0.8760
0.9038
0.8760
0.9100
0.9030
0.8940
0.8838
0.8960
0.8950
0.8990
0.9000
0.8750
0.9030
0.8690
0.9000
0.9120
0.8825
0.8900
0.8990
0.8890
0.8910
0.9012
0.9040
0.8970
0.8910
0.8860
0.8912
0.9020
0.8950
0.8830
0.8930
0.8975
0.8940
0.8830
0.8930
0.8930
0.9100
0.9050
0.8890
0.8840
0.8980
0.8950
0.8810
0.8880
0.8880
0.9230
0.8912
0.8880
0.9060
0.8990
0.8940
0.8812
0.9090
0.8670
0.8830
0.9040
0.9113
0.9100
0.8930
0.8920
0.8860
0.8888
0.8910
0.8980
0.8820
0.9000
0.9012
0.8980
0.8900
0.8890
0.9070
0.8850
0.8960
0.8900
0.8940
0.8960
0.8950
0.9050
0.8960
0.8950
0.8970
0.8738
0.8790
0.9020
0.8840
0.9010
0.9087
0.8940
0.8910
0.8900
0.8990
0.8988
0.8890
0.8980
0.9020
0.8930
0.8888
0.8880
0.9030
0.9030
0.8850
0.8938
0.8810
0.9040
0.9110
0.8940
0.8800
0.8900
0.8780
0.9060
0.8930
0.9087
0.8910
0.8940
0.9030
0.8990
0.8838
0.8830
0.8830
0.9040
0.9030
0.9012
0.8990
0.9060
0.9020
0.8830
0.8800
0.9060
0.8960
0.8850
0.9010
0.8825
0.8850
0.9060
0.9000
0.8830
0.9000
0.8970
0.9070
0.8860
0.8820
0.9025
0.8920
0.8920
0.8960
0.8960
0.8975
0.8850
0.8870
0.8940
0.9030
0.9075
0.8970
0.9010
0.8890
0.8830
0.9062
0.8880
0.8940
0.8850
0.9000
0.9100
0.8860
0.8970
0.8930
0.9020
0.8962
0.8820
0.8950
0.9060
0.8970
0.8938
0.8990
0.8880
0.9040
0.8950
0.8862
0.8860
0.8820
0.8950
0.9050
0.9087
0.9030
0.8880
0.9020
0.8800
0.9025
0.9010
0.8890
0.9050
0.8860
0.8938
0.9000
0.8860
0.8940
0.8950
0.9012
0.8980
0.8870
0.9040
0.8900
0.8962
0.8920
0.9020
0.8900
0.8930
0.8988
0.8970
0.9000
0.8920
0.8830
0.9050
0.8960
0.8940
0.8930
0.8990
0.8925
0.8840
0.9010
0.8980
0.8850
0.9100
0.8970
0.9010
0.9020
0.8980
0.8738
0.8750
0.8990
0.9000
0.9060
0.8962
0.9040
0.8870
0.8930
0.8960
0.8962
0.8920
0.8800
0.9050
0.9030
0.8962
0.8800
0.8920
0.9090
0.8920
0.9062
0.9000
0.8930
0.8940
0.8940
0.8962
0.9030
0.8960
0.8880
0.8900
0.9012
0.8720
0.8930
0.8940
0.9160
0.9038
0.8940
0.8940
0.9010
0.8870
0.9038
0.8950
0.9080
0.8870
0.9000
0.8862
0.8700
0.9070
0.9030
0.8910
0.9100
0.8990
0.8920
0.8900
0.8990
0.8988
0.8890
0.8890
0.9200
0.8900
0.8888
0.8920
0.9080
0.9010
0.8840
0.8938
0.8780
0.8940
0.9040
0.8970
0.9087
0.8860
0.8900
0.9040
0.9130
0.8838
0.8980
0.9040
0.8770
0.9050
0.8950
0.8940
0.8970
0.9090
0.8850
0.8938
0.8990
0.8860
0.9060
0.9020
0.8838
0.8860
0.9100
0.8970
0.9000
0.8838
0.9060
0.9000
0.8890
0.8910
0.8925
0.9110
0.8930
0.8900
0.9050
0.8762
0.8850
0.8990
0.9010
0.9010
0.8925
0.9070
0.8840
0.8950
0.8980
0.8950
0.8870
0.8900
0.8880
0.9090
0.9075
0.8990
0.8880
0.8910
0.8930
0.9113
0.8820
0.8960
0.9020
0.8980
0.9025
0.9010
0.8830
0.9040
0.8970
0.8938
0.8940
0.8940
0.9000
0.8920
0.9000
0.9180
0.8780
0.8800
0.8970
0.9075
0.8970
0.8980
0.8890
0.8960
0.8988
0.8910
0.8960
0.8960
0.8920
0.9050
0.8770
0.9040
0.8920
0.9060
0.9000
0.9080
0.8770
0.9010
0.8970
0.8950
0.8910
0.9060
0.8870
0.9060
0.8862
0.8980
0.8980
0.9000
0.9020
0.8762
0.8980
0.8900
0.8950
0.9000
0.8950
0.8890
0.9000
0.8980
0.8870
0.9062
0.8990
0.9120
0.8840
0.9060
0.8725
0.8920
0.8870
0.9080
0.8940
0.8975
0.8990
0.9040
0.8890
0.8910
0.8950
0.8990
0.8780
0.9000
0.8930
0.9113
0.9060
0.8920
0.8880
0.9070
0.8838
0.8940
0.9010
0.8950
0.8900
0.9000
0.8990
0.8890
0.8990
0.8970
0.8962
0.8950
0.8920
0.9030
0.8940
0.8962
0.8950
0.8970
0.9040
0.8840
0.9025
0.8960
0.8910
0.8900
0.9060
0.8988
0.8810
0.9050
0.9070
0.8890
0.9000
0.8920
0.8980
0.9000
0.8930
0.8988
0.8900
0.9120
0.8820
0.8980
0.9000
0.8890
0.8970
0.8890
0.9130
0.8925
0.9010
0.8930
0.9090
0.8860
0.8912
0.8860
0.8940
0.9020
0.8970
0.9038
0.8960
0.8940
0.8960
0.8950
0.9012
0.8850
0.9200
0.8920
0.8860
0.8988
0.9120
0.8960
0.8770
0.8950
0.9025
0.8830
0.8880
0.9040
0.8990
0.9100
0.9050
0.8900
0.8990
0.8880
0.9000
0.9020
0.9030
0.8850
0.8950
0.8962
0.8870
0.8880
0.8920
0.9070
0.9113
0.8970
0.8880
0.8830
0.9070
0.9100
0.8770
0.8990
0.9190
0.9030
0.8812
0.8920
0.9030
0.8990
0.8910
0.8988
0.8980
0.8960
0.8910
0.8910
0.9087
0.8950
0.9000
0.8890
0.8930
0.9087
0.8950
0.8910
0.9160
0.8930
0.8862
0.9000
0.9070
0.9070
0.8920
0.8725
0.8960
0.8980
0.8980
0.8990
0.8912
0.8950
0.8860
0.9180
0.8760
0.9113
0.8840
0.8950
0.9030
0.8910
0.9137
0.8970
0.8950
0.9040
0.8940
0.8925
0.8930
0.9020
0.8950
0.8970
0.8962
0.8910
0.8900
0.8950
0.8990
0.9113
0.8840
0.8980
0.9040
0.9100
0.8850
0.8810
0.9120
0.8950
0.9050
0.8888
0.8970
0.9120
0.8890
0.8860
0.9000
0.8940
0.8950
0.9040
0.9040
0.8838
0.8980
0.9040
0.8990
0.8960
0.8838
0.9080
0.9040
0.8710
0.9090
0.8912
0.9130
0.8890
0.8840
0.9110
0.8850
0.9050
0.8980
0.9040
0.8830
0.8938
0.9060
0.8870
0.9050
0.8930
0.8925
0.9020
0.9060
0.8860
0.9000
0.8900
0.8990
0.9040
0.8880
0.9050
0.8875
0.9000
0.8860
0.9200
0.8880
0.8900
0.8960
0.8940
0.8970
0.8990
0.9000
0.8950
0.8990
0.9040
0.8960
0.8912
0.8830
0.8930
0.9100
0.8870
0.9163
0.8920
0.9040
0.9050
0.8940
0.8912
0.9080
0.8730
0.9030
0.8950
0.9113
0.8790
0.9170
0.9030
0.8890
0.9012
0.8940
0.9100
0.9010
0.8950
0.8875
0.8990
0.9000
0.8950
0.8890
0.9087
0.9070
0.8860
0.8980
0.8970
0.9025
0.9080
0.9040
0.9050
0.8780
0.8938
0.8880
0.9100
0.9110
0.8820
0.8988
0.9000
0.8910
0.8840
0.9190
0.8950
0.9050
0.9100
0.8780
0.9060
0.8888
0.8970
0.9020
0.8900
0.9000
0.9025
0.9060
0.9100
0.8870
0.8980
0.8862
0.9050
0.9080
0.8990
0.8710
0.9087
0.8970
0.9040
0.8900
0.9060
0.8912
0.8980
0.8950
0.8940
0.9000
0.9050
0.8950
0.8940
0.9110
0.8950
0.8950
0.8970
0.8950
0.9050
0.9000
0.8925
0.8900
0.8970
0.8990
0.8980
0.9087
0.9120
0.8770
0.9110
0.8920
0.8988
0.9020
0.8970
0.8980
0.8980
0.8950
0.9000
0.8980
0.8970
0.9050
0.8900
0.8860
0.9140
0.8980
0.8940
0.9000
0.8980
0.9020
0.8910
0.8900
0.9150
0.8770
0.8940
0.9050
0.9100
0.9087
0.9010
0.8840
0.8990
0.9020
0.9087
0.8960
0.9000
0.9000
0.8990
0.8975
0.9020
0.8970
0.9000
0.9000
0.8925
0.8970
0.8990
0.8920
0.8940
0.9150
0.9040
0.8950
0.8950
0.9080
0.8900
0.8950
0.8990
0.9000
0.8990
0.9012
0.8880
0.9080
0.8980
0.9080
0.8900
0.8950
0.9000
0.9010
0.8990
0.8988
0.8820
0.9140
0.9110
0.8870
0.9000
0.9030
0.8960
0.8990
0.8950
0.9012
0.8970
0.9040
0.8950
0.8960
0.9025
0.9040
0.9020
0.9120
0.8830
0.8912
0.8920
0.9110
0.8990
0.8930
0.8988
0.9150
0.8940
0.8840
0.9040
0.8975
0.8920
0.9160
0.8920
0.8970
0.8975
0.9030
0.9000
0.9070
0.8840
0.9012
0.9010
0.8960
0.8970
0.8930
0.9100
0.9040
0.8960
0.9050
0.9010
0.8862
0.8820
0.8960
0.9140
0.8930
0.9125
0.8940
0.9020
0.8920
0.8990
0.9100
0.8930
0.9210
0.8870
0.9020
0.8900
0.9070
0.9140
0.8940
0.8810
0.9000
0.9090
0.8970
0.8990
0.9100
0.8750
0.8830
0.9120
0.9070
0.8960
0.8962
0.9050
0.9090
0.8850
0.9030
0.8925
0.9050
0.8820
0.8920
0.9010
0.9213
0.8870
0.9000
0.9020
0.9100
0.8975
0.9040
0.8910
0.8980
0.8970
0.9087
0.9130
0.9040
0.9040
0.8890
0.8850
0.8840
0.9150
0.8940
0.8950
0.9125
0.8910
0.9090
0.9080
0.8920
0.8975
0.9000
0.8900
0.9030
0.9100
0.8938
0.8980
0.8980
0.9020
0.9020
0.8975
0.9010
0.9090
0.8940
0.8990
0.8938
0.8900
0.9080
0.9010
0.8940
0.9062
0.8910
0.9200
0.9060
0.8970
0.8788
0.8970
0.8980
0.9030
0.9060
0.8912
0.8910
0.9010
0.9090
0.8900
0.9075
0.9110
0.9010
0.8970
0.8850
0.9038
0.9080
0.8960
0.8810
0.8990
0.9163
0.8930
0.8900
0.9020
0.9080
0.9050
0.8890
0.8980
0.9100
0.9030
0.8962
0.8940
0.9130
0.8960
0.8810
0.9163
0.9080
0.8980
0.9000
0.9030
0.8850
0.9020
0.9080
0.8950
0.8890
0.9038
0.8960
0.9110
0.9010
0.8820
0.9087
0.8880
0.9010
0.8900
0.9160
0.9025
0.8960
0.9040
0.9100
0.9000
0.8850
0.8790
0.9040
0.9010
0.9130
0.9012
0.9020
0.8850
0.9030
0.9070
0.9012
0.9050
0.8910
0.8920
0.9090
0.9025
0.9180
0.8990
0.8850
0.8910
0.9075
0.8960
0.9110
0.8910
0.9100
0.8900
0.9060
0.8930
0.8910
0.8970
0.9175
0.9100
0.8960
0.9000
0.9040
0.8888
0.8980
0.9000
0.8840
0.9090
0.9125
0.9040
0.8970
0.9000
0.9110
0.8862
0.8920
0.8990
0.9000
0.9050
0.9062
0.8970
0.8980
0.8960
0.9080
0.9025
0.8890
0.8950
0.9070
0.9150
0.8938
0.9060
0.9010
0.9010
0.9030
0.8888
0.9170
0.9000
0.8970
0.9060
0.8775
0.8970
0.9030
0.8940
0.9020
0.9087
0.9000
0.9170
0.9150
0.8810
0.8875
0.9010
0.8930
0.9110
0.9050
0.8912
0.8930
0.8890
0.9080
0.9110
0.9025
0.8820
0.9120
0.8810
0.9190
0.9113
0.8860
0.8930
0.9020
0.9110
0.9137
0.9120
0.9090
0.9070
0.8890
0.8825
0.9070
0.9080
0.8850
0.9020
0.9012
0.9150
0.8960
0.9030
0.8960
0.8912
0.9140
0.9070
0.8970
0.8840
0.9012
0.8960
0.8840
0.9040
0.9050
0.9175
0.8950
0.9130
0.9050
0.8810
0.9113
0.9020
0.8900
0.9180
0.8960
0.8962
0.8980
0.9020
0.9080
0.9000
0.8938
0.9090
0.9140
0.8900
0.8960
0.8925
0.9060
0.9030
0.9030
0.8860
0.9062
0.9060
0.9050
0.8970
0.8900
0.9062
0.9000
0.8870
0.9150
0.8980
0.9038
0.9050
0.8980
0.8910
0.9050
0.9050
0.8900
0.9060
0.8920
0.9050
0.9125
0.8950
0.9000
0.9110
0.8960
0.9012
0.8950
0.9030
0.9060
0.9070
0.8900
0.9020
0.9030
0.8860
0.9080
0.9050
0.9100
0.9070
0.8930
0.9000
0.8912
0.9040
0.8970
0.9000
0.9060
0.8950
0.8960
0.8860
0.9080
0.9100
0.9038
0.9100
0.8880
0.8940
0.9000
0.9137
0.9140
0.8990
0.9050
0.8890
0.8950
0.8920
0.8890
0.9120
0.9110
0.8988
0.9110
0.9100
0.8920
0.9030
0.8838
0.9010
0.9000
0.9060
0.9040
0.8888
0.8980
0.9000
0.8880
0.9010
0.9187
0.8980
0.8970
0.9030
0.8940
0.9137
0.9050
0.9040
0.9040
0.9030
0.8838
0.8980
0.8990
0.8880
0.9030
0.9187
0.9050
0.9060
0.9160
0.8870
0.8862
0.9010
0.9030
0.9040
0.8920
0.9038
0.8980
0.8960
0.8940
0.9070
0.9100
0.9030
0.9070
0.8900
0.9080
0.8938
0.9010
0.8870
0.9000
0.9150
0.9000
0.9160
0.8950
0.9050
0.8850
0.9025
0.8980
0.8960
0.9070
0.9030
0.8975
0.8980
0.8930
0.9030
0.9060
0.9025
0.8970
0.9010
0.8900
0.9030
0.9137
0.9120
0.8910
0.9010
0.9010
0.8962
0.8960
0.8980
0.9080
0.9170
0.8788
0.8970
0.8980
0.8970
0.9020
0.9100
0.9050
0.9110
0.9070
0.8790
0.9000
0.9060
0.9150
0.8980
0.8890
0.8925
0.8820
0.9090
0.9070
0.9000
0.9050
0.9050
0.8960
0.8960
0.9060
0.8988
0.9010
0.8890
0.9100
0.9030
0.8988
0.8890
0.9080
0.9100
0.9010
0.8925
0.8930
0.9080
0.9000
0.9010
0.9000
0.8890
0.9060
0.9040
0.8980
0.9062
0.9000
0.9050
0.8970
0.9010
0.8988
0.9010
0.9010
0.9050
0.8920
0.9038
0.9100
0.8940
0.9000
0.8960
0.9025
0.9000
0.9010
0.8930
0.9050
0.9038
0.8990
0.9090
0.8970
0.8890
0.9100
0.9030
0.8800
0.9220
0.8930
0.9050
0.8880
0.9050
0.9150
0.8810
0.9163
0.9140
0.8900
0.8810
0.9170
0.9000
0.9090
0.8880
0.9080
0.9050
0.8900
0.8910
0.9050
0.9090
0.8950
0.9025
0.9050
0.9100
0.9030
0.8890
0.8938
0.8940
0.9040
0.9120
0.9010
0.8888
0.8940
0.8990
0.8960
0.9060
0.9087
0.9180
0.8850
0.8840
0.9140
0.9012
0.8930
0.8960
0.9090
0.8980
0.9075
0.8950
0.9060
0.9070
0.8870
0.9087
0.9090
0.8880
0.8980
0.9050
0.9025
0.8950
0.8950
0.9070
0.8920
0.9163
0.9000
0.8910
0.8970
0.9140
0.9000
0.9100
0.8850
0.8970
0.9020
0.9100
0.9010
0.8910
0.9110
0.9000
0.8988
0.8910
0.9010
0.9190
0.8830
0.9100
0.9050
0.8920
0.9110
0.8930
0.9012
0.8950
0.9000
0.8970
0.9100
0.9000
0.9010
0.8900
0.9050
0.9070
0.8988
0.9060
0.8950
0.8960
0.9050
0.9000
0.9050
0.9090
0.8910
0.9080
0.8862
0.8990
0.8980
0.9070
0.8920
0.9075
0.9020
0.9010
0.9040
0.8990
0.8950
0.9100
0.9000
0.8930
0.9050
0.8925
0.8950
0.8910
0.9170
0.9000
0.8988
0.8870
0.9000
0.9040
0.9000
0.9137
0.9160
0.9010
0.8860
0.9060
0.8912
0.8930
0.8940
0.9110
0.8930
0.9137
0.9050
0.8940
0.9180
0.8990
0.8825
0.9040
0.8970
0.8950
0.9040
0.9025
0.9030
0.8940
0.9090
0.9100
0.8825
0.9010
0.8860
0.8980
0.9030
0.9175
0.8940
0.9010
0.9090
0.8940
0.9050
0.9030
0.9000
0.8920
0.9000
0.9087
0.9040
0.8940
0.8970
0.9050
0.9025
0.9090
0.9040
0.8930
0.8830
0.9163
0.9060
0.8900
0.8980
0.9140
0.8925
0.8940
0.9050
0.9080
0.8970
0.8975
0.8840
0.8960
0.9210
0.9070
0.8925
0.8900
0.9120
0.9040
0.8980
0.8975
0.9010
0.9160
0.8960
0.8960
0.8912
0.8970
0.9100
0.9030
0.8980
0.8925
0.9080
0.8980
0.8960
0.9020
0.8975
0.8990
0.9040
0.8860
0.9110
0.9025
0.9040
0.8950
0.9010
0.8990
0.9038
