3.9735
4.1408
5.0087
6.1985
7.1429
9.0463
10.2036
11.5393
13.0095
14.8081
14.8076
14.8267
17.1256
17.6423
17.3143
16.6784
17.3423
17.8289
17.1241
17.5706
18.2218
20.0175
18.5207
19.0877
22.1311
19.7096
21.6373
18.8045
24.8048
18.1012
27.7014
21.4701
23.0976
19.9837
21.4748
21.5192
22.8561
20.2467
22.2152
23.2304
23.0678
21.2116
27.5212
22.0404
22.4495
21.7562
21.7611
21.4468
21.1475
21.3862
25.4246
24.9530
21.3185
22.0280
21.9483
26.1784
24.8848
29.2193
23.5018
24.5688
23.8929
25.1678
26.4388
24.0226
23.2044
24.9631
26.0161
26.0853
30.1638
27.0866
31.1084
29.2244
27.4116
26.7164
29.4894
29.4242
30.5406
26.7076
31.5368
26.8368
27.2788
35.6626
31.4915
30.0174
33.2119
33.2716
34.0314
36.4743
30.7170
33.6475
36.1766
34.2181
34.7259
41.0686
34.3548
28.6646
35.3795
31.7657
37.5287
34.2835
