0.5240
0.3172
0.3883
0.4717
0.5202
0.6131
0.7781
0.6954
0.4768
0.8624
0.7570
0.9445
0.9546
0.7031
0.7850
1.1676
1.0732
1.3667
0.6384
0.8988
1.4066
1.6536
1.1220
1.0922
1.0515
0.8467
1.3257
0.6028
1.1886
0.9311
1.0140
0.7679
0.8037
0.9419
0.7971
0.8125
0.7776
0.9653
1.2678
1.3207
1.3967
1.2492
0.9974
1.2453
0.7732
1.3393
1.4442
1.3194
1.4175
1.6398
1.0729
1.5836
0.8552
1.2386
1.1983
1.1735
0.8908
1.0476
1.0519
1.7180
1.4165
1.4536
1.2493
0.9173
0.9362
1.4692
1.2918
1.2943
1.0158
1.4171
0.9927
1.4162
1.1351
1.2873
1.4433
1.3610
0.8740
1.5144
0.9718
1.4629
0.9495
0.6953
1.2379
1.1888
1.4018
1.2394
1.0068
0.9221
1.1150
1.2126
1.2256
1.3025
1.4300
1.2418
1.2188
2.0803
1.0187
1.5236
0.9818
1.3529
