2.2477
3.3624
2.8060
3.0581
2.8696
3.0982
2.5383
2.1408
1.9159
1.9013
2.1332
2.3865
1.9632
1.9998
1.8561
1.7987
2.2870
2.0837
1.8635
2.5664
1.9051
2.3351
1.8027
2.0459
2.1321
2.2543
1.9485
2.1847
2.0818
2.6673
2.5126
2.0452
1.8877
1.8622
1.5123
1.7205
2.4989
2.0350
2.0812
1.5891
2.6085
2.0548
2.1253
1.8001
1.8168
1.6361
1.6902
1.2801
2.1343
1.6965
1.9141
1.5209
1.9691
1.7698
1.3324
2.4285
1.6823
1.6103
1.6388
2.2254
1.7062
1.9644
1.8916
1.5929
1.4375
1.6720
1.6788
1.6600
1.7147
1.8504
2.0496
1.3460
1.7785
1.0778
1.2923
