0.0130
0.0070
0.0160
0.0160
0.0213
0.0210
0.0240
0.0190
0.0240
0.0320
0.0260
0.0390
0.0510
0.0520
0.0466
0.0730
0.0880
0.0960
0.1160
0.1278
0.1550
0.1790
0.2150
0.2520
0.2543
0.2360
0.2100
0.1910
0.1920
0.1638
0.1470
0.1310
0.1020
0.0890
0.1265
0.1570
0.2280
0.2270
0.2500
0.2783
0.3470
0.3160
0.2730
0.2810
0.2210
0.2860
0.3100
0.3730
0.3950
0.3835
0.3510
0.3200
0.3000
0.3390
0.3901
0.4460
0.4220
0.3580
0.3400
0.4035
0.4340
0.5100
0.5310
0.5110
0.4847
0.4430
0.4400
0.4070
0.4460
0.5100
0.5100
0.5150
0.4940
0.4830
0.5113
0.5520
0.5920
0.5940
0.5300
0.5166
0.5100
0.4670
0.5390
0.5470
0.5899
0.6430
0.6210
0.5750
0.5620
0.6418
0.5820
0.5660
0.5650
0.5340
0.5606
0.6260
0.6000
0.5620
0.5240
0.5979
0.6160
0.6510
0.6600
0.6210
0.5712
0.5830
0.5710
0.5340
0.5130
0.5832
0.5960
0.5830
0.5840
0.5480
0.5819
0.6150
0.6580
0.6240
0.6230
0.6138
0.5750
0.5760
0.6170
0.6680
0.6045
0.6050
0.5880
0.5880
0.6080
0.5300
0.5390
0.5330
0.5560
0.5960
0.6099
0.6250
0.5860
0.5760
0.5780
0.5699
0.5610
0.5070
0.5270
0.4880
0.4647
0.4860
0.5060
0.5340
0.5210
0.4887
0.4760
0.5600
0.5210
0.5000
0.4687
0.4760
0.4530
0.4410
0.4490
0.4541
0.4890
0.5310
0.5380
0.5110
0.4993
0.5110
0.4860
0.4520
0.4390
0.4141
0.3980
0.4320
0.4150
0.3630
0.3875
0.4440
0.5230
0.4820
0.4600
0.4421
0.4370
0.4320
0.4330
0.4120
0.3862
0.3870
0.3790
0.4230
0.4010
0.3595
0.3910
0.4200
0.4000
0.3850
0.3728
0.3610
0.3500
0.3660
0.3440
0.3808
0.3930
0.3780
0.4150
0.3790
0.3995
0.3510
0.3550
0.3440
0.3450
0.3129
0.3070
0.2950
0.2920
0.2900
0.2863
0.2770
0.2580
0.3020
0.3360
0.3196
0.2950
0.2950
0.3230
0.3080
0.2690
0.2440
0.2810
0.2760
0.2470
0.2450
0.2220
0.2370
0.2140
0.2190
0.2091
0.2650
0.2250
0.2250
0.2540
0.2437
0.2560
0.2490
0.2240
0.2120
0.2037
0.2120
0.2040
0.2070
0.1950
0.1784
0.1920
0.1800
0.1780
0.1480
0.1558
0.2120
0.2050
0.2470
0.2320
0.2317
0.2530
0.2080
0.1930
0.2130
0.2077
0.2040
0.1980
0.1900
0.1820
0.1811
0.1790
0.1780
0.1640
0.1440
0.1625
0.1530
0.1450
0.1700
0.1450
0.1172
0.1280
0.1300
0.1290
0.1010
0.1478
0.1110
0.1160
0.1000
0.1150
0.1292
0.1540
0.1570
0.1910
0.1970
0.1598
0.1470
0.1800
0.1900
0.1540
0.1824
0.1630
0.1460
0.1570
0.1530
0.1451
0.1480
0.1390
0.1430
0.1210
0.1305
0.1420
0.1130
0.1280
0.1140
0.0985
0.0950
0.0980
0.1020
0.1120
0.1305
0.1000
0.0930
0.0870
0.1020
0.0852
0.0840
0.0710
0.1090
0.1140
0.1158
0.1110
0.1050
0.1130
0.1050
0.0945
0.0990
0.0910
0.0950
0.0790
0.1012
0.0810
0.0830
0.1040
0.1220
0.1198
0.0980
0.1190
0.1080
0.1090
0.1012
0.1130
0.1000
0.0860
0.0820
0.0932
0.0880
0.0680
0.1000
0.0750
0.0839
0.0850
0.0780
0.0840
0.0880
0.0732
0.0880
0.1000
0.1080
0.1010
0.0866
0.0960
0.0710
0.0810
0.0860
0.1025
0.0760
0.0830
0.0740
0.0770
0.0892
0.0710
0.0770
0.0700
0.0710
0.0666
0.0760
0.0720
0.0780
0.0960
0.0839
0.0810
0.0900
0.0880
0.0780
0.0692
0.0680
0.0650
0.1110
0.0840
0.0839
0.0790
0.0750
0.0900
0.0910
0.0666
0.0660
0.0810
0.0720
0.0760
0.0746
0.0680
0.0690
0.0760
0.0780
0.0799
0.0740
0.0640
0.0820
0.0670
0.0732
0.0690
0.0910
0.0700
0.0740
0.0692
0.0750
0.0750
0.0700
0.0650
0.0719
0.0660
0.0620
0.0640
0.0720
0.0985
0.0820
0.0870
0.0940
0.0720
0.0746
0.0750
0.0690
0.0820
0.0680
0.0852
0.0690
0.0630
0.0700
0.0760
0.0706
0.0670
0.0690
0.0520
0.0630
0.0599
0.0580
0.0630
0.0480
0.0660
0.0826
0.0780
0.0710
0.0640
0.0770
0.0746
0.0700
0.0630
0.0770
0.0630
0.0666
0.0670
0.0650
0.0580
0.0660
0.0479
0.0730
0.0790
0.0970
0.0680
0.0626
0.0800
0.0590
0.0750
0.0780
0.0679
0.0770
0.0580
0.0560
0.0570
0.0812
0.0490
0.0640
0.0660
0.0610
0.0599
0.0620
0.0510
0.0540
0.0590
0.0559
0.0660
0.0630
0.0560
0.0540
0.0759
0.0570
0.0770
0.0630
0.0650
0.0666
0.0640
0.0610
0.0690
0.0580
0.0493
0.0630
0.0600
0.0510
0.0470
0.0652
0.0510
0.0500
0.0620
0.0650
0.0826
0.0780
0.0680
0.0820
0.0740
0.0706
0.0830
0.0710
0.0700
0.0640
0.0519
0.0790
0.0570
0.0550
0.0640
0.0626
0.0620
0.0700
0.0630
0.0580
0.0439
0.0560
0.0540
0.0570
0.0600
0.0573
0.0590
0.0550
0.0580
0.0470
0.0413
0.0460
0.0450
0.0430
0.0650
0.0732
0.0710
0.0710
0.0590
0.0650
0.0706
0.0610
0.0640
0.0630
0.0680
0.0573
0.0660
0.0560
0.0570
0.0610
0.0506
0.0590
0.0580
0.0500
0.0500
0.0679
0.0540
0.0550
0.0590
0.0510
0.0413
0.0510
0.0570
0.0540
0.0540
0.0519
0.0570
0.0560
0.0350
0.0710
0.0559
0.0480
0.0550
0.0580
0.0590
0.0559
0.0500
0.0550
0.0610
0.0670
0.0533
0.0640
0.0470
0.0590
0.0580
0.0772
0.0570
0.0630
0.0600
0.0560
0.0679
0.0620
0.0460
0.0600
0.0520
0.0639
0.0500
0.0450
0.0520
0.0520
0.0639
0.0670
0.0400
0.0560
0.0410
0.0399
0.0510
0.0450
0.0460
0.0530
0.0466
0.0710
0.0500
0.0530
0.0570
0.0586
0.0530
0.0540
0.0550
0.0600
0.0506
0.0520
0.0490
0.0520
0.0530
0.0599
0.0630
0.0600
0.0490
0.0590
0.0439
0.0590
0.0570
0.0460
0.0440
0.0533
0.0520
0.0690
0.0650
0.0540
0.0666
0.0560
0.0550
0.0540
0.0740
0.0506
0.0680
0.0630
0.0470
0.0520
0.0453
0.0560
0.0530
0.0460
0.0510
0.0599
0.0420
0.0440
0.0600
0.0490
0.0533
0.0560
0.0440
0.0400
0.0490
0.0453
0.0430
0.0430
0.0460
0.0430
0.0466
0.0600
0.0510
0.0660
0.0590
0.0639
0.0610
0.0540
0.0630
0.0580
0.0519
0.0600
0.0490
0.0530
0.0540
0.0573
0.0540
0.0580
0.0440
0.0450
0.0559
0.0420
0.0560
0.0560
0.0580
0.0573
0.0490
0.0510
0.0600
0.0550
0.0399
0.0430
0.0400
0.0460
0.0570
0.0599
0.0360
0.0480
0.0470
0.0550
0.0506
0.0460
0.0610
0.0470
0.0440
0.0573
0.0550
0.0570
0.0610
0.0470
0.0413
0.0560
0.0460
0.0440
0.0540
0.0479
0.0530
0.0450
0.0580
0.0410
0.0399
0.0470
0.0530
0.0730
0.0600
0.0586
0.0590
0.0490
0.0540
0.0540
0.0639
0.0580
0.0570
0.0520
0.0470
0.0493
0.0370
0.0530
0.0520
0.0520
0.0479
0.0420
0.0390
0.0510
0.0580
0.0506
0.0580
0.0490
0.0470
0.0580
0.0360
0.0500
0.0420
0.0530
0.0490
0.0426
0.0380
0.0480
0.0520
0.0430
0.0493
0.0470
0.0450
0.0630
0.0660
0.0519
0.0570
0.0500
0.0560
0.0500
0.0426
0.0470
0.0600
0.0460
0.0430
0.0466
0.0520
0.0520
0.0390
0.0420
0.0506
0.0390
0.0570
0.0490
0.0620
0.0692
0.0560
0.0680
0.0580
0.0580
0.0666
0.0580
0.0580
0.0610
0.0610
0.0506
0.0510
0.0610
0.0640
0.0580
0.0360
0.0580
0.0480
0.0530
0.0510
0.0573
0.0480
0.0470
0.0660
0.0390
0.0493
0.0570
0.0430
0.0420
0.0540
0.0439
0.0420
0.0410
0.0470
0.0470
0.0493
0.0570
0.0350
0.0400
0.0540
0.0306
0.0540
0.0560
0.0550
0.0570
0.0573
0.0600
0.0700
0.0550
0.0700
0.0613
0.0510
0.0600
0.0550
0.0720
0.0586
0.0610
0.0670
0.0540
0.0530
0.0466
0.0550
0.0480
0.0590
0.0530
0.0559
0.0550
0.0500
0.0540
0.0490
0.0519
0.0580
0.0550
0.0350
0.0510
0.0466
0.0390
0.0550
0.0440
0.0450
0.0586
0.0440
0.0480
0.0460
0.0440
0.0493
0.0450
0.0430
0.0480
0.0610
0.0386
0.0500
0.0530
0.0650
0.0600
0.0706
0.0650
0.0500
0.0680
0.0590
0.0626
0.0430
0.0650
0.0650
0.0660
0.0519
0.0470
0.0590
0.0580
0.0570
0.0613
0.0580
0.0550
0.0450
0.0630
0.0439
0.0580
0.0510
0.0490
0.0510
0.0493
0.0480
0.0480
0.0550
0.0470
0.0453
0.0440
0.0430
0.0510
0.0490
0.0533
0.0530
0.0430
0.0390
0.0480
0.0466
0.0340
0.0490
0.0740
0.0570
0.0692
0.0550
0.0570
0.0530
0.0580
0.0573
0.0610
0.0580
0.0490
0.0530
0.0466
0.0470
0.0470
0.0570
0.0560
0.0533
0.0420
0.0640
0.0490
0.0380
0.0626
0.0560
0.0460
0.0410
0.0520
0.0479
0.0420
0.0580
0.0490
0.0550
0.0506
0.0460
0.0510
0.0450
0.0520
0.0639
0.0560
0.0620
0.0600
0.0390
0.0426
0.0510
0.0520
0.0630
0.0440
0.0413
0.0460
0.0480
0.0520
0.0620
0.0719
0.0570
0.0540
0.0690
0.0510
0.0506
0.0620
0.0650
0.0540
0.0490
0.0399
0.0620
0.0570
0.0500
0.0440
0.0519
0.0550
0.0520
0.0490
0.0520
0.0439
0.0570
0.0440
0.0540
0.0500
0.0373
0.0550
0.0470
0.0490
0.0620
0.0466
0.0580
0.0720
0.0440
0.0420
0.0573
0.0640
0.0630
0.0470
0.0450
0.0426
0.0480
0.0530
0.0560
0.0560
0.0439
0.0440
0.0430
0.0610
0.0490
0.0586
0.0480
0.0540
0.0520
0.0550
0.0519
0.0540
0.0570
0.0420
0.0500
0.0546
0.0460
0.0580
0.0610
0.0510
0.0439
0.0530
0.0590
0.0780
0.0700
0.0652
0.0620
0.0640
0.0610
0.0780
0.0652
0.0630
0.0680
0.0570
0.0640
0.0679
0.0610
0.0680
0.0580
0.0580
0.0626
0.0550
0.0600
0.0730
0.0510
0.0493
0.0560
0.0440
0.0560
0.0630
0.0652
0.0570
0.0590
0.0530
0.0550
0.0519
0.0480
0.0570
0.0540
0.0560
0.0546
0.0490
0.0570
0.0490
0.0460
0.0573
0.0590
0.0370
0.0510
0.0520
0.0519
0.0440
0.0520
0.0500
0.0590
0.0439
0.0480
0.0540
0.0610
0.0410
0.0506
0.0490
0.0480
0.0670
0.0600
0.0546
0.0620
0.0600
0.0520
0.0630
0.0439
0.0520
0.0430
0.0650
0.0620
0.0559
0.0490
0.0470
0.0530
0.0570
0.0679
0.0510
0.0690
0.0450
0.0460
0.0466
0.0480
0.0580
0.0470
0.0570
0.0506
0.0660
0.0520
0.0560
0.0540
0.0586
0.0600
0.0620
0.0570
0.0550
0.0479
0.0650
0.0420
0.0520
0.0600
0.0533
0.0440
0.0540
0.0590
0.0490
0.0599
0.0530
0.0510
0.0470
0.0440
0.0639
0.0520
0.0590
0.0640
0.0560
0.0559
0.0710
0.0520
0.0530
0.0530
0.0559
0.0520
0.0540
0.0510
0.0570
0.0613
0.0560
0.0550
0.0410
0.0580
0.0573
0.0470
0.0640
0.0540
0.0480
0.0613
0.0490
0.0480
0.0660
0.0510
0.0586
0.0510
0.0580
0.0590
0.0550
0.0639
0.0540
0.0620
0.0480
0.0580
0.0546
0.0540
0.0520
0.0430
0.0550
0.0706
0.0560
0.0500
0.0620
0.0470
0.0586
0.0650
0.0600
0.0500
0.0680
0.0533
0.0590
0.0600
0.0660
0.0500
0.0559
0.0660
0.0630
0.0440
0.0550
0.0533
0.0650
0.0400
0.0540
0.0620
0.0559
0.0470
0.0560
0.0500
0.0570
0.0559
0.0460
0.0470
0.0520
0.0750
0.0706
0.0690
0.0540
0.0580
0.0640
0.0493
0.0520
0.0500
0.0570
0.0650
0.0679
0.0630
0.0510
0.0520
0.0590
0.0546
0.0450
0.0550
0.0650
0.0480
0.0559
0.0450
0.0540
0.0550
0.0690
0.0652
0.0570
0.0580
0.0550
0.0700
0.0599
0.0670
0.0560
0.0520
0.0620
0.0533
0.0580
0.0560
0.0580
0.0550
0.0559
0.0570
0.0710
0.0510
0.0360
0.0573
0.0560
0.0450
0.0610
0.0590
0.0399
0.0530
0.0660
0.0570
0.0770
0.0706
0.0620
0.0770
0.0640
0.0780
0.0666
0.0690
0.0600
0.0680
0.0720
0.0692
0.0570
0.0650
0.0780
0.0610
0.0626
0.0580
0.0660
0.0550
0.0630
0.0732
0.0670
0.0600
0.0630
0.0580
0.0519
0.0630
0.0640
0.0570
0.0480
0.0679
0.0590
0.0560
0.0690
0.0510
0.0559
0.0530
0.0560
0.0620
0.0600
0.0533
0.0580
0.0530
0.0480
0.0480
0.0706
0.0550
0.0550
0.0550
0.0470
0.0533
0.0520
0.0600
0.0590
0.0540
0.0613
0.0630
0.0510
0.0660
0.0610
0.0493
0.0440
0.0520
0.0680
0.0590
0.0599
0.0520
0.0550
0.0520
0.0590
0.0706
0.0540
0.0640
0.0640
0.0700
0.0666
0.0680
0.0530
0.0520
0.0840
0.0493
0.0610
0.0620
0.0630
0.0550
0.0546
0.0550
0.0560
0.0610
0.0590
0.0559
0.0550
0.0590
0.0550
0.0600
0.0506
0.0720
0.0510
0.0490
0.0550
0.0426
0.0610
0.0560
0.0680
0.0750
0.0812
0.0620
0.0730
0.0660
0.0760
0.0826
0.0690
0.0730
0.0660
0.0660
0.0759
0.0660
0.0750
0.0670
0.0740
0.0559
0.0720
0.0550
0.0650
0.0720
0.0759
0.0640
0.0620
0.0650
0.0770
0.0573
0.0640
0.0550
0.0700
0.0640
0.0586
0.0600
0.0650
0.0630
0.0560
0.0586
0.0600
0.0640
0.0680
0.0460
0.0493
0.0490
0.0640
0.0610
0.0610
0.0573
0.0510
0.0530
0.0700
0.0640
0.0586
0.0400
0.0580
0.0650
0.0640
0.0639
0.0670
0.0540
0.0530
0.0520
0.0506
0.0630
0.0520
0.0480
0.0590
0.0746
0.0760
0.0600
0.0590
0.0600
0.0666
0.0650
0.0570
0.0660
0.0540
0.0706
0.0660
0.0670
0.0520
0.0610
0.0479
0.0600
0.0790
0.0750
0.0630
0.0759
0.0790
0.0790
0.0670
0.0650
0.0692
0.0760
0.0500
0.0850
0.0710
0.0706
0.0680
0.0810
0.0830
0.0550
0.0586
0.0630
0.0710
0.0680
0.0740
0.0613
0.0480
0.0670
0.0540
0.0860
0.0732
0.0660
0.0550
0.0780
0.0630
0.0559
0.0660
0.0540
0.0620
0.0540
0.0719
0.0520
0.0600
0.0680
0.0660
0.0679
0.0600
0.0540
0.0700
0.0790
0.0533
0.0630
0.0640
0.0570
0.0540
0.0706
0.0590
0.0620
0.0670
0.0660
0.0573
0.0630
0.0810
0.0610
0.0640
0.0706
0.0690
0.0660
0.0700
0.0640
0.0613
0.0630
0.0760
0.0600
0.0620
0.0666
0.0750
0.0640
0.0630
0.0600
0.0546
0.0630
0.0500
0.0670
0.0680
0.0573
0.0590
0.0420
0.0740
0.0730
0.0772
0.0650
0.0780
0.0640
0.0650
0.0719
0.0740
0.0680
0.0590
0.0680
0.0626
0.0690
0.0570
0.0680
0.0760
0.0493
0.0660
0.0690
0.0610
0.0560
0.0626
0.0610
0.0740
0.0680
0.0750
0.0879
0.0760
0.0650
0.0730
0.0740
0.0826
0.0760
0.0660
0.0760
0.0680
0.0746
0.0700
0.0680
0.0740
0.0730
0.0692
0.0850
0.0600
0.0640
0.0610
0.0759
0.0670
0.0610
0.0590
0.0650
0.0879
0.0550
0.0780
0.0710
0.0590
0.0639
0.0510
0.0750
0.0710
0.0590
0.0639
0.0710
0.0600
0.0610
0.0550
0.0692
0.0710
0.0540
0.0750
0.0550
0.0533
0.0680
0.0600
0.0600
0.0870
0.0879
0.0820
0.0800
0.0800
0.0580
0.0692
0.0750
0.0600
0.0740
0.0840
0.0719
0.0800
0.0670
0.0700
0.0680
0.0759
0.0700
0.0710
0.0660
0.0770
0.0706
0.0630
0.0740
0.0740
0.0860
0.0439
0.0720
0.0630
0.0670
0.0660
0.0706
0.0600
0.0660
0.0750
0.0700
0.0599
0.0790
0.0510
0.0670
0.0610
0.0639
0.0580
0.0680
0.0720
0.0780
0.0719
0.0810
0.0560
0.0810
0.0700
0.0586
0.0690
0.0630
0.0830
0.0640
0.0599
0.0700
0.0720
0.0600
0.0700
0.0613
0.0700
0.0750
0.0620
0.0590
0.0599
0.0700
0.0620
0.0710
0.0790
0.0732
0.0800
0.0690
0.0810
0.0580
0.0626
0.0730
0.0570
0.0690
0.0780
0.0799
0.0680
0.0710
0.0730
0.0770
0.0692
0.0700
0.0580
0.0700
0.0810
0.0772
0.0680
0.0630
0.0730
0.0730
0.0679
0.0650
0.0640
0.0670
0.0690
0.0746
0.0720
0.0590
0.0760
0.0670
0.0706
0.0660
0.0810
0.0690
0.0640
0.0599
0.0740
0.0820
0.0470
0.0730
0.0719
0.0750
0.0720
0.0650
0.0690
0.0706
0.0690
0.0640
0.0620
0.0860
0.0719
0.0610
0.0780
0.0780
0.0780
0.0613
0.0720
0.0650
0.0760
0.0680
0.0679
0.0700
0.0650
0.0680
0.0810
0.0786
0.0880
0.0540
0.0750
0.0720
0.0692
0.0710
0.0600
0.0700
0.0680
0.0799
0.0770
0.0670
0.0590
0.0730
0.0626
0.0700
0.0690
0.0800
0.0690
0.0599
0.0600
0.0590
0.0860
0.0660
0.0746
0.0710
0.0740
0.0600
0.0740
0.0732
0.0870
0.0770
0.0620
0.0810
0.0719
0.0850
0.0800
0.0730
0.0630
0.0719
0.0840
0.0680
0.0750
0.0670
0.0679
0.0760
0.0590
0.0770
0.0710
0.0692
0.0670
0.0770
0.0940
0.0680
0.0732
0.0690
0.0780
0.0800
0.0820
0.0746
0.0870
0.0720
0.0750
0.0700
0.0746
0.0770
0.0720
0.0670
0.0720
0.0812
0.0720
0.0650
0.0800
0.0690
0.0759
0.0650
0.0680
0.0820
0.0770
0.0586
0.0710
0.0640
0.0610
0.0790
0.0679
0.0710
0.0790
0.0620
0.0490
0.0839
0.0690
0.0820
0.0640
0.0710
0.0626
0.0800
0.0830
0.0880
0.0610
0.0652
0.0810
0.0810
0.0680
0.0760
0.0732
0.0610
0.0760
0.0950
0.0710
0.0786
0.0850
0.0600
0.0750
0.0790
0.0905
0.0740
0.0800
0.0690
0.0790
0.0839
0.0790
0.0760
0.0760
0.0730
0.0652
0.0800
0.0710
0.0770
0.0650
0.0719
0.0670
0.0750
0.0780
0.0690
0.0706
0.0750
0.0780
0.0820
0.0620
0.0546
0.0580
0.0770
0.0560
0.0860
0.0732
0.0660
0.0730
0.0780
0.0820
0.0919
0.0760
0.0890
0.0740
0.0890
0.0786
0.0810
0.0710
0.0880
0.0710
0.0945
0.0740
0.0820
0.0740
0.0830
0.0852
0.0760
0.0760
0.0720
0.0780
0.0892
0.0590
0.0780
0.0870
0.0740
0.0905
0.0700
0.0770
0.0790
0.0830
0.0652
0.0560
0.0780
0.0760
0.0730
0.0919
0.0800
0.0730
0.0850
0.0560
0.0706
0.0700
0.0810
0.0600
0.0800
0.0719
0.0800
0.0640
0.0560
0.0740
0.0786
0.0910
0.0620
0.0540
0.0750
0.0972
0.0710
0.0800
0.0770
0.0870
0.0932
0.0820
0.0880
0.0840
0.0850
0.0639
0.0630
0.0910
0.0800
0.0800
0.0866
0.0690
0.0710
0.0950
0.0860
0.0732
0.0840
0.0750
0.0700
0.0740
0.0826
0.0660
0.0980
0.0760
0.0630
0.0732
0.0620
0.0690
0.0810
0.0890
0.0679
0.0760
0.0640
0.0710
0.0840
0.0719
0.0770
0.0830
0.0610
0.0710
0.0746
0.0690
0.0820
0.0810
0.0740
0.0826
0.0660
0.0710
0.0880
0.0750
0.0839
0.0800
0.0700
0.0770
0.0860
0.0786
0.0900
0.0700
0.0750
0.0750
0.0759
0.0790
0.0860
0.0660
0.0730
0.0759
0.0740
0.0790
0.0720
0.0730
0.0786
0.0730
0.0700
0.0650
0.0860
0.0746
0.0810
0.0840
0.0620
0.0670
0.0732
0.0700
0.0760
0.0840
0.0870
0.1025
0.0830
0.1000
0.0930
0.0800
0.0786
0.0830
0.0860
0.0940
0.0860
0.0732
0.0810
0.0930
0.0880
0.0780
0.0812
0.0800
0.0850
0.0820
0.0870
0.0866
0.1000
0.0760
0.0790
0.0860
0.0732
0.0860
0.0790
0.0730
0.0970
0.0732
0.0750
0.0930
0.0770
0.0770
0.0852
0.0740
0.0750
0.0760
0.1120
0.0599
0.0790
0.0750
0.0660
0.0870
0.0892
0.0980
0.0760
0.0740
0.0780
0.0546
0.0700
0.0860
0.0870
0.0680
0.0666
0.0730
0.0680
0.0760
0.0650
0.1065
0.0750
0.0760
0.0870
0.0780
0.0692
0.0890
0.0730
0.0640
0.0690
0.0945
0.0700
0.0930
0.0630
0.0850
0.0826
0.0960
0.0810
0.0690
0.0710
0.0679
0.0740
0.0690
0.0750
0.0880
0.0812
0.0630
0.0610
0.0880
0.0860
0.1092
0.0860
0.0690
0.0850
0.0880
0.0932
0.0780
0.0870
0.0820
0.0830
0.0826
0.0930
0.0840
0.0810
0.0780
0.0692
0.0640
0.0850
0.1000
0.0790
0.0679
0.0720
0.0780
0.0800
0.0790
0.0879
0.0870
0.0780
0.0700
0.0820
0.0692
0.0690
0.0860
0.0840
0.0850
0.0799
0.0970
0.0760
0.0860
0.0810
0.0679
0.0730
0.0790
0.0890
0.0790
0.0852
0.0810
0.0880
0.0710
0.0750
0.0852
0.0840
0.0840
0.0800
0.0700
0.0732
0.0790
0.0670
0.0760
0.1000
0.0839
0.0860
0.0930
0.0800
0.0740
0.0786
0.0880
0.0860
0.0810
0.0740
0.0799
0.0830
0.0720
0.0690
0.0980
0.0852
0.0860
0.0920
0.0800
0.0760
0.0852
0.0660
0.0900
0.0990
0.0910
0.0732
0.0810
0.0790
0.0820
0.0870
0.0919
0.0880
0.0830
0.0820
0.0960
0.0613
0.0780
0.0760
0.0960
0.0820
0.0706
0.0700
0.0740
0.0850
0.0930
0.0759
0.0760
0.0830
0.0850
0.0750
0.0772
0.0840
0.0830
0.0750
0.0770
0.0759
0.0810
0.0990
0.0700
0.0850
0.0586
0.0900
0.0830
0.0930
0.0810
0.0852
0.0920
0.0770
0.0920
0.0950
0.0852
0.0980
0.0810
0.0820
0.0860
0.0905
0.0770
0.0900
0.0850
0.0890
0.0879
0.0870
0.0910
0.0700
0.0880
0.0866
0.1020
0.0820
0.0710
0.0760
0.0892
0.0860
0.0860
0.0760
0.0780
0.0866
0.0700
0.0920
0.0760
0.0880
0.0772
0.0780
0.0760
0.0960
0.0760
0.0719
0.0790
0.0750
0.0820
0.0920
0.1079
0.1090
0.0900
0.0990
0.0780
0.0839
0.0930
0.0970
0.0820
0.0850
0.0972
0.1000
0.0880
0.0670
0.1000
0.0959
0.0880
0.0900
0.0810
0.0990
0.0852
0.0730
0.0960
0.0860
0.0780
0.1092
0.0870
0.0980
0.0700
0.0800
0.1025
0.0880
0.0810
0.0820
0.0860
0.0866
0.0890
0.0840
0.0830
0.0750
0.0852
0.1030
0.0710
0.0800
0.0830
0.0692
0.0920
0.0790
0.0750
0.0760
0.0866
0.0680
0.0960
0.0960
0.0890
0.0732
0.0780
0.0940
0.0810
0.0980
0.0799
0.0950
0.0770
0.0830
0.0720
0.0972
0.1000
0.0960
0.0720
0.0740
0.0692
0.0960
0.0880
0.0870
0.0700
0.0772
0.0910
0.0840
0.0750
0.0900
0.0812
0.0810
0.1060
0.0850
0.1000
0.0852
0.0980
0.0900
0.0960
0.0970
0.0852
0.0950
0.0910
0.0860
0.0930
0.0999
0.0920
0.0950
0.0820
0.1070
0.0786
0.1080
0.0960
0.0830
0.0950
0.0652
0.0790
0.0850
0.0940
0.0810
0.1079
0.0860
0.0930
0.0870
0.0920
0.0759
0.0920
0.0750
0.0890
0.0900
0.0839
0.0850
0.0740
0.0840
0.0910
0.0905
0.0750
0.0880
0.0960
0.0950
0.0866
0.0860
0.1000
0.0960
0.0940
0.1039
0.1000
0.1000
0.0850
0.0930
0.0985
0.0910
0.0820
0.1060
0.0890
0.1052
0.0970
0.0870
0.0900
0.0930
0.0985
0.1080
0.0980
0.0900
0.0900
0.0706
0.0910
0.0950
0.0920
0.0890
0.0892
0.0780
0.0830
0.0990
0.0980
0.0919
0.0930
0.1010
0.0860
0.0800
0.0812
0.0860
0.0810
0.0950
0.0840
0.0879
0.0910
0.0750
0.0840
0.0820
0.0999
0.0770
0.0890
0.0910
0.0820
0.0786
0.0820
0.0680
0.0940
0.0970
0.0866
0.0810
0.0820
0.0990
0.1010
0.0839
0.0790
0.1020
0.0910
0.0850
0.1012
0.0940
0.0970
0.0940
0.0960
0.0786
0.0940
0.0930
0.0800
0.0890
0.1065
0.0860
0.0890
0.0960
0.0940
0.0879
0.0860
0.0850
0.1030
0.0890
0.0839
0.1000
0.0940
0.0830
0.0940
0.0852
0.0880
0.1000
0.1140
0.1010
0.0985
0.1090
0.1090
0.0960
0.0850
0.1039
0.0970
0.0950
0.0960
0.0960
0.1198
0.0950
0.0950
0.1120
0.0960
0.0905
0.1110
0.0970
0.0880
0.0920
0.0959
0.0860
0.0960
0.1040
0.0900
0.1052
0.0920
0.0990
0.0890
0.0870
0.1105
0.0980
0.1070
0.0860
0.0910
0.0826
0.1060
0.0910
0.0840
0.0850
0.0972
0.0910
0.0960
0.0930
0.0890
0.0852
0.0860
0.0960
0.0940
0.0870
0.0799
0.1070
0.0820
0.0860
0.0800
0.0826
0.0790
0.0880
0.0910
0.0890
0.0892
0.0970
0.0840
0.0770
0.0820
0.0932
0.0780
0.0960
0.0850
0.0930
0.0852
0.0850
0.0850
0.1030
0.1060
0.0985
0.0860
0.0890
0.1010
0.1120
0.1172
0.1080
0.1100
0.1030
0.0900
0.0919
0.1100
0.0850
0.1110
0.1010
0.0959
0.0990
0.1090
0.0910
0.1010
0.1012
0.1070
0.0850
0.1000
0.0980
0.1012
0.0950
0.0920
0.0960
0.0980
0.1052
0.1080
0.0670
0.0930
0.1100
0.0999
0.0920
0.0930
0.0930
0.0920
0.1052
0.0950
0.0940
0.0990
0.0880
0.0905
0.0990
0.0910
0.0960
0.0930
0.0786
0.0940
0.0830
0.0820
0.1130
0.0932
0.0880
0.1060
0.0880
0.1000
0.0812
0.0950
0.0840
0.1010
0.0930
0.0892
0.0810
0.1060
0.0930
0.1030
0.1145
0.1020
0.0900
0.1100
0.1050
0.1079
0.0800
0.0960
0.1080
0.1120
0.1198
0.1050
0.1070
0.1110
0.0870
0.0972
0.0960
0.1020
0.1020
0.1010
0.0999
0.0980
0.1040
0.0960
0.0890
0.1119
0.1040
0.1020
0.0970
0.1090
0.0746
0.0930
0.0960
0.0970
0.1030
0.0959
0.0790
0.1000
0.0960
0.0940
0.1119
0.0820
0.0980
0.0960
0.0940
0.0972
0.0910
0.1020
0.0820
0.0870
0.1025
0.0960
0.0990
0.0790
0.0920
0.1039
0.1060
0.0920
0.0900
0.0990
0.1039
0.0890
0.1080
0.0910
0.0990
0.0959
0.0940
0.0910
0.1060
0.1020
0.0985
0.1190
0.0820
0.1010
0.1020
0.0999
0.0940
0.1040
0.0900
0.1130
0.0959
0.0840
0.1110
0.1090
0.0930
0.0932
0.1050
0.1000
0.0960
0.0900
0.0985
0.1050
0.0900
0.0960
0.0950
0.1105
0.0960
0.0980
0.1040
0.1030
0.1092
0.1040
0.0950
0.0900
0.1070
0.1052
0.0990
0.0970
0.0890
0.0970
0.1172
0.0960
0.1130
0.0840
0.0910
0.1119
0.1000
0.1000
0.0910
0.0930
0.1065
0.0890
0.1010
0.0970
0.1010
0.0892
0.0900
0.0940
0.0830
0.1100
0.1052
0.0860
0.0940
0.1030
0.0970
0.1119
0.0920
0.1030
0.1020
0.0920
0.1092
0.1000
0.1050
0.1010
0.0870
0.1012
0.1130
0.0800
0.0940
0.1000
0.1025
0.0990
0.0900
0.1010
0.1130
0.0972
0.0910
0.1010
0.0960
0.0980
0.1278
0.1000
0.1080
0.0860
0.0910
0.1212
0.0990
0.0940
0.0970
0.1060
0.1132
0.0970
0.1040
0.1130
0.1140
0.1132
0.1130
0.1240
0.1000
0.1080
0.0892
0.1150
0.1180
0.1000
0.0890
0.1132
0.1190
0.1130
0.0830
0.1100
0.1012
0.0950
0.0940
0.1190
0.1070
0.1012
0.0950
0.1010
0.1050
0.1060
0.1025
0.1030
0.0920
0.1080
0.0930
0.1132
0.1040
0.0940
0.1100
0.1060
0.0839
0.0900
0.1090
0.1040
0.0970
0.0985
0.0910
0.1010
0.1010
0.1010
0.1092
0.0860
0.1190
0.0910
0.1050
0.1185
0.1070
0.0980
0.1000
0.1040
0.0999
0.1110
0.1060
0.1150
0.1100
0.1198
0.1340
0.1180
0.1170
0.1170
0.0919
0.1190
0.1050
0.1180
0.1240
0.1145
0.1140
0.1140
0.1230
0.1090
0.1105
0.1160
0.1180
0.1080
0.1130
0.1119
0.1250
0.1020
0.1160
0.1060
0.1132
0.1250
0.0870
0.1300
0.1110
0.1039
0.1070
0.1130
0.1230
0.1150
0.0919
0.1020
0.1080
0.1030
0.1110
0.1305
0.1160
0.1090
0.1120
0.1100
0.0972
0.1090
0.1040
0.1140
0.1020
0.1119
0.1060
0.1100
0.1120
0.0910
0.1145
0.1090
0.1040
0.1190
0.0890
0.1025
0.1180
0.0990
0.1040
0.0920
0.1039
0.1000
0.1290
0.0870
0.1000
0.0905
0.1070
0.0970
0.0950
0.0950
0.1145
0.0930
0.0920
0.1060
0.1060
0.1052
0.1060
0.0990
0.1010
0.0910
0.0945
0.1090
0.0930
0.0930
0.0950
0.1079
0.1190
0.1020
0.0990
0.1150
0.1105
0.1220
0.1030
0.1160
0.1210
0.1039
0.0920
0.1130
0.1390
0.1030
0.1198
0.1120
0.1170
0.1210
0.1080
0.0959
0.1160
0.1180
0.1110
0.1090
0.0972
0.1050
0.1210
0.0930
0.1270
0.1092
0.1120
0.1030
0.1140
0.1160
0.1145
0.1090
0.1300
0.1200
0.0780
0.1198
0.1090
0.0920
0.1180
0.1170
0.1132
0.1020
0.1080
0.1110
0.1080
0.1172
0.1130
0.1110
0.1080
0.1130
0.0905
0.0980
0.1050
0.1210
0.0870
0.1238
0.1190
0.1050
0.0870
0.1080
0.1039
0.1130
0.1170
0.0960
0.0920
0.0972
0.1020
0.0950
0.1180
0.1120
0.1025
0.1170
0.1100
0.0990
0.1180
0.0945
0.1130
0.1250
0.1040
0.0960
0.0919
0.1070
0.1080
0.1150
0.0960
0.0972
0.0990
0.1100
0.1070
0.1030
0.1012
0.0910
0.1100
0.1100
0.1100
0.1372
0.1160
0.1080
0.1160
0.1070
0.1092
0.1140
0.0890
0.1190
0.1220
0.1039
0.0960
0.1250
0.1240
0.1110
0.0999
0.1070
0.1100
0.1080
0.1320
0.1385
0.1220
0.1140
0.1300
0.1190
0.1132
0.1030
0.1200
0.1290
0.1190
0.1225
0.1220
0.1070
0.1200
0.1330
0.1039
0.1220
0.1100
0.1100
0.1290
0.1092
0.0980
0.1300
0.1270
0.1170
0.1012
0.1080
0.1140
0.1200
0.1210
0.1025
0.1040
0.1030
0.1090
0.1230
0.1318
0.1140
0.1130
0.0970
0.1260
0.1105
0.1080
0.1110
0.1030
0.1010
0.1372
0.1070
0.1110
0.1140
0.1090
0.1092
0.1140
0.1080
0.1130
0.1100
0.1012
0.1070
0.1340
0.1000
0.0940
0.1039
0.0830
0.1200
0.1170
0.1040
0.1252
0.1050
0.1180
0.0980
0.1280
0.1105
0.1340
0.1040
0.1190
0.1110
0.0945
0.1080
0.1180
0.1050
0.1300
0.1212
0.1160
0.1200
0.1120
0.1190
0.1225
0.1190
0.1180
0.1170
0.1100
0.1385
0.1260
0.1260
0.1010
0.1180
0.1292
0.1220
0.1160
0.1100
0.1310
0.1065
0.1310
0.1110
0.1270
0.1040
0.1052
0.1220
0.1110
0.1090
0.1150
0.1172
0.1150
0.1170
0.1150
0.1060
0.1185
0.1220
0.1070
0.1140
0.1160
0.1025
0.1200
0.1290
0.1110
0.0910
0.1079
0.1100
0.1190
0.1040
0.1140
0.1065
0.0960
0.1140
0.1110
0.1150
0.1185
0.1080
0.1150
0.1070
0.1090
0.1092
0.1000
0.1110
0.1100
0.1070
0.1158
0.1060
0.1050
0.1120
0.0990
0.1132
0.1060
0.1190
0.1070
0.1220
0.1105
0.1110
0.1330
0.1320
0.1130
0.1292
0.1240
0.1340
0.1390
0.1070
0.1385
0.1330
0.1240
0.1330
0.1240
0.1238
0.1190
0.1230
0.1380
0.1330
0.1238
0.1340
0.1230
0.1250
0.1310
0.1119
0.1290
0.1120
0.1260
0.1440
0.1039
0.1200
0.1190
0.1290
0.1190
0.1318
0.1250
0.1140
0.1130
0.1360
0.1225
0.1100
0.1360
0.1150
0.1270
0.1185
0.1210
0.1200
0.1330
0.1170
0.1079
0.1080
0.1300
0.1100
0.1290
0.1105
0.1160
0.1120
0.1250
0.1110
0.1185
0.1100
0.0980
0.1340
0.1220
0.1132
0.1130
0.1160
0.1230
0.1110
0.1132
0.1140
0.1120
0.1050
0.1300
0.1039
0.1100
0.1230
0.1050
0.1130
0.1079
0.1160
0.1080
0.0990
0.1090
0.1292
0.0980
0.1110
0.1080
0.1210
0.1158
0.1080
0.1130
0.1090
0.1110
0.1065
0.1220
0.1020
0.1010
0.1160
0.0999
0.1210
0.1150
0.1170
0.1230
0.0959
0.1380
0.1190
0.1350
0.1260
0.1185
0.1140
0.1400
0.1290
0.1300
0.1585
0.1420
0.1410
0.1180
0.1430
0.1358
0.1320
0.1330
0.1420
0.1310
0.1345
0.1440
0.1520
0.1340
0.1190
0.1158
0.1250
0.1390
0.1040
0.1550
0.1425
0.1240
0.1330
0.1330
0.1450
0.1185
0.1410
0.1270
0.1320
0.1260
0.1265
0.1360
0.1320
0.1340
0.1310
0.1132
0.1050
0.1270
0.1270
0.1390
0.1465
0.1390
0.1370
0.1190
0.1200
0.1172
0.1250
0.1400
0.1310
0.1180
0.1105
0.1270
0.1120
0.1300
0.1250
0.1305
0.1230
0.1260
0.1240
0.1160
0.1332
0.1200
0.1330
0.1220
0.1050
0.1385
0.1330
0.1120
0.1130
0.1130
0.1411
0.1240
0.1380
0.1130
0.1120
0.1119
0.1080
0.1240
0.1210
0.1200
0.1198
0.1430
0.1010
0.1080
0.1190
0.1172
0.1190
0.1140
0.1180
0.1160
0.1132
0.1350
0.1050
0.1130
0.1060
0.1158
0.1190
0.1070
0.1150
0.1240
0.0999
0.1010
0.1170
0.1270
0.1220
0.0932
0.1220
0.1150
0.1180
0.1010
0.1411
0.1250
0.1360
0.1110
0.1350
0.1145
0.1230
0.1240
0.1400
0.1340
0.1158
0.1470
0.1390
0.1010
0.1220
0.1265
0.1270
0.1220
0.1310
0.1180
0.1491
0.1110
0.1420
0.1410
0.1330
0.1385
0.1340
0.1350
0.1320
0.1440
0.1518
0.1570
0.1210
0.1320
0.1550
0.1305
0.1360
0.1370
0.1350
0.1490
0.1318
0.1400
0.1290
0.1390
0.1390
0.1332
0.1250
0.1350
0.1300
0.1530
0.1305
0.1270
0.1570
0.1390
0.1330
0.1092
0.1340
0.1320
0.1280
0.1340
0.1345
0.1320
0.1200
0.1460
0.1190
0.1478
0.1330
0.1190
0.1280
0.1420
0.1318
0.1370
0.1200
0.1290
0.1390
0.1212
0.1150
0.1280
0.1400
0.1460
0.1092
0.1160
0.1320
0.1210
0.1420
0.1265
0.1210
0.1280
0.1400
0.1200
0.1225
0.1310
0.1200
0.1390
0.1090
0.1265
0.1190
0.1140
0.1230
0.1360
0.1292
0.1250
0.1100
0.1220
0.1320
0.1265
0.1290
0.1280
0.1210
0.1140
0.1185
0.1200
0.1160
0.1240
0.1210
0.1278
0.1240
0.1240
0.1120
0.1190
0.1238
0.1190
0.1100
0.1270
0.1120
0.1265
0.1270
0.1210
0.0970
0.1280
0.1358
0.1240
0.1250
0.1370
0.1250
0.1145
0.1160
0.1290
0.1130
0.1300
0.1491
0.1330
0.1290
0.1190
0.1250
0.1278
0.1340
0.1360
0.1320
0.1280
0.1079
0.1320
0.1250
0.1270
0.1260
0.1332
0.1010
0.1540
0.1510
0.1350
0.1238
0.1590
0.1350
0.1090
0.1220
0.1465
0.1450
0.1010
0.1570
0.1290
0.1478
0.1350
0.1310
0.1490
0.1510
0.1265
0.1420
0.1430
0.1520
0.1330
0.1158
0.1520
0.1260
0.1350
0.1340
0.1372
0.1340
0.1400
0.1480
0.1370
0.1145
0.1380
0.1290
0.1310
0.1340
0.1385
0.1310
0.1350
0.1290
0.1390
0.1265
0.1370
0.1340
0.1380
0.1210
0.1278
0.1350
0.1300
0.1500
0.1320
0.1025
0.1310
0.1230
0.1450
0.1230
0.1305
0.1290
0.1310
0.1400
0.1130
0.1385
0.1350
0.1250
0.1110
0.1310
0.1465
0.1300
0.1510
0.1310
0.1120
0.1079
0.1270
0.1160
0.1230
0.1350
0.1292
0.1150
0.1250
0.1370
0.1300
0.1225
0.1270
0.1270
0.1360
0.1260
0.1158
0.1290
0.1280
0.1200
0.1190
0.1278
0.1360
0.1320
0.1110
0.1140
0.1292
0.1390
0.1340
0.1190
0.1240
0.1398
0.1100
0.1510
0.1400
0.1380
0.1585
0.1360
0.1470
0.1560
0.1390
0.1491
0.1670
0.1450
0.1440
0.1410
0.1358
0.1440
0.1540
0.1480
0.1530
0.1292
0.1410
0.1460
0.1470
0.1460
0.1451
0.1530
0.1280
0.1380
0.1530
0.1505
0.1410
0.1280
0.1580
0.1480
0.1425
0.1530
0.1340
0.1430
0.1340
0.1518
0.1530
0.1330
0.1300
0.1400
0.1585
0.1570
0.1370
0.1230
0.1320
0.1571
0.1440
0.1380
0.1300
0.1330
0.1518
0.1280
0.1370
0.1360
0.1410
0.1451
0.1600
0.1250
0.1360
0.1260
0.1305
0.1250
0.1500
0.1220
0.1480
0.1238
0.1220
0.1330
0.1340
0.1440
0.1318
0.1220
0.1430
0.1480
0.1210
0.1252
0.1390
0.1260
0.1180
0.1430
0.1318
0.1470
0.1190
0.1180
0.1370
0.1358
0.1300
0.1230
0.1230
0.1400
0.1345
0.1250
0.1420
0.1400
0.1130
0.1212
0.1290
0.1190
0.1100
0.1510
0.1292
0.1250
0.1230
0.1380
0.1310
0.1119
0.1210
0.1360
0.1260
0.1300
0.1358
0.1400
0.1400
0.1190
0.1350
0.1172
0.1270
0.1350
0.1120
0.1500
0.1598
0.1550
0.1320
0.1180
0.1430
0.1558
0.1490
0.1700
0.1390
0.1340
0.1278
0.1520
0.1370
0.1550
0.1430
0.1505
0.1410
0.1520
0.1530
0.1400
0.1531
0.1590
0.1350
0.1420
0.1410
0.1651
0.1460
0.1370
0.1530
0.1540
0.1545
0.1450
0.1440
0.1710
0.1360
0.1398
0.1460
0.1620
0.1420
0.1490
0.1305
0.1510
0.1380
0.1580
0.1410
0.1398
0.1350
0.1550
0.1590
0.1450
0.1265
0.1410
0.1480
0.1530
0.1490
0.1278
0.1380
0.1460
0.1510
0.1450
0.1345
0.1400
0.1400
0.1480
0.1360
0.1531
0.1510
0.1380
0.1420
0.1340
0.1372
0.1630
0.1300
0.1340
0.1300
0.1398
0.1520
0.1190
0.1150
0.1620
0.1465
0.1230
0.1240
0.1420
0.1390
0.1598
0.1570
0.1270
0.1250
0.1400
0.1292
0.1360
0.1390
0.1460
0.1210
0.1305
0.1210
0.1370
0.1320
0.1460
0.1438
0.1280
0.1170
0.1410
0.1420
0.1518
0.1320
0.1600
0.1220
0.1250
0.1332
0.1350
0.1220
0.1250
0.1480
0.1358
0.1460
0.1230
0.1380
0.1200
0.1398
0.1400
0.1260
0.1230
0.1380
0.1518
0.1360
0.1620
0.1240
0.1200
0.1345
0.1420
0.1350
0.1210
0.1540
0.1172
0.1480
0.1330
0.1330
0.1450
0.1585
0.1540
0.1580
0.1540
0.1590
0.1332
0.1670
0.1500
0.1680
0.1450
0.1372
0.1450
0.1590
0.1760
0.1670
0.1518
0.1760
0.1790
0.1330
0.1590
0.1718
0.1620
0.1730
0.1680
0.1640
0.1411
0.1600
0.1610
0.1660
0.1450
0.1771
0.1420
0.1840
0.1550
0.1650
0.1505
0.1650
0.1660
0.1570
0.1440
0.1664
0.1670
0.1480
0.1510
0.1590
0.1718
0.1660
0.1540
0.1560
0.1630
0.1398
0.1580
0.1470
0.1600
0.1650
0.1505
0.1610
0.1400
0.1430
0.1720
0.1625
0.1500
0.1570
0.1670
0.1380
0.1625
0.1560
0.1510
0.1410
0.1440
0.1811
0.1660
0.1260
0.1700
0.1500
0.1518
0.1550
0.1420
0.1490
0.1530
0.1638
0.1510
0.1470
0.1490
0.1390
0.1731
0.1550
0.1610
0.1360
0.1470
0.1478
0.1430
0.1400
0.1630
0.1560
0.1385
0.1600
0.1220
0.1630
0.1550
0.1358
0.1540
0.1560
0.1310
0.1360
0.1611
0.1460
0.1630
0.1500
0.1400
0.1265
0.1560
0.1430
0.1330
0.1410
0.1505
0.1400
0.1520
0.1410
0.1440
0.1411
0.1330
0.1410
0.1500
0.1350
0.1598
0.1530
0.1310
0.1420
0.1440
0.1398
0.1390
0.1390
0.1460
0.1360
0.1438
0.1270
0.1600
0.1250
0.1310
0.1571
0.1440
0.1390
0.1500
0.1320
0.1198
0.1410
0.1280
0.1390
0.1440
0.1332
0.1390
0.1320
0.1400
0.1360
0.1332
0.1320
0.1330
0.1510
0.1400
0.1398
0.1320
0.1510
0.1590
0.1480
0.1425
0.1480
0.1350
0.1560
0.1570
0.1744
0.1520
0.1700
0.1430
0.1500
0.1638
0.1380
0.1590
0.1960
0.1450
0.1718
0.1680
0.1640
0.1610
0.1750
0.1571
0.1790
0.1810
0.1630
0.1590
0.1571
0.1650
0.1630
0.1710
0.1770
0.1598
0.1640
0.1650
0.1750
0.1690
0.1625
0.1660
0.1740
0.1620
0.1680
0.1611
0.1800
0.1910
0.1630
0.1400
0.1505
0.1810
0.1580
0.1710
0.1460
0.1718
0.1700
0.1700
0.1800
0.1370
0.1625
0.1620
0.1690
0.1550
0.1570
0.1731
0.1700
0.1590
0.1510
0.1600
0.1691
0.1490
0.1510
0.1580
0.1890
0.1571
0.1650
0.1640
0.1490
0.1720
0.1491
0.1410
0.1690
0.1610
0.1750
0.1505
0.1660
0.1670
0.1440
0.1650
0.1465
0.1600
0.1580
0.1480
0.1610
0.1571
0.1370
0.1390
0.1760
0.1580
0.1664
0.1570
0.1560
0.1610
0.1470
0.1478
0.1710
0.1610
0.1510
0.1370
0.1451
0.1650
0.1570
0.1450
0.1610
0.1345
0.1850
0.1400
0.1640
0.1330
0.1398
0.1590
0.1300
0.1630
0.1600
0.1478
0.1370
0.1520
0.1540
0.1660
0.1425
0.1470
0.1410
0.1660
0.1600
0.1305
0.1430
0.1450
0.1530
0.1550
0.1465
0.1360
0.1450
0.1590
0.1340
0.1651
0.1590
0.1310
0.1570
0.1410
0.1411
0.1440
0.1540
0.1300
0.1460
0.1545
0.1510
0.1570
0.1440
0.1360
0.1318
0.1370
0.1400
0.1660
0.1430
0.1252
0.1490
0.1490
0.1320
0.1350
0.1451
0.1460
0.1290
0.1540
0.1350
0.1425
0.1480
0.1270
0.1370
0.1310
0.1625
0.1440
0.1340
0.1470
0.1330
0.1545
0.1490
0.1380
0.1470
0.1720
0.1638
0.1610
0.1830
0.1780
0.1510
0.1425
0.1640
0.1840
0.1630
0.1920
0.1904
0.1910
0.1970
0.1860
0.1940
0.2037
0.1870
0.2090
0.2270
0.2160
0.1971
0.1980
0.2190
0.2230
0.2280
0.2317
0.2310
0.2300
0.2180
0.2500
0.2530
0.2680
0.2210
0.2720
0.2480
0.2570
0.2460
0.2940
0.2700
0.2710
0.2663
0.2840
0.2790
0.2740
0.2990
0.2929
0.2910
0.3000
0.2940
0.3090
0.3409
0.3140
0.3170
0.3200
0.3230
0.3342
0.3100
0.3350
0.3430
0.3380
0.3595
0.3630
0.3480
0.3480
0.3550
0.3515
0.3660
0.3690
0.3660
0.3830
0.3782
0.3600
0.4070
0.3920
0.4010
0.4008
0.4060
0.4090
0.4150
0.4130
0.4075
0.4080
0.4120
0.4290
0.4610
0.4434
0.4450
0.4260
0.4680
0.4580
0.4514
0.4880
0.4400
0.4550
0.4820
0.4674
0.4680
0.4750
0.5030
0.4780
0.5047
0.4930
0.5080
0.4980
0.5200
0.4967
0.5090
0.5280
0.5010
0.5230
0.5406
0.5370
0.5350
0.5310
0.5360
0.5379
0.5380
0.5340
0.5420
0.5900
0.5513
0.5530
0.5880
0.5480
0.5730
0.5566
0.5770
0.5830
0.5880
0.5530
0.5806
0.6030
0.5810
0.6140
0.5550
0.5912
0.6080
0.5810
0.5990
0.5950
0.6125
0.5930
0.6020
0.6490
0.5880
0.6059
0.5920
0.6500
0.6220
0.6030
0.6152
0.6320
0.6110
0.6550
0.6150
0.5992
0.6420
0.6380
0.6270
0.6250
0.6431
0.6250
0.6410
0.6440
0.6560
0.6498
0.6430
0.6680
0.6370
0.6420
0.6591
0.6480
0.6700
0.6710
0.6460
0.6471
0.6450
0.6680
0.6660
0.6810
0.6538
0.6540
0.6810
0.6590
0.6900
0.6671
0.6920
0.6600
0.6550
0.6720
0.7084
0.6910
0.6700
0.6550
0.6820
0.7204
0.6910
0.7030
0.6930
0.6850
0.6698
0.7020
0.6670
0.7070
0.6900
0.7111
0.6910
0.7180
0.6820
0.7030
0.7071
0.7060
0.6970
0.7040
0.7140
0.7017
0.7230
0.7000
0.7210
0.6930
0.7017
0.7330
0.7020
0.7140
0.7150
0.7017
0.7140
0.7080
0.7330
0.7210
0.7124
0.7350
0.7140
0.7210
0.7100
0.7377
0.7060
0.7360
0.7200
0.7240
0.7577
0.7400
0.7350
0.7290
0.7370
0.7310
0.7480
0.7620
0.7190
0.7400
0.7190
0.7540
0.7290
0.7410
0.7280
0.7656
0.7550
0.7440
0.7430
0.7320
0.7537
0.7410
0.7390
0.7420
0.7710
0.7537
0.7400
0.7440
0.7520
0.7850
0.7430
0.7310
0.7460
0.7710
0.7670
0.7750
0.7600
0.7680
0.7680
0.7380
0.7750
0.7450
0.7610
0.7540
0.7860
0.7776
0.7550
0.7530
0.7790
0.7700
0.7710
0.7730
0.7600
0.7630
0.7630
0.7816
0.7850
0.7600
0.7740
0.7500
0.7896
0.7590
0.7730
0.7890
0.7730
0.7750
0.7590
0.7700
0.7810
0.7880
0.7870
0.7870
0.8020
0.7600
0.7840
0.7577
0.7740
0.7980
0.7710
0.7630
0.8056
0.7700
0.7760
0.7960
0.7960
0.7723
0.7770
0.7900
0.7940
0.7920
0.7710
0.7850
0.7840
0.7890
0.7970
0.7830
0.7920
0.7840
0.7900
0.7990
0.7843
0.8000
0.7730
0.7860
0.7960
0.8189
0.8010
0.7800
0.7980
0.8070
0.7989
0.7750
0.8100
0.8090
0.7870
0.8189
0.8050
0.8010
0.7950
0.7840
0.8229
0.7990
0.7910
0.8250
0.7990
0.7976
0.8020
0.8060
0.8030
0.7910
0.8189
0.8070
0.7920
0.7980
0.8130
0.8202
0.7720
0.8030
0.8330
0.8260
0.8016
0.8030
0.8320
0.8280
0.7920
0.7830
0.8110
0.8160
0.8050
0.8150
0.8043
0.7850
0.8160
0.8170
0.8290
0.8149
0.8130
0.8330
0.7970
0.8030
0.8269
0.8270
0.8120
0.8020
0.8130
0.8296
0.8200
0.8220
0.8090
0.8130
0.8242
0.8090
0.8290
0.8230
0.8080
0.8309
0.8240
0.8210
0.8110
0.8360
0.8069
0.8180
0.8370
0.8320
0.8190
0.8016
0.8460
0.8240
0.8310
0.7950
0.8242
0.8260
0.8140
0.8220
0.8480
0.8136
0.8480
0.8300
0.7970
0.8210
0.8362
0.8210
0.8270
0.8380
0.8130
0.8375
0.8270
0.8300
0.8450
0.8180
0.8136
0.8330
0.8270
0.8290
0.8300
0.8242
0.8310
0.8330
0.8260
0.8290
0.8322
0.8420
0.8250
0.8360
0.8260
0.8282
0.8400
0.8080
0.8540
0.8300
0.8336
0.8160
0.8270
0.8410
0.8410
0.8522
0.8420
0.8390
0.8370
0.8170
0.8429
0.8380
0.8490
0.8250
0.8290
0.8415
0.8360
0.8460
0.8350
0.8330
0.8309
0.8400
0.8240
0.8440
0.8370
0.8469
0.8310
0.8350
0.8300
0.8630
0.8322
0.8410
0.8350
0.8370
0.8360
0.8522
0.8400
0.8280
0.8510
0.8370
0.8469
0.8360
0.8370
0.8500
0.8390
0.8469
0.8450
0.8440
0.8240
0.8450
0.8589
0.8430
0.8350
0.8480
0.8470
0.8455
0.8380
0.8460
0.8420
0.8370
0.8642
0.8490
0.8460
0.8450
0.8440
0.8442
0.8600
0.8380
0.8460
0.8350
0.8549
0.8400
0.8670
0.8440
0.8490
0.8309
0.8440
0.8390
0.8570
0.8430
0.8589
0.8560
0.8480
0.8510
0.8400
0.8469
