0.3340
0.3130
0.3280
0.2890
0.3145
0.3100
0.2900
0.3000
0.3010
0.2234
0.2870
0.2410
0.2250
0.2290
0.2290
0.2550
0.3040
0.2810
0.3250
0.3531
0.2960
0.3150
0.3090
0.2870
0.2883
0.2960
0.2670
0.3160
0.3130
0.3641
0.3580
0.3750
0.4040
0.3930
0.3766
0.4180
0.4150
0.4520
0.5080
0.4634
0.4460
0.4520
0.4710
0.4990
0.4952
0.4890
0.4530
0.4580
0.5000
0.5159
0.5420
0.5530
0.5130
0.5600
0.5876
0.5390
0.5820
0.5870
0.6270
0.5683
0.5430
0.5810
0.5930
0.6040
0.6152
0.6220
0.6180
0.6320
0.6510
0.6841
0.6640
0.6580
0.6520
0.6660
0.6924
0.7190
0.6690
0.6830
0.6760
0.7062
0.7110
0.6910
0.7060
0.7530
0.7490
0.7620
0.7460
0.7790
0.7720
0.7614
0.7750
0.7680
0.7970
0.7870
0.7931
0.7930
0.8080
0.8180
0.8020
0.8014
0.8160
0.8180
0.8220
0.8220
0.8400
0.8510
0.8170
0.7950
0.8390
0.8290
0.8250
0.8280
0.8330
0.8280
0.8428
0.8450
0.8280
0.8340
0.8330
0.8428
0.8310
0.8260
0.8300
0.8420
0.8317
0.8150
0.8320
0.8430
0.8200
0.8028
0.8120
0.8090
0.8080
0.8370
0.8221
0.8040
0.8220
0.8210
0.8030
0.8110
0.7890
0.8130
0.8050
0.7910
0.8055
0.7950
0.7980
0.7880
0.7770
0.8069
0.7880
0.7810
0.7770
0.7980
0.7669
0.7930
0.7660
0.7640
0.7810
0.7848
0.7570
0.7910
0.7560
0.7960
0.7848
0.7850
0.7840
0.7780
0.7720
0.7476
0.7940
0.7780
0.7680
0.7570
0.7779
0.7740
0.7780
0.7610
0.7900
0.7752
0.7810
0.7830
0.7560
0.7920
0.7614
0.7580
0.8090
0.7740
0.7640
0.7752
0.7930
0.7960
0.7670
0.7500
0.7793
0.7870
0.7770
0.7750
0.7770
0.7614
0.7770
0.7890
0.7700
0.7730
0.7917
0.7690
0.7810
0.7830
0.7800
0.7834
0.7860
0.7490
0.7880
0.7860
0.7917
0.7760
0.7680
0.7800
0.7980
0.7807
0.7750
0.7820
0.7840
0.7980
0.7766
0.7760
0.7710
0.7710
0.8050
0.7917
0.7760
0.7850
0.7650
0.7790
0.8097
0.7920
0.7940
0.7800
0.7750
0.7779
0.8030
0.8070
0.7920
0.7630
0.7586
0.7730
0.8000
0.7870
0.7900
0.7807
0.7920
0.7800
0.7950
0.7790
0.7807
0.7870
0.7810
0.7880
0.8010
0.7931
0.8020
0.7960
0.7630
0.7960
0.8069
0.7920
0.7810
0.7980
0.8020
0.7903
0.7950
0.7850
0.7900
0.7910
0.8055
0.7800
0.7790
0.8130
0.7890
0.8069
0.8010
0.7870
0.7860
0.7910
0.7986
0.8030
0.8050
0.7750
0.7890
0.7876
0.7960
0.7920
0.7890
0.8040
0.8138
0.8160
0.7950
0.7820
0.7930
0.8124
0.7780
0.8000
0.7940
0.8150
0.8110
0.8060
0.7990
0.7890
0.8100
0.7917
0.7920
0.8060
0.8040
0.8040
0.7917
0.7870
0.8090
0.7990
0.8110
0.7959
0.8120
0.8090
0.8040
0.8020
0.7697
0.8000
0.7990
0.7750
0.8260
0.8193
0.8150
0.8070
0.7960
0.8120
0.7931
0.7960
0.8090
0.8180
0.7850
0.8221
0.8090
0.7930
0.8030
0.8120
0.8207
0.8040
0.8180
0.8190
0.8030
0.7903
0.8190
0.7920
0.8180
0.7910
0.8248
0.8240
0.8250
0.7890
0.8020
0.7931
0.8120
0.7910
0.8020
0.8210
0.8152
0.8170
0.8240
0.7950
0.7910
0.8290
0.8150
0.8080
0.8070
0.8030
0.8248
0.8120
0.8050
0.8050
0.8230
0.8000
0.8140
0.8000
0.8180
0.8000
0.8207
0.8020
0.8090
0.8120
0.8260
0.8083
0.8140
0.8070
0.8090
0.8110
0.8221
0.8040
0.8160
0.8160
0.8090
0.8179
0.8240
0.8170
0.8030
0.8120
0.8055
0.8050
0.8150
0.7990
0.8320
0.8166
0.8220
0.8050
0.8330
0.8180
0.7821
0.8280
0.8210
0.8040
0.7890
0.8331
0.8110
0.8200
0.8040
0.8290
0.8028
0.8110
0.8180
0.8220
0.8120
0.8028
0.8070
0.8180
0.8170
0.8240
0.8028
0.8100
0.8190
0.8020
0.8110
0.8400
0.8220
0.8110
0.8000
0.8270
0.8124
0.8130
0.8280
0.8150
0.8030
0.8110
0.8090
0.7950
0.8070
0.8460
0.8124
0.8110
0.8110
0.8080
0.8210
0.8262
0.8190
0.8120
0.8260
0.8120
0.8110
0.8270
0.8140
0.8130
0.8120
0.8138
0.7910
0.8240
0.8220
0.8240
0.8248
0.8260
0.8250
0.8230
0.8030
0.8138
0.8150
0.8240
0.8210
0.8210
0.8124
0.8130
0.8270
0.8220
0.8170
0.8110
0.7980
0.8280
0.7970
0.8320
0.8428
0.8120
0.8160
0.8280
0.8300
0.8014
0.8360
0.8000
0.8350
0.8170
0.8014
0.8200
0.8310
0.8120
0.8100
0.8276
0.8140
0.8120
0.8420
0.7970
0.8372
0.8240
0.8160
0.8370
0.8130
0.8083
0.8310
0.8210
0.8140
0.8030
0.8428
0.8350
0.8230
0.8140
0.8090
0.8303
0.8150
0.8140
0.8270
0.8200
0.8359
0.8330
0.8180
0.8110
0.8160
0.8345
0.8230
0.8150
0.8310
0.8130
0.8276
0.8230
0.8160
0.8180
0.8270
0.8234
0.8140
0.8280
0.8240
0.8200
0.8248
0.8040
0.8320
0.8320
0.8250
0.8166
0.8230
0.8210
0.8190
0.8310
0.8317
0.8310
0.8150
0.8180
0.8360
0.8248
0.8200
0.8380
0.8180
0.8180
0.8372
0.8350
0.8330
0.8390
0.8140
0.8014
0.8190
0.8320
0.8260
0.8250
0.8234
0.8390
0.8300
0.8160
0.8170
0.8262
0.8240
0.8260
0.8080
0.8410
0.8317
0.8350
0.8360
0.8260
0.8340
0.7917
0.8370
0.8160
0.8210
0.8400
0.8138
0.8310
0.8050
0.8220
0.8390
0.8428
0.8050
0.8260
0.8450
0.8290
0.8359
0.8220
0.8320
0.8270
0.8180
0.8386
0.8440
0.8110
0.8210
0.8310
0.8234
0.8300
0.8260
0.8310
0.8210
0.8179
0.8350
0.8240
0.8200
0.8170
0.8359
0.8460
0.8340
0.8260
0.8180
0.8097
0.8140
0.8540
0.7930
0.8360
0.8455
0.8440
0.8200
0.8130
0.8270
0.8386
0.8400
0.8430
0.8090
0.8240
0.8207
0.8250
0.8380
0.8310
0.8220
0.8138
0.8100
0.8550
0.8270
0.8370
0.8097
0.8360
0.8200
0.8300
0.8370
0.8207
0.8190
0.8320
0.8270
0.8300
0.8414
0.8050
0.8290
0.8280
0.8480
0.8359
0.8360
0.8380
0.8270
0.8240
0.8138
0.8130
0.8420
0.8060
0.8390
0.8483
0.8180
0.8420
0.8370
0.8360
0.8097
0.8180
0.8170
0.8420
0.8460
0.8345
0.8410
0.8350
0.8420
0.8160
0.8262
0.8310
0.8290
0.8360
0.8240
0.8455
0.8260
0.8340
0.8390
0.8460
0.8055
0.8210
0.8350
0.8380
0.8330
0.8317
0.8240
0.8360
0.8240
0.8370
0.8455
0.8490
0.8340
0.8300
0.8290
0.8124
0.8350
0.8230
0.8140
0.8520
0.8372
0.8310
0.8340
0.8380
0.8450
0.8110
0.8350
0.8450
0.8500
0.8190
0.8124
0.8240
0.8180
0.8300
0.8490
0.8497
0.8280
0.8310
0.8400
0.8310
0.8359
0.8300
0.8240
0.8380
0.8300
0.8510
0.8100
0.8470
0.8250
0.8480
0.8414
0.8500
0.8180
0.8210
0.8390
0.8428
0.8300
0.8440
0.8450
0.8230
0.8193
0.8450
0.8220
0.8340
0.8250
0.8400
0.8440
0.8200
0.8120
0.8600
0.8290
0.8210
0.8410
0.8430
0.8350
0.8234
0.8520
0.8200
0.8440
0.8250
0.8234
0.8470
0.8350
0.8170
0.8480
0.8262
0.8280
0.8600
0.8220
0.8420
0.8193
0.8210
0.8390
0.8430
0.8400
0.8345
0.8530
0.8410
0.8340
0.8150
0.8317
0.8330
0.8490
0.8230
0.8350
0.8414
0.8460
0.8260
0.8510
0.8410
0.8138
0.8370
0.8320
0.8300
0.8500
0.8331
0.8390
0.8390
0.8220
0.8450
0.8372
0.8450
0.8430
0.8290
0.8250
0.8386
0.8400
0.8400
0.8260
0.8290
0.8524
0.8410
0.8330
0.8390
0.8350
0.8359
0.8520
0.8430
0.8250
0.8250
0.8414
0.8520
0.8170
0.8350
0.8470
0.8317
0.8410
0.8050
0.8610
0.8540
0.8303
0.8620
0.8290
0.8330
0.8380
0.8317
0.8490
0.8270
0.8460
0.8230
0.8538
0.8260
0.8580
0.8190
0.8560
0.8386
0.8450
0.8520
0.8160
0.8410
0.8469
0.8240
0.8330
0.8420
0.8600
0.8359
0.8490
0.8440
0.8200
0.8530
0.8262
0.8360
0.8290
0.8500
0.8390
0.8400
0.8420
0.8430
0.8350
0.8430
0.8276
0.8170
0.8660
0.8390
0.8300
0.8497
0.8510
0.8380
0.8200
0.8380
0.8621
0.8530
0.8550
0.8280
0.8200
0.8469
0.8490
0.8500
0.8390
0.8260
0.8372
0.8550
0.8390
0.8450
0.8220
0.8428
0.8430
0.8490
0.8280
0.8460
0.8331
0.8290
0.8550
0.8440
0.8300
0.8441
0.8440
0.8160
0.8570
0.8420
0.8414
0.8300
0.8440
0.8430
0.8340
0.8497
0.8420
0.8360
0.8390
0.8330
0.8524
0.8380
0.8410
0.8300
0.8360
0.8662
0.8270
0.8420
0.8420
0.8430
0.8552
0.8480
0.8280
0.8440
0.8540
0.8303
0.8550
0.8320
0.8140
0.8590
0.8497
0.8410
0.8550
0.8550
0.8260
0.8248
0.8540
0.8530
0.8490
0.8150
0.8359
0.8320
0.8450
0.8430
0.8380
0.8552
0.8370
0.8400
0.8430
0.8430
0.8497
0.8580
0.8470
0.8590
0.8080
0.8386
0.8420
0.8440
0.8440
0.8390
0.8455
0.8350
0.8350
0.8610
0.8460
0.8372
0.8410
0.8320
0.8350
0.8510
0.8662
0.8650
0.8430
0.8250
0.8510
0.8290
0.8580
0.8440
0.8470
0.8320
0.8331
0.8290
0.8450
0.8450
0.8590
0.8372
0.8360
0.8440
0.8270
0.8530
0.8634
0.8450
0.8380
0.8520
0.8430
0.8414
0.8240
0.8570
0.8510
0.8380
0.8552
0.8460
0.8390
0.8490
0.8290
0.8607
0.8470
0.8460
0.8590
0.8350
0.8290
0.8670
0.8430
0.8390
0.8390
0.8262
0.8230
0.8500
0.8600
0.8290
0.8634
0.8560
0.8510
0.8440
0.8430
0.8207
0.8420
0.8280
0.8580
0.8460
0.8524
0.8430
0.8600
0.8470
0.8380
0.8345
0.8420
0.8290
0.8550
0.8320
0.8800
0.8640
0.8420
0.8350
0.8460
0.8400
0.8470
0.8500
0.8530
0.8460
0.8262
0.8340
0.8520
0.8540
0.8370
0.8538
0.8490
0.8610
0.8390
0.8370
0.8400
0.8570
0.8490
0.8510
0.8250
0.8441
0.8510
0.8410
0.8470
0.8340
0.8566
0.8510
0.8430
0.8350
0.8470
0.8497
0.8280
0.8540
0.8460
0.8380
0.8634
0.8580
0.8400
0.8380
0.8330
0.8593
0.8380
0.8520
0.8370
0.8520
0.8469
0.8440
0.8510
0.8300
0.8440
0.8634
0.8470
0.8400
0.8520
0.8410
0.8524
0.8380
0.8290
0.8610
0.8570
0.8455
0.8360
0.8650
0.8480
0.8320
0.8524
0.8430
0.8570
0.8360
0.8420
0.8593
0.8620
0.8560
0.8240
0.8520
0.8386
0.8600
0.8410
0.8540
0.8420
0.8345
0.8310
0.8440
0.8570
0.8560
0.8469
0.8460
0.8550
0.8470
0.8310
0.8593
0.8500
0.8540
0.8510
0.8360
0.8428
0.8400
0.8690
0.8430
0.8280
0.8579
0.8610
0.8500
0.8300
0.8460
0.8497
0.8440
0.8420
0.8510
0.8520
0.8469
0.8400
0.8680
0.8330
0.8530
0.8400
0.8500
0.8510
0.8540
0.8420
0.8372
0.8350
0.8330
0.8620
0.8490
0.8621
0.8400
0.8560
0.8430
0.8420
0.8593
0.8240
0.8660
0.8520
0.8380
0.8607
0.8540
0.8420
0.8500
0.8290
0.8676
0.8670
0.8510
0.8500
0.8360
0.8290
0.8610
0.8460
0.8440
0.8390
0.8497
0.8300
0.8580
0.8460
0.8450
0.8662
0.8500
0.8480
0.8550
0.8510
0.8331
0.8370
0.8620
0.8570
0.8500
0.8303
0.8410
0.8490
0.8710
0.8440
0.8317
0.8490
0.8550
0.8540
0.8470
0.8303
0.8440
0.8540
0.8440
0.8610
0.8359
0.8480
0.8390
0.8500
0.8540
0.8524
0.8550
0.8450
0.8400
0.8470
0.8579
0.8690
0.8170
0.8360
0.8610
0.8634
0.8610
0.8470
0.8260
0.8520
0.8621
0.8600
0.8550
0.8510
0.8450
0.8262
0.8510
0.8430
0.8570
0.8480
0.8441
0.8430
0.8560
0.8440
0.8560
0.8455
0.8470
0.8500
0.8610
0.8340
0.8552
0.8560
0.8490
0.8480
0.8360
0.8566
0.8570
0.8470
0.8530
0.8440
0.8400
0.8420
0.8430
0.8520
0.8590
0.8510
0.8320
0.8450
0.8610
0.8580
0.8538
0.8600
0.8460
0.8480
0.8570
0.8345
0.8430
0.8570
0.8590
0.8530
0.8331
0.8390
0.8660
0.8610
0.8420
0.8359
0.8580
0.8500
0.8560
0.8450
0.8345
0.8620
0.8460
0.8420
0.8540
0.8414
0.8630
0.8400
0.8510
0.8340
0.8634
0.8430
0.8580
0.8600
0.8450
0.8386
0.8410
0.8550
0.8630
0.8230
0.8717
0.8440
0.8560
0.8650
0.8400
0.8400
0.8600
0.8460
0.8510
0.8540
0.8345
0.8640
0.8320
0.8530
0.8550
0.8455
0.8430
0.8460
0.8490
0.8580
0.8566
0.8470
0.8380
0.8420
0.8670
0.8593
0.8560
0.8350
0.8630
0.8560
0.8414
0.8590
0.8500
0.8510
0.8600
0.8234
0.8260
0.8370
0.8860
0.8350
0.8731
0.8650
0.8470
0.8390
0.8420
0.8607
0.8630
0.8720
0.8400
0.8490
0.8179
0.8600
0.8380
0.8570
0.8650
0.8276
0.8470
0.8570
0.8460
0.8530
0.8552
0.8600
0.8660
0.8380
0.8440
0.8497
0.8550
0.8500
0.8420
0.8450
0.8717
0.8510
0.8490
0.8670
0.8360
0.8593
0.8430
0.8380
0.8620
0.8690
0.8428
0.8490
0.8520
0.8510
0.8540
0.8497
0.8490
0.8490
0.8590
0.8430
0.8552
0.8420
0.8400
0.8610
0.8510
0.8648
0.8490
0.8550
0.8450
0.8620
0.8414
0.8390
0.8410
0.8520
0.8640
0.8634
0.8630
0.8520
0.8390
0.8490
0.8552
0.8540
0.8510
0.8550
0.8610
0.8303
0.8650
0.8440
0.8470
0.8320
0.8759
0.8440
0.8390
0.8580
0.8640
0.8538
0.8660
0.8470
0.8530
0.8470
0.8455
0.8490
0.8590
0.8650
0.8440
0.8400
0.8390
0.8480
0.8660
0.8480
0.8621
0.8480
0.8450
0.8650
0.8590
0.8455
0.8550
0.8350
0.8690
0.8420
0.8662
0.8510
0.8420
0.8500
0.8690
0.8497
0.8530
0.8570
0.8380
0.8510
0.8676
0.8570
0.8350
0.8570
0.8620
0.8510
0.8470
0.8520
0.8480
0.8630
0.8510
0.8620
0.8590
0.8610
0.8480
0.8221
0.8370
0.8390
0.8760
0.8620
0.8441
0.8370
0.8350
0.8510
0.8740
0.8676
0.8530
0.8430
0.8530
0.8520
0.8648
0.8520
0.8520
0.8650
0.8420
0.8510
0.8380
0.8630
0.8680
0.8400
0.8566
0.8750
0.8520
0.8600
0.8370
0.8386
0.8640
0.8360
0.8480
0.8540
0.8662
0.8570
0.8480
0.8420
0.8680
0.8455
0.8610
0.8360
0.8690
0.8710
0.8138
0.8540
0.8560
0.8660
0.8480
0.8345
0.8500
0.8690
0.8380
0.8440
0.8662
0.8600
0.8400
0.8450
0.8520
0.8745
0.8360
0.8590
0.8500
0.8620
0.8607
0.8720
0.8490
0.8430
0.8590
0.8386
0.8550
0.8600
0.8370
0.8470
0.8731
0.8570
0.8650
0.8340
0.8530
0.8648
0.8570
0.8400
0.8610
0.8580
0.8552
0.8560
0.8620
0.8420
0.8630
0.8441
0.8560
0.8540
0.8530
0.8420
0.8676
0.8450
0.8460
0.8570
0.8630
0.8593
0.8670
0.8410
0.8440
0.8770
0.8331
0.8600
0.8590
0.8500
0.8470
0.8510
0.8370
0.8560
0.8490
0.8840
0.8386
0.8600
0.8600
0.8670
0.8420
0.8359
0.8540
0.8790
0.8330
0.8640
0.8331
0.8660
0.8600
0.8550
0.8610
0.8193
0.8530
0.8560
0.8520
0.8460
0.8703
0.8580
0.8580
0.8490
0.8590
0.8441
0.8460
0.8520
0.8580
0.8700
0.8386
0.8470
0.8580
0.8630
0.8510
0.8524
0.8520
0.8530
0.8580
0.8570
0.8510
0.8470
0.8540
0.8590
0.8590
0.8524
0.8520
0.8540
0.8460
0.8700
0.8510
0.8680
0.8540
0.8510
0.8520
0.8441
0.8510
0.8360
0.8700
0.8710
0.8428
0.8600
0.8330
0.8700
0.8590
0.8497
0.8460
0.8400
0.8650
0.8510
0.8786
0.8580
0.8720
0.8570
0.8400
0.8441
0.8590
0.8690
0.8580
0.8460
0.8386
0.8570
0.8540
0.8500
0.8690
0.8497
0.8690
0.8590
0.8490
0.8500
0.8538
0.8600
0.8620
0.8420
0.8540
0.8621
0.8550
0.8560
0.8630
0.8560
0.8510
0.8530
0.8580
0.8550
0.8630
0.8483
0.8420
0.8600
0.8600
0.8570
0.8607
0.8560
0.8710
0.8640
0.8470
0.8345
0.8580
0.8660
0.8600
0.8410
0.8538
0.8720
0.8430
0.8490
0.8640
0.8497
0.8430
0.8600
0.8520
0.8730
0.8497
0.8500
0.8540
0.8540
0.8620
0.8621
0.8420
0.8480
0.8730
0.8630
0.8552
0.8600
0.8530
0.8430
0.8790
0.8414
0.8440
0.8660
0.8410
0.8530
0.8855
0.8610
0.8530
0.8490
0.8680
0.8497
0.8580
0.8630
0.8640
0.8350
0.8648
0.8510
0.8770
0.8500
0.8540
0.8483
0.8580
0.8490
0.8700
0.8430
0.8621
0.8550
0.8570
0.8490
0.8590
0.8621
0.8650
0.8380
0.8700
0.8680
0.8331
0.8490
0.8470
0.8560
0.8750
0.8524
0.8330
0.8720
0.8540
0.8660
0.8607
0.8550
0.8750
0.8500
0.8530
0.8469
0.8640
0.8540
0.8400
0.8590
0.8690
0.8580
0.8450
0.8530
0.8510
0.8841
0.8710
0.8510
0.8670
0.8320
0.8676
0.8550
0.8700
0.8660
0.8460
0.8455
0.8530
0.8660
0.8560
0.8580
0.8497
0.8460
0.8660
0.8480
0.8480
0.8841
0.8620
0.8610
0.8530
0.8560
0.8538
0.8480
0.8570
0.8640
0.8760
0.8359
0.8680
0.8470
0.8650
0.8550
0.8510
0.8810
0.8620
0.8390
0.8460
0.8593
0.8760
0.8450
0.8630
0.8480
0.8552
0.8640
0.8740
0.8680
0.8370
0.8414
0.8590
0.8590
0.8540
0.8600
0.8579
0.8600
0.8560
0.8460
0.8670
0.8634
0.8610
0.8570
0.8600
0.8470
0.8676
0.8520
0.8380
0.8750
0.8720
0.8524
0.8640
0.8440
0.8610
0.8560
0.8676
0.8570
0.8520
0.8590
0.8630
0.8593
0.8550
0.8800
0.8630
0.8430
0.8469
0.8470
0.8580
0.8610
0.8650
0.8621
0.8500
0.8720
0.8520
0.8520
0.8690
0.8580
0.8650
0.8640
0.8540
0.8497
0.8660
0.8540
0.8690
0.8540
0.8524
0.8670
0.8560
0.8750
0.8410
0.8566
0.8730
0.8630
0.8400
0.8510
0.8690
0.8550
0.8590
0.8610
0.8510
0.8690
0.8460
0.8640
0.8530
0.8610
0.8717
0.8600
0.8580
0.8530
0.8630
0.8593
0.8570
0.8700
0.8590
0.8510
0.8552
0.8590
0.8680
0.8790
0.8480
0.8331
0.8640
0.8550
0.8540
0.8550
0.8690
0.8670
0.8620
0.8540
0.8530
0.8593
0.8400
0.8500
0.8760
0.8610
0.8772
0.8820
0.8600
0.8410
0.8620
0.8552
0.8550
0.8710
0.8550
0.8610
0.8579
0.8710
0.8750
0.8520
0.8580
0.8331
0.8670
0.8580
0.8490
0.8530
0.8717
0.8470
0.8690
0.8650
0.8540
0.8607
0.8660
0.8620
0.8710
0.8390
0.8566
0.8560
0.8500
0.8620
0.8580
0.8731
0.8540
0.8670
0.8620
0.8670
0.8400
0.8500
0.8540
0.8690
0.8560
0.8703
0.8670
0.8440
0.8750
0.8580
0.8510
0.8440
0.8600
0.8630
0.8640
0.8676
0.8700
0.8480
0.8470
0.8650
0.8731
0.8590
0.8510
0.8630
0.8590
0.8676
0.8420
0.8530
0.8530
0.8770
0.8786
0.8700
0.8610
0.8560
0.8530
0.8579
0.8570
0.8520
0.8510
0.8670
0.8759
0.8590
0.8750
0.8450
0.8630
0.8552
0.8690
0.8610
0.8520
0.8680
0.8497
0.8640
0.8470
0.8560
0.8700
0.8690
0.8600
0.8570
0.8680
0.8650
0.8497
0.8670
0.8560
0.8480
0.8820
0.8483
0.8880
0.8590
0.8600
0.8530
0.8359
0.8600
0.8790
0.8480
0.8550
0.8593
0.8720
0.8590
0.8500
0.8640
0.8497
0.8560
0.8450
0.8700
0.8710
0.8538
0.8700
0.8600
0.8580
0.8530
0.8552
0.8670
0.8420
0.8640
0.8690
0.8552
0.8630
0.8560
0.8650
0.8630
0.8469
0.8590
0.8510
0.8700
0.8490
0.8717
0.8690
0.8550
0.8370
0.8850
0.8497
0.8640
0.8580
0.8750
0.8430
0.8579
0.8630
0.8520
0.8710
0.8510
0.8621
0.8640
0.8600
0.8560
0.8690
0.8455
0.8490
0.8570
0.8620
0.8550
0.8841
0.8580
0.8460
0.8580
0.8810
0.8593
0.8560
0.8520
0.8650
0.8650
0.8662
0.8590
0.8740
0.8610
0.8550
0.8524
0.8460
0.8540
0.8740
0.8610
0.8717
0.8590
0.8590
0.8780
0.8590
0.8428
0.8510
0.8770
0.8560
0.8520
0.8676
0.8390
0.8750
0.8610
0.8650
0.8593
0.8720
0.8600
0.8570
0.8610
0.8455
0.8680
0.8580
0.8460
0.8700
0.8593
0.8610
0.8550
0.8550
0.8620
0.8731
0.8670
0.8510
0.8570
0.8560
0.8759
0.8530
0.8650
0.8580
0.8650
0.8621
0.8620
0.8590
0.8570
0.8650
0.8566
0.8620
0.8660
0.8580
0.8490
0.8690
0.8570
0.8650
0.8660
0.8480
0.8690
0.8500
0.8730
0.8550
0.8650
0.8607
0.8830
0.8510
0.8440
0.8590
0.8676
0.8540
0.8670
0.8580
0.8560
0.8703
0.8550
0.8850
0.8390
0.8660
0.8579
0.8590
0.8430
0.8670
0.8600
0.8800
0.8600
0.8600
0.8610
0.8680
0.8538
0.8470
0.8680
0.8640
0.8570
0.8717
0.8600
0.8690
0.8650
0.8410
0.8745
0.8580
0.8580
0.8740
0.8660
0.8469
0.8400
0.8700
0.8620
0.8660
0.8731
0.8720
0.8540
0.8660
0.8690
0.8428
0.8730
0.8650
0.8520
0.8560
0.8648
0.8580
0.8610
0.8590
0.8690
0.8662
0.8690
0.8730
0.8410
0.8770
0.8483
0.8670
0.8680
0.8660
0.8480
0.8621
0.8590
0.8560
0.8690
0.8550
0.8745
0.8730
0.8680
0.8660
0.8440
0.8593
0.8510
0.8700
0.8700
0.8600
0.8607
0.8340
0.8760
0.8820
0.8570
0.8648
0.8770
0.8750
0.8460
0.8600
0.8524
0.8630
0.8670
0.8680
0.8470
0.8717
0.8470
0.8540
0.8740
0.8710
0.8731
0.8720
0.8740
0.8460
0.8600
0.8634
0.8400
0.8890
0.8540
0.8570
0.8786
0.8770
0.8560
0.8460
0.8600
0.8772
0.8700
0.8640
0.8600
0.8590
0.8579
0.8790
0.8700
0.8580
0.8590
0.8400
0.8680
0.8780
0.8590
0.8610
0.8400
0.8560
0.8620
0.8710
0.8700
0.8497
0.8640
0.8610
0.8580
0.8580
0.8731
0.8530
0.8680
0.8840
0.8480
0.8566
0.8730
0.8800
0.8590
0.8590
0.8345
0.8400
0.8610
0.8690
0.8740
0.8717
0.8670
0.8780
0.8520
0.8630
0.8497
0.8640
0.8560
0.8700
0.8700
0.8497
0.8460
0.8640
0.8610
0.8830
0.8579
0.8510
0.8720
0.8690
0.8670
0.8524
0.8570
0.8550
0.8720
0.8660
0.8676
0.8500
0.8730
0.8680
0.8670
0.8579
0.8460
0.8750
0.8740
0.8670
0.8483
0.8660
0.8630
0.8670
0.8610
0.8552
0.8650
0.8590
0.8710
0.8610
0.8510
0.8570
0.8620
0.8670
0.8520
0.8759
0.8700
0.8640
0.8510
0.8680
0.8552
0.8640
0.8580
0.8660
0.8650
0.8552
0.8540
0.8550
0.8690
0.8650
0.8690
0.8660
0.8490
0.8680
0.8540
0.8814
0.8640
0.8570
0.8580
0.8730
0.8648
0.8770
0.8510
0.8730
0.8600
0.8524
0.8560
0.8710
0.8670
0.8480
0.8786
0.8570
0.8740
0.8640
0.8540
0.8662
0.8630
0.8680
0.8580
0.8610
0.8648
0.8690
0.8680
0.8580
0.8620
0.8524
0.8630
0.8700
0.8480
0.8740
0.8552
0.8610
0.8540
0.8620
0.8670
0.8717
0.8460
0.8660
0.8770
0.8510
0.8759
0.8740
0.8620
0.8510
0.8630
0.8607
0.8750
0.8670
0.8480
0.8560
0.8676
0.8540
0.8730
0.8590
0.8720
0.8524
0.8490
0.8670
0.8690
0.8580
0.8731
0.8510
0.8690
0.8740
0.8520
0.8717
0.8550
0.8640
0.8530
0.8590
0.8924
0.8600
0.8660
0.8590
0.8660
0.8648
0.8650
0.8650
0.8780
0.8520
0.8538
0.8640
0.8750
0.8600
0.8630
0.8510
0.8740
0.8530
0.8630
0.8680
0.8566
0.8860
0.8530
0.8580
0.8760
0.8400
0.8450
0.8620
0.8700
0.8680
0.8772
0.8710
0.8740
0.8490
0.8520
0.8717
0.8520
0.8540
0.8740
0.8620
0.8772
0.8580
0.8860
0.8680
0.8390
0.8662
0.8660
0.8660
0.8700
0.8540
0.8621
0.8660
0.8600
0.8660
0.8480
0.8841
0.8780
0.8660
0.8440
0.8600
0.8717
0.8610
0.8700
0.8600
0.8670
0.8566
0.8440
0.8860
0.8610
0.8560
0.8717
0.8700
0.8540
0.8590
0.8570
0.8800
0.8620
0.8600
0.8790
0.8520
0.8607
0.8630
0.8620
0.8420
0.8740
0.8772
0.8520
0.8790
0.8470
0.8550
0.8897
0.8670
0.8570
0.8570
0.8720
0.8648
0.8720
0.8630
0.8600
0.8600
0.8648
0.8470
0.8770
0.8900
0.8590
0.8441
0.8670
0.8480
0.8670
0.8670
0.8814
0.8590
0.8650
0.8690
0.8730
0.8566
0.8690
0.8610
0.8730
0.8710
0.8428
0.8660
0.8630
0.8770
0.8600
0.8552
0.8670
0.8610
0.8630
0.8560
0.8814
0.8700
0.8730
0.8700
0.8460
0.8648
0.8710
0.8880
0.8610
0.8440
0.8593
0.8780
0.8590
0.8510
0.8870
0.8414
0.8710
0.8580
0.8650
0.8780
0.8455
0.8680
0.8620
0.8730
0.8600
0.8579
0.8630
0.8560
0.8650
0.8640
0.8786
0.8530
0.8740
0.8640
0.8620
0.8717
0.8710
0.8550
0.8700
0.8750
0.8469
0.8750
0.8610
0.8630
0.8610
0.8662
0.8800
0.8730
0.8550
0.8690
0.8400
0.8730
0.8700
0.8430
0.8680
0.8717
0.8700
0.8580
0.8670
0.8610
0.8676
0.8450
0.8470
0.8600
0.8950
0.8800
0.8650
0.8680
0.8790
0.8520
0.8579
0.8690
0.8610
0.8600
0.8680
0.8648
0.8650
0.8600
0.8770
0.8720
0.8414
0.8530
0.8740
0.8660
0.8700
0.8566
0.8780
0.8550
0.8610
0.8740
0.8469
0.8650
0.8450
0.8640
0.8690
0.8814
0.8700
0.8680
0.8580
0.8550
0.8745
0.8540
0.8560
0.8640
0.8720
0.8814
0.8620
0.8580
0.8670
0.8650
0.8731
0.8700
0.8670
0.8670
0.8730
0.8400
0.8680
0.8690
0.8760
0.8560
0.8510
0.8430
0.8780
0.8640
0.8660
0.8759
0.8610
0.8640
0.8760
0.8610
0.8607
0.8640
0.8660
0.8750
0.8520
0.8690
0.8780
0.8560
0.8600
0.8730
0.8579
0.8670
0.8620
0.8630
0.8870
0.8400
0.8670
0.8610
0.8600
0.8720
0.8662
0.8730
0.8620
0.8740
0.8680
0.8400
0.8730
0.8520
0.8660
0.8560
0.8786
0.8620
0.8650
0.8550
0.8760
0.8621
0.8650
0.8460
0.8750
0.8610
0.8772
0.8690
0.8660
0.8610
0.8630
0.8634
0.8520
0.8690
0.8590
0.8810
0.8607
0.8740
0.8750
0.8590
0.8430
0.8772
0.8630
0.8710
0.8550
0.8610
0.8814
0.8710
0.8490
0.8620
0.8880
0.8579
0.8720
0.8760
0.8640
0.8680
0.8455
0.8600
0.8710
0.8630
0.8680
0.8690
0.8460
0.8700
0.8830
0.8720
0.8566
0.8560
0.8550
0.8880
0.8590
0.8772
0.8750
0.8650
0.8510
0.8760
0.8648
0.8620
0.8750
0.8530
0.8690
0.8676
0.8650
0.8520
0.8540
0.8920
0.8607
0.8570
0.8540
0.8720
0.8740
0.8676
0.8520
0.8560
0.8930
0.8570
0.8662
0.8770
0.8740
0.8350
0.8800
0.8538
0.8600
0.8690
0.8630
0.8620
0.8703
0.8550
0.8550
0.8760
0.8700
0.8648
0.8690
0.8640
0.8560
0.8450
0.8966
0.8700
0.8700
0.8510
0.8640
0.8690
0.8510
0.8670
0.8650
0.8610
0.8841
0.8620
0.8660
0.8710
0.8540
0.8731
0.8660
0.8680
0.8610
0.8710
0.8579
0.8740
0.8610
0.8700
0.8530
0.8676
0.8690
0.8650
0.8580
0.8930
0.8303
0.8580
0.8470
0.8700
0.8770
0.8717
0.8830
0.8580
0.8560
0.8540
0.8731
0.8420
0.8550
0.8610
0.8890
0.8772
0.8720
0.8650
0.8510
0.8650
0.8690
0.8730
0.8730
0.8370
0.8630
0.8800
0.8590
0.8710
0.8660
0.8590
0.8648
0.8710
0.8450
0.8830
0.8710
0.8455
0.8630
0.8570
0.8640
0.8590
0.8828
0.8740
0.8540
0.8570
0.8720
0.8648
0.8660
0.8640
0.8490
0.8720
0.8731
0.8660
0.8600
0.8670
0.8660
0.8607
0.8560
0.8720
0.8630
0.8610
0.8717
0.8580
0.8440
0.8560
0.8880
0.8786
0.8690
0.8680
0.8630
0.8610
0.8607
0.8470
0.8490
0.8590
0.8850
0.8938
0.8690
0.8740
0.8450
0.8780
0.8676
0.8510
0.8770
0.8550
0.8760
0.8772
0.8680
0.8870
0.8550
0.8630
0.8593
0.8650
0.8710
0.8640
0.8750
0.8566
0.8710
0.8450
0.8710
0.8860
0.8579
0.8780
0.8680
0.8570
0.8580
0.8745
0.8670
0.8750
0.8630
0.8620
0.8676
0.8610
0.8340
0.8890
0.8830
0.8690
0.8700
0.8760
0.8470
0.8720
0.8717
0.8650
0.8790
0.8580
0.8770
0.8510
0.8570
0.8710
0.8650
0.8770
0.8634
0.8740
0.8490
0.8710
0.8760
0.8621
0.8420
0.8810
0.8630
0.8730
0.8731
0.8610
0.8680
0.8740
0.8610
0.8676
0.8440
0.8800
0.8670
0.8670
0.8772
0.8610
0.8810
0.8630
0.8720
0.8552
0.8520
0.8710
0.8830
0.8560
0.8745
0.8730
0.8630
0.8680
0.8570
0.8745
0.8740
0.8770
0.8580
0.8740
0.8469
0.8620
0.8800
0.8710
0.8580
0.8676
0.8710
0.8730
0.8570
0.8580
0.8828
0.8690
0.8750
0.8510
0.8740
0.8690
0.8790
0.8590
0.8840
0.8450
0.8703
0.8510
0.8780
0.8610
0.8750
0.8745
0.8740
0.8690
0.8530
0.8500
0.9021
0.8510
0.8750
0.8740
0.8700
0.8676
0.8740
0.8540
0.8630
0.8700
0.8772
0.8530
0.8790
0.8790
0.8630
0.8593
0.8640
0.8730
0.8720
0.8660
0.8579
0.8930
0.8650
0.8420
0.8650
0.8717
0.8570
0.8740
0.8630
0.8600
0.8869
0.8640
0.8700
0.8610
0.8710
0.8676
0.8670
0.8670
0.8660
0.8620
0.8745
0.8660
0.8580
0.8780
0.8710
0.8566
0.8720
0.8620
0.8630
0.8640
0.8731
0.8590
0.8600
0.8630
0.8700
0.8841
0.8600
0.8750
0.8550
0.8800
0.8648
0.8730
0.8590
0.8710
0.8610
0.8759
0.8620
0.8530
0.8560
0.8750
0.9021
0.8690
0.8720
0.8650
0.8780
0.8510
0.8660
0.8740
0.8890
0.8660
0.8386
0.8620
0.8560
0.8780
0.8700
0.8772
0.8620
0.8620
0.8650
0.8790
0.8745
0.8790
0.8550
0.8730
0.8540
0.8828
0.8640
0.8720
0.8680
0.8590
0.8786
0.8790
0.8600
0.8650
0.8750
0.8566
0.8600
0.8650
0.8730
0.8590
0.8869
0.8790
0.8540
0.8770
0.8680
0.8566
0.8570
0.8780
0.8690
0.8710
0.8579
0.8620
0.8680
0.8780
0.8610
0.8648
0.8560
0.8890
0.8830
0.8370
0.8648
0.8770
0.8600
0.8450
0.8760
0.8731
0.8650
0.8550
0.8690
0.8770
0.8607
0.8730
0.8700
0.8570
0.8580
0.8703
0.8710
0.8610
0.8720
0.8590
0.8703
0.8670
0.8620
0.8700
0.8760
0.8593
0.8700
0.8620
0.8730
0.8710
0.8579
0.8780
0.8620
0.8630
0.8650
0.8703
0.8930
0.8470
0.8630
0.8670
0.8690
0.8560
0.8750
0.8710
0.8640
0.8745
0.8790
0.8740
0.8550
0.8570
0.8772
0.8670
0.8570
0.8770
0.8630
0.8772
0.8610
0.8730
0.8750
0.8590
0.8717
0.8800
0.8660
0.8690
0.8470
0.8800
0.8660
0.8650
0.8630
0.8690
0.8800
0.8560
0.8800
0.8740
0.8730
0.8538
0.8570
0.8840
0.8650
0.8700
0.8621
0.8730
0.8760
0.8530
0.8600
0.8814
0.8820
0.8820
0.8630
0.8560
0.8510
0.8590
0.8640
0.8700
0.8670
0.8800
0.8670
0.8630
0.8530
0.8770
0.8800
0.8830
0.8550
0.8600
0.8690
0.8703
0.8610
0.8650
0.8820
0.8570
0.8731
0.8620
0.8760
0.8760
0.8750
0.8372
0.8780
0.8790
0.8640
0.8580
0.8510
0.8750
0.8810
0.8570
0.8590
0.8676
0.8770
0.8670
0.8690
0.8530
0.8814
0.8620
0.8820
0.8670
0.8670
0.8690
0.8660
0.8610
0.8860
0.8760
0.8524
0.8480
0.8790
0.8610
0.8850
0.8731
0.8620
0.8710
0.8650
0.8720
0.8759
0.8670
0.8600
0.8700
0.8700
0.8759
0.8660
0.8700
0.8820
0.8570
0.8634
0.8890
0.8730
0.8570
0.8660
0.8441
0.8520
0.8790
0.8570
0.8750
0.8731
0.8590
0.8620
0.8710
0.8770
0.8634
0.8610
0.8730
0.8530
0.8780
0.8676
0.8670
0.8500
0.8700
0.8800
0.8662
0.8720
0.8620
0.8630
0.8660
0.8703
0.8670
0.8640
0.8770
0.8470
0.8800
0.8580
0.8790
0.8610
0.8580
0.8786
0.8680
0.8770
0.8620
0.8690
0.8524
0.8730
0.8620
0.8760
0.8620
0.8566
0.8700
0.8550
0.8620
0.8770
0.8690
0.8700
0.8620
0.8780
0.8560
0.8676
0.8580
0.8730
0.8600
0.8770
0.8648
0.8540
0.8530
0.8880
0.8660
0.8759
0.8680
0.8740
0.8740
0.8550
0.8607
0.8450
0.8700
0.8580
0.8890
0.8731
0.8590
0.8810
0.8490
0.8800
0.8703
0.8660
0.8750
0.8640
0.8680
0.8676
0.8800
0.8680
0.8720
0.8580
0.8634
0.8970
0.8550
0.8660
0.8550
0.8731
0.8470
0.8800
0.8770
0.8640
0.8800
0.8640
0.8670
0.8740
0.8680
0.8745
0.8710
0.8700
0.8730
0.8680
0.8648
0.8690
0.8700
0.8620
0.8800
0.8662
0.8600
0.8740
0.8740
0.8740
0.8621
0.8570
0.8770
0.8630
0.8690
0.8855
0.8840
0.8600
0.8700
0.8600
0.8759
0.8750
0.8760
0.8680
0.8570
0.8717
0.8640
0.8770
0.8590
0.8630
0.8883
0.8630
0.8780
0.8760
0.8680
0.8566
0.8640
0.8580
0.8710
0.8860
0.8662
0.8770
0.8630
0.8740
0.8650
0.8662
0.8730
0.8590
0.8880
0.8630
0.8593
0.8870
0.8630
0.8640
0.8640
0.8648
0.8700
0.8510
0.8900
0.8680
0.8634
0.8590
0.8640
0.8840
0.8480
0.8966
0.8740
0.8670
0.8620
0.8690
0.8731
0.8760
0.8690
0.8570
0.8830
0.8552
0.8830
0.8560
0.8600
0.8800
0.8634
0.8690
0.8640
0.8710
0.8620
0.8814
0.8670
0.8720
0.8650
0.8640
0.8772
0.8740
0.8730
0.8610
0.8730
0.8593
0.8650
0.8840
0.8660
0.8510
0.8828
0.8730
0.8690
0.8640
0.8680
0.8786
0.8590
0.8680
0.8820
0.8770
0.8634
0.8780
0.8660
0.8640
0.8720
0.8717
0.8810
0.8540
0.8620
0.8790
0.8772
0.8880
0.8600
0.8760
0.8620
0.8634
0.8660
0.8750
0.8710
0.8780
0.8593
0.8730
0.8810
0.8660
0.8710
0.8593
0.8650
0.8770
0.8780
0.8580
0.8772
0.8780
0.8600
0.8570
0.8810
0.8800
0.8670
0.8750
0.8630
0.8730
0.8745
0.8750
0.8750
0.8660
0.8650
0.8703
0.8600
0.8610
0.8770
0.8890
0.8579
0.8900
0.8700
0.8640
0.8660
0.8538
0.8650
0.8630
0.8660
0.8780
0.8772
0.8560
0.8850
0.8680
0.8710
0.8648
0.8780
0.8720
0.8620
0.8700
0.8621
0.8560
0.8720
0.8890
0.8570
0.8717
0.8650
0.8610
0.8820
0.8630
0.8745
0.8670
0.8750
0.8810
0.8610
0.8552
0.8720
0.8640
0.8770
0.8470
0.8883
0.8470
0.8680
0.8670
0.8900
0.8703
0.8800
0.8670
0.8720
0.8620
0.8593
0.8780
0.8560
0.8690
0.8740
0.8662
0.8610
0.8740
0.8700
0.8680
0.8717
0.8820
0.8520
0.8660
0.8760
0.8703
0.8680
0.8570
0.8820
0.8790
0.8607
0.8720
0.8720
0.8730
0.8580
0.8772
0.8620
0.8740
0.8640
0.8680
0.8869
0.8560
0.8700
0.8910
0.8700
0.8621
0.8580
0.8700
0.8790
0.8750
0.8676
0.8700
0.8940
0.8520
0.8610
0.8731
0.8690
0.8640
0.8760
0.8620
0.8814
0.8630
0.8590
0.8780
0.8700
0.8841
0.8640
0.8740
0.8850
0.8640
0.8593
0.8870
0.8570
0.8610
0.8780
0.8648
0.8650
0.8820
0.8620
0.8740
0.8634
0.8700
0.8630
0.8790
0.8610
0.8759
0.8490
0.8660
0.8720
0.8800
0.8841
0.8630
0.8660
0.8770
0.8790
0.8579
0.8600
0.8710
0.8880
0.8550
0.8745
0.8550
0.8860
0.8550
0.8770
0.8772
0.8700
0.8770
0.8710
0.8580
0.8717
0.8800
0.8730
0.8760
0.8630
0.8497
0.8600
0.8760
0.8710
0.8650
0.8772
0.8740
0.8590
0.8820
0.8510
0.8855
0.8640
0.8590
0.8890
0.8740
0.8566
0.8620
0.8710
0.8880
0.8580
0.8662
0.8840
0.8750
0.8400
0.8710
0.8786
0.8550
0.8790
0.8640
0.8820
0.8662
0.8620
0.8790
0.8740
0.8570
0.8800
0.8850
0.8630
0.8670
0.8680
0.8676
0.8660
0.8880
0.8750
0.8670
0.8510
0.8590
0.8720
0.8790
0.8760
0.8662
0.8670
0.8640
0.8730
0.8710
0.8841
0.8620
0.8910
0.8640
0.8730
0.8634
0.8690
0.8770
0.8650
0.8760
0.8676
0.8780
0.8780
0.8730
0.8700
0.8510
0.8640
0.8750
0.8760
0.8710
0.8703
0.8680
0.8820
0.8630
0.8680
0.8772
0.8720
0.8970
0.8550
0.8710
0.8579
0.8660
0.8820
0.8790
0.8500
0.8828
0.8600
0.8630
0.8720
0.8890
0.8703
0.8680
0.8970
0.8650
0.8660
0.8538
0.8850
0.8680
0.8650
0.8660
0.8703
0.8560
0.8680
0.8730
0.8760
0.8814
0.8790
0.8740
0.8630
0.8580
0.8772
0.8800
0.8640
0.8790
0.8600
0.8634
0.8730
0.8660
0.8780
0.8610
0.8703
0.8710
0.8910
0.8660
0.8590
0.8579
0.8440
0.8840
0.8760
0.8700
0.8759
0.8690
0.8600
0.8880
0.8590
0.8745
0.8830
0.8780
0.8640
0.8590
0.8648
0.8640
0.8800
0.8810
0.8610
0.8621
0.8590
0.8770
0.8710
0.8660
0.8800
0.8570
0.8880
0.8550
0.8710
0.8855
0.8590
0.8760
0.8630
0.8850
0.8717
0.8560
0.8710
0.8700
0.8790
0.8800
0.8500
0.8700
0.8680
0.8890
0.8786
0.8630
0.8880
0.8720
0.8780
0.8469
0.8680
0.8590
0.8810
0.8800
0.8703
0.8780
0.8530
0.8710
0.8780
0.8786
0.8610
0.8660
0.8820
0.8750
0.8772
0.8800
0.8690
0.8740
0.8740
0.8607
0.8660
0.8750
0.8820
0.8560
0.8800
0.8800
0.8660
0.8640
0.8720
0.8703
0.8800
0.8680
0.8630
0.8790
0.8566
0.8640
0.8780
0.8690
0.8610
0.8800
0.8740
0.8740
0.8660
0.8640
0.8717
0.8720
0.8680
0.8810
0.8780
0.8428
0.8640
0.8720
0.8800
0.8770
0.8524
0.8720
0.8490
0.8740
0.8830
0.8731
0.8930
0.8650
0.8580
0.8710
0.8579
0.8670
0.8630
0.8790
0.8610
0.8800
0.8790
0.8580
0.8690
0.8670
0.8731
0.8510
0.8780
0.8720
0.8690
0.8786
0.8800
0.8640
0.8660
0.8630
0.8759
0.8740
0.8660
0.8580
0.8750
0.8759
0.8710
0.8740
0.8800
0.8490
0.8772
0.8740
0.8540
0.8830
0.8800
0.8538
0.8630
0.8750
0.8770
0.8660
0.8676
0.8850
0.8680
0.8720
0.8500
0.8759
0.8730
0.8680
0.8750
0.8560
0.8800
0.8660
0.8800
0.8590
0.8560
0.8952
0.8650
0.8620
0.8620
0.8760
0.8897
0.8790
0.8630
0.8850
0.8780
0.8345
0.8710
0.8760
0.8700
0.8710
0.8566
0.8680
0.8690
0.8870
0.8550
0.8676
0.8620
0.8620
0.8580
0.8840
0.8855
0.8700
0.8610
0.8700
0.8900
0.8524
0.8790
0.8630
0.8510
0.8730
0.8869
0.8780
0.8610
0.8800
0.8620
0.8703
0.8730
0.8920
0.8580
0.8740
0.8552
0.8640
0.8770
0.8630
0.8820
0.8676
0.8610
0.8770
0.8760
0.8690
0.8717
0.8740
0.8680
0.8900
0.8450
0.8869
0.8770
0.8650
0.8840
0.8640
0.8703
0.8650
0.8800
0.8760
0.8740
0.8621
0.8610
0.8870
0.8670
0.8770
0.8676
0.8750
0.8650
0.8640
0.8700
0.8883
0.8820
0.8750
0.8590
0.8680
0.8717
0.8670
0.8660
0.8840
0.8570
0.8869
0.8650
0.8740
0.8770
0.8710
0.8690
0.8830
0.8800
0.8740
0.8530
0.8634
0.8610
0.8790
0.8700
0.8710
0.8759
0.8610
0.8730
0.8810
0.8780
0.8593
0.8560
0.8790
0.8810
0.8880
0.8441
0.8620
0.8760
0.8620
0.8830
0.8717
0.8670
0.8650
0.8810
0.8780
0.8593
0.8810
0.8620
0.8700
0.8760
0.8621
0.8620
0.8750
0.8690
0.8800
0.8648
0.8810
0.8740
0.8760
0.8470
0.8759
0.8690
0.8780
0.8810
0.8560
0.8676
0.8610
0.8700
0.8890
0.8650
0.8676
0.8750
0.8770
0.8560
0.8760
0.8690
0.8750
0.8860
0.8600
0.8700
0.8621
0.8760
0.8610
0.8770
0.8740
0.8648
0.8760
0.8740
0.8750
0.8520
0.8786
0.8640
0.8640
0.8890
0.8760
0.8552
0.8660
0.8790
0.8790
0.8690
0.8538
0.8550
0.8790
0.8800
0.8680
0.8703
0.8810
0.8750
0.8730
0.8630
0.8552
0.8840
0.8580
0.8720
0.8670
0.8690
0.8840
0.8650
0.8690
0.8670
0.8634
0.8740
0.8800
0.8690
0.8730
0.8483
0.8590
0.8770
0.8790
0.8580
0.8800
0.8770
0.8640
0.8760
0.8690
0.8621
0.8560
0.8630
0.8790
0.8860
0.8648
0.8760
0.8750
0.8720
0.8720
0.8579
0.8740
0.8620
0.8880
0.8490
0.8938
0.8720
0.8670
0.8720
0.8740
0.8855
0.8680
0.8800
0.8740
0.8840
0.8662
0.8880
0.8680
0.8720
0.8740
0.8759
0.8870
0.8670
0.8630
0.8930
0.8690
0.8770
0.8930
0.8740
0.8760
0.8593
0.8690
0.8810
0.8590
0.8840
0.8993
0.8630
0.8760
0.8780
0.8790
0.8979
0.8820
0.8820
0.8810
0.8900
0.8538
0.8810
0.8740
0.9000
0.8600
0.8841
0.8800
0.8760
0.8900
0.8690
0.8841
0.9000
0.8650
0.8930
0.8860
0.8497
0.8740
0.8750
0.8810
0.8920
0.8841
0.8830
0.8880
0.8840
0.8800
0.8648
0.8980
0.8890
0.8740
0.8710
0.8703
0.8750
0.8910
0.8800
0.8780
0.8814
0.8900
0.8690
0.8920
0.8700
0.8855
0.8730
0.8840
0.8930
0.8840
0.8703
0.8830
0.8760
0.8790
0.8930
0.8717
0.8850
0.8890
0.8640
0.8910
0.8772
0.8700
0.8820
0.8970
0.8730
0.8897
0.8850
0.8840
0.8800
0.8820
0.8745
0.8740
0.8730
0.8720
0.8970
0.8924
0.8870
0.8820
0.8800
0.8770
0.8772
0.8930
0.8900
0.8700
0.8670
0.8883
0.8700
0.8950
0.8790
0.8880
0.8717
0.8820
0.8910
0.8740
0.8740
0.8883
0.8940
0.8900
0.8730
0.8650
0.8897
0.8830
0.8910
0.8900
0.8860
0.8510
0.8800
0.8830
0.8870
0.8890
0.8676
0.8820
0.8670
0.8890
0.8900
0.8828
0.8880
0.8790
0.8920
0.8840
0.8621
0.8720
0.8910
0.8900
0.8750
0.8828
0.8950
0.8700
0.8820
0.8890
0.8731
0.8830
0.8900
0.8710
0.8910
0.8772
0.8910
0.8710
0.8910
0.8800
0.8759
0.8760
0.8780
0.9020
0.8770
0.8786
0.8600
0.8970
0.8900
0.8830
0.8828
0.8860
0.8950
0.8720
0.8820
0.8772
0.8830
0.8860
0.8780
0.8790
0.8897
0.8850
0.8960
0.8970
0.8530
0.8786
0.8780
0.8770
0.8870
0.8910
0.8745
0.8810
0.8800
0.8820
0.8920
0.8703
0.8800
0.8710
0.8740
0.9010
0.8814
0.8690
0.8860
0.8730
0.8910
0.8897
0.8600
0.8910
0.8900
0.8820
0.8828
0.8690
0.8770
0.8770
0.8930
0.8938
0.8890
0.8820
0.8860
0.8690
0.8800
0.8890
0.8660
0.8870
0.8850
0.8772
0.8800
0.8810
0.8740
0.8750
0.8966
0.8720
0.8710
0.8760
0.9010
0.8814
0.8730
0.8820
0.8730
0.8900
0.8814
0.8740
0.8780
0.8900
0.8870
0.8662
0.8810
0.8870
0.8870
0.8660
0.8772
0.8990
0.8600
0.8790
0.8750
0.8883
0.8770
0.8740
0.8880
0.8740
0.8883
0.8800
0.8770
0.8830
0.8910
0.8621
0.8900
0.8900
0.8810
0.8700
0.8607
0.8910
0.8590
0.8770
0.8790
0.8952
0.8750
0.8750
0.8880
0.8730
0.8869
0.8770
0.8870
0.8660
0.8770
0.8924
0.8870
0.8720
0.8880
0.8850
0.8593
0.8730
0.8930
0.8820
0.8730
0.8759
0.8730
0.8680
0.8820
0.8960
0.8772
0.8700
0.9010
0.8790
0.8740
0.8690
0.8780
0.8620
0.8930
0.8800
0.8828
0.8830
0.8780
0.8760
0.8800
0.8772
0.8810
0.8740
0.8810
0.8840
0.8703
0.8780
0.8770
0.8760
0.8680
0.8993
0.8970
0.8880
0.8720
0.8690
0.8648
0.8840
0.8760
0.8760
0.8800
0.8772
0.8870
0.8720
0.8680
0.8780
0.8924
0.8820
0.8720
0.8890
0.8880
0.8552
0.8710
0.8630
0.8920
0.8850
0.8841
0.8840
0.8730
0.8690
0.8900
0.8786
0.8830
0.8830
0.8760
0.8820
0.8662
0.8700
0.8690
0.8780
0.8810
0.9021
0.8830
0.8880
0.8750
0.8700
0.8745
0.8690
0.8790
0.8720
0.8850
0.8897
0.8780
0.8800
0.8810
0.8800
0.8703
0.8840
0.8840
0.8740
0.8630
0.8897
0.8740
0.8750
0.8990
0.8700
0.8717
0.8810
0.8630
0.8660
0.8870
0.9007
0.8620
0.8710
0.8870
0.8920
0.8828
0.8790
0.8680
0.8950
0.8730
0.8772
0.8690
0.8880
0.8870
0.8760
0.8717
0.8980
0.8800
0.8810
0.8590
0.8745
0.8740
0.8940
0.8880
0.8730
0.8579
0.8940
0.8650
0.8750
0.8710
0.8910
0.8650
0.8860
0.8860
0.8890
0.8621
0.8830
0.8830
0.8720
0.8830
0.8690
0.8760
0.8880
0.8710
0.8810
0.8772
0.8760
0.8800
0.8750
0.8780
0.8883
0.8760
0.8890
0.8780
0.8670
0.8869
0.8870
0.8740
0.8770
0.8700
0.8897
0.8750
0.8790
0.8730
0.8890
0.8759
0.8820
0.8740
0.8850
0.8680
0.8841
0.8620
0.8940
0.8670
0.8930
0.8731
0.8850
0.8820
0.8850
0.8550
0.8883
0.8800
0.8650
0.8880
0.8810
0.8800
0.8670
0.8870
0.8900
0.8760
0.8717
0.8850
0.8800
0.8800
0.8710
0.8786
0.8640
0.9030
0.8830
0.8610
0.8855
0.8650
0.8770
0.8730
0.8910
0.8910
0.8970
0.8750
0.8620
0.8800
0.8786
0.8740
0.8900
0.8820
0.8710
0.8745
0.8670
0.8880
0.8750
0.8720
0.8952
0.8920
0.8650
0.8970
0.8630
0.8745
0.8700
0.8790
0.8730
0.8940
0.8759
0.8840
0.8790
0.8840
0.8760
0.8662
0.8730
0.8770
0.8900
0.8630
0.8938
0.8750
0.8710
0.8820
0.8920
0.8703
