2.298828
2.298828
2.297805
2.297805
2.298682
2.298682
2.298024
2.298024
2.301844
2.301844
2.299222
2.299222
2.296878
2.296878
2.295892
2.295892
2.296428
2.296428
2.293582
2.293582
2.294045
2.294045
2.294131
2.294131
2.292956
2.292956
2.292513
2.292513
2.290318
2.290318
2.291677
2.291677
2.288097
2.288097
2.286707
2.286707
2.287018
2.287018
2.288136
2.288136
2.283713
2.283713
2.285807
2.285807
2.281971
2.281971
2.283653
2.283653
2.279504
2.279504
2.280059
2.280059
2.278412
2.278412
2.278985
2.278985
2.276325
2.276325
2.272677
2.272677
2.272442
2.272442
2.275696
2.275696
2.270172
2.270172
2.270529
2.270529
2.269640
2.269640
2.268067
2.268067
2.267499
2.267499
2.266235
2.266235
2.262319
2.262319
2.265660
2.265660
2.260788
2.260788
2.261565
2.261565
2.259828
2.259828
2.258036
2.258036
2.259702
2.259702
2.254726
2.254726
2.253308
2.253308
2.254649
2.254649
2.253966
2.253966
2.252075
2.252075
2.247405
2.247405
2.249938
2.249938
2.245976
2.245976
2.248567
2.248567
2.244308
2.244308
2.245325
2.245325
2.241233
2.241233
2.242461
2.242461
2.235624
2.235624
2.236551
2.236551
2.234365
2.234365
2.232097
2.232097
2.236618
2.236618
2.230585
2.230585
2.229690
2.229690
2.230099
2.230099
2.225720
2.225720
2.224944
2.224944
2.220581
2.220581
2.218344
2.218344
2.223216
2.223216
2.213259
2.213259
2.214449
2.214449
2.210141
2.210141
2.211470
2.211470
2.203748
2.203748
2.206173
2.206173
2.205020
2.205020
2.205438
2.205438
2.198435
2.198435
2.197841
2.197841
2.201742
2.201742
2.187517
2.187517
2.188871
2.188871
2.182768
2.182768
2.182312
2.182312
2.181762
2.181762
2.182050
2.182050
2.179068
2.179068
2.169489
2.169489
2.176466
2.176466
2.159321
2.159321
2.167185
2.167185
2.169016
2.169016
2.152954
2.152954
2.158030
2.158030
2.154810
2.154810
2.147480
2.147480
2.147816
2.147816
2.145613
2.145613
2.139493
2.139493
2.139281
2.139281
2.132942
2.132942
2.133728
2.133728
2.131130
2.131130
2.125078
2.125078
2.120179
2.120179
2.117860
2.117860
2.122016
2.122016
2.109227
2.109227
2.109862
2.109862
2.099693
2.099693
2.102537
2.102537
2.100943
2.100943
2.100392
2.100392
2.095040
2.095040
2.083029
2.083029
2.084765
2.084765
2.082210
2.082210
2.084764
2.084764
2.075840
2.075840
2.072835
2.072835
2.067594
2.067594
2.065376
2.065376
2.062070
2.062070
2.056014
2.056014
2.055969
2.055969
2.054880
2.054880
2.045501
2.045501
2.047789
2.047789
2.047737
2.047737
2.031064
2.031064
2.036993
2.036993
2.040372
2.040372
2.016916
2.016916
2.032946
2.032946
2.010386
2.010386
2.023585
2.023585
2.018448
2.018448
2.007767
2.007767
2.000518
2.000518
2.008837
2.008837
2.007635
2.007635
1.998527
1.998527
1.998471
1.998471
1.990293
1.990293
1.992082
1.992082
1.982556
1.982556
1.987898
1.987898
1.981287
1.981287
1.982803
1.982803
1.976618
1.976618
1.968346
1.968346
1.966650
1.966650
1.961187
1.961187
1.965487
1.965487
1.950392
1.950392
1.953633
1.953633
1.955506
1.955506
1.958371
1.958371
1.947372
1.947372
1.942106
1.942106
1.945725
1.945725
1.927362
1.927362
1.947878
1.947878
1.945109
1.945109
1.927863
1.927863
1.919094
1.919094
1.923868
1.923868
1.918604
1.918604
1.911274
1.911274
1.920884
1.920884
1.923960
1.923960
1.906665
1.906665
1.901862
1.901862
1.899655
1.899655
1.907986
1.907986
1.904209
1.904209
1.898267
1.898267
1.887676
1.887676
1.901190
1.901190
1.891104
1.891104
1.883953
1.883953
1.870474
1.870474
1.892662
1.892662
1.879560
1.879560
1.871471
1.871471
1.876015
1.876015
1.872821
1.872821
1.878409
1.878409
1.863081
1.863081
1.876396
1.876396
1.861504
1.861504
1.863199
1.863199
1.852291
1.852291
1.854876
1.854876
1.853509
1.853509
1.846573
1.846573
1.848597
1.848597
1.864248
1.864248
1.854212
1.854212
1.835300
1.835300
1.840592
1.840592
1.839174
1.839174
1.843224
1.843224
1.836465
1.836465
1.839355
1.839355
1.834691
1.834691
1.821484
1.821484
1.829778
1.829778
1.824482
1.824482
1.818930
1.818930
1.825705
1.825705
1.830867
1.830867
1.812891
1.812891
1.817981
1.817981
1.809971
1.809971
1.819989
1.819989
1.813275
1.813275
1.807693
1.807693
1.819024
1.819024
1.794451
1.794451
1.808325
1.808325
1.801382
1.801382
1.804915
1.804915
1.789141
1.789141
1.805466
1.805466
1.796349
1.796349
1.789975
1.789975
1.812357
1.812357
1.791364
1.791364
1.789750
1.789750
1.785509
1.785509
1.793378
1.793378
1.795599
1.795599
1.793584
1.793584
1.795623
1.795623
1.777009
1.777009
1.774568
1.774568
1.780640
1.780640
1.793195
1.793195
1.780331
1.780331
1.777500
1.777500
1.765610
1.765610
1.776061
1.776061
1.770463
1.770463
1.763633
1.763633
1.781212
1.781212
1.781436
1.781436
1.767415
1.767415
1.767634
1.767634
1.770638
1.770638
1.760438
1.760438
1.769991
1.769991
1.770658
1.770658
1.767684
1.767684
1.762123
1.762123
1.765569
1.765569
1.761147
1.761147
1.753699
1.753699
1.769503
1.769503
1.742087
1.742087
1.752319
1.752319
1.763132
1.763132
1.762366
1.762366
1.758832
1.758832
1.757738
1.757738
1.747248
1.747248
1.759265
1.759265
1.738134
1.738134
1.751925
1.751925
1.758635
1.758635
1.738708
1.738708
1.750216
1.750216
1.742483
1.742483
1.750796
1.750796
1.751931
1.751931
1.733848
1.733848
1.740414
1.740414
1.746292
1.746292
1.745237
1.745237
1.742645
1.742645
1.744684
1.744684
1.737893
1.737893
1.728981
1.728981
1.749594
1.749594
1.737022
1.737022
1.734405
1.734405
1.734467
1.734467
1.723328
1.723328
1.728978
1.728978
1.736038
1.736038
1.722331
1.722331
1.733754
1.733754
1.743858
1.743858
1.727100
1.727100
1.732028
1.732028
1.721827
1.721827
1.718826
1.718826
1.746234
1.746234
1.718922
1.718922
1.719867
1.719867
1.714445
1.714445
1.727132
1.727132
1.747071
1.747071
1.715131
1.715131
1.723288
1.723288
1.725455
1.725455
1.712841
1.712841
1.727465
1.727465
1.714728
1.714728
1.729191
1.729191
1.708922
1.708922
1.716131
1.716131
1.714459
1.714459
1.707293
1.707293
1.717734
1.717734
1.715758
1.715758
1.710248
1.710248
1.716747
1.716747
1.707392
1.707392
1.723845
1.723845
1.697348
1.697348
1.704485
1.704485
1.720860
1.720860
1.712045
1.712045
1.707947
1.707947
1.707635
1.707635
1.704491
1.704491
1.703485
1.703485
1.714567
1.714567
1.707940
1.707940
1.709235
1.709235
1.698134
1.698134
1.689037
1.689037
1.712303
1.712303
1.700219
1.700219
1.692197
1.692197
1.694151
1.694151
1.714801
1.714801
1.700504
1.700504
1.701339
1.701339
1.702749
1.702749
1.693848
1.693848
1.697617
1.697617
1.699897
1.699897
1.692767
1.692767
1.698854
1.698854
1.696090
1.696090
1.694479
1.694479
1.688404
1.688404
1.699739
1.699739
1.686965
1.686965
1.703027
1.703027
1.690613
1.690613
1.696553
1.696553
1.693469
1.693469
1.684450
1.684450
1.685301
1.685301
1.700681
1.700681
1.691361
1.691361
1.681930
1.681930
1.701014
1.701014
1.682274
1.682274
1.690822
1.690822
1.692050
1.692050
1.690157
1.690157
1.686953
1.686953
1.676907
1.676907
1.690887
1.690887
1.689293
1.689293
1.691224
1.691224
1.669989
1.669989
1.691786
1.691786
1.681067
1.681067
1.680786
1.680786
1.681692
1.681692
1.683607
1.683607
1.688829
1.688829
1.676445
1.676445
1.664902
1.664902
1.687638
1.687638
1.697055
1.697055
1.678027
1.678027
1.672360
1.672360
1.682443
1.682443
1.674110
1.674110
1.670375
1.670375
1.682287
1.682287
1.684198
1.684198
1.679171
1.679171
1.673076
1.673076
1.682265
1.682265
1.676797
1.676797
1.668282
1.668282
1.684162
1.684162
1.664173
1.664173
1.679101
1.679101
1.671535
1.671535
1.672697
1.672697
1.676359
1.676359
1.673069
1.673069
1.672541
1.672541
1.670054
1.670054
1.670332
1.670332
1.668641
1.668641
1.673493
1.673493
1.674811
1.674811
1.672908
1.672908
1.662798
1.662798
1.674967
1.674967
1.667282
1.667282
1.671303
1.671303
1.663430
1.663430
1.670567
1.670567
1.678016
1.678016
1.661888
1.661888
1.660796
1.660796
1.677039
1.677039
1.659515
1.659515
1.664934
1.664934
1.674858
1.674858
1.662172
1.662172
1.673222
1.673222
1.652817
1.652817
1.667997
1.667997
1.659925
1.659925
1.664541
1.664541
1.663721
1.663721
1.668788
1.668788
1.658989
1.658989
1.667031
1.667031
1.659867
1.659867
1.664757
1.664757
1.665341
1.665341
1.661152
1.661152
1.660908
1.660908
1.658020
1.658020
1.679400
1.679400
1.641585
1.641585
1.649155
1.649155
1.665515
1.665515
1.672042
1.672042
1.659671
1.659671
1.647860
1.647860
1.662076
1.662076
1.660955
1.660955
1.653237
1.653237
1.650909
1.650909
1.664133
1.664133
1.668440
1.668440
1.652415
1.652415
1.650396
1.650396
1.655699
1.655699
1.656186
1.656186
1.646248
1.646248
1.658449
1.658449
1.651717
1.651717
1.661799
1.661799
1.660881
1.660881
1.648975
1.648975
1.655361
1.655361
1.642408
1.642408
1.664786
1.664786
1.663231
1.663231
1.655441
1.655441
1.650777
1.650777
1.645982
1.645982
1.653948
1.653948
1.664678
1.664678
1.657279
1.657279
1.656832
1.656832
1.651500
1.651500
1.648460
1.648460
1.647344
1.647344
1.655905
1.655905
1.654626
1.654626
1.655802
1.655802
1.642880
1.642880
1.646804
1.646804
1.647452
1.647452
1.652883
1.652883
1.657742
1.657742
1.654779
1.654779
1.634142
1.634142
1.649184
1.649184
1.646053
1.646053
1.647938
1.647938
1.648319
1.648319
1.655971
1.655971
1.642623
1.642623
1.650715
1.650715
1.645041
1.645041
1.652081
1.652081
1.649276
1.649276
1.651741
1.651741
1.647653
1.647653
1.643976
1.643976
1.640633
1.640633
1.649928
1.649928
1.644126
1.644126
1.645771
1.645771
1.645050
1.645050
1.645305
1.645305
1.648102
1.648102
1.649523
1.649523
1.632619
1.632619
1.644888
1.644888
1.654057
1.654057
1.640119
1.640119
1.646140
1.646140
1.644216
1.644216
1.636920
1.636920
1.648584
1.648584
1.639725
1.639725
1.639289
1.639289
1.641186
1.641186
1.649573
1.649573
1.643724
1.643724
1.635004
1.635004
1.629153
1.629153
1.642722
1.642722
1.651028
1.651028
1.645531
1.645531
1.635041
1.635041
1.636323
1.636323
1.641603
1.641603
1.635040
1.635040
1.643687
1.643687
1.644011
1.644011
1.646276
1.646276
1.633958
1.633958
1.635129
1.635129
1.645165
1.645165
1.630760
1.630760
1.633872
1.633872
1.638986
1.638986
1.640597
1.640597
1.634199
1.634199
1.641176
1.641176
1.634580
1.634580
1.637532
1.637532
1.635182
1.635182
1.637452
1.637452
1.638769
1.638769
1.638168
1.638168
1.642741
1.642741
1.636650
1.636650
1.629496
1.629496
1.629035
1.629035
1.642882
1.642882
1.627389
1.627389
1.637030
1.637030
1.641297
1.641297
1.620228
1.620228
1.639454
1.639454
1.628256
1.628256
1.647135
1.647135
1.623935
1.623935
1.627341
1.627341
1.625735
1.625735
1.632363
1.632363
1.639161
1.639161
1.632148
1.632148
1.633478
1.633478
1.631967
1.631967
1.635691
1.635691
1.626458
1.626458
1.635459
1.635459
1.626734
1.626734
1.625347
1.625347
1.626254
1.626254
1.637608
1.637608
1.631981
1.631981
1.632089
1.632089
1.645978
1.645978
1.623402
1.623402
1.622541
1.622541
1.633926
1.633926
1.619500
1.619500
1.628935
1.628935
1.628052
1.628052
1.634207
1.634207
1.625511
1.625511
1.626275
1.626275
1.625545
1.625545
1.629027
1.629027
1.625944
1.625944
1.628503
1.628503
1.631053
1.631053
1.627296
1.627296
1.630496
1.630496
1.620267
1.620267
1.623629
1.623629
1.636174
1.636174
1.620087
1.620087
1.632293
1.632293
1.628913
1.628913
1.622065
1.622065
1.628854
1.628854
1.627582
1.627582
1.626331
1.626331
1.631409
1.631409
1.623707
1.623707
1.616062
1.616062
1.620190
1.620190
1.620905
1.620905
1.621995
1.621995
1.629407
1.629407
1.634922
1.634922
1.630921
1.630921
1.618488
1.618488
1.622832
1.622832
1.626629
1.626629
1.622241
1.622241
1.626177
1.626177
1.628217
1.628217
1.616497
1.616497
1.623803
1.623803
1.623161
1.623161
1.634540
1.634540
1.614236
1.614236
1.628880
1.628880
1.623571
1.623571
1.608349
1.608349
1.629202
1.629202
1.621114
1.621114
1.618409
1.618409
1.617679
1.617679
1.622393
1.622393
1.618145
1.618145
1.623405
1.623405
1.605829
1.605829
1.625812
1.625812
1.634442
1.634442
1.609778
1.609778
1.626839
1.626839
1.624850
1.624850
1.623246
1.623246
1.613213
1.613213
1.619546
1.619546
1.612152
1.612152
1.623162
1.623162
1.626459
1.626459
1.613456
1.613456
1.624762
1.624762
1.615641
1.615641
1.617850
1.617850
1.620762
1.620762
1.615051
1.615051
1.624520
1.624520
1.612640
1.612640
1.622658
1.622658
1.620988
1.620988
1.611168
1.611168
1.630017
1.630017
1.608651
1.608651
1.618597
1.618597
1.613514
1.613514
1.622286
1.622286
1.615054
1.615054
1.632885
1.632885
1.621353
1.621353
1.614039
1.614039
1.601531
1.601531
1.617414
1.617414
1.613543
1.613543
1.616218
1.616218
1.620888
1.620888
1.618464
1.618464
1.612620
1.612620
1.619174
1.619174
1.609936
1.609936
1.612545
1.612545
1.632711
1.632711
1.617179
1.617179
1.613681
1.613681
1.621633
1.621633
1.613327
1.613327
1.612099
1.612099
1.609484
1.609484
1.601956
1.601956
1.631062
1.631062
1.623482
1.623482
1.606751
1.606751
1.615332
1.615332
1.615504
1.615504
1.611736
1.611736
1.610654
1.610654
1.618505
1.618505
1.618644
1.618644
1.613079
1.613079
1.611909
1.611909
1.606528
1.606528
1.617118
1.617118
1.609528
1.609528
1.609263
1.609263
1.621152
1.621152
1.619740
1.619740
1.599503
1.599503
1.607940
1.607940
1.621723
1.621723
1.607378
1.607378
1.611518
1.611518
1.611514
1.611514
1.608454
1.608454
1.612534
1.612534
1.612066
1.612066
1.615850
1.615850
1.607914
1.607914
1.609900
1.609900
1.607727
1.607727
1.608808
1.608808
1.614924
1.614924
1.615108
1.615108
1.624361
1.624361
1.615840
1.615840
1.603294
1.603294
1.603746
1.603746
1.603578
1.603578
1.608994
1.608994
1.609925
1.609925
1.615155
1.615155
1.601893
1.601893
1.615402
1.615402
1.611609
1.611609
1.599928
1.599928
1.617026
1.617026
1.605626
1.605626
1.614065
1.614065
1.602237
1.602237
1.607250
1.607250
1.608128
1.608128
1.619269
1.619269
1.606647
1.606647
1.609498
1.609498
1.606480
1.606480
1.603636
1.603636
1.608195
1.608195
1.615900
1.615900
1.613528
1.613528
1.609217
1.609217
1.593482
1.593482
1.610597
1.610597
1.614016
1.614016
1.607458
1.607458
1.609747
1.609747
1.604404
1.604404
1.605501
1.605501
1.610337
1.610337
1.601685
1.601685
1.604984
1.604984
1.607871
1.607871
1.613037
1.613037
1.606596
1.606596
1.618069
1.618069
1.604779
1.604779
1.603344
1.603344
1.601541
1.601541
1.603645
1.603645
1.617527
1.617527
1.593440
1.593440
1.609356
1.609356
1.605564
1.605564
1.604269
1.604269
1.612342
1.612342
1.602850
1.602850
1.613992
1.613992
1.598146
1.598146
1.600003
1.600003
1.603995
1.603995
1.596400
1.596400
1.610188
1.610188
1.617319
1.617319
1.595447
1.595447
1.607375
1.607375
1.603334
1.603334
1.610138
1.610138
1.596803
1.596803
1.605321
1.605321
1.602662
1.602662
1.609544
1.609544
1.614309
1.614309
1.606052
1.606052
1.580917
1.580917
1.600490
1.600490
1.608123
1.608123
1.609366
1.609366
1.600120
1.600120
1.597478
1.597478
1.594773
1.594773
1.608347
1.608347
1.608012
1.608012
1.603743
1.603743
1.599097
1.599097
1.590292
1.590292
1.601988
1.601988
1.605961
1.605961
1.608683
1.608683
1.607069
1.607069
1.597408
1.597408
1.607289
1.607289
1.606752
1.606752
1.601696
1.601696
1.595626
1.595626
1.607932
1.607932
1.604276
1.604276
1.596259
1.596259
1.595534
1.595534
1.604835
1.604835
1.597615
1.597615
1.597433
1.597433
1.597086
1.597086
1.610648
1.610648
1.602604
1.602604
1.594091
1.594091
1.598287
1.598287
1.598955
1.598955
1.607202
1.607202
1.604993
1.604993
1.604804
1.604804
1.606393
1.606393
1.591444
1.591444
1.601411
1.601411
1.594466
1.594466
1.591861
1.591861
1.599510
1.599510
1.586570
1.586570
1.613539
1.613539
1.609001
1.609001
1.593924
1.593924
1.598129
1.598129
1.601532
1.601532
1.597189
1.597189
1.606703
1.606703
1.592342
1.592342
1.602551
1.602551
1.602209
1.602209
1.599741
1.599741
1.595696
1.595696
1.601546
1.601546
1.582625
1.582625
1.599634
1.599634
1.603481
1.603481
1.606561
1.606561
1.601986
1.601986
1.597791
1.597791
1.599399
1.599399
1.597026
1.597026
1.591312
1.591312
1.592687
1.592687
1.591465
1.591465
1.608333
1.608333
1.603811
1.603811
1.588424
1.588424
1.600010
1.600010
1.601477
1.601477
1.588799
1.588799
1.601903
1.601903
1.591467
1.591467
1.596845
1.596845
1.599938
1.599938
1.595418
1.595418
1.593164
1.593164
1.598265
1.598265
1.596169
1.596169
1.595492
1.595492
1.593720
1.593720
1.598380
1.598380
1.598250
1.598250
1.601788
1.601788
1.583162
1.583162
1.597154
1.597154
1.603504
1.603504
1.593882
1.593882
1.597138
1.597138
1.608678
1.608678
1.598453
1.598453
1.581489
1.581489
1.592057
1.592057
1.598815
1.598815
1.596612
1.596612
1.596640
1.596640
1.594837
1.594837
1.589274
1.589274
1.585826
1.585826
1.601709
1.601709
1.597355
1.597355
1.602094
1.602094
1.587680
1.587680
1.592494
1.592494
1.596609
1.596609
1.598292
1.598292
1.593045
1.593045
1.594697
1.594697
1.596179
1.596179
1.596712
1.596712
1.592269
1.592269
1.589573
1.589573
1.600439
1.600439
1.586925
1.586925
1.605451
1.605451
1.588897
1.588897
1.589588
1.589588
1.603575
1.603575
1.591735
1.591735
1.591756
1.591756
1.589119
1.589119
1.594169
1.594169
1.607004
1.607004
1.598105
1.598105
1.590097
1.590097
1.596827
1.596827
1.587796
1.587796
1.596739
1.596739
1.587509
1.587509
1.599351
1.599351
1.600073
1.600073
1.581556
1.581556
1.600478
1.600478
1.589415
1.589415
1.586564
1.586564
1.602754
1.602754
1.596830
1.596830
1.588399
1.588399
1.599522
1.599522
1.595357
1.595357
1.591454
1.591454
1.590876
1.590876
1.583701
1.583701
1.575901
1.575901
1.596244
1.596244
1.588917
1.588917
1.598308
1.598308
1.605823
1.605823
1.588537
1.588537
1.603554
1.603554
1.596392
1.596392
1.587306
1.587306
1.580179
1.580179
1.596539
1.596539
1.592905
1.592905
1.590395
1.590395
1.590608
1.590608
1.582852
1.582852
1.588163
1.588163
1.593346
1.593346
1.589483
1.589483
1.593586
1.593586
1.587280
1.587280
1.590390
1.590390
1.582911
1.582911
1.601244
1.601244
1.585274
1.585274
1.591263
1.591263
1.591221
1.591221
1.587573
1.587573
1.592897
1.592897
1.591121
1.591121
1.584656
1.584656
1.592175
1.592175
1.585330
1.585330
1.599164
1.599164
1.576558
1.576558
1.595087
1.595087
1.585961
1.585961
1.582440
1.582440
1.589696
1.589696
1.595975
1.595975
1.590840
1.590840
1.582730
1.582730
1.590928
1.590928
1.589277
1.589277
1.588984
1.588984
1.590296
1.590296
1.588574
1.588574
1.593568
1.593568
1.587624
1.587624
1.581786
1.581786
1.587264
1.587264
1.593178
1.593178
1.587850
1.587850
1.587701
1.587701
1.581994
1.581994
1.587484
1.587484
1.591401
1.591401
1.582348
1.582348
1.584117
1.584117
1.595950
1.595950
1.583618
1.583618
1.584881
1.584881
1.591610
1.591610
1.584747
1.584747
1.586542
1.586542
1.591826
1.591826
1.583249
1.583249
1.591379
1.591379
1.584517
1.584517
1.586100
1.586100
1.594485
1.594485
1.584656
1.584656
1.596671
1.596671
1.590563
1.590563
1.583473
1.583473
1.579258
1.579258
1.582885
1.582885
1.602081
1.602081
1.583874
1.583874
1.584383
1.584383
1.580750
1.580750
1.588183
1.588183
1.586010
1.586010
1.585349
1.585349
1.587513
1.587513
1.587586
1.587586
1.580385
1.580385
1.584991
1.584991
1.587443
1.587443
1.585303
1.585303
1.598090
1.598090
1.591959
1.591959
1.589344
1.589344
1.570696
1.570696
1.592141
1.592141
1.587791
1.587791
1.579186
1.579186
1.584533
1.584533
1.586035
1.586035
1.596456
1.596456
1.582891
1.582891
1.576649
1.576649
1.586507
1.586507
1.594520
1.594520
1.586955
1.586955
1.583244
1.583244
1.594275
1.594275
1.586551
1.586551
1.575966
1.575966
1.589774
1.589774
1.578660
1.578660
1.583198
1.583198
1.582515
1.582515
1.592923
1.592923
1.576004
1.576004
1.593003
1.593003
1.590265
1.590265
1.582715
1.582715
1.578864
1.578864
1.583593
1.583593
1.590710
1.590710
1.570236
1.570236
1.574899
1.574899
1.597839
1.597839
1.591912
1.591912
1.590909
1.590909
1.592208
1.592208
1.585101
1.585101
1.591158
1.591158
1.572721
1.572721
1.581294
1.581294
1.596607
1.596607
1.580129
1.580129
1.579259
1.579259
1.582928
1.582928
1.582607
1.582607
1.581708
1.581708
1.580004
1.580004
1.585854
1.585854
1.590008
1.590008
1.582388
1.582388
1.582477
1.582477
1.586258
1.586258
1.586913
1.586913
1.584664
1.584664
1.576895
1.576895
1.584140
1.584140
1.589849
1.589849
1.586295
1.586295
1.576625
1.576625
1.580621
1.580621
1.580703
1.580703
1.584819
1.584819
1.579775
1.579775
1.584551
1.584551
1.589632
1.589632
1.589249
1.589249
1.582584
1.582584
1.587229
1.587229
1.585968
1.585968
1.567433
1.567433
1.585587
1.585587
1.591770
1.591770
1.573163
1.573163
1.584375
1.584375
1.579504
1.579504
1.586528
1.586528
1.581147
1.581147
1.583571
1.583571
1.580773
1.580773
1.581462
1.581462
1.577543
1.577543
1.582533
1.582533
1.582741
1.582741
1.578581
1.578581
1.593514
1.593514
1.577323
1.577323
1.598207
1.598207
1.573361
1.573361
1.580731
1.580731
1.579583
1.579583
1.575880
1.575880
1.583469
1.583469
1.586746
1.586746
1.581945
1.581945
1.579427
1.579427
1.581892
1.581892
1.580471
1.580471
1.578897
1.578897
1.588184
1.588184
1.575431
1.575431
1.582235
1.582235
1.582498
1.582498
1.578731
1.578731
1.583963
1.583963
1.576364
1.576364
1.581746
1.581746
1.587413
1.587413
1.572611
1.572611
1.584594
1.584594
1.576076
1.576076
1.583748
1.583748
1.579594
1.579594
1.577203
1.577203
1.583953
1.583953
1.576817
1.576817
1.585254
1.585254
1.578230
1.578230
1.567404
1.567404
1.586492
1.586492
1.584711
1.584711
1.593094
1.593094
1.576799
1.576799
1.577343
1.577343
1.580973
1.580973
1.567651
1.567651
1.575293
1.575293
1.576127
1.576127
1.579815
1.579815
1.589737
1.589737
1.575226
1.575226
1.576556
1.576556
1.582574
1.582574
1.579722
1.579722
1.580996
1.580996
1.574515
1.574515
1.583187
1.583187
1.576270
1.576270
1.579572
1.579572
1.574479
1.574479
1.581933
1.581933
1.570153
1.570153
1.581844
1.581844
1.587238
1.587238
1.578565
1.578565
1.575673
1.575673
1.574198
1.574198
1.582093
1.582093
1.575340
1.575340
1.586234
1.586234
1.575023
1.575023
1.585791
1.585791
1.581236
1.581236
1.574556
1.574556
1.571844
1.571844
1.579725
1.579725
1.585562
1.585562
1.580523
1.580523
1.576187
1.576187
1.575973
1.575973
1.571090
1.571090
1.574062
1.574062
1.583884
1.583884
1.576464
1.576464
1.578772
1.578772
1.576212
1.576212
1.575975
1.575975
1.587708
1.587708
1.568628
1.568628
1.576961
1.576961
1.579760
1.579760
1.567825
1.567825
1.578516
1.578516
1.579873
1.579873
1.580240
1.580240
1.582528
1.582528
1.565892
1.565892
1.576525
1.576525
1.583954
1.583954
1.580333
1.580333
1.581361
1.581361
1.579073
1.579073
1.573263
1.573263
1.572947
1.572947
1.582676
1.582676
1.578624
1.578624
1.574995
1.574995
1.565228
1.565228
1.587860
1.587860
1.579212
1.579212
1.578202
1.578202
1.577427
1.577427
1.574492
1.574492
1.586764
1.586764
1.576549
1.576549
1.565744
1.565744
1.580123
1.580123
1.571669
1.571669
1.577947
1.577947
1.575519
1.575519
1.577808
1.577808
1.579310
1.579310
1.572676
1.572676
1.572315
1.572315
1.583804
1.583804
1.571703
1.571703
1.571478
1.571478
1.579128
1.579128
1.580084
1.580084
1.574303
1.574303
1.573729
1.573729
1.575764
1.575764
1.571031
1.571031
1.572218
1.572218
1.577235
1.577235
1.583836
1.583836
1.583905
1.583905
1.572235
1.572235
1.570428
1.570428
1.572536
1.572536
1.578138
1.578138
1.586363
1.586363
1.577353
1.577353
1.573658
1.573658
1.573769
1.573769
1.559879
1.559879
1.573052
1.573052
1.572503
1.572503
1.580623
1.580623
1.567081
1.567081
1.582949
1.582949
1.575546
1.575546
1.569677
1.569677
1.567789
1.567789
1.583722
1.583722
1.576754
1.576754
1.574005
1.574005
1.576739
1.576739
1.577931
1.577931
1.573362
1.573362
1.567998
1.567998
1.571020
1.571020
1.580648
1.580648
1.579395
1.579395
1.568036
1.568036
1.570508
1.570508
1.579781
1.579781
1.579416
1.579416
1.566107
1.566107
1.573966
1.573966
1.568710
1.568710
1.579117
1.579117
1.574442
1.574442
1.574199
1.574199
1.574965
1.574965
1.562618
1.562618
1.576415
1.576415
1.571548
1.571548
1.573231
1.573231
1.577818
1.577818
1.566304
1.566304
1.575048
1.575048
1.572335
1.572335
1.571652
1.571652
1.571300
1.571300
1.576830
1.576830
1.586319
1.586319
1.577316
1.577316
1.562322
1.562322
1.565848
1.565848
1.573468
1.573468
1.561120
1.561120
1.578546
1.578546
1.579500
1.579500
1.565962
1.565962
1.580958
1.580958
1.565645
1.565645
1.569292
1.569292
1.567543
1.567543
1.575260
1.575260
1.588951
1.588951
1.567505
1.567505
1.566284
1.566284
1.575575
1.575575
1.573547
1.573547
1.579902
1.579902
1.573557
1.573557
1.573816
1.573816
1.569898
1.569898
1.565587
1.565587
1.577956
1.577956
1.569609
1.569609
1.580306
1.580306
1.563729
1.563729
1.579092
1.579092
1.562474
1.562474
1.571849
1.571849
1.569235
1.569235
1.568766
1.568766
1.578970
1.578970
1.566297
1.566297
1.574854
1.574854
1.580603
1.580603
1.569340
1.569340
1.564864
1.564864
1.563729
1.563729
1.572620
1.572620
1.575342
1.575342
1.564780
1.564780
1.567462
1.567462
1.575361
1.575361
1.569358
1.569358
1.570135
1.570135
1.580545
1.580545
1.566801
1.566801
1.564884
1.564884
1.573927
1.573927
1.576771
1.576771
1.567954
1.567954
1.570672
1.570672
1.560130
1.560130
1.567303
1.567303
1.561355
1.561355
1.579765
1.579765
1.576324
1.576324
1.565031
1.565031
1.574350
1.574350
1.567508
1.567508
1.563086
1.563086
1.573519
1.573519
1.572564
1.572564
1.558005
1.558005
1.568523
1.568523
1.570525
1.570525
1.586218
1.586218
1.564779
1.564779
1.570743
1.570743
1.574449
1.574449
1.561582
1.561582
1.568321
1.568321
1.574582
1.574582
1.575285
1.575285
1.569408
1.569408
1.570783
1.570783
1.566455
1.566455
1.563756
1.563756
1.564512
1.564512
1.578999
1.578999
1.569194
1.569194
1.566240
1.566240
1.566450
1.566450
1.572438
1.572438
1.572286
1.572286
1.568724
1.568724
1.566455
1.566455
1.563788
1.563788
1.566283
1.566283
1.566371
1.566371
1.575071
1.575071
1.568528
1.568528
1.567629
1.567629
1.578764
1.578764
1.558535
1.558535
1.574297
1.574297
1.566397
1.566397
1.564088
1.564088
1.563014
1.563014
1.566050
1.566050
1.569251
1.569251
1.572276
1.572276
1.572907
1.572907
1.568535
1.568535
1.563537
1.563537
1.570840
1.570840
1.573250
1.573250
1.563530
1.563530
1.557799
1.557799
1.572850
1.572850
1.570226
1.570226
1.574644
1.574644
1.563074
1.563074
1.568164
1.568164
1.566331
1.566331
1.570860
1.570860
1.566960
1.566960
1.566475
1.566475
1.563006
1.563006
1.562608
1.562608
1.564509
1.564509
1.580651
1.580651
1.567715
1.567715
1.563817
1.563817
1.562138
1.562138
1.574687
1.574687
1.560416
1.560416
1.580382
1.580382
1.569114
1.569114
1.573302
1.573302
1.569135
1.569135
1.561258
1.561258
1.563406
1.563406
1.566473
1.566473
1.575530
1.575530
1.558486
1.558486
1.563463
1.563463
1.574527
1.574527
1.564273
1.564273
1.561331
1.561331
1.576651
1.576651
1.572476
1.572476
1.558523
1.558523
1.573992
1.573992
1.565360
1.565360
1.564688
1.564688
1.569489
1.569489
1.559592
1.559592
1.568787
1.568787
1.577780
1.577780
1.564633
1.564633
1.556235
1.556235
1.567856
1.567856
1.567540
1.567540
1.570878
1.570878
1.569264
1.569264
1.567702
1.567702
1.557352
1.557352
1.569076
1.569076
1.562693
1.562693
1.556662
1.556662
1.584582
1.584582
1.561548
1.561548
1.572723
1.572723
1.564540
1.564540
1.566687
1.566687
1.569778
1.569778
1.560876
1.560876
1.568115
1.568115
1.568447
1.568447
1.565305
1.565305
1.566433
1.566433
1.568093
1.568093
1.569587
1.569587
1.569351
1.569351
1.570098
1.570098
1.563691
1.563691
1.561451
1.561451
1.557437
1.557437
1.566338
1.566338
1.569510
1.569510
1.565535
1.565535
1.579852
1.579852
1.567694
1.567694
1.574341
1.574341
1.564602
1.564602
1.566241
1.566241
1.559438
1.559438
1.559925
1.559925
1.564448
1.564448
1.570148
1.570148
1.570322
1.570322
1.569228
1.569228
1.568629
1.568629
1.566623
1.566623
1.570521
1.570521
1.558067
1.558067
1.569324
1.569324
1.559722
1.559722
1.559943
1.559943
1.570438
1.570438
1.571342
1.571342
1.570915
1.570915
1.567985
1.567985
1.567402
1.567402
1.567602
1.567602
1.563045
1.563045
1.563081
1.563081
1.567846
1.567846
1.555216
1.555216
1.579103
1.579103
1.561736
1.561736
1.564860
1.564860
1.561754
1.561754
1.568513
1.568513
1.563813
1.563813
1.557927
1.557927
1.580110
1.580110
1.561531
1.561531
1.558823
1.558823
1.567776
1.567776
1.569026
1.569026
1.571797
1.571797
1.565910
1.565910
1.562370
1.562370
1.555907
1.555907
1.572072
1.572072
1.571721
1.571721
1.561251
1.561251
1.563945
1.563945
1.567667
1.567667
1.569615
1.569615
1.561102
1.561102
1.555181
1.555181
1.559638
1.559638
1.565436
1.565436
1.575207
1.575207
1.568921
1.568921
1.570595
1.570595
1.567066
1.567066
1.567216
1.567216
1.557555
1.557555
1.557915
1.557915
1.558083
1.558083
1.569391
1.569391
1.545686
1.545686
1.583046
1.583046
1.565359
1.565359
1.568067
1.568067
1.563924
1.563924
1.558583
1.558583
1.560122
1.560122
1.572029
1.572029
1.551949
1.551949
1.568023
1.568023
1.568990
1.568990
1.569436
1.569436
1.560602
1.560602
1.566275
1.566275
1.561246
1.561246
1.568001
1.568001
1.558854
1.558854
1.565302
1.565302
1.562215
1.562215
1.563456
1.563456
1.560950
1.560950
1.562823
1.562823
1.571246
1.571246
1.548794
1.548794
1.559825
1.559825
1.575887
1.575887
1.571232
1.571232
1.561140
1.561140
1.558255
1.558255
1.564684
1.564684
1.562243
1.562243
1.567665
1.567665
1.563433
1.563433
1.552729
1.552729
1.574714
1.574714
1.551877
1.551877
1.572167
1.572167
1.563884
1.563884
1.564786
1.564786
1.564617
1.564617
1.562690
1.562690
1.562932
1.562932
1.557990
1.557990
1.555094
1.555094
1.565838
1.565838
1.567013
1.567013
1.567546
1.567546
1.556307
1.556307
1.555768
1.555768
1.564462
1.564462
1.575736
1.575736
1.558787
1.558787
1.556083
1.556083
1.560249
1.560249
1.564000
1.564000
1.558314
1.558314
1.575490
1.575490
1.550182
1.550182
1.563705
1.563705
1.559680
1.559680
1.570985
1.570985
1.555393
1.555393
1.560391
1.560391
1.568299
1.568299
1.566378
1.566378
1.558689
1.558689
1.559297
1.559297
1.555284
1.555284
1.569975
1.569975
1.561853
1.561853
1.553825
1.553825
1.561205
1.561205
1.561639
1.561639
1.562841
1.562841
1.558891
1.558891
1.569049
1.569049
1.554573
1.554573
1.562699
1.562699
1.566544
1.566544
1.552379
1.552379
1.569442
1.569442
1.561159
1.561159
1.556417
1.556417
1.556908
1.556908
1.563626
1.563626
1.561235
1.561235
1.559787
1.559787
1.567221
1.567221
1.561584
1.561584
1.572829
1.572829
1.554771
1.554771
1.557027
1.557027
1.560617
1.560617
1.564677
1.564677
1.558397
1.558397
1.561035
1.561035
1.558883
1.558883
1.564515
1.564515
1.569542
1.569542
1.555066
1.555066
1.561584
1.561584
1.564295
1.564295
1.553551
1.553551
1.564226
1.564226
1.551663
1.551663
1.564130
1.564130
1.567522
1.567522
1.556779
1.556779
1.565862
1.565862
1.561312
1.561312
1.556303
1.556303
1.562458
1.562458
1.558694
1.558694
1.546281
1.546281
1.559675
1.559675
1.570898
1.570898
1.565280
1.565280
1.563477
1.563477
1.566542
1.566542
1.550209
1.550209
1.563937
1.563937
1.555920
1.555920
1.570572
1.570572
1.569020
1.569020
1.565719
1.565719
1.550794
1.550794
1.561402
1.561402
1.555904
1.555904
1.564605
1.564605
1.570610
1.570610
1.558443
1.558443
1.549975
1.549975
1.559412
1.559412
1.555038
1.555038
1.564840
1.564840
1.563520
1.563520
1.562288
1.562288
1.555511
1.555511
1.569947
1.569947
1.563007
1.563007
1.555686
1.555686
1.557466
1.557466
1.553843
1.553843
1.564350
1.564350
1.558619
1.558619
1.561448
1.561448
1.559882
1.559882
1.555362
1.555362
1.564352
1.564352
1.554380
1.554380
1.568333
1.568333
1.554620
1.554620
1.557977
1.557977
1.557513
1.557513
1.561730
1.561730
1.555504
1.555504
1.559479
1.559479
1.567346
1.567346
1.561599
1.561599
1.560735
1.560735
1.568107
1.568107
1.551892
1.551892
1.556153
1.556153
1.565763
1.565763
1.548401
1.548401
1.574007
1.574007
1.557653
1.557653
1.551479
1.551479
1.557938
1.557938
1.566718
1.566718
1.556451
1.556451
1.558277
1.558277
1.560916
1.560916
1.571092
1.571092
1.554078
1.554078
1.554965
1.554965
1.559366
1.559366
1.560911
1.560911
1.562777
1.562777
1.563272
1.563272
1.560001
1.560001
1.555437
1.555437
1.557712
1.557712
1.558264
1.558264
1.558620
1.558620
1.553508
1.553508
1.559690
1.559690
1.572859
1.572859
1.564778
1.564778
1.564905
1.564905
1.554552
1.554552
1.563671
1.563671
1.547968
1.547968
1.553398
1.553398
1.575269
1.575269
1.552559
1.552559
1.561072
1.561072
1.555139
1.555139
1.552664
1.552664
1.573396
1.573396
1.556238
1.556238
1.557237
1.557237
1.558227
1.558227
1.563542
1.563542
1.550796
1.550796
1.563706
1.563706
1.558904
1.558904
1.560993
1.560993
1.557718
1.557718
1.559334
1.559334
1.557736
1.557736
1.560278
1.560278
1.562698
1.562698
1.551616
1.551616
1.555773
1.555773
1.565184
1.565184
1.562171
1.562171
1.562140
1.562140
1.552011
1.552011
1.561787
1.561787
1.562708
1.562708
1.553837
1.553837
1.567046
1.567046
1.555686
1.555686
1.565750
1.565750
1.557712
1.557712
1.563220
1.563220
1.548635
1.548635
1.557311
1.557311
1.557006
1.557006
1.560228
1.560228
1.554770
1.554770
1.564941
1.564941
1.551000
1.551000
1.561364
1.561364
1.561675
1.561675
1.563311
1.563311
1.551362
1.551362
1.551103
1.551103
1.568510
1.568510
1.562405
1.562405
1.549604
1.549604
1.556225
1.556225
1.550418
1.550418
1.552554
1.552554
1.558531
1.558531
1.560165
1.560165
1.567410
1.567410
1.556261
1.556261
1.564002
1.564002
1.567771
1.567771
1.547856
1.547856
1.546010
1.546010
1.550468
1.550468
1.558681
1.558681
1.558245
1.558245
1.555782
1.555782
1.561792
1.561792
1.553568
1.553568
1.560014
1.560014
1.555259
1.555259
1.555296
1.555296
1.558571
1.558571
1.563682
1.563682
1.553626
1.553626
1.558793
1.558793
1.549732
1.549732
1.554524
1.554524
1.556839
1.556839
1.551541
1.551541
1.562651
1.562651
1.553993
1.553993
1.554449
1.554449
1.556965
1.556965
1.556885
1.556885
1.562235
1.562235
1.546775
1.546775
1.556813
1.556813
1.561581
1.561581
1.548773
1.548773
1.557866
1.557866
1.559365
1.559365
1.550340
1.550340
1.551012
1.551012
1.548149
1.548149
1.560059
1.560059
1.563636
1.563636
1.557034
1.557034
1.555653
1.555653
1.559951
1.559951
1.559914
1.559914
1.550472
1.550472
1.552815
1.552815
1.556857
1.556857
1.551172
1.551172
1.563938
1.563938
1.554382
1.554382
1.551729
1.551729
1.556755
1.556755
1.552875
1.552875
1.555963
1.555963
1.552659
1.552659
1.561750
1.561750
1.554173
1.554173
1.556552
1.556552
1.552592
1.552592
1.564558
1.564558
1.547335
1.547335
1.554497
1.554497
1.557766
1.557766
1.562626
1.562626
1.554629
1.554629
1.544033
1.544033
1.553755
1.553755
1.559807
1.559807
1.550832
1.550832
1.557659
1.557659
1.553563
1.553563
1.540535
1.540535
1.560593
1.560593
1.556945
1.556945
1.559879
1.559879
1.558870
1.558870
1.559164
1.559164
1.548403
1.548403
1.558550
1.558550
1.554649
1.554649
1.555087
1.555087
1.563041
1.563041
1.548038
1.548038
1.552349
1.552349
1.555497
1.555497
1.557847
1.557847
1.555552
1.555552
1.556214
1.556214
1.557300
1.557300
1.553699
1.553699
1.552681
1.552681
1.556517
1.556517
1.549753
1.549753
1.554585
1.554585
1.555717
1.555717
1.561269
1.561269
1.552407
1.552407
1.558989
1.558989
1.550482
1.550482
1.553210
1.553210
1.563355
1.563355
1.549948
1.549948
1.553900
1.553900
1.562029
1.562029
1.556671
1.556671
1.553397
1.553397
1.557075
1.557075
1.553715
1.553715
1.561436
1.561436
1.553610
1.553610
1.548926
1.548926
1.554091
1.554091
1.557284
1.557284
1.555602
1.555602
1.554631
1.554631
1.554590
1.554590
1.559569
1.559569
1.559822
1.559822
1.553278
1.553278
1.549772
1.549772
1.553347
1.553347
1.557848
1.557848
1.556424
1.556424
1.546653
1.546653
1.558977
1.558977
1.556716
1.556716
1.549564
1.549564
1.549770
1.549770
1.559478
1.559478
1.563307
1.563307
1.553489
1.553489
1.555058
1.555058
1.557972
1.557972
1.558923
1.558923
1.551037
1.551037
1.552014
1.552014
1.558477
1.558477
1.551578
1.551578
1.555511
1.555511
1.557155
1.557155
1.552319
1.552319
1.558457
1.558457
1.554934
1.554934
1.550174
1.550174
1.559092
1.559092
1.551956
1.551956
1.553450
1.553450
1.555024
1.555024
1.558333
1.558333
1.553835
1.553835
1.553468
1.553468
1.550069
1.550069
1.557314
1.557314
1.546354
1.546354
1.560837
1.560837
1.560943
1.560943
1.553126
1.553126
1.559364
1.559364
1.551612
1.551612
1.557163
1.557163
1.550721
1.550721
1.555575
1.555575
1.548169
1.548169
1.561132
1.561132
1.559205
1.559205
1.545893
1.545893
1.556809
1.556809
1.547438
1.547438
1.555410
1.555410
1.560447
1.560447
1.551036
1.551036
1.557947
1.557947
1.548758
1.548758
1.552786
1.552786
1.562127
1.562127
1.549047
1.549047
1.563117
1.563117
1.559921
1.559921
1.547001
1.547001
1.555251
1.555251
1.543951
1.543951
1.559317
1.559317
1.562688
1.562688
1.554876
1.554876
1.546281
1.546281
1.546567
1.546567
1.548325
1.548325
1.553082
1.553082
1.554652
1.554652
1.555318
1.555318
1.562339
1.562339
1.549386
1.549386
1.558481
1.558481
1.557182
1.557182
1.555116
1.555116
1.549611
1.549611
1.558367
1.558367
1.549914
1.549914
1.560338
1.560338
1.555107
1.555107
1.543516
1.543516
1.541694
1.541694
1.557738
1.557738
1.551320
1.551320
1.569578
1.569578
1.546810
1.546810
1.555297
1.555297
1.558136
1.558136
1.549934
1.549934
1.552500
1.552500
1.551791
1.551791
1.547643
1.547643
1.548642
1.548642
1.551871
1.551871
1.559904
1.559904
1.561398
1.561398
1.539765
1.539765
1.560772
1.560772
1.551843
1.551843
1.560709
1.560709
1.553639
1.553639
1.544963
1.544963
1.553790
1.553790
1.552200
1.552200
1.555667
1.555667
1.561757
1.561757
1.559883
1.559883
1.552796
1.552796
1.552485
1.552485
1.548440
1.548440
1.551360
1.551360
1.548543
1.548543
1.556090
1.556090
1.553413
1.553413
1.552956
1.552956
1.553610
1.553610
1.554368
1.554368
1.551363
1.551363
1.555802
1.555802
1.548282
1.548282
1.553324
1.553324
1.549841
1.549841
1.553654
1.553654
1.552286
1.552286
1.554981
1.554981
1.550436
1.550436
1.551386
1.551386
1.548085
1.548085
1.553320
1.553320
1.548302
1.548302
1.562455
1.562455
1.560506
1.560506
1.552704
1.552704
1.540812
1.540812
1.559129
1.559129
1.544898
1.544898
1.562014
1.562014
1.555432
1.555432
1.534332
1.534332
1.552240
1.552240
1.556792
1.556792
1.550551
1.550551
1.557399
1.557399
1.548954
1.548954
1.545862
1.545862
1.558067
1.558067
1.555827
1.555827
1.555391
1.555391
1.554404
1.554404
1.546760
1.546760
1.544543
1.544543
1.549272
1.549272
1.547034
1.547034
1.552953
1.552953
1.555956
1.555956
1.554269
1.554269
1.549305
1.549305
1.550890
1.550890
1.549769
1.549769
1.562558
1.562558
1.544132
1.544132
1.550325
1.550325
1.550806
1.550806
1.550943
1.550943
1.552560
1.552560
1.554991
1.554991
1.550041
1.550041
1.550244
1.550244
1.553414
1.553414
1.554213
1.554213
1.551289
1.551289
1.552789
1.552789
1.548102
1.548102
1.562539
1.562539
1.544241
1.544241
1.552917
1.552917
1.554959
1.554959
1.553887
1.553887
1.550110
1.550110
1.546091
1.546091
1.557512
1.557512
1.545737
1.545737
1.552627
1.552627
1.564073
1.564073
1.545920
1.545920
1.553529
1.553529
1.561142
1.561142
1.551330
1.551330
1.542719
1.542719
1.555060
1.555060
1.551134
1.551134
1.552461
1.552461
1.544083
1.544083
1.550463
1.550463
1.556606
1.556606
1.560273
1.560273
1.548822
1.548822
1.553968
1.553968
1.551065
1.551065
1.555597
1.555597
1.552313
1.552313
1.553751
1.553751
1.551414
1.551414
1.550084
1.550084
1.549755
1.549755
1.558511
1.558511
1.551254
1.551254
1.555370
1.555370
1.549715
1.549715
1.555748
1.555748
1.548729
1.548729
1.548629
1.548629
1.555471
1.555471
1.560853
1.560853
1.539847
1.539847
1.558631
1.558631
1.552076
1.552076
1.557437
1.557437
1.551549
1.551549
1.544257
1.544257
1.557712
1.557712
1.546953
1.546953
1.543648
1.543648
1.557691
1.557691
1.563068
1.563068
1.548935
1.548935
1.549321
1.549321
1.550686
1.550686
1.557431
1.557431
1.555577
1.555577
1.546199
1.546199
1.549072
1.549072
1.550251
1.550251
1.543579
1.543579
1.553868
1.553868
1.567948
1.567948
1.549591
1.549591
1.553190
1.553190
1.544478
1.544478
1.561818
1.561818
1.550155
1.550155
1.555448
1.555448
1.554030
1.554030
1.547536
1.547536
1.553927
1.553927
1.547042
1.547042
1.551329
1.551329
1.553621
1.553621
1.550422
1.550422
1.549355
1.549355
1.555710
1.555710
1.554619
1.554619
1.558731
1.558731
1.549553
1.549553
1.546360
1.546360
1.549442
1.549442
1.543620
1.543620
1.555613
1.555613
1.552678
1.552678
1.557325
1.557325
1.549232
1.549232
1.559221
1.559221
1.559734
1.559734
1.545519
1.545519
1.546797
1.546797
1.545668
1.545668
1.548860
1.548860
1.557104
1.557104
1.555335
1.555335
1.544188
1.544188
1.552225
1.552225
1.542628
1.542628
1.552950
1.552950
1.558092
1.558092
1.551480
1.551480
1.551308
1.551308
1.555593
1.555593
1.556075
1.556075
1.552329
1.552329
1.541801
1.541801
1.549525
1.549525
1.546426
1.546426
1.557010
1.557010
1.549257
1.549257
1.548837
1.548837
1.554021
1.554021
1.543111
1.543111
1.551468
1.551468
1.546313
1.546313
1.555179
1.555179
1.560649
1.560649
1.541978
1.541978
1.548402
1.548402
1.550496
1.550496
1.551837
1.551837
1.564927
1.564927
1.545947
1.545947
1.551848
1.551848
1.546163
1.546163
1.551221
1.551221
1.561443
1.561443
1.553535
1.553535
1.552201
1.552201
1.550808
1.550808
1.554234
1.554234
1.540574
1.540574
1.556279
1.556279
1.547997
1.547997
1.546439
1.546439
1.549867
1.549867
1.555071
1.555071
1.547982
1.547982
1.551380
1.551380
1.551077
1.551077
1.552806
1.552806
1.551247
1.551247
1.541473
1.541473
1.562596
1.562596
1.552570
1.552570
1.547047
1.547047
1.549967
1.549967
1.553380
1.553380
1.542631
1.542631
1.546683
1.546683
1.559625
1.559625
1.550994
1.550994
1.547120
1.547120
1.552796
1.552796
1.556089
1.556089
1.550815
1.550815
1.543998
1.543998
1.542967
1.542967
1.549240
1.549240
1.561148
1.561148
1.553643
1.553643
1.542893
1.542893
1.556002
1.556002
1.549600
1.549600
1.551975
1.551975
1.545219
1.545219
1.547620
1.547620
1.556062
1.556062
1.546626
1.546626
1.548172
1.548172
1.551147
1.551147
1.547722
1.547722
1.544378
1.544378
1.547827
1.547827
1.546954
1.546954
1.560233
1.560233
1.550422
1.550422
1.545742
1.545742
1.555727
1.555727
1.538854
1.538854
1.555631
1.555631
1.554195
1.554195
1.553374
1.553374
1.539894
1.539894
1.550110
1.550110
1.550653
1.550653
1.555820
1.555820
1.555457
1.555457
1.546231
1.546231
1.546091
1.546091
1.540965
1.540965
1.562106
1.562106
1.554090
1.554090
1.546767
1.546767
1.548371
1.548371
1.547776
1.547776
1.550018
1.550018
1.546074
1.546074
1.548192
1.548192
1.542440
1.542440
1.557225
1.557225
1.553778
1.553778
1.538268
1.538268
1.555577
1.555577
1.547458
1.547458
1.555288
1.555288
1.550243
1.550243
1.562973
1.562973
1.548392
1.548392
1.548350
1.548350
1.540264
1.540264
1.546026
1.546026
1.550549
1.550549
1.551792
1.551792
1.547453
1.547453
1.546468
1.546468
1.551451
1.551451
1.553676
1.553676
1.547914
1.547914
1.550409
1.550409
1.544829
1.544829
1.550802
1.550802
1.538375
1.538375
1.545779
1.545779
1.548822
1.548822
1.553946
1.553946
1.564423
1.564423
1.551937
1.551937
1.554594
1.554594
1.553501
1.553501
1.544440
1.544440
1.540558
1.540558
1.554190
1.554190
1.540784
1.540784
1.554099
1.554099
1.555269
1.555269
1.541069
1.541069
1.552962
1.552962
1.548176
1.548176
1.545931
1.545931
1.559722
1.559722
1.537656
1.537656
1.538824
1.538824
1.553145
1.553145
1.549735
1.549735
1.556202
1.556202
1.549506
1.549506
1.543386
1.543386
1.543328
1.543328
1.556870
1.556870
1.551243
1.551243
1.553283
1.553283
1.547978
1.547978
1.560729
1.560729
1.544830
1.544830
1.549864
1.549864
1.540931
1.540931
1.544245
1.544245
1.549693
1.549693
1.551792
1.551792
1.547518
1.547518
1.554233
1.554233
1.552730
1.552730
1.556453
1.556453
1.548288
1.548288
1.542296
1.542296
1.544628
1.544628
1.547219
1.547219
1.546650
1.546650
1.562725
1.562725
1.547014
1.547014
1.538715
1.538715
1.553765
1.553765
1.552034
1.552034
1.555027
1.555027
1.537576
1.537576
1.545211
1.545211
1.552699
1.552699
1.551436
1.551436
1.542833
1.542833
1.548617
1.548617
1.548306
1.548306
1.540233
1.540233
1.550339
1.550339
1.553080
1.553080
1.549529
1.549529
1.550720
1.550720
1.535799
1.535799
1.561809
1.561809
1.536122
1.536122
1.553342
1.553342
1.558645
1.558645
1.552210
1.552210
1.559924
1.559924
1.549438
1.549438
1.534421
1.534421
1.546062
1.546062
1.554414
1.554414
1.547703
1.547703
1.549236
1.549236
1.548590
1.548590
1.540478
1.540478
1.553664
1.553664
1.552307
1.552307
1.549982
1.549982
1.544348
1.544348
1.539900
1.539900
1.542024
1.542024
1.554559
1.554559
1.550747
1.550747
1.548830
1.548830
1.545244
1.545244
1.551302
1.551302
1.551510
1.551510
1.546122
1.546122
1.539913
1.539913
1.554941
1.554941
1.553005
1.553005
1.542973
1.542973
1.541688
1.541688
1.552014
1.552014
1.553469
1.553469
1.545793
1.545793
1.544075
1.544075
1.552088
1.552088
1.548489
1.548489
1.552117
1.552117
1.549993
1.549993
1.544347
1.544347
1.551454
1.551454
1.549997
1.549997
1.544403
1.544403
1.541058
1.541058
1.551318
1.551318
1.546328
1.546328
1.552323
1.552323
1.550395
1.550395
1.538569
1.538569
1.555372
1.555372
1.548601
1.548601
1.544831
1.544831
1.554617
1.554617
1.549908
1.549908
1.548128
1.548128
1.554402
1.554402
1.541677
1.541677
1.544498
1.544498
1.539130
1.539130
1.555310
1.555310
1.543019
1.543019
1.549416
1.549416
1.553598
1.553598
1.548234
1.548234
1.543898
1.543898
1.543680
1.543680
1.546800
1.546800
1.558624
1.558624
1.539635
1.539635
1.543105
1.543105
1.553367
1.553367
1.548919
1.548919
1.554533
1.554533
1.544560
1.544560
1.544838
1.544838
1.545105
1.545105
1.551435
1.551435
1.552651
1.552651
1.542233
1.542233
1.555074
1.555074
1.547438
1.547438
1.544657
1.544657
1.547382
1.547382
1.551610
1.551610
1.537518
1.537518
1.549793
1.549793
1.542077
1.542077
1.559042
1.559042
1.543987
1.543987
1.548014
1.548014
1.550316
1.550316
1.551576
1.551576
1.541121
1.541121
1.553044
1.553044
1.546323
1.546323
1.544533
1.544533
1.545811
1.545811
1.546504
1.546504
1.549260
1.549260
1.551579
1.551579
1.543310
1.543310
1.544432
1.544432
1.547576
1.547576
1.552057
1.552057
1.552796
1.552796
1.549460
1.549460
1.539227
1.539227
1.540270
1.540270
1.542402
1.542402
1.551418
1.551418
1.553073
1.553073
1.548225
1.548225
1.537796
1.537796
1.548828
1.548828
1.548522
1.548522
1.544596
1.544596
1.551835
1.551835
1.538980
1.538980
1.545548
1.545548
1.541559
1.541559
1.552199
1.552199
1.550217
1.550217
1.544330
1.544330
1.545280
1.545280
1.547908
1.547908
1.548992
1.548992
1.543133
1.543133
1.549660
1.549660
1.551691
1.551691
1.542951
1.542951
1.549181
1.549181
1.549676
1.549676
1.537836
1.537836
1.553310
1.553310
1.549121
1.549121
1.540952
1.540952
1.549630
1.549630
1.537660
1.537660
1.551214
1.551214
1.549417
1.549417
1.537399
1.537399
1.551686
1.551686
1.540819
1.540819
1.542041
1.542041
1.553937
1.553937
1.548349
1.548349
1.541716
1.541716
1.544785
1.544785
1.552454
1.552454
1.546760
1.546760
1.539728
1.539728
1.542059
1.542059
1.550695
1.550695
1.540611
1.540611
1.552238
1.552238
1.546520
1.546520
1.544843
1.544843
1.545191
1.545191
1.552177
1.552177
1.544922
1.544922
1.547310
1.547310
1.540435
1.540435
1.543403
1.543403
1.545599
1.545599
1.547238
1.547238
1.541401
1.541401
1.540889
1.540889
1.556106
1.556106
1.537768
1.537768
1.540233
1.540233
1.547735
1.547735
1.552198
1.552198
1.551589
1.551589
1.547392
1.547392
1.538189
1.538189
1.546972
1.546972
1.545413
1.545413
1.551205
1.551205
1.546946
1.546946
1.544027
1.544027
1.547508
1.547508
1.543689
1.543689
1.545444
1.545444
1.542036
1.542036
1.544549
1.544549
1.545813
1.545813
1.544621
1.544621
1.552140
1.552140
1.540717
1.540717
1.546998
1.546998
1.546507
1.546507
1.546834
1.546834
1.545828
1.545828
1.540324
1.540324
1.543511
1.543511
1.547041
1.547041
1.550210
1.550210
1.545304
1.545304
1.549159
1.549159
1.545844
1.545844
1.542346
1.542346
1.549738
1.549738
1.537113
1.537113
1.552974
1.552974
1.535482
1.535482
1.548438
1.548438
1.539059
1.539059
1.552608
1.552608
1.539783
1.539783
1.546882
1.546882
1.548942
1.548942
1.541012
1.541012
1.551883
1.551883
1.551689
1.551689
1.541161
1.541161
1.550581
1.550581
1.542464
1.542464
1.539080
1.539080
1.536052
1.536052
1.542908
1.542908
1.556567
1.556567
1.547951
1.547951
1.542234
1.542234
1.541836
1.541836
1.538832
1.538832
1.554065
1.554065
1.541863
1.541863
1.551499
1.551499
1.539627
1.539627
1.547608
1.547608
1.552850
1.552850
1.549714
1.549714
1.533025
1.533025
1.542497
1.542497
1.546547
1.546547
1.544366
1.544366
1.551343
1.551343
1.539364
1.539364
1.552278
1.552278
1.541826
1.541826
1.545259
1.545259
1.546244
1.546244
1.537532
1.537532
1.546800
1.546800
1.551692
1.551692
1.544233
1.544233
1.546508
1.546508
1.531967
1.531967
1.538629
1.538629
1.545520
1.545520
1.545053
1.545053
1.542971
1.542971
1.554788
1.554788
1.546136
1.546136
1.547272
1.547272
1.544158
1.544158
1.541994
1.541994
1.543718
1.543718
1.538043
1.538043
1.540081
1.540081
1.541591
1.541591
1.561540
1.561540
1.540390
1.540390
1.546935
1.546935
1.537813
1.537813
1.544325
1.544325
1.548589
1.548589
1.544590
1.544590
1.548016
1.548016
1.546965
1.546965
1.540997
1.540997
1.536876
1.536876
1.550669
1.550669
1.550915
1.550915
1.542346
1.542346
1.533282
1.533282
1.550078
1.550078
1.544948
1.544948
1.545435
1.545435
1.536808
1.536808
1.545961
1.545961
1.541989
1.541989
1.553328
1.553328
1.539078
1.539078
1.545083
1.545083
1.548135
1.548135
1.547662
1.547662
1.539700
1.539700
1.539791
1.539791
1.544971
1.544971
1.547233
1.547233
1.553076
1.553076
1.532635
1.532635
1.538679
1.538679
1.547394
1.547394
1.548338
1.548338
1.545244
1.545244
1.539968
1.539968
1.548796
1.548796
1.540628
1.540628
1.539128
1.539128
1.549778
1.549778
1.541507
1.541507
1.535408
1.535408
1.540884
1.540884
1.541910
1.541910
1.552443
1.552443
1.552461
1.552461
1.539287
1.539287
1.542123
1.542123
1.547854
1.547854
1.545154
1.545154
1.547875
1.547875
1.542988
1.542988
1.544293
1.544293
1.551802
1.551802
1.537660
1.537660
1.544914
1.544914
1.540292
1.540292
1.534291
1.534291
1.541764
1.541764
1.554677
1.554677
1.552703
1.552703
1.543220
1.543220
1.551529
1.551529
1.546211
1.546211
1.536063
1.536063
1.543385
1.543385
1.553158
1.553158
1.537827
1.537827
1.540711
1.540711
1.542187
1.542187
1.546590
1.546590
1.543346
1.543346
1.546330
1.546330
1.541402
1.541402
1.545523
1.545523
1.541992
1.541992
1.551809
1.551809
1.537707
1.537707
1.541132
1.541132
1.541367
1.541367
1.547751
1.547751
1.544616
1.544616
1.538493
1.538493
1.547838
1.547838
1.538296
1.538296
1.551227
1.551227
1.543405
1.543405
1.536195
1.536195
1.542526
1.542526
1.549305
1.549305
1.548181
1.548181
1.540597
1.540597
1.549462
1.549462
1.537446
1.537446
1.545749
1.545749
1.546468
1.546468
1.539411
1.539411
1.551837
1.551837
1.543003
1.543003
1.539284
1.539284
1.547672
1.547672
1.548595
1.548595
1.540869
1.540869
1.540798
1.540798
1.545503
1.545503
1.546534
1.546534
1.549749
1.549749
1.544260
1.544260
1.542134
1.542134
1.542757
1.542757
1.543687
1.543687
1.542236
1.542236
1.542969
1.542969
1.547049
1.547049
1.547666
1.547666
1.542962
1.542962
1.553220
1.553220
1.544164
1.544164
1.544711
1.544711
1.541294
1.541294
1.538418
1.538418
1.552056
1.552056
1.542411
1.542411
1.537323
1.537323
1.541700
1.541700
1.552023
1.552023
1.541899
1.541899
1.545306
1.545306
1.543237
1.543237
1.539128
1.539128
1.557093
1.557093
1.538206
1.538206
1.545988
1.545988
1.545771
1.545771
1.544301
1.544301
1.549558
1.549558
1.545319
1.545319
1.546434
1.546434
1.542801
1.542801
1.546778
1.546778
1.538367
1.538367
1.545883
1.545883
1.545698
1.545698
1.549706
1.549706
1.533063
1.533063
1.547061
1.547061
1.548364
1.548364
1.540756
1.540756
1.544127
1.544127
1.537741
1.537741
1.552157
1.552157
1.545757
1.545757
1.540363
1.540363
1.537647
1.537647
1.557010
1.557010
1.539107
1.539107
1.546122
1.546122
1.535559
1.535559
1.545267
1.545267
1.544639
1.544639
1.551651
1.551651
1.537425
1.537425
1.548229
1.548229
1.548501
1.548501
1.538615
1.538615
1.549688
1.549688
1.550193
1.550193
1.544418
1.544418
1.538602
1.538602
1.541141
1.541141
1.546868
1.546868
1.541529
1.541529
1.538925
1.538925
1.548049
1.548049
1.539580
1.539580
1.554627
1.554627
1.539486
1.539486
1.546211
1.546211
1.546481
1.546481
1.546999
1.546999
1.538790
1.538790
1.541754
1.541754
1.549205
1.549205
1.537733
1.537733
1.541243
1.541243
1.551126
1.551126
1.545996
1.545996
1.541406
1.541406
1.549010
1.549010
1.548332
1.548332
1.530331
1.530331
1.534313
1.534313
1.555790
1.555790
1.541616
1.541616
1.542826
1.542826
1.543714
1.543714
1.545014
1.545014
1.538455
1.538455
1.537323
1.537323
1.550801
1.550801
1.546998
1.546998
1.540132
1.540132
1.547667
1.547667
1.547980
1.547980
1.534944
1.534944
1.547488
1.547488
1.534925
1.534925
1.552202
1.552202
1.538753
1.538753
1.546917
1.546917
1.544056
1.544056
1.534702
1.534702
1.538948
1.538948
1.543415
1.543415
1.550948
1.550948
1.550221
1.550221
1.544227
1.544227
1.539345
1.539345
1.541699
1.541699
1.554984
1.554984
1.533264
1.533264
1.545475
1.545475
1.542518
1.542518
1.542091
1.542091
1.542368
1.542368
1.543589
1.543589
1.544476
1.544476
1.546533
1.546533
1.539160
1.539160
1.537214
1.537214
1.549880
1.549880
1.537349
1.537349
1.546183
1.546183
1.540894
1.540894
1.546215
1.546215
1.544783
1.544783
1.548010
1.548010
1.540150
1.540150
1.546718
1.546718
1.543327
1.543327
1.534061
1.534061
1.538133
1.538133
1.553278
1.553278
1.545214
1.545214
1.541577
1.541577
1.533787
1.533787
1.543936
1.543936
1.558241
1.558241
1.535190
1.535190
1.535344
1.535344
1.540753
1.540753
1.547372
1.547372
1.541619
1.541619
1.548447
1.548447
1.537973
1.537973
1.536331
1.536331
1.541052
1.541052
1.545966
1.545966
1.543174
1.543174
1.547662
1.547662
1.532843
1.532843
1.550240
1.550240
1.538512
1.538512
1.537197
1.537197
1.544579
1.544579
1.543537
1.543537
1.556160
1.556160
1.542059
1.542059
1.537292
1.537292
1.537929
1.537929
1.539809
1.539809
1.541246
1.541246
1.544290
1.544290
1.544976
1.544976
1.541559
1.541559
1.541749
1.541749
1.544311
1.544311
1.540218
1.540218
1.543904
1.543904
1.542080
1.542080
1.542695
1.542695
1.543747
1.543747
1.539428
1.539428
1.539389
1.539389
1.550903
1.550903
1.537021
1.537021
1.538856
1.538856
1.541542
1.541542
1.537972
1.537972
1.547921
1.547921
1.545558
1.545558
1.546803
1.546803
1.543676
1.543676
1.543537
1.543537
1.537968
1.537968
1.536741
1.536741
1.535427
1.535427
1.548066
1.548066
1.533155
1.533155
1.556037
1.556037
1.534975
1.534975
1.539407
1.539407
1.543291
1.543291
1.537562
1.537562
1.544005
1.544005
1.545347
1.545347
1.540564
1.540564
1.547820
1.547820
1.540309
1.540309
1.542562
1.542562
1.534791
1.534791
1.550220
1.550220
1.534163
1.534163
1.538847
1.538847
1.540046
1.540046
1.545987
1.545987
1.539224
1.539224
1.552035
1.552035
1.530489
1.530489
1.543281
1.543281
1.544387
1.544387
1.533820
1.533820
1.545830
1.545830
1.545299
1.545299
1.541669
1.541669
1.542773
1.542773
1.545260
1.545260
1.537706
1.537706
1.543286
1.543286
1.534265
1.534265
1.551410
1.551410
1.538158
1.538158
1.538926
1.538926
1.541772
1.541772
1.545643
1.545643
1.546043
1.546043
1.541261
1.541261
1.545353
1.545353
1.542594
1.542594
1.541844
1.541844
1.536971
1.536971
1.541721
1.541721
1.547048
1.547048
1.540127
1.540127
1.538840
1.538840
1.541104
1.541104
1.532248
1.532248
1.537503
1.537503
1.541788
1.541788
1.541735
1.541735
1.560443
1.560443
1.547419
1.547419
1.541811
1.541811
1.536255
1.536255
1.544147
1.544147
1.537745
1.537745
1.544809
1.544809
1.541989
1.541989
1.535159
1.535159
1.543370
1.543370
1.544201
1.544201
1.543368
1.543368
1.542019
1.542019
1.542019
1.542019
1.540318
1.540318
1.540874
1.540874
1.537456
1.537456
1.543528
1.543528
1.544943
1.544943
1.540711
1.540711
1.542076
1.542076
1.545771
1.545771
1.535523
1.535523
1.539209
1.539209
1.544877
1.544877
1.543323
1.543323
1.537356
1.537356
1.543290
1.543290
1.537159
1.537159
1.543621
1.543621
1.548139
1.548139
1.540768
1.540768
1.546666
1.546666
1.547305
1.547305
1.533246
1.533246
1.538263
1.538263
1.544714
1.544714
1.544532
1.544532
1.542472
1.542472
1.539250
1.539250
1.532860
1.532860
1.534870
1.534870
1.544551
1.544551
1.535284
1.535284
1.544182
1.544182
1.548433
1.548433
1.538105
1.538105
1.534859
1.534859
1.544704
1.544704
1.551121
1.551121
1.534060
1.534060
1.536292
1.536292
1.538879
1.538879
1.544282
1.544282
1.542071
1.542071
1.543534
1.543534
1.543181
1.543181
1.542553
1.542553
1.543542
1.543542
1.535865
1.535865
1.538229
1.538229
1.537581
1.537581
1.547829
1.547829
1.535684
1.535684
1.537554
1.537554
1.547035
1.547035
1.540339
1.540339
1.548001
1.548001
1.537787
1.537787
1.539646
1.539646
1.537179
1.537179
1.542919
1.542919
1.544015
1.544015
1.535835
1.535835
1.537013
1.537013
1.545403
1.545403
1.536665
1.536665
1.539980
1.539980
1.540981
1.540981
1.544594
1.544594
1.541637
1.541637
1.547276
1.547276
1.537333
1.537333
1.539706
1.539706
1.539456
1.539456
1.538831
1.538831
1.540408
1.540408
1.534811
1.534811
1.542954
1.542954
1.540492
1.540492
1.545236
1.545236
1.530155
1.530155
1.548632
1.548632
1.547333
1.547333
1.541489
1.541489
1.532517
1.532517
1.529454
1.529454
1.544103
1.544103
1.538163
1.538163
1.545294
1.545294
1.546803
1.546803
1.539347
1.539347
1.539649
1.539649
1.536518
1.536518
1.544333
1.544333
1.542755
1.542755
1.533084
1.533084
1.540116
1.540116
1.542241
1.542241
1.548736
1.548736
1.536929
1.536929
1.541675
1.541675
1.534188
1.534188
1.543016
1.543016
1.542033
1.542033
1.541614
1.541614
1.541564
1.541564
1.539535
1.539535
1.541640
1.541640
1.543649
1.543649
1.534120
1.534120
1.535064
1.535064
1.544496
1.544496
1.539378
1.539378
1.539264
1.539264
1.545215
1.545215
1.544159
1.544159
1.540966
1.540966
1.538174
1.538174
1.542100
1.542100
1.535008
1.535008
1.537308
1.537308
1.544117
1.544117
1.543947
1.543947
1.534182
1.534182
1.543019
1.543019
1.542357
1.542357
1.544743
1.544743
1.542699
1.542699
1.534943
1.534943
1.535518
1.535518
1.532102
1.532102
1.545824
1.545824
1.546146
1.546146
1.542394
1.542394
1.532950
1.532950
1.546000
1.546000
1.536333
1.536333
1.543257
1.543257
1.541086
1.541086
1.532465
1.532465
1.539432
1.539432
1.533047
1.533047
1.547088
1.547088
1.540889
1.540889
1.540617
1.540617
1.545686
1.545686
1.545239
1.545239
1.544947
1.544947
1.532692
1.532692
1.529163
1.529163
1.548644
1.548644
1.539470
1.539470
1.543355
1.543355
1.539141
1.539141
1.526255
1.526255
1.537798
1.537798
1.542533
1.542533
1.538536
1.538536
1.542668
1.542668
1.538735
1.538735
1.541869
1.541869
1.546371
1.546371
1.537161
1.537161
1.537490
1.537490
1.536643
1.536643
1.535173
1.535173
1.533350
1.533350
1.539005
1.539005
1.546554
1.546554
1.548884
1.548884
1.546004
1.546004
1.543369
1.543369
1.537496
1.537496
1.529034
1.529034
1.546857
1.546857
1.537036
1.537036
1.534647
1.534647
1.541655
1.541655
1.542600
1.542600
1.546587
1.546587
1.540289
1.540289
1.542237
1.542237
1.535507
1.535507
1.533419
1.533419
1.552545
1.552545
1.539878
1.539878
1.541678
1.541678
1.546406
1.546406
1.532556
1.532556
1.540175
1.540175
1.543156
1.543156
1.538417
1.538417
1.540095
1.540095
1.539360
1.539360
1.539680
1.539680
1.536445
1.536445
1.532818
1.532818
1.544361
1.544361
1.549790
1.549790
1.536427
1.536427
1.534458
1.534458
1.533865
1.533865
1.546043
1.546043
1.541639
1.541639
1.546833
1.546833
1.548408
1.548408
1.536908
1.536908
1.532396
1.532396
1.547517
1.547517
1.534989
1.534989
1.550010
1.550010
1.538100
1.538100
1.533259
1.533259
1.539266
1.539266
1.541767
1.541767
1.542196
1.542196
1.533648
1.533648
1.545617
1.545617
1.546293
1.546293
1.532183
1.532183
1.552539
1.552539
1.535312
1.535312
1.534742
1.534742
1.541406
1.541406
1.537281
1.537281
1.534085
1.534085
1.537636
1.537636
1.542026
1.542026
1.545517
1.545517
1.543460
1.543460
1.540533
1.540533
1.533618
1.533618
1.538120
1.538120
1.538080
1.538080
1.555246
1.555246
1.529343
1.529343
1.541634
1.541634
1.549445
1.549445
1.541921
1.541921
1.538491
1.538491
1.544763
1.544763
1.543989
1.543989
1.536147
1.536147
1.541583
1.541583
1.533437
1.533437
1.537490
1.537490
1.544810
1.544810
1.537753
1.537753
1.540973
1.540973
1.541512
1.541512
1.536623
1.536623
1.540058
1.540058
1.545701
1.545701
1.539477
1.539477
1.540222
1.540222
1.531795
1.531795
1.540400
1.540400
1.548423
1.548423
1.537523
1.537523
1.544763
1.544763
1.548590
1.548590
1.537312
1.537312
1.534019
1.534019
1.539086
1.539086
1.543018
1.543018
1.538187
1.538187
1.545719
1.545719
1.546074
1.546074
1.529505
1.529505
1.541929
1.541929
1.538514
1.538514
1.537930
1.537930
1.541803
1.541803
1.537972
1.537972
1.546170
1.546170
1.534963
1.534963
1.543002
1.543002
1.540614
1.540614
1.550744
1.550744
1.527912
1.527912
1.538021
1.538021
1.540546
1.540546
1.542154
1.542154
1.542416
1.542416
1.536111
1.536111
1.537805
1.537805
1.536733
1.536733
1.533931
1.533931
1.551061
1.551061
1.541142
1.541142
1.541627
1.541627
1.544558
1.544558
1.529568
1.529568
1.538814
1.538814
1.548892
1.548892
1.545536
1.545536
1.542271
1.542271
1.528129
1.528129
1.545177
1.545177
1.541300
1.541300
1.537039
1.537039
1.535854
1.535854
1.543411
1.543411
1.549439
1.549439
1.535914
1.535914
1.542591
1.542591
1.545145
1.545145
1.544998
1.544998
1.534337
1.534337
1.534120
1.534120
1.540650
1.540650
1.540587
1.540587
1.538252
1.538252
1.544920
1.544920
1.537562
1.537562
1.545534
1.545534
1.533723
1.533723
1.552071
1.552071
1.535802
1.535802
1.533578
1.533578
1.540562
1.540562
1.539236
1.539236
1.535383
1.535383
1.541909
1.541909
1.546887
1.546887
1.542138
1.542138
1.533424
1.533424
1.546219
1.546219
1.536114
1.536114
1.544836
1.544836
1.541607
1.541607
1.540843
1.540843
1.533635
1.533635
1.540343
1.540343
1.546099
1.546099
1.539337
1.539337
1.537492
1.537492
1.542220
1.542220
1.538895
1.538895
1.543435
1.543435
1.530143
1.530143
1.540972
1.540972
1.538643
1.538643
1.545972
1.545972
1.545741
1.545741
1.552029
1.552029
1.533050
1.533050
1.541682
1.541682
1.533932
1.533932
1.538190
1.538190
1.539616
1.539616
1.543279
1.543279
1.540018
1.540018
1.538471
1.538471
1.536625
1.536625
1.542946
1.542946
1.529553
1.529553
1.541666
1.541666
1.543422
1.543422
1.541244
1.541244
1.538323
1.538323
1.540732
1.540732
1.530909
1.530909
1.548303
1.548303
1.539747
1.539747
1.532276
1.532276
1.543088
1.543088
1.539078
1.539078
1.539165
1.539165
1.545324
1.545324
1.535697
1.535697
1.543781
1.543781
1.540256
1.540256
1.537098
1.537098
1.540344
1.540344
1.533067
1.533067
1.538498
1.538498
1.541282
1.541282
1.546682
1.546682
1.536475
1.536475
1.537677
1.537677
1.541136
1.541136
1.546050
1.546050
1.537344
1.537344
1.532667
1.532667
1.535313
1.535313
1.542695
1.542695
1.537654
1.537654
1.540417
1.540417
1.541034
1.541034
1.537679
1.537679
1.545730
1.545730
1.536679
1.536679
1.542246
1.542246
1.532389
1.532389
1.545614
1.545614
1.531253
1.531253
1.530247
1.530247
1.548982
1.548982
1.540915
1.540915
1.543941
1.543941
1.542634
1.542634
1.533187
1.533187
1.540064
1.540064
1.535618
1.535618
1.540441
1.540441
1.540438
1.540438
1.541032
1.541032
1.536780
1.536780
1.537365
1.537365
1.544982
1.544982
1.538701
1.538701
1.547853
1.547853
1.529874
1.529874
1.534171
1.534171
1.536965
1.536965
1.537130
1.537130
1.539208
1.539208
1.538888
1.538888
1.547308
1.547308
1.543112
1.543112
1.539878
1.539878
1.536121
1.536121
1.540115
1.540115
1.538333
1.538333
1.540262
1.540262
1.534695
1.534695
1.544933
1.544933
1.541940
1.541940
1.535542
1.535542
1.543329
1.543329
1.544957
1.544957
1.530607
1.530607
1.541154
1.541154
1.539118
1.539118
1.529297
1.529297
1.546911
1.546911
1.535375
1.535375
1.551121
1.551121
1.536013
1.536013
1.536411
1.536411
1.530979
1.530979
1.545087
1.545087
1.542409
1.542409
1.546362
1.546362
1.540635
1.540635
1.548669
1.548669
1.541144
1.541144
1.532668
1.532668
1.534714
1.534714
1.532841
1.532841
1.542743
1.542743
1.539616
1.539616
1.544836
1.544836
1.538736
1.538736
1.551485
1.551485
1.532794
1.532794
1.543977
1.543977
1.534732
1.534732
1.534442
1.534442
1.537649
1.537649
1.547525
1.547525
1.535924
1.535924
1.535763
1.535763
1.542592
1.542592
1.548036
1.548036
1.534950
1.534950
1.535817
1.535817
1.541635
1.541635
1.537113
1.537113
1.543717
1.543717
1.542619
1.542619
1.538342
1.538342
1.536760
1.536760
1.534852
1.534852
1.540247
1.540247
1.540929
1.540929
1.535676
1.535676
1.539829
1.539829
1.540315
1.540315
1.546409
1.546409
1.533298
1.533298
1.540996
1.540996
1.545006
1.545006
1.527109
1.527109
1.540237
1.540237
1.545861
1.545861
1.534753
1.534753
1.540345
1.540345
1.532405
1.532405
1.535125
1.535125
1.540676
1.540676
1.544706
1.544706
1.538407
1.538407
1.534654
1.534654
1.532993
1.532993
1.538173
1.538173
1.534538
1.534538
1.549417
1.549417
1.539057
1.539057
1.537702
1.537702
1.542084
1.542084
1.543774
1.543774
1.536461
1.536461
1.531499
1.531499
1.536590
1.536590
1.536447
1.536447
1.538744
1.538744
1.544711
1.544711
1.535943
1.535943
1.539149
1.539149
1.532842
1.532842
1.535204
1.535204
1.533972
1.533972
1.557305
1.557305
1.535019
1.535019
1.536536
1.536536
1.540094
1.540094
1.541382
1.541382
1.540926
1.540926
1.534218
1.534218
1.537265
1.537265
1.540357
1.540357
1.534817
1.534817
1.549231
1.549231
1.542114
1.542114
1.535223
1.535223
1.538698
1.538698
1.541240
1.541240
1.533609
1.533609
1.535921
1.535921
1.535213
1.535213
1.535842
1.535842
1.541666
1.541666
1.544293
1.544293
1.536265
1.536265
1.542906
1.542906
1.538959
1.538959
1.542071
1.542071
1.527824
1.527824
1.537661
1.537661
1.541091
1.541091
1.539797
1.539797
1.536269
1.536269
1.534656
1.534656
1.536312
1.536312
1.547829
1.547829
1.534510
1.534510
1.536932
1.536932
1.533004
1.533004
1.541891
1.541891
1.531608
1.531608
1.543185
1.543185
1.529117
1.529117
1.545904
1.545904
1.537529
1.537529
1.535901
1.535901
1.536885
1.536885
1.543861
1.543861
1.533943
1.533943
1.533309
1.533309
1.531539
1.531539
1.534904
1.534904
1.547730
1.547730
1.542798
1.542798
1.533221
1.533221
1.542689
1.542689
1.542578
1.542578
1.538619
1.538619
1.528995
1.528995
1.536275
1.536275
1.544546
1.544546
1.530614
1.530614
1.542785
1.542785
1.532577
1.532577
1.536298
1.536298
1.534615
1.534615
1.539555
1.539555
1.540837
1.540837
1.536675
1.536675
1.537971
1.537971
1.537935
1.537935
1.537184
1.537184
1.537760
1.537760
1.537672
1.537672
1.530407
1.530407
1.549715
1.549715
1.539373
1.539373
1.538061
1.538061
1.528790
1.528790
1.536970
1.536970
1.546274
1.546274
1.541200
1.541200
1.525304
1.525304
1.539751
1.539751
1.534238
1.534238
1.542187
1.542187
1.544796
1.544796
1.534934
1.534934
1.531048
1.531048
1.538833
1.538833
1.531775
1.531775
1.542316
1.542316
1.535211
1.535211
1.542113
1.542113
1.537901
1.537901
1.537504
1.537504
1.544228
1.544228
1.533758
1.533758
1.534904
1.534904
1.536097
1.536097
1.535085
1.535085
1.533903
1.533903
1.542424
1.542424
1.543118
1.543118
1.535462
1.535462
1.537866
1.537866
1.542932
1.542932
1.535971
1.535971
1.536607
1.536607
1.542953
1.542953
1.546179
1.546179
1.531660
1.531660
1.526273
1.526273
1.543495
1.543495
1.529038
1.529038
1.541614
1.541614
1.533204
1.533204
1.539487
1.539487
1.548489
1.548489
1.535635
1.535635
1.536445
1.536445
1.544922
1.544922
1.539572
1.539572
1.530782
1.530782
1.527718
1.527718
1.543820
1.543820
1.542546
1.542546
1.540900
1.540900
1.533536
1.533536
1.537522
1.537522
1.539150
1.539150
1.544147
1.544147
1.531104
1.531104
1.538070
1.538070
1.549154
1.549154
1.532610
1.532610
1.537032
1.537032
1.534425
1.534425
1.536430
1.536430
1.539662
1.539662
1.533921
1.533921
1.533969
1.533969
1.540507
1.540507
1.543586
1.543586
1.534782
1.534782
1.544686
1.544686
1.532853
1.532853
1.541034
1.541034
1.536244
1.536244
1.548637
1.548637
1.533036
1.533036
1.535363
1.535363
1.536898
1.536898
1.535389
1.535389
1.536667
1.536667
1.539718
1.539718
1.542487
1.542487
1.530268
1.530268
1.542083
1.542083
1.541730
1.541730
1.538389
1.538389
1.532764
1.532764
1.537414
1.537414
1.540552
1.540552
1.537698
1.537698
1.535945
1.535945
1.540586
1.540586
1.541115
1.541115
1.533834
1.533834
1.536516
1.536516
1.541679
1.541679
1.535571
1.535571
1.535101
1.535101
1.543265
1.543265
1.533765
1.533765
1.540564
1.540564
1.537452
1.537452
1.535848
1.535848
1.545543
1.545543
1.533062
1.533062
1.540490
1.540490
1.532985
1.532985
1.548430
1.548430
1.535756
1.535756
1.536869
1.536869
1.543201
1.543201
1.539534
1.539534
1.530055
1.530055
1.543751
1.543751
1.533947
1.533947
1.539284
1.539284
1.546039
1.546039
1.536614
1.536614
1.535910
1.535910
1.541899
1.541899
1.543755
1.543755
1.532101
1.532101
1.536857
1.536857
1.537758
1.537758
1.538553
1.538553
1.544582
1.544582
1.542047
1.542047
1.532896
1.532896
1.532279
1.532279
1.540637
1.540637
1.540144
1.540144
1.533277
1.533277
1.535417
1.535417
1.542628
1.542628
1.543285
1.543285
1.537452
1.537452
1.537672
1.537672
1.540419
1.540419
1.528486
1.528486
1.528253
1.528253
1.530540
1.530540
1.544168
1.544168
1.542698
1.542698
1.545893
1.545893
1.537557
1.537557
1.530938
1.530938
1.544942
1.544942
1.537096
1.537096
1.538812
1.538812
1.538277
1.538277
1.537076
1.537076
1.532757
1.532757
1.542797
1.542797
1.537965
1.537965
1.537221
1.537221
1.537569
1.537569
1.537630
1.537630
1.537166
1.537166
1.539410
1.539410
1.549594
1.549594
1.536236
1.536236
1.535137
1.535137
1.532979
1.532979
1.532967
1.532967
1.534150
1.534150
1.541434
1.541434
1.533376
1.533376
1.542448
1.542448
1.535905
1.535905
1.536459
1.536459
1.539065
1.539065
1.531742
1.531742
1.537117
1.537117
1.544566
1.544566
1.532732
1.532732
1.533042
1.533042
1.533136
1.533136
1.546623
1.546623
1.542754
1.542754
1.537317
1.537317
1.553711
1.553711
1.531718
1.531718
1.529635
1.529635
1.533783
1.533783
1.541070
1.541070
1.542210
1.542210
1.532140
1.532140
1.541227
1.541227
1.528245
1.528245
1.538297
1.538297
1.543081
1.543081
1.536871
1.536871
1.532198
1.532198
1.536950
1.536950
1.545205
1.545205
1.547078
1.547078
1.527894
1.527894
1.536650
1.536650
1.528152
1.528152
1.536638
1.536638
1.544965
1.544965
1.535589
1.535589
1.540875
1.540875
1.526134
1.526134
1.534261
1.534261
1.531056
1.531056
1.540838
1.540838
1.548428
1.548428
1.530431
1.530431
1.538519
1.538519
1.533756
1.533756
1.530709
1.530709
1.544262
1.544262
1.540294
1.540294
1.534409
1.534409
1.538506
1.538506
1.545873
1.545873
1.536858
1.536858
1.528785
1.528785
1.538028
1.538028
1.534694
1.534694
1.527649
1.527649
1.548079
1.548079
1.538536
1.538536
1.535907
1.535907
1.538594
1.538594
1.526479
1.526479
1.552510
1.552510
1.531724
1.531724
1.545978
1.545978
1.533093
1.533093
1.541703
1.541703
1.536941
1.536941
1.527195
1.527195
1.531006
1.531006
1.537759
1.537759
1.543651
1.543651
1.538016
1.538016
1.538771
1.538771
1.545213
1.545213
1.539677
1.539677
1.535491
1.535491
1.532821
1.532821
1.535999
1.535999
1.536797
1.536797
1.543568
1.543568
1.545369
1.545369
1.536526
1.536526
1.524134
1.524134
1.539777
1.539777
1.543333
1.543333
1.536277
1.536277
1.535383
1.535383
1.534747
1.534747
1.533762
1.533762
1.544760
1.544760
1.534646
1.534646
1.534488
1.534488
1.543920
1.543920
1.543308
1.543308
1.542115
1.542115
1.532709
1.532709
1.527979
1.527979
1.545349
1.545349
1.531882
1.531882
1.543300
1.543300
1.543170
1.543170
1.534206
1.534206
1.535612
1.535612
1.535404
1.535404
1.530096
1.530096
1.541406
1.541406
1.540580
1.540580
1.541334
1.541334
1.537107
1.537107
1.538250
1.538250
1.542984
1.542984
1.533280
1.533280
1.534169
1.534169
1.541016
1.541016
1.529642
1.529642
1.539801
1.539801
1.534912
1.534912
1.541666
1.541666
1.534025
1.534025
1.537738
1.537738
1.534765
1.534765
1.537935
1.537935
1.541839
1.541839
1.543646
1.543646
1.536978
1.536978
1.532783
1.532783
1.532093
1.532093
1.539651
1.539651
1.538028
1.538028
1.537856
1.537856
1.540581
1.540581
1.530090
1.530090
1.537629
1.537629
1.544077
1.544077
1.533910
1.533910
1.542404
1.542404
1.528186
1.528186
1.534438
1.534438
1.540806
1.540806
1.535008
1.535008
1.541508
1.541508
1.528944
1.528944
1.537300
1.537300
1.529150
1.529150
1.533419
1.533419
1.542339
1.542339
1.534891
1.534891
1.545892
1.545892
1.550924
1.550924
1.529035
1.529035
1.533851
1.533851
1.530841
1.530841
1.539051
1.539051
1.539227
1.539227
1.536443
1.536443
1.538183
1.538183
1.531711
1.531711
1.538114
1.538114
1.531073
1.531073
1.546135
1.546135
1.535767
1.535767
1.534043
1.534043
1.536525
1.536525
1.539149
1.539149
1.528543
1.528543
1.548205
1.548205
1.533418
1.533418
1.533458
1.533458
1.537174
1.537174
1.535889
1.535889
1.536862
1.536862
1.537865
1.537865
1.535403
1.535403
1.533141
1.533141
1.537385
1.537385
1.536691
1.536691
1.537983
1.537983
1.538759
1.538759
1.550214
1.550214
1.536744
1.536744
1.539413
1.539413
1.525367
1.525367
1.529353
1.529353
1.535825
1.535825
1.540161
1.540161
1.535064
1.535064
1.534775
1.534775
1.537173
1.537173
1.537325
1.537325
1.537879
1.537879
1.534793
1.534793
1.536655
1.536655
1.535796
1.535796
1.540309
1.540309
1.526248
1.526248
1.537952
1.537952
1.542739
1.542739
1.534789
1.534789
1.535979
1.535979
1.533711
1.533711
1.530851
1.530851
1.544829
1.544829
1.537313
1.537313
1.538624
1.538624
1.526899
1.526899
1.529320
1.529320
1.542937
1.542937
1.547916
1.547916
1.525967
1.525967
1.542928
1.542928
1.535509
1.535509
1.540035
1.540035
1.538877
1.538877
1.533532
1.533532
1.542991
1.542991
1.536141
1.536141
1.531678
1.531678
1.538780
1.538780
1.547885
1.547885
1.524997
1.524997
1.543130
1.543130
1.533218
1.533218
1.531748
1.531748
1.528384
1.528384
1.538919
1.538919
1.533136
1.533136
1.540006
1.540006
1.543540
1.543540
1.543721
1.543721
1.530793
1.530793
1.534582
1.534582
1.535600
1.535600
1.537363
1.537363
1.544043
1.544043
1.522585
1.522585
1.530946
1.530946
1.546706
1.546706
1.537662
1.537662
1.536327
1.536327
1.542634
1.542634
1.540529
1.540529
1.530094
1.530094
1.530145
1.530145
1.533239
1.533239
1.537872
1.537872
1.540460
1.540460
1.533285
1.533285
1.536412
1.536412
1.534356
1.534356
1.532135
1.532135
1.543494
1.543494
1.540590
1.540590
1.528221
1.528221
1.534601
1.534601
1.534934
1.534934
1.538067
1.538067
1.541743
1.541743
1.529522
1.529522
1.537196
1.537196
1.537519
1.537519
1.536116
1.536116
1.534560
1.534560
1.534785
1.534785
1.540669
1.540669
1.539343
1.539343
1.538084
1.538084
1.528809
1.528809
1.533191
1.533191
1.538699
1.538699
1.535273
1.535273
1.534511
1.534511
1.537183
1.537183
1.535470
1.535470
1.542584
1.542584
1.537502
1.537502
1.538994
1.538994
1.533940
1.533940
1.525701
1.525701
1.528067
1.528067
1.540336
1.540336
1.544603
1.544603
1.533091
1.533091
1.535443
1.535443
1.536736
1.536736
1.533375
1.533375
1.533430
1.533430
1.541230
1.541230
1.537043
1.537043
1.540052
1.540052
1.534558
1.534558
1.533947
1.533947
1.539516
1.539516
1.531859
1.531859
1.537835
1.537835
1.539533
1.539533
1.537583
1.537583
1.532861
1.532861
1.531488
1.531488
1.535163
1.535163
1.531156
1.531156
1.538777
1.538777
1.535520
1.535520
1.540629
1.540629
1.533410
1.533410
1.532453
1.532453
1.544472
1.544472
1.531090
1.531090
1.538982
1.538982
1.535026
1.535026
1.542607
1.542607
1.529052
1.529052
1.534379
1.534379
1.539156
1.539156
1.531979
1.531979
1.525466
1.525466
1.547111
1.547111
1.535596
1.535596
1.540210
1.540210
1.541178
1.541178
1.530641
1.530641
1.537409
1.537409
1.531507
1.531507
1.539135
1.539135
1.537076
1.537076
1.534343
1.534343
1.535610
1.535610
1.536086
1.536086
1.535345
1.535345
1.527213
1.527213
1.541791
1.541791
1.538074
1.538074
1.539769
1.539769
1.529393
1.529393
1.536408
1.536408
1.540414
1.540414
1.535316
1.535316
1.531125
1.531125
1.533778
1.533778
1.538789
1.538789
1.534227
1.534227
1.533535
1.533535
1.536826
1.536826
1.533322
1.533322
1.535688
1.535688
1.537380
1.537380
1.536830
1.536830
1.534910
1.534910
1.531080
1.531080
1.530187
1.530187
1.532505
1.532505
1.536735
1.536735
1.534698
1.534698
1.545417
1.545417
1.530938
1.530938
1.538009
1.538009
1.532470
1.532470
1.537214
1.537214
1.538693
1.538693
1.536427
1.536427
1.538649
1.538649
1.530500
1.530500
1.537168
1.537168
1.532656
1.532656
1.529901
1.529901
1.536886
1.536886
1.534125
1.534125
1.538602
1.538602
1.536728
1.536728
1.533216
1.533216
1.537661
1.537661
1.531454
1.531454
1.534610
1.534610
1.539670
1.539670
1.535244
1.535244
1.538502
1.538502
1.532252
1.532252
1.537756
1.537756
1.529794
1.529794
1.536070
1.536070
1.528820
1.528820
1.539269
1.539269
1.538136
1.538136
1.531515
1.531515
1.529601
1.529601
1.537400
1.537400
1.533535
1.533535
1.537184
1.537184
1.537260
1.537260
1.543200
1.543200
1.535106
1.535106
1.535985
1.535985
1.530551
1.530551
1.527068
1.527068
1.544960
1.544960
1.528446
1.528446
1.534029
1.534029
1.537840
1.537840
1.525943
1.525943
1.529506
1.529506
1.538786
1.538786
1.534345
1.534345
1.541699
1.541699
1.527613
1.527613
1.536316
1.536316
1.537515
1.537515
1.532091
1.532091
1.533279
1.533279
1.535652
1.535652
1.530493
1.530493
1.543513
1.543513
1.533095
1.533095
1.533515
1.533515
1.534406
1.534406
1.538823
1.538823
1.529465
1.529465
1.530948
1.530948
1.543164
1.543164
1.532460
1.532460
1.528795
1.528795
1.536105
1.536105
1.537976
1.537976
1.540992
1.540992
1.531121
1.531121
1.543284
1.543284
1.536969
1.536969
1.529910
1.529910
1.540053
1.540053
1.522915
1.522915
1.535775
1.535775
1.535378
1.535378
1.539424
1.539424
1.535912
1.535912
1.528418
1.528418
1.531377
1.531377
1.536438
1.536438
1.544686
1.544686
1.530816
1.530816
1.532839
1.532839
1.534147
1.534147
1.531303
1.531303
1.535455
1.535455
1.537940
1.537940
1.538653
1.538653
1.530132
1.530132
1.542005
1.542005
1.526613
1.526613
1.540257
1.540257
1.537999
1.537999
1.539756
1.539756
1.535021
1.535021
1.529836
1.529836
1.536550
1.536550
1.534643
1.534643
1.535391
1.535391
1.533374
1.533374
1.531586
1.531586
1.539776
1.539776
1.535016
1.535016
1.525286
1.525286
1.536841
1.536841
1.539961
1.539961
1.524743
1.524743
1.551682
1.551682
1.541321
1.541321
1.533120
1.533120
1.535024
1.535024
1.531965
1.531965
1.529873
1.529873
1.543872
1.543872
1.535153
1.535153
1.530053
1.530053
1.534420
1.534420
1.525719
1.525719
1.536141
1.536141
1.534282
1.534282
1.533027
1.533027
1.534005
1.534005
1.533125
1.533125
1.542929
1.542929
1.529412
1.529412
1.530471
1.530471
1.527704
1.527704
1.541968
1.541968
1.533087
1.533087
1.539750
1.539750
1.532243
1.532243
1.531518
1.531518
1.533009
1.533009
1.525047
1.525047
1.531048
1.531048
1.535610
1.535610
1.539017
1.539017
1.540739
1.540739
1.537190
1.537190
1.525360
1.525360
1.537164
1.537164
1.536531
1.536531
1.532951
1.532951
1.535890
1.535890
1.533381
1.533381
1.528172
1.528172
1.537705
1.537705
1.534408
1.534408
1.546147
1.546147
1.527759
1.527759
1.531372
1.531372
1.531707
1.531707
1.531916
1.531916
1.541338
1.541338
1.533645
1.533645
1.536664
1.536664
1.521637
1.521637
1.537138
1.537138
1.535618
1.535618
1.532107
1.532107
1.531920
1.531920
1.535506
1.535506
1.534680
1.534680
1.533425
1.533425
1.531834
1.531834
1.537470
1.537470
1.533017
1.533017
1.533691
1.533691
1.530461
1.530461
1.538072
1.538072
1.534462
1.534462
1.531461
1.531461
1.534889
1.534889
1.525991
1.525991
1.542369
1.542369
1.531420
1.531420
1.530829
1.530829
1.539485
1.539485
1.531157
1.531157
1.541650
1.541650
1.532355
1.532355
1.532087
1.532087
1.529994
1.529994
1.532484
1.532484
1.530562
1.530562
1.536077
1.536077
1.537515
1.537515
1.530514
1.530514
1.531529
1.531529
1.536327
1.536327
1.528880
1.528880
1.533087
1.533087
1.539054
1.539054
1.535410
1.535410
1.535987
1.535987
1.525610
1.525610
1.534541
1.534541
1.535828
1.535828
1.534917
1.534917
1.533368
1.533368
1.529704
1.529704
1.533468
1.533468
1.535381
1.535381
1.533934
1.533934
1.532947
1.532947
1.533092
1.533092
1.536093
1.536093
1.528734
1.528734
1.532341
1.532341
1.536157
1.536157
1.541664
1.541664
1.524330
1.524330
1.530760
1.530760
1.536617
1.536617
1.537466
1.537466
1.535374
1.535374
1.528839
1.528839
1.525287
1.525287
1.531608
1.531608
1.536107
1.536107
1.532170
1.532170
1.530327
1.530327
1.536222
1.536222
1.530237
1.530237
1.534011
1.534011
1.530118
1.530118
1.536199
1.536199
1.535502
1.535502
1.539250
1.539250
1.531347
1.531347
1.529033
1.529033
1.525779
1.525779
1.542437
1.542437
1.528004
1.528004
1.527641
1.527641
1.540305
1.540305
1.535423
1.535423
1.534175
1.534175
1.532959
1.532959
1.525483
1.525483
1.534422
1.534422
1.543625
1.543625
1.527228
1.527228
1.535573
1.535573
1.529171
1.529171
1.537879
1.537879
1.530924
1.530924
1.532359
1.532359
1.531766
1.531766
1.535984
1.535984
1.537464
1.537464
1.537625
1.537625
1.520518
1.520518
1.539104
1.539104
1.531448
1.531448
1.533483
1.533483
1.535159
1.535159
1.526092
1.526092
1.533379
1.533379
1.534565
1.534565
1.527129
1.527129
1.536120
1.536120
1.537371
1.537371
1.532598
1.532598
1.552058
1.552058
1.527871
1.527871
1.525208
1.525208
1.528176
1.528176
1.532928
1.532928
1.531828
1.531828
1.533273
1.533273
1.540677
1.540677
1.526053
1.526053
1.539627
1.539627
1.534443
1.534443
1.531116
1.531116
1.526446
1.526446
1.535234
1.535234
1.534284
1.534284
1.532827
1.532827
1.530693
1.530693
1.535450
1.535450
1.532830
1.532830
1.533717
1.533717
1.527696
1.527696
1.534932
1.534932
1.536922
1.536922
1.532684
1.532684
1.532371
1.532371
1.532276
1.532276
1.538045
1.538045
1.530968
1.530968
1.532304
1.532304
1.529192
1.529192
1.527716
1.527716
1.534780
1.534780
1.539608
1.539608
1.536033
1.536033
1.538319
1.538319
1.534257
1.534257
1.527708
1.527708
1.528940
1.528940
1.539034
1.539034
1.537530
1.537530
1.536358
1.536358
1.531059
1.531059
1.529016
1.529016
1.532631
1.532631
1.540040
1.540040
1.533099
1.533099
1.534300
1.534300
1.536009
1.536009
1.519652
1.519652
1.534369
1.534369
1.528648
1.528648
1.532606
1.532606
1.535231
1.535231
1.537004
1.537004
1.531173
1.531173
1.533267
1.533267
1.535563
1.535563
1.533854
1.533854
1.532882
1.532882
1.534198
1.534198
1.527223
1.527223
1.529690
1.529690
1.538196
1.538196
1.539318
1.539318
1.534069
1.534069
1.533514
1.533514
1.527188
1.527188
1.538635
1.538635
1.533995
1.533995
1.539687
1.539687
1.528446
1.528446
1.532298
1.532298
1.535168
1.535168
1.531329
1.531329
1.534923
1.534923
1.533811
1.533811
1.533798
1.533798
1.529698
1.529698
1.536002
1.536002
1.529536
1.529536
1.529691
1.529691
1.540153
1.540153
1.534909
1.534909
1.533143
1.533143
1.533610
1.533610
1.536108
1.536108
1.526577
1.526577
1.530276
1.530276
1.543742
1.543742
1.536781
1.536781
1.529753
1.529753
1.533140
1.533140
1.533739
1.533739
1.534099
1.534099
1.536971
1.536971
1.534436
1.534436
1.532540
1.532540
1.528686
1.528686
1.534582
1.534582
1.535743
1.535743
1.528876
1.528876
1.534075
1.534075
1.533458
1.533458
1.534732
1.534732
1.537182
1.537182
1.520453
1.520453
1.544302
1.544302
1.533643
1.533643
1.529697
1.529697
1.530683
1.530683
1.531289
1.531289
1.539146
1.539146
1.529485
1.529485
1.536494
1.536494
1.535256
1.535256
1.533254
1.533254
1.530324
1.530324
1.530689
1.530689
1.538075
1.538075
1.534154
1.534154
1.529882
1.529882
1.535689
1.535689
1.532343
1.532343
1.534779
1.534779
1.537076
1.537076
1.532837
1.532837
1.530639
1.530639
1.535626
1.535626
1.529458
1.529458
1.534371
1.534371
1.540686
1.540686
1.528840
1.528840
1.532069
1.532069
1.529952
1.529952
1.532363
1.532363
1.532512
1.532512
1.526755
1.526755
1.545394
1.545394
1.527630
1.527630
1.535340
1.535340
1.526057
1.526057
1.539143
1.539143
1.526343
1.526343
1.541263
1.541263
1.540532
1.540532
1.525796
1.525796
1.533640
1.533640
1.538180
1.538180
1.526070
1.526070
1.532801
1.532801
1.540524
1.540524
1.535556
1.535556
1.526866
1.526866
1.529645
1.529645
1.525665
1.525665
1.538145
1.538145
1.534610
1.534610
1.534197
1.534197
1.534106
1.534106
1.528929
1.528929
1.539274
1.539274
1.532699
1.532699
1.527140
1.527140
1.540586
1.540586
1.526104
1.526104
1.535738
1.535738
1.538220
1.538220
1.534039
1.534039
1.532162
1.532162
1.532210
1.532210
1.535106
1.535106
1.531677
1.531677
1.537915
1.537915
1.528372
1.528372
1.530020
1.530020
1.534606
1.534606
1.541757
1.541757
1.534103
1.534103
1.524035
1.524035
1.535110
1.535110
1.531199
1.531199
1.538722
1.538722
1.536615
1.536615
1.523049
1.523049
1.524451
1.524451
1.536059
1.536059
1.538944
1.538944
1.537032
1.537032
1.529680
1.529680
1.534618
1.534618
1.531646
1.531646
1.531459
1.531459
1.532302
1.532302
1.537746
1.537746
1.528816
1.528816
1.533740
1.533740
1.531292
1.531292
1.538684
1.538684
1.533477
1.533477
1.544971
1.544971
1.526049
1.526049
1.528955
1.528955
1.533817
1.533817
1.531161
1.531161
1.533050
1.533050
1.533427
1.533427
1.525412
1.525412
1.537792
1.537792
1.536302
1.536302
1.533437
1.533437
1.538437
1.538437
1.536844
1.536844
1.531249
1.531249
1.521692
1.521692
1.536081
1.536081
1.531957
1.531957
1.535278
1.535278
1.534807
1.534807
1.524217
1.524217
1.531420
1.531420
1.537897
1.537897
1.536623
1.536623
1.535207
1.535207
1.521011
1.521011
1.540298
1.540298
1.528247
1.528247
1.537010
1.537010
1.532586
1.532586
1.526077
1.526077
1.535147
1.535147
1.529298
1.529298
1.535330
1.535330
1.531463
1.531463
1.536156
1.536156
1.534662
1.534662
1.541238
1.541238
1.530255
1.530255
1.532190
1.532190
1.526721
1.526721
1.532759
1.532759
1.537682
1.537682
1.530841
1.530841
1.530958
1.530958
1.535269
1.535269
1.535415
1.535415
1.539274
1.539274
1.532240
1.532240
1.533320
1.533320
1.524184
1.524184
1.535558
1.535558
1.534219
1.534219
1.534064
1.534064
1.528562
1.528562
1.534904
1.534904
1.526099
1.526099
1.532193
1.532193
1.538199
1.538199
1.534045
1.534045
1.537255
1.537255
1.529455
1.529455
1.531011
1.531011
1.530141
1.530141
1.536626
1.536626
1.541466
1.541466
1.536909
1.536909
1.526744
1.526744
1.526758
1.526758
1.534346
1.534346
1.544531
1.544531
1.535804
1.535804
1.535526
1.535526
1.533949
1.533949
1.531364
1.531364
1.527932
1.527932
1.536404
1.536404
1.526705
1.526705
1.543268
1.543268
1.527424
1.527424
1.531805
1.531805
1.540791
1.540791
1.532083
1.532083
1.530174
1.530174
1.527846
1.527846
1.535795
1.535795
1.527469
1.527469
1.529785
1.529785
1.537011
1.537011
1.532782
1.532782
1.540855
1.540855
1.531025
1.531025
1.535356
1.535356
1.536991
1.536991
1.531808
1.531808
1.529056
1.529056
1.533001
1.533001
1.534288
1.534288
1.531040
1.531040
1.537989
1.537989
1.526813
1.526813
1.528484
1.528484
1.527604
1.527604
1.527470
1.527470
1.538284
1.538284
1.546276
1.546276
1.533138
1.533138
1.539766
1.539766
1.533289
1.533289
1.531626
1.531626
1.523922
1.523922
1.524408
1.524408
1.540633
1.540633
1.534346
1.534346
1.531528
1.531528
1.533272
1.533272
1.530673
1.530673
1.528578
1.528578
1.534634
1.534634
1.542636
1.542636
1.525494
1.525494
1.528220
1.528220
1.546489
1.546489
1.525916
1.525916
1.528045
1.528045
1.536220
1.536220
1.530955
1.530955
1.529132
1.529132
1.529925
1.529925
1.535242
1.535242
1.540837
1.540837
1.532978
1.532978
1.535177
1.535177
1.533988
1.533988
1.530104
1.530104
1.531144
1.531144
1.538595
1.538595
1.531873
1.531873
1.531836
1.531836
1.529082
1.529082
1.532309
1.532309
1.534686
1.534686
1.535233
1.535233
1.532442
1.532442
1.529184
1.529184
1.531947
1.531947
1.533931
1.533931
1.534855
1.534855
1.531863
1.531863
1.531937
1.531937
1.530337
1.530337
1.534827
1.534827
1.525539
1.525539
1.533364
1.533364
1.535062
1.535062
1.535450
1.535450
1.538345
1.538345
1.528755
1.528755
1.531473
1.531473
1.528239
1.528239
1.537894
1.537894
1.534842
1.534842
1.527791
1.527791
1.533874
1.533874
1.534664
1.534664
1.531431
1.531431
1.534383
1.534383
1.531325
1.531325
1.534390
1.534390
1.523823
1.523823
1.541126
1.541126
1.531850
1.531850
1.533524
1.533524
1.542809
1.542809
1.524717
1.524717
1.528736
1.528736
1.530815
1.530815
1.527941
1.527941
1.534922
1.534922
1.537622
1.537622
1.531485
1.531485
1.531625
1.531625
1.544271
1.544271
1.529628
1.529628
1.527744
1.527744
1.529440
1.529440
1.530371
1.530371
1.532176
1.532176
1.534343
1.534343
1.527145
1.527145
1.542635
1.542635
1.533922
1.533922
1.539551
1.539551
1.531191
1.531191
1.529790
1.529790
1.528695
1.528695
1.529393
1.529393
1.541190
1.541190
1.528485
1.528485
1.530993
1.530993
1.535336
1.535336
1.529742
1.529742
1.525926
1.525926
1.533902
1.533902
1.543400
1.543400
1.532288
1.532288
1.526094
1.526094
1.535648
1.535648
1.532137
1.532137
1.535422
1.535422
1.538001
1.538001
1.533995
1.533995
1.537429
1.537429
1.533376
1.533376
1.530599
1.530599
1.529948
1.529948
1.538337
1.538337
1.538691
1.538691
1.531170
1.531170
1.527516
1.527516
1.529638
1.529638
1.527078
1.527078
1.533573
1.533573
1.540580
1.540580
1.531355
1.531355
1.533932
1.533932
1.536145
1.536145
1.536519
1.536519
1.533681
1.533681
1.526966
1.526966
1.533028
1.533028
1.527303
1.527303
1.532089
1.532089
1.538246
1.538246
1.533532
1.533532
1.537005
1.537005
1.532372
1.532372
1.537204
1.537204
1.537976
1.537976
1.529488
1.529488
1.529016
1.529016
1.534299
1.534299
1.530651
1.530651
1.533676
1.533676
1.543714
1.543714
1.521588
1.521588
1.530800
1.530800
1.528862
1.528862
1.531225
1.531225
1.537927
1.537927
1.540145
1.540145
1.534328
1.534328
1.535935
1.535935
1.537468
1.537468
1.527716
1.527716
1.530774
1.530774
1.532659
1.532659
1.530159
1.530159
1.530868
1.530868
1.545055
1.545055
1.526049
1.526049
1.528300
1.528300
1.537869
1.537869
1.530772
1.530772
1.538664
1.538664
1.530462
1.530462
1.526407
1.526407
1.536055
1.536055
1.537121
1.537121
1.525683
1.525683
1.544749
1.544749
1.539603
1.539603
1.526706
1.526706
1.532234
1.532234
1.535156
1.535156
1.533142
1.533142
1.535205
1.535205
1.530762
1.530762
1.540682
1.540682
1.531228
1.531228
1.527339
1.527339
1.547393
1.547393
1.522937
1.522937
1.538571
1.538571
1.530783
1.530783
1.524594
1.524594
1.535009
1.535009
1.534511
1.534511
1.532524
1.532524
1.535310
1.535310
1.527447
1.527447
1.538972
1.538972
1.530354
1.530354
1.536314
1.536314
1.528090
1.528090
1.532341
1.532341
1.526872
1.526872
1.536507
1.536507
1.534100
1.534100
1.533082
1.533082
1.536692
1.536692
1.542230
1.542230
1.542484
1.542484
1.523272
1.523272
1.527232
1.527232
1.530412
1.530412
1.525179
1.525179
1.539018
1.539018
1.532190
1.532190
1.523906
1.523906
1.551134
1.551134
1.532363
1.532363
1.541180
1.541180
1.533858
1.533858
1.527986
1.527986
1.530364
1.530364
1.526964
1.526964
1.533122
1.533122
1.536821
1.536821
1.539880
1.539880
1.528419
1.528419
1.530891
1.530891
1.534991
1.534991
1.531131
1.531131
1.530679
1.530679
1.540813
1.540813
1.537611
1.537611
1.525484
1.525484
1.529450
1.529450
1.540468
1.540468
1.533417
1.533417
1.530990
1.530990
1.532162
1.532162
1.533384
1.533384
1.537699
1.537699
1.531743
1.531743
1.537073
1.537073
1.524081
1.524081
1.533691
1.533691
1.533238
1.533238
1.540155
1.540155
1.533999
1.533999
1.527932
1.527932
1.535416
1.535416
1.533667
1.533667
1.536047
1.536047
1.525585
1.525585
1.531263
1.531263
1.539468
1.539468
1.534045
1.534045
1.536999
1.536999
1.534985
1.534985
1.531397
1.531397
1.529100
1.529100
1.530396
1.530396
1.543244
1.543244
1.532351
1.532351
1.539223
1.539223
1.532628
1.532628
1.537032
1.537032
1.522002
1.522002
1.532661
1.532661
1.538030
1.538030
1.525157
1.525157
1.537650
1.537650
1.533089
1.533089
1.537461
1.537461
1.531823
1.531823
1.532831
1.532831
1.531852
1.531852
1.533029
1.533029
1.539957
1.539957
1.539286
1.539286
1.525409
1.525409
1.534124
1.534124
1.526597
1.526597
1.530944
1.530944
1.534423
1.534423
1.532190
1.532190
1.536200
1.536200
1.533510
1.533510
1.529438
1.529438
1.532156
1.532156
1.526667
1.526667
1.549472
1.549472
1.527691
1.527691
1.533108
1.533108
1.529104
1.529104
1.537784
1.537784
1.526989
1.526989
1.542144
1.542144
1.537674
1.537674
1.529774
1.529774
1.535302
1.535302
1.528451
1.528451
1.536011
1.536011
1.530914
1.530914
1.534398
1.534398
1.534475
1.534475
1.528104
1.528104
1.540103
1.540103
1.532113
1.532113
1.530173
1.530173
1.530721
1.530721
1.535280
1.535280
1.538777
1.538777
1.535806
1.535806
1.531940
1.531940
1.528993
1.528993
1.540509
1.540509
1.525187
1.525187
1.541416
1.541416
1.534210
1.534210
1.525337
1.525337
1.528677
1.528677
1.534705
1.534705
1.536286
1.536286
1.533855
1.533855
1.525035
1.525035
1.537552
1.537552
1.529496
1.529496
1.534778
1.534778
1.528005
1.528005
1.538837
1.538837
1.529649
1.529649
1.530972
1.530972
1.522889
1.522889
1.539274
1.539274
1.532485
1.532485
1.528908
1.528908
1.541404
1.541404
1.527681
1.527681
1.529734
1.529734
1.529225
1.529225
1.537778
1.537778
1.540222
1.540222
1.542943
1.542943
1.533916
1.533916
1.535336
1.535336
1.525227
1.525227
1.522416
1.522416
1.528811
1.528811
1.534769
1.534769
1.527162
1.527162
1.533598
1.533598
1.540350
1.540350
