0.5053
0.6247
0.4803
0.3661
0.4319
0.3956
0.3942
0.3624
0.3766
0.4008
0.4421
0.3918
0.4340
0.3810
0.3316
0.3576
0.4259
0.3437
0.3755
0.3435
0.3735
0.3556
0.4182
0.3859
0.4028
0.3714
0.3443
0.3077
0.3640
0.3142
0.3484
0.3603
0.3483
0.3187
0.3300
0.2977
0.3689
0.3926
0.3471
0.3769
0.2961
0.3596
0.4392
0.3801
0.3137
0.3778
0.3321
0.3650
0.3328
0.3478
0.3121
0.3226
0.3262
0.3784
0.4422
0.3204
0.3903
0.3225
0.3379
0.3266
0.2694
0.3344
0.3794
0.3459
0.2991
0.4039
0.3153
0.4020
0.3846
0.3636
0.4006
0.3054
0.3718
0.3396
0.3727
