0.1050
0.0930
0.0840
0.1246
0.0880
0.1070
0.1060
0.1064
0.1000
0.1240
0.0960
0.1277
0.1240
0.1190
0.1240
0.0851
0.1280
0.1370
0.1270
0.1307
0.1280
0.1490
0.1480
0.1429
0.1450
0.1530
0.1740
0.1398
0.1700
0.1630
0.1830
0.2219
0.1900
0.1960
0.1840
0.1915
0.2090
0.2050
0.2030
0.2036
0.2160
0.2150
0.2140
0.2523
0.2280
0.2390
0.2250
0.2280
0.2340
0.2270
0.2490
0.2340
0.2440
0.2190
0.2520
0.2371
0.2400
0.2450
0.2370
0.2614
0.2550
0.2360
0.2380
0.2705
0.2450
0.2460
0.2290
0.2705
0.2270
0.2410
0.2500
0.2432
0.2300
0.2540
0.2370
0.2401
0.2470
0.2460
0.2590
0.2128
0.2530
0.2660
0.2690
0.2249
0.2680
0.2660
0.2830
0.2523
0.2760
0.2680
0.2860
0.2948
0.3070
0.2650
0.2810
0.3343
0.2960
0.3080
0.2990
0.3131
0.3080
0.3020
0.3370
0.3070
0.3250
0.3110
0.3630
0.3283
0.3480
0.3380
0.3510
0.3799
0.3810
0.3560
0.3450
0.3799
0.3720
0.3730
0.3980
0.3982
0.3990
0.3920
0.3940
0.4286
0.4300
0.4210
0.4240
0.3830
0.4480
0.4320
0.4340
0.4559
0.4530
0.4780
0.4660
0.4559
0.4680
0.5000
0.5090
0.5046
0.4930
0.5170
0.5170
0.5471
0.5300
0.5270
0.5440
0.5562
0.5430
0.5670
0.5410
0.5532
0.5450
0.5640
0.5840
0.6322
0.5730
0.6190
0.5760
0.5775
0.5930
0.5860
0.6100
0.6596
0.6110
0.6070
0.6220
0.6535
0.6150
0.6180
0.6560
0.6596
0.6450
0.6250
0.6370
0.6869
0.6350
0.6620
0.6570
0.6383
0.6590
0.6680
0.6550
0.6657
0.6660
0.6650
0.6630
0.6809
0.6670
0.6820
0.6750
0.6626
0.6640
0.6840
0.6770
0.7234
0.6840
0.7070
0.6840
0.6596
0.6900
0.7060
0.6990
0.6778
0.6920
0.7110
0.7020
0.6960
0.7170
0.6980
0.7040
0.7052
0.7170
0.7070
0.7210
0.6900
0.7310
0.7120
0.7240
0.6839
0.7210
0.7300
0.7080
0.7538
0.7350
0.7270
0.7210
0.7204
0.7390
0.7160
0.7470
0.7204
0.7240
0.7360
0.7450
0.7416
0.7440
0.7370
0.7290
0.7660
0.7600
0.7540
0.7270
0.7082
0.7490
0.7480
0.7440
0.7264
0.7520
0.7570
0.7410
0.7234
0.7480
0.7520
0.7570
0.7204
0.7550
0.7530
0.7700
0.6900
0.7510
0.7650
0.7540
0.7234
0.7450
0.7720
0.7710
0.7052
0.7570
0.7630
0.7620
0.7447
0.7640
0.7680
0.7650
0.7173
0.7560
0.7630
0.7740
0.7447
0.7690
0.7670
0.7680
0.7204
0.7630
0.7640
0.7620
0.7781
0.7880
0.7500
0.7610
0.7690
0.7680
0.7590
0.7750
0.7812
0.7660
0.7840
0.7640
0.7508
0.7670
0.7670
0.7700
0.7964
0.7790
0.7700
0.7680
0.7629
0.7850
0.7600
0.7740
0.7751
0.7620
0.7830
0.7710
0.7872
0.7530
0.7700
0.7820
0.8328
0.7890
0.7630
0.7820
0.7629
0.7840
0.7890
0.7700
0.7660
0.7850
0.7770
0.7980
0.7264
0.7900
0.7810
0.7750
0.7781
0.7710
0.7930
0.7780
0.7964
0.7620
0.7870
0.7990
0.7903
0.7810
0.8020
0.7780
0.7599
0.7930
0.7900
0.7790
0.7660
0.7890
0.7860
0.7740
0.8116
0.7800
0.7900
0.7900
0.7872
0.7800
0.7970
0.7940
0.7690
0.7860
0.7690
0.8120
0.7872
0.7910
0.7860
0.7960
0.7812
0.8160
0.7780
0.7890
0.7629
0.8110
0.7820
0.7880
0.7751
0.7810
0.8070
0.7830
0.8237
0.7870
0.7990
0.8040
0.7842
0.7990
0.8030
0.7980
0.7568
0.7920
0.7920
0.7990
0.8146
0.7990
0.8050
0.7870
0.7964
0.7950
0.7800
0.8090
0.8207
0.7920
0.7910
0.8070
0.8116
0.8080
0.7920
0.7980
0.7994
0.8070
0.8090
0.8000
0.7599
0.8050
0.7960
0.8160
0.7842
0.7980
0.8090
0.8090
0.7933
0.8030
0.8150
0.7880
0.8328
0.8100
0.8030
0.8130
0.7933
0.8120
0.8120
0.7980
0.8055
0.8190
0.7910
0.8200
0.7872
0.8140
0.8220
0.8010
0.7720
0.8040
0.8010
0.8180
0.8207
0.8100
0.8270
0.7960
0.8055
0.8060
0.8050
0.8150
0.8298
0.8060
0.8340
0.8020
0.7903
0.8190
0.8060
0.8100
0.8237
0.8110
0.8280
0.8080
0.7872
0.8090
0.8080
0.8150
0.8359
0.8070
0.8170
0.8120
0.8267
0.8210
0.8020
0.8140
0.8298
0.7920
0.8290
0.8230
0.8116
0.8210
0.8170
0.8060
0.8176
0.8100
0.8120
0.8300
0.7964
0.7940
0.8320
0.8130
0.8389
0.8190
0.8120
0.8180
0.8085
0.8230
0.8130
0.8050
0.8328
0.8230
0.8120
0.8050
0.8389
0.8170
0.8150
0.8210
0.8085
0.7930
0.8120
0.8460
0.8207
0.8230
0.8090
0.8280
0.8024
0.8140
0.8380
0.8140
0.7964
0.8260
0.8240
0.8190
0.7933
0.8330
0.7970
0.8320
0.8146
0.8400
0.8080
0.8190
0.7994
0.8210
0.8180
0.8260
0.8055
0.8210
0.8300
0.8120
0.8146
0.8230
0.8310
0.8140
0.8024
0.8280
0.8150
0.8190
0.8237
0.8340
0.8220
0.8000
0.8419
0.8060
0.8300
0.8210
0.8450
0.8180
0.8210
0.8260
0.8207
0.8190
0.8180
0.8230
0.8389
0.8250
0.8430
0.8060
0.8024
0.8220
0.8290
0.8030
0.8632
0.8390
0.8160
0.8130
0.8267
0.8010
0.8310
0.8360
0.8328
0.8220
0.8410
0.8130
0.8116
0.8340
0.8380
0.8060
0.8085
0.8450
0.8060
0.8220
0.8267
0.8370
0.8240
0.8230
0.7933
0.8410
0.8130
0.8260
0.8055
0.8310
0.8290
0.8140
0.8267
0.8170
0.8230
0.8440
0.8024
0.8260
0.8120
0.8410
0.8207
0.8330
0.8210
0.8210
0.8328
0.8050
0.8390
0.8330
0.8267
0.8270
0.8160
0.8280
0.8450
0.8330
0.8170
0.8240
0.8389
0.8250
0.8250
0.8350
0.8055
0.8090
0.8350
0.8420
0.8055
0.8260
0.8150
0.8310
0.8511
0.8530
0.8130
0.8110
0.8419
0.8430
0.8070
0.8350
0.8207
0.8290
0.8240
0.8240
0.8450
0.8330
0.8270
0.8180
0.8419
0.8290
0.8110
0.8430
0.8328
0.8250
0.8370
0.8360
0.7964
0.8290
0.8270
0.8300
0.8359
0.8400
0.8210
0.8260
0.8419
0.8460
0.8300
0.8200
0.8176
0.8280
0.8130
0.8560
0.8176
0.8200
0.8340
0.8380
0.8359
0.8290
0.8340
0.8400
0.8055
0.7990
0.8590
0.8340
0.8450
0.8400
0.8300
0.8440
0.7872
0.8110
0.8500
0.8350
0.8419
0.8390
0.8390
0.8250
0.8207
0.8260
0.8390
0.8270
0.8541
0.8450
0.8090
0.8500
0.8237
0.8430
0.8430
0.8240
0.8055
0.8420
0.8250
0.8410
0.8116
0.8140
0.8470
0.8410
0.8298
0.8420
0.8200
0.8360
0.8359
0.8130
0.8450
0.8400
0.8328
0.8240
0.8280
0.8290
0.8845
0.8310
0.8370
0.8220
0.8602
0.8200
0.8450
0.8350
0.8298
0.8290
0.8350
0.8250
0.8632
0.8580
0.8150
0.8360
0.8085
0.8440
0.8280
0.8250
0.8450
0.8340
0.8420
0.8280
0.8237
0.8430
0.8200
0.8360
0.8389
0.8180
0.8430
0.8340
0.8511
0.8490
0.8220
0.8340
0.8207
0.8250
0.8310
0.8410
0.8419
0.8190
0.8360
0.8380
0.8571
0.8320
0.8300
0.8410
0.8267
0.8330
0.8320
0.8400
0.8237
0.8420
0.8230
0.8430
0.8146
0.8560
0.8330
0.8190
0.8176
0.8300
0.8500
0.8110
0.8693
0.8210
0.8230
0.8490
0.8663
0.8400
0.8280
0.8280
0.8571
0.8340
0.8350
0.8410
0.8146
0.8380
0.8280
0.8360
0.8419
0.8220
0.8300
0.8460
0.8511
0.8290
0.8400
0.8370
0.8328
0.8490
0.8340
0.8250
0.8298
0.8270
0.8400
0.8380
0.8419
0.8460
0.8250
0.8310
0.8511
0.8390
0.8360
0.8340
0.8298
0.8420
0.8340
0.8260
0.8511
0.8440
0.8330
0.8300
0.8389
0.8450
0.8420
0.8170
0.8480
0.8450
0.8310
0.8310
0.8389
0.8370
0.8490
0.8140
0.8663
0.8240
0.8460
0.8350
0.8602
0.8440
0.8350
0.8450
0.8085
0.8440
0.8310
0.8370
0.8450
0.8480
0.8310
0.8450
0.8116
0.8400
0.8280
0.8450
0.8450
0.8300
0.8400
0.8390
0.8602
0.8310
0.8370
0.8420
0.8571
0.8370
0.8440
0.8390
0.8267
0.8330
0.8620
0.8290
0.8146
0.8400
0.8430
0.8270
0.8602
0.8190
0.8590
0.8460
0.8176
0.8430
0.8350
0.8360
0.8511
0.8250
0.8450
0.8580
0.8085
0.8290
0.8480
0.8440
0.8328
0.8610
0.8260
0.8320
0.8419
0.8360
0.8430
0.8500
0.8176
0.8490
0.8280
0.8410
0.8511
0.8400
0.8360
0.8370
0.8663
0.8340
0.8330
0.8510
0.8511
0.8380
0.8360
0.8310
0.8875
0.8530
0.8470
0.8300
0.8116
0.8430
0.8390
0.8420
0.8298
0.8280
0.8520
0.8450
0.8267
0.8350
0.8370
0.8440
0.8571
0.8320
0.8460
0.8490
0.8267
0.8370
0.8310
0.8580
0.8298
0.8480
0.8310
0.8450
0.8359
0.8440
0.8280
0.8480
0.8511
0.8470
0.8410
0.8350
0.8419
0.8430
0.8320
0.8310
0.8967
0.8480
0.8250
0.8530
0.8328
0.8350
0.8420
0.8480
0.8389
0.8280
0.8510
0.8580
0.8055
0.8520
0.8500
0.8250
0.8419
0.8460
0.8460
0.8400
0.8298
0.8630
0.8350
0.8320
0.8298
0.8480
0.8320
0.8510
0.8267
0.8460
0.8270
0.8510
0.8511
0.8500
0.8450
0.8370
0.8328
0.8470
0.8430
0.8510
0.8085
0.8510
0.8420
0.8250
0.8784
0.8530
0.8360
0.8310
0.8754
0.8390
0.8600
0.8370
0.8328
0.8520
0.8410
0.8400
0.8419
0.8450
0.8540
0.8340
0.8419
0.8450
0.8440
0.8350
0.8723
0.8370
0.8530
0.8470
0.8419
0.8540
0.8230
0.8580
0.8480
0.8380
0.8400
0.8530
0.8602
0.8250
0.8560
0.8570
0.8419
0.8470
0.8490
0.8310
0.8754
0.8410
0.8460
0.8470
0.8571
0.8390
0.8520
0.8460
0.8480
0.8690
0.8470
0.8270
0.8328
0.8460
0.8380
0.8630
0.8237
0.8370
0.8590
0.8390
0.8602
0.8440
0.8640
0.8270
0.8632
0.8430
0.8410
0.8620
0.8328
0.8590
0.8550
0.8420
0.8116
0.8480
0.8400
0.8580
0.8480
0.8500
0.8470
0.8440
0.8602
0.8570
0.8350
0.8560
0.8419
0.8370
0.8560
0.8530
0.8480
0.8600
0.8560
0.8430
0.8116
0.8410
0.8620
0.8430
0.8511
0.8660
0.8380
0.8500
0.8298
0.8630
0.8380
0.8370
0.8784
0.8570
0.8520
0.8410
0.8419
0.8510
0.8380
0.8600
0.8480
0.8650
0.8560
0.8310
0.8389
0.8390
0.8570
0.8450
0.8723
0.8460
0.8510
0.8490
0.8571
0.8620
0.8580
0.8290
0.8511
0.8570
0.8630
0.8380
0.8298
0.8500
0.8590
0.8390
0.8632
0.8480
0.8510
0.8540
0.8511
0.8530
0.8510
0.8490
0.8541
0.8560
0.8520
0.8470
0.8480
0.8570
0.8460
0.8500
0.8541
0.8580
0.8630
0.8450
0.8146
0.8540
0.8760
0.8310
0.8328
0.8720
0.8380
0.8460
0.8511
0.8330
0.8640
0.8570
0.8571
0.8600
0.8400
0.8500
0.8723
0.8560
0.8650
0.8330
0.8602
0.8650
0.8430
0.8470
0.8541
0.8610
0.8370
0.8580
0.8480
0.8470
0.8470
0.8530
0.8784
0.8530
0.8460
0.8600
0.8419
0.8490
0.8470
0.8610
0.8541
0.8360
0.8710
0.8530
0.8450
0.8510
0.8510
0.8560
0.8511
0.8770
0.8540
0.8380
0.8176
0.8640
0.8480
0.8550
0.8267
0.8590
0.8540
0.8500
0.8419
0.8440
0.8630
0.8500
0.8693
0.8450
0.8860
0.8390
0.8298
0.8680
0.8390
0.8480
0.8784
0.8540
0.8550
0.8590
0.8389
0.8540
0.8540
0.8470
0.8784
0.8520
0.8490
0.8580
0.8663
0.8560
0.8580
0.8570
0.8298
0.8450
0.8530
0.8560
0.8875
0.8650
0.8340
0.8760
0.8267
0.8440
0.8570
0.8620
0.8632
0.8450
0.8530
0.8620
0.8723
0.8670
0.8470
0.8480
0.8693
0.8560
0.8550
0.8590
0.8450
0.8690
0.8550
0.8450
0.8480
0.8480
0.8580
0.8670
0.8359
0.8600
0.8590
0.8510
0.8450
0.8590
0.8570
0.8550
0.8450
0.8620
0.8540
0.8510
0.8571
0.8570
0.8640
0.8520
0.8389
0.8600
0.8390
0.8620
0.8723
0.8680
0.8560
0.8550
0.8237
0.8680
0.8540
0.8440
0.8632
0.8440
0.8610
0.8560
0.8784
0.8490
0.8590
0.8640
0.8450
0.8570
0.8600
0.8500
0.8602
0.8550
0.8530
0.8680
0.8328
0.8670
0.8600
0.8490
0.8359
0.8520
0.8550
0.8580
0.8723
0.8530
0.8600
0.8620
0.8450
0.8660
0.8660
0.8410
0.8511
0.8590
0.8530
0.8620
0.8480
0.8470
0.8600
0.8740
0.8267
0.8620
0.8590
0.8470
0.8663
0.8620
0.8620
0.8500
0.8480
0.8450
0.8510
0.8620
0.8997
0.8570
0.8410
0.8640
0.8875
0.8490
0.8630
0.8580
0.8632
0.8480
0.8660
0.8500
0.8815
0.8620
0.8490
0.8610
0.8571
0.8560
0.8630
0.8590
0.8389
0.8580
0.8600
0.8590
0.8419
0.8530
0.8650
0.8560
0.8511
0.8680
0.8510
0.8520
0.8602
0.8720
0.8510
0.8550
0.8389
0.8510
0.8560
0.8650
0.8571
0.8660
0.8550
0.8530
0.8541
0.8500
0.8730
0.8490
0.8602
0.8490
0.8510
0.8770
0.8480
0.8610
0.8620
0.8500
0.8602
0.8430
0.8710
0.8580
0.8632
0.8540
0.8750
0.8490
0.8450
0.8650
0.8540
0.8590
0.8450
0.8600
0.8700
0.8490
0.8419
0.8530
0.8600
0.8660
0.8450
0.8360
0.8740
0.8670
0.8511
0.8500
0.8580
0.8710
0.8450
0.8650
0.8590
0.8500
0.8602
0.8610
0.8700
0.8450
0.8571
0.8570
0.8460
0.8710
0.8602
0.8660
0.8710
0.8460
0.8359
0.8660
0.8540
0.8590
0.8480
0.8740
0.8540
0.8460
0.8632
0.8540
0.8520
0.8670
0.8663
0.8600
0.8600
0.8460
0.8906
0.8700
0.8450
0.8580
0.8693
0.8650
0.8620
0.8480
0.8632
0.8550
0.8570
0.8600
0.8723
0.8500
0.8520
0.8690
0.8754
0.8640
0.8580
0.8570
0.8511
0.8710
0.8700
0.8500
0.8146
0.8450
0.8690
0.8580
0.8723
0.8530
0.8590
0.8630
0.8632
0.8580
0.8540
0.8650
0.8602
0.8540
0.8580
0.8610
0.8754
0.8660
0.8620
0.8500
0.8602
0.8670
0.8620
0.8630
0.8176
0.8560
0.8600
0.8590
0.8693
0.8570
0.8650
0.8590
0.8541
0.8510
0.8660
0.8580
0.8723
0.8660
0.8500
0.8600
0.8723
0.8680
0.8500
0.8670
0.8450
0.8520
0.8680
0.8640
0.8480
0.8550
0.8750
0.8540
0.8480
0.8620
0.8460
0.8710
0.8632
0.8500
0.8660
0.8660
0.8571
0.8670
0.8490
0.8630
0.8663
0.8680
0.8500
0.8620
0.8632
0.8660
0.8590
0.8550
0.8632
0.8550
0.8660
0.8670
0.8389
0.8520
0.8610
0.8650
0.8693
0.8620
0.8730
0.8400
0.8815
0.8530
0.8770
0.8550
0.8541
0.8750
0.8540
0.8630
0.8328
0.8440
0.8760
0.8580
0.8754
0.8620
0.8460
0.8690
0.8784
0.8540
0.8630
0.8580
0.8845
0.8490
0.8640
0.8660
0.8723
0.8560
0.8680
0.8570
0.8663
0.8590
0.8590
0.8640
0.8663
0.8490
0.8680
0.8690
0.8511
0.8670
0.8550
0.8580
0.8693
0.8530
0.8730
0.8650
0.8359
0.8600
0.8530
0.8700
0.8602
0.8580
0.8490
0.8780
0.8571
0.8460
0.8670
0.8700
0.8632
0.8490
0.8660
0.8640
0.8815
0.8760
0.8460
0.8630
0.8663
0.8500
0.8560
0.8710
0.8875
0.8640
0.8610
0.8590
0.8663
0.8790
0.8620
0.8460
0.8602
0.8650
0.8600
0.8650
0.8511
0.8670
0.8630
0.8670
0.8298
0.8380
0.8770
0.8700
0.8663
0.8550
0.8660
0.8660
0.8602
0.8500
0.8790
0.8560
0.8693
0.8620
0.8460
0.8730
0.8815
0.8630
0.8690
0.8630
0.8359
0.8510
0.8670
0.8670
0.8663
0.8580
0.8780
0.8480
0.8723
0.8400
0.8710
0.8700
0.8815
0.8640
0.8690
0.8510
0.8723
0.8600
0.8700
0.8590
0.8571
0.8700
0.8660
0.8610
0.8328
0.8870
0.8400
0.8650
0.8480
0.8690
0.8610
0.8510
0.8815
0.8640
0.8530
0.8720
0.8602
0.8760
0.8630
0.8440
0.8784
0.8630
0.8640
0.8530
0.8936
0.8610
0.8560
0.8770
0.8511
0.8550
0.8750
0.8640
0.8511
0.8620
0.8720
0.8580
0.8571
0.8710
0.8540
0.8600
0.8784
0.8670
0.8560
0.8700
0.8571
0.8540
0.8840
0.8580
0.8480
0.8710
0.8580
0.8700
0.8419
0.8690
0.8620
0.8570
0.8754
0.8680
0.8580
0.8690
0.8571
0.8680
0.8690
0.8520
0.8754
0.8840
0.8590
0.8480
0.8693
0.8660
0.8530
0.8760
0.8571
0.8710
0.8660
0.8540
0.8693
0.8450
0.8780
0.8670
0.8723
0.8600
0.8600
0.8680
0.8784
0.8580
0.8630
0.8630
0.8875
0.8670
0.8760
0.8540
0.8511
0.8560
0.8630
0.8670
0.8845
0.8570
0.8770
0.8570
0.8693
0.8530
0.8560
0.8810
0.8723
0.8640
0.8700
0.8530
0.8815
0.8470
0.8660
0.8700
0.8936
0.8660
0.8580
0.8840
0.8176
0.8510
0.8700
0.8740
0.8571
0.8670
0.8520
0.8680
0.8815
0.8560
0.8810
0.8530
0.8723
0.8740
0.8730
0.8560
0.8328
0.8670
0.8650
0.8610
0.8632
0.8860
0.8680
0.8490
0.8359
0.8650
0.8710
0.8620
0.8511
0.8650
0.8470
0.8770
0.8784
0.8480
0.8710
0.8720
0.8723
0.8740
0.8660
0.8540
0.8632
0.8540
0.8490
0.8820
0.8906
0.8660
0.8580
0.8840
0.8207
0.8720
0.8760
0.8500
0.8511
0.8620
0.8590
0.8710
0.8693
0.8490
0.8620
0.8760
0.8845
0.8460
0.8670
0.8820
0.8632
0.8630
0.8670
0.8580
0.8845
0.8680
0.8730
0.8580
0.8511
0.8610
0.8720
0.8580
0.8754
0.8680
0.8540
0.8660
0.8845
0.8710
0.8640
0.8620
0.8602
0.8710
0.8680
0.8570
0.8602
0.8650
0.8720
0.8660
0.8389
0.8730
0.8630
0.8640
0.8480
0.8630
0.8700
0.8660
0.8541
0.8790
0.8660
0.8600
0.8359
0.8650
0.8690
0.8570
0.8845
0.8670
0.8710
0.8700
0.8328
0.8440
0.8900
0.8660
0.8541
0.8590
0.8670
0.8670
0.8754
0.8780
0.8570
0.8600
0.8693
0.8750
0.8670
0.8620
0.8419
0.8620
0.8760
0.8550
0.8754
0.8840
0.8660
0.8460
0.8663
0.8830
0.8630
0.8450
0.8815
0.8710
0.8660
0.8660
0.8450
0.8760
0.8580
0.8630
0.8632
0.8590
0.8640
0.8690
0.8784
0.8460
0.8730
0.8780
0.8663
0.8610
0.8800
0.8550
0.8693
0.8600
0.8620
0.8750
0.8663
0.8810
0.8540
0.8620
0.8663
0.8560
0.8670
0.8690
0.8815
0.8580
0.8590
0.8760
0.8784
0.8590
0.8710
0.8680
0.8632
0.8760
0.8600
0.8600
0.8693
0.8630
0.8580
0.8810
0.8511
0.8700
0.8480
0.8790
0.8693
0.8690
0.8570
0.8760
0.8541
0.8630
0.8780
0.8600
0.8571
0.8680
0.8790
0.8460
0.8815
0.8770
0.8700
0.8550
0.8541
0.8880
0.8580
0.8540
0.8602
0.8710
0.8630
0.8600
0.8784
0.8580
0.8780
0.8600
0.8723
0.8560
0.8690
0.8680
0.8815
0.8740
0.8570
0.8630
0.8784
0.8810
0.8590
0.8550
0.8754
0.8610
0.8820
0.8530
0.8723
0.8790
0.8710
0.8500
0.8632
0.8770
0.8660
0.8500
0.8845
0.8620
0.8670
0.8730
0.8571
0.8670
0.8770
0.8620
0.8511
0.8690
0.8680
0.8660
0.8602
0.8610
0.8710
0.8710
0.8632
0.8700
0.8710
0.8640
0.8571
0.8530
0.8660
0.8770
0.8815
0.8540
0.8610
0.8840
0.8723
0.8870
0.8570
0.8630
0.8511
0.8640
0.8600
0.8810
0.8571
0.8740
0.8750
0.8530
0.8693
0.8690
0.8740
0.8710
0.8328
0.8610
0.8640
0.8670
0.8997
0.8640
0.8580
0.8780
0.8784
0.8640
0.8600
0.8820
0.8602
0.8630
0.8550
0.8790
0.8875
0.8780
0.8590
0.8720
0.8511
0.8790
0.8550
0.8650
0.8815
0.8630
0.8640
0.8780
0.8663
0.8800
0.8740
0.8570
0.8480
0.8570
0.8700
0.8790
0.8632
0.8520
0.8640
0.8830
0.8845
0.8620
0.8480
0.8790
0.9149
0.8600
0.8740
0.8650
0.8845
0.8770
0.8640
0.8650
0.8632
0.8750
0.8720
0.8670
0.8389
0.8610
0.8590
0.8790
0.8845
0.8630
0.8700
0.8690
0.8754
0.8670
0.8670
0.8680
0.8754
0.8680
0.8730
0.8690
0.8511
0.8690
0.8680
0.8680
0.8663
0.8570
0.8750
0.8770
0.8571
0.8670
0.8620
0.8690
0.8906
0.8680
0.8690
0.8710
0.8602
0.8670
0.8690
0.8640
0.8845
0.8680
0.8560
0.8740
0.8906
0.8750
0.8690
0.8630
0.8632
0.8670
0.8700
0.8600
0.8936
0.8740
0.8620
0.8640
0.8845
0.8850
0.8680
0.8560
0.8571
0.8740
0.8620
0.8710
0.8632
0.8610
0.8720
0.8790
0.8480
0.8610
0.8680
0.8750
0.8754
0.8700
0.8700
0.8630
0.8784
0.8690
0.8610
0.8700
0.8875
0.8600
0.8700
0.8790
0.8602
0.8720
0.8570
0.8730
0.8815
0.8640
0.8660
0.8700
0.8875
0.8660
0.8670
0.8690
0.8815
0.8600
0.8710
0.8780
0.8602
0.8680
0.8710
0.8600
0.8906
0.8600
0.8830
0.8640
0.8663
0.8840
0.8520
0.8700
0.8693
0.8740
0.8570
0.8670
0.8936
0.8800
0.8750
0.8560
0.8541
0.8430
0.8820
0.8740
0.8906
0.8740
0.8790
0.8560
0.8602
0.8640
0.8690
0.8680
0.8845
0.8710
0.8810
0.8630
0.8450
0.8650
0.8750
0.8630
0.8815
0.8700
0.8750
0.8690
0.8480
0.8590
0.8770
0.8700
0.8723
0.8670
0.8490
0.8880
0.8754
0.8790
0.8350
0.8870
0.8845
0.8870
0.8650
0.8570
0.8602
0.8570
0.8690
0.8880
0.8450
0.8510
0.8760
0.8690
0.9027
0.8820
0.8620
0.8610
0.8754
0.8730
0.8660
0.8800
0.8359
0.8490
0.8720
0.8790
0.8967
0.8710
0.8530
0.8760
0.8967
0.8740
0.8760
0.8600
0.8693
0.8600
0.8750
0.8730
0.8754
0.8590
0.8750
0.8780
0.8632
0.8690
0.8640
0.8760
0.8723
0.8730
0.8690
0.8700
0.8663
0.8820
0.8730
0.8570
0.8663
0.8750
0.8620
0.8630
0.9027
0.8870
0.8690
0.8580
0.8602
0.8700
0.8710
0.8640
0.8875
0.8720
0.8740
0.8710
0.8511
0.8870
0.8550
0.8750
0.8480
0.8670
0.8610
0.8800
0.8754
0.8660
0.8800
0.8680
0.8571
0.8580
0.8740
0.8720
0.8906
0.8750
0.8570
0.8810
0.8602
0.8660
0.8740
0.8670
0.8784
0.8680
0.8810
0.8630
0.8632
0.8710
0.8640
0.8760
0.8693
0.8790
0.8660
0.8750
0.8419
0.8630
0.8600
0.8820
0.8936
0.8720
0.8780
0.8630
0.8693
0.8640
0.8790
0.8750
0.8541
0.8660
0.8640
0.8810
0.8754
0.8770
0.8700
0.8710
0.8511
0.8670
0.8640
0.8800
0.8723
0.8670
0.8740
0.8770
0.8511
0.8850
0.8630
0.8710
0.8480
0.8790
0.8600
0.8700
0.8784
0.8680
0.8750
0.8660
0.8784
0.8610
0.8760
0.8770
0.8632
0.8770
0.8680
0.8670
0.8693
0.8690
0.8680
0.8700
0.8845
0.8690
0.8650
0.8700
0.8936
0.8720
0.8850
0.8670
0.8328
0.8810
0.8760
0.8570
0.8632
0.8840
0.8590
0.8680
0.8723
0.8790
0.8570
0.8720
0.8815
0.8860
0.8660
0.8650
0.8511
0.8600
0.8820
0.8750
0.8511
0.8630
0.8730
0.8690
0.8875
0.8660
0.8770
0.8740
0.8511
0.8500
0.8790
0.8780
0.8784
0.8750
0.8630
0.8720
0.8693
0.8710
0.8700
0.8780
0.8480
0.8640
0.8630
0.8840
0.8723
0.8630
0.8810
0.8680
0.8693
0.8880
0.8660
0.8660
0.8450
0.8710
0.8550
0.8810
0.8845
0.8750
0.8810
0.8640
0.8450
0.8850
0.8690
0.8660
0.8511
0.8670
0.8600
0.8880
0.8663
0.8750
0.8640
0.8850
0.8389
0.8590
0.8780
0.8760
0.8723
0.8850
0.8740
0.8490
0.8875
0.8670
0.8650
0.8830
0.8632
0.8790
0.8690
0.8710
0.8541
0.8630
0.8850
0.8640
0.8754
0.8630
0.8700
0.8760
0.8845
0.8730
0.8850
0.8550
0.8723
0.8790
0.8610
0.8720
0.8754
0.8680
0.8670
0.8870
0.8450
0.8610
0.8730
0.8740
0.8875
0.8830
0.8650
0.8640
0.8754
0.8620
0.8700
0.8820
0.8693
0.8790
0.8670
0.8760
0.8450
0.8790
0.8740
0.8670
0.8541
0.8580
0.8830
0.8820
0.8450
0.8670
0.8710
0.8760
0.8723
0.8570
0.8790
0.8830
0.8571
0.8710
0.8730
0.8680
0.8754
0.8740
0.8490
0.8870
0.8815
0.8720
0.8770
0.8660
0.8663
0.8730
0.8680
0.8700
0.8784
0.8610
0.8750
0.8750
0.8754
0.8500
0.8890
0.8670
0.8906
0.8690
0.8620
0.8830
0.8663
0.8770
0.8730
0.8610
0.8754
0.8770
0.8650
0.8630
0.8936
0.8650
0.8740
0.8750
0.8663
0.8690
0.8670
0.8740
0.8784
0.8630
0.8660
0.8880
0.8571
0.8760
0.8630
0.8730
0.8723
0.8690
0.8740
0.8680
0.8784
0.8860
0.8800
0.8520
0.8571
0.8800
0.8710
0.8650
0.8632
0.8730
0.8710
0.8760
0.8480
0.8690
0.8720
0.8680
0.8815
0.8650
0.8910
0.8590
0.8632
0.8690
0.8670
0.8770
0.8693
0.8570
0.8820
0.8780
0.8541
0.8630
0.8710
0.8740
0.8845
0.8800
0.8710
0.8770
0.8237
0.8720
0.8730
0.8740
0.8541
0.8800
0.8830
0.8520
0.8663
0.8690
0.8860
0.8530
0.8875
0.8520
0.8840
0.8840
0.8511
0.8680
0.8650
0.8750
0.8875
0.8630
0.8710
0.8660
0.9119
0.8660
0.8730
0.8690
0.8875
0.8620
0.8780
0.8750
0.8693
0.8700
0.8810
0.8620
0.8754
0.8660
0.8750
0.8720
0.8784
0.8840
0.8600
0.8680
0.8815
0.8660
0.8720
0.8760
0.8754
0.8710
0.8680
0.8780
0.8632
0.8970
0.8610
0.8570
0.8723
0.8750
0.8650
0.8690
0.8906
0.8710
0.8770
0.8700
0.8632
0.8790
0.8530
0.8780
0.8875
0.8880
0.8760
0.8590
0.8480
0.8650
0.8710
0.8820
0.8632
0.8570
0.8750
0.8760
0.8936
0.8780
0.8680
0.8720
0.8632
0.8810
0.8510
0.8820
0.8754
0.8790
0.8710
0.8710
0.8541
0.8660
0.8730
0.8750
0.8754
0.8830
0.8610
0.8650
0.8906
0.8730
0.8580
0.8730
0.9058
0.8810
0.8640
0.8790
0.8480
0.8730
0.8730
0.8650
0.8875
0.8630
0.8720
0.8750
0.8906
0.8710
0.8790
0.8670
0.8693
0.8720
0.8780
0.8730
0.8541
0.8880
0.8700
0.8590
0.8723
0.8870
0.8800
0.8670
0.8237
0.8810
0.8690
0.8580
0.9027
0.8850
0.8690
0.8760
0.8359
0.8750
0.8610
0.8790
0.8815
0.8570
0.8890
0.8740
0.8663
0.8710
0.8620
0.8870
0.8663
0.8690
0.8680
0.8880
0.8541
0.8720
0.8710
0.8710
0.8906
0.8720
0.8600
0.8950
0.8511
0.8740
0.8810
0.8610
0.8845
0.8680
0.8790
0.8770
0.8602
0.8710
0.8680
0.8820
0.8693
0.8760
0.8680
0.8770
0.8693
0.8720
0.8710
0.8680
0.8997
0.8780
0.8610
0.8800
0.8754
0.8620
0.8860
0.8780
0.8541
0.8740
0.8780
0.8740
0.8541
0.8780
0.8650
0.8810
0.8602
0.8700
0.8700
0.8800
0.8723
0.8860
0.8670
0.8630
0.8845
0.8670
0.8680
0.8860
0.8693
0.8530
0.8830
0.8770
0.8936
0.8780
0.8750
0.8620
0.8875
0.8710
0.8740
0.8780
0.8632
0.8620
0.8760
0.8840
0.8693
0.8850
0.8490
0.8820
0.8875
0.8850
0.8660
0.8680
0.8784
0.8820
0.8850
0.8610
0.8511
0.8690
0.8750
0.8720
0.8875
0.8800
0.8690
0.8670
0.8875
0.8670
0.8780
0.8750
0.8754
0.8730
0.8530
0.8930
0.8784
0.8780
0.8630
0.8810
0.8693
0.8820
0.8740
0.8620
0.8815
0.8710
0.8770
0.8820
0.8450
0.8850
0.8640
0.8650
0.8967
0.8920
0.8810
0.8620
0.8328
0.8800
0.8830
0.8620
0.8632
0.8920
0.8620
0.8730
0.8571
0.8700
0.8750
0.8700
0.8936
0.8680
0.8840
0.8730
0.8632
0.8770
0.8770
0.8750
0.8511
0.8750
0.8750
0.8650
0.8936
0.8750
0.8710
0.8760
0.8754
0.8650
0.8790
0.8750
0.8845
0.8860
0.8780
0.8620
0.8602
0.8800
0.8800
0.8690
0.8511
0.8600
0.8780
0.8790
0.8875
0.8700
0.8770
0.8810
0.8541
0.8630
0.8810
0.8770
0.8754
0.8810
0.8810
0.8660
0.8541
0.8910
0.8650
0.8560
0.9027
0.8740
0.8620
0.8690
0.9240
0.8610
0.8760
0.8950
0.8419
0.8780
0.8830
0.8760
0.8267
0.8700
0.8760
0.8730
0.8784
0.8590
0.8740
0.8850
0.8845
0.8790
0.8760
0.8610
0.8906
0.8710
0.8720
0.8830
0.8632
0.8860
0.8640
0.8740
0.8663
0.8790
0.8790
0.8630
0.8754
0.8820
0.8740
0.8550
0.9119
0.8700
0.8770
0.8760
0.8754
0.8820
0.8660
0.8730
0.8815
0.8790
0.8680
0.8820
0.8571
0.8750
0.8730
0.8680
0.8967
0.8740
0.8820
0.8710
0.8632
0.8800
0.8600
0.8930
0.8450
0.8700
0.8780
0.8760
0.8723
0.8760
0.8720
0.8730
0.8815
0.8760
0.8730
0.8750
0.8723
0.8740
0.8820
0.8660
0.8784
0.8910
0.8700
0.8670
0.8632
0.8770
0.8700
0.8730
0.8875
0.8700
0.8700
0.8780
0.8936
0.8710
0.8720
0.8880
0.8541
0.8880
0.8540
0.8910
0.8480
0.8720
0.8770
0.8820
0.8541
0.8840
0.8830
0.8530
0.8875
0.8860
0.8740
0.8650
0.8723
0.8820
0.8740
0.8610
0.8936
0.8730
0.8690
0.8780
0.8845
0.8770
0.8700
0.8740
0.8815
0.8630
0.8870
0.8780
0.8632
0.8870
0.8730
0.8690
0.8632
0.8730
0.8720
0.8750
0.8936
0.8930
0.8630
0.8800
0.8419
0.8720
0.8840
0.8690
0.8754
0.8780
0.8690
0.8680
0.9058
0.8840
0.8800
0.8710
0.8450
0.8850
0.8720
0.8690
0.8723
0.8650
0.8800
0.8860
0.8571
0.8760
0.8720
0.8730
0.8906
0.8780
0.8710
0.8820
0.8602
0.8650
0.8790
0.8690
0.9149
0.8660
0.8750
0.8760
0.9027
0.8810
0.8810
0.8750
0.8450
0.8680
0.8790
0.8760
0.8906
0.8830
0.8790
0.8660
0.8723
0.8800
0.8720
0.8750
0.8754
0.8750
0.8870
0.8690
0.8632
0.8680
0.8840
0.8770
0.8693
0.8850
0.8780
0.8680
0.8632
0.8680
0.8880
0.8670
0.8875
0.8680
0.8690
0.8830
0.8997
0.8900
0.8630
0.8670
0.8997
0.8670
0.8730
0.8770
0.9088
0.8740
0.8760
0.8710
0.8967
0.8650
0.8810
0.8760
0.8936
0.8700
0.8660
0.8850
0.8997
0.8830
0.8830
0.8620
0.8784
0.8740
0.8750
0.8850
0.8602
0.8770
0.8730
0.8800
0.8723
0.8880
0.8510
0.8860
0.8875
0.8850
0.8720
0.8660
0.8936
0.8730
0.8800
0.8770
0.8723
0.8870
0.8730
0.8730
0.8632
0.8790
0.8780
0.8750
0.8663
0.8770
0.8590
0.8840
0.9027
0.8620
0.8790
0.8840
0.8875
0.8720
0.8850
0.8760
0.8632
0.8680
0.8730
0.8860
0.8815
0.8910
0.8740
0.8600
0.8875
0.8780
0.8620
0.8950
0.8571
0.8790
0.8750
0.8810
0.8571
0.8680
0.8800
0.8750
0.8967
0.8790
0.8720
0.8870
0.8511
0.8730
0.8730
0.8780
0.8936
0.8780
0.8770
0.8740
0.8784
0.8810
0.8880
0.8680
0.8511
0.8730
0.8800
0.8820
0.8571
0.8720
0.8910
0.8770
0.8419
0.8800
0.8760
0.8730
0.8754
0.8850
0.8660
0.8810
0.8663
0.8620
0.8800
0.8790
0.8997
0.8710
0.8810
0.8770
0.8754
0.8730
0.8910
0.8630
0.8815
0.8850
0.8780
0.8670
0.8754
0.8620
0.8740
0.9020
0.8511
0.8820
0.8640
0.8720
0.9119
0.8840
0.8840
0.8620
0.8784
0.8770
0.8760
0.8740
0.8906
0.8670
0.8730
0.8850
0.8967
0.8800
0.8690
0.8900
0.8541
0.8810
0.8850
0.8710
0.8602
0.8870
0.8670
0.8820
0.8632
0.8690
0.8810
0.8770
0.8906
0.8780
0.8810
0.8670
0.8936
0.8750
0.8780
0.8750
0.8845
0.8680
0.8850
0.8730
0.8936
0.8840
0.8750
0.8710
0.8815
0.8820
0.8690
0.8920
0.8419
0.8880
0.8710
0.8750
0.8693
0.8810
0.8680
0.8820
0.8784
0.8720
0.8750
0.8800
0.8875
0.8590
0.8990
0.8810
0.8511
0.8880
0.8860
0.8680
0.8419
0.8670
0.8740
0.8920
0.8693
0.8840
0.8660
0.8870
0.8571
0.8690
0.8820
0.8740
0.8936
0.8790
0.8870
0.8810
0.8267
0.8780
0.8700
0.8730
0.9058
0.8670
0.8770
0.8770
0.9058
0.8680
0.8780
0.8830
0.8845
0.8810
0.8720
0.8840
0.8602
0.8870
0.8740
0.8730
0.8693
0.8890
0.8680
0.8690
0.8936
0.8870
0.8780
0.8670
0.8754
0.8950
0.8800
0.8630
0.8602
0.8890
0.8740
0.8640
0.8906
0.8850
0.8810
0.8650
0.8784
0.8720
0.8850
0.8730
0.8815
0.8700
0.8850
0.8780
0.8754
0.8640
0.8810
0.8870
0.8784
0.8670
0.8760
0.8910
0.8754
0.8890
0.8800
0.8590
0.8936
0.8740
0.8860
0.8760
0.8693
0.8860
0.8790
0.8690
0.8754
0.8770
0.8850
0.8670
0.8906
0.8740
0.8850
0.8820
0.8541
0.8810
0.8760
0.8780
0.8723
0.8820
0.8700
0.8770
0.8936
0.8850
0.8710
0.8800
0.8754
0.8870
0.8670
0.8770
0.8906
0.8830
0.8710
0.8780
0.8875
0.8670
0.8780
0.8890
0.8815
0.8920
0.8630
0.8810
0.8754
0.8940
0.8610
0.8830
0.8693
0.8910
0.8700
0.8770
0.8693
0.8630
0.8800
0.8920
0.8784
0.8810
0.8580
0.8890
0.8997
0.8830
0.8730
0.8820
0.8693
0.8910
0.8620
0.8840
0.8723
0.8760
0.8740
0.8980
0.8389
0.8850
0.8690
0.8760
0.8936
0.8940
0.8870
0.8560
0.8754
0.8720
0.8870
0.8730
0.8906
0.8820
0.8720
0.8880
0.8602
0.8790
0.8720
0.8900
0.8632
0.8750
0.8720
0.8830
0.8967
0.8740
0.8800
0.8890
0.8571
0.8810
0.8880
0.8680
0.8754
0.8720
0.8820
0.8840
0.8693
0.8720
0.8900
0.8780
0.8632
0.8820
0.8860
0.8690
0.8723
0.8910
0.8730
0.8730
0.8723
0.8770
0.8850
0.8760
0.8663
0.8750
0.8770
0.8770
0.8936
0.8710
0.8760
0.8830
0.8906
0.8690
0.8770
0.8880
0.8784
0.8830
0.8840
0.8700
0.8693
0.8910
0.8820
0.8620
0.8754
0.8750
0.8720
0.8810
0.8967
0.8730
0.8800
0.8850
0.8693
0.8870
0.8670
0.8820
0.8754
0.8850
0.8630
0.8830
0.8906
0.8740
0.8830
0.8850
0.8571
0.8590
0.8810
0.8990
0.8663
0.8750
0.8790
0.8880
0.8602
0.8750
0.8890
0.8700
0.8815
0.8670
0.8890
0.8700
0.9058
0.8920
0.8660
0.8710
0.8967
0.8830
0.8860
0.8650
0.8815
0.8940
0.8720
0.8760
0.8602
0.8710
0.8810
0.8850
0.8754
0.8640
0.8770
0.8920
0.8875
0.8860
0.8940
0.8540
0.8845
0.8790
0.8780
0.8790
0.8784
0.8780
0.8820
0.8770
0.8723
0.8750
0.8730
0.8810
0.8967
0.8590
0.8930
0.8860
0.8693
0.8840
0.8760
0.8850
0.8480
0.8910
0.8710
0.8710
0.8845
0.8970
0.8770
0.8670
0.8602
0.8910
0.8720
0.8750
0.8693
0.8800
0.8660
0.8870
0.8845
0.8800
0.8790
0.8840
0.8541
0.8760
0.8930
0.8730
0.8571
0.8660
0.8760
0.8950
0.8723
0.8770
0.8790
0.8800
0.8754
0.8710
0.8740
0.8790
0.9149
0.8900
0.8590
0.8850
0.8845
0.8830
0.8730
0.8760
0.8906
0.8840
0.8830
0.8650
0.8936
0.8780
0.8820
0.8680
0.9058
0.8850
0.8790
0.8860
0.8389
0.8840
0.8800
0.8740
0.8754
0.8860
0.8820
0.8670
0.8845
0.8680
0.8860
0.8790
0.8906
0.8790
0.8820
0.8800
0.8663
0.8820
0.8870
0.8700
0.8723
0.8670
0.8840
0.8890
0.8693
0.8840
0.8740
0.8820
0.8693
0.8770
0.8880
0.8740
0.8723
0.8780
0.8840
0.8800
0.8632
0.8830
0.8720
0.8890
0.8571
0.8830
0.8800
0.8790
0.8632
0.8710
0.8830
0.8850
0.8723
0.8870
0.8720
0.8740
0.8906
0.8900
0.8700
0.8810
0.8663
0.8870
0.8740
0.8740
0.8845
0.8720
0.8910
0.8720
0.8845
0.8870
0.8750
0.8710
0.8906
0.8720
0.8740
0.8950
0.8663
0.8900
0.8820
0.8540
0.9119
0.8850
0.8820
0.8730
0.8723
0.8700
0.8910
0.8720
0.8936
0.8880
0.8750
0.8820
0.8571
0.8680
0.8770
0.8840
0.9058
0.8800
0.8780
0.8780
0.8815
0.8910
0.8730
0.8760
0.8693
0.8780
0.8930
0.8580
0.9027
0.8850
0.8850
0.8700
0.8693
0.8860
0.8700
0.8840
0.8693
0.8880
0.8680
0.8790
0.8845
0.8850
0.8660
0.8830
0.8875
0.8790
0.8760
0.8720
0.9088
0.8860
0.8880
0.8610
0.8845
0.8800
0.8910
0.8820
0.8298
0.8780
0.8850
0.8890
0.8328
0.8790
0.8860
0.8810
0.8511
0.8710
0.8780
0.8910
0.8693
0.8820
0.8720
0.8770
0.8967
0.8840
0.8840
0.8690
0.8784
0.8710
0.8830
0.8770
0.8967
0.8830
0.8830
0.8660
0.8936
0.8720
0.8700
0.8910
0.8906
0.8730
0.8800
0.8810
0.8875
0.8840
0.8780
0.8790
0.8693
0.8810
0.8740
0.8810
0.8845
0.8700
0.8640
0.8870
0.9331
0.8740
0.8710
0.8880
0.8967
0.8830
0.8840
0.8760
0.8693
0.8770
0.8810
0.8830
0.8784
0.8850
0.8880
0.8720
0.8663
0.8900
0.8800
0.8700
0.8815
0.8650
0.8840
0.8950
0.8693
0.8900
0.8810
0.8780
0.8541
0.8870
0.8620
0.8870
0.8936
0.8770
0.8840
0.8730
0.8997
0.8800
0.8650
0.8870
0.9088
0.8710
0.8780
0.8910
0.8845
0.8780
0.8790
0.8800
0.8967
0.8960
0.8670
0.8810
0.8754
0.8790
0.8800
0.8810
0.8875
0.8760
0.8950
0.8670
0.8936
0.8810
0.8940
0.8680
0.8784
0.8850
0.8720
0.8770
0.9058
0.8830
0.8790
0.8780
0.8845
0.8850
0.8800
0.8880
0.8419
0.8850
0.8750
0.8800
0.8815
0.8730
0.8710
0.8900
0.8997
0.8830
0.8850
0.8800
0.8571
0.8840
0.8870
0.8710
0.8754
0.8860
0.8720
0.8800
0.8875
0.8740
0.8820
0.8780
0.8997
0.8840
0.8860
0.8840
0.8419
0.8890
0.8640
0.8850
0.8906
0.8860
0.8770
0.8750
0.8906
0.8780
0.8920
0.8750
0.8693
0.8870
0.8880
0.8660
0.8815
0.8760
0.8740
0.8840
0.8997
0.8770
0.8790
0.8770
0.9027
0.8840
0.8710
0.8850
0.8815
0.8820
0.8630
0.8930
0.8875
0.8830
0.8780
0.8790
0.8815
0.8860
0.8800
0.8650
0.9088
0.8760
0.8820
0.8790
0.8936
0.8860
0.8700
0.8930
0.8571
0.9000
0.8710
0.8690
0.8845
0.8660
0.8800
0.8850
0.9119
0.8920
0.8810
0.8700
0.8754
0.8860
0.8690
0.8850
0.8845
0.8790
0.9000
0.8660
0.8693
0.8910
0.8800
0.8710
0.8784
0.8810
0.8720
0.8890
0.8784
0.8950
0.8750
0.8790
0.8571
0.8690
0.8890
0.8960
0.8419
0.8760
0.8770
0.8810
0.8997
0.8750
0.8780
0.8840
0.8906
0.8910
0.8810
0.8670
0.8875
0.8760
0.8760
0.8850
0.8936
0.8750
0.8970
0.8710
0.8754
0.8810
0.8770
0.8830
0.8845
0.8780
0.8830
0.8790
0.8845
0.8870
0.8850
0.8720
0.8723
0.8700
0.8860
0.8870
0.8754
0.8700
0.8900
0.8850
0.8693
0.8930
0.8630
0.8770
0.9058
0.9030
0.8750
0.8670
0.8693
0.8930
0.8720
0.8810
0.8693
0.8850
0.8930
0.8670
0.8723
0.8940
0.8670
0.8800
0.8845
0.8740
0.8790
0.8860
0.8906
0.8790
0.8770
0.8820
0.8997
0.8920
0.8720
0.8740
0.8997
0.8810
0.8810
0.8900
0.8571
0.8810
0.8790
0.8900
0.8632
0.8900
0.8790
0.8740
0.8845
0.8790
0.8820
0.8840
0.8784
0.8730
0.8910
0.8770
0.8906
0.8860
0.8740
0.8830
0.8845
0.8790
0.8910
0.8810
0.8632
0.8950
0.8700
0.8830
0.8693
0.8950
0.8770
0.8740
0.8754
0.8920
0.8770
0.8760
0.8784
0.8870
0.8830
0.8790
0.8663
0.8950
0.8670
0.8850
0.8723
0.8900
0.8600
0.8940
0.8815
0.8820
0.8790
0.8880
0.8663
0.8680
0.8940
0.8840
0.8754
0.8750
0.8760
0.8910
0.8875
0.8800
0.8730
0.8850
0.8997
0.8820
0.8920
0.8830
0.8419
0.8840
0.8890
0.8790
0.8571
0.8870
0.8780
0.8770
0.8875
0.8820
0.8740
0.8870
0.8845
0.8870
0.8760
0.8850
0.8693
0.8870
0.8700
0.8880
0.8815
0.8750
0.8900
0.8800
0.8815
0.8720
0.8830
0.8880
0.8875
0.8940
0.8730
0.8850
0.8602
0.8870
0.8850
0.8660
0.8997
0.8720
0.8980
0.8670
0.9027
0.8890
0.8720
0.8830
0.8815
0.8710
0.8950
0.8720
0.8997
0.8760
0.8870
0.8720
0.9119
0.8900
0.8760
0.8840
0.8663
0.8770
0.8840
0.8800
0.8936
0.9020
0.8920
0.8580
0.8602
0.8890
0.8870
0.8820
0.8419
0.8790
0.8820
0.8850
0.8784
0.8680
0.8900
0.8860
0.8845
0.8800
0.8820
0.8810
0.8875
0.8860
0.8760
0.8810
0.8875
0.8870
0.8590
0.8950
0.8936
0.8870
0.8710
0.8830
0.8936
0.8970
0.8690
0.8800
0.8784
0.8970
0.8780
0.8760
0.8632
0.8890
0.8690
0.8760
0.9149
0.8770
0.8910
0.8740
0.8906
0.8730
0.8780
0.8890
0.8967
0.8860
0.8840
0.8790
0.8693
0.8760
0.8890
0.8830
0.8723
0.8870
0.8890
0.8750
0.8632
0.8950
0.8760
0.8720
0.8906
0.8690
0.8900
0.8850
0.8875
0.8890
0.8800
0.8760
0.8845
0.8870
0.8860
0.8740
0.8784
0.8840
0.8840
0.8770
0.8845
0.8840
0.8960
0.8760
0.8511
0.8880
0.8750
0.8890
0.8632
0.8780
0.8780
0.8880
0.8875
0.8730
0.8840
0.8830
0.8997
0.8880
0.8630
0.9040
0.8541
0.8780
0.8740
0.8900
0.8936
0.8940
0.8630
0.8890
0.8815
0.8820
0.8800
0.8780
0.8997
0.8830
0.8770
0.8850
0.8845
0.8700
0.8870
0.8860
0.8936
0.8740
0.8640
0.8940
0.9301
0.8650
0.8930
0.8880
0.8875
0.8830
0.8820
0.8820
0.8845
0.8960
0.8710
0.8880
0.8602
0.8730
0.8890
0.8820
0.8936
0.8900
0.8820
0.8790
0.8723
0.8870
0.8780
0.8870
0.8693
0.8790
0.8900
0.8840
0.8663
0.8850
0.8800
0.8840
0.8815
0.8800
0.8700
0.8950
0.8936
0.8880
0.8910
0.8630
0.9027
0.8800
0.8740
0.8930
0.8906
0.8740
0.8830
0.8890
0.8936
0.8830
0.8900
0.8820
0.8663
0.8840
0.8930
0.8740
0.8754
0.8850
0.8850
0.8730
0.8997
0.8840
0.8880
0.8640
0.9210
0.8800
0.8830
0.8830
0.8906
0.8880
0.8820
0.8820
0.8754
0.8780
0.8820
0.8870
0.8906
0.8740
0.8800
0.8900
0.8997
0.8860
0.8870
0.8750
0.8875
0.8740
0.9000
0.8730
0.8906
0.8920
0.8830
0.8700
0.8967
0.8850
0.8790
0.8780
0.9058
0.8840
0.8910
0.8770
0.8754
0.8800
0.8860
0.8750
0.9088
0.8850
0.8910
0.8760
0.8754
0.8940
0.8660
0.8840
0.8997
0.8730
0.8900
0.8930
0.8632
0.8830
0.8850
0.8880
0.8663
0.8880
0.8940
0.8750
0.8571
0.8840
0.8780
0.8800
0.9027
0.8780
0.8790
0.8920
0.8815
0.8860
0.8730
0.8880
0.8875
0.8810
0.8920
0.8770
0.8784
0.8650
0.9020
0.8740
0.9058
0.8660
0.8890
0.8870
0.9027
0.8830
0.8850
0.8900
0.8541
0.8830
0.8850
0.8870
0.8663
0.8880
0.8960
0.8720
0.8632
0.8900
0.8880
0.8730
0.8784
0.9000
0.8770
0.8770
0.8723
0.8970
0.8950
0.8690
0.8511
0.8740
0.8910
0.8760
0.9119
0.8770
0.8750
0.8890
0.9088
0.8790
0.8790
0.8870
0.8967
0.8870
0.8810
0.8790
0.8906
0.8740
0.8660
0.8940
0.9301
0.8950
0.8890
0.8700
0.8693
0.8700
0.8870
0.8910
0.8875
0.8640
0.8930
0.8880
0.8967
0.8800
0.8900
0.8830
0.8693
0.8830
0.8850
0.8810
0.8815
0.8930
0.8800
0.8800
0.8693
0.8790
0.8730
0.8970
0.8845
0.8840
0.8740
0.8850
0.9058
0.8900
0.8760
0.8770
0.9058
0.8880
0.8930
0.8760
0.8602
0.8810
0.8830
0.8890
0.8723
0.8800
0.8800
0.8960
0.8663
0.8920
0.8740
0.8820
0.8906
0.8910
0.8840
0.8720
0.8967
0.8800
0.8930
0.8710
0.9058
0.8850
0.8810
0.8870
0.8784
0.8720
0.8920
0.8920
0.8693
0.8900
0.8930
0.8780
0.8571
0.8720
0.8970
0.8780
0.8997
0.8670
0.8970
0.8850
0.8936
0.8860
0.8860
0.8800
0.8845
0.8760
0.8810
0.8920
0.8936
0.8740
0.8870
0.8930
0.8784
0.8930
0.8840
0.8700
0.8997
0.8950
0.8810
0.8770
0.8815
0.9000
0.8880
0.8630
0.8875
0.8850
0.8660
0.8970
0.8967
0.8840
0.8900
0.8830
0.8693
0.8830
0.8870
0.8880
0.8663
0.8940
0.8810
0.8800
0.8754
0.8730
0.9010
0.8820
0.8723
0.8650
0.8890
0.9060
0.8602
0.8890
0.8930
0.8730
0.8754
0.8910
0.8910
0.8730
0.8754
0.8770
0.8840
0.8880
0.8936
0.8770
0.8850
0.8840
0.9027
0.8830
0.8810
0.8780
0.9149
0.8870
0.8840
0.8790
0.8906
0.8850
0.8830
0.8930
0.8571
0.8960
0.8920
0.8740
0.8541
0.8860
0.8700
0.8940
0.8875
0.8710
0.8830
0.8920
0.8997
0.8770
0.8950
0.8770
0.8906
0.8820
0.8940
0.8800
0.8693
0.8860
0.8840
0.8790
0.8906
0.8830
0.8930
0.8730
0.8906
0.8870
0.8630
0.8970
0.8967
0.8800
0.8880
0.8870
0.8693
0.8880
0.8820
0.8800
0.8875
0.8770
0.8890
0.8870
0.8784
0.8720
0.8950
0.8860
0.8784
0.8620
0.8950
0.8920
0.8906
0.8850
0.8750
0.8930
0.8784
0.8910
0.8790
0.8920
0.8511
0.8860
0.8810
0.8850
0.8815
0.8900
0.8890
0.8750
0.8754
0.8870
0.8850
0.8780
0.8875
0.8780
0.8930
0.8860
0.8663
0.8750
0.8880
0.8880
0.8875
0.8750
0.8980
0.8860
0.8632
0.8820
0.8740
0.8920
0.8967
0.8950
0.8850
0.8750
0.8754
0.8830
0.8830
0.8880
0.8784
0.8870
0.8830
0.8860
0.8723
