2.248163
2.248163
2.248518
2.248518
2.245828
2.245828
2.250190
2.250190
2.244849
2.244849
2.244467
2.244467
2.247067
2.247067
2.243403
2.243403
2.243311
2.243311
2.252804
2.252804
2.240032
2.240032
2.242571
2.242571
2.243886
2.243886
2.243775
2.243775
2.246079
2.246079
2.241230
2.241230
2.239008
2.239008
2.239095
2.239095
2.238700
2.238700
2.241091
2.241091
2.241159
2.241159
2.235797
2.235797
2.233459
2.233459
2.235707
2.235707
2.233272
2.233272
2.230978
2.230978
2.237834
2.237834
2.231900
2.231900
2.231189
2.231189
2.227187
2.227187
2.229157
2.229157
2.227169
2.227169
2.225112
2.225112
2.227906
2.227906
2.231292
2.231292
2.226114
2.226114
2.225855
2.225855
2.224732
2.224732
2.216785
2.216785
2.224477
2.224477
2.219885
2.219885
2.222369
2.222369
2.220058
2.220058
2.216529
2.216529
2.214029
2.214029
2.215983
2.215983
2.214190
2.214190
2.216880
2.216880
2.211345
2.211345
2.207897
2.207897
2.208343
2.208343
2.206089
2.206089
2.211657
2.211657
2.206550
2.206550
2.204675
2.204675
2.208803
2.208803
2.199935
2.199935
2.200704
2.200704
2.194232
2.194232
2.199997
2.199997
2.195711
2.195711
2.194045
2.194045
2.191949
2.191949
2.193699
2.193699
2.188004
2.188004
2.187886
2.187886
2.190180
2.190180
2.182414
2.182414
2.181634
2.181634
2.175489
2.175489
2.175958
2.175958
2.177299
2.177299
2.178566
2.178566
2.169401
2.169401
2.167349
2.167349
2.166872
2.166872
2.164653
2.164653
2.166098
2.166098
2.162044
2.162044
2.152667
2.152667
2.157353
2.157353
2.156038
2.156038
2.157304
2.157304
2.142544
2.142544
2.138962
2.138962
2.138339
2.138339
2.142965
2.142965
2.136986
2.136986
2.134018
2.134018
2.141045
2.141045
2.131168
2.131168
2.131591
2.131591
2.128349
2.128349
2.116069
2.116069
2.116232
2.116232
2.112050
2.112050
2.118412
2.118412
2.108183
2.108183
2.111744
2.111744
2.106522
2.106522
2.099809
2.099809
2.106454
2.106454
2.098052
2.098052
2.091572
2.091572
2.091594
2.091594
2.084479
2.084479
2.083010
2.083010
2.095596
2.095596
2.077414
2.077414
2.077628
2.077628
2.077463
2.077463
2.079252
2.079252
2.063769
2.063769
2.062958
2.062958
2.066095
2.066095
2.060870
2.060870
2.054396
2.054396
2.059268
2.059268
2.054283
2.054283
2.052485
2.052485
2.051813
2.051813
2.047870
2.047870
2.037913
2.037913
2.038808
2.038808
2.037117
2.037117
2.037188
2.037188
2.030384
2.030384
2.030320
2.030320
2.027319
2.027319
2.023375
2.023375
2.030776
2.030776
2.019907
2.019907
2.019222
2.019222
2.011248
2.011248
2.001544
2.001544
2.015596
2.015596
2.001623
2.001623
1.995765
1.995765
2.010938
2.010938
2.001533
2.001533
2.001739
2.001739
1.991745
1.991745
1.990698
1.990698
1.998166
1.998166
1.982045
1.982045
1.985909
1.985909
1.988975
1.988975
1.982798
1.982798
1.980510
1.980510
1.968561
1.968561
1.971026
1.971026
1.982951
1.982951
1.970024
1.970024
1.959345
1.959345
1.973585
1.973585
1.962064
1.962064
1.969452
1.969452
1.966561
1.966561
1.954483
1.954483
1.947737
1.947737
1.959083
1.959083
1.948459
1.948459
1.956892
1.956892
1.939135
1.939135
1.949948
1.949948
1.946218
1.946218
1.937237
1.937237
1.936046
1.936046
1.941930
1.941930
1.945140
1.945140
1.925254
1.925254
1.934981
1.934981
1.930771
1.930771
1.937881
1.937881
1.929682
1.929682
1.928923
1.928923
1.925057
1.925057
1.922024
1.922024
1.917932
1.917932
1.920481
1.920481
1.911999
1.911999
1.927628
1.927628
1.925385
1.925385
1.893311
1.893311
1.916540
1.916540
1.923588
1.923588
1.883563
1.883563
1.902485
1.902485
1.918897
1.918897
1.908352
1.908352
1.902847
1.902847
1.888574
1.888574
1.911189
1.911189
1.909085
1.909085
1.886030
1.886030
1.901341
1.901341
1.893204
1.893204
1.888355
1.888355
1.887162
1.887162
1.900391
1.900391
1.893355
1.893355
1.887371
1.887371
1.882592
1.882592
1.891921
1.891921
1.880224
1.880224
1.887100
1.887100
1.885355
1.885355
1.885972
1.885972
1.884371
1.884371
1.859377
1.859377
1.879952
1.879952
1.894672
1.894672
1.865098
1.865098
1.866737
1.866737
1.874174
1.874174
1.870997
1.870997
1.878276
1.878276
1.868805
1.868805
1.866390
1.866390
1.870744
1.870744
1.878375
1.878375
1.863149
1.863149
1.868863
1.868863
1.854248
1.854248
1.866406
1.866406
1.871194
1.871194
1.865327
1.865327
1.872182
1.872182
1.844754
1.844754
1.852973
1.852973
1.863593
1.863593
1.853949
1.853949
1.867811
1.867811
1.859550
1.859550
1.838299
1.838299
1.848518
1.848518
1.858546
1.858546
1.858742
1.858742
1.851897
1.851897
1.850765
1.850765
1.836901
1.836901
1.839142
1.839142
1.838753
1.838753
1.868434
1.868434
1.874237
1.874237
1.857720
1.857720
1.839866
1.839866
1.844626
1.844626
1.841926
1.841926
1.849721
1.849721
1.841563
1.841563
1.841169
1.841169
1.830407
1.830407
1.849869
1.849869
1.857495
1.857495
1.837282
1.837282
1.843636
1.843636
1.840033
1.840033
1.843556
1.843556
1.835098
1.835098
1.835735
1.835735
1.833671
1.833671
1.851775
1.851775
1.834768
1.834768
1.827100
1.827100
1.841332
1.841332
1.840750
1.840750
1.823756
1.823756
1.833937
1.833937
1.830711
1.830711
1.837926
1.837926
1.837366
1.837366
1.828944
1.828944
1.831185
1.831185
1.819669
1.819669
1.830761
1.830761
1.840898
1.840898
1.822448
1.822448
1.835410
1.835410
1.812547
1.812547
1.821772
1.821772
1.830847
1.830847
1.838111
1.838111
1.821347
1.821347
1.822740
1.822740
1.813936
1.813936
1.825276
1.825276
1.831206
1.831206
1.824745
1.824745
1.834163
1.834163
1.826755
1.826755
1.829474
1.829474
1.829792
1.829792
1.823509
1.823509
1.802604
1.802604
1.815784
1.815784
1.817562
1.817562
1.820594
1.820594
1.835051
1.835051
1.819166
1.819166
1.824701
1.824701
1.818302
1.818302
1.827791
1.827791
1.810021
1.810021
1.818503
1.818503
1.813765
1.813765
1.818753
1.818753
1.822864
1.822864
1.809879
1.809879
1.828054
1.828054
1.808957
1.808957
1.810853
1.810853
1.815017
1.815017
1.823632
1.823632
1.824844
1.824844
1.813244
1.813244
1.809987
1.809987
1.820142
1.820142
1.806339
1.806339
1.824067
1.824067
1.807451
1.807451
1.813805
1.813805
1.805333
1.805333
1.814548
1.814548
1.823378
1.823378
1.814643
1.814643
1.805142
1.805142
1.826756
1.826756
1.797202
1.797202
1.807413
1.807413
1.800191
1.800191
1.805474
1.805474
1.815091
1.815091
1.807962
1.807962
1.816431
1.816431
1.812616
1.812616
1.820661
1.820661
1.795581
1.795581
1.809435
1.809435
1.791813
1.791813
1.807554
1.807554
1.806871
1.806871
1.809110
1.809110
1.804149
1.804149
1.795176
1.795176
1.801995
1.801995
1.802315
1.802315
1.805315
1.805315
1.794321
1.794321
1.816482
1.816482
1.792317
1.792317
1.812244
1.812244
1.787938
1.787938
1.821556
1.821556
1.791919
1.791919
1.789594
1.789594
1.786637
1.786637
1.808427
1.808427
1.807059
1.807059
1.812814
1.812814
1.792981
1.792981
1.813378
1.813378
1.807986
1.807986
1.786957
1.786957
1.790221
1.790221
1.781272
1.781272
1.799352
1.799352
1.811393
1.811393
1.805599
1.805599
1.786156
1.786156
1.797660
1.797660
1.795891
1.795891
1.793679
1.793679
1.800374
1.800374
1.790949
1.790949
1.795306
1.795306
1.797602
1.797602
1.791744
1.791744
1.793621
1.793621
1.795112
1.795112
1.790445
1.790445
1.802138
1.802138
1.787624
1.787624
1.793368
1.793368
1.793317
1.793317
1.804961
1.804961
1.798304
1.798304
1.796143
1.796143
1.774419
1.774419
1.785749
1.785749
1.790543
1.790543
1.789296
1.789296
1.799199
1.799199
1.787809
1.787809
1.789137
1.789137
1.787614
1.787614
1.790968
1.790968
1.785972
1.785972
1.803421
1.803421
1.781466
1.781466
1.774583
1.774583
1.794123
1.794123
1.797883
1.797883
1.788307
1.788307
1.793277
1.793277
1.789685
1.789685
1.778213
1.778213
1.804195
1.804195
1.783792
1.783792
1.785435
1.785435
1.786440
1.786440
1.788555
1.788555
1.780717
1.780717
1.775643
1.775643
1.813472
1.813472
1.774936
1.774936
1.783169
1.783169
1.792461
1.792461
1.801434
1.801434
1.779329
1.779329
1.784835
1.784835
1.778021
1.778021
1.791416
1.791416
1.780562
1.780562
1.797814
1.797814
1.796732
1.796732
1.778111
1.778111
1.771402
1.771402
1.787271
1.787271
1.794981
1.794981
1.793245
1.793245
1.781953
1.781953
1.776809
1.776809
1.780656
1.780656
1.790895
1.790895
1.779583
1.779583
1.783453
1.783453
1.785432
1.785432
1.791013
1.791013
1.775494
1.775494
1.768455
1.768455
1.788363
1.788363
1.790046
1.790046
1.778230
1.778230
1.789775
1.789775
1.784275
1.784275
1.784603
1.784603
1.781262
1.781262
1.781917
1.781917
1.775264
1.775264
1.778469
1.778469
1.800823
1.800823
1.778061
1.778061
1.767856
1.767856
1.779653
1.779653
1.786705
1.786705
1.789489
1.789489
1.766969
1.766969
1.773963
1.773963
1.785168
1.785168
1.773488
1.773488
1.784322
1.784322
1.763828
1.763828
1.792059
1.792059
1.784055
1.784055
1.771858
1.771858
1.783100
1.783100
1.772059
1.772059
1.779329
1.779329
1.788117
1.788117
1.801520
1.801520
1.756667
1.756667
1.778979
1.778979
1.771157
1.771157
1.778897
1.778897
1.768373
1.768373
1.771488
1.771488
1.767533
1.767533
1.783219
1.783219
1.796742
1.796742
1.780800
1.780800
1.771939
1.771939
1.774333
1.774333
1.773204
1.773204
1.777006
1.777006
1.782873
1.782873
1.763583
1.763583
1.780329
1.780329
1.773850
1.773850
1.770304
1.770304
1.789617
1.789617
1.772538
1.772538
1.781413
1.781413
1.768327
1.768327
1.748558
1.748558
1.772195
1.772195
1.780660
1.780660
1.765981
1.765981
1.761654
1.761654
1.785851
1.785851
1.758660
1.758660
1.782309
1.782309
1.766863
1.766863
1.775422
1.775422
1.776135
1.776135
1.765390
1.765390
1.765455
1.765455
1.768103
1.768103
1.782764
1.782764
1.772520
1.772520
1.775697
1.775697
1.772446
1.772446
1.756938
1.756938
1.785970
1.785970
1.754271
1.754271
1.768643
1.768643
1.776344
1.776344
1.755592
1.755592
1.776221
1.776221
1.769155
1.769155
1.765881
1.765881
1.763881
1.763881
1.776012
1.776012
1.779792
1.779792
1.752549
1.752549
1.749619
1.749619
1.775557
1.775557
1.775030
1.775030
1.773319
1.773319
1.764523
1.764523
1.777187
1.777187
1.769833
1.769833
1.768666
1.768666
1.763239
1.763239
1.752727
1.752727
1.756013
1.756013
1.769514
1.769514
1.781142
1.781142
1.768323
1.768323
1.753969
1.753969
1.769763
1.769763
1.766168
1.766168
1.760310
1.760310
1.770812
1.770812
1.760672
1.760672
1.770024
1.770024
1.770980
1.770980
1.767438
1.767438
1.756947
1.756947
1.758608
1.758608
1.765024
1.765024
1.761365
1.761365
1.769274
1.769274
1.757392
1.757392
1.771494
1.771494
1.772977
1.772977
1.767069
1.767069
1.755839
1.755839
1.758642
1.758642
1.765402
1.765402
1.769012
1.769012
1.757090
1.757090
1.767338
1.767338
1.760091
1.760091
1.762549
1.762549
1.754784
1.754784
1.767532
1.767532
1.770688
1.770688
1.756871
1.756871
1.763238
1.763238
1.751923
1.751923
1.758948
1.758948
1.764590
1.764590
1.764380
1.764380
1.772805
1.772805
1.751485
1.751485
1.756472
1.756472
1.747292
1.747292
1.778916
1.778916
1.776630
1.776630
1.770759
1.770759
1.755121
1.755121
1.760325
1.760325
1.761054
1.761054
1.754862
1.754862
1.750887
1.750887
1.750727
1.750727
1.766423
1.766423
1.765048
1.765048
1.771696
1.771696
1.775407
1.775407
1.757906
1.757906
1.767183
1.767183
1.746715
1.746715
1.749497
1.749497
1.762424
1.762424
1.749214
1.749214
1.748288
1.748288
1.757226
1.757226
1.787595
1.787595
1.748895
1.748895
1.763433
1.763433
1.759710
1.759710
1.750307
1.750307
1.776654
1.776654
1.763022
1.763022
1.764637
1.764637
1.756887
1.756887
1.758952
1.758952
1.743694
1.743694
1.765255
1.765255
1.760419
1.760419
1.753326
1.753326
1.757358
1.757358
1.749930
1.749930
1.765623
1.765623
1.751924
1.751924
1.755667
1.755667
1.758355
1.758355
1.753178
1.753178
1.743310
1.743310
1.770374
1.770374
1.758921
1.758921
1.748050
1.748050
1.764689
1.764689
1.743782
1.743782
1.754149
1.754149
1.762419
1.762419
1.764871
1.764871
1.754496
1.754496
1.745424
1.745424
1.763624
1.763624
1.754673
1.754673
1.763502
1.763502
1.747587
1.747587
1.734035
1.734035
1.744486
1.744486
1.763370
1.763370
1.769039
1.769039
1.765901
1.765901
1.756612
1.756612
1.728643
1.728643
1.777859
1.777859
1.748849
1.748849
1.760589
1.760589
1.745291
1.745291
1.755838
1.755838
1.760095
1.760095
1.760041
1.760041
1.744043
1.744043
1.745186
1.745186
1.743853
1.743853
1.759896
1.759896
1.759203
1.759203
1.759497
1.759497
1.753497
1.753497
1.746135
1.746135
1.743904
1.743904
1.757339
1.757339
1.767479
1.767479
1.767007
1.767007
1.726400
1.726400
1.750177
1.750177
1.744041
1.744041
1.783653
1.783653
1.750155
1.750155
1.765771
1.765771
1.731899
1.731899
1.756716
1.756716
1.758091
1.758091
1.756394
1.756394
1.740494
1.740494
1.746948
1.746948
1.764235
1.764235
1.751350
1.751350
1.769493
1.769493
1.751453
1.751453
1.752120
1.752120
1.736996
1.736996
1.746618
1.746618
1.743002
1.743002
1.752365
1.752365
1.743696
1.743696
1.750021
1.750021
1.772909
1.772909
1.768138
1.768138
1.732116
1.732116
1.770954
1.770954
1.736467
1.736467
1.743947
1.743947
1.744093
1.744093
1.749251
1.749251
1.746236
1.746236
1.742283
1.742283
1.776177
1.776177
1.751858
1.751858
1.764152
1.764152
1.747433
1.747433
1.738536
1.738536
1.745261
1.745261
1.745844
1.745844
1.758941
1.758941
1.744223
1.744223
1.753821
1.753821
1.740748
1.740748
1.757241
1.757241
1.750343
1.750343
1.751808
1.751808
1.753839
1.753839
1.723024
1.723024
1.752200
1.752200
1.740147
1.740147
1.742259
1.742259
1.742025
1.742025
1.770347
1.770347
1.756062
1.756062
1.750263
1.750263
1.738259
1.738259
1.745043
1.745043
1.749473
1.749473
1.750150
1.750150
1.742406
1.742406
1.754400
1.754400
1.746873
1.746873
1.740683
1.740683
1.730853
1.730853
1.750978
1.750978
1.751166
1.751166
1.748623
1.748623
1.754576
1.754576
1.738098
1.738098
1.760644
1.760644
1.757738
1.757738
1.736537
1.736537
1.735886
1.735886
1.746497
1.746497
1.746695
1.746695
1.748273
1.748273
1.730997
1.730997
1.761280
1.761280
1.745715
1.745715
1.725755
1.725755
1.735028
1.735028
1.764927
1.764927
1.759848
1.759848
1.752917
1.752917
1.758430
1.758430
1.744842
1.744842
1.735135
1.735135
1.729724
1.729724
1.752259
1.752259
1.751564
1.751564
1.732405
1.732405
1.737629
1.737629
1.751259
1.751259
1.740952
1.740952
1.752271
1.752271
1.744261
1.744261
1.755777
1.755777
1.721926
1.721926
1.760847
1.760847
1.732122
1.732122
1.751533
1.751533
1.730073
1.730073
1.745377
1.745377
1.720409
1.720409
1.747547
1.747547
1.763727
1.763727
1.734854
1.734854
1.755542
1.755542
1.754876
1.754876
1.734609
1.734609
1.732094
1.732094
1.751052
1.751052
1.745637
1.745637
1.737970
1.737970
1.752576
1.752576
1.743552
1.743552
1.743065
1.743065
1.737088
1.737088
1.738253
1.738253
1.754155
1.754155
1.752891
1.752891
1.727112
1.727112
1.740915
1.740915
1.748979
1.748979
1.730473
1.730473
1.748459
1.748459
1.741155
1.741155
1.742586
1.742586
1.733745
1.733745
1.757770
1.757770
1.733695
1.733695
1.745801
1.745801
1.737035
1.737035
1.729089
1.729089
1.739719
1.739719
1.757519
1.757519
1.736682
1.736682
1.745107
1.745107
1.747213
1.747213
1.726542
1.726542
1.744308
1.744308
1.740979
1.740979
1.747610
1.747610
1.748531
1.748531
1.737401
1.737401
1.733657
1.733657
1.736723
1.736723
1.748286
1.748286
1.721151
1.721151
1.733667
1.733667
1.731892
1.731892
1.761156
1.761156
1.756874
1.756874
1.731888
1.731888
1.724733
1.724733
1.756324
1.756324
1.744964
1.744964
1.740127
1.740127
1.735826
1.735826
1.742950
1.742950
1.728798
1.728798
1.736012
1.736012
1.756897
1.756897
1.740962
1.740962
1.739307
1.739307
1.743295
1.743295
1.730253
1.730253
1.740069
1.740069
1.727324
1.727324
1.738589
1.738589
1.748693
1.748693
1.733816
1.733816
1.744863
1.744863
1.732496
1.732496
1.729466
1.729466
1.741896
1.741896
1.754977
1.754977
1.727725
1.727725
1.738448
1.738448
1.734148
1.734148
1.743816
1.743816
1.745754
1.745754
1.720046
1.720046
1.738156
1.738156
1.735032
1.735032
1.742252
1.742252
1.728107
1.728107
1.742358
1.742358
1.731135
1.731135
1.729438
1.729438
1.747597
1.747597
1.748044
1.748044
1.721585
1.721585
1.723176
1.723176
1.753797
1.753797
1.729827
1.729827
1.733766
1.733766
1.740060
1.740060
1.732347
1.732347
1.758206
1.758206
1.732384
1.732384
1.719820
1.719820
1.734215
1.734215
1.710380
1.710380
1.746876
1.746876
1.729686
1.729686
1.742920
1.742920
1.749272
1.749272
1.727506
1.727506
1.740875
1.740875
1.737581
1.737581
1.746639
1.746639
1.715249
1.715249
1.754165
1.754165
1.715545
1.715545
1.743503
1.743503
1.721248
1.721248
1.737812
1.737812
1.727997
1.727997
1.730904
1.730904
1.755332
1.755332
1.730813
1.730813
1.720464
1.720464
1.751891
1.751891
1.733138
1.733138
1.728186
1.728186
1.725116
1.725116
1.727054
1.727054
1.725410
1.725410
1.727431
1.727431
1.741342
1.741342
1.733314
1.733314
1.739387
1.739387
1.736325
1.736325
1.737158
1.737158
1.721241
1.721241
1.734382
1.734382
1.734656
1.734656
1.727683
1.727683
1.735199
1.735199
1.729964
1.729964
1.733033
1.733033
1.736633
1.736633
1.750170
1.750170
1.704925
1.704925
1.732858
1.732858
1.753808
1.753808
1.712262
1.712262
1.726126
1.726126
1.731483
1.731483
1.754116
1.754116
1.725830
1.725830
1.715643
1.715643
1.733123
1.733123
1.718729
1.718729
1.739099
1.739099
1.740957
1.740957
1.721096
1.721096
1.729693
1.729693
1.731386
1.731386
1.729444
1.729444
1.732948
1.732948
1.730675
1.730675
1.718735
1.718735
1.738868
1.738868
1.728073
1.728073
1.740687
1.740687
1.724617
1.724617
1.720368
1.720368
1.730731
1.730731
1.749851
1.749851
1.718559
1.718559
1.731915
1.731915
1.739926
1.739926
1.710209
1.710209
1.729555
1.729555
1.741101
1.741101
1.727734
1.727734
1.729984
1.729984
1.749388
1.749388
1.719043
1.719043
1.722014
1.722014
1.725208
1.725208
1.739322
1.739322
1.730363
1.730363
1.714916
1.714916
1.729409
1.729409
1.731089
1.731089
1.723437
1.723437
1.725455
1.725455
1.724403
1.724403
1.739887
1.739887
1.729526
1.729526
1.726727
1.726727
1.726452
1.726452
1.744187
1.744187
1.728767
1.728767
1.709202
1.709202
1.735757
1.735757
1.723463
1.723463
1.729458
1.729458
1.729249
1.729249
1.718040
1.718040
1.727159
1.727159
1.727329
1.727329
1.716528
1.716528
1.727518
1.727518
1.742164
1.742164
1.712083
1.712083
1.740865
1.740865
1.740539
1.740539
1.715306
1.715306
1.725506
1.725506
1.727118
1.727118
1.710702
1.710702
1.713590
1.713590
1.740943
1.740943
1.745641
1.745641
1.721000
1.721000
1.716095
1.716095
1.721937
1.721937
1.749194
1.749194
1.721216
1.721216
1.734559
1.734559
1.713529
1.713529
1.729936
1.729936
1.727632
1.727632
1.722367
1.722367
1.719000
1.719000
1.729769
1.729769
1.732454
1.732454
1.726420
1.726420
1.717558
1.717558
1.708414
1.708414
1.723632
1.723632
1.704200
1.704200
1.759696
1.759696
1.731855
1.731855
1.725267
1.725267
1.724798
1.724798
1.721997
1.721997
1.729114
1.729114
1.722911
1.722911
1.733718
1.733718
1.722394
1.722394
1.711936
1.711936
1.721276
1.721276
1.737616
1.737616
1.718696
1.718696
1.744361
1.744361
1.730394
1.730394
1.718423
1.718423
1.704839
1.704839
1.713811
1.713811
1.726582
1.726582
1.738888
1.738888
1.714404
1.714404
1.728334
1.728334
1.709340
1.709340
1.726016
1.726016
1.728258
1.728258
1.727069
1.727069
1.730693
1.730693
1.735251
1.735251
1.719702
1.719702
1.721695
1.721695
1.708425
1.708425
1.736385
1.736385
1.735669
1.735669
1.722744
1.722744
1.735310
1.735310
1.710096
1.710096
1.708473
1.708473
1.720125
1.720125
1.721319
1.721319
1.722811
1.722811
1.721460
1.721460
1.731398
1.731398
1.744341
1.744341
1.713947
1.713947
1.709280
1.709280
1.727525
1.727525
1.716390
1.716390
1.721579
1.721579
1.711515
1.711515
1.722117
1.722117
1.747425
1.747425
1.704186
1.704186
1.717988
1.717988
1.709359
1.709359
1.721566
1.721566
1.727946
1.727946
1.738295
1.738295
1.703368
1.703368
1.727308
1.727308
1.723992
1.723992
1.721707
1.721707
1.737504
1.737504
1.743135
1.743135
1.716267
1.716267
1.700725
1.700725
1.729346
1.729346
1.718064
1.718064
1.709828
1.709828
1.715355
1.715355
1.721131
1.721131
1.721280
1.721280
1.746915
1.746915
1.727715
1.727715
1.734539
1.734539
1.711438
1.711438
1.721694
1.721694
1.707092
1.707092
1.727141
1.727141
1.706856
1.706856
1.708913
1.708913
1.732338
1.732338
1.733361
1.733361
1.729500
1.729500
1.732417
1.732417
1.709877
1.709877
1.732278
1.732278
1.692038
1.692038
1.716669
1.716669
1.714305
1.714305
1.736048
1.736048
1.720343
1.720343
1.713536
1.713536
1.724390
1.724390
1.720862
1.720862
1.719900
1.719900
1.715475
1.715475
1.721006
1.721006
1.731785
1.731785
1.722649
1.722649
1.707721
1.707721
1.733708
1.733708
1.698172
1.698172
1.713532
1.713532
1.716673
1.716673
1.725066
1.725066
1.720498
1.720498
1.723854
1.723854
1.710768
1.710768
1.721237
1.721237
1.713323
1.713323
1.730137
1.730137
1.722450
1.722450
1.710564
1.710564
1.727549
1.727549
1.718020
1.718020
1.730701
1.730701
1.705201
1.705201
1.717560
1.717560
1.720948
1.720948
1.722412
1.722412
1.715641
1.715641
1.717780
1.717780
1.719770
1.719770
1.724397
1.724397
1.720937
1.720937
1.720773
1.720773
1.703388
1.703388
1.713041
1.713041
1.719724
1.719724
1.723435
1.723435
1.722405
1.722405
1.712260
1.712260
1.725964
1.725964
1.710401
1.710401
1.718665
1.718665
1.713543
1.713543
1.724519
1.724519
1.721620
1.721620
1.711238
1.711238
1.729204
1.729204
1.714996
1.714996
1.710981
1.710981
1.720492
1.720492
1.727749
1.727749
1.702502
1.702502
1.717796
1.717796
1.720683
1.720683
1.728732
1.728732
1.741370
1.741370
1.694934
1.694934
1.710974
1.710974
1.708130
1.708130
1.722627
1.722627
1.709957
1.709957
1.713761
1.713761
1.728049
1.728049
1.708094
1.708094
1.729423
1.729423
1.708562
1.708562
1.717530
1.717530
1.718261
1.718261
1.706727
1.706727
1.708451
1.708451
1.703822
1.703822
1.732302
1.732302
1.717043
1.717043
1.721291
1.721291
1.716051
1.716051
1.711330
1.711330
1.713019
1.713019
1.725591
1.725591
1.713362
1.713362
1.734296
1.734296
1.717928
1.717928
1.708408
1.708408
1.706455
1.706455
1.710106
1.710106
1.725415
1.725415
1.709492
1.709492
1.713947
1.713947
1.725576
1.725576
1.698207
1.698207
1.711441
1.711441
1.710124
1.710124
1.719951
1.719951
1.721289
1.721289
1.712702
1.712702
1.723435
1.723435
1.694175
1.694175
1.716483
1.716483
1.734925
1.734925
1.702268
1.702268
1.710561
1.710561
1.711794
1.711794
1.720876
1.720876
1.721015
1.721015
1.706767
1.706767
1.721076
1.721076
1.718269
1.718269
1.710808
1.710808
1.710981
1.710981
1.709009
1.709009
1.716235
1.716235
1.702385
1.702385
1.725114
1.725114
1.700911
1.700911
1.729858
1.729858
1.715645
1.715645
1.714486
1.714486
1.709212
1.709212
1.708093
1.708093
1.724298
1.724298
1.717447
1.717447
1.707990
1.707990
1.718518
1.718518
1.720472
1.720472
1.699096
1.699096
1.721339
1.721339
1.707147
1.707147
1.716949
1.716949
1.718960
1.718960
1.697544
1.697544
1.720661
1.720661
1.700926
1.700926
1.715041
1.715041
1.721349
1.721349
1.704938
1.704938
1.708418
1.708418
1.711311
1.711311
1.707403
1.707403
1.729889
1.729889
1.704815
1.704815
1.702599
1.702599
1.708353
1.708353
1.709553
1.709553
1.722770
1.722770
1.722323
1.722323
1.702024
1.702024
1.719208
1.719208
1.717942
1.717942
1.718100
1.718100
1.701554
1.701554
1.729035
1.729035
1.708270
1.708270
1.714431
1.714431
1.703129
1.703129
1.703501
1.703501
1.703411
1.703411
1.708972
1.708972
1.705175
1.705175
1.715326
1.715326
1.732717
1.732717
1.721730
1.721730
1.703621
1.703621
1.702160
1.702160
1.712053
1.712053
1.722530
1.722530
1.717109
1.717109
1.708319
1.708319
1.695889
1.695889
1.719304
1.719304
1.719902
1.719902
1.714587
1.714587
1.711168
1.711168
1.704994
1.704994
1.717239
1.717239
1.708371
1.708371
1.714385
1.714385
1.702369
1.702369
1.712786
1.712786
1.704953
1.704953
1.725413
1.725413
1.709301
1.709301
1.718416
1.718416
1.706409
1.706409
1.707189
1.707189
1.714430
1.714430
1.700544
1.700544
1.719155
1.719155
1.708491
1.708491
1.720564
1.720564
1.702576
1.702576
1.696384
1.696384
1.734610
1.734610
1.727813
1.727813
1.698943
1.698943
1.688729
1.688729
1.696045
1.696045
1.714133
1.714133
1.732835
1.732835
1.703990
1.703990
1.702559
1.702559
1.695755
1.695755
1.711558
1.711558
1.709666
1.709666
1.709781
1.709781
1.729821
1.729821
1.715429
1.715429
1.715546
1.715546
1.696638
1.696638
1.716300
1.716300
1.705522
1.705522
1.710337
1.710337
1.702742
1.702742
1.708140
1.708140
1.714846
1.714846
1.715470
1.715470
1.707087
1.707087
1.708987
1.708987
1.702936
1.702936
1.721069
1.721069
1.708573
1.708573
1.698217
1.698217
1.707136
1.707136
1.717790
1.717790
1.714670
1.714670
1.710080
1.710080
1.705134
1.705134
1.714243
1.714243
1.710169
1.710169
1.710210
1.710210
1.705892
1.705892
1.708049
1.708049
1.713683
1.713683
1.715742
1.715742
1.697198
1.697198
1.711504
1.711504
1.722072
1.722072
1.704691
1.704691
1.706759
1.706759
1.704210
1.704210
1.705896
1.705896
1.707030
1.707030
1.712169
1.712169
1.706970
1.706970
1.704458
1.704458
1.714433
1.714433
1.718681
1.718681
1.705804
1.705804
1.690871
1.690871
1.706523
1.706523
1.725370
1.725370
1.726246
1.726246
1.700808
1.700808
1.699267
1.699267
1.705885
1.705885
1.710015
1.710015
1.695905
1.695905
1.710937
1.710937
1.699594
1.699594
1.719669
1.719669
1.717192
1.717192
1.700946
1.700946
1.710783
1.710783
1.699183
1.699183
1.708357
1.708357
1.725239
1.725239
1.700039
1.700039
1.706674
1.706674
1.711636
1.711636
1.731521
1.731521
1.681633
1.681633
1.722768
1.722768
1.702057
1.702057
1.704311
1.704311
1.703141
1.703141
1.704488
1.704488
1.707656
1.707656
1.704939
1.704939
1.700524
1.700524
1.718691
1.718691
1.703718
1.703718
1.711552
1.711552
1.693104
1.693104
1.691330
1.691330
1.724147
1.724147
1.718688
1.718688
1.704149
1.704149
1.704743
1.704743
1.708603
1.708603
1.702565
1.702565
1.717745
1.717745
1.700049
1.700049
1.723191
1.723191
1.700619
1.700619
1.703179
1.703179
1.706777
1.706777
1.713437
1.713437
1.708712
1.708712
1.709297
1.709297
1.691972
1.691972
1.710182
1.710182
1.697527
1.697527
1.718381
1.718381
1.718818
1.718818
1.688936
1.688936
1.708409
1.708409
1.706689
1.706689
1.726050
1.726050
1.687450
1.687450
1.705604
1.705604
1.704945
1.704945
1.695192
1.695192
1.709677
1.709677
1.706875
1.706875
1.704165
1.704165
1.718303
1.718303
1.720672
1.720672
1.715797
1.715797
1.683958
1.683958
1.717739
1.717739
1.687028
1.687028
1.692974
1.692974
1.709906
1.709906
1.713538
1.713538
1.715987
1.715987
1.694043
1.694043
1.697658
1.697658
1.695634
1.695634
1.711446
1.711446
1.705860
1.705860
1.722904
1.722904
1.712378
1.712378
1.707742
1.707742
1.695738
1.695738
1.696326
1.696326
1.719220
1.719220
1.715249
1.715249
1.691725
1.691725
1.707533
1.707533
1.710763
1.710763
1.699706
1.699706
1.697149
1.697149
1.703908
1.703908
1.713806
1.713806
1.708441
1.708441
1.700995
1.700995
1.692608
1.692608
1.703950
1.703950
1.707973
1.707973
1.724151
1.724151
1.692050
1.692050
1.702647
1.702647
1.714035
1.714035
1.693855
1.693855
1.710802
1.710802
1.700455
1.700455
1.695409
1.695409
1.717148
1.717148
1.691524
1.691524
1.700846
1.700846
1.721537
1.721537
1.705073
1.705073
1.705703
1.705703
1.697539
1.697539
1.707001
1.707001
1.706344
1.706344
1.711163
1.711163
1.710997
1.710997
1.694136
1.694136
1.704149
1.704149
1.698537
1.698537
1.708576
1.708576
1.715572
1.715572
1.702181
1.702181
1.703562
1.703562
1.684661
1.684661
1.702574
1.702574
1.698668
1.698668
1.706488
1.706488
1.700928
1.700928
1.712896
1.712896
1.719461
1.719461
1.702984
1.702984
1.705017
1.705017
1.691410
1.691410
1.697526
1.697526
1.696643
1.696643
1.708772
1.708772
1.716353
1.716353
1.691057
1.691057
1.704408
1.704408
1.700194
1.700194
1.706393
1.706393
1.697949
1.697949
1.692880
1.692880
1.724108
1.724108
1.698280
1.698280
1.719239
1.719239
1.700886
1.700886
1.712541
1.712541
1.676261
1.676261
1.715015
1.715015
1.702769
1.702769
1.700261
1.700261
1.695546
1.695546
1.698483
1.698483
1.695817
1.695817
1.712837
1.712837
1.690701
1.690701
1.703387
1.703387
1.711851
1.711851
1.701883
1.701883
1.710292
1.710292
1.697395
1.697395
1.691862
1.691862
1.712252
1.712252
1.711377
1.711377
1.714330
1.714330
1.684508
1.684508
1.696977
1.696977
1.702963
1.702963
1.702621
1.702621
1.700354
1.700354
1.688254
1.688254
1.704564
1.704564
1.717432
1.717432
1.689204
1.689204
1.722109
1.722109
1.696408
1.696408
1.710864
1.710864
1.684567
1.684567
1.702370
1.702370
1.704642
1.704642
1.704299
1.704299
1.694426
1.694426
1.701400
1.701400
1.707880
1.707880
1.692403
1.692403
1.711295
1.711295
1.698697
1.698697
1.694532
1.694532
1.704718
1.704718
1.707732
1.707732
1.693211
1.693211
1.696571
1.696571
1.704797
1.704797
1.694236
1.694236
1.697994
1.697994
1.707045
1.707045
1.706711
1.706711
1.698659
1.698659
1.688982
1.688982
1.691328
1.691328
1.690894
1.690894
1.716268
1.716268
1.723262
1.723262
1.707503
1.707503
1.702167
1.702167
1.694737
1.694737
1.696453
1.696453
1.703791
1.703791
1.710390
1.710390
1.713859
1.713859
1.696027
1.696027
1.687345
1.687345
1.693413
1.693413
1.697273
1.697273
1.713853
1.713853
1.699611
1.699611
1.694297
1.694297
1.695695
1.695695
1.703464
1.703464
1.703070
1.703070
1.682262
1.682262
1.703951
1.703951
1.711229
1.711229
1.711905
1.711905
1.700477
1.700477
1.691899
1.691899
1.707124
1.707124
1.684472
1.684472
1.686800
1.686800
1.704540
1.704540
1.691102
1.691102
1.715330
1.715330
1.703519
1.703519
1.695926
1.695926
1.713502
1.713502
1.698396
1.698396
1.704636
1.704636
1.683331
1.683331
1.691907
1.691907
1.700225
1.700225
1.708289
1.708289
1.697106
1.697106
1.703310
1.703310
1.692249
1.692249
1.721118
1.721118
1.676618
1.676618
1.689931
1.689931
1.726500
1.726500
1.697449
1.697449
1.689906
1.689906
1.694807
1.694807
1.703632
1.703632
1.717067
1.717067
1.702824
1.702824
1.693143
1.693143
1.709324
1.709324
1.703867
1.703867
1.683566
1.683566
1.693030
1.693030
1.720616
1.720616
1.693689
1.693689
1.701490
1.701490
1.683023
1.683023
1.707655
1.707655
1.691242
1.691242
1.710489
1.710489
1.692277
1.692277
1.691878
1.691878
1.695856
1.695856
1.698784
1.698784
1.699673
1.699673
1.691935
1.691935
1.711975
1.711975
1.704529
1.704529
1.693967
1.693967
1.703962
1.703962
1.702920
1.702920
1.684289
1.684289
1.695070
1.695070
1.694279
1.694279
1.708465
1.708465
1.699749
1.699749
1.693859
1.693859
1.695784
1.695784
1.719119
1.719119
1.682492
1.682492
1.686899
1.686899
1.710956
1.710956
1.689135
1.689135
1.693290
1.693290
1.715487
1.715487
1.685207
1.685207
1.711299
1.711299
1.693307
1.693307
1.706423
1.706423
1.694086
1.694086
1.700768
1.700768
1.694275
1.694275
1.709296
1.709296
1.708696
1.708696
1.691815
1.691815
1.681360
1.681360
1.697809
1.697809
1.692129
1.692129
1.709492
1.709492
1.702455
1.702455
1.678932
1.678932
1.708815
1.708815
1.685570
1.685570
1.689827
1.689827
1.701889
1.701889
1.702215
1.702215
1.713862
1.713862
1.714440
1.714440
1.690980
1.690980
1.696197
1.696197
1.680736
1.680736
1.709446
1.709446
1.688301
1.688301
1.697109
1.697109
1.693598
1.693598
1.706493
1.706493
1.704202
1.704202
1.686809
1.686809
1.682076
1.682076
1.717048
1.717048
1.696824
1.696824
1.708572
1.708572
1.690905
1.690905
1.693912
1.693912
1.691293
1.691293
1.696194
1.696194
1.723460
1.723460
1.698935
1.698935
1.705365
1.705365
1.691987
1.691987
1.702998
1.702998
1.686231
1.686231
1.695763
1.695763
1.698778
1.698778
1.695597
1.695597
1.694003
1.694003
1.706870
1.706870
1.699408
1.699408
1.703767
1.703767
1.696676
1.696676
1.687764
1.687764
1.701603
1.701603
1.698553
1.698553
1.698183
1.698183
1.691318
1.691318
1.702235
1.702235
1.696951
1.696951
1.707205
1.707205
1.696314
1.696314
1.695212
1.695212
1.690688
1.690688
1.696950
1.696950
1.704835
1.704835
1.705700
1.705700
1.692447
1.692447
1.691789
1.691789
1.688137
1.688137
1.702867
1.702867
1.697208
1.697208
1.704314
1.704314
1.686299
1.686299
1.691975
1.691975
1.689726
1.689726
1.686465
1.686465
1.705974
1.705974
1.699839
1.699839
1.702091
1.702091
1.702997
1.702997
1.709438
1.709438
1.684814
1.684814
1.683852
1.683852
1.701789
1.701789
1.687840
1.687840
1.709567
1.709567
1.688095
1.688095
1.703920
1.703920
1.688844
1.688844
1.708072
1.708072
1.704807
1.704807
1.697981
1.697981
1.686951
1.686951
1.675979
1.675979
1.696620
1.696620
1.686550
1.686550
1.686227
1.686227
1.702712
1.702712
1.710054
1.710054
1.700210
1.700210
1.687590
1.687590
1.688145
1.688145
1.695290
1.695290
1.709856
1.709856
1.693696
1.693696
1.701012
1.701012
1.704653
1.704653
1.686122
1.686122
1.688906
1.688906
1.680203
1.680203
1.694419
1.694419
1.707183
1.707183
1.700192
1.700192
1.692368
1.692368
1.677655
1.677655
1.704618
1.704618
1.704560
1.704560
1.693095
1.693095
1.693849
1.693849
1.700333
1.700333
1.695471
1.695471
1.689021
1.689021
1.691013
1.691013
1.697766
1.697766
1.692013
1.692013
1.694490
1.694490
1.694003
1.694003
1.693202
1.693202
1.699042
1.699042
1.705896
1.705896
1.693824
1.693824
1.685569
1.685569
1.689628
1.689628
1.695451
1.695451
1.688221
1.688221
1.692325
1.692325
1.686469
1.686469
1.697417
1.697417
1.707740
1.707740
1.687159
1.687159
1.679038
1.679038
1.687967
1.687967
1.719295
1.719295
1.693413
1.693413
1.679990
1.679990
1.705367
1.705367
1.697309
1.697309
1.689267
1.689267
1.693972
1.693972
1.705195
1.705195
1.693560
1.693560
1.690388
1.690388
1.682137
1.682137
1.693571
1.693571
1.695945
1.695945
1.691926
1.691926
1.702730
1.702730
1.687738
1.687738
1.682698
1.682698
1.711601
1.711601
1.694980
1.694980
1.672179
1.672179
1.691616
1.691616
1.692563
1.692563
1.683094
1.683094
1.695182
1.695182
1.702753
1.702753
1.672891
1.672891
1.714155
1.714155
1.701701
1.701701
1.676286
1.676286
1.701218
1.701218
1.698793
1.698793
1.679978
1.679978
1.695578
1.695578
1.686262
1.686262
1.701334
1.701334
1.676985
1.676985
1.703576
1.703576
1.686932
1.686932
1.686194
1.686194
1.692583
1.692583
1.703262
1.703262
1.690408
1.690408
1.686964
1.686964
1.679386
1.679386
1.699563
1.699563
1.697053
1.697053
1.697748
1.697748
1.682163
1.682163
1.701582
1.701582
1.686370
1.686370
1.696780
1.696780
1.691985
1.691985
1.684455
1.684455
1.696162
1.696162
1.690905
1.690905
1.698538
1.698538
1.687489
1.687489
1.674457
1.674457
1.698118
1.698118
1.683290
1.683290
1.694167
1.694167
1.714643
1.714643
1.688803
1.688803
1.691542
1.691542
1.685355
1.685355
1.690575
1.690575
1.705157
1.705157
1.716217
1.716217
1.681559
1.681559
1.683951
1.683951
1.688059
1.688059
1.685520
1.685520
1.691257
1.691257
1.677442
1.677442
1.697160
1.697160
1.694886
1.694886
1.697140
1.697140
1.686981
1.686981
1.691740
1.691740
1.697977
1.697977
1.698204
1.698204
1.676722
1.676722
1.690726
1.690726
1.705609
1.705609
1.687231
1.687231
1.693161
1.693161
1.673318
1.673318
1.683205
1.683205
1.685820
1.685820
1.677644
1.677644
1.715262
1.715262
1.692899
1.692899
1.692632
1.692632
1.680838
1.680838
1.692251
1.692251
1.699142
1.699142
1.688026
1.688026
1.694813
1.694813
1.676915
1.676915
1.697932
1.697932
1.696561
1.696561
1.685246
1.685246
1.710043
1.710043
1.676831
1.676831
1.700792
1.700792
1.695292
1.695292
1.661060
1.661060
1.681777
1.681777
1.692668
1.692668
1.699471
1.699471
1.691123
1.691123
1.684634
1.684634
1.692791
1.692791
1.684407
1.684407
1.692350
1.692350
1.677026
1.677026
1.709131
1.709131
1.677118
1.677118
1.700567
1.700567
1.680284
1.680284
1.696482
1.696482
1.697454
1.697454
1.670442
1.670442
1.686136
1.686136
1.706796
1.706796
1.695553
1.695553
1.690564
1.690564
1.666269
1.666269
1.701003
1.701003
1.686708
1.686708
1.703346
1.703346
1.692096
1.692096
1.678960
1.678960
1.686938
1.686938
1.678602
1.678602
1.698968
1.698968
1.710381
1.710381
1.687395
1.687395
1.686248
1.686248
1.696767
1.696767
1.686178
1.686178
1.691231
1.691231
1.686337
1.686337
1.700796
1.700796
1.694467
1.694467
1.677101
1.677101
1.687019
1.687019
1.687875
1.687875
1.694413
1.694413
1.680762
1.680762
1.693398
1.693398
1.688880
1.688880
1.696896
1.696896
1.714962
1.714962
1.669411
1.669411
1.671745
1.671745
1.693335
1.693335
1.699884
1.699884
1.696886
1.696886
1.683306
1.683306
1.680270
1.680270
1.682881
1.682881
1.686438
1.686438
1.699631
1.699631
1.686663
1.686663
1.687058
1.687058
1.683009
1.683009
1.692886
1.692886
1.668836
1.668836
1.679590
1.679590
1.709632
1.709632
1.694377
1.694377
1.700039
1.700039
1.680921
1.680921
1.686488
1.686488
1.688828
1.688828
1.686139
1.686139
1.700127
1.700127
1.675701
1.675701
1.691422
1.691422
1.696862
1.696862
1.674528
1.674528
1.684294
1.684294
1.691515
1.691515
1.684846
1.684846
1.689205
1.689205
1.693648
1.693648
1.686115
1.686115
1.692731
1.692731
1.681901
1.681901
1.689261
1.689261
1.692883
1.692883
1.676924
1.676924
1.684576
1.684576
1.681708
1.681708
1.704418
1.704418
1.695398
1.695398
1.668509
1.668509
1.688914
1.688914
1.703673
1.703673
1.696166
1.696166
1.681041
1.681041
1.687333
1.687333
1.690972
1.690972
1.684587
1.684587
1.696772
1.696772
1.676486
1.676486
1.697024
1.697024
1.683462
1.683462
1.689625
1.689625
1.693848
1.693848
1.669362
1.669362
1.680773
1.680773
1.689462
1.689462
1.690723
1.690723
1.687004
1.687004
1.690304
1.690304
1.687750
1.687750
1.680281
1.680281
1.685171
1.685171
1.693280
1.693280
1.691468
1.691468
1.685864
1.685864
1.678255
1.678255
1.673583
1.673583
1.699223
1.699223
1.703702
1.703702
1.673635
1.673635
1.689369
1.689369
1.693668
1.693668
1.695733
1.695733
1.681321
1.681321
1.682993
1.682993
1.689372
1.689372
1.683612
1.683612
1.702131
1.702131
1.672334
1.672334
1.704629
1.704629
1.686543
1.686543
1.664603
1.664603
1.697740
1.697740
1.677277
1.677277
1.669130
1.669130
1.683607
1.683607
1.702684
1.702684
1.690312
1.690312
1.687102
1.687102
1.685965
1.685965
1.688645
1.688645
1.689388
1.689388
1.689358
1.689358
1.677211
1.677211
1.679062
1.679062
1.670632
1.670632
1.694936
1.694936
1.690064
1.690064
1.703587
1.703587
1.673572
1.673572
1.688221
1.688221
1.699703
1.699703
1.689596
1.689596
1.681190
1.681190
1.695325
1.695325
1.679057
1.679057
1.677838
1.677838
1.686107
1.686107
1.698648
1.698648
1.683808
1.683808
1.681624
1.681624
1.685075
1.685075
1.703004
1.703004
1.677358
1.677358
1.678839
1.678839
1.697057
1.697057
1.682973
1.682973
1.694731
1.694731
1.676804
1.676804
1.696494
1.696494
1.678687
1.678687
1.682323
1.682323
1.676478
1.676478
1.703323
1.703323
1.698896
1.698896
1.690350
1.690350
1.674269
1.674269
1.690248
1.690248
1.675464
1.675464
1.684636
1.684636
1.701032
1.701032
1.671213
1.671213
1.691118
1.691118
1.682606
1.682606
1.699860
1.699860
1.681012
1.681012
1.682756
1.682756
1.686153
1.686153
1.679252
1.679252
1.678987
1.678987
1.693759
1.693759
1.693727
1.693727
1.684040
1.684040
1.677404
1.677404
1.686866
1.686866
1.690984
1.690984
1.680853
1.680853
1.686764
1.686764
1.683509
1.683509
1.699412
1.699412
1.694863
1.694863
1.694372
1.694372
1.669916
1.669916
1.664638
1.664638
1.672410
1.672410
1.687339
1.687339
1.685147
1.685147
1.682953
1.682953
1.706059
1.706059
1.684147
1.684147
1.686026
1.686026
1.695736
1.695736
1.685323
1.685323
1.673125
1.673125
1.687633
1.687633
1.659648
1.659648
1.702419
1.702419
1.686278
1.686278
1.693642
1.693642
1.686722
1.686722
1.682490
1.682490
1.693909
1.693909
1.672309
1.672309
1.693865
1.693865
1.682242
1.682242
1.705518
1.705518
1.685288
1.685288
1.678894
1.678894
1.670765
1.670765
1.683392
1.683392
1.688375
1.688375
1.677159
1.677159
1.685453
1.685453
1.694591
1.694591
1.680517
1.680517
1.682425
1.682425
1.697538
1.697538
1.671006
1.671006
1.698047
1.698047
1.662088
1.662088
1.684968
1.684968
1.688990
1.688990
1.695171
1.695171
1.697563
1.697563
1.684932
1.684932
1.676623
1.676623
1.695480
1.695480
1.685757
1.685757
1.681572
1.681572
1.683107
1.683107
1.666664
1.666664
1.689111
1.689111
1.692721
1.692721
1.698114
1.698114
1.684816
1.684816
1.697317
1.697317
1.681438
1.681438
1.673446
1.673446
1.691178
1.691178
1.682695
1.682695
1.678604
1.678604
1.691585
1.691585
1.686349
1.686349
1.687925
1.687925
1.680588
1.680588
1.703800
1.703800
1.673283
1.673283
1.678893
1.678893
1.690969
1.690969
1.687735
1.687735
1.681675
1.681675
1.682318
1.682318
1.675787
1.675787
1.702590
1.702590
1.679876
1.679876
1.700245
1.700245
1.681655
1.681655
1.690559
1.690559
1.667146
1.667146
1.678668
1.678668
1.686433
1.686433
1.697919
1.697919
1.668420
1.668420
1.694437
1.694437
1.681244
1.681244
1.680446
1.680446
1.678939
1.678939
1.689074
1.689074
1.695299
1.695299
1.673449
1.673449
1.687710
1.687710
1.687051
1.687051
1.688132
1.688132
1.684750
1.684750
1.681382
1.681382
1.675454
1.675454
1.683427
1.683427
1.681138
1.681138
1.703766
1.703766
1.693420
1.693420
1.690396
1.690396
1.687999
1.687999
1.682030
1.682030
1.657495
1.657495
1.680319
1.680319
1.693523
1.693523
1.682782
1.682782
1.669330
1.669330
1.694756
1.694756
1.677502
1.677502
1.686230
1.686230
1.681211
1.681211
1.687142
1.687142
1.685365
1.685365
1.684661
1.684661
1.668286
1.668286
1.676336
1.676336
1.692049
1.692049
1.699234
1.699234
1.694269
1.694269
1.694917
1.694917
1.662405
1.662405
1.686830
1.686830
1.674924
1.674924
1.688425
1.688425
1.675308
1.675308
1.663701
1.663701
1.688671
1.688671
1.705472
1.705472
1.689343
1.689343
1.677387
1.677387
1.681437
1.681437
1.690767
1.690767
1.675311
1.675311
1.702672
1.702672
1.667485
1.667485
1.679463
1.679463
1.690061
1.690061
1.676207
1.676207
1.673082
1.673082
1.689380
1.689380
1.687824
1.687824
1.673392
1.673392
1.699129
1.699129
1.676958
1.676958
1.687375
1.687375
1.684293
1.684293
1.676919
1.676919
1.696131
1.696131
1.673117
1.673117
1.684917
1.684917
1.690040
1.690040
1.692960
1.692960
1.673822
1.673822
1.673537
1.673537
1.701982
1.701982
1.679603
1.679603
1.688716
1.688716
1.668980
1.668980
1.692542
1.692542
1.677479
1.677479
1.678818
1.678818
1.682770
1.682770
1.684820
1.684820
1.692631
1.692631
1.689040
1.689040
1.674552
1.674552
1.673608
1.673608
1.686215
1.686215
1.679266
1.679266
1.675516
1.675516
1.691114
1.691114
1.696705
1.696705
1.667486
1.667486
1.680114
1.680114
1.685067
1.685067
1.680753
1.680753
1.687655
1.687655
1.678778
1.678778
1.692711
1.692711
1.667344
1.667344
1.693936
1.693936
1.679255
1.679255
1.678214
1.678214
1.668239
1.668239
1.684726
1.684726
1.695812
1.695812
1.675151
1.675151
1.690175
1.690175
1.680704
1.680704
1.678351
1.678351
1.684430
1.684430
1.690828
1.690828
1.674851
1.674851
1.685900
1.685900
1.664497
1.664497
1.705184
1.705184
1.678950
1.678950
1.673577
1.673577
1.676989
1.676989
1.690752
1.690752
1.682466
1.682466
1.687951
1.687951
1.667663
1.667663
1.688788
1.688788
1.686380
1.686380
1.676293
1.676293
1.681273
1.681273
1.674191
1.674191
1.692851
1.692851
1.677415
1.677415
1.676636
1.676636
1.680793
1.680793
1.680317
1.680317
1.679303
1.679303
1.677340
1.677340
1.673674
1.673674
1.699353
1.699353
1.676763
1.676763
1.681156
1.681156
1.681357
1.681357
1.666971
1.666971
1.687376
1.687376
1.693619
1.693619
1.693305
1.693305
1.675840
1.675840
1.689532
1.689532
1.677212
1.677212
1.666527
1.666527
1.670438
1.670438
1.692635
1.692635
1.672574
1.672574
1.684274
1.684274
1.687716
1.687716
1.677867
1.677867
1.679951
1.679951
1.690511
1.690511
1.681670
1.681670
1.673138
1.673138
1.677448
1.677448
1.677369
1.677369
1.691119
1.691119
1.675860
1.675860
1.683823
1.683823
1.678113
1.678113
1.674920
1.674920
1.696063
1.696063
1.666001
1.666001
1.692298
1.692298
1.670611
1.670611
1.676082
1.676082
1.677798
1.677798
1.686820
1.686820
1.696790
1.696790
1.686616
1.686616
1.684107
1.684107
1.670025
1.670025
1.685662
1.685662
1.675253
1.675253
1.664720
1.664720
1.679727
1.679727
1.678308
1.678308
1.690847
1.690847
1.692027
1.692027
1.686589
1.686589
1.676739
1.676739
1.668618
1.668618
1.682921
1.682921
1.688849
1.688849
1.705651
1.705651
1.664497
1.664497
1.658270
1.658270
1.690366
1.690366
1.682180
1.682180
1.671088
1.671088
1.672121
1.672121
1.687343
1.687343
1.683831
1.683831
1.687438
1.687438
1.666600
1.666600
1.674757
1.674757
1.680198
1.680198
1.696995
1.696995
1.680972
1.680972
1.697382
1.697382
1.682489
1.682489
1.670816
1.670816
1.672714
1.672714
1.673545
1.673545
1.677218
1.677218
1.665060
1.665060
1.691527
1.691527
1.683346
1.683346
1.681651
1.681651
1.695423
1.695423
1.656319
1.656319
1.691464
1.691464
1.679535
1.679535
1.673848
1.673848
1.664599
1.664599
1.683917
1.683917
1.695812
1.695812
1.681714
1.681714
1.669314
1.669314
1.668374
1.668374
1.669576
1.669576
1.695047
1.695047
1.679657
1.679657
1.687536
1.687536
1.662258
1.662258
1.665706
1.665706
1.688505
1.688505
1.687888
1.687888
1.698528
1.698528
1.688473
1.688473
1.660876
1.660876
1.684978
1.684978
1.672559
1.672559
1.694410
1.694410
1.678765
1.678765
1.678131
1.678131
1.675141
1.675141
1.672150
1.672150
1.697345
1.697345
1.679242
1.679242
1.680770
1.680770
1.676452
1.676452
1.684423
1.684423
1.673486
1.673486
1.691412
1.691412
1.676366
1.676366
1.655563
1.655563
1.687606
1.687606
1.686292
1.686292
1.673702
1.673702
1.667352
1.667352
1.679543
1.679543
1.681300
1.681300
1.697891
1.697891
1.697773
1.697773
1.673747
1.673747
1.672979
1.672979
1.674239
1.674239
1.673785
1.673785
1.673369
1.673369
1.673608
1.673608
1.688432
1.688432
1.675011
1.675011
1.684454
1.684454
1.675241
1.675241
1.683084
1.683084
1.680322
1.680322
1.672320
1.672320
1.683030
1.683030
1.693867
1.693867
1.670742
1.670742
1.682598
1.682598
1.664656
1.664656
1.681260
1.681260
1.695479
1.695479
1.678308
1.678308
1.670633
1.670633
1.674253
1.674253
1.671960
1.671960
1.678502
1.678502
1.685590
1.685590
1.668101
1.668101
1.688591
1.688591
1.669272
1.669272
1.688029
1.688029
1.671481
1.671481
1.675900
1.675900
1.677010
1.677010
1.680850
1.680850
1.698631
1.698631
1.680431
1.680431
1.658111
1.658111
1.674560
1.674560
1.681824
1.681824
1.678509
1.678509
1.681199
1.681199
1.676986
1.676986
1.672173
1.672173
1.685869
1.685869
1.671242
1.671242
1.680161
1.680161
1.672525
1.672525
1.680926
1.680926
1.691455
1.691455
1.677587
1.677587
1.682372
1.682372
1.669442
1.669442
1.692923
1.692923
1.667192
1.667192
1.681059
1.681059
1.679322
1.679322
1.686891
1.686891
1.664521
1.664521
1.681341
1.681341
1.670092
1.670092
1.685233
1.685233
1.669244
1.669244
1.685970
1.685970
1.682631
1.682631
1.683073
1.683073
1.683954
1.683954
1.674069
1.674069
1.673398
1.673398
1.676620
1.676620
1.680509
1.680509
1.683887
1.683887
1.670971
1.670971
1.686548
1.686548
1.665586
1.665586
1.681044
1.681044
1.689528
1.689528
1.674752
1.674752
1.671483
1.671483
1.671408
1.671408
1.664749
1.664749
1.690580
1.690580
1.665007
1.665007
1.681085
1.681085
1.691411
1.691411
1.689876
1.689876
1.668140
1.668140
1.674972
1.674972
1.687728
1.687728
1.663560
1.663560
1.691308
1.691308
1.666083
1.666083
1.673009
1.673009
1.685396
1.685396
1.670522
1.670522
1.674083
1.674083
1.677057
1.677057
1.683386
1.683386
1.680349
1.680349
1.672834
1.672834
1.680550
1.680550
1.674774
1.674774
1.676788
1.676788
1.679042
1.679042
1.678538
1.678538
1.685742
1.685742
1.666750
1.666750
1.684306
1.684306
1.668074
1.668074
1.687180
1.687180
1.679530
1.679530
1.673288
1.673288
1.684091
1.684091
1.675373
1.675373
1.676322
1.676322
1.678942
1.678942
1.672935
1.672935
1.681277
1.681277
1.690575
1.690575
1.659677
1.659677
1.677788
1.677788
1.680053
1.680053
1.679913
1.679913
1.684938
1.684938
1.660007
1.660007
1.672149
1.672149
1.670854
1.670854
1.690135
1.690135
1.678415
1.678415
1.674286
1.674286
1.682505
1.682505
1.676870
1.676870
1.672974
1.672974
1.674272
1.674272
1.680350
1.680350
1.691179
1.691179
1.669884
1.669884
1.672678
1.672678
1.678349
1.678349
1.672057
1.672057
1.685295
1.685295
1.675386
1.675386
1.670331
1.670331
1.684143
1.684143
1.667140
1.667140
1.694571
1.694571
1.671549
1.671549
1.681115
1.681115
1.680604
1.680604
1.649113
1.649113
1.682264
1.682264
1.676357
1.676357
1.677262
1.677262
1.672699
1.672699
1.675133
1.675133
1.683518
1.683518
1.675025
1.675025
1.671711
1.671711
1.678491
1.678491
1.674487
1.674487
1.675695
1.675695
1.666574
1.666574
1.682994
1.682994
1.668659
1.668659
1.694706
1.694706
1.672311
1.672311
1.689350
1.689350
1.671708
1.671708
1.671661
1.671661
1.678899
1.678899
1.658972
1.658972
1.683216
1.683216
1.690697
1.690697
1.663260
1.663260
1.690420
1.690420
1.690754
1.690754
1.677796
1.677796
1.671296
1.671296
1.674947
1.674947
1.664623
1.664623
1.675590
1.675590
1.670922
1.670922
1.681732
1.681732
1.683835
1.683835
1.668495
1.668495
1.679741
1.679741
1.678891
1.678891
1.665322
1.665322
1.681039
1.681039
1.678081
1.678081
1.681582
1.681582
1.669510
1.669510
1.673727
1.673727
1.691753
1.691753
1.661521
1.661521
1.679015
1.679015
1.674089
1.674089
1.674659
1.674659
1.675817
1.675817
1.678653
1.678653
1.674392
1.674392
1.673671
1.673671
1.678553
1.678553
1.689761
1.689761
1.660327
1.660327
1.663443
1.663443
1.670048
1.670048
1.693515
1.693515
1.680115
1.680115
1.672474
1.672474
1.678373
1.678373
1.668774
1.668774
1.684274
1.684274
1.673496
1.673496
1.676234
1.676234
1.688764
1.688764
1.661857
1.661857
1.680228
1.680228
1.692003
1.692003
1.652821
1.652821
1.671778
1.671778
1.686237
1.686237
1.678350
1.678350
1.680478
1.680478
1.661715
1.661715
1.673723
1.673723
1.679523
1.679523
1.672067
1.672067
1.682334
1.682334
1.674453
1.674453
1.668839
1.668839
1.679631
1.679631
1.699223
1.699223
1.668111
1.668111
1.662928
1.662928
1.690246
1.690246
1.665821
1.665821
1.681766
1.681766
1.679638
1.679638
1.659999
1.659999
1.669042
1.669042
1.685431
1.685431
1.671747
1.671747
1.671304
1.671304
1.686611
1.686611
1.666671
1.666671
1.675609
1.675609
1.675267
1.675267
1.686745
1.686745
1.676282
1.676282
1.695732
1.695732
1.662556
1.662556
1.646398
1.646398
1.689302
1.689302
1.689542
1.689542
1.677843
1.677843
1.684088
1.684088
1.679218
1.679218
1.674438
1.674438
1.658876
1.658876
1.684269
1.684269
1.674610
1.674610
1.672272
1.672272
1.668864
1.668864
1.679232
1.679232
1.672502
1.672502
1.683307
1.683307
1.663022
1.663022
1.670063
1.670063
1.693410
1.693410
1.678644
1.678644
1.674359
1.674359
1.661075
1.661075
1.682766
1.682766
1.681366
1.681366
1.670266
1.670266
1.688513
1.688513
1.673108
1.673108
1.678392
1.678392
1.661877
1.661877
1.679728
1.679728
1.664191
1.664191
1.672809
1.672809
1.681838
1.681838
1.677173
1.677173
1.666219
1.666219
1.648142
1.648142
1.683775
1.683775
1.693235
1.693235
1.686291
1.686291
1.659657
1.659657
1.683143
1.683143
1.683885
1.683885
1.654708
1.654708
1.699327
1.699327
1.672606
1.672606
1.678145
1.678145
1.669305
1.669305
1.669379
1.669379
1.687470
1.687470
1.669332
1.669332
1.681590
1.681590
1.665268
1.665268
1.673806
1.673806
1.685885
1.685885
1.671466
1.671466
1.673280
1.673280
1.675620
1.675620
1.682249
1.682249
1.667663
1.667663
1.674631
1.674631
1.674448
1.674448
1.679297
1.679297
1.670294
1.670294
1.672312
1.672312
1.668169
1.668169
1.677950
1.677950
1.665470
1.665470
1.670384
1.670384
1.694591
1.694591
1.676016
1.676016
1.680499
1.680499
1.666324
1.666324
1.670968
1.670968
1.677599
1.677599
1.657837
1.657837
1.664514
1.664514
1.678564
1.678564
1.680502
1.680502
1.693994
1.693994
1.664989
1.664989
1.664990
1.664990
1.688340
1.688340
1.674816
1.674816
1.676901
1.676901
1.671185
1.671185
1.672747
1.672747
1.669263
1.669263
1.676245
1.676245
1.680936
1.680936
1.689355
1.689355
1.690400
1.690400
1.664341
1.664341
1.662810
1.662810
1.655867
1.655867
1.674441
1.674441
1.666470
1.666470
1.656589
1.656589
1.688976
1.688976
1.683369
1.683369
1.678367
1.678367
1.675137
1.675137
1.685063
1.685063
1.655453
1.655453
1.672400
1.672400
1.670485
1.670485
1.675115
1.675115
1.661350
1.661350
1.670399
1.670399
1.695630
1.695630
1.675025
1.675025
1.671949
1.671949
1.682786
1.682786
1.663663
1.663663
1.673651
1.673651
1.662333
1.662333
1.688772
1.688772
1.674809
1.674809
1.663902
1.663902
1.678392
1.678392
1.677639
1.677639
1.684113
1.684113
1.674891
1.674891
1.670726
1.670726
1.653625
1.653625
1.662998
1.662998
1.666571
1.666571
1.688038
1.688038
1.684655
1.684655
1.660086
1.660086
1.681327
1.681327
1.678746
1.678746
1.684407
1.684407
1.657938
1.657938
1.659353
1.659353
1.672790
1.672790
1.673898
1.673898
1.678157
1.678157
1.668726
1.668726
1.670967
1.670967
1.669303
1.669303
1.682071
1.682071
1.674652
1.674652
1.657887
1.657887
1.683427
1.683427
1.669751
1.669751
1.667608
1.667608
1.674168
1.674168
1.668628
1.668628
1.687593
1.687593
1.681291
1.681291
1.665536
1.665536
1.680756
1.680756
1.667774
1.667774
1.665772
1.665772
1.681870
1.681870
1.667534
1.667534
1.666183
1.666183
1.674974
1.674974
1.671968
1.671968
1.681977
1.681977
1.662002
1.662002
1.666725
1.666725
1.682771
1.682771
1.667552
1.667552
1.666575
1.666575
1.679288
1.679288
1.680588
1.680588
1.664872
1.664872
1.669869
1.669869
1.669861
1.669861
1.666520
1.666520
1.681796
1.681796
1.655236
1.655236
1.693727
1.693727
1.665318
1.665318
1.681068
1.681068
1.679927
1.679927
1.667273
1.667273
1.664962
1.664962
1.664161
1.664161
1.675960
1.675960
1.664381
1.664381
1.668311
1.668311
1.692768
1.692768
1.665680
1.665680
1.682833
1.682833
1.670299
1.670299
1.680846
1.680846
1.655535
1.655535
1.665332
1.665332
1.668610
1.668610
1.678872
1.678872
1.674871
1.674871
1.671956
1.671956
1.670304
1.670304
1.688800
1.688800
1.659680
1.659680
1.674569
1.674569
1.663641
1.663641
1.671136
1.671136
1.663638
1.663638
1.673263
1.673263
1.673139
1.673139
1.679776
1.679776
1.681874
1.681874
1.667981
1.667981
1.675971
1.675971
1.658006
1.658006
1.675428
1.675428
1.661081
1.661081
1.656519
1.656519
1.682711
1.682711
1.688032
1.688032
1.668520
1.668520
1.671465
1.671465
1.666585
1.666585
1.687325
1.687325
1.674366
1.674366
1.652202
1.652202
1.674981
1.674981
1.674532
1.674532
1.670265
1.670265
1.659993
1.659993
1.679150
1.679150
1.657884
1.657884
1.666430
1.666430
1.679746
1.679746
1.672952
1.672952
1.681945
1.681945
1.677906
1.677906
1.667475
1.667475
1.669298
1.669298
1.670853
1.670853
1.669189
1.669189
1.696734
1.696734
1.672726
1.672726
1.653995
1.653995
1.656953
1.656953
1.675493
1.675493
1.680381
1.680381
1.679969
1.679969
1.655972
1.655972
1.672689
1.672689
1.662944
1.662944
1.653811
1.653811
1.676705
1.676705
1.684344
1.684344
1.662726
1.662726
1.678352
1.678352
1.670683
1.670683
1.664775
1.664775
1.690976
1.690976
1.659432
1.659432
1.667050
1.667050
1.670922
1.670922
1.677311
1.677311
1.676815
1.676815
1.657224
1.657224
1.672077
1.672077
1.674190
1.674190
1.680097
1.680097
1.658057
1.658057
1.670861
1.670861
1.670906
1.670906
1.679585
1.679585
1.674004
1.674004
1.655999
1.655999
1.675421
1.675421
1.668421
1.668421
1.658992
1.658992
1.662305
1.662305
1.693624
1.693624
1.662030
1.662030
1.679619
1.679619
1.679856
1.679856
1.668625
1.668625
1.670575
1.670575
1.672703
1.672703
1.659882
1.659882
1.675436
1.675436
1.676403
1.676403
1.664092
1.664092
1.666724
1.666724
1.672854
1.672854
1.670518
1.670518
1.673542
1.673542
1.669848
1.669848
1.687805
1.687805
1.646577
1.646577
1.659593
1.659593
1.676619
1.676619
1.687225
1.687225
1.668674
1.668674
1.660160
1.660160
1.683634
1.683634
1.666158
1.666158
1.669616
1.669616
1.676899
1.676899
1.654748
1.654748
1.669670
1.669670
1.663660
1.663660
1.677235
1.677235
1.685670
1.685670
1.654740
1.654740
1.668452
1.668452
1.659127
1.659127
1.676827
1.676827
1.664189
1.664189
1.692497
1.692497
1.657558
1.657558
1.671523
1.671523
1.665773
1.665773
1.681878
1.681878
1.680645
1.680645
1.651502
1.651502
1.683265
1.683265
1.677155
1.677155
1.648982
1.648982
1.702595
1.702595
1.677512
1.677512
1.682314
1.682314
1.668705
1.668705
1.655526
1.655526
1.670732
1.670732
1.666155
1.666155
1.667955
1.667955
1.671075
1.671075
1.685654
1.685654
1.660907
1.660907
1.691201
1.691201
1.675773
1.675773
1.674859
1.674859
1.649957
1.649957
1.658596
1.658596
1.664585
1.664585
1.673651
1.673651
1.674586
1.674586
1.674492
1.674492
1.663288
1.663288
1.661476
1.661476
1.663621
1.663621
1.699434
1.699434
1.668279
1.668279
1.654329
1.654329
1.671975
1.671975
1.668569
1.668569
1.676941
1.676941
1.660078
1.660078
1.674230
1.674230
1.665553
1.665553
1.693995
1.693995
1.657303
1.657303
1.660206
1.660206
1.674085
1.674085
1.670444
1.670444
1.671914
1.671914
1.674848
1.674848
1.675512
1.675512
1.651773
1.651773
1.667101
1.667101
1.680292
1.680292
1.672696
1.672696
1.665879
1.665879
1.660429
1.660429
1.660669
1.660669
1.674989
1.674989
1.678085
1.678085
1.664163
1.664163
1.670927
1.670927
1.672761
1.672761
1.672009
1.672009
1.678277
1.678277
1.657073
1.657073
1.667266
1.667266
1.685601
1.685601
1.664103
1.664103
1.662761
1.662761
1.666349
1.666349
1.668194
1.668194
1.677206
1.677206
1.676414
1.676414
1.683694
1.683694
1.653571
1.653571
1.650521
1.650521
1.671007
1.671007
1.667594
1.667594
1.667471
1.667471
1.667546
1.667546
1.673422
1.673422
1.678535
1.678535
1.679876
1.679876
1.673936
1.673936
1.654732
1.654732
1.654084
1.654084
1.667790
1.667790
1.664588
1.664588
1.684899
1.684899
1.666113
1.666113
1.658581
1.658581
1.686475
1.686475
1.664760
1.664760
1.678110
1.678110
1.653287
1.653287
1.659139
1.659139
1.673826
1.673826
1.647267
1.647267
1.675757
1.675757
1.670186
1.670186
1.680180
1.680180
1.660595
1.660595
1.665874
1.665874
1.673349
1.673349
1.665685
1.665685
1.681867
1.681867
1.678168
1.678168
1.675169
1.675169
1.673982
1.673982
1.650744
1.650744
1.664068
1.664068
1.666910
1.666910
1.662838
1.662838
1.678397
1.678397
1.676468
1.676468
1.654416
1.654416
1.660681
1.660681
1.659874
1.659874
1.678813
1.678813
1.677480
1.677480
1.664447
1.664447
1.676740
1.676740
1.700339
1.700339
1.644058
1.644058
1.650776
1.650776
1.670668
1.670668
1.668333
1.668333
1.664929
1.664929
1.691194
1.691194
1.661917
1.661917
1.650000
1.650000
1.680236
1.680236
1.647202
1.647202
1.676236
1.676236
1.659328
1.659328
1.681547
1.681547
1.676243
1.676243
1.665469
1.665469
1.671420
1.671420
1.652811
1.652811
1.677673
1.677673
1.657170
1.657170
1.689273
1.689273
1.660281
1.660281
1.660512
1.660512
1.677008
1.677008
1.682663
1.682663
1.658644
1.658644
1.670851
1.670851
1.663369
1.663369
1.666550
1.666550
1.673543
1.673543
1.668465
1.668465
1.662445
1.662445
1.673525
1.673525
1.663700
1.663700
1.687594
1.687594
1.661443
1.661443
1.672510
1.672510
1.662493
1.662493
1.655495
1.655495
1.678485
1.678485
1.663667
1.663667
1.666551
1.666551
1.659132
1.659132
1.677864
1.677864
1.682682
1.682682
1.665417
1.665417
1.659139
1.659139
1.671034
1.671034
1.663326
1.663326
1.658193
1.658193
1.667230
1.667230
1.671302
1.671302
1.674584
1.674584
1.672507
1.672507
1.659307
1.659307
1.664190
1.664190
1.676791
1.676791
1.659806
1.659806
1.687344
1.687344
1.665511
1.665511
1.662201
1.662201
1.669893
1.669893
1.678730
1.678730
1.664366
1.664366
1.656034
1.656034
1.672859
1.672859
1.676439
1.676439
1.680915
1.680915
1.650230
1.650230
1.671334
1.671334
1.661876
1.661876
1.672886
1.672886
1.664050
1.664050
1.671947
1.671947
1.659428
1.659428
1.680162
1.680162
1.649651
1.649651
1.690673
1.690673
1.658896
1.658896
1.685181
1.685181
1.659670
1.659670
1.672572
1.672572
1.659352
1.659352
1.664536
1.664536
1.663048
1.663048
1.672756
1.672756
1.676262
1.676262
1.680787
1.680787
1.642857
1.642857
1.682697
1.682697
1.663035
1.663035
1.668501
1.668501
1.661916
1.661916
1.665855
1.665855
1.671794
1.671794
1.680709
1.680709
1.672908
1.672908
1.664494
1.664494
1.646636
1.646636
1.681908
1.681908
1.662261
1.662261
1.649781
1.649781
1.677191
1.677191
1.672012
1.672012
1.666804
1.666804
1.667826
1.667826
1.661033
1.661033
1.675993
1.675993
1.670522
1.670522
1.652928
1.652928
1.669610
1.669610
1.682810
1.682810
1.672122
1.672122
1.661745
1.661745
1.675506
1.675506
1.666859
1.666859
1.666529
1.666529
1.674748
1.674748
1.652547
1.652547
1.673632
1.673632
1.664315
1.664315
1.666844
1.666844
1.668675
1.668675
1.665890
1.665890
1.668873
1.668873
1.664182
1.664182
1.667145
1.667145
1.673997
1.673997
1.664204
1.664204
1.663899
1.663899
1.673170
1.673170
1.664419
1.664419
1.667760
1.667760
1.670265
1.670265
1.656988
1.656988
1.667990
1.667990
1.675665
1.675665
1.675300
1.675300
1.660266
1.660266
1.675114
1.675114
1.677856
1.677856
1.669798
1.669798
1.660272
1.660272
1.649751
1.649751
1.685869
1.685869
1.651074
1.651074
1.680575
1.680575
1.649163
1.649163
1.671745
1.671745
1.661814
1.661814
1.675924
1.675924
1.665894
1.665894
1.670755
1.670755
1.660600
1.660600
1.680364
1.680364
1.680394
1.680394
1.661505
1.661505
1.663249
1.663249
1.644769
1.644769
1.669809
1.669809
1.666163
1.666163
1.667506
1.667506
1.660981
1.660981
1.673125
1.673125
1.669100
1.669100
1.663683
1.663683
1.648648
1.648648
1.674032
1.674032
1.684577
1.684577
1.665562
1.665562
1.678873
1.678873
1.663845
1.663845
1.667325
1.667325
1.655787
1.655787
1.662282
1.662282
1.681195
1.681195
1.660931
1.660931
1.656857
1.656857
1.674689
1.674689
1.659468
1.659468
1.672376
1.672376
1.673346
1.673346
1.678623
1.678623
1.642918
1.642918
1.674688
1.674688
1.662404
1.662404
1.665577
1.665577
1.670698
1.670698
1.656681
1.656681
1.666087
1.666087
1.669237
1.669237
1.675149
1.675149
1.658598
1.658598
1.661956
1.661956
1.679060
1.679060
1.652652
1.652652
1.663256
1.663256
1.681220
1.681220
1.651587
1.651587
1.656557
1.656557
1.683952
1.683952
1.660894
1.660894
1.657677
1.657677
1.675015
1.675015
1.675220
1.675220
1.650857
1.650857
1.669271
1.669271
1.661637
1.661637
1.678434
1.678434
1.675063
1.675063
1.659783
1.659783
1.658968
1.658968
1.672293
1.672293
1.666290
1.666290
1.676147
1.676147
1.651862
1.651862
1.652273
1.652273
1.684356
1.684356
1.669169
1.669169
1.660887
1.660887
1.677032
1.677032
1.679407
1.679407
1.653456
1.653456
1.662650
1.662650
1.665710
1.665710
1.674167
1.674167
1.659859
1.659859
1.661607
1.661607
1.677880
1.677880
1.661679
1.661679
1.662431
1.662431
1.671050
1.671050
1.683056
1.683056
1.655825
1.655825
1.667983
1.667983
1.666291
1.666291
1.658400
1.658400
1.680727
1.680727
1.662772
1.662772
1.666271
1.666271
1.669596
1.669596
1.665865
1.665865
1.662976
1.662976
1.674518
1.674518
1.671789
1.671789
1.670973
1.670973
1.660819
1.660819
1.666541
1.666541
1.666414
1.666414
1.659328
1.659328
1.666468
1.666468
1.675468
1.675468
1.658932
1.658932
1.679350
1.679350
1.648213
1.648213
1.683948
1.683948
1.667676
1.667676
1.665804
1.665804
1.671182
1.671182
1.669873
1.669873
1.671881
1.671881
1.657162
1.657162
1.669651
1.669651
1.666518
1.666518
1.654853
1.654853
1.668191
1.668191
1.678523
1.678523
1.680870
1.680870
1.646701
1.646701
1.662485
1.662485
1.676557
1.676557
1.658456
1.658456
1.671647
1.671647
1.664124
1.664124
1.670933
1.670933
1.655655
1.655655
1.667265
1.667265
1.674263
1.674263
1.664704
1.664704
1.649779
1.649779
1.667775
1.667775
1.674760
1.674760
1.682205
1.682205
1.655111
1.655111
1.668284
1.668284
1.669954
1.669954
1.669973
1.669973
1.662230
1.662230
1.660002
1.660002
1.675582
1.675582
1.662249
1.662249
1.650912
1.650912
1.670337
1.670337
1.674993
1.674993
1.673916
1.673916
1.661941
1.661941
1.662331
1.662331
1.665800
1.665800
1.667596
1.667596
1.661071
1.661071
1.646196
1.646196
1.677861
1.677861
1.682611
1.682611
1.661699
1.661699
1.655797
1.655797
1.650331
1.650331
1.666740
1.666740
1.679689
1.679689
1.681998
1.681998
1.673405
1.673405
1.673304
1.673304
1.664473
1.664473
1.659175
1.659175
1.656906
1.656906
1.663653
1.663653
1.675956
1.675956
1.673867
1.673867
1.656750
1.656750
1.656314
1.656314
1.652038
1.652038
1.674215
1.674215
1.677778
1.677778
1.659888
1.659888
1.664166
1.664166
1.668648
1.668648
1.663249
1.663249
1.643759
1.643759
1.680166
1.680166
1.674863
1.674863
1.668954
1.668954
1.653169
1.653169
1.655800
1.655800
1.658992
1.658992
1.700488
1.700488
1.655671
1.655671
1.652502
1.652502
1.672388
1.672388
1.666687
1.666687
1.685921
1.685921
1.660148
1.660148
1.657345
1.657345
1.673054
1.673054
1.678458
1.678458
1.655529
1.655529
1.655786
1.655786
1.667194
1.667194
1.666526
1.666526
1.681274
1.681274
1.652443
1.652443
1.670022
1.670022
1.652413
1.652413
1.663690
1.663690
1.670128
1.670128
1.671584
1.671584
1.676343
1.676343
1.670703
1.670703
1.641599
1.641599
1.659227
1.659227
1.682054
1.682054
1.688273
1.688273
1.667946
1.667946
1.664842
1.664842
1.650479
1.650479
1.648521
1.648521
1.667024
1.667024
1.663862
1.663862
1.667554
1.667554
1.663208
1.663208
1.662671
1.662671
1.666433
1.666433
1.669647
1.669647
1.664699
1.664699
1.666307
1.666307
1.656103
1.656103
1.670569
1.670569
1.665410
1.665410
1.651830
1.651830
1.663181
1.663181
1.679077
1.679077
1.653783
1.653783
1.656116
1.656116
1.677472
1.677472
1.671024
1.671024
1.669509
1.669509
1.669756
1.669756
1.654396
1.654396
1.680032
1.680032
1.665835
1.665835
1.653651
1.653651
1.667248
1.667248
1.668921
1.668921
1.665238
1.665238
1.658906
1.658906
1.666535
1.666535
1.675353
1.675353
1.659663
1.659663
1.667894
1.667894
1.661357
1.661357
1.660331
1.660331
1.661307
1.661307
1.687005
1.687005
1.659042
1.659042
1.650624
1.650624
1.668196
1.668196
1.658043
1.658043
1.684597
1.684597
1.656631
1.656631
1.662343
1.662343
1.662171
1.662171
1.667183
1.667183
1.666753
1.666753
1.661344
1.661344
1.674531
1.674531
1.649767
1.649767
1.673196
1.673196
1.658231
1.658231
1.659564
1.659564
1.675026
1.675026
1.654034
1.654034
1.670778
1.670778
1.655141
1.655141
1.672053
1.672053
1.650042
1.650042
1.677912
1.677912
1.663288
1.663288
1.667369
1.667369
1.658308
1.658308
1.666392
1.666392
1.666900
1.666900
1.660957
1.660957
1.674942
1.674942
1.666540
1.666540
1.654311
1.654311
1.664391
1.664391
1.662222
1.662222
1.660246
1.660246
1.660067
1.660067
1.674651
1.674651
1.663434
1.663434
1.677585
1.677585
1.660074
1.660074
1.675008
1.675008
1.647814
1.647814
1.658572
1.658572
1.666625
1.666625
1.675239
1.675239
1.650855
1.650855
1.663536
1.663536
1.663823
1.663823
1.662120
1.662120
1.657294
1.657294
1.661295
1.661295
1.670440
1.670440
1.670319
1.670319
1.678954
1.678954
1.663186
1.663186
1.663098
1.663098
1.645964
1.645964
1.669597
1.669597
1.669772
1.669772
1.655865
1.655865
1.679968
1.679968
1.647256
1.647256
1.666813
1.666813
1.664251
1.664251
1.660808
1.660808
1.669030
1.669030
1.663648
1.663648
1.659668
1.659668
1.649827
1.649827
1.664162
1.664162
1.662989
1.662989
1.667245
1.667245
1.677843
1.677843
1.643242
1.643242
1.680319
1.680319
1.659924
1.659924
1.674231
1.674231
1.658780
1.658780
1.675777
1.675777
1.656886
1.656886
1.662941
1.662941
1.663886
1.663886
1.656030
1.656030
1.673531
1.673531
1.662507
1.662507
1.651865
1.651865
1.665309
1.665309
1.664331
1.664331
1.650862
1.650862
1.661653
1.661653
1.653985
1.653985
1.674811
1.674811
1.680420
1.680420
1.670072
1.670072
1.664268
1.664268
1.668921
1.668921
1.646842
1.646842
1.668017
1.668017
1.668015
1.668015
1.659600
1.659600
1.659112
1.659112
1.664788
1.664788
1.665783
1.665783
1.677226
1.677226
1.652488
1.652488
1.662405
1.662405
1.670067
1.670067
1.650771
1.650771
1.648228
1.648228
1.674118
1.674118
1.670386
1.670386
1.665011
1.665011
1.656533
1.656533
1.655125
1.655125
1.666093
1.666093
1.665839
1.665839
1.667664
1.667664
1.660350
1.660350
1.661703
1.661703
1.654527
1.654527
1.676008
1.676008
1.673543
1.673543
1.644808
1.644808
1.654525
1.654525
1.658531
1.658531
1.663949
1.663949
1.665825
1.665825
1.676233
1.676233
1.669389
1.669389
1.672725
1.672725
1.666052
1.666052
1.641659
1.641659
1.666292
1.666292
1.651927
1.651927
1.669623
1.669623
1.662745
1.662745
1.665059
1.665059
1.666488
1.666488
1.664772
1.664772
1.665267
1.665267
1.638359
1.638359
1.677234
1.677234
1.671232
1.671232
1.658477
1.658477
1.661057
1.661057
1.656942
1.656942
1.667005
1.667005
1.673847
1.673847
1.668972
1.668972
1.674756
1.674756
1.642262
1.642262
1.661377
1.661377
1.668175
1.668175
1.660699
1.660699
1.668474
1.668474
1.650346
1.650346
1.684309
1.684309
1.645098
1.645098
1.651633
1.651633
1.660253
1.660253
1.665715
1.665715
1.669595
1.669595
1.667565
1.667565
1.659987
1.659987
1.659110
1.659110
1.677589
1.677589
1.652894
1.652894
1.663996
1.663996
1.648806
1.648806
1.673063
1.673063
1.670440
1.670440
1.658588
1.658588
1.661919
1.661919
1.670108
1.670108
1.665070
1.665070
1.658681
1.658681
1.671169
1.671169
1.641988
1.641988
1.664973
1.664973
1.655891
1.655891
1.674108
1.674108
1.660763
1.660763
1.654405
1.654405
1.663793
1.663793
1.663437
1.663437
1.668782
1.668782
1.650012
1.650012
1.667314
1.667314
1.667281
1.667281
1.651656
1.651656
1.664461
1.664461
1.672178
1.672178
1.653479
1.653479
1.669838
1.669838
1.661545
1.661545
1.667461
1.667461
1.660109
1.660109
1.647921
1.647921
1.668404
1.668404
1.665635
1.665635
1.656409
1.656409
1.656923
1.656923
1.663055
1.663055
1.658134
1.658134
1.667990
1.667990
1.659798
1.659798
1.664547
1.664547
1.658112
1.658112
1.653979
1.653979
1.679186
1.679186
1.660189
1.660189
1.654782
1.654782
1.660887
1.660887
1.640919
1.640919
1.667276
1.667276
1.663428
1.663428
1.671529
1.671529
1.667353
1.667353
1.671515
1.671515
1.651861
1.651861
1.660796
1.660796
1.658883
1.658883
1.666964
1.666964
1.652972
1.652972
1.653649
1.653649
1.669050
1.669050
1.663701
1.663701
1.671304
1.671304
1.665582
1.665582
1.649007
1.649007
1.666821
1.666821
1.667563
1.667563
1.657431
1.657431
1.654319
1.654319
1.671050
1.671050
1.673021
1.673021
1.651599
1.651599
1.655139
1.655139
1.661667
1.661667
1.656868
1.656868
1.672368
1.672368
1.655981
1.655981
1.659179
1.659179
1.650652
1.650652
1.660702
1.660702
1.663722
1.663722
1.663759
1.663759
1.670593
1.670593
1.666282
1.666282
1.672838
1.672838
1.656904
1.656904
1.645437
1.645437
1.667490
1.667490
1.647845
1.647845
1.658029
1.658029
1.663434
1.663434
1.666033
1.666033
1.677071
1.677071
1.665717
1.665717
1.664166
1.664166
1.659902
1.659902
1.665135
1.665135
1.650985
1.650985
1.670500
1.670500
1.649160
1.649160
1.667269
1.667269
1.655320
1.655320
1.668902
1.668902
1.659748
1.659748
1.660512
1.660512
1.662959
1.662959
1.664477
1.664477
1.661452
1.661452
1.666919
1.666919
1.667519
1.667519
1.642443
1.642443
1.670298
1.670298
1.662300
1.662300
1.659205
1.659205
1.665795
1.665795
1.649059
1.649059
1.672876
1.672876
1.663010
1.663010
1.658143
1.658143
1.656061
1.656061
1.665361
1.665361
1.670846
1.670846
1.658466
1.658466
1.650878
1.650878
1.665091
1.665091
1.655000
1.655000
1.679608
1.679608
1.658262
1.658262
1.673934
1.673934
1.661084
1.661084
1.669817
1.669817
1.637969
1.637969
1.668689
1.668689
1.654976
1.654976
1.671942
1.671942
1.653287
1.653287
1.658572
1.658572
1.673847
1.673847
1.664039
1.664039
1.663539
1.663539
1.667640
1.667640
1.653397
1.653397
1.659805
1.659805
1.679313
1.679313
1.657630
1.657630
1.667257
1.667257
1.650696
1.650696
1.650640
1.650640
1.646295
1.646295
1.667680
1.667680
1.670716
1.670716
1.664192
1.664192
1.658418
1.658418
1.664675
1.664675
1.667495
1.667495
1.650351
1.650351
1.657623
1.657623
1.669736
1.669736
1.659462
1.659462
1.666664
1.666664
1.656165
1.656165
1.665094
1.665094
1.659138
1.659138
1.663922
1.663922
1.650915
1.650915
1.675700
1.675700
1.663732
1.663732
1.650280
1.650280
1.670885
1.670885
1.669390
1.669390
1.640990
1.640990
1.666226
1.666226
1.660530
1.660530
1.672907
1.672907
1.658987
1.658987
1.651078
1.651078
1.659257
1.659257
1.667960
1.667960
1.657696
1.657696
1.644986
1.644986
1.682695
1.682695
1.664029
1.664029
1.658064
1.658064
1.653520
1.653520
1.665739
1.665739
1.660043
1.660043
1.673066
1.673066
1.653558
1.653558
1.669520
1.669520
1.668658
1.668658
1.659508
1.659508
1.661417
1.661417
1.643880
1.643880
1.661147
1.661147
1.661447
1.661447
1.647566
1.647566
1.669955
1.669955
1.669588
1.669588
1.652078
1.652078
1.664870
1.664870
1.674107
1.674107
1.649974
1.649974
1.667812
1.667812
1.666430
1.666430
1.645527
1.645527
1.665285
1.665285
1.664522
1.664522
1.666382
1.666382
1.658226
1.658226
1.658809
1.658809
1.662490
1.662490
1.670550
1.670550
1.654427
1.654427
1.676195
1.676195
1.654715
1.654715
1.667906
1.667906
1.657405
1.657405
1.645449
1.645449
1.665188
1.665188
1.663820
1.663820
1.664461
1.664461
1.652146
1.652146
1.659427
1.659427
1.665854
1.665854
1.659543
1.659543
1.647280
1.647280
1.676734
1.676734
1.653557
1.653557
1.670670
1.670670
1.644832
1.644832
1.678189
1.678189
1.653699
1.653699
1.655666
1.655666
1.650728
1.650728
1.662195
1.662195
1.657875
1.657875
1.670775
1.670775
1.663065
1.663065
1.643259
1.643259
1.655801
1.655801
1.653776
1.653776
1.671031
1.671031
1.686990
1.686990
1.666680
1.666680
1.655207
1.655207
1.654780
1.654780
1.658448
1.658448
1.671086
1.671086
1.657512
1.657512
1.674819
1.674819
1.640622
1.640622
1.676222
1.676222
1.651430
1.651430
1.667959
1.667959
1.669436
1.669436
1.637408
1.637408
1.662319
1.662319
1.667803
1.667803
1.664990
1.664990
1.658901
1.658901
1.649966
1.649966
1.675357
1.675357
1.650861
1.650861
1.647742
1.647742
1.658252
1.658252
1.683087
1.683087
1.652561
1.652561
1.661044
1.661044
1.680185
1.680185
1.650981
1.650981
1.663348
1.663348
1.648709
1.648709
1.658681
1.658681
1.670853
1.670853
1.655251
1.655251
1.642784
1.642784
1.671665
1.671665
1.662167
1.662167
1.656197
1.656197
1.663890
1.663890
1.662131
1.662131
1.662179
1.662179
1.656717
1.656717
1.655248
1.655248
1.651950
1.651950
1.655430
1.655430
1.663638
1.663638
1.681650
1.681650
1.673246
1.673246
1.656994
1.656994
1.653714
1.653714
1.658198
1.658198
1.659561
1.659561
1.665195
1.665195
1.662778
1.662778
1.665638
1.665638
1.654744
1.654744
1.650545
1.650545
1.670018
1.670018
1.648134
1.648134
1.668056
1.668056
1.650059
1.650059
1.666808
1.666808
1.656779
1.656779
1.648235
1.648235
1.674432
1.674432
1.660415
1.660415
1.661424
1.661424
1.648789
1.648789
1.651083
1.651083
1.662095
1.662095
1.664797
1.664797
1.678798
1.678798
1.653416
1.653416
1.658147
1.658147
1.660782
1.660782
1.661156
1.661156
1.668768
1.668768
1.662729
1.662729
1.647642
1.647642
1.665648
1.665648
1.659468
1.659468
1.665360
1.665360
1.660600
1.660600
1.632766
1.632766
1.671523
1.671523
1.662365
1.662365
1.676034
1.676034
1.660394
1.660394
1.649440
1.649440
1.657831
1.657831
1.682151
1.682151
1.643973
1.643973
1.665810
1.665810
1.665905
1.665905
1.655759
1.655759
1.653189
1.653189
1.655852
1.655852
1.652369
1.652369
1.640488
1.640488
1.670745
1.670745
1.661587
1.661587
1.676607
1.676607
1.646674
1.646674
1.665486
1.665486
1.660557
1.660557
1.663572
1.663572
1.660776
1.660776
1.669218
1.669218
1.655565
1.655565
1.655008
1.655008
1.659168
1.659168
1.656990
1.656990
1.647063
1.647063
1.663291
1.663291
1.664400
1.664400
1.669325
1.669325
1.650116
1.650116
1.651821
1.651821
1.663861
1.663861
1.651518
1.651518
1.667156
1.667156
1.663533
1.663533
1.663469
1.663469
1.660362
1.660362
1.655521
1.655521
1.659217
1.659217
1.657653
1.657653
1.655015
1.655015
1.646410
1.646410
1.657671
1.657671
1.675048
1.675048
1.663646
1.663646
1.676026
1.676026
1.655541
1.655541
1.643736
1.643736
1.664221
1.664221
1.656107
1.656107
1.654605
1.654605
1.662821
1.662821
1.640771
1.640771
1.682168
1.682168
1.654801
1.654801
1.650487
1.650487
1.653238
1.653238
1.674583
1.674583
1.658565
1.658565
1.659369
1.659369
1.670223
1.670223
1.647805
1.647805
1.650943
1.650943
1.661289
1.661289
1.667918
1.667918
1.670569
1.670569
1.650734
1.650734
1.658631
1.658631
1.657983
1.657983
1.656465
1.656465
1.667685
1.667685
1.649037
1.649037
1.674235
1.674235
1.654594
1.654594
1.645050
1.645050
1.664704
1.664704
1.647474
1.647474
1.677289
1.677289
1.641212
1.641212
1.665092
1.665092
1.662460
1.662460
1.667028
1.667028
1.658836
1.658836
1.650400
1.650400
1.654361
1.654361
1.667765
1.667765
1.654166
1.654166
1.665674
1.665674
1.651155
1.651155
1.655222
1.655222
1.666876
1.666876
1.632331
1.632331
1.660109
1.660109
1.665356
1.665356
1.675117
1.675117
1.661377
1.661377
1.664576
1.664576
1.652239
1.652239
1.653731
1.653731
1.665439
1.665439
1.659026
1.659026
1.672931
1.672931
1.656820
1.656820
1.653021
1.653021
1.652312
1.652312
1.665717
1.665717
1.666546
1.666546
1.656995
1.656995
1.656787
1.656787
1.646593
1.646593
1.658755
1.658755
1.656920
1.656920
1.661644
1.661644
1.651814
1.651814
1.669771
1.669771
1.667327
1.667327
1.653151
1.653151
1.654348
1.654348
1.665816
1.665816
1.654154
1.654154
1.657386
1.657386
1.653984
1.653984
1.662018
1.662018
1.663176
1.663176
1.660910
1.660910
1.647753
1.647753
1.659633
1.659633
1.666046
1.666046
1.650960
1.650960
1.678508
1.678508
1.658522
1.658522
1.653501
1.653501
1.668002
1.668002
1.666500
1.666500
1.648241
1.648241
1.655823
1.655823
1.655038
1.655038
1.662791
1.662791
1.661951
1.661951
1.663152
1.663152
1.665557
1.665557
1.661263
1.661263
1.645337
1.645337
1.649226
1.649226
1.682436
1.682436
1.668884
1.668884
1.657252
1.657252
1.640074
1.640074
1.659042
1.659042
1.676723
1.676723
1.659498
1.659498
1.679148
1.679148
1.654279
1.654279
1.644026
1.644026
1.660189
1.660189
1.640445
1.640445
1.670121
1.670121
1.662189
1.662189
1.665136
1.665136
1.658253
1.658253
1.661890
1.661890
1.662346
1.662346
1.647384
1.647384
1.666483
1.666483
1.657426
1.657426
1.645890
1.645890
1.672031
1.672031
1.665455
1.665455
1.658555
1.658555
1.651657
1.651657
1.674670
1.674670
1.653725
1.653725
1.647355
1.647355
1.666164
1.666164
1.651106
1.651106
1.644187
1.644187
1.669140
1.669140
1.658656
1.658656
1.667167
1.667167
1.654343
1.654343
1.659120
1.659120
1.655868
1.655868
1.672411
1.672411
1.656246
1.656246
1.647761
1.647761
1.661258
1.661258
1.648392
1.648392
1.656654
1.656654
1.676439
1.676439
1.648698
1.648698
1.653347
1.653347
1.662496
1.662496
1.652033
1.652033
1.651570
1.651570
1.679976
1.679976
1.667787
1.667787
1.662081
1.662081
1.641720
1.641720
1.666509
1.666509
1.652950
1.652950
1.647131
1.647131
1.665945
1.665945
1.649897
1.649897
1.675288
1.675288
1.651388
1.651388
1.658239
1.658239
1.661073
1.661073
1.654345
1.654345
1.672567
1.672567
1.639389
1.639389
1.655693
1.655693
1.657257
1.657257
1.663116
1.663116
1.676010
1.676010
1.630762
1.630762
1.661629
1.661629
1.665873
1.665873
1.662782
1.662782
1.651530
1.651530
1.644438
1.644438
1.653317
1.653317
1.656081
1.656081
1.648797
1.648797
1.658252
1.658252
1.679087
1.679087
1.657314
1.657314
1.647992
1.647992
1.652131
1.652131
1.671173
1.671173
1.662516
1.662516
1.654742
1.654742
1.667025
1.667025
1.646618
1.646618
1.669425
1.669425
1.650267
1.650267
1.671952
1.671952
1.668621
1.668621
1.661600
1.661600
1.636092
1.636092
1.649914
1.649914
1.658040
1.658040
1.662755
1.662755
1.661099
1.661099
1.641201
1.641201
1.670925
1.670925
1.653589
1.653589
1.663268
1.663268
1.675185
1.675185
1.647973
1.647973
1.647443
1.647443
1.648296
1.648296
1.668899
1.668899
1.649320
1.649320
1.663636
1.663636
1.660978
1.660978
1.658951
1.658951
1.637601
1.637601
1.671029
1.671029
1.649874
1.649874
1.678610
1.678610
1.662564
1.662564
1.659555
1.659555
1.658225
1.658225
1.648820
1.648820
1.663508
1.663508
1.660936
1.660936
1.655738
1.655738
1.665509
1.665509
1.653591
1.653591
1.656101
1.656101
1.654385
1.654385
1.662064
1.662064
1.646948
1.646948
1.678789
1.678789
1.648397
1.648397
1.653718
1.653718
1.662104
1.662104
1.643571
1.643571
1.665593
1.665593
1.672518
1.672518
1.667797
1.667797
1.649083
1.649083
1.664401
1.664401
1.649330
1.649330
1.664397
1.664397
1.670720
1.670720
1.658139
1.658139
1.656238
1.656238
1.647546
1.647546
1.661029
1.661029
1.655761
1.655761
1.672474
1.672474
1.658221
1.658221
1.663116
1.663116
1.637368
1.637368
1.644065
1.644065
1.666179
1.666179
1.662277
1.662277
1.660035
1.660035
1.660896
1.660896
1.654968
1.654968
1.671930
1.671930
1.641346
1.641346
1.665300
1.665300
1.659456
1.659456
1.658723
1.658723
1.648650
1.648650
1.658839
1.658839
1.663688
1.663688
1.664073
1.664073
1.656159
1.656159
1.643381
1.643381
1.655532
1.655532
1.672595
1.672595
1.666440
1.666440
1.665722
1.665722
1.650820
1.650820
1.659331
1.659331
1.664083
1.664083
1.648685
1.648685
1.663272
1.663272
1.658738
1.658738
1.652171
1.652171
1.652064
1.652064
1.666857
1.666857
1.675838
1.675838
1.646002
1.646002
1.646597
1.646597
1.647377
1.647377
1.680562
1.680562
1.661032
1.661032
1.659467
1.659467
1.664657
1.664657
1.641148
1.641148
1.665551
1.665551
1.661099
1.661099
1.655057
1.655057
1.649208
1.649208
1.656430
1.656430
1.671256
1.671256
1.648147
1.648147
1.658436
1.658436
1.657611
1.657611
1.659322
1.659322
1.668478
1.668478
1.668253
1.668253
1.650142
1.650142
1.660153
1.660153
1.645539
1.645539
1.667252
1.667252
1.646308
1.646308
1.666652
1.666652
1.655139
1.655139
1.673568
1.673568
1.642449
1.642449
1.665345
1.665345
1.657779
1.657779
1.646466
1.646466
1.661118
1.661118
1.656855
1.656855
1.662953
1.662953
1.662455
1.662455
1.640613
1.640613
1.661439
1.661439
1.660301
1.660301
1.647433
1.647433
1.655561
1.655561
1.669140
1.669140
1.659585
1.659585
1.653640
1.653640
1.657546
1.657546
1.654105
1.654105
1.660944
1.660944
1.652454
1.652454
1.662387
1.662387
1.655003
1.655003
1.662853
1.662853
1.652289
1.652289
1.652398
1.652398
1.665580
1.665580
1.647945
1.647945
1.651503
1.651503
1.662161
1.662161
1.666470
1.666470
1.657664
1.657664
1.656458
1.656458
1.664946
1.664946
1.647439
1.647439
1.652501
1.652501
1.666598
1.666598
1.646281
1.646281
1.647834
1.647834
1.664669
1.664669
1.663910
1.663910
1.664310
1.664310
1.671011
1.671011
1.654335
1.654335
1.641263
1.641263
1.661398
1.661398
1.656704
1.656704
1.645548
1.645548
1.664710
1.664710
1.648649
1.648649
1.660714
1.660714
1.668361
1.668361
1.645881
1.645881
1.663503
1.663503
1.656537
1.656537
1.660661
1.660661
1.658826
1.658826
1.644797
1.644797
1.662529
1.662529
1.656261
1.656261
1.660286
1.660286
1.662520
1.662520
1.662986
1.662986
1.649596
1.649596
1.662245
1.662245
1.644157
1.644157
1.669129
1.669129
1.666849
1.666849
1.655970
1.655970
1.652466
1.652466
1.659192
1.659192
1.647503
1.647503
1.641504
1.641504
1.663371
1.663371
1.659721
1.659721
1.659354
1.659354
1.661770
1.661770
1.677810
1.677810
1.659257
1.659257
1.647859
1.647859
1.643310
1.643310
1.655460
1.655460
1.651460
1.651460
1.654521
1.654521
1.655755
1.655755
1.656761
1.656761
1.668489
1.668489
1.648093
1.648093
1.663371
1.663371
1.645321
1.645321
1.679409
1.679409
1.643727
1.643727
1.656848
1.656848
1.668453
1.668453
1.652753
1.652753
1.649974
1.649974
1.654562
1.654562
1.650727
1.650727
1.651813
1.651813
1.670731
1.670731
1.648241
1.648241
1.662805
1.662805
1.640531
1.640531
1.675717
1.675717
1.658470
1.658470
1.654071
1.654071
1.652127
1.652127
1.649519
1.649519
1.662783
1.662783
1.659858
1.659858
1.648960
1.648960
1.662337
1.662337
1.653296
1.653296
1.648900
1.648900
1.661392
1.661392
1.652014
1.652014
1.669717
1.669717
1.668156
1.668156
1.646549
1.646549
1.675428
1.675428
1.647841
1.647841
1.638661
1.638661
1.661626
1.661626
1.664570
1.664570
1.652733
1.652733
1.662937
1.662937
1.633079
1.633079
1.648093
1.648093
1.654400
1.654400
1.654168
1.654168
1.646645
1.646645
1.686038
1.686038
1.653783
1.653783
1.660300
1.660300
1.641943
1.641943
1.666324
1.666324
1.659550
1.659550
1.657465
1.657465
1.661638
1.661638
1.646132
1.646132
1.667555
1.667555
1.644388
1.644388
1.637899
1.637899
1.670933
1.670933
1.645820
1.645820
1.651177
1.651177
1.680609
1.680609
1.669290
1.669290
1.649198
1.649198
1.657501
1.657501
1.645110
1.645110
1.658728
1.658728
1.655942
1.655942
1.653299
1.653299
1.644524
1.644524
1.656571
1.656571
1.673008
1.673008
1.642349
1.642349
1.648184
1.648184
1.656841
1.656841
1.668543
1.668543
1.664852
1.664852
1.658448
1.658448
1.648337
1.648337
1.651903
1.651903
1.659584
1.659584
1.661216
1.661216
1.650618
1.650618
1.662855
1.662855
1.647164
1.647164
1.663479
1.663479
1.652814
1.652814
1.652297
1.652297
1.655570
1.655570
1.645945
1.645945
1.657043
1.657043
1.670808
1.670808
1.654474
1.654474
1.645538
1.645538
1.661212
1.661212
1.657354
1.657354
1.659867
1.659867
1.643999
1.643999
1.640565
1.640565
1.668262
1.668262
1.653793
1.653793
1.675947
1.675947
1.664527
1.664527
1.665292
1.665292
1.638783
1.638783
1.662661
1.662661
1.641644
1.641644
1.652869
1.652869
1.656540
1.656540
1.661605
1.661605
1.648514
1.648514
1.659667
1.659667
1.654498
1.654498
1.673919
1.673919
1.660094
1.660094
1.635470
1.635470
1.655367
1.655367
1.649073
1.649073
1.661409
1.661409
1.653197
1.653197
1.656887
1.656887
1.661220
1.661220
1.652568
1.652568
1.648713
1.648713
1.660387
1.660387
1.665951
1.665951
1.651945
1.651945
1.670046
1.670046
1.647154
1.647154
1.644811
1.644811
1.657462
1.657462
1.663190
1.663190
1.659477
1.659477
1.647452
1.647452
1.659252
1.659252
1.664331
1.664331
1.647867
1.647867
1.641986
1.641986
1.650364
1.650364
1.661328
1.661328
1.677112
1.677112
1.647509
1.647509
1.659122
1.659122
1.640075
1.640075
1.647625
1.647625
1.657724
1.657724
1.683743
1.683743
1.658990
1.658990
1.654217
1.654217
1.651375
1.651375
1.653807
1.653807
1.664544
1.664544
1.653680
1.653680
1.664163
1.664163
1.649661
1.649661
1.657815
1.657815
1.654927
1.654927
1.648366
1.648366
1.655262
1.655262
1.653327
1.653327
1.651697
1.651697
1.677821
1.677821
1.670392
1.670392
1.649887
1.649887
1.644382
1.644382
1.658988
1.658988
1.656833
1.656833
1.650207
1.650207
1.667992
1.667992
1.654452
1.654452
1.647840
1.647840
1.660934
1.660934
1.664906
1.664906
1.649073
1.649073
1.662390
1.662390
1.651611
1.651611
1.650409
1.650409
1.652786
1.652786
1.662804
1.662804
1.650035
1.650035
1.654278
1.654278
1.661268
1.661268
1.660366
1.660366
1.663571
1.663571
1.641876
1.641876
1.654702
1.654702
1.660025
1.660025
1.669418
1.669418
1.648397
1.648397
1.653676
1.653676
1.651452
1.651452
1.656058
1.656058
1.650867
1.650867
1.644505
1.644505
1.672593
1.672593
1.651128
1.651128
1.660479
1.660479
1.654922
1.654922
1.652090
1.652090
1.659785
1.659785
1.664599
1.664599
1.642727
1.642727
1.652658
1.652658
1.646441
1.646441
1.640550
1.640550
1.679143
1.679143
1.659555
1.659555
1.660287
1.660287
1.651460
1.651460
1.650501
1.650501
1.653989
1.653989
1.662662
1.662662
1.663228
1.663228
1.649099
1.649099
1.657195
1.657195
1.641558
1.641558
1.669504
1.669504
1.661696
1.661696
1.669694
1.669694
1.660326
1.660326
1.630350
1.630350
1.654706
1.654706
1.665851
1.665851
1.643093
1.643093
1.665219
1.665219
1.657474
1.657474
1.643280
1.643280
1.669828
1.669828
1.663326
1.663326
1.641848
1.641848
1.646621
1.646621
1.658508
1.658508
1.667022
1.667022
1.663780
1.663780
1.657946
1.657946
1.644513
1.644513
1.643269
1.643269
1.645602
1.645602
1.653930
1.653930
1.649927
1.649927
1.666670
1.666670
1.667219
1.667219
1.654099
1.654099
1.663950
1.663950
1.650661
1.650661
1.660790
1.660790
1.648741
1.648741
1.658316
1.658316
1.662055
1.662055
1.657864
1.657864
1.661990
1.661990
1.633974
1.633974
1.667147
1.667147
1.663910
1.663910
1.654528
1.654528
1.642605
1.642605
1.650976
1.650976
1.661823
1.661823
1.654914
1.654914
1.667485
1.667485
1.642169
1.642169
1.653594
1.653594
1.650865
1.650865
1.656687
1.656687
1.652706
1.652706
1.651084
1.651084
1.674114
1.674114
1.655249
1.655249
1.650950
1.650950
1.658698
1.658698
1.661352
1.661352
1.653156
1.653156
1.641838
1.641838
1.668545
1.668545
1.661453
1.661453
1.666061
1.666061
1.636763
1.636763
1.653913
1.653913
1.662410
1.662410
1.648271
1.648271
1.662036
1.662036
1.652041
1.652041
1.646991
1.646991
1.660806
1.660806
1.662099
1.662099
1.651993
1.651993
1.658419
1.658419
1.644396
1.644396
1.648679
1.648679
1.653787
1.653787
1.670628
1.670628
1.664913
1.664913
1.645830
1.645830
1.672763
1.672763
1.663908
1.663908
1.648114
1.648114
1.646924
1.646924
1.667183
1.667183
1.662578
1.662578
1.645925
1.645925
1.647197
1.647197
1.657430
1.657430
1.655188
1.655188
1.650546
1.650546
1.667608
1.667608
1.659301
1.659301
1.643668
1.643668
1.650198
1.650198
1.655956
1.655956
1.652993
1.652993
1.650598
1.650598
1.674881
1.674881
1.666965
1.666965
1.644692
1.644692
1.646882
1.646882
1.661669
1.661669
1.660022
1.660022
1.649582
1.649582
1.680324
1.680324
1.655040
1.655040
1.638750
1.638750
1.654790
1.654790
1.663905
1.663905
1.650184
1.650184
1.652037
1.652037
1.654701
1.654701
1.658230
1.658230
1.657450
1.657450
1.669722
1.669722
1.639789
1.639789
1.659290
1.659290
1.650293
1.650293
1.659783
1.659783
1.664356
1.664356
1.646266
1.646266
1.646848
1.646848
1.662249
1.662249
1.652485
1.652485
1.655633
1.655633
1.656400
1.656400
1.658326
1.658326
1.654053
1.654053
1.654057
1.654057
1.664338
1.664338
1.655696
1.655696
1.662307
1.662307
1.634712
1.634712
1.631902
1.631902
1.652578
1.652578
1.667757
1.667757
1.647515
1.647515
1.684406
1.684406
1.643585
1.643585
1.671475
1.671475
1.641783
1.641783
1.664344
1.664344
1.653615
1.653615
1.650629
1.650629
1.651259
1.651259
1.662622
1.662622
1.656672
1.656672
1.652461
1.652461
1.647366
1.647366
1.664839
1.664839
1.647931
1.647931
1.646262
1.646262
1.671868
1.671868
1.658922
1.658922
1.662431
1.662431
1.645476
1.645476
1.654351
1.654351
1.650636
1.650636
1.656572
1.656572
1.657514
1.657514
1.656529
1.656529
1.642605
1.642605
1.661051
1.661051
1.644204
1.644204
1.654167
1.654167
1.656845
1.656845
1.644060
1.644060
1.679794
1.679794
1.654827
1.654827
1.660214
1.660214
1.663686
1.663686
1.653019
1.653019
1.634866
1.634866
1.643042
1.643042
1.662847
1.662847
1.659504
1.659504
1.661744
1.661744
1.641179
1.641179
1.655961
1.655961
1.654596
1.654596
1.658712
1.658712
1.657450
1.657450
1.641644
1.641644
1.651300
1.651300
1.650823
1.650823
1.652991
1.652991
1.659443
1.659443
1.658333
1.658333
1.645295
1.645295
1.657189
1.657189
1.658772
1.658772
1.664550
1.664550
1.642777
1.642777
1.665304
1.665304
1.656081
1.656081
1.629553
1.629553
1.661420
1.661420
1.661270
1.661270
1.648451
1.648451
1.674264
1.674264
1.660208
1.660208
1.646045
1.646045
1.638311
1.638311
1.673206
1.673206
1.656538
1.656538
1.646275
1.646275
1.639026
1.639026
1.657344
1.657344
1.650502
1.650502
1.667079
1.667079
1.640014
1.640014
1.663236
1.663236
1.649077
1.649077
1.664708
1.664708
1.642438
1.642438
1.642251
1.642251
1.650240
1.650240
1.677975
1.677975
1.638518
1.638518
1.649827
1.649827
1.647225
1.647225
1.671492
1.671492
1.667370
1.667370
1.654516
1.654516
1.636177
1.636177
1.648234
1.648234
1.659832
1.659832
1.678588
1.678588
1.646698
1.646698
1.655615
1.655615
1.653600
1.653600
1.651783
1.651783
1.666042
1.666042
1.660661
1.660661
1.646211
1.646211
1.653523
1.653523
1.646255
1.646255
1.667217
1.667217
1.645108
1.645108
1.646647
1.646647
1.659753
1.659753
1.659888
1.659888
1.660439
1.660439
1.658503
1.658503
1.645012
1.645012
1.664821
1.664821
1.646956
1.646956
1.654822
1.654822
1.658139
1.658139
1.642891
1.642891
1.662009
1.662009
1.658020
1.658020
1.646565
1.646565
1.653547
1.653547
1.644637
1.644637
1.649594
1.649594
1.669119
1.669119
1.652090
1.652090
1.649104
1.649104
1.654252
1.654252
1.663422
1.663422
1.654063
1.654063
1.646561
1.646561
1.658356
1.658356
1.650321
1.650321
1.655801
1.655801
1.641947
1.641947
1.666190
1.666190
1.647901
1.647901
1.658374
1.658374
1.654903
1.654903
1.662725
1.662725
1.641686
1.641686
1.666400
1.666400
1.646738
1.646738
1.662686
1.662686
1.639387
1.639387
1.653303
1.653303
1.646485
1.646485
1.636029
1.636029
1.655818
1.655818
1.671462
1.671462
1.660317
1.660317
1.644059
1.644059
1.666465
1.666465
1.652606
1.652606
1.651460
1.651460
1.653137
1.653137
1.665588
1.665588
1.665272
1.665272
1.648649
1.648649
1.638525
1.638525
1.647850
1.647850
1.640459
1.640459
1.646892
1.646892
1.661615
1.661615
1.660714
1.660714
1.658780
1.658780
1.666472
1.666472
1.632434
1.632434
1.660362
1.660362
1.658731
1.658731
1.646703
1.646703
1.658889
1.658889
1.665084
1.665084
1.650954
1.650954
1.637370
1.637370
1.653928
1.653928
1.654534
1.654534
1.644547
1.644547
1.667345
1.667345
1.659729
1.659729
1.634075
1.634075
1.655995
1.655995
1.648592
1.648592
1.650951
1.650951
1.654359
1.654359
1.655875
1.655875
1.656541
1.656541
1.648268
1.648268
1.661576
1.661576
1.651058
1.651058
1.644724
1.644724
1.645173
1.645173
1.660384
1.660384
1.633958
1.633958
1.669311
1.669311
1.655788
1.655788
1.656904
1.656904
1.660133
1.660133
1.656319
1.656319
1.636186
1.636186
1.654095
1.654095
1.648132
1.648132
1.647411
1.647411
1.652629
1.652629
1.657286
1.657286
1.659217
1.659217
1.671162
1.671162
1.651490
1.651490
1.637149
1.637149
1.654890
1.654890
1.646088
1.646088
1.647164
1.647164
1.656294
1.656294
1.658029
1.658029
1.644826
1.644826
1.657315
1.657315
