2.319500
2.319500
2.317194
2.317194
2.316648
2.316648
2.315195
2.315195
2.314878
2.314878
2.313318
2.313318
2.312186
2.312186
2.310066
2.310066
2.305851
2.305851
2.307260
2.307260
2.304127
2.304127
2.301114
2.301114
2.297036
2.297036
2.293367
2.293367
2.292077
2.292077
2.288266
2.288266
2.285542
2.285542
2.279830
2.279830
2.275658
2.275658
2.272007
2.272007
2.267147
2.267147
2.265788
2.265788
2.254074
2.254074
2.254330
2.254330
2.247921
2.247921
2.242158
2.242158
2.236618
2.236618
2.232243
2.232243
2.221696
2.221696
2.218818
2.218818
2.210230
2.210230
2.203726
2.203726
2.198704
2.198704
2.191400
2.191400
2.186334
2.186334
2.178158
2.178158
2.164054
2.164054
2.161081
2.161081
2.156856
2.156856
2.149792
2.149792
2.135191
2.135191
2.126912
2.126912
2.126936
2.126936
2.115728
2.115728
2.112822
2.112822
2.097512
2.097512
2.093059
2.093059
2.083157
2.083157
2.077557
2.077557
2.067171
2.067171
2.059312
2.059312
2.052379
2.052379
2.048975
2.048975
2.037694
2.037694
2.027389
2.027389
2.024070
2.024070
2.015237
2.015237
2.009664
2.009664
2.004660
2.004660
1.991733
1.991733
1.989069
1.989069
1.974618
1.974618
1.976737
1.976737
1.978111
1.978111
1.966104
1.966104
1.966128
1.966128
1.947350
1.947350
1.948359
1.948359
1.949807
1.949807
1.926320
1.926320
1.938722
1.938722
1.928259
1.928259
1.926680
1.926680
1.909544
1.909544
1.913303
1.913303
1.911544
1.911544
1.910100
1.910100
1.896883
1.896883
1.898951
1.898951
1.891796
1.891796
1.888693
1.888693
1.877519
1.877519
1.881083
1.881083
1.883455
1.883455
1.889237
1.889237
1.868372
1.868372
1.872345
1.872345
1.872448
1.872448
1.865252
1.865252
1.854119
1.854119
1.857001
1.857001
1.853253
1.853253
1.854331
1.854331
1.845588
1.845588
1.847574
1.847574
1.828491
1.828491
1.838111
1.838111
1.838531
1.838531
1.843244
1.843244
1.836041
1.836041
1.835388
1.835388
1.813625
1.813625
1.819882
1.819882
1.816852
1.816852
1.827191
1.827191
1.805359
1.805359
1.812664
1.812664
1.812088
1.812088
1.803382
1.803382
1.803697
1.803697
1.802231
1.802231
1.794278
1.794278
1.791286
1.791286
1.789149
1.789149
1.784597
1.784597
1.787569
1.787569
1.776089
1.776089
1.777259
1.777259
1.768921
1.768921
1.777777
1.777777
1.773470
1.773470
1.764242
1.764242
1.752788
1.752788
1.757963
1.757963
1.762598
1.762598
1.762488
1.762488
1.758101
1.758101
1.739560
1.739560
1.722672
1.722672
1.752988
1.752988
1.736898
1.736898
1.732813
1.732813
1.733305
1.733305
1.729776
1.729776
1.723598
1.723598
1.723404
1.723404
1.723709
1.723709
1.715860
1.715860
1.711907
1.711907
1.708393
1.708393
1.701747
1.701747
1.709152
1.709152
1.699445
1.699445
1.701557
1.701557
1.704481
1.704481
1.693191
1.693191
1.683183
1.683183
1.691736
1.691736
1.689474
1.689474
1.695882
1.695882
1.685287
1.685287
1.673990
1.673990
1.684719
1.684719
1.671267
1.671267
1.677069
1.677069
1.665731
1.665731
1.677346
1.677346
1.665941
1.665941
1.672484
1.672484
1.654763
1.654763
1.660267
1.660267
1.660455
1.660455
1.660961
1.660961
1.656397
1.656397
1.652203
1.652203
1.651745
1.651745
1.645103
1.645103
1.648998
1.648998
1.644262
1.644262
1.662695
1.662695
1.648092
1.648092
1.643675
1.643675
1.643304
1.643304
1.635754
1.635754
1.641503
1.641503
1.648523
1.648523
1.625631
1.625631
1.636041
1.636041
1.635037
1.635037
1.634015
1.634015
1.634204
1.634204
1.636832
1.636832
1.634139
1.634139
1.621655
1.621655
1.621220
1.621220
1.623318
1.623318
1.624044
1.624044
1.622160
1.622160
1.630587
1.630587
1.623936
1.623936
1.618845
1.618845
1.624512
1.624512
1.616322
1.616322
1.616661
1.616661
1.625619
1.625619
1.620220
1.620220
1.615489
1.615489
1.619576
1.619576
1.613499
1.613499
1.609530
1.609530
1.613350
1.613350
1.619307
1.619307
1.615687
1.615687
1.605956
1.605956
1.605527
1.605527
1.617051
1.617051
1.602411
1.602411
1.608139
1.608139
1.605648
1.605648
1.612643
1.612643
1.606413
1.606413
1.601247
1.601247
1.614958
1.614958
1.604629
1.604629
1.601683
1.601683
1.608726
1.608726
1.605752
1.605752
1.603332
1.603332
1.601615
1.601615
1.595460
1.595460
1.602173
1.602173
1.588101
1.588101
1.602076
1.602076
1.606330
1.606330
1.607455
1.607455
1.601079
1.601079
1.600072
1.600072
1.585948
1.585948
1.601426
1.601426
1.605298
1.605298
1.604175
1.604175
1.587717
1.587717
1.588984
1.588984
1.598736
1.598736
1.601263
1.601263
1.596073
1.596073
1.594018
1.594018
1.595065
1.595065
1.593584
1.593584
1.586827
1.586827
1.588379
1.588379
1.586647
1.586647
1.585231
1.585231
1.604051
1.604051
1.590739
1.590739
1.587540
1.587540
1.583591
1.583591
1.596332
1.596332
1.592010
1.592010
1.582606
1.582606
1.595875
1.595875
1.585255
1.585255
1.577076
1.577076
1.587572
1.587572
1.587144
1.587144
1.585112
1.585112
1.588572
1.588572
1.582375
1.582375
1.582094
1.582094
1.584848
1.584848
1.572425
1.572425
1.590349
1.590349
1.582024
1.582024
1.586635
1.586635
1.581654
1.581654
1.578318
1.578318
1.591550
1.591550
1.575297
1.575297
1.577301
1.577301
1.581758
1.581758
1.581241
1.581241
1.577645
1.577645
1.584874
1.584874
1.586418
1.586418
1.559624
1.559624
1.572343
1.572343
1.585079
1.585079
1.575309
1.575309
1.572978
1.572978
1.580480
1.580480
1.584189
1.584189
1.576697
1.576697
1.576595
1.576595
1.574306
1.574306
1.561173
1.561173
1.571022
1.571022
1.569306
1.569306
1.570248
1.570248
1.582165
1.582165
1.575550
1.575550
1.563784
1.563784
1.570466
1.570466
1.570268
1.570268
1.575159
1.575159
1.583723
1.583723
1.585289
1.585289
1.560480
1.560480
1.569146
1.569146
1.566822
1.566822
1.573086
1.573086
1.561915
1.561915
1.560933
1.560933
1.580271
1.580271
1.572813
1.572813
1.573444
1.573444
1.570141
1.570141
1.572792
1.572792
1.573772
1.573772
1.569941
1.569941
1.552431
1.552431
1.572484
1.572484
1.564514
1.564514
1.561515
1.561515
1.563892
1.563892
1.579050
1.579050
1.569173
1.569173
1.566889
1.566889
1.569575
1.569575
1.565665
1.565665
1.561837
1.561837
1.566294
1.566294
1.567298
1.567298
1.568551
1.568551
1.557127
1.557127
1.572459
1.572459
1.563876
1.563876
1.569688
1.569688
1.559788
1.559788
1.571821
1.571821
1.558953
1.558953
1.562425
1.562425
1.568269
1.568269
1.556342
1.556342
1.565777
1.565777
1.569419
1.569419
1.557221
1.557221
1.566029
1.566029
1.565929
1.565929
1.560609
1.560609
1.567651
1.567651
1.563173
1.563173
1.568354
1.568354
1.558505
1.558505
1.560023
1.560023
1.562267
1.562267
1.562525
1.562525
1.562711
1.562711
1.565346
1.565346
1.560973
1.560973
1.555774
1.555774
1.559143
1.559143
1.568532
1.568532
1.562235
1.562235
1.559501
1.559501
1.553919
1.553919
1.552212
1.552212
1.560983
1.560983
1.562596
1.562596
1.555485
1.555485
1.572989
1.572989
1.559531
1.559531
1.554394
1.554394
1.560451
1.560451
1.559861
1.559861
1.563804
1.563804
1.557610
1.557610
1.560733
1.560733
1.556898
1.556898
1.560636
1.560636
1.556498
1.556498
1.556203
1.556203
1.569120
1.569120
1.557130
1.557130
1.552632
1.552632
1.552931
1.552931
1.554354
1.554354
1.557745
1.557745
1.561669
1.561669
1.552449
1.552449
1.560372
1.560372
1.561068
1.561068
1.556319
1.556319
1.560268
1.560268
1.549813
1.549813
1.554314
1.554314
1.548581
1.548581
1.560722
1.560722
1.558460
1.558460
1.557391
1.557391
1.552992
1.552992
1.551768
1.551768
1.553029
1.553029
1.554186
1.554186
1.554097
1.554097
1.564648
1.564648
1.563247
1.563247
1.561427
1.561427
1.548871
1.548871
1.548694
1.548694
1.547863
1.547863
1.564153
1.564153
1.551757
1.551757
1.549931
1.549931
1.550697
1.550697
1.550949
1.550949
1.556342
1.556342
1.552417
1.552417
1.548712
1.548712
1.555056
1.555056
1.551792
1.551792
1.544753
1.544753
1.548727
1.548727
1.554598
1.554598
1.554610
1.554610
1.560544
1.560544
1.551802
1.551802
1.553419
1.553419
1.551214
1.551214
1.558576
1.558576
1.539907
1.539907
1.557505
1.557505
1.548023
1.548023
1.544874
1.544874
1.551958
1.551958
1.552466
1.552466
1.556646
1.556646
1.552919
1.552919
1.539112
1.539112
1.547759
1.547759
1.556173
1.556173
1.559881
1.559881
1.546564
1.546564
1.550203
1.550203
1.543102
1.543102
1.548272
1.548272
1.545366
1.545366
1.553144
1.553144
1.551448
1.551448
1.548237
1.548237
1.547518
1.547518
1.545956
1.545956
1.549692
1.549692
1.554544
1.554544
1.545764
1.545764
1.547987
1.547987
1.552873
1.552873
1.546098
1.546098
1.543076
1.543076
1.549707
1.549707
1.550693
1.550693
1.549710
1.549710
1.540378
1.540378
1.548236
1.548236
1.553099
1.553099
1.547783
1.547783
1.543716
1.543716
1.550301
1.550301
1.550344
1.550344
1.545398
1.545398
1.546512
1.546512
1.544053
1.544053
1.548808
1.548808
1.543223
1.543223
1.551935
1.551935
1.545223
1.545223
1.548637
1.548637
1.548723
1.548723
1.541584
1.541584
1.546201
1.546201
1.545159
1.545159
1.539950
1.539950
1.546491
1.546491
1.536227
1.536227
1.548784
1.548784
1.560042
1.560042
1.546799
1.546799
1.543699
1.543699
1.549602
1.549602
1.540815
1.540815
1.544895
1.544895
1.546462
1.546462
1.541386
1.541386
1.543747
1.543747
1.541497
1.541497
1.552910
1.552910
1.536909
1.536909
1.546166
1.546166
1.546410
1.546410
1.546573
1.546573
1.546671
1.546671
1.545661
1.545661
1.547812
1.547812
1.535997
1.535997
1.535359
1.535359
1.559739
1.559739
1.540636
1.540636
1.545869
1.545869
1.542150
1.542150
1.544538
1.544538
1.546946
1.546946
1.542236
1.542236
1.554582
1.554582
1.543187
1.543187
1.536398
1.536398
1.540937
1.540937
1.545594
1.545594
1.544507
1.544507
1.544739
1.544739
1.544491
1.544491
1.535402
1.535402
1.542595
1.542595
1.542776
1.542776
1.543399
1.543399
1.538738
1.538738
1.549548
1.549548
1.545069
1.545069
1.549760
1.549760
1.538728
1.538728
1.540087
1.540087
1.539399
1.539399
1.539589
1.539589
1.545201
1.545201
1.539818
1.539818
1.541984
1.541984
1.546645
1.546645
1.544846
1.544846
1.548764
1.548764
1.534980
1.534980
1.535743
1.535743
1.547604
1.547604
1.537014
1.537014
1.534772
1.534772
1.545215
1.545215
1.544012
1.544012
1.550349
1.550349
1.541503
1.541503
1.546118
1.546118
1.543951
1.543951
1.538262
1.538262
1.536880
1.536880
1.547760
1.547760
1.538984
1.538984
1.537008
1.537008
1.535850
1.535850
1.548190
1.548190
1.540951
1.540951
1.541866
1.541866
1.548851
1.548851
1.537429
1.537429
1.532584
1.532584
1.540119
1.540119
1.542277
1.542277
1.537251
1.537251
1.543435
1.543435
1.537389
1.537389
1.538568
1.538568
1.540095
1.540095
1.547020
1.547020
1.533794
1.533794
1.539134
1.539134
1.532962
1.532962
1.541371
1.541371
1.545431
1.545431
1.536149
1.536149
1.541094
1.541094
1.543519
1.543519
1.540050
1.540050
1.535619
1.535619
1.539995
1.539995
1.534177
1.534177
1.533580
1.533580
1.543444
1.543444
1.541702
1.541702
1.534526
1.534526
1.539865
1.539865
1.542311
1.542311
1.539415
1.539415
1.532405
1.532405
1.531361
1.531361
1.548358
1.548358
1.537830
1.537830
1.536010
1.536010
1.539414
1.539414
1.536554
1.536554
1.540765
1.540765
1.539828
1.539828
1.533651
1.533651
1.537600
1.537600
1.538357
1.538357
1.539199
1.539199
1.535627
1.535627
1.538007
1.538007
1.539286
1.539286
1.534305
1.534305
1.539919
1.539919
1.535315
1.535315
1.543865
1.543865
1.540327
1.540327
1.531973
1.531973
1.532282
1.532282
1.542056
1.542056
1.531390
1.531390
1.538666
1.538666
1.537433
1.537433
1.533090
1.533090
1.532635
1.532635
1.534609
1.534609
1.537503
1.537503
1.538992
1.538992
1.538787
1.538787
1.538239
1.538239
1.536362
1.536362
1.532159
1.532159
1.532770
1.532770
1.542527
1.542527
1.536112
1.536112
1.536211
1.536211
1.535637
1.535637
1.537207
1.537207
1.533079
1.533079
1.540299
1.540299
1.542506
1.542506
1.532171
1.532171
1.530435
1.530435
1.531110
1.531110
1.528878
1.528878
1.543781
1.543781
1.540786
1.540786
1.535063
1.535063
1.525669
1.525669
1.533797
1.533797
1.528020
1.528020
1.542330
1.542330
1.532565
1.532565
1.540242
1.540242
1.538978
1.538978
1.532828
1.532828
1.532784
1.532784
1.534113
1.534113
1.536524
1.536524
1.532330
1.532330
1.533306
1.533306
1.540531
1.540531
1.532392
1.532392
1.535440
1.535440
1.536382
1.536382
1.536269
1.536269
1.533952
1.533952
1.534263
1.534263
1.530463
1.530463
1.536967
1.536967
1.535295
1.535295
1.533303
1.533303
1.529881
1.529881
1.535561
1.535561
1.536814
1.536814
1.530956
1.530956
1.534276
1.534276
1.526871
1.526871
1.542254
1.542254
1.534955
1.534955
1.532118
1.532118
1.539460
1.539460
1.530311
1.530311
1.529908
1.529908
1.525135
1.525135
1.535150
1.535150
1.538096
1.538096
1.534655
1.534655
1.533289
1.533289
1.530475
1.530475
1.534169
1.534169
1.533471
1.533471
1.529246
1.529246
1.539159
1.539159
1.537537
1.537537
1.537647
1.537647
1.530089
1.530089
1.528332
1.528332
1.529317
1.529317
1.539995
1.539995
1.533681
1.533681
1.529162
1.529162
1.528127
1.528127
1.531806
1.531806
1.538320
1.538320
1.532319
1.532319
1.530461
1.530461
1.528497
1.528497
1.533270
1.533270
1.526085
1.526085
1.536279
1.536279
1.532369
1.532369
1.530635
1.530635
1.538660
1.538660
1.531069
1.531069
1.537207
1.537207
1.529926
1.529926
1.524419
1.524419
1.541689
1.541689
1.525735
1.525735
1.529378
1.529378
1.532443
1.532443
1.532961
1.532961
1.543528
1.543528
1.531900
1.531900
1.537363
1.537363
1.531428
1.531428
1.530321
1.530321
1.528646
1.528646
1.532801
1.532801
1.521730
1.521730
1.533368
1.533368
1.538964
1.538964
1.533225
1.533225
1.539669
1.539669
1.529306
1.529306
1.530257
1.530257
1.531854
1.531854
1.526388
1.526388
1.540177
1.540177
1.534781
1.534781
1.525130
1.525130
1.531393
1.531393
1.524276
1.524276
1.532170
1.532170
1.526439
1.526439
1.535713
1.535713
1.527149
1.527149
1.536142
1.536142
1.535385
1.535385
1.529175
1.529175
1.530132
1.530132
1.528858
1.528858
1.532171
1.532171
1.538813
1.538813
1.529031
1.529031
1.529999
1.529999
1.528972
1.528972
1.526333
1.526333
1.530065
1.530065
1.531883
1.531883
1.530836
1.530836
1.530014
1.530014
1.530120
1.530120
1.531083
1.531083
1.529156
1.529156
1.528462
1.528462
1.530907
1.530907
1.532899
1.532899
1.531150
1.531150
1.532568
1.532568
1.528199
1.528199
1.530015
1.530015
1.528426
1.528426
1.529277
1.529277
1.528805
1.528805
1.539090
1.539090
1.521862
1.521862
1.530848
1.530848
1.537559
1.537559
1.528282
1.528282
1.528421
1.528421
1.529369
1.529369
1.522848
1.522848
1.526392
1.526392
1.529830
1.529830
1.529078
1.529078
1.531974
1.531974
1.529412
1.529412
1.538075
1.538075
1.533387
1.533387
1.526037
1.526037
1.524001
1.524001
1.522838
1.522838
1.530408
1.530408
1.530759
1.530759
1.534787
1.534787
1.523430
1.523430
1.525266
1.525266
1.522985
1.522985
1.534419
1.534419
1.528838
1.528838
1.525510
1.525510
1.534884
1.534884
1.530756
1.530756
1.529518
1.529518
1.527186
1.527186
1.529188
1.529188
1.527401
1.527401
1.527024
1.527024
1.528267
1.528267
1.530403
1.530403
1.526483
1.526483
1.532282
1.532282
1.528400
1.528400
1.528081
1.528081
1.530293
1.530293
1.525779
1.525779
1.530844
1.530844
1.523879
1.523879
1.530769
1.530769
1.529909
1.529909
1.530163
1.530163
1.527039
1.527039
1.525290
1.525290
1.534434
1.534434
1.529127
1.529127
1.522683
1.522683
1.530726
1.530726
1.526292
1.526292
1.529222
1.529222
1.528442
1.528442
1.527851
1.527851
1.530061
1.530061
1.524931
1.524931
1.522814
1.522814
1.538345
1.538345
1.529550
1.529550
1.524493
1.524493
1.526360
1.526360
1.521468
1.521468
1.535069
1.535069
1.530006
1.530006
1.527516
1.527516
1.526301
1.526301
1.532015
1.532015
1.528110
1.528110
1.528482
1.528482
1.524060
1.524060
1.531625
1.531625
1.523603
1.523603
1.526993
1.526993
1.530386
1.530386
1.526442
1.526442
1.528036
1.528036
1.531530
1.531530
1.518073
1.518073
1.532243
1.532243
1.529352
1.529352
1.527496
1.527496
1.527036
1.527036
1.520221
1.520221
1.525976
1.525976
1.541026
1.541026
1.530811
1.530811
1.525724
1.525724
1.523739
1.523739
1.526678
1.526678
1.532680
1.532680
1.525443
1.525443
1.532347
1.532347
1.528755
1.528755
1.528753
1.528753
1.521230
1.521230
1.525016
1.525016
1.526216
1.526216
1.529813
1.529813
1.529398
1.529398
1.526813
1.526813
1.527929
1.527929
1.532432
1.532432
1.522379
1.522379
1.527838
1.527838
1.525446
1.525446
1.525579
1.525579
1.526832
1.526832
1.525942
1.525942
1.526354
1.526354
1.531998
1.531998
1.538253
1.538253
1.522378
1.522378
1.525501
1.525501
1.522293
1.522293
1.525823
1.525823
1.534784
1.534784
1.521567
1.521567
1.521258
1.521258
1.526748
1.526748
1.530025
1.530025
1.528908
1.528908
1.525944
1.525944
1.527619
1.527619
1.523300
1.523300
1.526869
1.526869
1.524319
1.524319
1.525856
1.525856
1.523516
1.523516
1.525256
1.525256
1.534459
1.534459
1.525491
1.525491
1.522820
1.522820
1.529407
1.529407
1.522755
1.522755
1.530992
1.530992
1.523508
1.523508
1.526963
1.526963
1.524583
1.524583
1.526487
1.526487
1.528287
1.528287
1.521690
1.521690
1.531265
1.531265
1.518082
1.518082
1.530761
1.530761
1.526827
1.526827
1.521434
1.521434
1.519897
1.519897
1.530963
1.530963
1.522310
1.522310
1.535360
1.535360
1.525655
1.525655
1.522517
1.522517
1.526024
1.526024
1.525011
1.525011
1.528098
1.528098
1.522834
1.522834
1.527952
1.527952
1.527471
1.527471
1.521501
1.521501
1.526422
1.526422
1.532008
1.532008
1.519818
1.519818
1.522056
1.522056
1.523249
1.523249
1.529005
1.529005
1.527659
1.527659
1.524330
1.524330
1.520163
1.520163
1.525716
1.525716
1.527078
1.527078
1.525269
1.525269
1.524734
1.524734
1.524391
1.524391
1.524691
1.524691
1.524541
1.524541
1.535465
1.535465
1.518379
1.518379
1.520164
1.520164
1.520744
1.520744
1.529688
1.529688
1.523156
1.523156
1.529395
1.529395
1.524298
1.524298
1.521009
1.521009
1.525988
1.525988
1.523168
1.523168
1.531243
1.531243
1.523721
1.523721
1.518969
1.518969
1.527281
1.527281
1.529191
1.529191
1.519287
1.519287
1.526173
1.526173
1.523435
1.523435
1.525731
1.525731
1.528210
1.528210
1.522024
1.522024
1.514165
1.514165
1.535739
1.535739
1.522643
1.522643
1.531481
1.531481
1.526520
1.526520
1.520338
1.520338
1.515919
1.515919
1.529892
1.529892
1.522849
1.522849
1.526322
1.526322
1.525860
1.525860
1.524513
1.524513
1.522020
1.522020
1.522939
1.522939
1.522300
1.522300
1.535402
1.535402
1.522420
1.522420
1.516855
1.516855
1.525027
1.525027
1.522068
1.522068
1.530944
1.530944
1.520637
1.520637
1.521962
1.521962
1.516700
1.516700
1.521223
1.521223
1.526067
1.526067
1.528198
1.528198
1.529194
1.529194
1.517956
1.517956
1.512092
1.512092
1.523048
1.523048
1.536456
1.536456
1.531079
1.531079
1.519635
1.519635
1.521277
1.521277
1.523731
1.523731
1.527433
1.527433
1.526327
1.526327
1.525642
1.525642
1.521978
1.521978
1.525249
1.525249
1.519554
1.519554
1.524693
1.524693
1.522240
1.522240
1.526408
1.526408
1.521233
1.521233
1.525921
1.525921
1.519122
1.519122
1.522651
1.522651
1.519594
1.519594
1.541251
1.541251
1.520034
1.520034
1.507888
1.507888
1.527555
1.527555
1.522591
1.522591
1.529827
1.529827
1.514731
1.514731
1.518798
1.518798
1.521289
1.521289
1.520249
1.520249
1.523503
1.523503
1.525208
1.525208
1.523927
1.523927
1.517704
1.517704
1.520422
1.520422
1.523328
1.523328
1.525925
1.525925
1.526790
1.526790
1.518589
1.518589
1.522825
1.522825
1.525674
1.525674
1.520910
1.520910
1.524786
1.524786
1.518152
1.518152
1.526046
1.526046
1.519068
1.519068
1.526464
1.526464
1.521427
1.521427
1.518610
1.518610
1.518417
1.518417
1.527462
1.527462
1.526832
1.526832
1.518537
1.518537
1.523709
1.523709
1.523596
1.523596
1.515764
1.515764
1.524129
1.524129
1.523431
1.523431
1.522583
1.522583
1.524619
1.524619
1.520857
1.520857
1.521184
1.521184
1.519916
1.519916
1.523533
1.523533
1.527408
1.527408
1.514564
1.514564
1.521168
1.521168
1.522452
1.522452
1.522242
1.522242
1.523933
1.523933
1.521214
1.521214
1.520879
1.520879
1.519500
1.519500
1.523084
1.523084
1.513006
1.513006
1.523395
1.523395
1.519599
1.519599
1.531061
1.531061
1.520001
1.520001
1.519277
1.519277
1.519687
1.519687
1.527437
1.527437
1.520836
1.520836
1.527817
1.527817
1.519415
1.519415
1.516428
1.516428
1.522838
1.522838
1.520202
1.520202
1.525975
1.525975
1.523707
1.523707
1.518661
1.518661
1.510844
1.510844
1.529140
1.529140
1.524126
1.524126
1.519939
1.519939
1.515015
1.515015
1.524935
1.524935
1.521871
1.521871
1.525718
1.525718
1.517678
1.517678
1.521283
1.521283
1.519320
1.519320
1.521319
1.521319
1.515589
1.515589
1.525267
1.525267
1.521618
1.521618
1.525613
1.525613
1.515563
1.515563
1.521965
1.521965
1.521701
1.521701
1.518790
1.518790
1.516805
1.516805
1.527043
1.527043
1.516451
1.516451
1.520796
1.520796
1.519823
1.519823
1.526471
1.526471
1.520624
1.520624
1.517764
1.517764
1.516107
1.516107
1.521461
1.521461
1.527554
1.527554
1.520572
1.520572
1.517854
1.517854
1.515605
1.515605
1.527166
1.527166
1.520994
1.520994
1.521425
1.521425
1.529914
1.529914
1.518899
1.518899
1.526884
1.526884
1.512783
1.512783
1.511663
1.511663
1.523830
1.523830
1.515110
1.515110
1.515388
1.515388
1.525151
1.525151
1.522988
1.522988
1.525081
1.525081
1.527266
1.527266
1.517672
1.517672
1.512877
1.512877
1.517447
1.517447
1.515946
1.515946
1.522961
1.522961
1.517802
1.517802
1.517695
1.517695
1.528108
1.528108
1.522567
1.522567
1.524063
1.524063
1.522466
1.522466
1.513545
1.513545
1.516641
1.516641
1.514414
1.514414
1.525040
1.525040
1.522919
1.522919
1.523259
1.523259
1.511934
1.511934
1.516891
1.516891
1.521451
1.521451
1.521081
1.521081
1.520168
1.520168
1.519182
1.519182
1.520876
1.520876
1.517553
1.517553
1.521982
1.521982
1.521754
1.521754
1.515307
1.515307
1.518908
1.518908
1.517261
1.517261
1.516914
1.516914
1.522559
1.522559
1.523600
1.523600
1.515010
1.515010
1.521993
1.521993
1.523634
1.523634
1.518069
1.518069
1.518926
1.518926
1.526060
1.526060
1.523037
1.523037
1.514184
1.514184
1.511823
1.511823
1.522953
1.522953
1.516219
1.516219
1.515024
1.515024
1.524924
1.524924
1.519468
1.519468
1.521705
1.521705
1.518169
1.518169
1.518895
1.518895
1.517256
1.517256
1.526875
1.526875
1.514241
1.514241
1.510212
1.510212
1.524471
1.524471
1.522966
1.522966
1.518800
1.518800
1.520413
1.520413
1.519689
1.519689
1.514648
1.514648
1.522074
1.522074
1.513911
1.513911
1.528278
1.528278
1.515367
1.515367
1.514705
1.514705
1.523946
1.523946
1.519116
1.519116
1.523780
1.523780
1.515800
1.515800
1.519016
1.519016
1.521389
1.521389
1.523877
1.523877
1.513688
1.513688
1.518230
1.518230
1.528027
1.528027
1.515864
1.515864
1.517834
1.517834
1.513092
1.513092
1.519932
1.519932
1.521655
1.521655
1.515638
1.515638
1.522018
1.522018
1.513327
1.513327
1.520560
1.520560
1.518129
1.518129
1.523476
1.523476
1.516580
1.516580
1.513455
1.513455
1.516078
1.516078
1.518442
1.518442
1.515662
1.515662
1.520278
1.520278
1.524095
1.524095
1.517772
1.517772
1.516340
1.516340
1.525646
1.525646
1.516797
1.516797
1.516016
1.516016
1.522403
1.522403
1.515166
1.515166
1.521935
1.521935
1.518784
1.518784
1.513975
1.513975
1.522463
1.522463
1.513720
1.513720
1.515416
1.515416
1.519389
1.519389
1.523888
1.523888
1.513113
1.513113
1.519746
1.519746
1.521713
1.521713
1.522976
1.522976
1.515152
1.515152
1.520930
1.520930
1.517724
1.517724
1.517217
1.517217
1.517183
1.517183
1.520913
1.520913
1.514272
1.514272
1.519928
1.519928
1.516917
1.516917
1.520475
1.520475
1.522556
1.522556
1.514506
1.514506
1.518283
1.518283
1.522750
1.522750
1.519185
1.519185
1.517994
1.517994
1.516673
1.516673
1.515982
1.515982
1.526587
1.526587
1.516903
1.516903
1.515601
1.515601
1.518802
1.518802
1.517723
1.517723
1.516675
1.516675
1.520138
1.520138
1.518855
1.518855
1.516867
1.516867
1.521141
1.521141
1.519415
1.519415
1.515451
1.515451
1.519065
1.519065
1.521039
1.521039
1.515234
1.515234
1.517744
1.517744
1.514017
1.514017
1.525027
1.525027
1.515997
1.515997
1.518545
1.518545
1.524149
1.524149
1.516688
1.516688
1.514637
1.514637
1.522781
1.522781
1.516291
1.516291
1.516272
1.516272
1.516679
1.516679
1.518579
1.518579
1.521743
1.521743
1.522769
1.522769
1.514306
1.514306
1.511559
1.511559
1.520200
1.520200
1.519033
1.519033
1.514918
1.514918
1.518512
1.518512
1.519960
1.519960
1.516958
1.516958
1.516256
1.516256
1.517404
1.517404
1.519907
1.519907
1.518993
1.518993
1.516484
1.516484
1.520978
1.520978
1.519191
1.519191
1.522809
1.522809
1.512622
1.512622
1.512199
1.512199
1.510684
1.510684
1.522737
1.522737
1.521271
1.521271
1.513695
1.513695
1.521497
1.521497
1.519001
1.519001
1.515808
1.515808
1.516425
1.516425
1.516814
1.516814
1.521469
1.521469
1.514509
1.514509
1.514056
1.514056
1.517804
1.517804
1.520745
1.520745
1.522157
1.522157
1.518946
1.518946
1.519754
1.519754
1.526118
1.526118
1.511360
1.511360
1.509621
1.509621
1.516062
1.516062
1.516142
1.516142
1.517836
1.517836
1.516926
1.516926
1.521449
1.521449
1.518614
1.518614
1.520569
1.520569
1.514260
1.514260
1.512857
1.512857
1.521882
1.521882
1.518835
1.518835
1.524435
1.524435
1.515862
1.515862
1.516737
1.516737
1.508652
1.508652
1.522579
1.522579
1.512889
1.512889
1.511534
1.511534
1.517356
1.517356
1.523283
1.523283
1.518561
1.518561
1.514772
1.514772
1.514981
1.514981
1.519958
1.519958
1.517338
1.517338
1.511796
1.511796
1.513223
1.513223
1.522348
1.522348
1.522640
1.522640
1.514587
1.514587
1.520595
1.520595
1.517659
1.517659
1.519077
1.519077
1.512678
1.512678
1.514423
1.514423
1.518748
1.518748
1.521520
1.521520
1.513093
1.513093
1.516389
1.516389
1.514664
1.514664
1.517068
1.517068
1.515147
1.515147
1.522863
1.522863
1.514527
1.514527
1.514664
1.514664
1.514597
1.514597
1.519634
1.519634
1.519667
1.519667
1.514163
1.514163
1.516462
1.516462
1.518899
1.518899
1.516721
1.516721
1.516447
1.516447
1.514534
1.514534
1.518084
1.518084
1.519425
1.519425
1.523191
1.523191
1.506535
1.506535
1.513220
1.513220
1.523384
1.523384
1.514316
1.514316
1.522257
1.522257
1.521635
1.521635
1.510770
1.510770
1.514340
1.514340
1.517189
1.517189
1.520555
1.520555
1.515602
1.515602
1.516591
1.516591
1.512917
1.512917
1.517670
1.517670
1.516248
1.516248
1.518465
1.518465
1.514902
1.514902
1.516019
1.516019
1.514202
1.514202
1.518411
1.518411
1.514196
1.514196
1.509793
1.509793
1.529675
1.529675
1.515910
1.515910
1.520268
1.520268
1.509318
1.509318
1.517971
1.517971
1.519922
1.519922
1.522073
1.522073
1.512736
1.512736
1.510863
1.510863
1.522047
1.522047
1.513678
1.513678
1.517458
1.517458
1.513177
1.513177
1.515623
1.515623
1.515529
1.515529
1.520984
1.520984
1.510651
1.510651
1.520960
1.520960
1.517868
1.517868
1.517989
1.517989
1.512856
1.512856
1.516829
1.516829
1.515240
1.515240
1.522834
1.522834
1.514125
1.514125
1.510260
1.510260
1.516983
1.516983
1.520063
1.520063
1.511351
1.511351
1.522333
1.522333
1.507194
1.507194
1.513707
1.513707
1.521177
1.521177
1.519661
1.519661
1.514559
1.514559
1.508484
1.508484
1.525306
1.525306
1.519093
1.519093
1.515017
1.515017
1.507916
1.507916
1.509955
1.509955
1.510686
1.510686
1.514280
1.514280
1.515833
1.515833
1.523154
1.523154
1.513408
1.513408
1.516534
1.516534
1.513090
1.513090
1.521158
1.521158
1.510003
1.510003
1.516580
1.516580
1.519987
1.519987
1.515236
1.515236
1.512574
1.512574
1.513682
1.513682
1.514737
1.514737
1.515368
1.515368
1.509896
1.509896
1.516546
1.516546
1.519267
1.519267
1.514586
1.514586
1.517993
1.517993
1.518998
1.518998
1.511966
1.511966
1.513437
1.513437
1.512321
1.512321
1.511098
1.511098
1.514574
1.514574
1.517709
1.517709
1.515744
1.515744
1.516340
1.516340
1.516399
1.516399
1.515137
1.515137
1.516340
1.516340
1.518924
1.518924
1.506039
1.506039
1.517438
1.517438
1.516695
1.516695
1.518394
1.518394
1.510835
1.510835
1.510796
1.510796
1.517368
1.517368
1.513425
1.513425
1.514859
1.514859
1.515863
1.515863
1.513679
1.513679
1.514025
1.514025
1.511581
1.511581
1.513131
1.513131
1.521502
1.521502
1.515704
1.515704
1.513380
1.513380
1.517905
1.517905
1.516981
1.516981
1.514174
1.514174
1.512847
1.512847
1.519861
1.519861
1.515448
1.515448
1.511205
1.511205
1.513233
1.513233
1.516398
1.516398
1.511846
1.511846
1.512147
1.512147
1.513939
1.513939
1.522064
1.522064
1.516005
1.516005
1.521695
1.521695
1.514568
1.514568
1.514047
1.514047
1.511800
1.511800
1.513137
1.513137
1.517931
1.517931
1.519425
1.519425
1.511100
1.511100
1.512081
1.512081
1.515597
1.515597
1.521428
1.521428
1.513520
1.513520
1.514090
1.514090
1.510326
1.510326
1.517252
1.517252
1.512923
1.512923
1.511752
1.511752
1.517823
1.517823
1.512569
1.512569
1.522829
1.522829
1.511691
1.511691
1.512883
1.512883
1.520136
1.520136
1.513771
1.513771
1.518038
1.518038
1.516844
1.516844
1.515483
1.515483
1.515034
1.515034
1.514558
1.514558
1.513143
1.513143
1.512746
1.512746
1.514602
1.514602
1.512644
1.512644
1.514308
1.514308
1.522880
1.522880
1.515512
1.515512
1.512142
1.512142
1.510181
1.510181
1.519629
1.519629
1.518237
1.518237
1.520153
1.520153
1.507613
1.507613
1.519899
1.519899
1.512243
1.512243
1.514446
1.514446
1.514521
1.514521
1.512701
1.512701
1.513587
1.513587
1.518556
1.518556
1.514941
1.514941
1.513308
1.513308
1.516241
1.516241
1.517638
1.517638
1.514245
1.514245
1.512171
1.512171
1.517147
1.517147
1.513589
1.513589
1.510844
1.510844
1.516032
1.516032
1.516986
1.516986
1.514262
1.514262
1.514550
1.514550
1.515347
1.515347
1.520161
1.520161
1.507382
1.507382
1.515826
1.515826
1.515455
1.515455
1.516714
1.516714
1.511763
1.511763
1.512747
1.512747
1.516474
1.516474
1.514356
1.514356
1.510274
1.510274
1.515045
1.515045
1.516941
1.516941
1.518113
1.518113
1.516436
1.516436
1.513866
1.513866
1.514361
1.514361
1.507783
1.507783
1.517739
1.517739
1.515373
1.515373
1.513765
1.513765
1.513167
1.513167
1.511160
1.511160
1.510321
1.510321
1.519320
1.519320
1.515904
1.515904
1.517380
1.517380
1.507085
1.507085
1.511654
1.511654
1.509609
1.509609
1.521869
1.521869
1.515437
1.515437
1.513059
1.513059
1.517774
1.517774
1.508397
1.508397
1.518197
1.518197
1.514901
1.514901
1.512123
1.512123
1.514425
1.514425
1.509675
1.509675
1.514402
1.514402
1.518751
1.518751
1.514668
1.514668
1.517097
1.517097
1.512632
1.512632
1.516686
1.516686
1.509674
1.509674
1.515857
1.515857
1.518703
1.518703
1.512582
1.512582
1.508734
1.508734
1.510860
1.510860
1.522306
1.522306
1.514064
1.514064
1.511984
1.511984
1.513789
1.513789
1.516146
1.516146
1.514986
1.514986
1.519107
1.519107
1.517962
1.517962
1.511906
1.511906
1.512064
1.512064
1.507740
1.507740
1.517407
1.517407
1.516670
1.516670
1.507922
1.507922
1.512980
1.512980
1.515246
1.515246
1.506873
1.506873
1.519921
1.519921
1.513812
1.513812
1.513651
1.513651
1.515535
1.515535
1.509327
1.509327
1.513289
1.513289
1.523682
1.523682
1.508549
1.508549
1.514010
1.514010
1.511235
1.511235
1.513895
1.513895
1.517099
1.517099
1.506713
1.506713
1.521148
1.521148
1.515242
1.515242
1.519897
1.519897
1.514052
1.514052
1.508904
1.508904
1.508473
1.508473
1.513263
1.513263
1.524256
1.524256
1.509731
1.509731
1.513005
1.513005
1.505570
1.505570
1.514874
1.514874
1.503916
1.503916
1.519629
1.519629
1.515342
1.515342
1.513778
1.513778
1.512941
1.512941
1.512080
1.512080
1.515769
1.515769
1.513613
1.513613
1.511978
1.511978
1.507980
1.507980
1.514619
1.514619
1.514995
1.514995
1.515415
1.515415
1.512833
1.512833
1.516490
1.516490
1.516291
1.516291
1.508403
1.508403
1.508700
1.508700
1.516093
1.516093
1.515925
1.515925
1.518893
1.518893
1.515957
1.515957
1.505059
1.505059
1.507322
1.507322
1.517749
1.517749
1.510902
1.510902
1.512933
1.512933
1.507924
1.507924
1.514980
1.514980
1.514237
1.514237
1.518558
1.518558
1.511135
1.511135
1.505200
1.505200
1.514922
1.514922
1.512415
1.512415
1.520173
1.520173
1.509280
1.509280
1.515793
1.515793
1.502886
1.502886
1.512250
1.512250
1.510881
1.510881
1.515813
1.515813
1.513521
1.513521
1.509489
1.509489
1.508877
1.508877
1.504047
1.504047
1.511563
1.511563
1.516993
1.516993
1.524175
1.524175
1.507366
1.507366
1.510592
1.510592
1.513004
1.513004
1.514780
1.514780
1.518481
1.518481
1.505295
1.505295
1.510651
1.510651
1.519672
1.519672
1.509232
1.509232
1.519602
1.519602
1.517177
1.517177
1.510723
1.510723
1.511775
1.511775
1.510146
1.510146
1.512948
1.512948
1.513428
1.513428
1.513764
1.513764
1.511762
1.511762
1.509628
1.509628
1.514322
1.514322
1.516205
1.516205
1.507167
1.507167
1.516213
1.516213
1.515595
1.515595
1.505204
1.505204
1.506058
1.506058
1.508387
1.508387
1.521864
1.521864
1.513526
1.513526
1.512119
1.512119
1.509005
1.509005
1.512120
1.512120
1.510252
1.510252
1.511787
1.511787
1.520916
1.520916
1.513119
1.513119
1.510701
1.510701
1.509650
1.509650
1.513408
1.513408
1.515988
1.515988
1.515462
1.515462
1.514246
1.514246
1.507125
1.507125
1.508091
1.508091
1.519045
1.519045
1.506972
1.506972
1.517844
1.517844
1.515574
1.515574
1.511850
1.511850
1.509695
1.509695
1.512215
1.512215
1.513680
1.513680
1.507014
1.507014
1.515584
1.515584
1.515379
1.515379
1.511673
1.511673
1.512056
1.512056
1.513680
1.513680
1.510972
1.510972
1.516433
1.516433
1.520368
1.520368
1.510789
1.510789
1.506718
1.506718
1.512289
1.512289
1.514651
1.514651
1.510470
1.510470
1.520970
1.520970
1.514772
1.514772
1.506722
1.506722
1.511294
1.511294
1.510186
1.510186
1.510112
1.510112
1.512573
1.512573
1.519135
1.519135
1.512944
1.512944
1.509919
1.509919
1.517411
1.517411
1.512556
1.512556
1.515972
1.515972
1.508315
1.508315
1.503432
1.503432
1.519502
1.519502
1.516797
1.516797
1.510875
1.510875
1.515624
1.515624
1.513691
1.513691
1.505956
1.505956
1.511131
1.511131
1.517063
1.517063
1.519296
1.519296
1.520731
1.520731
1.510646
1.510646
1.515122
1.515122
1.512251
1.512251
1.504510
1.504510
1.513378
1.513378
1.516037
1.516037
1.515071
1.515071
1.511123
1.511123
1.508151
1.508151
1.508248
1.508248
1.515879
1.515879
1.520255
1.520255
1.507967
1.507967
1.511904
1.511904
1.511647
1.511647
1.510865
1.510865
1.512206
1.512206
1.520869
1.520869
1.507014
1.507014
1.515474
1.515474
1.516072
1.516072
1.510508
1.510508
1.508116
1.508116
1.513759
1.513759
1.518876
1.518876
1.507620
1.507620
1.512870
1.512870
1.510992
1.510992
1.513109
1.513109
1.510323
1.510323
1.512410
1.512410
1.513512
1.513512
1.513295
1.513295
1.513711
1.513711
1.509788
1.509788
1.518283
1.518283
1.513741
1.513741
1.514819
1.514819
1.503897
1.503897
1.510301
1.510301
1.513699
1.513699
1.509765
1.509765
1.514899
1.514899
1.514156
1.514156
1.513776
1.513776
1.509670
1.509670
1.511999
1.511999
1.514481
1.514481
1.511987
1.511987
1.512887
1.512887
1.509995
1.509995
1.512826
1.512826
1.514662
1.514662
1.510787
1.510787
1.509527
1.509527
1.517319
1.517319
1.513192
1.513192
1.510561
1.510561
1.509914
1.509914
1.515138
1.515138
1.509839
1.509839
1.505148
1.505148
1.513324
1.513324
1.518935
1.518935
1.511322
1.511322
1.516466
1.516466
1.508751
1.508751
1.509647
1.509647
1.514805
1.514805
1.516944
1.516944
1.506018
1.506018
1.514246
1.514246
1.507303
1.507303
1.516616
1.516616
1.510690
1.510690
1.513312
1.513312
1.511871
1.511871
1.509344
1.509344
1.515296
1.515296
1.509005
1.509005
1.519043
1.519043
1.514506
1.514506
1.502417
1.502417
1.515389
1.515389
1.512903
1.512903
1.517606
1.517606
1.506219
1.506219
1.511959
1.511959
1.510306
1.510306
1.512970
1.512970
1.505975
1.505975
1.513062
1.513062
1.511569
1.511569
1.516892
1.516892
1.510305
1.510305
1.517386
1.517386
1.508068
1.508068
1.511003
1.511003
1.512365
1.512365
1.509903
1.509903
1.507917
1.507917
1.511358
1.511358
1.514616
1.514616
1.515999
1.515999
1.512345
1.512345
1.517176
1.517176
1.504995
1.504995
1.509090
1.509090
1.515922
1.515922
1.509008
1.509008
1.507217
1.507217
1.511003
1.511003
1.511132
1.511132
1.522163
1.522163
1.507330
1.507330
1.510372
1.510372
1.517070
1.517070
1.512694
1.512694
1.509557
1.509557
1.517697
1.517697
1.510132
1.510132
1.509686
1.509686
1.511661
1.511661
1.507569
1.507569
1.509439
1.509439
1.515936
1.515936
1.513112
1.513112
1.511606
1.511606
1.506396
1.506396
1.507894
1.507894
1.515688
1.515688
1.517724
1.517724
1.503411
1.503411
1.513751
1.513751
1.512530
1.512530
1.512556
1.512556
1.513458
1.513458
1.509755
1.509755
1.509112
1.509112
1.513995
1.513995
1.512161
1.512161
1.509306
1.509306
1.511957
1.511957
1.510137
1.510137
1.510150
1.510150
1.508522
1.508522
1.517393
1.517393
1.509126
1.509126
1.512751
1.512751
1.511428
1.511428
1.512825
1.512825
1.511266
1.511266
1.511355
1.511355
1.510201
1.510201
1.508390
1.508390
1.508708
1.508708
1.519278
1.519278
1.512126
1.512126
1.507825
1.507825
1.510338
1.510338
1.511422
1.511422
1.510733
1.510733
1.513849
1.513849
1.510502
1.510502
1.509922
1.509922
1.504790
1.504790
1.510052
1.510052
1.516176
1.516176
1.517637
1.517637
1.510201
1.510201
1.514948
1.514948
1.506920
1.506920
1.503847
1.503847
1.524651
1.524651
1.510647
1.510647
1.510254
1.510254
1.511626
1.511626
1.512726
1.512726
1.512749
1.512749
1.510643
1.510643
1.511054
1.511054
1.514948
1.514948
1.512736
1.512736
1.507658
1.507658
1.511343
1.511343
1.514169
1.514169
1.508244
1.508244
1.509751
1.509751
1.515807
1.515807
1.521171
1.521171
1.505420
1.505420
1.512384
1.512384
1.506438
1.506438
1.513356
1.513356
1.512039
1.512039
1.518942
1.518942
1.509219
1.509219
1.510713
1.510713
1.506026
1.506026
1.507919
1.507919
1.519358
1.519358
1.510767
1.510767
1.509951
1.509951
1.509854
1.509854
1.507127
1.507127
1.508920
1.508920
1.516363
1.516363
1.516380
1.516380
1.508930
1.508930
1.508503
1.508503
1.511253
1.511253
1.512093
1.512093
1.512497
1.512497
1.515196
1.515196
1.516322
1.516322
1.515466
1.515466
1.513871
1.513871
1.504706
1.504706
1.507015
1.507015
1.511299
1.511299
1.508046
1.508046
1.515480
1.515480
1.508445
1.508445
1.515846
1.515846
1.509284
1.509284
1.517348
1.517348
1.510920
1.510920
1.509723
1.509723
1.509831
1.509831
1.511556
1.511556
1.511609
1.511609
1.517447
1.517447
1.505607
1.505607
1.510572
1.510572
1.509930
1.509930
1.515516
1.515516
1.508837
1.508837
1.510708
1.510708
1.511575
1.511575
1.511572
1.511572
1.511999
1.511999
1.508388
1.508388
1.506588
1.506588
1.519570
1.519570
1.509234
1.509234
1.509256
1.509256
1.505415
1.505415
1.511187
1.511187
1.523520
1.523520
1.512099
1.512099
1.514003
1.514003
1.507167
1.507167
1.512046
1.512046
1.509284
1.509284
1.515624
1.515624
1.509282
1.509282
1.510786
1.510786
1.510345
1.510345
1.507741
1.507741
1.506785
1.506785
1.507046
1.507046
1.513469
1.513469
1.510494
1.510494
1.517869
1.517869
1.511468
1.511468
1.506379
1.506379
1.510796
1.510796
1.509575
1.509575
1.516401
1.516401
1.507253
1.507253
1.508738
1.508738
1.516054
1.516054
1.509298
1.509298
1.511458
1.511458
1.509322
1.509322
1.511784
1.511784
1.510295
1.510295
1.513478
1.513478
1.506152
1.506152
1.515441
1.515441
1.508151
1.508151
1.501267
1.501267
1.515514
1.515514
1.511723
1.511723
1.511042
1.511042
1.513558
1.513558
1.513694
1.513694
1.503591
1.503591
1.509353
1.509353
1.511059
1.511059
1.514237
1.514237
1.507059
1.507059
1.509636
1.509636
1.508820
1.508820
1.508874
1.508874
1.513456
1.513456
1.511224
1.511224
1.504844
1.504844
1.513239
1.513239
1.512263
1.512263
1.510271
1.510271
1.511818
1.511818
1.513159
1.513159
1.500784
1.500784
1.511160
1.511160
1.516118
1.516118
1.510865
1.510865
1.506650
1.506650
1.504090
1.504090
1.507314
1.507314
1.513228
1.513228
1.510813
1.510813
1.509007
1.509007
1.509682
1.509682
1.508136
1.508136
1.509863
1.509863
1.511679
1.511679
1.511375
1.511375
1.508295
1.508295
1.509727
1.509727
1.502554
1.502554
1.509968
1.509968
1.516116
1.516116
1.511190
1.511190
1.514689
1.514689
1.514216
1.514216
1.501818
1.501818
1.506610
1.506610
1.511639
1.511639
1.506069
1.506069
1.511032
1.511032
1.505945
1.505945
1.512939
1.512939
1.512331
1.512331
1.513867
1.513867
1.513545
1.513545
1.509792
1.509792
1.504642
1.504642
1.503606
1.503606
1.508854
1.508854
1.508924
1.508924
1.511175
1.511175
1.510142
1.510142
1.506554
1.506554
1.507240
1.507240
1.509819
1.509819
1.509046
1.509046
1.509102
1.509102
1.511376
1.511376
1.506881
1.506881
1.508533
1.508533
1.513606
1.513606
1.508219
1.508219
1.508553
1.508553
1.504876
1.504876
1.504538
1.504538
1.512723
1.512723
1.511297
1.511297
1.513319
1.513319
1.508156
1.508156
1.509675
1.509675
1.508455
1.508455
1.503782
1.503782
1.517125
1.517125
1.511358
1.511358
1.510590
1.510590
1.510865
1.510865
1.510044
1.510044
1.499364
1.499364
1.506133
1.506133
1.515276
1.515276
1.509509
1.509509
1.508310
1.508310
1.503618
1.503618
1.505192
1.505192
1.513777
1.513777
1.509959
1.509959
1.504477
1.504477
1.511524
1.511524
1.506882
1.506882
1.507860
1.507860
1.506699
1.506699
1.509440
1.509440
1.515147
1.515147
1.515801
1.515801
1.513758
1.513758
1.505833
1.505833
1.500383
1.500383
1.508545
1.508545
1.503449
1.503449
1.514541
1.514541
1.509026
1.509026
1.509082
1.509082
1.507639
1.507639
1.506272
1.506272
1.509818
1.509818
1.508493
1.508493
1.507140
1.507140
1.512829
1.512829
1.508203
1.508203
1.507274
1.507274
1.511937
1.511937
1.506729
1.506729
1.509132
1.509132
1.509441
1.509441
1.506399
1.506399
1.507126
1.507126
1.511434
1.511434
1.508277
1.508277
1.511399
1.511399
1.510168
1.510168
1.506567
1.506567
1.507288
1.507288
1.506261
1.506261
1.509155
1.509155
1.505517
1.505517
1.511434
1.511434
1.504926
1.504926
1.511531
1.511531
1.505803
1.505803
1.508957
1.508957
1.506448
1.506448
1.507853
1.507853
1.513830
1.513830
1.513333
1.513333
1.504215
1.504215
1.508610
1.508610
1.505965
1.505965
1.509512
1.509512
1.504734
1.504734
1.514477
1.514477
1.510673
1.510673
1.507491
1.507491
1.502253
1.502253
1.509418
1.509418
1.502894
1.502894
1.509784
1.509784
1.511424
1.511424
1.507197
1.507197
1.509559
1.509559
1.507169
1.507169
1.502725
1.502725
1.512159
1.512159
1.509661
1.509661
1.511010
1.511010
1.503498
1.503498
1.506455
1.506455
1.513381
1.513381
1.506222
1.506222
1.514486
1.514486
1.503699
1.503699
1.509724
1.509724
1.502138
1.502138
1.512441
1.512441
1.517537
1.517537
1.504903
1.504903
1.504145
1.504145
1.507309
1.507309
1.507829
1.507829
1.505920
1.505920
1.501282
1.501282
1.514172
1.514172
1.508531
1.508531
1.513512
1.513512
1.505562
1.505562
1.508055
1.508055
1.514300
1.514300
1.508718
1.508718
1.504738
1.504738
1.517568
1.517568
1.507826
1.507826
1.500304
1.500304
1.511329
1.511329
1.504127
1.504127
1.509331
1.509331
1.512849
1.512849
1.503621
1.503621
1.506909
1.506909
1.509692
1.509692
1.503743
1.503743
1.509688
1.509688
1.512922
1.512922
1.509764
1.509764
1.504990
1.504990
1.513416
1.513416
1.509229
1.509229
1.504006
1.504006
1.511016
1.511016
1.502764
1.502764
1.509858
1.509858
1.503832
1.503832
1.507442
1.507442
1.508962
1.508962
1.512712
1.512712
1.503828
1.503828
1.510936
1.510936
1.507527
1.507527
1.508838
1.508838
1.511175
1.511175
1.508544
1.508544
1.508444
1.508444
1.506592
1.506592
1.511049
1.511049
1.506316
1.506316
1.507761
1.507761
1.504044
1.504044
1.505662
1.505662
1.509929
1.509929
1.515862
1.515862
1.508860
1.508860
1.509747
1.509747
1.511981
1.511981
1.508600
1.508600
1.500211
1.500211
1.506508
1.506508
1.510291
1.510291
1.507061
1.507061
1.507444
1.507444
1.510755
1.510755
1.508893
1.508893
1.515227
1.515227
1.509737
1.509737
1.504305
1.504305
1.501699
1.501699
1.502534
1.502534
1.507678
1.507678
1.505813
1.505813
1.510463
1.510463
1.517339
1.517339
1.504715
1.504715
1.507497
1.507497
1.510511
1.510511
1.504393
1.504393
1.516544
1.516544
1.514970
1.514970
1.516671
1.516671
1.503176
1.503176
1.501443
1.501443
1.504411
1.504411
1.506324
1.506324
1.513216
1.513216
1.504578
1.504578
1.507672
1.507672
1.510446
1.510446
1.510520
1.510520
1.503839
1.503839
1.510595
1.510595
1.504664
1.504664
1.513565
1.513565
1.508731
1.508731
1.506139
1.506139
1.508665
1.508665
1.511535
1.511535
1.506419
1.506419
1.506051
1.506051
1.510091
1.510091
1.507786
1.507786
1.511510
1.511510
1.505776
1.505776
1.506719
1.506719
1.514012
1.514012
1.503930
1.503930
1.511285
1.511285
1.504696
1.504696
1.504531
1.504531
1.506318
1.506318
1.508924
1.508924
1.508819
1.508819
1.513975
1.513975
1.510725
1.510725
1.505598
1.505598
1.503355
1.503355
1.509861
1.509861
1.512155
1.512155
1.508233
1.508233
1.510508
1.510508
1.503765
1.503765
1.510296
1.510296
1.507163
1.507163
1.505026
1.505026
1.507070
1.507070
1.517301
1.517301
1.501352
1.501352
1.509363
1.509363
1.505266
1.505266
1.505090
1.505090
1.512003
1.512003
1.509930
1.509930
1.506629
1.506629
1.509971
1.509971
1.509350
1.509350
1.506495
1.506495
1.508703
1.508703
1.503021
1.503021
1.506213
1.506213
1.511387
1.511387
1.511277
1.511277
1.507555
1.507555
1.500037
1.500037
1.504372
1.504372
1.507598
1.507598
1.509853
1.509853
1.507334
1.507334
1.509425
1.509425
1.509587
1.509587
1.507166
1.507166
1.502858
1.502858
1.509607
1.509607
1.509048
1.509048
1.505122
1.505122
1.513120
1.513120
1.502650
1.502650
1.513031
1.513031
1.502688
1.502688
1.498658
1.498658
1.513537
1.513537
1.505581
1.505581
1.512144
1.512144
1.508105
1.508105
1.499390
1.499390
1.510082
1.510082
1.509792
1.509792
1.505502
1.505502
1.515170
1.515170
1.509364
1.509364
1.511025
1.511025
1.502506
1.502506
1.507166
1.507166
1.508301
1.508301
1.507499
1.507499
1.510833
1.510833
1.504314
1.504314
1.508842
1.508842
1.506509
1.506509
1.507131
1.507131
1.503785
1.503785
1.506183
1.506183
1.509683
1.509683
1.512790
1.512790
1.505253
1.505253
1.508251
1.508251
1.512818
1.512818
1.500027
1.500027
1.512961
1.512961
1.508718
1.508718
1.502661
1.502661
1.508456
1.508456
1.507452
1.507452
1.511387
1.511387
1.507010
1.507010
1.505147
1.505147
1.507837
1.507837
1.509529
1.509529
1.508251
1.508251
1.508855
1.508855
1.504246
1.504246
1.507781
1.507781
1.509786
1.509786
1.506585
1.506585
1.504498
1.504498
1.507866
1.507866
1.514607
1.514607
1.506770
1.506770
1.502344
1.502344
1.506775
1.506775
1.504186
1.504186
1.501355
1.501355
1.511901
1.511901
1.514693
1.514693
1.508894
1.508894
1.508615
1.508615
1.507617
1.507617
1.502068
1.502068
1.510148
1.510148
1.507278
1.507278
1.508141
1.508141
1.510269
1.510269
1.505930
1.505930
1.503760
1.503760
1.509467
1.509467
1.507571
1.507571
1.502987
1.502987
1.511031
1.511031
1.504240
1.504240
1.510684
1.510684
1.508386
1.508386
1.513681
1.513681
1.504630
1.504630
1.495669
1.495669
1.506271
1.506271
1.506690
1.506690
1.508035
1.508035
1.504869
1.504869
1.511011
1.511011
1.509850
1.509850
1.506515
1.506515
1.505616
1.505616
1.506711
1.506711
1.507666
1.507666
1.503390
1.503390
1.507320
1.507320
1.511424
1.511424
1.508057
1.508057
1.506067
1.506067
1.504750
1.504750
1.509154
1.509154
1.507885
1.507885
1.510202
1.510202
1.503952
1.503952
1.511557
1.511557
1.508169
1.508169
1.507371
1.507371
1.503831
1.503831
1.505271
1.505271
1.507120
1.507120
1.513383
1.513383
1.503213
1.503213
1.505803
1.505803
1.506804
1.506804
1.503256
1.503256
1.514571
1.514571
1.505711
1.505711
1.502947
1.502947
1.510566
1.510566
1.507576
1.507576
1.508144
1.508144
1.511657
1.511657
1.505324
1.505324
1.501991
1.501991
1.510335
1.510335
1.500151
1.500151
1.512851
1.512851
1.504308
1.504308
1.507956
1.507956
1.509247
1.509247
1.504553
1.504553
1.513955
1.513955
1.501897
1.501897
1.504616
1.504616
1.507875
1.507875
1.509922
1.509922
1.504569
1.504569
1.507473
1.507473
1.504195
1.504195
1.502923
1.502923
1.500979
1.500979
1.512620
1.512620
1.506858
1.506858
1.512818
1.512818
1.501005
1.501005
1.509246
1.509246
1.501144
1.501144
1.514084
1.514084
1.509778
1.509778
1.506885
1.506885
1.505827
1.505827
1.508391
1.508391
1.501136
1.501136
1.513708
1.513708
1.503776
1.503776
1.506579
1.506579
1.505135
1.505135
1.504537
1.504537
1.516236
1.516236
1.506328
1.506328
1.503158
1.503158
1.511924
1.511924
1.505521
1.505521
1.506716
1.506716
1.503416
1.503416
1.509240
1.509240
1.506617
1.506617
1.504834
1.504834
1.510213
1.510213
1.507222
1.507222
1.501909
1.501909
1.505017
1.505017
1.506011
1.506011
1.515195
1.515195
1.503951
1.503951
1.507695
1.507695
1.512123
1.512123
1.500399
1.500399
1.509561
1.509561
1.509959
1.509959
1.506868
1.506868
1.501581
1.501581
1.507820
1.507820
1.506680
1.506680
1.507641
1.507641
1.509052
1.509052
1.503017
1.503017
1.501026
1.501026
1.514107
1.514107
1.510071
1.510071
1.502052
1.502052
1.509882
1.509882
1.502583
1.502583
1.508910
1.508910
1.503463
1.503463
1.503766
1.503766
1.504976
1.504976
1.511157
1.511157
1.510194
1.510194
1.505095
1.505095
1.504057
1.504057
1.514640
1.514640
1.500934
1.500934
1.508108
1.508108
1.501519
1.501519
1.508396
1.508396
1.509852
1.509852
1.503555
1.503555
1.510018
1.510018
1.504114
1.504114
1.506908
1.506908
1.508052
1.508052
1.503654
1.503654
1.511038
1.511038
1.505188
1.505188
1.502704
1.502704
1.505762
1.505762
1.509163
1.509163
1.511136
1.511136
1.505691
1.505691
1.506210
1.506210
1.508221
1.508221
1.508014
1.508014
1.504184
1.504184
1.513395
1.513395
1.511502
1.511502
1.504368
1.504368
1.497209
1.497209
1.506305
1.506305
1.509922
1.509922
1.503906
1.503906
1.504952
1.504952
1.507363
1.507363
1.506473
1.506473
1.507380
1.507380
1.506411
1.506411
1.506304
1.506304
1.506370
1.506370
1.505787
1.505787
1.505637
1.505637
1.507813
1.507813
1.506071
1.506071
1.505183
1.505183
1.507976
1.507976
1.506673
1.506673
1.500114
1.500114
1.510361
1.510361
1.514512
1.514512
1.498648
1.498648
1.509062
1.509062
1.505355
1.505355
1.504471
1.504471
1.508475
1.508475
1.504438
1.504438
1.510768
1.510768
1.507926
1.507926
1.499304
1.499304
1.509539
1.509539
1.504158
1.504158
1.508832
1.508832
1.503817
1.503817
1.499861
1.499861
1.512137
1.512137
1.507745
1.507745
1.513324
1.513324
1.501887
1.501887
1.506697
1.506697
1.501814
1.501814
1.508680
1.508680
1.509771
1.509771
1.502159
1.502159
1.505641
1.505641
1.508770
1.508770
1.505036
1.505036
1.506441
1.506441
1.505635
1.505635
1.503055
1.503055
1.507680
1.507680
1.510146
1.510146
1.505283
1.505283
1.498478
1.498478
1.512244
1.512244
1.505466
1.505466
1.512432
1.512432
1.506658
1.506658
1.499861
1.499861
1.507841
1.507841
1.510273
1.510273
1.508584
1.508584
1.510752
1.510752
1.503130
1.503130
1.505722
1.505722
1.505361
1.505361
1.508350
1.508350
1.512514
1.512514
1.509154
1.509154
1.502824
1.502824
1.505127
1.505127
1.502228
1.502228
1.509056
1.509056
1.507299
1.507299
1.509038
1.509038
1.506888
1.506888
1.498626
1.498626
1.512775
1.512775
1.506014
1.506014
1.501954
1.501954
1.502711
1.502711
1.509989
1.509989
1.503010
1.503010
1.506613
1.506613
1.511179
1.511179
1.500021
1.500021
1.512788
1.512788
1.503988
1.503988
1.503636
1.503636
1.508784
1.508784
1.506410
1.506410
1.509349
1.509349
1.506667
1.506667
1.505908
1.505908
1.505853
1.505853
1.505262
1.505262
1.507372
1.507372
1.502803
1.502803
1.507806
1.507806
1.506158
1.506158
1.509989
1.509989
1.502485
1.502485
1.505412
1.505412
1.506485
1.506485
1.501235
1.501235
1.505660
1.505660
1.512518
1.512518
1.508028
1.508028
1.503554
1.503554
1.511773
1.511773
1.501471
1.501471
1.504140
1.504140
1.507694
1.507694
1.506178
1.506178
1.504720
1.504720
1.505189
1.505189
1.505464
1.505464
1.505183
1.505183
1.512293
1.512293
1.501102
1.501102
1.505032
1.505032
1.506113
1.506113
1.505391
1.505391
1.507676
1.507676
1.507152
1.507152
1.506421
1.506421
1.502868
1.502868
1.503860
1.503860
1.509911
1.509911
1.508465
1.508465
1.499164
1.499164
1.510398
1.510398
1.504419
1.504419
1.504439
1.504439
1.505006
1.505006
1.507717
1.507717
1.510161
1.510161
1.503590
1.503590
1.504564
1.504564
1.510507
1.510507
1.506395
1.506395
1.505418
1.505418
1.513541
1.513541
1.503936
1.503936
1.501596
1.501596
1.505574
1.505574
1.505566
1.505566
1.503870
1.503870
1.501136
1.501136
1.513458
1.513458
1.504548
1.504548
1.507288
1.507288
1.510250
1.510250
1.508444
1.508444
1.494856
1.494856
1.506120
1.506120
1.511643
1.511643
1.498840
1.498840
1.505810
1.505810
1.514434
1.514434
1.511296
1.511296
1.497613
1.497613
1.506930
1.506930
1.505816
1.505816
1.504580
1.504580
1.505882
1.505882
1.507367
1.507367
1.510955
1.510955
1.510100
1.510100
1.505731
1.505731
1.503182
1.503182
1.498413
1.498413
1.509192
1.509192
1.511365
1.511365
1.503572
1.503572
1.502976
1.502976
1.502250
1.502250
1.507669
1.507669
1.501698
1.501698
1.507080
1.507080
1.505496
1.505496
1.508933
1.508933
1.503152
1.503152
1.508494
1.508494
1.505798
1.505798
1.502227
1.502227
1.511599
1.511599
1.503246
1.503246
1.506825
1.506825
1.502162
1.502162
1.513252
1.513252
1.503481
1.503481
1.508817
1.508817
1.508711
1.508711
1.502180
1.502180
1.500604
1.500604
1.510055
1.510055
1.508901
1.508901
1.505766
1.505766
1.505985
1.505985
1.505973
1.505973
1.501473
1.501473
1.506983
1.506983
1.509196
1.509196
1.508519
1.508519
1.502907
1.502907
1.500220
1.500220
1.500124
1.500124
1.510052
1.510052
1.503485
1.503485
1.510432
1.510432
1.505240
1.505240
1.505919
1.505919
1.509652
1.509652
1.502183
1.502183
1.506561
1.506561
1.505210
1.505210
1.502814
1.502814
1.509070
1.509070
1.510044
1.510044
1.505511
1.505511
1.501048
1.501048
1.502460
1.502460
1.513491
1.513491
1.508065
1.508065
1.500017
1.500017
1.505363
1.505363
1.507938
1.507938
1.505834
1.505834
1.504774
1.504774
1.503406
1.503406
1.507934
1.507934
1.510406
1.510406
1.499085
1.499085
1.507156
1.507156
1.505746
1.505746
1.507372
1.507372
1.505625
1.505625
1.503945
1.503945
1.507375
1.507375
1.506115
1.506115
1.506477
1.506477
1.504395
1.504395
1.509529
1.509529
1.506989
1.506989
1.506131
1.506131
1.500946
1.500946
1.510020
1.510020
1.503719
1.503719
1.507743
1.507743
1.499558
1.499558
1.508576
1.508576
1.502085
1.502085
1.503615
1.503615
1.509445
1.509445
1.506029
1.506029
1.508295
1.508295
1.502600
1.502600
1.509628
1.509628
1.503125
1.503125
1.506080
1.506080
1.507932
1.507932
1.506937
1.506937
1.502135
1.502135
1.509744
1.509744
1.503796
1.503796
1.506904
1.506904
1.503079
1.503079
1.507000
1.507000
1.512804
1.512804
1.504673
1.504673
1.500982
1.500982
1.507664
1.507664
1.502528
1.502528
1.508293
1.508293
1.508937
1.508937
1.501332
1.501332
1.505763
1.505763
1.505268
1.505268
1.503356
1.503356
1.506958
1.506958
1.509189
1.509189
1.504156
1.504156
1.508716
1.508716
1.501328
1.501328
1.508721
1.508721
1.506843
1.506843
1.513873
1.513873
1.507916
1.507916
1.508998
1.508998
1.498265
1.498265
1.498736
1.498736
1.502931
1.502931
1.507877
1.507877
1.504116
1.504116
1.513554
1.513554
1.499595
1.499595
1.504850
1.504850
1.499404
1.499404
1.504718
1.504718
1.504782
1.504782
1.518908
1.518908
1.508688
1.508688
1.509013
1.509013
1.500493
1.500493
1.500068
1.500068
1.512430
1.512430
1.502905
1.502905
1.502384
1.502384
1.510423
1.510423
1.506301
1.506301
1.507038
1.507038
1.503947
1.503947
1.509263
1.509263
1.506875
1.506875
1.500358
1.500358
1.508729
1.508729
1.507878
1.507878
1.503294
1.503294
1.505793
1.505793
1.502988
1.502988
1.509061
1.509061
1.508444
1.508444
1.510626
1.510626
1.503316
1.503316
1.507578
1.507578
1.495530
1.495530
1.506322
1.506322
1.507876
1.507876
1.505224
1.505224
1.505651
1.505651
1.501551
1.501551
1.504427
1.504427
1.503337
1.503337
1.510577
1.510577
1.506917
1.506917
1.500472
1.500472
1.502871
1.502871
1.511424
1.511424
1.508033
1.508033
1.503508
1.503508
1.498791
1.498791
1.506060
1.506060
1.512231
1.512231
1.498890
1.498890
1.503739
1.503739
1.504530
1.504530
1.501374
1.501374
1.504734
1.504734
1.505086
1.505086
1.503574
1.503574
1.512695
1.512695
1.502435
1.502435
1.508049
1.508049
1.502427
1.502427
1.506432
1.506432
1.506616
1.506616
1.508263
1.508263
1.500310
1.500310
1.501042
1.501042
1.505928
1.505928
1.511467
1.511467
1.504177
1.504177
1.507827
1.507827
1.503999
1.503999
1.501827
1.501827
1.508260
1.508260
1.506341
1.506341
1.508268
1.508268
1.501026
1.501026
1.505503
1.505503
1.504143
1.504143
1.513244
1.513244
1.509354
1.509354
1.497224
1.497224
1.500822
1.500822
1.505730
1.505730
1.507308
1.507308
1.502252
1.502252
1.511639
1.511639
1.504205
1.504205
1.500288
1.500288
1.502640
1.502640
1.509853
1.509853
1.506216
1.506216
1.501962
1.501962
1.507221
1.507221
1.497160
1.497160
1.495155
1.495155
1.514760
1.514760
1.512099
1.512099
1.509592
1.509592
1.502042
1.502042
1.506948
1.506948
1.504807
1.504807
1.503870
1.503870
1.511597
1.511597
1.508792
1.508792
1.503974
1.503974
1.506040
1.506040
1.500758
1.500758
1.508781
1.508781
1.508840
1.508840
1.502703
1.502703
1.503902
1.503902
1.507082
1.507082
1.504568
1.504568
1.505361
1.505361
1.502058
1.502058
1.511849
1.511849
1.503684
1.503684
1.503745
1.503745
1.508914
1.508914
1.504325
1.504325
1.503574
1.503574
1.506298
1.506298
1.503435
1.503435
1.505645
1.505645
1.504547
1.504547
1.503436
1.503436
1.505881
1.505881
1.508405
1.508405
1.506148
1.506148
1.505419
1.505419
1.505614
1.505614
1.503461
1.503461
1.507129
1.507129
1.500815
1.500815
1.500880
1.500880
1.509245
1.509245
1.511105
1.511105
1.505374
1.505374
1.501479
1.501479
1.507831
1.507831
1.505210
1.505210
1.509110
1.509110
1.503317
1.503317
1.508530
1.508530
1.504851
1.504851
1.501004
1.501004
1.502707
1.502707
1.511984
1.511984
1.500086
1.500086
1.510714
1.510714
1.502683
1.502683
1.505592
1.505592
1.509155
1.509155
1.509132
1.509132
1.503277
1.503277
1.506418
1.506418
1.505699
1.505699
1.501685
1.501685
1.506916
1.506916
1.506559
1.506559
1.504228
1.504228
1.502509
1.502509
1.507262
1.507262
1.508641
1.508641
1.506900
1.506900
1.507690
1.507690
1.498011
1.498011
1.505761
1.505761
1.499329
1.499329
1.504446
1.504446
1.507158
1.507158
1.508998
1.508998
1.507361
1.507361
1.505962
1.505962
1.502438
1.502438
1.505618
1.505618
1.507858
1.507858
1.504583
1.504583
1.501610
1.501610
1.509459
1.509459
1.507600
1.507600
1.499134
1.499134
1.509593
1.509593
1.505795
1.505795
1.508411
1.508411
1.502323
1.502323
1.501467
1.501467
1.508869
1.508869
1.505990
1.505990
1.504642
1.504642
1.504112
1.504112
1.506104
1.506104
1.504634
1.504634
1.501659
1.501659
1.504155
1.504155
1.506070
1.506070
1.507185
1.507185
1.506654
1.506654
1.503673
1.503673
1.501737
1.501737
1.505259
1.505259
1.510472
1.510472
1.503650
1.503650
1.504853
1.504853
1.504316
1.504316
1.504913
1.504913
1.508203
1.508203
1.501904
1.501904
1.508006
1.508006
1.506362
1.506362
1.508008
1.508008
1.497183
1.497183
1.505345
1.505345
1.505858
1.505858
1.507231
1.507231
1.504334
1.504334
1.501037
1.501037
1.506642
1.506642
1.506956
1.506956
1.504021
1.504021
1.507511
1.507511
1.506221
1.506221
1.498114
1.498114
1.501482
1.501482
1.509531
1.509531
1.509304
1.509304
1.507162
1.507162
1.494152
1.494152
1.514124
1.514124
1.499643
1.499643
1.500226
1.500226
1.497520
1.497520
1.515370
1.515370
1.501729
1.501729
1.504855
1.504855
1.506387
1.506387
1.507260
1.507260
1.503753
1.503753
1.504256
1.504256
1.514574
1.514574
1.498069
1.498069
1.503450
1.503450
1.503478
1.503478
1.507301
1.507301
1.504324
1.504324
1.505836
1.505836
1.497887
1.497887
1.509969
1.509969
1.500042
1.500042
1.504389
1.504389
1.507768
1.507768
1.508208
1.508208
1.502903
1.502903
1.505697
1.505697
1.509098
1.509098
1.502001
1.502001
1.506283
1.506283
1.498795
1.498795
1.502020
1.502020
1.505944
1.505944
1.506511
1.506511
1.502961
1.502961
1.505575
1.505575
1.507825
1.507825
1.506631
1.506631
1.501458
1.501458
1.502685
1.502685
1.503639
1.503639
1.508410
1.508410
1.504029
1.504029
1.504067
1.504067
1.498816
1.498816
1.507833
1.507833
1.505823
1.505823
1.503798
1.503798
1.510624
1.510624
1.501245
1.501245
1.499595
1.499595
1.498849
1.498849
1.505980
1.505980
1.502123
1.502123
1.507382
1.507382
1.509034
1.509034
1.503424
1.503424
1.506314
1.506314
1.501830
1.501830
1.505705
1.505705
1.504902
1.504902
1.497758
1.497758
1.504138
1.504138
1.506046
1.506046
1.505190
1.505190
1.510189
1.510189
1.505579
1.505579
1.507159
1.507159
1.504219
1.504219
1.500388
1.500388
1.504179
1.504179
1.507265
1.507265
1.501889
1.501889
1.507063
1.507063
1.502170
1.502170
1.502402
1.502402
1.510170
1.510170
1.507722
1.507722
1.499215
1.499215
1.505016
1.505016
1.497439
1.497439
1.508774
1.508774
1.507450
1.507450
1.501704
1.501704
1.500114
1.500114
1.503180
1.503180
1.507060
1.507060
1.500061
1.500061
1.505833
1.505833
1.506577
1.506577
1.501486
1.501486
1.503460
1.503460
1.507907
1.507907
1.507416
1.507416
1.505813
1.505813
1.494910
1.494910
1.503670
1.503670
1.503110
1.503110
1.509351
1.509351
1.505146
1.505146
1.499421
1.499421
1.502793
1.502793
1.506603
1.506603
1.502791
1.502791
1.503119
1.503119
1.507356
1.507356
1.508172
1.508172
1.502371
1.502371
1.505579
1.505579
1.504542
1.504542
1.499964
1.499964
1.504210
1.504210
1.500699
1.500699
1.502049
1.502049
1.508230
1.508230
1.506899
1.506899
1.511475
1.511475
1.500879
1.500879
1.507980
1.507980
1.504040
1.504040
1.494283
1.494283
1.504279
1.504279
1.504358
1.504358
1.500355
1.500355
1.507427
1.507427
1.504369
1.504369
1.509770
1.509770
1.501707
1.501707
1.502459
1.502459
1.505479
1.505479
1.500032
1.500032
1.505932
1.505932
1.504881
1.504881
1.504636
1.504636
1.501746
1.501746
1.502320
1.502320
1.508446
1.508446
1.502861
1.502861
1.503697
1.503697
1.505126
1.505126
1.497741
1.497741
1.501127
1.501127
1.509107
1.509107
1.508404
1.508404
1.501191
1.501191
1.497759
1.497759
1.499707
1.499707
1.507133
1.507133
1.502173
1.502173
1.501914
1.501914
1.509525
1.509525
1.503098
1.503098
1.510666
1.510666
1.500558
1.500558
1.504528
1.504528
1.499096
1.499096
1.503828
1.503828
1.503828
1.503828
1.499676
1.499676
1.506783
1.506783
1.505588
1.505588
1.504700
1.504700
1.507073
1.507073
1.504463
1.504463
1.502567
1.502567
1.499403
1.499403
1.501603
1.501603
1.506586
1.506586
1.508462
1.508462
1.500190
1.500190
1.501802
1.501802
1.504554
1.504554
1.499615
1.499615
1.505709
1.505709
1.506970
1.506970
1.501494
1.501494
1.504807
1.504807
1.500141
1.500141
1.504187
1.504187
1.503774
1.503774
1.506510
1.506510
1.503900
1.503900
1.504118
1.504118
1.498637
1.498637
1.510398
1.510398
1.500735
1.500735
1.497417
1.497417
1.504025
1.504025
1.510107
1.510107
1.508274
1.508274
1.497023
1.497023
1.510981
1.510981
1.503974
1.503974
1.501022
1.501022
1.498848
1.498848
1.504040
1.504040
1.505105
1.505105
1.503993
1.503993
1.505430
1.505430
1.499349
1.499349
1.505696
1.505696
1.498411
1.498411
1.503399
1.503399
1.502951
1.502951
1.509348
1.509348
1.505612
1.505612
1.505987
1.505987
1.507119
1.507119
1.503463
1.503463
1.507357
1.507357
1.492699
1.492699
1.498868
1.498868
1.503961
1.503961
1.508653
1.508653
1.507585
1.507585
1.499288
1.499288
1.500807
1.500807
1.504213
1.504213
1.506109
1.506109
1.503661
1.503661
1.505110
1.505110
1.507440
1.507440
1.503659
1.503659
1.503636
1.503636
1.502270
1.502270
1.502245
1.502245
1.506198
1.506198
1.498260
1.498260
1.506627
1.506627
1.505317
1.505317
1.503162
1.503162
1.509555
1.509555
1.505760
1.505760
1.499632
1.499632
1.498147
1.498147
1.507548
1.507548
1.505375
1.505375
1.507120
1.507120
1.506379
1.506379
1.500889
1.500889
1.498507
1.498507
1.507619
1.507619
1.504995
1.504995
1.501773
1.501773
1.503666
1.503666
1.500657
1.500657
1.501985
1.501985
1.504703
1.504703
1.499781
1.499781
1.507465
1.507465
1.505940
1.505940
1.508150
1.508150
1.500347
1.500347
1.505938
1.505938
1.502431
1.502431
1.501826
1.501826
1.501537
1.501537
1.503549
1.503549
1.502892
1.502892
1.509160
1.509160
1.501151
1.501151
1.502314
1.502314
1.501229
1.501229
1.508978
1.508978
1.504958
1.504958
1.500586
1.500586
1.501446
1.501446
1.507942
1.507942
1.507527
1.507527
1.497702
1.497702
1.504644
1.504644
1.501785
1.501785
1.504622
1.504622
1.504653
1.504653
1.500919
1.500919
1.508194
1.508194
1.497084
1.497084
1.503217
1.503217
1.507438
1.507438
1.503329
1.503329
1.509437
1.509437
1.501030
1.501030
1.504866
1.504866
1.507636
1.507636
1.499949
1.499949
1.506236
1.506236
1.503009
1.503009
1.507199
1.507199
1.503367
1.503367
1.503197
1.503197
1.501875
1.501875
1.501115
1.501115
1.506744
1.506744
1.503547
1.503547
1.507511
1.507511
1.499230
1.499230
1.498941
1.498941
1.505013
1.505013
1.514345
1.514345
1.499934
1.499934
1.500488
1.500488
1.506933
1.506933
1.504881
1.504881
1.504790
1.504790
1.501786
1.501786
1.500362
1.500362
1.499406
1.499406
1.503646
1.503646
1.501709
1.501709
1.506054
1.506054
1.510444
1.510444
1.495704
1.495704
1.503174
1.503174
1.507975
1.507975
1.507616
1.507616
1.505449
1.505449
1.508204
1.508204
1.499599
1.499599
1.505985
1.505985
1.504177
1.504177
1.500657
1.500657
1.505269
1.505269
1.505080
1.505080
1.505754
1.505754
1.496106
1.496106
1.508153
1.508153
1.498765
1.498765
1.509155
1.509155
1.504808
1.504808
1.503614
1.503614
1.502436
1.502436
1.505632
1.505632
1.505213
1.505213
1.502294
1.502294
1.502795
1.502795
1.502772
1.502772
1.506938
1.506938
1.500691
1.500691
1.506438
1.506438
1.502911
1.502911
1.501129
1.501129
1.503608
1.503608
1.503013
1.503013
1.501675
1.501675
1.507156
1.507156
1.503095
1.503095
1.507407
1.507407
1.493558
1.493558
1.511064
1.511064
1.499924
1.499924
1.507578
1.507578
1.500381
1.500381
1.499745
1.499745
1.508311
1.508311
1.505978
1.505978
1.504292
1.504292
1.505824
1.505824
1.500574
1.500574
1.503109
1.503109
1.504066
1.504066
1.505693
1.505693
1.498034
1.498034
1.501347
1.501347
1.505088
1.505088
1.511709
1.511709
1.502146
1.502146
1.504782
1.504782
1.504311
1.504311
1.500678
1.500678
1.503909
1.503909
1.505213
1.505213
1.500607
1.500607
1.506397
1.506397
1.506922
1.506922
1.501749
1.501749
1.502414
1.502414
1.493873
1.493873
1.508234
1.508234
1.505361
1.505361
1.504251
1.504251
1.507599
1.507599
1.499435
1.499435
1.499465
1.499465
1.511782
1.511782
1.506179
1.506179
1.500686
1.500686
1.497724
1.497724
1.502975
1.502975
1.504775
1.504775
1.507142
1.507142
1.506328
1.506328
1.510486
1.510486
1.500655
1.500655
1.506781
1.506781
1.499768
1.499768
1.499621
1.499621
1.506587
1.506587
1.513082
1.513082
1.496041
1.496041
1.498382
1.498382
1.504441
1.504441
1.504803
1.504803
1.504199
1.504199
1.502583
1.502583
1.502833
1.502833
1.503960
1.503960
1.508332
1.508332
1.505970
1.505970
1.501319
1.501319
1.500152
1.500152
1.501991
1.501991
1.503578
1.503578
1.505545
1.505545
1.505701
1.505701
1.500303
1.500303
1.502656
1.502656
1.496548
1.496548
1.505971
1.505971
1.503116
1.503116
1.507955
1.507955
1.504579
1.504579
1.502075
1.502075
1.503347
1.503347
1.505883
1.505883
1.503349
1.503349
1.503106
1.503106
1.507371
1.507371
1.502329
1.502329
1.502092
1.502092
1.504335
1.504335
1.501074
1.501074
1.507789
1.507789
1.504166
1.504166
1.502906
1.502906
1.500488
1.500488
1.502009
1.502009
1.503214
1.503214
1.501472
1.501472
1.498107
1.498107
1.509304
1.509304
1.506159
1.506159
1.496149
1.496149
1.504813
1.504813
1.501398
1.501398
1.506689
1.506689
1.510061
1.510061
1.499304
1.499304
1.505855
1.505855
1.503072
1.503072
1.507450
1.507450
1.501133
1.501133
1.506266
1.506266
1.506310
1.506310
1.500614
1.500614
1.502457
1.502457
1.501071
1.501071
1.505276
1.505276
1.500786
1.500786
1.501861
1.501861
1.505673
1.505673
1.503504
1.503504
1.505005
1.505005
1.501398
1.501398
1.506646
1.506646
1.501081
1.501081
1.502438
1.502438
1.499695
1.499695
1.507764
1.507764
1.500303
1.500303
1.503658
1.503658
1.505735
1.505735
1.502382
1.502382
1.504554
1.504554
1.503805
1.503805
1.500160
1.500160
1.506222
1.506222
1.501974
1.501974
1.503183
1.503183
1.504605
1.504605
1.502494
1.502494
1.504238
1.504238
1.504587
1.504587
1.501279
1.501279
1.505370
1.505370
1.499708
1.499708
1.505740
1.505740
1.504689
1.504689
1.504424
1.504424
1.501242
1.501242
1.502179
1.502179
1.503450
1.503450
1.499249
1.499249
1.503292
1.503292
1.505210
1.505210
1.500957
1.500957
1.508385
1.508385
1.499476
1.499476
1.509574
1.509574
1.500572
1.500572
1.502583
1.502583
1.503639
1.503639
1.501295
1.501295
1.503020
1.503020
1.502560
1.502560
1.508536
1.508536
1.499229
1.499229
1.506921
1.506921
1.504575
1.504575
1.499769
1.499769
1.501770
1.501770
1.502172
1.502172
1.504389
1.504389
1.505057
1.505057
1.505456
1.505456
1.501232
1.501232
1.497665
1.497665
1.492951
1.492951
1.508564
1.508564
1.501224
1.501224
1.505260
1.505260
1.508145
1.508145
1.498784
1.498784
1.501220
1.501220
1.505768
1.505768
1.502012
1.502012
1.507969
1.507969
1.499034
1.499034
1.500977
1.500977
1.504081
1.504081
1.502221
1.502221
1.509530
1.509530
1.502662
1.502662
1.505910
1.505910
1.501462
1.501462
1.500521
1.500521
1.503840
1.503840
1.497959
1.497959
1.512658
1.512658
1.503388
1.503388
1.498631
1.498631
1.501426
1.501426
1.508076
1.508076
1.503689
1.503689
1.497309
1.497309
1.502707
1.502707
1.503235
1.503235
1.503062
1.503062
1.501920
1.501920
1.508476
1.508476
1.500706
1.500706
1.500682
1.500682
1.498752
1.498752
1.505640
1.505640
1.502151
1.502151
1.505390
1.505390
1.504061
1.504061
1.501911
1.501911
1.506548
1.506548
1.493829
1.493829
1.506144
1.506144
1.508936
1.508936
1.503736
1.503736
1.501835
1.501835
1.502395
1.502395
1.500175
1.500175
1.509326
1.509326
1.503864
1.503864
1.499660
1.499660
1.509071
1.509071
1.504942
1.504942
1.496687
1.496687
1.497198
1.497198
1.509519
1.509519
1.505459
1.505459
1.497371
1.497371
1.507209
1.507209
1.501010
1.501010
1.503594
1.503594
1.500371
1.500371
1.502638
1.502638
1.509472
1.509472
1.498956
1.498956
1.505292
1.505292
1.503487
1.503487
1.500152
1.500152
1.508816
1.508816
1.497085
1.497085
1.504913
1.504913
1.499212
1.499212
1.508150
1.508150
1.506248
1.506248
1.503562
1.503562
1.499149
1.499149
1.501437
1.501437
1.504287
1.504287
1.506753
1.506753
1.502342
1.502342
1.503237
1.503237
1.505832
1.505832
1.500306
1.500306
1.501824
1.501824
1.500971
1.500971
1.501125
1.501125
1.504954
1.504954
1.504264
1.504264
1.501841
1.501841
1.500893
1.500893
1.502720
1.502720
1.507055
1.507055
1.502671
1.502671
1.498837
1.498837
1.502917
1.502917
1.500619
1.500619
1.502246
1.502246
1.503458
1.503458
1.504128
1.504128
1.496084
1.496084
1.502687
1.502687
1.505060
1.505060
1.501286
1.501286
1.509610
1.509610
1.507316
1.507316
1.502667
1.502667
1.498490
1.498490
1.502179
1.502179
1.502200
1.502200
1.502544
1.502544
1.505344
1.505344
1.500622
1.500622
1.497113
1.497113
1.508714
1.508714
1.500723
1.500723
1.502149
1.502149
1.505827
1.505827
1.504378
1.504378
1.498592
1.498592
1.502388
1.502388
1.503393
1.503393
1.499032
1.499032
1.502038
1.502038
1.506677
1.506677
1.497421
1.497421
1.505899
1.505899
1.504448
1.504448
1.503678
1.503678
1.500014
1.500014
1.502153
1.502153
1.503071
1.503071
1.502122
1.502122
1.502486
1.502486
1.501640
1.501640
1.507271
1.507271
1.503574
1.503574
1.504873
1.504873
1.494643
1.494643
1.500658
1.500658
1.499616
1.499616
1.495831
1.495831
1.507473
1.507473
1.505736
1.505736
1.502810
1.502810
1.501054
1.501054
1.508385
1.508385
1.502682
1.502682
1.503222
1.503222
1.493836
1.493836
1.497987
1.497987
1.502548
1.502548
1.503343
1.503343
1.498629
1.498629
1.511306
1.511306
1.502319
1.502319
1.503433
1.503433
1.499261
1.499261
1.501893
1.501893
1.505886
1.505886
1.506817
1.506817
1.501176
1.501176
1.502455
1.502455
1.500241
1.500241
1.500878
1.500878
1.500017
1.500017
1.504493
1.504493
1.499569
1.499569
1.506485
1.506485
1.501020
1.501020
1.510132
1.510132
1.498298
1.498298
1.500595
1.500595
1.500324
1.500324
1.502949
1.502949
1.503809
1.503809
1.503315
1.503315
1.507412
1.507412
1.499634
1.499634
1.496799
1.496799
1.497535
1.497535
1.510690
1.510690
1.499153
1.499153
1.500432
1.500432
1.505572
1.505572
1.502340
1.502340
1.505675
1.505675
1.498954
1.498954
1.501501
1.501501
1.504909
1.504909
1.501754
1.501754
1.497089
1.497089
1.505172
1.505172
1.504602
1.504602
1.504944
1.504944
1.507970
1.507970
1.507447
1.507447
1.498402
1.498402
1.500161
1.500161
1.498009
1.498009
1.502392
1.502392
1.499246
1.499246
1.503325
1.503325
1.508646
1.508646
1.498626
1.498626
1.497522
1.497522
1.508670
1.508670
1.500396
1.500396
1.505497
1.505497
1.500744
1.500744
1.504513
1.504513
1.500790
1.500790
1.499315
1.499315
1.508121
1.508121
1.499923
1.499923
1.498037
1.498037
1.504361
1.504361
1.501693
1.501693
1.503400
1.503400
1.506829
1.506829
1.505371
1.505371
1.499501
1.499501
1.503992
1.503992
1.498701
1.498701
1.506626
1.506626
1.501386
1.501386
1.503679
1.503679
1.505035
1.505035
1.502086
1.502086
1.500452
1.500452
1.503981
1.503981
1.497518
1.497518
1.508850
1.508850
1.499530
1.499530
1.503610
1.503610
1.505578
1.505578
1.501850
1.501850
1.500390
1.500390
1.505950
1.505950
1.498446
1.498446
1.500536
1.500536
1.506636
1.506636
1.497374
1.497374
1.504389
1.504389
1.504895
1.504895
1.505057
1.505057
1.500300
1.500300
1.507122
1.507122
1.496971
1.496971
1.504195
1.504195
1.504359
1.504359
1.506313
1.506313
1.494473
1.494473
1.505654
1.505654
1.502367
1.502367
1.501716
1.501716
1.505802
1.505802
1.502932
1.502932
1.498585
1.498585
1.504712
1.504712
1.500066
1.500066
1.506052
1.506052
1.495001
1.495001
1.505780
1.505780
1.507498
1.507498
1.497481
1.497481
1.504689
1.504689
1.505133
1.505133
1.504559
1.504559
1.500731
1.500731
1.498585
1.498585
1.504457
1.504457
1.500442
1.500442
1.506667
1.506667
1.502837
1.502837
1.504727
1.504727
1.499551
1.499551
1.500809
1.500809
1.505206
1.505206
1.502393
1.502393
1.501172
1.501172
1.508245
1.508245
1.497764
1.497764
1.498626
1.498626
1.508163
1.508163
1.508500
1.508500
1.500974
1.500974
1.504388
1.504388
1.498779
1.498779
1.498855
1.498855
1.503477
1.503477
1.501685
1.501685
1.501800
1.501800
1.499382
1.499382
1.507023
1.507023
1.506825
1.506825
1.502532
1.502532
1.503774
1.503774
1.494920
1.494920
1.504643
1.504643
1.509827
1.509827
1.497419
1.497419
1.502801
1.502801
1.504565
1.504565
1.495854
1.495854
1.504056
1.504056
1.502551
1.502551
1.504644
1.504644
1.499971
1.499971
1.500419
1.500419
1.496604
1.496604
1.500810
1.500810
1.510187
1.510187
1.502390
1.502390
1.502186
1.502186
1.502023
1.502023
1.504539
1.504539
1.505046
1.505046
1.502431
1.502431
1.496875
1.496875
1.494387
1.494387
1.508421
1.508421
1.502318
1.502318
1.505128
1.505128
1.501881
1.501881
1.498407
1.498407
1.501138
1.501138
1.500538
1.500538
1.501127
1.501127
1.513764
1.513764
1.500129
1.500129
1.500627
1.500627
1.506144
1.506144
1.506617
1.506617
1.497199
1.497199
1.499549
1.499549
1.501258
1.501258
1.507662
1.507662
1.500145
1.500145
1.503568
1.503568
1.505790
1.505790
1.508696
1.508696
1.501849
1.501849
1.500174
1.500174
1.492954
1.492954
1.497204
1.497204
1.504161
1.504161
1.502621
1.502621
1.504618
1.504618
1.503162
1.503162
1.501496
1.501496
1.503749
1.503749
1.500906
1.500906
1.501100
1.501100
1.504512
1.504512
1.501447
1.501447
1.501089
1.501089
1.504418
1.504418
1.502444
1.502444
1.501516
1.501516
1.500257
1.500257
1.496179
1.496179
1.502553
1.502553
1.506209
1.506209
1.507061
1.507061
1.494798
1.494798
1.505680
1.505680
1.504817
1.504817
1.500698
1.500698
1.505977
1.505977
1.500190
1.500190
1.504256
1.504256
1.500692
1.500692
1.506231
1.506231
1.498756
1.498756
1.505416
1.505416
1.499126
1.499126
1.497219
1.497219
1.508601
1.508601
1.500041
1.500041
1.502620
1.502620
1.502221
1.502221
1.500615
1.500615
1.497256
1.497256
1.510264
1.510264
1.497291
1.497291
1.502302
1.502302
1.499963
1.499963
1.505082
1.505082
1.507985
1.507985
1.499842
1.499842
1.509531
1.509531
1.503105
1.503105
1.498180
1.498180
1.500431
1.500431
1.503031
1.503031
1.497741
1.497741
1.496317
1.496317
1.503834
1.503834
1.513835
1.513835
1.498982
1.498982
1.503306
1.503306
1.502171
1.502171
1.510478
1.510478
1.495375
1.495375
1.497233
1.497233
1.500653
1.500653
1.507167
1.507167
1.502642
1.502642
1.504924
1.504924
1.501457
1.501457
1.507322
1.507322
1.501041
1.501041
1.501347
1.501347
1.500092
1.500092
1.499379
1.499379
1.506008
1.506008
1.500389
1.500389
1.500477
1.500477
1.506689
1.506689
1.497527
1.497527
1.501094
1.501094
1.504936
1.504936
1.501057
1.501057
1.508895
1.508895
1.504704
1.504704
1.499508
1.499508
1.504022
1.504022
1.499848
1.499848
1.504238
1.504238
1.500775
1.500775
1.506144
1.506144
1.497296
1.497296
1.501625
1.501625
1.507255
1.507255
1.503929
1.503929
1.500668
1.500668
1.502365
1.502365
1.502100
1.502100
1.503041
1.503041
1.499558
1.499558
1.507192
1.507192
1.500942
1.500942
1.499121
1.499121
1.506049
1.506049
1.499799
1.499799
1.499260
1.499260
1.508596
1.508596
1.502146
1.502146
1.501973
1.501973
1.497407
1.497407
1.507125
1.507125
1.505383
1.505383
1.498794
1.498794
1.503371
1.503371
1.497003
1.497003
1.502881
1.502881
1.498873
1.498873
1.504941
1.504941
1.509905
1.509905
1.502123
1.502123
1.502914
1.502914
1.501218
1.501218
1.502021
1.502021
1.503421
1.503421
1.500617
1.500617
1.504244
1.504244
1.499509
1.499509
1.499224
1.499224
1.509217
1.509217
1.502639
1.502639
1.502825
1.502825
1.502050
1.502050
1.499096
1.499096
1.504900
1.504900
1.500840
1.500840
1.504538
1.504538
1.496571
1.496571
1.506999
1.506999
1.501493
1.501493
1.506800
1.506800
1.496542
1.496542
1.502196
1.502196
1.502252
1.502252
1.502694
1.502694
1.495154
1.495154
1.505526
1.505526
1.500540
1.500540
1.505925
1.505925
1.503281
1.503281
1.497846
1.497846
1.498032
1.498032
1.502003
1.502003
1.507119
1.507119
1.505966
1.505966
1.499380
1.499380
1.507124
1.507124
1.497034
1.497034
1.498922
1.498922
1.509407
1.509407
1.496085
1.496085
1.507716
1.507716
1.499636
1.499636
1.504640
1.504640
1.502078
1.502078
1.504486
1.504486
1.498595
1.498595
1.504491
1.504491
1.503097
1.503097
1.498518
1.498518
1.500984
1.500984
1.502572
1.502572
1.494982
1.494982
1.504185
1.504185
1.509048
1.509048
1.507763
1.507763
1.497144
1.497144
1.502319
1.502319
1.501530
1.501530
1.501516
1.501516
1.504233
1.504233
1.496393
1.496393
1.504788
1.504788
1.502170
1.502170
1.504085
1.504085
1.503068
1.503068
1.504011
1.504011
1.500717
1.500717
1.497506
1.497506
1.508243
1.508243
1.508975
1.508975
1.500214
1.500214
1.495592
1.495592
1.509618
1.509618
1.497048
1.497048
1.501452
1.501452
1.500377
1.500377
1.503249
1.503249
1.504316
1.504316
1.504279
1.504279
1.502459
1.502459
1.501692
1.501692
1.497258
1.497258
1.506291
1.506291
1.506915
1.506915
1.502490
1.502490
1.505169
1.505169
1.496170
1.496170
1.504048
1.504048
1.506725
1.506725
1.498223
1.498223
1.499854
1.499854
1.513736
1.513736
1.499834
1.499834
1.501448
1.501448
1.506832
1.506832
1.501180
1.501180
1.502340
1.502340
1.499964
1.499964
1.502858
1.502858
1.495431
1.495431
1.502251
1.502251
1.506938
1.506938
1.498192
1.498192
1.512541
1.512541
1.508605
1.508605
1.502205
1.502205
1.504679
1.504679
1.500457
1.500457
1.494767
1.494767
1.503397
1.503397
1.501540
1.501540
1.501915
1.501915
1.502681
1.502681
1.503045
1.503045
1.500569
1.500569
1.499346
1.499346
1.503381
1.503381
1.500991
1.500991
1.509773
1.509773
1.500551
1.500551
1.500466
1.500466
1.500475
1.500475
1.505842
1.505842
1.505242
1.505242
1.496991
1.496991
1.505741
1.505741
1.503818
1.503818
1.502648
1.502648
1.502156
1.502156
1.506487
1.506487
1.504676
1.504676
1.503970
1.503970
1.498224
1.498224
1.496147
1.496147
1.502581
1.502581
1.500577
1.500577
1.506134
1.506134
1.503040
1.503040
1.497195
1.497195
1.507662
1.507662
1.503087
1.503087
1.498441
1.498441
1.498178
1.498178
1.503728
1.503728
1.503287
1.503287
1.501027
1.501027
1.501237
1.501237
1.502951
1.502951
1.502483
1.502483
1.502201
1.502201
1.499115
1.499115
1.511274
1.511274
1.499751
1.499751
1.497705
1.497705
1.506074
1.506074
1.501501
1.501501
1.502178
1.502178
1.501174
1.501174
1.499688
1.499688
1.501105
1.501105
1.498339
1.498339
1.511884
1.511884
1.497663
1.497663
1.502204
1.502204
1.506326
1.506326
1.503488
1.503488
1.498627
1.498627
1.501327
1.501327
1.501087
1.501087
1.495388
1.495388
1.506659
1.506659
1.506219
1.506219
1.499780
1.499780
1.503294
1.503294
1.502190
1.502190
1.506309
1.506309
1.500129
1.500129
1.495366
1.495366
1.508651
1.508651
1.503493
1.503493
1.505380
1.505380
1.498944
1.498944
1.503618
1.503618
1.498597
1.498597
1.502358
1.502358
1.503119
1.503119
1.501081
1.501081
1.503770
1.503770
1.499895
1.499895
1.503931
1.503931
1.508652
1.508652
1.501858
1.501858
1.497226
1.497226
1.497980
1.497980
1.501908
1.501908
1.500782
1.500782
1.501395
1.501395
1.503948
1.503948
1.502633
1.502633
1.501887
1.501887
1.502510
1.502510
1.501489
1.501489
1.503349
1.503349
1.500531
1.500531
1.501293
1.501293
1.503519
1.503519
1.498567
1.498567
1.502871
1.502871
1.504089
1.504089
1.503199
1.503199
1.495831
1.495831
1.494553
1.494553
1.506456
1.506456
1.512173
1.512173
1.504112
1.504112
1.496969
1.496969
1.502593
1.502593
1.503286
1.503286
1.502843
1.502843
1.508662
1.508662
1.500253
1.500253
1.494109
1.494109
1.505397
1.505397
1.500981
1.500981
1.508347
1.508347
1.501815
1.501815
1.497741
1.497741
1.502166
1.502166
1.499381
1.499381
1.506984
1.506984
1.502311
1.502311
1.504420
1.504420
1.497431
1.497431
1.498422
1.498422
1.500752
1.500752
1.503543
1.503543
1.501637
1.501637
1.500480
1.500480
1.504895
1.504895
1.500252
1.500252
1.503211
1.503211
1.504248
1.504248
1.502785
1.502785
1.499295
1.499295
1.503032
1.503032
1.500512
1.500512
1.499222
1.499222
1.502080
1.502080
1.506488
1.506488
1.504331
1.504331
1.498507
1.498507
1.509262
1.509262
1.497284
1.497284
1.499953
1.499953
1.501039
1.501039
1.503632
1.503632
1.500869
1.500869
1.497152
1.497152
1.508211
1.508211
1.500953
1.500953
1.502241
1.502241
1.504475
1.504475
1.500426
1.500426
1.500430
1.500430
1.506297
1.506297
1.502030
1.502030
1.496706
1.496706
1.502227
1.502227
1.501006
1.501006
1.505939
1.505939
1.498827
1.498827
1.499384
1.499384
1.502537
1.502537
1.501353
1.501353
1.498472
1.498472
1.496625
1.496625
1.507422
1.507422
1.504602
1.504602
1.500489
1.500489
1.500464
1.500464
1.503871
1.503871
1.501509
1.501509
1.500304
1.500304
1.501593
1.501593
1.495787
1.495787
1.493913
1.493913
1.503676
1.503676
1.507025
1.507025
1.509144
1.509144
1.503689
1.503689
1.500174
1.500174
1.503403
1.503403
1.499267
1.499267
1.500877
1.500877
1.496431
1.496431
1.503487
1.503487
1.501541
1.501541
1.503568
1.503568
1.502632
1.502632
1.502006
1.502006
1.503789
1.503789
1.504292
1.504292
1.500901
1.500901
1.494462
1.494462
1.499805
1.499805
1.506097
1.506097
1.506043
1.506043
1.496941
1.496941
1.497102
1.497102
1.499694
1.499694
1.507207
1.507207
1.499359
1.499359
1.500535
1.500535
1.499950
1.499950
1.498800
1.498800
1.505025
1.505025
1.503516
1.503516
1.500186
1.500186
1.499370
1.499370
1.501517
1.501517
1.495716
1.495716
1.501399
1.501399
1.505890
1.505890
1.503753
1.503753
1.505118
1.505118
1.501297
1.501297
1.499748
1.499748
1.501488
1.501488
1.499832
1.499832
1.500829
1.500829
1.496883
1.496883
1.506193
1.506193
1.503565
1.503565
1.500126
1.500126
1.501063
1.501063
1.500503
1.500503
1.507949
1.507949
1.498739
1.498739
1.499010
1.499010
1.502046
1.502046
1.500978
1.500978
1.498380
1.498380
1.498524
1.498524
1.509998
1.509998
1.505523
1.505523
1.495117
1.495117
1.496600
1.496600
1.505637
1.505637
1.506019
1.506019
1.503459
1.503459
1.498170
1.498170
1.496274
1.496274
1.509712
1.509712
1.499695
1.499695
1.505840
1.505840
1.497508
1.497508
1.495143
1.495143
1.507425
1.507425
1.502509
1.502509
1.500901
1.500901
1.503401
1.503401
1.496709
1.496709
1.508173
1.508173
1.498514
1.498514
1.502377
1.502377
1.497534
1.497534
1.504841
1.504841
1.498990
1.498990
1.505624
1.505624
1.499963
1.499963
1.506492
1.506492
1.504209
1.504209
1.500763
1.500763
1.495108
1.495108
1.497336
1.497336
1.500591
1.500591
1.500977
1.500977
1.503378
1.503378
1.507059
1.507059
1.509304
1.509304
1.498760
1.498760
1.496871
1.496871
1.502506
1.502506
1.500005
1.500005
1.501603
1.501603
1.506525
1.506525
1.501686
1.501686
1.501281
1.501281
1.495075
1.495075
1.504813
1.504813
1.505810
1.505810
1.502646
1.502646
1.495921
1.495921
1.497468
1.497468
1.501306
1.501306
1.505524
1.505524
1.501017
1.501017
1.502336
1.502336
1.495862
1.495862
1.498294
1.498294
1.503699
1.503699
1.507401
1.507401
1.500021
1.500021
1.496730
1.496730
1.500862
1.500862
1.504002
1.504002
1.504404
1.504404
1.502688
1.502688
1.493755
1.493755
1.508719
1.508719
1.493208
1.493208
1.500171
1.500171
1.502685
1.502685
1.503303
1.503303
1.501829
1.501829
1.497797
1.497797
1.505643
1.505643
1.501418
1.501418
1.500760
1.500760
1.498845
1.498845
1.498340
1.498340
1.499887
1.499887
1.507477
1.507477
1.503637
1.503637
1.502803
1.502803
1.497821
1.497821
1.504106
1.504106
1.503517
1.503517
1.498562
1.498562
1.502847
1.502847
1.496655
1.496655
1.502467
1.502467
1.500188
1.500188
1.506301
1.506301
1.499961
1.499961
1.500435
1.500435
1.497895
1.497895
1.504915
1.504915
1.504533
1.504533
1.499633
1.499633
1.497249
1.497249
1.500698
1.500698
1.508082
1.508082
1.500595
1.500595
1.501698
1.501698
1.505467
1.505467
1.501052
1.501052
1.498020
1.498020
1.499257
1.499257
1.498951
1.498951
1.504515
1.504515
1.500399
1.500399
1.501307
1.501307
1.500323
1.500323
1.497227
1.497227
1.503173
1.503173
1.498967
1.498967
1.500864
1.500864
1.506718
1.506718
1.497863
1.497863
1.505021
1.505021
1.493719
1.493719
1.505837
1.505837
1.503707
1.503707
1.500111
1.500111
1.502074
1.502074
1.506858
1.506858
1.498565
1.498565
1.496873
1.496873
1.494414
1.494414
1.508308
1.508308
1.496964
1.496964
1.505277
1.505277
1.500445
1.500445
1.500594
1.500594
1.504926
1.504926
1.502075
1.502075
1.497737
1.497737
1.500065
1.500065
1.505249
1.505249
1.500630
1.500630
1.498346
1.498346
1.498390
1.498390
1.503922
1.503922
1.504940
1.504940
1.499233
1.499233
1.506368
1.506368
1.499732
1.499732
1.493870
1.493870
1.498068
1.498068
1.501618
1.501618
1.501990
1.501990
1.500072
1.500072
1.505222
1.505222
1.502780
1.502780
1.503091
1.503091
1.500255
1.500255
1.501000
1.501000
1.498177
1.498177
1.504458
1.504458
1.503689
1.503689
1.502489
1.502489
1.499534
1.499534
1.494236
1.494236
1.504213
1.504213
1.504791
1.504791
1.497905
1.497905
1.499261
1.499261
1.499478
1.499478
1.498940
1.498940
1.507036
1.507036
1.505901
1.505901
1.495442
1.495442
1.497862
1.497862
1.502274
1.502274
1.499220
1.499220
1.495146
1.495146
1.505877
1.505877
1.504256
1.504256
1.508349
1.508349
1.499419
1.499419
1.497594
1.497594
1.499940
1.499940
1.500390
1.500390
1.504923
1.504923
1.498861
1.498861
1.502747
1.502747
1.498642
1.498642
1.500004
1.500004
1.502637
1.502637
1.501140
1.501140
1.505026
1.505026
1.497455
1.497455
1.498078
1.498078
1.506095
1.506095
1.496329
1.496329
1.497349
1.497349
1.500425
1.500425
1.505848
1.505848
1.501956
1.501956
1.497735
1.497735
1.499745
1.499745
1.501901
1.501901
1.504177
1.504177
1.498531
1.498531
1.501664
1.501664
1.502534
1.502534
1.503375
1.503375
1.497750
1.497750
1.500752
1.500752
1.504557
1.504557
1.494848
1.494848
1.502407
1.502407
1.502355
1.502355
1.497694
1.497694
1.499383
1.499383
1.498347
1.498347
1.505948
1.505948
1.503756
1.503756
1.497612
1.497612
1.500844
1.500844
1.501994
1.501994
1.504363
1.504363
1.499107
1.499107
1.498297
1.498297
1.499845
1.499845
1.501311
1.501311
1.499932
1.499932
1.506376
1.506376
1.502376
1.502376
1.498539
1.498539
1.504924
1.504924
1.496319
1.496319
1.502748
1.502748
1.504207
1.504207
1.500474
1.500474
1.499427
1.499427
1.498714
1.498714
1.501779
1.501779
1.503710
1.503710
1.497516
1.497516
1.500059
1.500059
1.500749
1.500749
1.502591
1.502591
1.500330
1.500330
1.500165
1.500165
1.500194
1.500194
1.504059
1.504059
1.498831
1.498831
1.511598
1.511598
1.504475
1.504475
1.497669
1.497669
1.494067
1.494067
1.494510
1.494510
1.504905
1.504905
1.499273
1.499273
1.498155
1.498155
1.503667
1.503667
1.496639
1.496639
1.505914
1.505914
1.499612
1.499612
1.496475
1.496475
1.499046
1.499046
1.503000
1.503000
1.498169
1.498169
1.507512
1.507512
1.501263
1.501263
1.500228
1.500228
1.494700
1.494700
1.504956
1.504956
1.504071
1.504071
1.501715
1.501715
1.497491
1.497491
1.493236
1.493236
1.500088
1.500088
1.506265
1.506265
1.499797
1.499797
1.498835
1.498835
1.497493
1.497493
1.495460
1.495460
1.500856
1.500856
1.500210
1.500210
1.497640
1.497640
1.511665
1.511665
1.501043
1.501043
1.495751
1.495751
1.505453
1.505453
1.501740
1.501740
1.498443
1.498443
1.498766
1.498766
1.496939
1.496939
1.506794
1.506794
1.498118
1.498118
1.502881
1.502881
1.499463
1.499463
1.499116
1.499116
1.500390
1.500390
1.499006
1.499006
1.506438
1.506438
1.500940
1.500940
1.502125
1.502125
1.502520
1.502520
1.504372
1.504372
1.490543
1.490543
1.497634
1.497634
1.504815
1.504815
1.498473
1.498473
1.497767
1.497767
1.505584
1.505584
1.495613
1.495613
1.506006
1.506006
1.506091
1.506091
1.501266
1.501266
1.491622
1.491622
1.503760
1.503760
1.508262
1.508262
1.499924
1.499924
1.497060
1.497060
1.491880
1.491880
1.501755
1.501755
1.496662
1.496662
1.503437
1.503437
1.497031
1.497031
1.505826
1.505826
1.492961
1.492961
1.506795
1.506795
1.503036
1.503036
1.499887
1.499887
1.501200
1.501200
1.499453
1.499453
1.507581
1.507581
1.499724
1.499724
1.498039
1.498039
1.498810
1.498810
1.502787
1.502787
1.502199
1.502199
1.501168
1.501168
1.495424
1.495424
1.503377
1.503377
1.498698
1.498698
1.505212
1.505212
1.503204
1.503204
1.500091
1.500091
1.495993
1.495993
1.501308
1.501308
1.501603
1.501603
1.503590
1.503590
1.498103
1.498103
1.499412
1.499412
1.499255
1.499255
1.501828
1.501828
1.503830
1.503830
1.499249
1.499249
1.499942
1.499942
1.498869
1.498869
1.501368
1.501368
1.499666
1.499666
1.503815
1.503815
1.500487
1.500487
1.501381
1.501381
1.504854
1.504854
1.497395
1.497395
1.498856
1.498856
1.502036
1.502036
1.499613
1.499613
1.498657
1.498657
1.506736
1.506736
1.497771
1.497771
1.501372
1.501372
1.495303
1.495303
1.496935
1.496935
1.508172
1.508172
1.501140
1.501140
1.502734
1.502734
1.499834
1.499834
1.502611
1.502611
1.501156
1.501156
1.498117
1.498117
1.502325
1.502325
1.499554
1.499554
1.501292
1.501292
1.504622
1.504622
1.498795
1.498795
1.498778
1.498778
1.500630
1.500630
1.502032
1.502032
1.502282
1.502282
1.500525
1.500525
1.497097
1.497097
1.498785
1.498785
1.500512
1.500512
1.503156
1.503156
1.502805
1.502805
1.497374
1.497374
1.498360
1.498360
1.497138
1.497138
1.501215
1.501215
1.506751
1.506751
1.499774
1.499774
1.504936
1.504936
1.501755
1.501755
1.498949
1.498949
1.496765
1.496765
1.501233
1.501233
1.500360
1.500360
1.501362
1.501362
1.504171
1.504171
1.498072
1.498072
1.499169
1.499169
1.498583
1.498583
1.501309
1.501309
1.496541
1.496541
1.505584
1.505584
1.501759
1.501759
1.494051
1.494051
1.500451
1.500451
1.503256
1.503256
1.500775
1.500775
1.506415
1.506415
1.504279
1.504279
1.502218
1.502218
1.501329
1.501329
1.495066
1.495066
1.500622
1.500622
1.501882
1.501882
1.504492
1.504492
1.498641
1.498641
1.499721
1.499721
1.498078
1.498078
1.495611
1.495611
1.503429
1.503429
1.503928
1.503928
1.501971
1.501971
1.497739
1.497739
1.495228
1.495228
1.504787
1.504787
1.503376
1.503376
1.497917
1.497917
1.502480
1.502480
1.496987
1.496987
1.501623
1.501623
1.502562
1.502562
1.505763
1.505763
1.494669
1.494669
1.502016
1.502016
1.493701
1.493701
1.504515
1.504515
1.503413
1.503413
1.498692
1.498692
1.502019
1.502019
1.499141
1.499141
1.505114
1.505114
1.498472
1.498472
1.497089
1.497089
1.504454
1.504454
1.507310
1.507310
1.495775
1.495775
1.495411
1.495411
1.499472
1.499472
1.496273
1.496273
1.501961
1.501961
1.498618
1.498618
1.503940
1.503940
1.502576
1.502576
1.500000
1.500000
1.501472
1.501472
1.501314
1.501314
1.499964
1.499964
1.500180
1.500180
1.501615
1.501615
1.504003
1.504003
1.496028
1.496028
1.501117
1.501117
1.500370
1.500370
1.502046
1.502046
1.502629
1.502629
1.498649
1.498649
1.502407
1.502407
1.496701
1.496701
1.499552
1.499552
1.501349
1.501349
1.505481
1.505481
1.501153
1.501153
1.494692
1.494692
1.502591
1.502591
1.494944
1.494944
1.503887
1.503887
1.499453
1.499453
1.504124
1.504124
1.503686
1.503686
1.498928
1.498928
1.498664
1.498664
1.503615
1.503615
1.499227
1.499227
1.498927
1.498927
1.495358
1.495358
1.503155
1.503155
1.505275
1.505275
1.502667
1.502667
1.501894
1.501894
1.503142
1.503142
1.500990
1.500990
1.501117
1.501117
1.497194
1.497194
1.496745
1.496745
1.502408
1.502408
1.500409
1.500409
1.502602
1.502602
1.504075
1.504075
1.503470
1.503470
1.492585
1.492585
1.503797
1.503797
1.503493
1.503493
1.502569
1.502569
1.498962
1.498962
1.504887
1.504887
1.498074
1.498074
1.504650
1.504650
1.498191
1.498191
1.496279
1.496279
1.496919
1.496919
1.503270
1.503270
1.502196
1.502196
1.508509
1.508509
