2.268724
2.268724
2.269758
2.269758
2.272499
2.272499
2.270600
2.270600
2.269685
2.269685
2.269513
2.269513
2.269875
2.269875
2.270302
2.270302
2.268864
2.268864
2.271470
2.271470
2.267903
2.267903
2.269202
2.269202
2.271625
2.271625
2.267547
2.267547
2.269820
2.269820
2.267591
2.267591
2.270155
2.270155
2.269494
2.269494
2.266682
2.266682
2.269506
2.269506
2.267750
2.267750
2.267046
2.267046
2.269003
2.269003
2.269858
2.269858
2.265627
2.265627
2.267130
2.267130
2.267438
2.267438
2.269891
2.269891
2.267397
2.267397
2.271076
2.271076
2.265226
2.265226
2.269674
2.269674
2.269196
2.269196
2.268947
2.268947
2.270913
2.270913
2.268025
2.268025
2.269964
2.269964
2.268416
2.268416
2.267722
2.267722
2.274354
2.274354
2.268002
2.268002
2.269518
2.269518
2.269049
2.269049
2.271423
2.271423
2.270442
2.270442
2.268496
2.268496
2.270200
2.270200
2.269259
2.269259
2.270935
2.270935
2.275926
2.275926
2.269549
2.269549
2.270098
2.270098
2.272759
2.272759
2.268599
2.268599
2.273593
2.273593
2.269180
2.269180
2.269877
2.269877
2.270255
2.270255
2.270909
2.270909
2.273916
2.273916
2.272247
2.272247
2.266237
2.266237
2.268781
2.268781
2.270683
2.270683
2.270057
2.270057
2.267292
2.267292
2.268386
2.268386
2.268029
2.268029
2.268806
2.268806
2.265841
2.265841
2.268209
2.268209
2.262177
2.262177
2.266672
2.266672
2.265222
2.265222
2.266201
2.266201
2.263439
2.263439
2.259854
2.259854
2.262633
2.262633
2.263625
2.263625
2.263531
2.263531
2.259981
2.259981
2.260761
2.260761
2.258133
2.258133
2.256060
2.256060
2.255111
2.255111
2.255033
2.255033
2.255812
2.255812
2.255518
2.255518
2.251608
2.251608
2.245962
2.245962
2.249523
2.249523
2.248444
2.248444
2.250667
2.250667
2.247727
2.247727
2.244880
2.244880
2.245076
2.245076
2.242276
2.242276
2.243932
2.243932
2.241087
2.241087
2.246539
2.246539
2.242011
2.242011
2.238801
2.238801
2.236946
2.236946
2.235381
2.235381
2.228578
2.228578
2.234057
2.234057
2.232260
2.232260
2.230336
2.230336
2.231738
2.231738
2.228818
2.228818
2.228299
2.228299
2.226764
2.226764
2.227419
2.227419
2.222528
2.222528
2.224938
2.224938
2.221707
2.221707
2.221357
2.221357
2.219555
2.219555
2.220267
2.220267
2.218906
2.218906
2.218520
2.218520
2.215477
2.215477
2.214445
2.214445
2.214816
2.214816
2.207505
2.207505
2.211380
2.211380
2.211936
2.211936
2.210216
2.210216
2.206333
2.206333
2.213197
2.213197
2.206937
2.206937
2.203646
2.203646
2.195685
2.195685
2.211505
2.211505
2.219111
2.219111
2.207084
2.207084
2.203707
2.203707
2.199624
2.199624
2.198138
2.198138
2.184319
2.184319
2.194947
2.194947
2.201668
2.201668
2.198721
2.198721
2.193620
2.193620
2.189140
2.189140
2.191261
2.191261
2.199326
2.199326
2.189442
2.189442
2.188871
2.188871
2.197429
2.197429
2.183658
2.183658
2.194972
2.194972
2.187447
2.187447
2.194695
2.194695
2.167615
2.167615
2.185412
2.185412
2.180025
2.180025
2.190065
2.190065
2.185637
2.185637
2.177255
2.177255
2.173834
2.173834
2.182978
2.182978
2.182376
2.182376
2.183881
2.183881
2.182060
2.182060
2.182718
2.182718
2.175727
2.175727
2.174222
2.174222
2.170435
2.170435
2.191757
2.191757
2.168504
2.168504
2.177255
2.177255
2.172153
2.172153
2.169100
2.169100
2.189155
2.189155
2.171340
2.171340
2.168889
2.168889
2.169592
2.169592
2.163483
2.163483
2.177332
2.177332
2.168339
2.168339
2.160643
2.160643
2.158611
2.158611
2.169220
2.169220
2.174535
2.174535
2.167866
2.167866
2.163802
2.163802
2.161371
2.161371
2.152395
2.152395
2.153394
2.153394
2.164950
2.164950
2.163314
2.163314
2.148400
2.148400
2.150169
2.150169
2.157631
2.157631
2.147107
2.147107
2.153024
2.153024
2.156567
2.156567
2.152934
2.152934
2.157526
2.157526
2.142706
2.142706
2.151479
2.151479
2.150125
2.150125
2.148321
2.148321
2.156079
2.156079
2.152678
2.152678
2.143909
2.143909
2.151142
2.151142
2.131869
2.131869
2.141536
2.141536
2.145175
2.145175
2.137428
2.137428
2.141872
2.141872
2.140340
2.140340
2.135474
2.135474
2.133794
2.133794
2.134443
2.134443
2.135965
2.135965
2.138632
2.138632
2.153719
2.153719
2.140800
2.140800
2.130839
2.130839
2.128868
2.128868
2.137935
2.137935
2.115026
2.115026
2.127541
2.127541
2.136510
2.136510
2.133106
2.133106
2.121984
2.121984
2.129269
2.129269
2.120071
2.120071
2.120485
2.120485
2.133447
2.133447
2.135329
2.135329
2.114731
2.114731
2.125273
2.125273
2.121797
2.121797
2.127708
2.127708
2.120479
2.120479
2.116187
2.116187
2.127086
2.127086
2.124669
2.124669
2.114132
2.114132
2.114768
2.114768
2.121718
2.121718
2.126834
2.126834
2.108141
2.108141
2.114818
2.114818
2.119299
2.119299
2.119406
2.119406
2.114266
2.114266
2.115190
2.115190
2.108824
2.108824
2.115003
2.115003
2.132656
2.132656
2.116609
2.116609
2.115137
2.115137
2.108768
2.108768
2.106042
2.106042
2.116131
2.116131
2.121294
2.121294
2.109878
2.109878
2.099432
2.099432
2.106712
2.106712
2.109176
2.109176
2.115525
2.115525
2.110053
2.110053
2.107467
2.107467
2.100277
2.100277
2.086921
2.086921
2.111788
2.111788
2.104050
2.104050
2.107830
2.107830
2.098751
2.098751
2.088699
2.088699
2.098778
2.098778
2.101803
2.101803
2.108369
2.108369
2.105617
2.105617
2.081892
2.081892
2.096979
2.096979
2.106800
2.106800
2.097852
2.097852
2.100115
2.100115
2.092383
2.092383
2.094913
2.094913
2.106587
2.106587
2.091164
2.091164
2.094324
2.094324
2.109470
2.109470
2.093366
2.093366
2.101430
2.101430
2.107188
2.107188
2.087939
2.087939
2.066382
2.066382
2.088393
2.088393
2.092402
2.092402
2.094058
2.094058
2.098624
2.098624
2.087682
2.087682
2.091891
2.091891
2.094702
2.094702
2.086377
2.086377
2.085481
2.085481
2.104056
2.104056
2.084494
2.084494
2.092810
2.092810
2.082198
2.082198
2.095081
2.095081
2.083596
2.083596
2.089488
2.089488
2.084710
2.084710
2.084922
2.084922
2.083019
2.083019
2.091032
2.091032
2.081112
2.081112
2.085506
2.085506
2.075352
2.075352
2.088600
2.088600
2.096447
2.096447
2.091591
2.091591
2.076731
2.076731
2.078083
2.078083
2.089377
2.089377
2.046973
2.046973
2.079480
2.079480
2.082340
2.082340
2.081086
2.081086
2.078713
2.078713
2.063753
2.063753
2.085272
2.085272
2.077400
2.077400
2.063402
2.063402
2.083953
2.083953
2.073281
2.073281
2.072916
2.072916
2.072156
2.072156
2.076007
2.076007
2.087550
2.087550
2.049805
2.049805
2.078281
2.078281
2.068096
2.068096
2.074004
2.074004
2.076446
2.076446
2.060644
2.060644
2.079309
2.079309
2.070341
2.070341
2.066265
2.066265
2.070722
2.070722
2.065521
2.065521
2.083465
2.083465
2.066065
2.066065
2.051893
2.051893
2.070150
2.070150
2.087585
2.087585
2.063256
2.063256
2.064791
2.064791
2.078130
2.078130
2.072394
2.072394
2.037629
2.037629
2.064429
2.064429
2.076384
2.076384
2.058954
2.058954
2.062263
2.062263
2.067065
2.067065
2.069874
2.069874
2.052846
2.052846
2.069526
2.069526
2.063580
2.063580
2.063420
2.063420
2.067166
2.067166
2.052549
2.052549
2.057688
2.057688
2.070349
2.070349
2.065938
2.065938
2.052353
2.052353
2.073118
2.073118
2.060274
2.060274
2.049608
2.049608
2.082874
2.082874
2.067010
2.067010
2.063965
2.063965
2.049171
2.049171
2.057722
2.057722
2.051189
2.051189
2.066221
2.066221
2.060128
2.060128
2.053273
2.053273
2.054366
2.054366
2.041525
2.041525
2.064062
2.064062
2.061381
2.061381
2.055108
2.055108
2.046397
2.046397
2.042728
2.042728
2.053741
2.053741
2.056322
2.056322
2.053553
2.053553
2.050910
2.050910
2.062574
2.062574
2.057270
2.057270
2.056363
2.056363
2.051029
2.051029
2.047073
2.047073
2.050688
2.050688
2.055741
2.055741
2.054564
2.054564
2.053914
2.053914
2.046794
2.046794
2.032473
2.032473
2.047582
2.047582
2.043693
2.043693
2.054203
2.054203
2.046091
2.046091
2.077429
2.077429
2.055471
2.055471
2.044057
2.044057
2.054578
2.054578
2.041607
2.041607
2.044434
2.044434
2.054393
2.054393
2.040151
2.040151
2.052139
2.052139
2.042287
2.042287
2.048451
2.048451
2.044959
2.044959
2.061166
2.061166
2.048639
2.048639
2.028837
2.028837
2.047976
2.047976
2.037312
2.037312
2.038336
2.038336
2.054197
2.054197
2.050941
2.050941
2.038578
2.038578
2.041039
2.041039
2.039150
2.039150
2.054132
2.054132
2.046213
2.046213
2.019825
2.019825
2.037242
2.037242
2.054103
2.054103
2.019864
2.019864
2.052673
2.052673
2.055534
2.055534
2.036877
2.036877
2.034398
2.034398
2.039743
2.039743
2.047257
2.047257
2.055198
2.055198
2.048673
2.048673
2.034962
2.034962
2.038694
2.038694
2.034762
2.034762
2.041101
2.041101
2.041107
2.041107
2.030549
2.030549
2.033208
2.033208
2.046313
2.046313
2.043116
2.043116
2.041561
2.041561
2.032094
2.032094
2.039846
2.039846
2.035523
2.035523
2.033205
2.033205
2.056080
2.056080
2.033063
2.033063
2.022660
2.022660
2.037292
2.037292
2.016562
2.016562
2.024749
2.024749
2.034946
2.034946
2.040092
2.040092
2.040902
2.040902
2.028088
2.028088
2.026426
2.026426
2.020738
2.020738
2.039115
2.039115
2.042899
2.042899
2.049100
2.049100
2.024792
2.024792
2.032781
2.032781
2.037911
2.037911
2.039013
2.039013
2.013962
2.013962
2.033333
2.033333
2.027235
2.027235
2.019074
2.019074
2.045164
2.045164
2.029086
2.029086
2.023846
2.023846
2.024605
2.024605
2.043725
2.043725
2.026296
2.026296
2.032478
2.032478
2.037403
2.037403
2.030211
2.030211
2.017280
2.017280
2.035475
2.035475
2.008921
2.008921
2.043338
2.043338
2.008406
2.008406
2.023012
2.023012
2.032995
2.032995
2.033904
2.033904
2.031322
2.031322
2.025313
2.025313
2.019362
2.019362
2.020622
2.020622
2.053944
2.053944
2.033895
2.033895
2.022039
2.022039
2.022152
2.022152
2.018802
2.018802
2.035892
2.035892
2.020138
2.020138
2.021289
2.021289
2.035480
2.035480
2.030955
2.030955
1.983070
1.983070
2.024033
2.024033
2.035574
2.035574
2.021786
2.021786
2.005347
2.005347
2.037584
2.037584
2.032800
2.032800
2.018119
2.018119
2.021624
2.021624
2.011826
2.011826
2.030186
2.030186
2.032241
2.032241
2.017925
2.017925
2.008221
2.008221
2.023676
2.023676
2.022291
2.022291
2.017004
2.017004
2.018553
2.018553
2.030479
2.030479
2.008955
2.008955
2.030275
2.030275
2.027310
2.027310
2.017621
2.017621
2.001428
2.001428
2.030860
2.030860
2.008285
2.008285
2.020480
2.020480
2.020599
2.020599
2.014344
2.014344
2.012559
2.012559
2.025763
2.025763
2.008435
2.008435
2.032569
2.032569
2.010499
2.010499
2.016794
2.016794
2.012333
2.012333
2.016973
2.016973
2.024466
2.024466
2.016472
2.016472
2.005708
2.005708
2.015631
2.015631
2.011683
2.011683
2.007996
2.007996
2.018036
2.018036
2.016207
2.016207
2.035352
2.035352
2.014286
2.014286
2.013973
2.013973
2.015525
2.015525
2.008788
2.008788
2.027021
2.027021
2.010327
2.010327
2.002712
2.002712
2.022424
2.022424
2.016626
2.016626
2.015460
2.015460
1.998803
1.998803
2.017972
2.017972
2.022422
2.022422
2.013031
2.013031
2.001412
2.001412
2.016205
2.016205
2.018547
2.018547
2.014718
2.014718
2.000943
2.000943
1.994075
1.994075
2.016051
2.016051
2.015575
2.015575
2.015812
2.015812
1.988857
1.988857
2.027912
2.027912
2.007044
2.007044
2.006296
2.006296
2.002708
2.002708
2.014442
2.014442
2.035034
2.035034
2.002860
2.002860
2.017262
2.017262
2.014189
2.014189
1.999287
1.999287
2.012285
2.012285
2.008861
2.008861
2.012862
2.012862
1.999680
1.999680
1.998408
1.998408
2.045061
2.045061
2.007232
2.007232
2.012229
2.012229
2.011530
2.011530
2.004990
2.004990
1.978800
1.978800
2.011839
2.011839
2.006340
2.006340
1.999170
1.999170
2.008269
2.008269
2.001064
2.001064
1.992773
1.992773
2.005523
2.005523
2.000299
2.000299
2.014852
2.014852
2.029768
2.029768
2.004071
2.004071
2.008551
2.008551
1.999630
1.999630
2.013455
2.013455
1.976959
1.976959
2.004655
2.004655
2.004418
2.004418
1.999795
1.999795
2.010317
2.010317
1.986075
1.986075
1.999308
1.999308
1.999868
1.999868
2.001122
2.001122
2.006826
2.006826
2.013307
2.013307
1.998040
1.998040
2.003453
2.003453
1.999900
1.999900
1.995035
1.995035
2.036117
2.036117
1.993168
1.993168
1.996583
1.996583
2.007233
2.007233
2.006122
2.006122
2.001658
2.001658
2.001522
2.001522
2.009804
2.009804
1.991648
1.991648
2.006537
2.006537
1.969242
1.969242
1.995530
1.995530
1.997523
1.997523
1.997838
1.997838
2.002021
2.002021
2.013671
2.013671
2.009707
2.009707
1.973588
1.973588
2.006544
2.006544
2.007515
2.007515
1.988347
1.988347
2.012151
2.012151
1.986131
1.986131
2.002365
2.002365
1.987617
1.987617
2.008296
2.008296
2.007515
2.007515
1.992609
1.992609
1.999177
1.999177
1.993781
1.993781
1.982204
1.982204
1.995372
1.995372
2.003099
2.003099
1.997309
1.997309
1.991943
1.991943
1.990271
1.990271
1.979129
1.979129
1.993262
1.993262
1.995634
1.995634
2.009642
2.009642
2.013479
2.013479
1.991293
1.991293
1.990997
1.990997
1.994191
1.994191
2.002826
2.002826
1.996904
1.996904
2.011377
2.011377
1.979029
1.979029
2.005382
2.005382
1.987229
1.987229
1.972396
1.972396
1.989712
1.989712
1.977771
1.977771
2.001678
2.001678
2.000592
2.000592
2.003991
2.003991
1.998828
1.998828
1.987769
1.987769
2.002834
2.002834
1.982813
1.982813
1.984199
1.984199
1.994886
1.994886
1.994433
1.994433
1.993015
1.993015
1.983904
1.983904
1.993654
1.993654
1.989820
1.989820
1.986507
1.986507
1.984642
1.984642
2.005198
2.005198
1.983532
1.983532
1.991153
1.991153
1.998396
1.998396
2.002868
2.002868
1.974558
1.974558
1.970562
1.970562
1.990890
1.990890
1.993593
1.993593
1.989304
1.989304
1.991040
1.991040
1.968352
1.968352
1.980708
1.980708
1.985266
1.985266
2.001539
2.001539
1.989795
1.989795
1.984733
1.984733
1.980000
1.980000
1.975674
1.975674
2.005203
2.005203
1.989028
1.989028
2.000508
2.000508
1.962519
1.962519
1.999039
1.999039
1.986193
1.986193
2.004299
2.004299
1.984317
1.984317
1.994579
1.994579
1.979763
1.979763
1.986493
1.986493
1.987545
1.987545
1.987609
1.987609
1.984792
1.984792
1.990192
1.990192
2.000481
2.000481
1.977775
1.977775
1.963021
1.963021
1.989590
1.989590
1.994710
1.994710
1.972644
1.972644
1.988878
1.988878
1.978926
1.978926
1.991228
1.991228
1.997878
1.997878
1.970551
1.970551
1.987666
1.987666
1.965161
1.965161
1.984635
1.984635
1.991079
1.991079
1.975239
1.975239
1.988184
1.988184
1.984052
1.984052
1.975038
1.975038
1.984838
1.984838
1.994000
1.994000
1.976651
1.976651
2.005019
2.005019
1.961629
1.961629
1.982455
1.982455
1.975205
1.975205
2.000170
2.000170
2.034212
2.034212
1.978052
1.978052
1.984150
1.984150
1.975786
1.975786
2.002283
2.002283
1.955639
1.955639
1.988641
1.988641
1.973949
1.973949
1.983108
1.983108
1.970920
1.970920
2.023716
2.023716
1.970240
1.970240
1.991353
1.991353
1.979057
1.979057
1.981895
1.981895
1.993942
1.993942
1.984822
1.984822
1.973823
1.973823
1.992854
1.992854
1.971308
1.971308
1.983744
1.983744
1.975499
1.975499
1.981617
1.981617
1.988936
1.988936
1.973229
1.973229
1.986641
1.986641
1.969629
1.969629
1.969870
1.969870
1.984124
1.984124
1.983718
1.983718
2.017590
2.017590
1.953460
1.953460
1.972270
1.972270
1.992691
1.992691
1.992369
1.992369
1.997568
1.997568
1.983142
1.983142
1.987046
1.987046
1.970304
1.970304
1.974200
1.974200
1.975046
1.975046
1.968995
1.968995
1.986873
1.986873
1.990229
1.990229
1.972665
1.972665
1.951448
1.951448
1.969138
1.969138
1.984603
1.984603
1.994395
1.994395
1.963105
1.963105
1.966956
1.966956
1.987419
1.987419
1.984343
1.984343
1.967410
1.967410
1.974413
1.974413
1.949583
1.949583
1.988893
1.988893
1.975616
1.975616
1.967612
1.967612
1.970458
1.970458
1.977479
1.977479
1.985288
1.985288
1.968445
1.968445
1.966047
1.966047
1.975280
1.975280
1.993544
1.993544
1.977782
1.977782
1.971438
1.971438
1.971722
1.971722
1.979877
1.979877
1.965363
1.965363
1.990388
1.990388
1.972306
1.972306
1.961347
1.961347
1.975377
1.975377
1.961010
1.961010
1.997524
1.997524
1.942999
1.942999
1.966570
1.966570
1.982243
1.982243
1.985147
1.985147
1.965899
1.965899
1.978863
1.978863
1.967537
1.967537
1.972320
1.972320
1.991751
1.991751
1.985085
1.985085
1.973395
1.973395
1.957225
1.957225
1.971335
1.971335
1.974678
1.974678
1.976390
1.976390
1.955041
1.955041
1.973167
1.973167
1.972265
1.972265
2.000091
2.000091
1.977071
1.977071
1.970810
1.970810
1.959598
1.959598
1.978155
1.978155
1.963349
1.963349
1.964682
1.964682
1.978871
1.978871
1.968313
1.968313
1.972580
1.972580
1.960006
1.960006
1.976534
1.976534
1.968296
1.968296
1.964149
1.964149
1.973254
1.973254
1.960147
1.960147
1.975623
1.975623
1.975941
1.975941
1.965001
1.965001
1.964588
1.964588
1.956303
1.956303
1.968306
1.968306
1.990539
1.990539
1.953404
1.953404
1.967260
1.967260
1.954719
1.954719
1.991535
1.991535
1.964130
1.964130
1.955869
1.955869
1.967838
1.967838
1.948351
1.948351
1.975000
1.975000
1.961529
1.961529
1.981388
1.981388
1.954962
1.954962
1.962760
1.962760
1.972231
1.972231
1.968073
1.968073
1.959128
1.959128
1.974026
1.974026
1.953580
1.953580
1.961932
1.961932
1.973493
1.973493
1.967055
1.967055
1.963953
1.963953
1.969285
1.969285
1.980781
1.980781
1.967760
1.967760
1.958658
1.958658
1.960911
1.960911
1.956278
1.956278
1.957848
1.957848
1.970264
1.970264
1.964393
1.964393
1.968830
1.968830
1.971242
1.971242
1.970719
1.970719
1.961451
1.961451
1.964463
1.964463
1.960529
1.960529
1.977886
1.977886
1.948344
1.948344
1.984339
1.984339
1.977678
1.977678
1.951677
1.951677
1.954848
1.954848
1.972100
1.972100
1.946971
1.946971
1.971772
1.971772
1.965912
1.965912
1.964934
1.964934
1.963193
1.963193
1.968417
1.968417
1.962552
1.962552
1.966530
1.966530
1.943932
1.943932
1.960584
1.960584
1.956824
1.956824
1.971429
1.971429
1.958782
1.958782
1.978341
1.978341
1.969829
1.969829
1.965787
1.965787
1.940798
1.940798
1.971212
1.971212
1.969568
1.969568
1.958389
1.958389
1.961288
1.961288
1.952095
1.952095
1.968453
1.968453
1.986392
1.986392
1.977268
1.977268
1.951916
1.951916
1.954105
1.954105
1.962756
1.962756
1.959070
1.959070
1.960112
1.960112
1.975685
1.975685
1.958870
1.958870
1.964522
1.964522
1.907835
1.907835
1.955879
1.955879
1.966317
1.966317
1.946082
1.946082
1.975260
1.975260
1.952801
1.952801
1.954476
1.954476
1.945718
1.945718
1.974624
1.974624
1.970714
1.970714
1.938151
1.938151
1.964966
1.964966
1.968534
1.968534
1.940795
1.940795
1.960849
1.960849
1.964901
1.964901
1.951315
1.951315
1.962936
1.962936
1.965227
1.965227
1.948410
1.948410
1.982418
1.982418
1.949969
1.949969
1.965249
1.965249
1.950198
1.950198
1.962245
1.962245
1.977237
1.977237
1.964204
1.964204
1.961510
1.961510
1.968933
1.968933
1.941685
1.941685
1.942502
1.942502
1.946458
1.946458
1.959179
1.959179
1.967496
1.967496
1.953745
1.953745
1.967687
1.967687
1.975806
1.975806
1.950023
1.950023
1.954829
1.954829
1.947410
1.947410
1.956836
1.956836
1.943911
1.943911
1.970501
1.970501
1.946034
1.946034
1.970179
1.970179
1.941528
1.941528
1.953362
1.953362
1.960108
1.960108
1.946121
1.946121
1.966172
1.966172
1.950787
1.950787
1.958255
1.958255
1.964730
1.964730
1.942400
1.942400
1.957413
1.957413
1.953987
1.953987
1.951110
1.951110
1.964556
1.964556
1.939578
1.939578
1.975226
1.975226
1.922103
1.922103
1.970404
1.970404
1.957144
1.957144
1.934606
1.934606
1.961346
1.961346
1.939076
1.939076
1.953250
1.953250
1.958083
1.958083
1.967618
1.967618
1.937440
1.937440
1.956841
1.956841
1.965309
1.965309
1.944281
1.944281
1.963130
1.963130
1.940905
1.940905
1.959900
1.959900
1.943638
1.943638
1.953507
1.953507
1.964273
1.964273
1.952314
1.952314
1.953047
1.953047
1.937789
1.937789
1.957316
1.957316
1.950291
1.950291
1.961552
1.961552
1.969358
1.969358
1.969073
1.969073
1.936161
1.936161
1.969693
1.969693
1.936669
1.936669
1.947839
1.947839
1.952908
1.952908
1.948430
1.948430
1.961112
1.961112
1.947547
1.947547
1.947025
1.947025
1.949958
1.949958
1.960552
1.960552
1.949958
1.949958
1.942744
1.942744
1.963045
1.963045
1.951075
1.951075
1.966136
1.966136
1.934131
1.934131
1.957930
1.957930
1.936505
1.936505
1.951162
1.951162
1.947612
1.947612
1.956627
1.956627
1.945693
1.945693
1.957145
1.957145
1.947891
1.947891
1.950668
1.950668
1.956400
1.956400
1.948594
1.948594
1.942851
1.942851
1.950877
1.950877
1.942585
1.942585
1.942386
1.942386
1.956709
1.956709
1.973538
1.973538
1.953555
1.953555
1.947250
1.947250
1.956566
1.956566
1.944981
1.944981
1.934743
1.934743
1.946937
1.946937
1.950200
1.950200
1.950822
1.950822
1.952931
1.952931
1.932705
1.932705
1.953884
1.953884
1.953065
1.953065
1.936911
1.936911
1.958637
1.958637
1.920874
1.920874
1.962241
1.962241
1.937643
1.937643
1.955407
1.955407
1.929694
1.929694
1.973180
1.973180
1.932363
1.932363
1.942997
1.942997
1.953431
1.953431
1.966326
1.966326
1.934057
1.934057
1.938668
1.938668
1.950620
1.950620
1.954540
1.954540
1.940340
1.940340
1.964842
1.964842
1.956926
1.956926
1.942360
1.942360
1.958308
1.958308
1.923147
1.923147
1.970501
1.970501
1.959440
1.959440
1.940660
1.940660
1.956395
1.956395
1.944889
1.944889
1.895910
1.895910
1.940060
1.940060
1.940703
1.940703
1.958633
1.958633
1.946669
1.946669
1.940860
1.940860
1.948507
1.948507
1.935292
1.935292
1.942785
1.942785
1.951243
1.951243
1.961615
1.961615
1.947525
1.947525
1.947186
1.947186
1.940367
1.940367
1.948253
1.948253
1.936629
1.936629
1.950836
1.950836
1.943353
1.943353
1.955952
1.955952
1.935669
1.935669
1.922202
1.922202
1.924973
1.924973
1.960646
1.960646
1.924827
1.924827
1.958085
1.958085
1.974039
1.974039
1.937676
1.937676
1.940096
1.940096
1.947796
1.947796
1.951901
1.951901
1.938513
1.938513
1.939917
1.939917
1.949920
1.949920
1.936313
1.936313
1.951412
1.951412
1.932034
1.932034
1.949774
1.949774
1.936139
1.936139
1.953623
1.953623
1.943598
1.943598
1.907478
1.907478
1.930090
1.930090
1.941923
1.941923
1.953958
1.953958
1.941815
1.941815
1.952785
1.952785
1.946557
1.946557
1.931434
1.931434
1.937297
1.937297
1.949641
1.949641
1.956343
1.956343
1.945647
1.945647
1.934435
1.934435
1.945012
1.945012
1.937721
1.937721
1.956736
1.956736
1.949230
1.949230
1.942603
1.942603
1.941895
1.941895
1.932935
1.932935
1.937646
1.937646
1.940627
1.940627
1.919700
1.919700
1.957628
1.957628
1.933909
1.933909
1.980369
1.980369
1.936122
1.936122
1.962907
1.962907
1.937154
1.937154
1.937678
1.937678
1.901551
1.901551
1.937663
1.937663
1.929175
1.929175
1.949227
1.949227
1.944599
1.944599
1.940204
1.940204
1.934016
1.934016
1.928623
1.928623
1.946975
1.946975
1.949584
1.949584
1.939893
1.939893
1.936982
1.936982
1.951362
1.951362
1.923309
1.923309
1.937350
1.937350
1.968590
1.968590
1.954335
1.954335
1.925728
1.925728
1.928507
1.928507
1.942520
1.942520
1.956101
1.956101
1.942155
1.942155
1.932512
1.932512
1.945241
1.945241
1.928409
1.928409
1.959736
1.959736
1.936549
1.936549
1.951033
1.951033
1.932287
1.932287
1.923465
1.923465
1.970475
1.970475
1.924767
1.924767
1.948936
1.948936
1.945680
1.945680
1.933499
1.933499
1.932568
1.932568
1.947112
1.947112
1.926801
1.926801
1.954747
1.954747
1.921228
1.921228
1.936215
1.936215
1.927757
1.927757
1.939498
1.939498
1.937845
1.937845
1.938082
1.938082
1.952297
1.952297
1.950551
1.950551
1.934265
1.934265
1.924431
1.924431
1.941721
1.941721
1.920869
1.920869
1.940953
1.940953
1.952845
1.952845
1.914908
1.914908
1.927172
1.927172
1.965644
1.965644
1.927685
1.927685
1.944755
1.944755
1.938982
1.938982
1.931545
1.931545
1.936950
1.936950
1.933324
1.933324
1.945261
1.945261
1.933425
1.933425
1.939229
1.939229
1.905071
1.905071
1.936009
1.936009
1.928769
1.928769
1.955572
1.955572
1.920503
1.920503
1.935787
1.935787
1.956061
1.956061
1.928928
1.928928
1.926312
1.926312
1.925919
1.925919
1.943661
1.943661
1.940266
1.940266
1.922681
1.922681
1.938209
1.938209
1.937780
1.937780
1.933505
1.933505
1.937498
1.937498
1.937664
1.937664
1.921795
1.921795
1.933849
1.933849
1.956193
1.956193
1.936141
1.936141
1.929860
1.929860
1.944960
1.944960
1.928681
1.928681
1.922454
1.922454
1.936305
1.936305
1.941289
1.941289
1.918638
1.918638
1.939991
1.939991
1.929179
1.929179
1.925025
1.925025
1.933712
1.933712
1.947315
1.947315
1.928481
1.928481
1.929997
1.929997
1.910059
1.910059
1.943129
1.943129
1.930538
1.930538
1.946390
1.946390
1.939632
1.939632
1.930826
1.930826
1.919598
1.919598
1.941815
1.941815
1.934857
1.934857
1.944280
1.944280
1.928982
1.928982
1.932778
1.932778
1.917253
1.917253
1.946563
1.946563
1.944057
1.944057
1.940488
1.940488
1.932418
1.932418
1.924165
1.924165
1.937389
1.937389
1.909553
1.909553
1.927173
1.927173
1.942682
1.942682
1.918869
1.918869
1.936070
1.936070
1.936705
1.936705
1.941481
1.941481
1.932030
1.932030
1.937625
1.937625
1.920801
1.920801
1.908020
1.908020
1.940900
1.940900
1.927773
1.927773
1.909661
1.909661
1.945767
1.945767
1.929134
1.929134
1.938765
1.938765
1.929911
1.929911
1.916756
1.916756
1.933743
1.933743
1.940518
1.940518
1.934596
1.934596
1.923895
1.923895
1.944288
1.944288
1.925597
1.925597
1.905166
1.905166
1.937319
1.937319
1.925932
1.925932
1.918733
1.918733
1.935779
1.935779
1.936029
1.936029
1.939007
1.939007
1.919636
1.919636
1.944779
1.944779
1.912318
1.912318
1.938473
1.938473
1.929594
1.929594
1.950575
1.950575
1.927112
1.927112
1.920684
1.920684
1.893335
1.893335
1.936077
1.936077
1.928628
1.928628
1.921883
1.921883
1.931303
1.931303
1.922423
1.922423
1.924530
1.924530
1.922053
1.922053
1.925436
1.925436
1.935381
1.935381
1.952376
1.952376
1.930084
1.930084
1.919909
1.919909
1.936121
1.936121
1.924207
1.924207
1.937640
1.937640
1.934634
1.934634
1.922577
1.922577
1.931863
1.931863
1.919700
1.919700
1.937866
1.937866
1.933153
1.933153
1.917536
1.917536
1.926982
1.926982
1.919959
1.919959
1.970153
1.970153
1.935118
1.935118
1.916502
1.916502
1.922840
1.922840
1.923843
1.923843
1.963230
1.963230
1.929433
1.929433
1.914506
1.914506
1.929592
1.929592
1.932229
1.932229
1.933703
1.933703
1.926357
1.926357
1.919944
1.919944
1.929065
1.929065
1.924042
1.924042
1.949500
1.949500
1.907478
1.907478
1.930263
1.930263
1.928448
1.928448
1.940735
1.940735
1.919828
1.919828
1.913170
1.913170
1.930206
1.930206
1.936407
1.936407
1.913881
1.913881
1.959859
1.959859
1.938090
1.938090
1.917388
1.917388
1.931715
1.931715
1.920539
1.920539
1.909403
1.909403
1.931772
1.931772
1.929403
1.929403
1.928015
1.928015
1.907422
1.907422
1.942356
1.942356
1.924337
1.924337
1.942860
1.942860
1.922889
1.922889
1.920995
1.920995
1.890188
1.890188
1.926787
1.926787
1.908620
1.908620
1.914368
1.914368
1.945701
1.945701
1.937827
1.937827
1.917183
1.917183
1.935610
1.935610
1.925560
1.925560
1.919833
1.919833
1.924329
1.924329
1.918476
1.918476
1.917630
1.917630
1.940448
1.940448
1.923913
1.923913
1.912531
1.912531
1.907773
1.907773
1.940782
1.940782
1.921803
1.921803
1.918822
1.918822
1.946043
1.946043
1.915897
1.915897
1.943328
1.943328
1.926754
1.926754
1.922400
1.922400
1.878655
1.878655
1.923003
1.923003
1.922998
1.922998
1.924793
1.924793
1.924414
1.924414
1.918910
1.918910
1.935265
1.935265
1.908496
1.908496
1.935843
1.935843
1.912979
1.912979
1.923964
1.923964
1.907813
1.907813
1.922642
1.922642
1.928477
1.928477
1.924736
1.924736
1.949827
1.949827
1.914452
1.914452
1.927317
1.927317
1.918652
1.918652
1.927179
1.927179
1.932900
1.932900
1.917565
1.917565
1.917199
1.917199
1.919283
1.919283
1.926357
1.926357
1.952656
1.952656
1.912770
1.912770
1.936477
1.936477
1.921802
1.921802
1.922333
1.922333
1.904971
1.904971
1.923127
1.923127
1.921632
1.921632
1.923922
1.923922
1.915886
1.915886
1.929271
1.929271
1.937566
1.937566
1.911208
1.911208
1.903452
1.903452
1.930713
1.930713
1.929436
1.929436
1.925227
1.925227
1.924538
1.924538
1.926938
1.926938
1.907342
1.907342
1.920241
1.920241
1.916091
1.916091
1.923493
1.923493
1.925057
1.925057
1.916744
1.916744
1.923610
1.923610
1.923506
1.923506
1.943967
1.943967
1.899460
1.899460
1.917270
1.917270
1.909121
1.909121
1.927556
1.927556
1.918055
1.918055
1.912457
1.912457
1.915033
1.915033
1.941100
1.941100
1.913178
1.913178
1.910328
1.910328
1.934174
1.934174
1.914949
1.914949
1.938088
1.938088
1.910872
1.910872
1.923147
1.923147
1.914863
1.914863
1.923203
1.923203
1.935332
1.935332
1.925519
1.925519
1.918144
1.918144
1.928626
1.928626
1.910509
1.910509
1.894576
1.894576
1.922891
1.922891
1.904859
1.904859
1.929204
1.929204
1.919120
1.919120
1.911767
1.911767
1.922321
1.922321
1.944811
1.944811
1.915232
1.915232
1.898563
1.898563
1.890927
1.890927
1.897434
1.897434
1.924966
1.924966
1.922333
1.922333
1.915272
1.915272
1.956238
1.956238
1.917651
1.917651
1.903757
1.903757
1.911029
1.911029
1.937219
1.937219
1.919783
1.919783
1.922113
1.922113
1.934335
1.934335
1.910952
1.910952
1.905502
1.905502
1.905037
1.905037
1.915939
1.915939
1.918862
1.918862
1.913470
1.913470
1.913097
1.913097
1.939845
1.939845
1.928145
1.928145
1.901315
1.901315
1.912310
1.912310
1.916707
1.916707
1.946044
1.946044
1.925578
1.925578
1.897847
1.897847
1.914776
1.914776
1.929461
1.929461
1.911548
1.911548
1.907891
1.907891
1.920612
1.920612
1.905492
1.905492
1.928390
1.928390
1.924469
1.924469
1.927900
1.927900
1.908144
1.908144
1.912045
1.912045
1.915022
1.915022
1.917782
1.917782
1.904951
1.904951
1.928018
1.928018
1.905033
1.905033
1.929741
1.929741
1.899275
1.899275
1.906546
1.906546
1.919055
1.919055
1.914504
1.914504
1.928433
1.928433
1.893361
1.893361
1.909748
1.909748
1.911687
1.911687
1.933273
1.933273
1.921539
1.921539
1.864531
1.864531
1.902149
1.902149
1.929362
1.929362
1.895807
1.895807
1.927733
1.927733
1.931094
1.931094
1.915196
1.915196
1.917301
1.917301
1.916294
1.916294
1.918088
1.918088
1.887856
1.887856
1.921692
1.921692
1.895572
1.895572
1.926002
1.926002
1.923276
1.923276
1.885093
1.885093
1.915161
1.915161
1.922643
1.922643
1.906928
1.906928
1.914464
1.914464
1.905138
1.905138
1.930729
1.930729
1.900081
1.900081
1.919196
1.919196
1.902829
1.902829
1.921731
1.921731
1.915558
1.915558
1.929059
1.929059
1.920045
1.920045
1.893669
1.893669
1.899380
1.899380
1.938260
1.938260
1.916299
1.916299
1.898688
1.898688
1.895297
1.895297
1.928259
1.928259
1.908088
1.908088
1.907975
1.907975
1.905727
1.905727
1.924837
1.924837
1.931142
1.931142
1.921905
1.921905
1.916762
1.916762
1.906382
1.906382
1.910404
1.910404
1.898188
1.898188
1.924052
1.924052
1.912248
1.912248
1.906829
1.906829
1.907593
1.907593
1.910272
1.910272
1.911316
1.911316
1.907842
1.907842
1.911936
1.911936
1.910710
1.910710
1.936591
1.936591
1.926259
1.926259
1.922571
1.922571
1.901530
1.901530
1.908537
1.908537
1.876984
1.876984
1.920167
1.920167
1.900377
1.900377
1.914114
1.914114
1.906698
1.906698
1.932725
1.932725
1.915313
1.915313
1.910883
1.910883
1.918900
1.918900
1.900075
1.900075
1.917519
1.917519
1.901895
1.901895
1.933384
1.933384
1.892999
1.892999
1.917824
1.917824
1.911289
1.911289
1.900548
1.900548
1.915758
1.915758
1.904192
1.904192
1.923292
1.923292
1.914603
1.914603
1.909500
1.909500
1.907920
1.907920
1.918337
1.918337
1.910989
1.910989
1.901529
1.901529
1.909653
1.909653
1.910077
1.910077
1.904890
1.904890
1.926041
1.926041
1.889392
1.889392
1.915758
1.915758
1.907586
1.907586
1.908060
1.908060
1.913712
1.913712
1.909818
1.909818
1.900576
1.900576
1.900301
1.900301
1.931475
1.931475
1.910634
1.910634
1.917196
1.917196
1.912280
1.912280
1.920908
1.920908
1.902582
1.902582
1.908806
1.908806
1.911108
1.911108
1.908851
1.908851
1.908672
1.908672
1.919077
1.919077
1.903905
1.903905
1.922841
1.922841
1.905509
1.905509
1.924917
1.924917
1.912385
1.912385
1.904773
1.904773
1.896685
1.896685
1.903688
1.903688
1.910044
1.910044
1.905560
1.905560
1.914425
1.914425
1.939985
1.939985
1.918633
1.918633
1.901466
1.901466
1.909844
1.909844
1.918109
1.918109
1.888720
1.888720
1.907230
1.907230
1.908627
1.908627
1.924029
1.924029
1.898360
1.898360
1.916652
1.916652
1.899124
1.899124
1.902371
1.902371
1.914521
1.914521
1.921955
1.921955
1.912870
1.912870
1.904261
1.904261
1.915952
1.915952
1.909224
1.909224
1.899048
1.899048
1.939772
1.939772
1.901197
1.901197
1.902304
1.902304
1.917456
1.917456
1.909644
1.909644
1.928051
1.928051
1.911073
1.911073
1.897734
1.897734
1.892123
1.892123
1.930453
1.930453
1.921374
1.921374
1.913649
1.913649
1.901052
1.901052
1.911833
1.911833
1.910260
1.910260
1.899731
1.899731
1.906154
1.906154
1.903306
1.903306
1.896320
1.896320
1.933688
1.933688
1.886968
1.886968
1.889498
1.889498
1.911351
1.911351
1.915888
1.915888
1.915415
1.915415
1.907044
1.907044
1.904704
1.904704
1.919374
1.919374
1.898681
1.898681
1.902180
1.902180
1.926554
1.926554
1.908387
1.908387
1.905948
1.905948
1.920233
1.920233
1.902297
1.902297
1.881560
1.881560
1.915477
1.915477
1.908816
1.908816
1.906786
1.906786
1.899671
1.899671
1.896461
1.896461
1.910294
1.910294
1.903662
1.903662
1.912104
1.912104
1.904414
1.904414
1.891441
1.891441
1.913546
1.913546
1.887337
1.887337
1.907534
1.907534
1.907915
1.907915
1.932184
1.932184
1.889220
1.889220
1.915361
1.915361
1.897880
1.897880
1.917400
1.917400
1.914762
1.914762
1.892975
1.892975
1.891704
1.891704
1.929801
1.929801
1.904395
1.904395
1.912906
1.912906
1.901095
1.901095
1.910443
1.910443
1.891622
1.891622
1.915179
1.915179
1.909585
1.909585
1.936682
1.936682
1.892537
1.892537
1.902446
1.902446
1.891958
1.891958
1.887147
1.887147
1.901189
1.901189
1.909950
1.909950
1.891860
1.891860
1.904815
1.904815
1.935454
1.935454
1.901292
1.901292
1.899665
1.899665
1.899298
1.899298
1.909972
1.909972
1.923573
1.923573
1.900079
1.900079
1.904494
1.904494
1.915673
1.915673
1.897215
1.897215
1.895818
1.895818
1.910761
1.910761
1.886941
1.886941
1.891615
1.891615
1.910460
1.910460
1.951117
1.951117
1.902166
1.902166
1.914499
1.914499
1.893746
1.893746
1.899802
1.899802
1.913642
1.913642
1.893566
1.893566
1.917827
1.917827
1.901315
1.901315
1.897646
1.897646
1.910469
1.910469
1.901846
1.901846
1.893240
1.893240
1.909285
1.909285
1.909737
1.909737
1.895262
1.895262
1.892430
1.892430
1.905921
1.905921
1.904809
1.904809
1.902792
1.902792
1.919733
1.919733
1.905050
1.905050
1.898702
1.898702
1.900025
1.900025
1.909581
1.909581
1.892754
1.892754
1.907108
1.907108
1.890797
1.890797
1.885051
1.885051
1.922513
1.922513
1.916149
1.916149
1.922315
1.922315
1.902176
1.902176
1.886853
1.886853
1.897968
1.897968
1.900293
1.900293
1.908202
1.908202
1.885721
1.885721
1.912439
1.912439
1.894373
1.894373
1.925696
1.925696
1.891578
1.891578
1.918762
1.918762
1.902230
1.902230
1.893058
1.893058
1.906505
1.906505
1.881270
1.881270
1.889902
1.889902
1.918524
1.918524
1.916985
1.916985
1.900338
1.900338
1.898177
1.898177
1.899466
1.899466
1.906616
1.906616
1.906330
1.906330
1.884787
1.884787
1.906134
1.906134
1.896336
1.896336
1.896827
1.896827
1.906278
1.906278
1.898695
1.898695
1.899431
1.899431
1.915464
1.915464
1.885855
1.885855
1.901112
1.901112
1.908172
1.908172
1.894652
1.894652
1.909616
1.909616
1.895440
1.895440
1.906410
1.906410
1.891063
1.891063
1.890281
1.890281
1.903605
1.903605
1.907668
1.907668
1.904142
1.904142
1.889388
1.889388
1.899546
1.899546
1.898003
1.898003
1.909911
1.909911
1.889563
1.889563
1.914943
1.914943
1.898631
1.898631
1.898405
1.898405
1.894671
1.894671
1.905797
1.905797
1.910251
1.910251
1.905596
1.905596
1.920015
1.920015
1.888187
1.888187
1.892524
1.892524
1.877866
1.877866
1.897106
1.897106
1.894834
1.894834
1.887857
1.887857
1.905138
1.905138
1.945746
1.945746
1.897414
1.897414
1.890978
1.890978
1.905219
1.905219
1.913319
1.913319
1.869545
1.869545
1.899721
1.899721
1.918214
1.918214
1.896783
1.896783
1.888190
1.888190
1.880322
1.880322
1.904914
1.904914
1.895174
1.895174
1.892619
1.892619
1.895581
1.895581
1.926193
1.926193
1.898571
1.898571
1.897738
1.897738
1.908250
1.908250
1.892620
1.892620
1.892742
1.892742
1.901248
1.901248
1.882851
1.882851
1.921585
1.921585
1.885366
1.885366
1.909458
1.909458
1.923497
1.923497
1.890370
1.890370
1.897370
1.897370
1.889093
1.889093
1.874500
1.874500
1.895195
1.895195
1.897516
1.897516
1.899461
1.899461
1.902569
1.902569
1.889361
1.889361
1.893944
1.893944
1.902457
1.902457
1.879568
1.879568
1.909826
1.909826
1.916041
1.916041
1.898021
1.898021
1.886316
1.886316
1.890662
1.890662
1.910727
1.910727
1.913603
1.913603
1.898490
1.898490
1.893253
1.893253
1.902137
1.902137
1.891615
1.891615
1.911772
1.911772
1.908199
1.908199
1.872079
1.872079
1.890705
1.890705
1.912298
1.912298
1.916197
1.916197
1.905382
1.905382
1.896849
1.896849
1.890377
1.890377
1.895879
1.895879
1.895707
1.895707
1.896776
1.896776
1.904400
1.904400
1.893276
1.893276
1.896012
1.896012
1.885571
1.885571
1.909732
1.909732
1.886639
1.886639
1.892237
1.892237
1.902602
1.902602
1.879001
1.879001
1.897709
1.897709
1.886015
1.886015
1.905173
1.905173
1.896644
1.896644
1.893201
1.893201
1.899914
1.899914
1.895408
1.895408
1.898368
1.898368
1.891277
1.891277
1.890930
1.890930
1.886296
1.886296
1.896170
1.896170
1.894339
1.894339
1.901230
1.901230
1.910337
1.910337
1.893803
1.893803
1.890830
1.890830
1.879632
1.879632
1.915782
1.915782
1.900447
1.900447
1.899466
1.899466
1.878116
1.878116
1.910261
1.910261
1.889368
1.889368
1.906834
1.906834
1.886802
1.886802
1.897585
1.897585
1.913378
1.913378
1.884016
1.884016
1.888326
1.888326
1.905506
1.905506
1.891810
1.891810
1.885119
1.885119
1.906902
1.906902
1.859586
1.859586
1.897609
1.897609
1.895010
1.895010
1.899884
1.899884
1.878906
1.878906
1.914762
1.914762
1.882721
1.882721
1.880275
1.880275
1.901106
1.901106
1.915989
1.915989
1.881523
1.881523
1.884339
1.884339
1.883076
1.883076
1.891312
1.891312
1.920767
1.920767
1.880554
1.880554
1.902997
1.902997
1.890077
1.890077
1.888817
1.888817
1.891082
1.891082
1.900073
1.900073
1.890652
1.890652
1.888091
1.888091
1.898878
1.898878
1.891708
1.891708
1.910369
1.910369
1.892391
1.892391
1.882348
1.882348
1.907881
1.907881
1.902806
1.902806
1.855046
1.855046
1.870647
1.870647
1.898146
1.898146
1.902066
1.902066
1.904651
1.904651
1.886188
1.886188
1.888476
1.888476
1.892573
1.892573
1.883376
1.883376
1.906243
1.906243
1.900714
1.900714
1.901352
1.901352
1.883760
1.883760
1.885647
1.885647
1.889225
1.889225
1.934466
1.934466
1.892668
1.892668
1.888893
1.888893
1.906698
1.906698
1.893823
1.893823
1.859218
1.859218
1.880819
1.880819
1.889660
1.889660
1.885234
1.885234
1.906689
1.906689
1.923162
1.923162
1.895302
1.895302
1.905398
1.905398
1.868423
1.868423
1.900310
1.900310
1.898638
1.898638
1.892730
1.892730
1.904681
1.904681
1.888028
1.888028
1.889545
1.889545
1.878675
1.878675
1.880587
1.880587
1.897644
1.897644
1.892574
1.892574
1.895846
1.895846
1.904687
1.904687
1.901008
1.901008
1.886504
1.886504
1.892433
1.892433
1.896848
1.896848
1.869030
1.869030
1.888052
1.888052
1.904186
1.904186
1.891662
1.891662
1.897263
1.897263
1.852102
1.852102
1.876775
1.876775
1.890819
1.890819
1.892180
1.892180
1.901404
1.901404
1.916108
1.916108
1.899538
1.899538
1.875892
1.875892
1.889333
1.889333
1.900553
1.900553
1.899945
1.899945
1.895878
1.895878
1.898662
1.898662
1.888790
1.888790
1.879864
1.879864
1.904511
1.904511
1.897936
1.897936
1.890854
1.890854
1.883433
1.883433
1.892216
1.892216
1.897919
1.897919
1.889668
1.889668
1.898554
1.898554
1.895603
1.895603
1.884226
1.884226
1.883477
1.883477
1.889799
1.889799
1.884256
1.884256
1.892309
1.892309
1.895965
1.895965
1.900102
1.900102
1.885654
1.885654
1.884105
1.884105
1.902459
1.902459
1.894696
1.894696
1.882713
1.882713
1.893666
1.893666
1.882318
1.882318
1.886712
1.886712
1.901765
1.901765
1.889282
1.889282
1.888995
1.888995
1.893588
1.893588
1.885902
1.885902
1.889989
1.889989
1.908501
1.908501
1.873170
1.873170
1.905453
1.905453
1.894002
1.894002
1.894982
1.894982
1.878654
1.878654
1.906728
1.906728
1.867617
1.867617
1.887774
1.887774
1.899938
1.899938
1.896720
1.896720
1.906260
1.906260
1.873578
1.873578
1.882659
1.882659
1.891282
1.891282
1.923013
1.923013
1.877490
1.877490
1.905818
1.905818
1.889144
1.889144
1.882153
1.882153
1.918073
1.918073
1.895677
1.895677
1.888157
1.888157
1.883855
1.883855
1.899142
1.899142
1.875311
1.875311
1.900811
1.900811
1.889971
1.889971
1.890581
1.890581
1.878540
1.878540
1.896772
1.896772
1.887790
1.887790
1.894142
1.894142
1.887403
1.887403
1.885673
1.885673
1.911417
1.911417
1.893222
1.893222
1.887453
1.887453
1.900760
1.900760
1.882911
1.882911
1.878464
1.878464
1.895840
1.895840
1.884043
1.884043
1.876277
1.876277
1.908295
1.908295
1.874786
1.874786
1.894850
1.894850
1.895541
1.895541
1.884288
1.884288
1.889536
1.889536
1.871711
1.871711
1.897895
1.897895
1.880193
1.880193
1.892972
1.892972
1.877416
1.877416
1.920388
1.920388
1.903362
1.903362
1.886607
1.886607
1.887056
1.887056
1.872820
1.872820
1.912261
1.912261
1.877043
1.877043
1.887579
1.887579
1.882525
1.882525
1.905527
1.905527
1.899787
1.899787
1.884390
1.884390
1.885350
1.885350
1.874518
1.874518
1.917743
1.917743
1.865748
1.865748
1.874466
1.874466
1.884029
1.884029
1.885598
1.885598
1.899917
1.899917
1.922378
1.922378
1.883991
1.883991
1.889940
1.889940
1.887589
1.887589
1.887657
1.887657
1.902737
1.902737
1.904948
1.904948
1.878877
1.878877
1.889846
1.889846
1.884345
1.884345
1.871207
1.871207
1.882883
1.882883
1.886298
1.886298
1.895168
1.895168
1.875871
1.875871
1.927680
1.927680
1.895456
1.895456
1.882261
1.882261
1.884905
1.884905
1.886935
1.886935
1.893645
1.893645
1.889032
1.889032
1.891103
1.891103
1.886123
1.886123
1.876325
1.876325
1.913768
1.913768
1.887227
1.887227
1.886021
1.886021
1.877732
1.877732
1.895377
1.895377
1.898543
1.898543
1.880954
1.880954
1.885479
1.885479
1.890218
1.890218
1.888750
1.888750
1.899278
1.899278
1.889898
1.889898
1.897439
1.897439
1.870225
1.870225
1.890744
1.890744
1.886741
1.886741
1.883980
1.883980
1.887279
1.887279
1.881547
1.881547
1.897910
1.897910
1.875224
1.875224
1.878862
1.878862
1.907813
1.907813
1.871635
1.871635
1.888262
1.888262
1.885252
1.885252
1.868755
1.868755
1.862123
1.862123
1.902965
1.902965
1.901709
1.901709
1.918731
1.918731
1.893989
1.893989
1.903226
1.903226
1.875880
1.875880
1.876799
1.876799
1.868464
1.868464
1.881269
1.881269
1.889274
1.889274
1.896480
1.896480
1.880943
1.880943
1.872572
1.872572
1.880201
1.880201
1.882527
1.882527
1.891227
1.891227
1.891678
1.891678
1.878177
1.878177
1.885778
1.885778
1.893622
1.893622
1.879582
1.879582
1.888793
1.888793
1.868775
1.868775
1.876462
1.876462
1.875881
1.875881
1.891606
1.891606
1.898698
1.898698
1.883360
1.883360
1.885749
1.885749
1.885083
1.885083
1.887171
1.887171
1.882789
1.882789
1.887215
1.887215
1.884107
1.884107
1.897964
1.897964
1.881552
1.881552
1.886556
1.886556
1.854042
1.854042
1.883694
1.883694
1.888711
1.888711
1.863824
1.863824
1.904256
1.904256
1.884139
1.884139
1.879639
1.879639
1.897252
1.897252
1.885777
1.885777
1.870790
1.870790
1.905076
1.905076
1.883605
1.883605
1.880100
1.880100
1.885364
1.885364
1.885018
1.885018
1.900162
1.900162
1.892060
1.892060
1.900438
1.900438
1.875823
1.875823
1.871295
1.871295
1.878944
1.878944
1.875175
1.875175
1.877938
1.877938
1.891799
1.891799
1.890319
1.890319
1.890891
1.890891
1.888509
1.888509
1.881895
1.881895
1.869307
1.869307
1.892361
1.892361
1.898869
1.898869
1.877319
1.877319
1.888560
1.888560
1.889272
1.889272
1.879423
1.879423
1.888349
1.888349
1.884037
1.884037
1.892672
1.892672
1.861987
1.861987
1.894076
1.894076
1.891953
1.891953
1.878653
1.878653
1.877221
1.877221
1.883518
1.883518
1.891675
1.891675
1.894716
1.894716
1.898018
1.898018
1.869657
1.869657
1.884863
1.884863
1.869710
1.869710
1.920248
1.920248
1.900971
1.900971
1.877327
1.877327
1.873909
1.873909
1.881379
1.881379
1.878737
1.878737
1.895584
1.895584
1.885158
1.885158
1.867968
1.867968
1.878032
1.878032
1.898348
1.898348
1.870859
1.870859
1.901281
1.901281
1.866113
1.866113
1.877264
1.877264
1.933366
1.933366
1.868499
1.868499
1.882650
1.882650
1.894764
1.894764
1.876288
1.876288
1.909507
1.909507
1.888437
1.888437
1.871409
1.871409
1.884805
1.884805
1.881361
1.881361
1.895280
1.895280
1.879307
1.879307
1.892108
1.892108
1.878981
1.878981
1.878902
1.878902
1.882299
1.882299
1.874689
1.874689
1.897337
1.897337
1.872563
1.872563
1.882074
1.882074
1.888911
1.888911
1.885232
1.885232
1.884513
1.884513
1.884635
1.884635
1.876014
1.876014
1.874978
1.874978
1.882053
1.882053
1.867836
1.867836
1.905944
1.905944
1.875909
1.875909
1.869235
1.869235
1.879651
1.879651
1.862619
1.862619
1.892858
1.892858
1.895248
1.895248
1.872479
1.872479
1.879509
1.879509
1.888706
1.888706
1.881607
1.881607
1.877188
1.877188
1.881878
1.881878
1.891756
1.891756
1.884392
1.884392
1.866822
1.866822
1.876559
1.876559
1.904918
1.904918
1.887458
1.887458
1.885848
1.885848
1.883237
1.883237
1.877370
1.877370
1.855337
1.855337
1.888386
1.888386
1.881967
1.881967
1.894102
1.894102
1.874863
1.874863
1.835131
1.835131
1.875615
1.875615
1.888155
1.888155
1.892473
1.892473
1.878110
1.878110
1.848919
1.848919
1.874202
1.874202
1.889789
1.889789
1.878605
1.878605
1.886203
1.886203
1.864639
1.864639
1.887128
1.887128
1.867301
1.867301
1.877293
1.877293
1.883721
1.883721
1.906409
1.906409
1.880656
1.880656
1.876365
1.876365
1.887937
1.887937
1.885920
1.885920
1.852485
1.852485
1.876299
1.876299
1.886586
1.886586
1.884792
1.884792
1.880294
1.880294
1.860553
1.860553
1.884706
1.884706
1.881832
1.881832
1.887347
1.887347
1.867598
1.867598
1.880444
1.880444
1.891909
1.891909
1.865607
1.865607
1.906624
1.906624
1.860122
1.860122
1.869294
1.869294
1.874064
1.874064
1.883768
1.883768
1.867830
1.867830
1.894199
1.894199
1.881861
1.881861
1.891557
1.891557
1.871482
1.871482
1.881520
1.881520
1.880109
1.880109
1.863620
1.863620
1.879488
1.879488
1.888608
1.888608
1.878987
1.878987
1.867928
1.867928
1.893943
1.893943
1.898374
1.898374
1.881584
1.881584
1.890197
1.890197
1.850456
1.850456
1.874449
1.874449
1.879849
1.879849
1.861157
1.861157
1.875908
1.875908
1.892774
1.892774
1.909553
1.909553
1.877958
1.877958
1.895933
1.895933
1.867917
1.867917
1.878127
1.878127
1.873821
1.873821
1.888243
1.888243
1.881736
1.881736
1.895674
1.895674
1.859129
1.859129
1.855880
1.855880
1.885891
1.885891
1.873784
1.873784
1.890069
1.890069
1.881230
1.881230
1.833044
1.833044
1.887529
1.887529
1.871202
1.871202
1.883711
1.883711
1.880789
1.880789
1.855323
1.855323
1.873774
1.873774
1.871144
1.871144
1.885046
1.885046
1.885236
1.885236
1.878615
1.878615
1.889016
1.889016
1.879416
1.879416
1.866457
1.866457
1.879295
1.879295
1.878731
1.878731
1.883631
1.883631
1.871038
1.871038
1.872499
1.872499
1.894616
1.894616
1.851068
1.851068
1.880145
1.880145
1.893642
1.893642
1.876143
1.876143
1.872130
1.872130
1.848455
1.848455
1.888019
1.888019
1.889857
1.889857
1.861735
1.861735
1.873672
1.873672
1.876297
1.876297
1.867182
1.867182
1.865838
1.865838
1.880488
1.880488
1.900936
1.900936
1.871040
1.871040
1.876072
1.876072
1.864285
1.864285
1.878094
1.878094
1.890036
1.890036
1.890256
1.890256
1.880983
1.880983
1.877286
1.877286
1.870574
1.870574
1.876971
1.876971
1.898242
1.898242
1.881989
1.881989
1.876684
1.876684
1.874395
1.874395
1.883633
1.883633
1.860475
1.860475
1.872652
1.872652
1.862631
1.862631
1.881877
1.881877
1.890129
1.890129
1.889689
1.889689
1.881982
1.881982
1.878407
1.878407
1.887618
1.887618
1.861073
1.861073
1.881960
1.881960
1.871321
1.871321
1.878767
1.878767
1.875111
1.875111
1.878110
1.878110
1.899272
1.899272
1.871398
1.871398
1.889976
1.889976
1.865156
1.865156
1.876769
1.876769
1.897512
1.897512
1.886028
1.886028
1.873648
1.873648
1.873285
1.873285
1.879098
1.879098
1.866464
1.866464
1.869152
1.869152
1.878511
1.878511
1.886001
1.886001
1.879265
1.879265
1.861692
1.861692
1.903499
1.903499
1.866230
1.866230
1.873562
1.873562
1.871019
1.871019
1.855157
1.855157
1.879352
1.879352
1.882846
1.882846
1.877584
1.877584
1.877309
1.877309
1.844083
1.844083
1.880885
1.880885
1.874127
1.874127
1.868180
1.868180
1.876253
1.876253
1.900651
1.900651
1.875090
1.875090
1.869447
1.869447
1.879534
1.879534
1.873963
1.873963
1.902900
1.902900
1.884297
1.884297
1.876418
1.876418
1.868487
1.868487
1.865722
1.865722
1.911159
1.911159
1.891227
1.891227
1.896928
1.896928
1.854346
1.854346
1.866066
1.866066
1.864375
1.864375
1.868195
1.868195
1.871104
1.871104
1.887484
1.887484
1.874486
1.874486
1.887138
1.887138
1.875100
1.875100
1.883017
1.883017
1.876606
1.876606
1.873475
1.873475
1.861756
1.861756
1.873683
1.873683
1.866844
1.866844
1.875366
1.875366
1.882002
1.882002
1.893476
1.893476
1.862800
1.862800
1.881868
1.881868
1.877789
1.877789
1.880485
1.880485
1.874148
1.874148
1.880223
1.880223
1.890177
1.890177
1.858824
1.858824
1.863378
1.863378
1.906170
1.906170
1.877111
1.877111
1.864262
1.864262
1.884509
1.884509
1.871284
1.871284
1.889170
1.889170
1.873960
1.873960
1.892825
1.892825
1.858644
1.858644
1.878251
1.878251
1.866224
1.866224
1.863254
1.863254
1.873912
1.873912
1.864417
1.864417
1.894440
1.894440
1.890128
1.890128
1.866791
1.866791
1.882799
1.882799
1.875266
1.875266
1.861544
1.861544
1.920349
1.920349
1.877013
1.877013
1.881703
1.881703
1.877294
1.877294
1.869278
1.869278
1.855685
1.855685
1.861763
1.861763
1.883008
1.883008
1.878819
1.878819
1.875970
1.875970
1.872531
1.872531
1.874105
1.874105
1.873749
1.873749
1.875253
1.875253
1.874004
1.874004
1.878479
1.878479
1.881762
1.881762
1.864465
1.864465
1.874853
1.874853
1.886575
1.886575
1.841320
1.841320
1.871419
1.871419
1.900650
1.900650
1.863591
1.863591
1.859107
1.859107
1.881710
1.881710
1.888343
1.888343
1.872938
1.872938
1.866412
1.866412
1.863548
1.863548
1.891277
1.891277
1.868804
1.868804
1.863119
1.863119
1.878550
1.878550
1.885499
1.885499
1.872580
1.872580
1.860550
1.860550
1.867204
1.867204
1.898092
1.898092
1.874822
1.874822
1.853565
1.853565
1.874253
1.874253
1.888287
1.888287
1.864609
1.864609
1.865701
1.865701
1.876681
1.876681
1.867461
1.867461
1.861078
1.861078
1.885410
1.885410
1.874638
1.874638
1.888267
1.888267
1.882593
1.882593
1.878302
1.878302
1.862028
1.862028
1.866548
1.866548
1.883052
1.883052
1.881348
1.881348
1.865168
1.865168
1.879275
1.879275
1.868611
1.868611
1.864639
1.864639
1.862637
1.862637
1.870343
1.870343
1.873832
1.873832
1.874034
1.874034
1.908254
1.908254
1.866000
1.866000
1.883250
1.883250
1.867719
1.867719
1.877690
1.877690
1.861540
1.861540
1.888088
1.888088
1.882405
1.882405
1.868266
1.868266
1.863238
1.863238
1.836444
1.836444
1.878777
1.878777
1.875373
1.875373
1.873040
1.873040
1.865040
1.865040
1.867690
1.867690
1.881422
1.881422
1.890632
1.890632
1.862101
1.862101
1.868155
1.868155
1.832114
1.832114
1.870909
1.870909
1.881999
1.881999
1.861946
1.861946
1.873407
1.873407
1.877038
1.877038
1.874159
1.874159
1.873478
1.873478
1.865800
1.865800
1.877940
1.877940
1.864969
1.864969
1.868773
1.868773
1.872298
1.872298
1.871506
1.871506
1.872360
1.872360
1.884162
1.884162
1.881653
1.881653
1.852829
1.852829
1.876435
1.876435
1.875029
1.875029
1.878188
1.878188
1.886472
1.886472
1.865742
1.865742
1.859244
1.859244
1.873712
1.873712
1.877611
1.877611
1.878477
1.878477
1.877800
1.877800
1.871633
1.871633
1.859944
1.859944
1.865919
1.865919
1.868720
1.868720
1.864893
1.864893
1.891230
1.891230
1.870052
1.870052
1.840595
1.840595
1.871611
1.871611
1.873289
1.873289
1.868598
1.868598
1.868449
1.868449
1.882012
1.882012
1.870263
1.870263
1.853785
1.853785
1.877465
1.877465
1.891399
1.891399
1.844440
1.844440
1.888027
1.888027
1.842830
1.842830
1.876511
1.876511
1.878690
1.878690
1.866307
1.866307
1.850862
1.850862
1.886386
1.886386
1.860970
1.860970
1.879650
1.879650
1.891902
1.891902
1.860781
1.860781
1.874603
1.874603
1.871841
1.871841
1.874783
1.874783
1.876068
1.876068
1.866794
1.866794
1.868274
1.868274
1.861170
1.861170
1.891272
1.891272
1.855393
1.855393
1.866165
1.866165
1.878422
1.878422
1.860064
1.860064
1.881898
1.881898
1.856577
1.856577
1.861146
1.861146
1.873682
1.873682
1.868766
1.868766
1.865009
1.865009
1.914481
1.914481
1.878718
1.878718
1.876324
1.876324
1.861349
1.861349
1.863767
1.863767
1.874823
1.874823
1.865328
1.865328
1.874718
1.874718
1.879233
1.879233
1.863090
1.863090
1.866643
1.866643
1.865150
1.865150
1.887158
1.887158
1.867102
1.867102
1.859340
1.859340
1.877825
1.877825
1.888224
1.888224
1.868866
1.868866
1.858829
1.858829
1.860943
1.860943
1.883194
1.883194
1.878709
1.878709
1.872673
1.872673
1.845681
1.845681
1.879192
1.879192
1.883671
1.883671
1.882795
1.882795
1.860546
1.860546
1.874478
1.874478
1.861860
1.861860
1.870320
1.870320
1.874919
1.874919
1.895334
1.895334
1.860507
1.860507
1.845588
1.845588
1.878792
1.878792
1.860116
1.860116
1.875687
1.875687
1.871094
1.871094
1.872125
1.872125
1.867588
1.867588
1.864847
1.864847
1.881986
1.881986
1.857535
1.857535
1.880423
1.880423
1.847217
1.847217
1.879033
1.879033
1.870095
1.870095
1.860687
1.860687
1.863914
1.863914
1.884217
1.884217
1.880332
1.880332
1.867523
1.867523
1.872067
1.872067
1.861510
1.861510
1.858550
1.858550
1.864642
1.864642
1.892376
1.892376
1.853554
1.853554
1.874902
1.874902
1.843919
1.843919
1.890185
1.890185
1.870120
1.870120
1.859690
1.859690
1.864597
1.864597
1.845320
1.845320
1.884476
1.884476
1.860998
1.860998
1.874707
1.874707
1.863290
1.863290
1.847700
1.847700
1.864008
1.864008
1.874736
1.874736
1.871292
1.871292
1.871996
1.871996
1.851489
1.851489
1.863055
1.863055
1.880280
1.880280
1.846206
1.846206
1.876404
1.876404
1.903652
1.903652
1.877028
1.877028
1.862031
1.862031
1.869758
1.869758
1.874626
1.874626
1.843999
1.843999
1.866066
1.866066
1.879720
1.879720
1.864324
1.864324
1.865379
1.865379
1.867078
1.867078
1.869539
1.869539
1.879443
1.879443
1.856331
1.856331
1.857074
1.857074
1.906382
1.906382
1.862859
1.862859
1.854542
1.854542
1.868239
1.868239
1.874298
1.874298
1.911137
1.911137
1.876163
1.876163
1.870023
1.870023
1.880128
1.880128
1.845031
1.845031
1.871462
1.871462
1.854759
1.854759
1.886754
1.886754
1.857704
1.857704
1.872424
1.872424
1.869129
1.869129
1.883106
1.883106
1.849837
1.849837
1.856779
1.856779
1.880847
1.880847
1.871069
1.871069
1.857898
1.857898
1.854276
1.854276
1.880357
1.880357
1.876950
1.876950
1.872961
1.872961
1.853184
1.853184
1.877755
1.877755
1.868399
1.868399
1.864588
1.864588
1.890424
1.890424
1.864151
1.864151
1.871277
1.871277
1.874939
1.874939
1.863833
1.863833
1.855701
1.855701
1.867738
1.867738
1.869835
1.869835
1.860643
1.860643
1.874387
1.874387
1.859806
1.859806
1.856729
1.856729
1.870930
1.870930
1.858377
1.858377
1.865089
1.865089
1.929913
1.929913
1.870219
1.870219
1.866688
1.866688
1.883946
1.883946
1.858206
1.858206
1.835880
1.835880
1.859918
1.859918
1.860041
1.860041
1.869670
1.869670
1.877242
1.877242
1.875103
1.875103
1.876213
1.876213
1.849555
1.849555
1.865990
1.865990
1.879832
1.879832
1.858505
1.858505
1.874740
1.874740
1.881696
1.881696
1.855239
1.855239
1.859289
1.859289
1.860536
1.860536
1.861178
1.861178
1.874875
1.874875
1.869416
1.869416
1.854952
1.854952
1.895795
1.895795
1.867009
1.867009
1.861227
1.861227
1.879283
1.879283
1.858954
1.858954
1.875682
1.875682
1.863374
1.863374
1.873666
1.873666
1.861504
1.861504
1.878506
1.878506
1.839440
1.839440
1.869754
1.869754
1.867202
1.867202
1.855080
1.855080
1.880303
1.880303
1.853793
1.853793
1.852972
1.852972
1.869202
1.869202
1.878962
1.878962
1.870185
1.870185
1.855345
1.855345
1.867457
1.867457
1.858903
1.858903
1.877660
1.877660
1.862319
1.862319
1.869458
1.869458
1.879212
1.879212
1.877487
1.877487
1.857059
1.857059
1.864482
1.864482
1.827031
1.827031
1.873876
1.873876
1.869697
1.869697
1.877252
1.877252
1.848436
1.848436
1.852721
1.852721
1.882908
1.882908
1.872967
1.872967
1.851377
1.851377
1.864555
1.864555
1.840193
1.840193
1.890565
1.890565
1.867642
1.867642
1.856400
1.856400
1.854344
1.854344
1.846447
1.846447
1.871210
1.871210
1.872071
1.872071
1.847340
1.847340
1.863446
1.863446
1.893635
1.893635
1.857108
1.857108
1.886222
1.886222
1.847287
1.847287
1.866861
1.866861
1.880930
1.880930
1.875221
1.875221
1.859060
1.859060
1.861943
1.861943
1.866684
1.866684
1.862022
1.862022
1.873891
1.873891
1.846440
1.846440
1.876318
1.876318
1.866955
1.866955
1.858753
1.858753
1.873244
1.873244
1.852364
1.852364
1.879724
1.879724
1.848755
1.848755
1.889420
1.889420
1.877439
1.877439
1.866156
1.866156
1.849744
1.849744
1.871822
1.871822
1.851234
1.851234
1.870705
1.870705
1.859460
1.859460
1.870376
1.870376
1.861042
1.861042
1.861305
1.861305
1.857658
1.857658
1.865575
1.865575
1.868083
1.868083
1.860196
1.860196
1.892781
1.892781
1.869323
1.869323
1.853853
1.853853
1.853445
1.853445
1.877619
1.877619
1.881960
1.881960
1.866569
1.866569
1.858618
1.858618
1.876125
1.876125
1.862003
1.862003
1.850253
1.850253
1.858153
1.858153
1.870471
1.870471
1.873276
1.873276
1.854879
1.854879
1.870441
1.870441
1.866091
1.866091
1.872807
1.872807
1.858981
1.858981
1.855571
1.855571
1.880185
1.880185
1.881647
1.881647
1.866222
1.866222
1.861472
1.861472
1.853238
1.853238
1.848465
1.848465
1.853157
1.853157
1.865602
1.865602
1.879631
1.879631
1.853483
1.853483
1.882506
1.882506
1.855986
1.855986
1.864218
1.864218
1.867364
1.867364
1.870235
1.870235
1.861196
1.861196
1.866992
1.866992
1.879652
1.879652
1.847858
1.847858
1.859311
1.859311
1.872866
1.872866
1.849078
1.849078
1.874646
1.874646
1.858114
1.858114
1.865951
1.865951
1.891347
1.891347
1.881622
1.881622
1.864652
1.864652
1.856347
1.856347
1.854332
1.854332
1.859927
1.859927
1.860031
1.860031
1.851018
1.851018
1.879752
1.879752
1.867073
1.867073
1.856222
1.856222
1.863903
1.863903
1.858724
1.858724
1.878123
1.878123
1.855715
1.855715
1.860218
1.860218
1.856006
1.856006
1.862173
1.862173
1.869814
1.869814
1.863707
1.863707
1.875350
1.875350
1.870239
1.870239
1.851321
1.851321
1.874249
1.874249
1.859101
1.859101
1.863848
1.863848
1.867314
1.867314
1.860141
1.860141
1.865636
1.865636
1.863646
1.863646
1.857060
1.857060
1.872882
1.872882
1.854976
1.854976
1.860520
1.860520
1.854257
1.854257
1.902755
1.902755
1.854587
1.854587
1.870715
1.870715
1.864809
1.864809
1.860660
1.860660
1.874119
1.874119
1.876865
1.876865
1.854819
1.854819
1.862395
1.862395
1.858342
1.858342
1.867064
1.867064
1.862850
1.862850
1.868308
1.868308
1.865309
1.865309
1.874773
1.874773
1.803289
1.803289
1.866673
1.866673
1.858446
1.858446
1.856999
1.856999
1.871010
1.871010
1.861609
1.861609
1.854646
1.854646
1.855688
1.855688
1.856818
1.856818
1.882777
1.882777
1.870405
1.870405
1.859769
1.859769
1.854355
1.854355
1.861640
1.861640
1.879653
1.879653
1.850505
1.850505
1.856718
1.856718
1.874637
1.874637
1.861046
1.861046
1.859162
1.859162
1.861756
1.861756
1.862788
1.862788
1.884503
1.884503
1.843901
1.843901
1.861496
1.861496
1.856875
1.856875
1.866449
1.866449
1.868997
1.868997
1.859954
1.859954
1.857607
1.857607
1.855249
1.855249
1.878510
1.878510
1.835322
1.835322
1.866965
1.866965
1.865611
1.865611
1.877030
1.877030
1.860889
1.860889
1.862776
1.862776
1.864717
1.864717
1.856400
1.856400
1.881518
1.881518
1.841766
1.841766
1.884769
1.884769
1.855635
1.855635
1.873523
1.873523
1.843720
1.843720
1.855711
1.855711
1.863351
1.863351
1.859291
1.859291
1.868774
1.868774
1.870411
1.870411
1.873338
1.873338
1.850034
1.850034
1.874499
1.874499
1.853001
1.853001
1.856751
1.856751
1.855163
1.855163
1.853748
1.853748
1.873772
1.873772
1.864130
1.864130
1.869511
1.869511
1.863913
1.863913
1.856599
1.856599
1.854153
1.854153
1.871750
1.871750
1.869929
1.869929
1.884421
1.884421
1.861186
1.861186
1.849721
1.849721
1.865112
1.865112
1.822506
1.822506
1.868228
1.868228
1.848706
1.848706
1.872613
1.872613
1.853482
1.853482
1.879331
1.879331
1.872590
1.872590
1.852957
1.852957
1.853909
1.853909
1.863287
1.863287
1.878658
1.878658
1.854734
1.854734
1.879387
1.879387
1.836721
1.836721
1.873250
1.873250
1.872004
1.872004
1.874252
1.874252
1.861127
1.861127
1.845215
1.845215
1.872858
1.872858
1.838989
1.838989
1.861007
1.861007
1.865339
1.865339
1.862182
1.862182
1.855518
1.855518
1.868716
1.868716
1.856287
1.856287
1.865467
1.865467
1.848614
1.848614
1.873752
1.873752
1.867211
1.867211
1.878008
1.878008
1.856499
1.856499
1.850564
1.850564
1.863585
1.863585
1.850826
1.850826
1.871866
1.871866
1.852486
1.852486
1.866896
1.866896
1.854823
1.854823
1.858393
1.858393
1.862914
1.862914
1.859504
1.859504
1.857899
1.857899
1.868426
1.868426
1.848644
1.848644
1.833835
1.833835
1.871717
1.871717
1.875026
1.875026
1.862290
1.862290
1.866966
1.866966
1.862637
1.862637
1.862873
1.862873
1.853076
1.853076
1.856729
1.856729
1.890754
1.890754
1.853055
1.853055
1.853441
1.853441
1.854395
1.854395
1.879305
1.879305
1.873028
1.873028
1.847854
1.847854
1.863759
1.863759
1.868317
1.868317
1.867591
1.867591
1.847167
1.847167
1.849649
1.849649
1.863072
1.863072
1.882055
1.882055
1.847179
1.847179
1.864118
1.864118
1.872131
1.872131
1.843527
1.843527
1.858695
1.858695
1.867539
1.867539
1.862378
1.862378
1.851783
1.851783
1.880743
1.880743
1.844212
1.844212
1.870314
1.870314
1.843060
1.843060
1.854355
1.854355
1.869798
1.869798
1.840234
1.840234
1.884565
1.884565
1.834354
1.834354
1.865341
1.865341
1.852597
1.852597
1.857364
1.857364
1.852150
1.852150
1.903473
1.903473
1.873602
1.873602
1.840031
1.840031
1.865453
1.865453
1.868657
1.868657
1.833917
1.833917
1.859965
1.859965
1.882299
1.882299
1.845264
1.845264
1.847579
1.847579
1.874436
1.874436
1.855702
1.855702
1.853387
1.853387
1.864956
1.864956
1.860088
1.860088
1.876754
1.876754
1.849947
1.849947
1.846435
1.846435
1.857210
1.857210
1.878968
1.878968
1.881122
1.881122
1.850044
1.850044
1.860762
1.860762
1.860262
1.860262
1.851066
1.851066
1.915102
1.915102
1.861037
1.861037
1.851639
1.851639
1.855585
1.855585
1.873438
1.873438
1.849156
1.849156
1.862670
1.862670
1.862789
1.862789
1.841606
1.841606
1.878401
1.878401
1.835010
1.835010
1.863488
1.863488
1.861496
1.861496
1.864747
1.864747
1.854533
1.854533
1.836914
1.836914
1.868861
1.868861
1.844547
1.844547
1.867176
1.867176
1.853368
1.853368
1.869336
1.869336
1.854141
1.854141
1.865018
1.865018
1.860506
1.860506
1.852221
1.852221
1.874487
1.874487
1.850850
1.850850
1.870835
1.870835
1.846708
1.846708
1.861113
1.861113
1.880808
1.880808
1.880935
1.880935
1.860546
1.860546
1.850298
1.850298
1.851873
1.851873
1.831920
1.831920
1.858454
1.858454
1.850602
1.850602
1.865329
1.865329
1.862928
1.862928
1.851335
1.851335
1.848455
1.848455
1.844915
1.844915
1.851539
1.851539
1.879188
1.879188
1.893685
1.893685
1.848224
1.848224
1.862375
1.862375
1.846406
1.846406
1.879124
1.879124
1.852045
1.852045
1.849895
1.849895
1.840421
1.840421
1.866672
1.866672
1.870010
1.870010
1.881367
1.881367
1.847897
1.847897
1.854798
1.854798
1.865933
1.865933
1.860670
1.860670
1.872517
1.872517
1.847733
1.847733
1.838324
1.838324
1.856065
1.856065
1.880470
1.880470
1.893567
1.893567
1.860111
1.860111
1.851445
1.851445
1.870044
1.870044
1.853597
1.853597
1.850590
1.850590
1.843193
1.843193
1.856217
1.856217
1.878482
1.878482
1.857125
1.857125
1.850219
1.850219
1.856750
1.856750
1.857130
1.857130
1.861181
1.861181
1.859802
1.859802
1.849429
1.849429
1.853995
1.853995
1.849816
1.849816
1.859342
1.859342
1.865639
1.865639
1.867505
1.867505
1.849174
1.849174
1.860946
1.860946
1.854817
1.854817
1.871966
1.871966
1.838709
1.838709
1.854600
1.854600
1.863826
1.863826
1.860781
1.860781
1.854519
1.854519
1.847478
1.847478
1.844003
1.844003
1.862866
1.862866
1.869564
1.869564
1.856850
1.856850
1.847633
1.847633
1.858122
1.858122
1.834171
1.834171
1.877591
1.877591
1.866238
1.866238
1.837003
1.837003
1.852645
1.852645
1.838275
1.838275
1.870521
1.870521
1.863368
1.863368
1.873175
1.873175
1.845614
1.845614
1.843492
1.843492
1.867020
1.867020
1.877399
1.877399
1.842438
1.842438
1.849284
1.849284
1.863351
1.863351
1.856039
1.856039
1.855654
1.855654
1.871471
1.871471
1.859258
1.859258
1.868585
1.868585
1.848176
1.848176
1.857639
1.857639
1.839153
1.839153
1.852764
1.852764
1.860294
1.860294
1.845863
1.845863
1.861265
1.861265
1.883111
1.883111
1.863745
1.863745
1.843971
1.843971
1.862940
1.862940
1.855680
1.855680
1.861710
1.861710
1.864871
1.864871
1.862333
1.862333
1.855244
1.855244
1.843592
1.843592
1.861841
1.861841
1.853505
1.853505
1.846842
1.846842
1.848023
1.848023
1.884275
1.884275
1.839150
1.839150
1.865854
1.865854
1.852686
1.852686
1.853870
1.853870
1.858579
1.858579
1.843789
1.843789
1.862553
1.862553
1.859099
1.859099
1.855283
1.855283
1.853944
1.853944
1.842994
1.842994
1.872476
1.872476
1.859143
1.859143
1.861312
1.861312
1.839931
1.839931
1.834941
1.834941
1.854796
1.854796
1.846840
1.846840
1.860503
1.860503
1.862751
1.862751
1.860380
1.860380
1.857564
1.857564
1.856776
1.856776
1.858602
1.858602
1.866718
1.866718
1.810184
1.810184
1.854074
1.854074
1.862019
1.862019
1.844212
1.844212
1.867161
1.867161
1.848811
1.848811
1.854137
1.854137
1.856475
1.856475
1.833272
1.833272
1.876187
1.876187
1.872183
1.872183
1.873298
1.873298
1.850938
1.850938
1.843852
1.843852
1.856352
1.856352
1.856899
1.856899
1.846323
1.846323
1.852512
1.852512
1.859063
1.859063
1.863099
1.863099
1.867378
1.867378
1.855738
1.855738
1.849610
1.849610
1.858888
1.858888
1.860594
1.860594
1.853553
1.853553
1.850590
1.850590
1.856611
1.856611
1.861696
1.861696
1.860311
1.860311
1.837900
1.837900
1.858586
1.858586
1.863331
1.863331
1.851762
1.851762
1.863431
1.863431
1.810301
1.810301
1.868476
1.868476
1.848143
1.848143
1.850932
1.850932
1.857352
1.857352
1.849186
1.849186
1.862937
1.862937
1.858495
1.858495
1.859666
1.859666
1.838231
1.838231
1.866230
1.866230
1.865576
1.865576
1.856353
1.856353
1.837131
1.837131
1.857667
1.857667
1.873767
1.873767
1.850491
1.850491
1.846821
1.846821
1.866199
1.866199
1.851834
1.851834
1.877508
1.877508
1.855269
1.855269
1.851314
1.851314
1.863350
1.863350
1.857360
1.857360
1.837066
1.837066
1.843220
1.843220
1.867240
1.867240
1.853646
1.853646
1.864689
1.864689
1.831207
1.831207
1.873357
1.873357
1.836083
1.836083
1.860241
1.860241
1.846111
1.846111
1.873235
1.873235
1.871006
1.871006
1.860630
1.860630
1.849071
1.849071
1.845495
1.845495
1.837327
1.837327
1.843644
1.843644
1.871197
1.871197
1.844661
1.844661
1.856668
1.856668
1.869458
1.869458
1.845711
1.845711
1.854772
1.854772
1.863153
1.863153
1.860505
1.860505
1.842042
1.842042
1.857987
1.857987
1.844915
1.844915
1.861449
1.861449
1.854219
1.854219
1.859419
1.859419
1.857629
1.857629
1.860393
1.860393
1.863193
1.863193
1.844306
1.844306
1.834958
1.834958
1.865484
1.865484
1.844628
1.844628
1.863910
1.863910
1.845298
1.845298
1.854050
1.854050
1.862543
1.862543
1.848280
1.848280
1.866563
1.866563
1.842461
1.842461
1.851129
1.851129
1.849259
1.849259
1.857873
1.857873
1.862960
1.862960
1.848006
1.848006
1.855951
1.855951
1.854816
1.854816
1.855936
1.855936
1.859464
1.859464
1.846092
1.846092
1.861079
1.861079
1.854143
1.854143
1.846720
1.846720
1.870256
1.870256
1.843299
1.843299
1.866586
1.866586
1.854890
1.854890
1.847312
1.847312
1.875134
1.875134
1.842745
1.842745
1.846799
1.846799
1.846292
1.846292
1.845119
1.845119
1.877093
1.877093
1.847581
1.847581
1.859043
1.859043
1.850191
1.850191
1.846206
1.846206
1.859793
1.859793
1.862015
1.862015
1.850846
1.850846
1.852244
1.852244
1.862706
1.862706
1.852299
1.852299
1.846928
1.846928
1.863047
1.863047
1.848814
1.848814
1.850867
1.850867
1.859020
1.859020
1.857929
1.857929
1.853701
1.853701
1.840942
1.840942
1.841559
1.841559
1.865839
1.865839
1.862304
1.862304
1.872606
1.872606
1.870324
1.870324
1.843620
1.843620
1.864750
1.864750
1.839917
1.839917
1.845335
1.845335
1.866135
1.866135
1.850543
1.850543
1.851792
1.851792
1.850579
1.850579
1.843118
1.843118
1.849400
1.849400
1.851730
1.851730
1.878279
1.878279
1.838525
1.838525
1.845840
1.845840
1.840039
1.840039
1.860378
1.860378
1.858451
1.858451
1.848002
1.848002
1.881809
1.881809
1.857013
1.857013
1.848315
1.848315
1.870455
1.870455
1.845281
1.845281
1.833801
1.833801
1.838220
1.838220
1.857248
1.857248
1.853115
1.853115
1.859373
1.859373
1.876059
1.876059
1.861037
1.861037
1.851502
1.851502
1.840488
1.840488
1.857192
1.857192
1.866491
1.866491
1.860817
1.860817
1.845949
1.845949
1.852354
1.852354
1.850009
1.850009
1.867388
1.867388
1.851296
1.851296
1.848277
1.848277
1.866384
1.866384
1.846369
1.846369
1.854309
1.854309
1.841629
1.841629
1.837970
1.837970
1.862044
1.862044
1.871717
1.871717
1.848927
1.848927
1.857414
1.857414
1.857460
1.857460
1.856668
1.856668
1.837680
1.837680
1.860861
1.860861
1.863566
1.863566
1.849072
1.849072
1.854365
1.854365
1.852409
1.852409
1.825940
1.825940
1.858252
1.858252
1.845118
1.845118
1.860394
1.860394
1.844595
1.844595
1.862070
1.862070
1.836750
1.836750
1.875277
1.875277
1.853173
1.853173
1.846663
1.846663
1.849071
1.849071
1.861473
1.861473
1.843988
1.843988
1.848259
1.848259
1.862438
1.862438
1.833150
1.833150
1.865980
1.865980
1.860651
1.860651
1.833722
1.833722
1.854629
1.854629
1.835687
1.835687
1.850356
1.850356
1.839547
1.839547
1.865291
1.865291
1.857174
1.857174
1.843883
1.843883
1.863583
1.863583
1.853516
1.853516
1.849331
1.849331
1.840530
1.840530
1.861879
1.861879
1.856644
1.856644
1.855535
1.855535
1.844362
1.844362
1.856285
1.856285
1.842007
1.842007
1.842204
1.842204
1.862520
1.862520
1.860788
1.860788
1.832303
1.832303
1.891683
1.891683
1.856580
1.856580
1.837002
1.837002
1.852182
1.852182
1.856499
1.856499
1.876362
1.876362
1.847831
1.847831
1.842790
1.842790
1.855345
1.855345
1.858224
1.858224
1.868935
1.868935
1.859264
1.859264
1.846388
1.846388
1.850279
1.850279
1.857423
1.857423
1.837191
1.837191
1.846407
1.846407
1.852735
1.852735
1.852095
1.852095
1.862269
1.862269
1.835457
1.835457
1.840231
1.840231
1.871804
1.871804
1.856645
1.856645
1.840468
1.840468
1.849050
1.849050
1.853306
1.853306
1.858950
1.858950
1.847303
1.847303
1.851431
1.851431
1.841996
1.841996
1.859602
1.859602
1.854884
1.854884
1.855918
1.855918
1.843235
1.843235
1.832350
1.832350
1.855329
1.855329
1.864563
1.864563
1.846075
1.846075
1.837193
1.837193
1.866750
1.866750
1.862123
1.862123
1.857888
1.857888
1.846722
1.846722
1.847059
1.847059
1.831104
1.831104
1.850303
1.850303
1.850720
1.850720
1.846849
1.846849
1.858806
1.858806
1.853686
1.853686
1.851523
1.851523
1.861960
1.861960
1.839086
1.839086
1.854666
1.854666
1.850496
1.850496
1.849888
1.849888
1.854461
1.854461
1.856389
1.856389
1.858347
1.858347
1.810235
1.810235
1.842479
1.842479
1.840888
1.840888
1.849005
1.849005
1.880739
1.880739
1.828500
1.828500
1.862108
1.862108
1.856536
1.856536
1.842900
1.842900
1.845074
1.845074
1.848257
1.848257
1.835672
1.835672
1.857359
1.857359
1.861471
1.861471
1.848766
1.848766
1.858232
1.858232
1.850123
1.850123
1.849833
1.849833
1.860498
1.860498
1.846520
1.846520
1.844837
1.844837
1.851774
1.851774
1.848234
1.848234
1.860972
1.860972
1.846348
1.846348
1.841546
1.841546
1.873412
1.873412
1.843548
1.843548
1.855229
1.855229
1.832667
1.832667
1.847843
1.847843
1.846262
1.846262
1.835035
1.835035
1.847374
1.847374
1.870726
1.870726
1.863880
1.863880
1.862719
1.862719
1.845042
1.845042
1.843185
1.843185
1.849499
1.849499
1.858403
1.858403
1.849106
1.849106
1.838331
1.838331
1.845488
1.845488
1.869106
1.869106
1.851431
1.851431
1.840836
1.840836
1.858175
1.858175
1.834106
1.834106
1.865808
1.865808
1.860246
1.860246
1.858117
1.858117
1.859452
1.859452
1.835885
1.835885
1.853379
1.853379
1.832616
1.832616
1.843868
1.843868
1.858145
1.858145
1.850153
1.850153
1.854561
1.854561
1.831847
1.831847
1.840369
1.840369
1.851529
1.851529
1.860537
1.860537
1.853524
1.853524
1.833238
1.833238
1.864343
1.864343
1.844817
1.844817
1.869010
1.869010
1.823782
1.823782
1.845596
1.845596
1.850121
1.850121
1.834117
1.834117
1.854109
1.854109
1.867417
1.867417
1.832193
1.832193
1.859824
1.859824
1.850936
1.850936
1.840494
1.840494
1.852965
1.852965
1.836476
1.836476
1.853577
1.853577
1.852111
1.852111
1.834420
1.834420
1.856765
1.856765
1.859494
1.859494
1.866167
1.866167
1.846069
1.846069
1.838612
1.838612
1.842924
1.842924
1.868440
1.868440
1.844406
1.844406
1.852603
1.852603
1.852144
1.852144
1.850778
1.850778
1.846878
1.846878
1.841631
1.841631
1.850722
1.850722
1.852945
1.852945
1.864413
1.864413
1.813431
1.813431
1.848879
1.848879
1.851227
1.851227
1.841656
1.841656
1.850638
1.850638
1.870025
1.870025
1.844975
1.844975
1.844140
1.844140
1.852051
1.852051
1.850031
1.850031
1.872892
1.872892
1.856657
1.856657
1.852115
1.852115
1.861795
1.861795
1.838342
1.838342
1.813223
1.813223
1.853528
1.853528
1.833270
1.833270
1.868398
1.868398
1.843836
1.843836
1.845384
1.845384
1.841627
1.841627
1.874634
1.874634
1.838105
1.838105
1.838949
1.838949
1.863604
1.863604
1.866704
1.866704
1.843639
1.843639
1.842809
1.842809
1.838019
1.838019
1.869452
1.869452
1.862489
1.862489
1.844903
1.844903
1.842283
1.842283
1.854376
1.854376
1.825501
1.825501
1.830276
1.830276
1.849911
1.849911
1.865111
1.865111
1.853295
1.853295
1.842859
1.842859
1.847188
1.847188
1.854437
1.854437
1.836480
1.836480
1.862291
1.862291
1.836697
1.836697
1.872161
1.872161
1.839920
1.839920
1.843602
1.843602
1.852990
1.852990
1.808750
1.808750
1.865335
1.865335
1.855898
1.855898
1.852475
1.852475
1.832784
1.832784
1.815177
1.815177
1.841657
1.841657
1.846379
1.846379
1.859383
1.859383
1.855460
1.855460
1.825909
1.825909
1.855718
1.855718
1.853325
1.853325
1.830750
1.830750
1.863332
1.863332
1.823474
1.823474
1.845624
1.845624
1.851584
1.851584
1.845268
1.845268
1.851078
1.851078
1.853944
1.853944
1.823035
1.823035
1.851142
1.851142
1.858544
1.858544
1.855328
1.855328
1.871015
1.871015
1.843974
1.843974
1.841795
1.841795
1.848059
1.848059
1.853292
1.853292
1.872878
1.872878
1.853028
1.853028
1.852460
1.852460
1.856414
1.856414
1.835355
1.835355
1.838149
1.838149
1.853300
1.853300
1.843634
1.843634
1.840355
1.840355
1.860875
1.860875
1.834362
1.834362
1.851100
1.851100
1.855981
1.855981
1.850151
1.850151
1.842827
1.842827
1.827238
1.827238
1.852462
1.852462
1.843121
1.843121
1.837547
1.837547
1.852066
1.852066
1.876016
1.876016
1.867485
1.867485
1.848541
1.848541
1.838085
1.838085
1.840980
1.840980
1.843103
1.843103
1.837889
1.837889
1.853075
1.853075
1.840240
1.840240
1.858700
1.858700
1.860103
1.860103
1.849355
1.849355
1.832090
1.832090
1.854682
1.854682
1.851465
1.851465
1.867955
1.867955
1.849477
1.849477
1.837281
1.837281
1.867796
1.867796
1.847203
1.847203
1.820849
1.820849
1.840931
1.840931
1.850621
1.850621
1.842427
1.842427
1.853304
1.853304
1.868728
1.868728
1.858233
1.858233
1.829706
1.829706
1.842345
1.842345
1.865809
1.865809
1.839003
1.839003
1.844752
1.844752
1.855912
1.855912
1.846055
1.846055
1.854320
1.854320
1.821599
1.821599
1.849136
1.849136
1.843702
1.843702
1.841995
1.841995
1.858355
1.858355
1.846364
1.846364
1.839559
1.839559
1.863274
1.863274
1.864051
1.864051
1.820907
1.820907
1.862210
1.862210
1.859501
1.859501
1.849947
1.849947
1.852841
1.852841
1.837504
1.837504
1.819888
1.819888
1.834263
1.834263
1.849389
1.849389
1.861702
1.861702
1.845834
1.845834
1.846547
1.846547
1.853521
1.853521
1.832530
1.832530
1.854197
1.854197
1.849290
1.849290
1.850742
1.850742
1.853907
1.853907
1.845707
1.845707
1.843538
1.843538
1.848358
1.848358
1.843336
1.843336
1.832060
1.832060
1.846247
1.846247
1.857681
1.857681
1.850681
1.850681
1.858260
1.858260
1.837638
1.837638
1.853898
1.853898
1.834419
1.834419
1.867051
1.867051
1.836282
1.836282
1.861183
1.861183
1.840220
1.840220
1.855282
1.855282
1.832618
1.832618
1.847708
1.847708
1.838440
1.838440
1.838463
1.838463
1.845083
1.845083
1.854336
1.854336
1.889717
1.889717
1.861601
1.861601
1.836289
1.836289
1.836272
1.836272
1.850674
1.850674
1.860268
1.860268
1.834537
1.834537
1.866614
1.866614
1.847036
1.847036
1.843918
1.843918
1.834946
1.834946
1.848901
1.848901
1.836679
1.836679
1.850283
1.850283
1.843732
1.843732
1.875701
1.875701
1.861481
1.861481
1.843569
1.843569
1.828520
1.828520
1.857273
1.857273
1.837431
1.837431
1.848329
1.848329
1.845581
1.845581
1.827690
1.827690
1.853114
1.853114
1.890022
1.890022
1.859652
1.859652
1.850797
1.850797
1.859330
1.859330
1.819980
1.819980
1.839487
1.839487
1.846725
1.846725
1.841810
1.841810
1.862396
1.862396
1.839126
1.839126
1.837987
1.837987
1.827435
1.827435
1.846829
1.846829
1.860231
1.860231
1.838963
1.838963
1.892622
1.892622
1.828809
1.828809
1.842230
1.842230
1.866672
1.866672
1.839653
1.839653
1.879026
1.879026
1.840203
1.840203
1.861840
1.861840
1.840724
1.840724
1.841332
1.841332
1.855869
1.855869
1.824709
1.824709
1.840431
1.840431
1.861726
1.861726
1.857065
1.857065
1.855618
1.855618
1.847767
1.847767
1.857528
1.857528
1.850186
1.850186
1.818135
1.818135
1.889104
1.889104
1.838412
1.838412
1.860732
1.860732
1.852964
1.852964
1.839877
1.839877
1.827003
1.827003
1.852372
1.852372
1.860170
1.860170
1.844064
1.844064
1.832869
1.832869
1.833935
1.833935
1.844462
1.844462
1.840039
1.840039
1.851608
1.851608
1.839221
1.839221
1.880028
1.880028
1.855036
1.855036
1.841914
1.841914
1.848061
1.848061
1.839037
1.839037
1.850110
1.850110
1.839843
1.839843
1.842235
1.842235
1.852785
1.852785
1.848387
1.848387
1.850863
1.850863
1.849081
1.849081
1.836446
1.836446
1.843687
1.843687
1.856477
1.856477
1.839900
1.839900
1.846939
1.846939
1.855832
1.855832
1.849516
1.849516
1.840386
1.840386
1.813696
1.813696
1.839948
1.839948
1.842851
1.842851
1.824509
1.824509
1.866961
1.866961
1.872117
1.872117
1.842744
1.842744
1.845818
1.845818
1.857904
1.857904
1.843129
1.843129
1.819343
1.819343
1.850605
1.850605
1.845357
1.845357
1.844543
1.844543
1.840299
1.840299
1.847101
1.847101
1.846856
1.846856
1.855902
1.855902
1.841061
1.841061
1.830490
1.830490
1.867605
1.867605
1.852158
1.852158
1.848235
1.848235
1.845205
1.845205
1.838663
1.838663
1.834169
1.834169
1.832231
1.832231
1.843266
1.843266
1.863562
1.863562
1.846731
1.846731
1.828918
1.828918
1.829266
1.829266
1.838044
1.838044
1.856570
1.856570
1.859914
1.859914
1.835418
1.835418
1.848378
1.848378
1.846961
1.846961
1.827426
1.827426
1.857121
1.857121
1.848234
1.848234
1.841249
1.841249
1.857055
1.857055
1.842640
1.842640
1.835198
1.835198
1.860428
1.860428
1.840347
1.840347
1.850290
1.850290
1.855151
1.855151
1.833507
1.833507
1.849610
1.849610
1.852000
1.852000
1.842438
1.842438
1.845756
1.845756
1.842645
1.842645
1.836896
1.836896
1.839850
1.839850
1.865510
1.865510
1.841443
1.841443
1.840311
1.840311
1.821746
1.821746
1.830682
1.830682
1.852132
1.852132
1.847827
1.847827
1.842781
1.842781
1.866797
1.866797
1.832201
1.832201
1.843705
1.843705
1.849692
1.849692
1.850580
1.850580
1.857220
1.857220
1.837691
1.837691
1.843011
1.843011
1.845588
1.845588
1.838813
1.838813
1.893260
1.893260
1.849222
1.849222
1.858060
1.858060
1.824012
1.824012
1.851097
1.851097
1.834233
1.834233
1.834118
1.834118
1.846565
1.846565
1.861832
1.861832
1.847645
1.847645
1.806656
1.806656
1.818800
1.818800
1.851439
1.851439
1.847386
1.847386
1.864849
1.864849
1.831095
1.831095
1.823820
1.823820
1.852578
1.852578
1.841488
1.841488
1.857748
1.857748
1.852891
1.852891
1.861449
1.861449
1.838797
1.838797
1.831981
1.831981
1.838872
1.838872
1.867221
1.867221
1.866727
1.866727
1.845709
1.845709
1.847931
1.847931
1.825737
1.825737
1.817320
1.817320
1.837769
1.837769
1.847067
1.847067
1.837062
1.837062
1.868438
1.868438
1.802791
1.802791
1.846853
1.846853
1.847726
1.847726
1.861596
1.861596
1.828045
1.828045
1.822513
1.822513
1.849403
1.849403
1.860796
1.860796
1.841833
1.841833
1.828561
1.828561
1.833798
1.833798
1.844703
1.844703
1.851091
1.851091
1.844367
1.844367
1.845333
1.845333
1.816664
1.816664
1.855529
1.855529
1.824533
1.824533
1.847129
1.847129
1.841323
1.841323
1.872347
1.872347
1.842696
1.842696
1.843270
1.843270
1.852294
1.852294
1.839424
1.839424
1.841688
1.841688
1.840999
1.840999
1.862630
1.862630
1.853354
1.853354
1.825318
1.825318
1.826191
1.826191
1.858229
1.858229
1.848168
1.848168
1.849567
1.849567
1.830984
1.830984
1.810442
1.810442
1.838604
1.838604
1.846554
1.846554
1.845131
1.845131
1.849695
1.849695
1.833380
1.833380
1.836426
1.836426
1.853549
1.853549
1.841040
1.841040
1.847778
1.847778
1.837005
1.837005
1.840675
1.840675
1.833843
1.833843
1.862786
1.862786
1.836443
1.836443
1.852040
1.852040
1.829868
1.829868
1.838839
1.838839
1.849330
1.849330
1.856566
1.856566
1.847226
1.847226
1.832475
1.832475
1.850706
1.850706
1.843513
1.843513
1.848523
1.848523
1.843762
1.843762
1.848448
1.848448
1.843420
1.843420
1.843546
1.843546
1.836916
1.836916
1.852503
1.852503
1.832185
1.832185
1.837799
1.837799
1.858207
1.858207
1.845651
1.845651
1.846931
1.846931
1.850655
1.850655
1.854874
1.854874
1.831197
1.831197
1.837458
1.837458
1.845648
1.845648
1.845621
1.845621
1.844710
1.844710
1.847550
1.847550
1.834573
1.834573
1.851867
1.851867
1.848513
1.848513
1.858279
1.858279
1.843127
1.843127
1.836632
1.836632
1.805450
1.805450
1.856283
1.856283
1.847113
1.847113
1.830566
1.830566
1.841338
1.841338
1.843216
1.843216
1.844349
1.844349
1.857553
1.857553
1.838886
1.838886
1.835623
1.835623
1.840029
1.840029
1.833453
1.833453
1.844256
1.844256
1.847412
1.847412
1.850066
1.850066
1.844425
1.844425
1.832103
1.832103
1.875625
1.875625
1.841892
1.841892
1.828009
1.828009
1.836242
1.836242
1.842015
1.842015
1.840757
1.840757
1.855965
1.855965
1.842835
1.842835
1.822487
1.822487
1.845665
1.845665
1.836848
1.836848
1.840852
1.840852
1.845358
1.845358
1.864485
1.864485
1.844862
1.844862
1.837595
1.837595
1.853415
1.853415
1.844968
1.844968
1.823735
1.823735
1.828815
1.828815
1.842311
1.842311
1.851774
1.851774
1.854877
1.854877
1.833364
1.833364
1.855677
1.855677
1.836477
1.836477
1.861198
1.861198
1.829653
1.829653
1.815284
1.815284
1.833977
1.833977
1.846139
1.846139
1.855308
1.855308
1.845087
1.845087
1.822472
1.822472
1.834589
1.834589
1.842252
1.842252
1.844156
1.844156
1.855845
1.855845
1.832785
1.832785
1.836257
1.836257
1.847713
1.847713
1.856794
1.856794
1.833456
1.833456
1.839534
1.839534
1.835995
1.835995
1.840744
1.840744
1.854885
1.854885
1.845498
1.845498
1.828154
1.828154
1.844721
1.844721
1.841573
1.841573
1.844071
1.844071
1.843158
1.843158
1.838883
1.838883
1.846604
1.846604
1.846727
1.846727
1.847026
1.847026
1.826993
1.826993
1.858467
1.858467
1.845429
1.845429
1.836899
1.836899
1.844067
1.844067
1.848984
1.848984
1.830752
1.830752
1.842225
1.842225
1.848790
1.848790
1.839618
1.839618
1.843703
1.843703
1.833181
1.833181
1.849536
1.849536
1.834665
1.834665
1.853244
1.853244
1.833144
1.833144
1.844554
1.844554
1.838473
1.838473
1.829623
1.829623
1.830699
1.830699
1.865125
1.865125
1.864733
1.864733
1.819773
1.819773
1.858417
1.858417
1.833173
1.833173
1.854832
1.854832
1.855400
1.855400
1.855609
1.855609
1.843694
1.843694
1.839281
1.839281
1.835011
1.835011
1.830139
1.830139
1.839462
1.839462
1.832473
1.832473
1.840821
1.840821
1.849733
1.849733
1.866585
1.866585
1.864197
1.864197
1.842176
1.842176
1.830118
1.830118
1.830977
1.830977
1.849472
1.849472
1.855238
1.855238
1.835227
1.835227
1.837235
1.837235
1.843014
1.843014
1.837795
1.837795
1.847230
1.847230
1.835893
1.835893
1.846517
1.846517
1.833862
1.833862
1.860815
1.860815
1.844643
1.844643
1.836093
1.836093
1.845647
1.845647
1.849014
1.849014
1.820507
1.820507
1.845076
1.845076
1.847363
1.847363
1.835885
1.835885
1.847911
1.847911
1.817094
1.817094
1.829948
1.829948
1.857254
1.857254
1.846712
1.846712
1.837475
1.837475
1.832384
1.832384
1.837485
1.837485
1.829622
1.829622
1.851380
1.851380
1.846032
1.846032
1.853488
1.853488
1.827735
1.827735
1.849144
1.849144
1.831114
1.831114
1.853951
1.853951
1.861424
1.861424
1.842407
1.842407
1.837134
1.837134
1.864162
1.864162
1.825504
1.825504
1.836738
1.836738
1.833018
1.833018
1.849536
1.849536
1.841625
1.841625
1.845016
1.845016
1.836071
1.836071
1.847117
1.847117
1.838117
1.838117
1.834268
1.834268
1.845529
1.845529
1.849500
1.849500
1.842855
1.842855
1.842788
1.842788
1.838244
1.838244
1.840699
1.840699
1.850944
1.850944
1.846390
1.846390
1.829661
1.829661
1.853974
1.853974
1.837755
1.837755
1.840193
1.840193
1.835547
1.835547
1.842204
1.842204
1.840955
1.840955
1.845376
1.845376
1.852838
1.852838
1.844347
1.844347
1.837798
1.837798
1.850413
1.850413
1.842391
1.842391
1.816792
1.816792
1.831705
1.831705
1.859060
1.859060
1.848801
1.848801
1.836134
1.836134
1.813775
1.813775
1.858615
1.858615
1.829585
1.829585
1.841982
1.841982
1.839944
1.839944
1.831649
1.831649
1.833986
1.833986
1.853105
1.853105
1.838222
1.838222
1.848478
1.848478
1.818722
1.818722
1.835868
1.835868
1.835537
1.835537
1.855626
1.855626
1.832696
1.832696
1.864344
1.864344
1.842367
1.842367
1.849878
1.849878
1.849831
1.849831
1.842613
1.842613
1.780443
1.780443
1.849277
1.849277
1.845955
1.845955
1.839936
1.839936
1.831160
1.831160
1.840397
1.840397
1.824209
1.824209
1.852877
1.852877
1.837134
1.837134
1.842762
1.842762
1.870271
1.870271
1.836832
1.836832
1.840945
1.840945
1.842340
1.842340
1.837223
1.837223
1.868012
1.868012
1.852942
1.852942
1.831752
1.831752
1.837110
1.837110
1.839489
1.839489
1.853957
1.853957
1.850835
1.850835
1.820629
1.820629
1.838666
1.838666
1.857725
1.857725
1.830806
1.830806
1.837676
1.837676
1.830739
1.830739
1.850549
1.850549
1.836582
1.836582
1.870148
1.870148
1.850377
1.850377
1.850413
1.850413
1.824897
1.824897
1.836733
1.836733
1.846322
1.846322
1.823161
1.823161
1.865911
1.865911
1.837682
1.837682
1.836265
1.836265
1.843537
1.843537
1.846286
1.846286
1.833701
1.833701
1.856604
1.856604
1.830068
1.830068
1.830587
1.830587
1.840108
1.840108
1.848030
1.848030
1.834324
1.834324
1.844182
1.844182
1.830013
1.830013
1.831560
1.831560
1.842451
1.842451
1.833226
1.833226
1.844980
1.844980
1.878185
1.878185
1.828241
1.828241
1.849782
1.849782
1.855435
1.855435
1.831031
1.831031
1.837641
1.837641
1.833732
1.833732
1.827123
1.827123
1.840830
1.840830
1.861321
1.861321
1.842494
1.842494
1.838121
1.838121
1.848690
1.848690
1.828198
1.828198
1.848726
1.848726
1.839511
1.839511
1.826121
1.826121
1.847127
1.847127
1.830456
1.830456
1.860816
1.860816
1.836015
1.836015
1.860740
1.860740
1.823635
1.823635
1.838709
1.838709
1.828300
1.828300
1.878655
1.878655
1.830382
1.830382
1.860098
1.860098
1.849884
1.849884
1.826054
1.826054
1.827998
1.827998
1.838039
1.838039
1.852705
1.852705
1.824012
1.824012
1.853233
1.853233
1.822046
1.822046
1.830907
1.830907
1.855765
1.855765
1.840383
1.840383
1.836111
1.836111
1.837124
1.837124
1.849584
1.849584
1.846713
1.846713
1.827526
1.827526
1.839301
1.839301
1.836268
1.836268
1.854872
1.854872
1.842519
1.842519
1.836215
1.836215
1.838074
1.838074
1.806950
1.806950
1.862133
1.862133
1.839555
1.839555
1.818319
1.818319
1.834331
1.834331
1.863924
1.863924
1.840469
1.840469
1.829690
1.829690
1.850099
1.850099
1.840057
1.840057
1.843227
1.843227
1.818584
1.818584
1.850328
1.850328
1.850074
1.850074
1.842738
1.842738
1.838025
1.838025
1.831140
1.831140
1.846628
1.846628
1.852893
1.852893
1.833025
1.833025
1.830961
1.830961
1.845542
1.845542
1.829168
1.829168
1.845744
1.845744
1.835568
1.835568
1.855895
1.855895
1.848037
1.848037
1.857497
1.857497
1.837352
1.837352
1.816179
1.816179
1.845253
1.845253
1.853614
1.853614
1.844851
1.844851
1.815772
1.815772
1.838453
1.838453
1.865547
1.865547
1.835575
1.835575
1.850774
1.850774
1.833653
1.833653
1.839256
1.839256
1.842677
1.842677
1.832652
1.832652
1.851464
1.851464
1.844125
1.844125
1.827554
1.827554
1.853680
1.853680
1.838992
1.838992
1.836634
1.836634
1.819905
1.819905
1.853789
1.853789
1.874557
1.874557
1.845627
1.845627
1.848324
1.848324
1.840743
1.840743
1.833961
1.833961
1.809572
1.809572
1.837873
1.837873
1.848314
1.848314
1.836759
1.836759
1.834281
1.834281
1.846819
1.846819
1.832459
1.832459
1.837935
1.837935
1.851725
1.851725
1.842286
1.842286
1.822088
1.822088
1.856341
1.856341
1.835682
1.835682
1.826735
1.826735
1.844630
1.844630
1.824490
1.824490
1.828138
1.828138
1.856407
1.856407
1.833312
1.833312
1.835918
1.835918
1.855761
1.855761
1.836819
1.836819
1.835024
1.835024
1.834633
1.834633
1.851282
1.851282
1.840740
1.840740
1.837579
1.837579
1.838879
1.838879
1.848264
1.848264
1.842459
1.842459
1.807251
1.807251
1.828949
1.828949
1.861467
1.861467
1.837099
1.837099
1.831427
1.831427
1.832774
1.832774
1.846539
1.846539
1.845300
1.845300
1.833048
1.833048
1.839708
1.839708
1.812243
1.812243
1.850735
1.850735
1.827500
1.827500
1.842041
1.842041
1.836337
1.836337
1.837336
1.837336
1.835395
1.835395
1.835905
1.835905
1.841682
1.841682
1.840923
1.840923
1.845276
1.845276
1.846151
1.846151
1.841019
1.841019
1.832264
1.832264
1.834324
1.834324
1.845005
1.845005
1.848944
1.848944
1.840664
1.840664
1.834356
1.834356
1.836280
1.836280
1.822674
1.822674
1.832875
1.832875
1.845730
1.845730
1.833166
1.833166
1.835645
1.835645
1.864540
1.864540
1.827540
1.827540
1.822859
1.822859
1.859973
1.859973
1.839595
1.839595
1.855347
1.855347
1.842981
1.842981
1.841602
1.841602
1.833992
1.833992
1.835327
1.835327
1.841832
1.841832
1.843894
1.843894
1.816809
1.816809
1.850614
1.850614
1.840623
1.840623
1.847920
1.847920
1.827143
1.827143
1.838132
1.838132
1.857283
1.857283
1.834404
1.834404
1.830561
1.830561
1.843732
1.843732
1.842955
1.842955
1.840099
1.840099
1.831951
1.831951
1.823896
1.823896
1.843719
1.843719
1.835056
1.835056
1.836839
1.836839
1.836394
1.836394
1.845410
1.845410
1.839691
1.839691
1.848142
1.848142
1.834007
1.834007
1.827416
1.827416
1.853830
1.853830
1.844658
1.844658
1.818053
1.818053
1.845578
1.845578
1.843613
1.843613
1.844454
1.844454
1.849195
1.849195
1.843644
1.843644
1.823009
1.823009
1.844009
1.844009
1.817215
1.817215
1.829382
1.829382
1.840007
1.840007
1.842981
1.842981
1.845003
1.845003
1.824839
1.824839
1.830525
1.830525
1.841380
1.841380
1.839322
1.839322
1.846849
1.846849
1.821919
1.821919
1.831217
1.831217
1.831446
1.831446
1.857603
1.857603
1.832785
1.832785
1.837968
1.837968
1.849378
1.849378
1.843321
1.843321
1.826221
1.826221
1.836447
1.836447
1.829561
1.829561
1.842672
1.842672
1.847159
1.847159
1.823898
1.823898
1.836044
1.836044
1.847656
1.847656
1.843176
1.843176
1.835056
1.835056
1.847312
1.847312
1.828347
1.828347
1.833398
1.833398
1.835842
1.835842
1.835752
1.835752
1.849272
1.849272
1.825784
1.825784
1.857018
1.857018
1.840242
1.840242
1.831160
1.831160
1.842945
1.842945
1.846136
1.846136
1.810906
1.810906
1.841024
1.841024
1.846215
1.846215
1.827165
1.827165
1.829970
1.829970
1.864289
1.864289
1.844337
1.844337
1.844879
1.844879
1.814462
1.814462
1.845932
1.845932
1.846462
1.846462
1.838198
1.838198
1.829489
1.829489
1.836805
1.836805
1.843380
1.843380
1.851568
1.851568
1.828501
1.828501
1.831732
1.831732
1.849040
1.849040
1.847447
1.847447
1.821042
1.821042
1.824005
1.824005
1.849779
1.849779
1.844827
1.844827
1.831925
1.831925
1.840568
1.840568
1.836495
1.836495
1.824590
1.824590
1.841026
1.841026
1.844794
1.844794
1.851355
1.851355
1.837687
1.837687
1.831600
1.831600
1.852950
1.852950
1.838520
1.838520
1.803568
1.803568
1.838220
1.838220
1.835686
1.835686
1.829559
1.829559
1.843641
1.843641
1.846648
1.846648
1.847581
1.847581
1.829590
1.829590
1.850276
1.850276
1.820114
1.820114
1.842818
1.842818
1.831736
1.831736
1.833013
1.833013
1.842937
1.842937
1.844856
1.844856
1.824306
1.824306
1.830688
1.830688
1.844148
1.844148
1.840114
1.840114
1.829488
1.829488
1.849552
1.849552
1.831946
1.831946
1.842936
1.842936
1.841450
1.841450
1.839914
1.839914
1.808957
1.808957
1.832134
1.832134
1.847089
1.847089
1.850544
1.850544
1.829412
1.829412
1.797997
1.797997
1.823029
1.823029
1.858682
1.858682
1.832493
1.832493
1.829147
1.829147
1.849470
1.849470
1.829368
1.829368
1.826646
1.826646
1.828403
1.828403
1.848160
1.848160
1.884653
1.884653
1.827676
1.827676
1.812246
1.812246
1.851158
1.851158
1.850157
1.850157
1.855496
1.855496
