2.341987
2.341987
2.342363
2.342363
2.340803
2.340803
2.342033
2.342033
2.340446
2.340446
2.339547
2.339547
2.342620
2.342620
2.341081
2.341081
2.337421
2.337421
2.338378
2.338378
2.339007
2.339007
2.336553
2.336553
2.335625
2.335625
2.336271
2.336271
2.337166
2.337166
2.333870
2.333870
2.334184
2.334184
2.333474
2.333474
2.332683
2.332683
2.330404
2.330404
2.328301
2.328301
2.330972
2.330972
2.328178
2.328178
2.326377
2.326377
2.329062
2.329062
2.326450
2.326450
2.326053
2.326053
2.324921
2.324921
2.321046
2.321046
2.317866
2.317866
2.320796
2.320796
2.319737
2.319737
2.318877
2.318877
2.316857
2.316857
2.313940
2.313940
2.313720
2.313720
2.315580
2.315580
2.311664
2.311664
2.310745
2.310745
2.310994
2.310994
2.308984
2.308984
2.308142
2.308142
2.306280
2.306280
2.306281
2.306281
2.302519
2.302519
2.305377
2.305377
2.300539
2.300539
2.300833
2.300833
2.297701
2.297701
2.295538
2.295538
2.295717
2.295717
2.293776
2.293776
2.291451
2.291451
2.293682
2.293682
2.291170
2.291170
2.288333
2.288333
2.289200
2.289200
2.286397
2.286397
2.282842
2.282842
2.278934
2.278934
2.281516
2.281516
2.273418
2.273418
2.277461
2.277461
2.276301
2.276301
2.274283
2.274283
2.272092
2.272092
2.269807
2.269807
2.265119
2.265119
2.264342
2.264342
2.260973
2.260973
2.259237
2.259237
2.259505
2.259505
2.255482
2.255482
2.253840
2.253840
2.247441
2.247441
2.247155
2.247155
2.246711
2.246711
2.241272
2.241272
2.240616
2.240616
2.236630
2.236630
2.238311
2.238311
2.229825
2.229825
2.227874
2.227874
2.225578
2.225578
2.218763
2.218763
2.215108
2.215108
2.218694
2.218694
2.212476
2.212476
2.211596
2.211596
2.205018
2.205018
2.203757
2.203757
2.201022
2.201022
2.195639
2.195639
2.187609
2.187609
2.189699
2.189699
2.182220
2.182220
2.183838
2.183838
2.174537
2.174537
2.173517
2.173517
2.172820
2.172820
2.162670
2.162670
2.164010
2.164010
2.156441
2.156441
2.157436
2.157436
2.148680
2.148680
2.151686
2.151686
2.144681
2.144681
2.135925
2.135925
2.128083
2.128083
2.127401
2.127401
2.129092
2.129092
2.119949
2.119949
2.114530
2.114530
2.108501
2.108501
2.114640
2.114640
2.108311
2.108311
2.100464
2.100464
2.094838
2.094838
2.090317
2.090317
2.085966
2.085966
2.077976
2.077976
2.074596
2.074596
2.079306
2.079306
2.076710
2.076710
2.066659
2.066659
2.073683
2.073683
2.056576
2.056576
2.043928
2.043928
2.051980
2.051980
2.043289
2.043289
2.040052
2.040052
2.038390
2.038390
2.027892
2.027892
2.031960
2.031960
2.030067
2.030067
2.013636
2.013636
2.019214
2.019214
2.020332
2.020332
2.009180
2.009180
2.002874
2.002874
1.999295
1.999295
2.000953
2.000953
1.989010
1.989010
1.985699
1.985699
1.993871
1.993871
1.981844
1.981844
1.976496
1.976496
1.983779
1.983779
1.964504
1.964504
1.963981
1.963981
1.969840
1.969840
1.957666
1.957666
1.956974
1.956974
1.950446
1.950446
1.942853
1.942853
1.943772
1.943772
1.947242
1.947242
1.934197
1.934197
1.936225
1.936225
1.929878
1.929878
1.915805
1.915805
1.921231
1.921231
1.913890
1.913890
1.932932
1.932932
1.927551
1.927551
1.905883
1.905883
1.915241
1.915241
1.901891
1.901891
1.901158
1.901158
1.906461
1.906461
1.892345
1.892345
1.902665
1.902665
1.890200
1.890200
1.885264
1.885264
1.883426
1.883426
1.887173
1.887173
1.873095
1.873095
1.878876
1.878876
1.868841
1.868841
1.877539
1.877539
1.872610
1.872610
1.864399
1.864399
1.860778
1.860778
1.861026
1.861026
1.860095
1.860095
1.855289
1.855289
1.847974
1.847974
1.858779
1.858779
1.841727
1.841727
1.855489
1.855489
1.847179
1.847179
1.837554
1.837554
1.840491
1.840491
1.838585
1.838585
1.835972
1.835972
1.819366
1.819366
1.840893
1.840893
1.836440
1.836440
1.834993
1.834993
1.810717
1.810717
1.814915
1.814915
1.816603
1.816603
1.825155
1.825155
1.829216
1.829216
1.807688
1.807688
1.817611
1.817611
1.806700
1.806700
1.812854
1.812854
1.807689
1.807689
1.802190
1.802190
1.803372
1.803372
1.798514
1.798514
1.802287
1.802287
1.807739
1.807739
1.790350
1.790350
1.792196
1.792196
1.786392
1.786392
1.797627
1.797627
1.802990
1.802990
1.781270
1.781270
1.772467
1.772467
1.791498
1.791498
1.793788
1.793788
1.782074
1.782074
1.784976
1.784976
1.783239
1.783239
1.778409
1.778409
1.781601
1.781601
1.771794
1.771794
1.772599
1.772599
1.766465
1.766465
1.775009
1.775009
1.765035
1.765035
1.764367
1.764367
1.788894
1.788894
1.758897
1.758897
1.778002
1.778002
1.770262
1.770262
1.755127
1.755127
1.760879
1.760879
1.757176
1.757176
1.765296
1.765296
1.756785
1.756785
1.760034
1.760034
1.754374
1.754374
1.747157
1.747157
1.756867
1.756867
1.749520
1.749520
1.759031
1.759031
1.755197
1.755197
1.763164
1.763164
1.734998
1.734998
1.744263
1.744263
1.752670
1.752670
1.745549
1.745549
1.755647
1.755647
1.740373
1.740373
1.743975
1.743975
1.736526
1.736526
1.739284
1.739284
1.734895
1.734895
1.741517
1.741517
1.727692
1.727692
1.747327
1.747327
1.744136
1.744136
1.734349
1.734349
1.739633
1.739633
1.735680
1.735680
1.725111
1.725111
1.740473
1.740473
1.733531
1.733531
1.727009
1.727009
1.726909
1.726909
1.724599
1.724599
1.745961
1.745961
1.722764
1.722764
1.726922
1.726922
1.727122
1.727122
1.723601
1.723601
1.737741
1.737741
1.717829
1.717829
1.732376
1.732376
1.722064
1.722064
1.719340
1.719340
1.726348
1.726348
1.724285
1.724285
1.718874
1.718874
1.719870
1.719870
1.716552
1.716552
1.719659
1.719659
1.717067
1.717067
1.727370
1.727370
1.725008
1.725008
1.703160
1.703160
1.706445
1.706445
1.726180
1.726180
1.703587
1.703587
1.702647
1.702647
1.717584
1.717584
1.714303
1.714303
1.700902
1.700902
1.715696
1.715696
1.703563
1.703563
1.713669
1.713669
1.714340
1.714340
1.717746
1.717746
1.702009
1.702009
1.702917
1.702917
1.712654
1.712654
1.691694
1.691694
1.716583
1.716583
1.707712
1.707712
1.690618
1.690618
1.696245
1.696245
1.703653
1.703653
1.700413
1.700413
1.701078
1.701078
1.699479
1.699479
1.704563
1.704563
1.691730
1.691730
1.704574
1.704574
1.700226
1.700226
1.708634
1.708634
1.678073
1.678073
1.691694
1.691694
1.699419
1.699419
1.696271
1.696271
1.693414
1.693414
1.691401
1.691401
1.688684
1.688684
1.702120
1.702120
1.685725
1.685725
1.689165
1.689165
1.681950
1.681950
1.700511
1.700511
1.708841
1.708841
1.683554
1.683554
1.685657
1.685657
1.686677
1.686677
1.676792
1.676792
1.686379
1.686379
1.669430
1.669430
1.697265
1.697265
1.685806
1.685806
1.695246
1.695246
1.694677
1.694677
1.678525
1.678525
1.691266
1.691266
1.685765
1.685765
1.664966
1.664966
1.679018
1.679018
1.667211
1.667211
1.694732
1.694732
1.682938
1.682938
1.685308
1.685308
1.670776
1.670776
1.690008
1.690008
1.676470
1.676470
1.680309
1.680309
1.680231
1.680231
1.689866
1.689866
1.677932
1.677932
1.662075
1.662075
1.679165
1.679165
1.678271
1.678271
1.676284
1.676284
1.676172
1.676172
1.684548
1.684548
1.672655
1.672655
1.664603
1.664603
1.682717
1.682717
1.673840
1.673840
1.668873
1.668873
1.674994
1.674994
1.664142
1.664142
1.672312
1.672312
1.674505
1.674505
1.666958
1.666958
1.669823
1.669823
1.674135
1.674135
1.655854
1.655854
1.669752
1.669752
1.666062
1.666062
1.686198
1.686198
1.669558
1.669558
1.664195
1.664195
1.679042
1.679042
1.678703
1.678703
1.656558
1.656558
1.656854
1.656854
1.660156
1.660156
1.660335
1.660335
1.670625
1.670625
1.672482
1.672482
1.664753
1.664753
1.662617
1.662617
1.661955
1.661955
1.670223
1.670223
1.659336
1.659336
1.666012
1.666012
1.665787
1.665787
1.661927
1.661927
1.670457
1.670457
1.653805
1.653805
1.657954
1.657954
1.661480
1.661480
1.661325
1.661325
1.655607
1.655607
1.665593
1.665593
1.657864
1.657864
1.651391
1.651391
1.664642
1.664642
1.650713
1.650713
1.667139
1.667139
1.661165
1.661165
1.658621
1.658621
1.659938
1.659938
1.647252
1.647252
1.669244
1.669244
1.649860
1.649860
1.669570
1.669570
1.647749
1.647749
1.651812
1.651812
1.653831
1.653831
1.656192
1.656192
1.659453
1.659453
1.655391
1.655391
1.652504
1.652504
1.656257
1.656257
1.646215
1.646215
1.646146
1.646146
1.657316
1.657316
1.640466
1.640466
1.654171
1.654171
1.670992
1.670992
1.646707
1.646707
1.647962
1.647962
1.665682
1.665682
1.653909
1.653909
1.640608
1.640608
1.646105
1.646105
1.657419
1.657419
1.647086
1.647086
1.652112
1.652112
1.647039
1.647039
1.653075
1.653075
1.642204
1.642204
1.638438
1.638438
1.658955
1.658955
1.651584
1.651584
1.644072
1.644072
1.662718
1.662718
1.643449
1.643449
1.651840
1.651840
1.630581
1.630581
1.648359
1.648359
1.644264
1.644264
1.641692
1.641692
1.660310
1.660310
1.632052
1.632052
1.640837
1.640837
1.648067
1.648067
1.650337
1.650337
1.646979
1.646979
1.635109
1.635109
1.656815
1.656815
1.638612
1.638612
1.648216
1.648216
1.632213
1.632213
1.640856
1.640856
1.638319
1.638319
1.636599
1.636599
1.655326
1.655326
1.630866
1.630866
1.652459
1.652459
1.635737
1.635737
1.642697
1.642697
1.643165
1.643165
1.642133
1.642133
1.641267
1.641267
1.643643
1.643643
1.643207
1.643207
1.635939
1.635939
1.638476
1.638476
1.636922
1.636922
1.631790
1.631790
1.644194
1.644194
1.639367
1.639367
1.641725
1.641725
1.635120
1.635120
1.631098
1.631098
1.639426
1.639426
1.640664
1.640664
1.648479
1.648479
1.624385
1.624385
1.634794
1.634794
1.639753
1.639753
1.643790
1.643790
1.637803
1.637803
1.622041
1.622041
1.643491
1.643491
1.637257
1.637257
1.628896
1.628896
1.630801
1.630801
1.635962
1.635962
1.634891
1.634891
1.637092
1.637092
1.642160
1.642160
1.629908
1.629908
1.624377
1.624377
1.633761
1.633761
1.623043
1.623043
1.633572
1.633572
1.639136
1.639136
1.637107
1.637107
1.624023
1.624023
1.629187
1.629187
1.644623
1.644623
1.625782
1.625782
1.638585
1.638585
1.626033
1.626033
1.630321
1.630321
1.640978
1.640978
1.629419
1.629419
1.628242
1.628242
1.634966
1.634966
1.634763
1.634763
1.619338
1.619338
1.630923
1.630923
1.631000
1.631000
1.629285
1.629285
1.628946
1.628946
1.633929
1.633929
1.627261
1.627261
1.625589
1.625589
1.628071
1.628071
1.640427
1.640427
1.624595
1.624595
1.632130
1.632130
1.611890
1.611890
1.626089
1.626089
1.626355
1.626355
1.626469
1.626469
1.630529
1.630529
1.627103
1.627103
1.641546
1.641546
1.620917
1.620917
1.629347
1.629347
1.621421
1.621421
1.616517
1.616517
1.629272
1.629272
1.620860
1.620860
1.628339
1.628339
1.627417
1.627417
1.620786
1.620786
1.614748
1.614748
1.631083
1.631083
1.631539
1.631539
1.617342
1.617342
1.630252
1.630252
1.622894
1.622894
1.621650
1.621650
1.628363
1.628363
1.632465
1.632465
1.610722
1.610722
1.614312
1.614312
1.615213
1.615213
1.633143
1.633143
1.627888
1.627888
1.624896
1.624896
1.619028
1.619028
1.625499
1.625499
1.616913
1.616913
1.629338
1.629338
1.619186
1.619186
1.632376
1.632376
1.623626
1.623626
1.613861
1.613861
1.617838
1.617838
1.618061
1.618061
1.616767
1.616767
1.623988
1.623988
1.617140
1.617140
1.610119
1.610119
1.638945
1.638945
1.620521
1.620521
1.615147
1.615147
1.616094
1.616094
1.629035
1.629035
1.617191
1.617191
1.615857
1.615857
1.627085
1.627085
1.620984
1.620984
1.612015
1.612015
1.618818
1.618818
1.619551
1.619551
1.622830
1.622830
1.623697
1.623697
1.608140
1.608140
1.616414
1.616414
1.623310
1.623310
1.615919
1.615919
1.616419
1.616419
1.613753
1.613753
1.618125
1.618125
1.611919
1.611919
1.625802
1.625802
1.611451
1.611451
1.615703
1.615703
1.619502
1.619502
1.618158
1.618158
1.601862
1.601862
1.620329
1.620329
1.615838
1.615838
1.626432
1.626432
1.622754
1.622754
1.610615
1.610615
1.623249
1.623249
1.613311
1.613311
1.603802
1.603802
1.611140
1.611140
1.598087
1.598087
1.618994
1.618994
1.632686
1.632686
1.611121
1.611121
1.626036
1.626036
1.603441
1.603441
1.618198
1.618198
1.602360
1.602360
1.620923
1.620923
1.617945
1.617945
1.601837
1.601837
1.617449
1.617449
1.613413
1.613413
1.615575
1.615575
1.607087
1.607087
1.627307
1.627307
1.596757
1.596757
1.612955
1.612955
1.619677
1.619677
1.606803
1.606803
1.598656
1.598656
1.620816
1.620816
1.624914
1.624914
1.605849
1.605849
1.612918
1.612918
1.607248
1.607248
1.608545
1.608545
1.611511
1.611511
1.616072
1.616072
1.610278
1.610278
1.610174
1.610174
1.609208
1.609208
1.611231
1.611231
1.610982
1.610982
1.610475
1.610475
1.602197
1.602197
1.619650
1.619650
1.605308
1.605308
1.611228
1.611228
1.599743
1.599743
1.619035
1.619035
1.600503
1.600503
1.613580
1.613580
1.613529
1.613529
1.608905
1.608905
1.593467
1.593467
1.608232
1.608232
1.616855
1.616855
1.616887
1.616887
1.606016
1.606016
1.600503
1.600503
1.608563
1.608563
1.610401
1.610401
1.615751
1.615751
1.607713
1.607713
1.609480
1.609480
1.599777
1.599777
1.618621
1.618621
1.598620
1.598620
1.607243
1.607243
1.610344
1.610344
1.612887
1.612887
1.609821
1.609821
1.588724
1.588724
1.600174
1.600174
1.604924
1.604924
1.611264
1.611264
1.604752
1.604752
1.610339
1.610339
1.596770
1.596770
1.614304
1.614304
1.609930
1.609930
1.603593
1.603593
1.601950
1.601950
1.599637
1.599637
1.600004
1.600004
1.617633
1.617633
1.609188
1.609188
1.595824
1.595824
1.603200
1.603200
1.597814
1.597814
1.608609
1.608609
1.604336
1.604336
1.608820
1.608820
1.597263
1.597263
1.597051
1.597051
1.603997
1.603997
1.609244
1.609244
1.613765
1.613765
1.607606
1.607606
1.609389
1.609389
1.592566
1.592566
1.603699
1.603699
1.602714
1.602714
1.604412
1.604412
1.601090
1.601090
1.589704
1.589704
1.607740
1.607740
1.613021
1.613021
1.607450
1.607450
1.594863
1.594863
1.604746
1.604746
1.589244
1.589244
1.618783
1.618783
1.603762
1.603762
1.608573
1.608573
1.600476
1.600476
1.591539
1.591539
1.605150
1.605150
1.594749
1.594749
1.596946
1.596946
1.599202
1.599202
1.607592
1.607592
1.609751
1.609751
1.607202
1.607202
1.595359
1.595359
1.597246
1.597246
1.602036
1.602036
1.602150
1.602150
1.610492
1.610492
1.601236
1.601236
1.606367
1.606367
1.597605
1.597605
1.580659
1.580659
1.595581
1.595581
1.605752
1.605752
1.600163
1.600163
1.593788
1.593788
1.604623
1.604623
1.610993
1.610993
1.591293
1.591293
1.598063
1.598063
1.603139
1.603139
1.590779
1.590779
1.597606
1.597606
1.600857
1.600857
1.593882
1.593882
1.615234
1.615234
1.582356
1.582356
1.605283
1.605283
1.593543
1.593543
1.593577
1.593577
1.605068
1.605068
1.592847
1.592847
1.594859
1.594859
1.598118
1.598118
1.596048
1.596048
1.603347
1.603347
1.596613
1.596613
1.596437
1.596437
1.596820
1.596820
1.602952
1.602952
1.588894
1.588894
1.603126
1.603126
1.599660
1.599660
1.596736
1.596736
1.593274
1.593274
1.598527
1.598527
1.595924
1.595924
1.590938
1.590938
1.602407
1.602407
1.599994
1.599994
1.595501
1.595501
1.592084
1.592084
1.594317
1.594317
1.594146
1.594146
1.593855
1.593855
1.596714
1.596714
1.602192
1.602192
1.586610
1.586610
1.593698
1.593698
1.594646
1.594646
1.596948
1.596948
1.608768
1.608768
1.592672
1.592672
1.598683
1.598683
1.592435
1.592435
1.597318
1.597318
1.593780
1.593780
1.583227
1.583227
1.593659
1.593659
1.600143
1.600143
1.599601
1.599601
1.596992
1.596992
1.588860
1.588860
1.594934
1.594934
1.593862
1.593862
1.599137
1.599137
1.593993
1.593993
1.592745
1.592745
1.588654
1.588654
1.598725
1.598725
1.599510
1.599510
1.587348
1.587348
1.587521
1.587521
1.596259
1.596259
1.595363
1.595363
1.599631
1.599631
1.585618
1.585618
1.601658
1.601658
1.586370
1.586370
1.590457
1.590457
1.590284
1.590284
1.596053
1.596053
1.584828
1.584828
1.600676
1.600676
1.596900
1.596900
1.598026
1.598026
1.577789
1.577789
1.601817
1.601817
1.584105
1.584105
1.586506
1.586506
1.597558
1.597558
1.588739
1.588739
1.584788
1.584788
1.595887
1.595887
1.595155
1.595155
1.590946
1.590946
1.590039
1.590039
1.596516
1.596516
1.589988
1.589988
1.593493
1.593493
1.576641
1.576641
1.600452
1.600452
1.594695
1.594695
1.597707
1.597707
1.585131
1.585131
1.587847
1.587847
1.585873
1.585873
1.591364
1.591364
1.585186
1.585186
1.597396
1.597396
1.579203
1.579203
1.599279
1.599279
1.593644
1.593644
1.591215
1.591215
1.592099
1.592099
1.582387
1.582387
1.588338
1.588338
1.589275
1.589275
1.588869
1.588869
1.599890
1.599890
1.589575
1.589575
1.574888
1.574888
1.583169
1.583169
1.606826
1.606826
1.586209
1.586209
1.581802
1.581802
1.585119
1.585119
1.581528
1.581528
1.597890
1.597890
1.581879
1.581879
1.594126
1.594126
1.586098
1.586098
1.586482
1.586482
1.587275
1.587275
1.594202
1.594202
1.583462
1.583462
1.588938
1.588938
1.581966
1.581966
1.594361
1.594361
1.592089
1.592089
1.594904
1.594904
1.570655
1.570655
1.584607
1.584607
1.581407
1.581407
1.588241
1.588241
1.597156
1.597156
1.583912
1.583912
1.593516
1.593516
1.574443
1.574443
1.597825
1.597825
1.576297
1.576297
1.593795
1.593795
1.576643
1.576643
1.583120
1.583120
1.586040
1.586040
1.598245
1.598245
1.588778
1.588778
1.584012
1.584012
1.594194
1.594194
1.577160
1.577160
1.586106
1.586106
1.589889
1.589889
1.585444
1.585444
1.589647
1.589647
1.582942
1.582942
1.587400
1.587400
1.582298
1.582298
1.583367
1.583367
1.580330
1.580330
1.594698
1.594698
1.575740
1.575740
1.594961
1.594961
1.597735
1.597735
1.582875
1.582875
1.578559
1.578559
1.577008
1.577008
1.589922
1.589922
1.594142
1.594142
1.585959
1.585959
1.578711
1.578711
1.583625
1.583625
1.579358
1.579358
1.592086
1.592086
1.584382
1.584382
1.580290
1.580290
1.587621
1.587621
1.574542
1.574542
1.593088
1.593088
1.582128
1.582128
1.584061
1.584061
1.580557
1.580557
1.578342
1.578342
1.573000
1.573000
1.583301
1.583301
1.576975
1.576975
1.593203
1.593203
1.593635
1.593635
1.585245
1.585245
1.577418
1.577418
1.577402
1.577402
1.591826
1.591826
1.583920
1.583920
1.578568
1.578568
1.592255
1.592255
1.580681
1.580681
1.573393
1.573393
1.590658
1.590658
1.585253
1.585253
1.581068
1.581068
1.576779
1.576779
1.583668
1.583668
1.585802
1.585802
1.578494
1.578494
1.576623
1.576623
1.582500
1.582500
1.587561
1.587561
1.585656
1.585656
1.578570
1.578570
1.579926
1.579926
1.589111
1.589111
1.581272
1.581272
1.578554
1.578554
1.588069
1.588069
1.587651
1.587651
1.573833
1.573833
1.579856
1.579856
1.575753
1.575753
1.582340
1.582340
1.578850
1.578850
1.576656
1.576656
1.575034
1.575034
1.595571
1.595571
1.591382
1.591382
1.577939
1.577939
1.586632
1.586632
1.570694
1.570694
1.575188
1.575188
1.585164
1.585164
1.581775
1.581775
1.584063
1.584063
1.576357
1.576357
1.572111
1.572111
1.588126
1.588126
1.583911
1.583911
1.574844
1.574844
1.583000
1.583000
1.566684
1.566684
1.587286
1.587286
1.581885
1.581885
1.575984
1.575984
1.566612
1.566612
1.588595
1.588595
1.580299
1.580299
1.582953
1.582953
1.582875
1.582875
1.572238
1.572238
1.577950
1.577950
1.577480
1.577480
1.580780
1.580780
1.571370
1.571370
1.575100
1.575100
1.593957
1.593957
1.572709
1.572709
1.588241
1.588241
1.574100
1.574100
1.583027
1.583027
1.574250
1.574250
1.578322
1.578322
1.571702
1.571702
1.580681
1.580681
1.578797
1.578797
1.583631
1.583631
1.570897
1.570897
1.579530
1.579530
1.580774
1.580774
1.580899
1.580899
1.578255
1.578255
1.582237
1.582237
1.583409
1.583409
1.577591
1.577591
1.568746
1.568746
1.576571
1.576571
1.569659
1.569659
1.583336
1.583336
1.587951
1.587951
1.577340
1.577340
1.566398
1.566398
1.571736
1.571736
1.574575
1.574575
1.582364
1.582364
1.577939
1.577939
1.579922
1.579922
1.579776
1.579776
1.585441
1.585441
1.582239
1.582239
1.569932
1.569932
1.563796
1.563796
1.579367
1.579367
1.576180
1.576180
1.576928
1.576928
1.573123
1.573123
1.577552
1.577552
1.557738
1.557738
1.575080
1.575080
1.591737
1.591737
1.576917
1.576917
1.581110
1.581110
1.573704
1.573704
1.586325
1.586325
1.572423
1.572423
1.580612
1.580612
1.563807
1.563807
1.577477
1.577477
1.572678
1.572678
1.573227
1.573227
1.579299
1.579299
1.575631
1.575631
1.582810
1.582810
1.565107
1.565107
1.567487
1.567487
1.582195
1.582195
1.580344
1.580344
1.577019
1.577019
1.565231
1.565231
1.576144
1.576144
1.573917
1.573917
1.585276
1.585276
1.576280
1.576280
1.574990
1.574990
1.572931
1.572931
1.572486
1.572486
1.577484
1.577484
1.577783
1.577783
1.576608
1.576608
1.564253
1.564253
1.571256
1.571256
1.584501
1.584501
1.580325
1.580325
1.577180
1.577180
1.567431
1.567431
1.573870
1.573870
1.570714
1.570714
1.569417
1.569417
1.576922
1.576922
1.575742
1.575742
1.573470
1.573470
1.573022
1.573022
1.568757
1.568757
1.575785
1.575785
1.574575
1.574575
1.573298
1.573298
1.575362
1.575362
1.572410
1.572410
1.579748
1.579748
1.571629
1.571629
1.564069
1.564069
1.579568
1.579568
1.578226
1.578226
1.573520
1.573520
1.568482
1.568482
1.567027
1.567027
1.578592
1.578592
1.565956
1.565956
1.569101
1.569101
1.582239
1.582239
1.580391
1.580391
1.563146
1.563146
1.568785
1.568785
1.569842
1.569842
1.568899
1.568899
1.578893
1.578893
1.576391
1.576391
1.563891
1.563891
1.578215
1.578215
1.577366
1.577366
1.570209
1.570209
1.570406
1.570406
1.570438
1.570438
1.571754
1.571754
1.580126
1.580126
1.565645
1.565645
1.571138
1.571138
1.567761
1.567761
1.571131
1.571131
1.574746
1.574746
1.571679
1.571679
1.573157
1.573157
1.571553
1.571553
1.573934
1.573934
1.572680
1.572680
1.563963
1.563963
1.575789
1.575789
1.566987
1.566987
1.570948
1.570948
1.568919
1.568919
1.573791
1.573791
1.576149
1.576149
1.573812
1.573812
1.560763
1.560763
1.570333
1.570333
1.575383
1.575383
1.575139
1.575139
1.571422
1.571422
1.571974
1.571974
1.561444
1.561444
1.574743
1.574743
1.574535
1.574535
1.575533
1.575533
1.565401
1.565401
1.571713
1.571713
1.570986
1.570986
1.567566
1.567566
1.563522
1.563522
1.581627
1.581627
1.569877
1.569877
1.577027
1.577027
1.554718
1.554718
1.567284
1.567284
1.569703
1.569703
1.570273
1.570273
1.567340
1.567340
1.576173
1.576173
1.577003
1.577003
1.571082
1.571082
1.569266
1.569266
1.561340
1.561340
1.569155
1.569155
1.566797
1.566797
1.577249
1.577249
1.569781
1.569781
1.571114
1.571114
1.559270
1.559270
1.567947
1.567947
1.565881
1.565881
1.575686
1.575686
1.565557
1.565557
1.570687
1.570687
1.562693
1.562693
1.569917
1.569917
1.564147
1.564147
1.576101
1.576101
1.571989
1.571989
1.558152
1.558152
1.571760
1.571760
1.573177
1.573177
1.569741
1.569741
1.570512
1.570512
1.573911
1.573911
1.553101
1.553101
1.579118
1.579118
1.564610
1.564610
1.571804
1.571804
1.575001
1.575001
1.567645
1.567645
1.557888
1.557888
1.571567
1.571567
1.568547
1.568547
1.565275
1.565275
1.565316
1.565316
1.582233
1.582233
1.555367
1.555367
1.572283
1.572283
1.567389
1.567389
1.570537
1.570537
1.569982
1.569982
1.565770
1.565770
1.563582
1.563582
1.562597
1.562597
1.570250
1.570250
1.569488
1.569488
1.568657
1.568657
1.565734
1.565734
1.569933
1.569933
1.566590
1.566590
1.572461
1.572461
1.563908
1.563908
1.561780
1.561780
1.568271
1.568271
1.561661
1.561661
1.573559
1.573559
1.556972
1.556972
1.576689
1.576689
1.570133
1.570133
1.564990
1.564990
1.568737
1.568737
1.560878
1.560878
1.569381
1.569381
1.562724
1.562724
1.571830
1.571830
1.552844
1.552844
1.570973
1.570973
1.576207
1.576207
1.566781
1.566781
1.578911
1.578911
1.562120
1.562120
1.560399
1.560399
1.561617
1.561617
1.574973
1.574973
1.563247
1.563247
1.572424
1.572424
1.559968
1.559968
1.556876
1.556876
1.565637
1.565637
1.576031
1.576031
1.555207
1.555207
1.566743
1.566743
1.564612
1.564612
1.560342
1.560342
1.562927
1.562927
1.566057
1.566057
1.565822
1.565822
1.574367
1.574367
1.573593
1.573593
1.557781
1.557781
1.559561
1.559561
1.561087
1.561087
1.577116
1.577116
1.567063
1.567063
1.556865
1.556865
1.564375
1.564375
1.569963
1.569963
1.567488
1.567488
1.567502
1.567502
1.569492
1.569492
1.564652
1.564652
1.556100
1.556100
1.566822
1.566822
1.570327
1.570327
1.567240
1.567240
1.561090
1.561090
1.567253
1.567253
1.554686
1.554686
1.565630
1.565630
1.562153
1.562153
1.567495
1.567495
1.558599
1.558599
1.569271
1.569271
1.564382
1.564382
1.575358
1.575358
1.561372
1.561372
1.559973
1.559973
1.558356
1.558356
1.565563
1.565563
1.559746
1.559746
1.570700
1.570700
1.557476
1.557476
1.567127
1.567127
1.562293
1.562293
1.568176
1.568176
1.565950
1.565950
1.555553
1.555553
1.567859
1.567859
1.552795
1.552795
1.562462
1.562462
1.569897
1.569897
1.570716
1.570716
1.561345
1.561345
1.558454
1.558454
1.565535
1.565535
1.570781
1.570781
1.562491
1.562491
1.558153
1.558153
1.561457
1.561457
1.551188
1.551188
1.573245
1.573245
1.567205
1.567205
1.562363
1.562363
1.567256
1.567256
1.563043
1.563043
1.572277
1.572277
1.554424
1.554424
1.556038
1.556038
1.563856
1.563856
1.558912
1.558912
1.572367
1.572367
1.553564
1.553564
1.565878
1.565878
1.563781
1.563781
1.559845
1.559845
1.568001
1.568001
1.561111
1.561111
1.559374
1.559374
1.564883
1.564883
1.559987
1.559987
1.577433
1.577433
1.550140
1.550140
1.558647
1.558647
1.576120
1.576120
1.554757
1.554757
1.551852
1.551852
1.560208
1.560208
1.570042
1.570042
1.556225
1.556225
1.568164
1.568164
1.560960
1.560960
1.566767
1.566767
1.556754
1.556754
1.555821
1.555821
1.563250
1.563250
1.577406
1.577406
1.551570
1.551570
1.561089
1.561089
1.568344
1.568344
1.566853
1.566853
1.548606
1.548606
1.559711
1.559711
1.565954
1.565954
1.557407
1.557407
1.559802
1.559802
1.566066
1.566066
1.565465
1.565465
1.557808
1.557808
1.563207
1.563207
1.569992
1.569992
1.560220
1.560220
1.557541
1.557541
1.553614
1.553614
1.555861
1.555861
1.559495
1.559495
1.558705
1.558705
1.564398
1.564398
1.568933
1.568933
1.559848
1.559848
1.558699
1.558699
1.559212
1.559212
1.555727
1.555727
1.574376
1.574376
1.558105
1.558105
1.566871
1.566871
1.555413
1.555413
1.560593
1.560593
1.563333
1.563333
1.554637
1.554637
1.549979
1.549979
1.573364
1.573364
1.562494
1.562494
1.562927
1.562927
1.556378
1.556378
1.559484
1.559484
1.559555
1.559555
1.567520
1.567520
1.558586
1.558586
1.553229
1.553229
1.558666
1.558666
1.565250
1.565250
1.559242
1.559242
1.566140
1.566140
1.571283
1.571283
1.561107
1.561107
1.562226
1.562226
1.554561
1.554561
1.548123
1.548123
1.567868
1.567868
1.554577
1.554577
1.563987
1.563987
1.555051
1.555051
1.557191
1.557191
1.554037
1.554037
1.560142
1.560142
1.548167
1.548167
1.567777
1.567777
1.571183
1.571183
1.562041
1.562041
1.552941
1.552941
1.556352
1.556352
1.569916
1.569916
1.555439
1.555439
1.560453
1.560453
1.556085
1.556085
1.558358
1.558358
1.557132
1.557132
1.566594
1.566594
1.559024
1.559024
1.565543
1.565543
1.552988
1.552988
1.554283
1.554283
1.565831
1.565831
1.553621
1.553621
1.558880
1.558880
1.563782
1.563782
1.557198
1.557198
1.562661
1.562661
1.558056
1.558056
1.557547
1.557547
1.568402
1.568402
1.560546
1.560546
1.546992
1.546992
1.559520
1.559520
1.551767
1.551767
1.558462
1.558462
1.561455
1.561455
1.563663
1.563663
1.563546
1.563546
1.553041
1.553041
1.551352
1.551352
1.564283
1.564283
1.561312
1.561312
1.551126
1.551126
1.569123
1.569123
1.562010
1.562010
1.557328
1.557328
1.550508
1.550508
1.558509
1.558509
1.565476
1.565476
1.557211
1.557211
1.555708
1.555708
1.553007
1.553007
1.555558
1.555558
1.549897
1.549897
1.560093
1.560093
1.559039
1.559039
1.568261
1.568261
1.565170
1.565170
1.548786
1.548786
1.560722
1.560722
1.554784
1.554784
1.560874
1.560874
1.563483
1.563483
1.552549
1.552549
1.558245
1.558245
1.554104
1.554104
1.561327
1.561327
1.563811
1.563811
1.571073
1.571073
1.556512
1.556512
1.550417
1.550417
1.542568
1.542568
1.560470
1.560470
1.557589
1.557589
1.560105
1.560105
1.553258
1.553258
1.555291
1.555291
1.568432
1.568432
1.542475
1.542475
1.559130
1.559130
1.563403
1.563403
1.551579
1.551579
1.559648
1.559648
1.554698
1.554698
1.555673
1.555673
1.561705
1.561705
1.552748
1.552748
1.564097
1.564097
1.554778
1.554778
1.554128
1.554128
1.559151
1.559151
1.551021
1.551021
1.564666
1.564666
1.544445
1.544445
1.554355
1.554355
1.554741
1.554741
1.568280
1.568280
1.563980
1.563980
1.554485
1.554485
1.558776
1.558776
1.555786
1.555786
1.547509
1.547509
1.558257
1.558257
1.554683
1.554683
1.546012
1.546012
1.567078
1.567078
1.555614
1.555614
1.556310
1.556310
1.549243
1.549243
1.558556
1.558556
1.559896
1.559896
1.557153
1.557153
1.565480
1.565480
1.559320
1.559320
1.547158
1.547158
1.555072
1.555072
1.552066
1.552066
1.551755
1.551755
1.563314
1.563314
1.564153
1.564153
1.546830
1.546830
1.552338
1.552338
1.550059
1.550059
1.559957
1.559957
1.558842
1.558842
1.551269
1.551269
1.559198
1.559198
1.559169
1.559169
1.559546
1.559546
1.554739
1.554739
1.549852
1.549852
1.553922
1.553922
1.559541
1.559541
1.560151
1.560151
1.558197
1.558197
1.553955
1.553955
1.541587
1.541587
1.558628
1.558628
1.542523
1.542523
1.559120
1.559120
1.563954
1.563954
1.550702
1.550702
1.553250
1.553250
1.549241
1.549241
1.548571
1.548571
1.559888
1.559888
1.567326
1.567326
1.549750
1.549750
1.550757
1.550757
1.560706
1.560706
1.555186
1.555186
1.559170
1.559170
1.552183
1.552183
1.557511
1.557511
1.552001
1.552001
1.549652
1.549652
1.564897
1.564897
1.560965
1.560965
1.546923
1.546923
1.543342
1.543342
1.569079
1.569079
1.552095
1.552095
1.551185
1.551185
1.560875
1.560875
1.552023
1.552023
1.566570
1.566570
1.537506
1.537506
1.549242
1.549242
1.563591
1.563591
1.555422
1.555422
1.549933
1.549933
1.553225
1.553225
1.550692
1.550692
1.562966
1.562966
1.550083
1.550083
1.558238
1.558238
1.547459
1.547459
1.563522
1.563522
1.553849
1.553849
1.549311
1.549311
1.552569
1.552569
1.550305
1.550305
1.548510
1.548510
1.552431
1.552431
1.556920
1.556920
1.555994
1.555994
1.556684
1.556684
1.564291
1.564291
1.560262
1.560262
1.545613
1.545613
1.546379
1.546379
1.552298
1.552298
1.554520
1.554520
1.556539
1.556539
1.554074
1.554074
1.550115
1.550115
1.553153
1.553153
1.549579
1.549579
1.545640
1.545640
1.545458
1.545458
1.556978
1.556978
1.575601
1.575601
1.558955
1.558955
1.557267
1.557267
1.548044
1.548044
1.546008
1.546008
1.557989
1.557989
1.560071
1.560071
1.548951
1.548951
1.555519
1.555519
1.550012
1.550012
1.551342
1.551342
1.543783
1.543783
1.548790
1.548790
1.558717
1.558717
1.557360
1.557360
1.558182
1.558182
1.549085
1.549085
1.560399
1.560399
1.543341
1.543341
1.557758
1.557758
1.554760
1.554760
1.550916
1.550916
1.558747
1.558747
1.553093
1.553093
1.547704
1.547704
1.554038
1.554038
1.553727
1.553727
1.546836
1.546836
1.560244
1.560244
1.551740
1.551740
1.550472
1.550472
1.554779
1.554779
1.545136
1.545136
1.555261
1.555261
1.555685
1.555685
1.551908
1.551908
1.546539
1.546539
1.563016
1.563016
1.559722
1.559722
1.548066
1.548066
1.542534
1.542534
1.550364
1.550364
1.555106
1.555106
1.552442
1.552442
1.554650
1.554650
1.548135
1.548135
1.550443
1.550443
1.561772
1.561772
1.550610
1.550610
1.543563
1.543563
1.555565
1.555565
1.557020
1.557020
1.544610
1.544610
1.559481
1.559481
1.548588
1.548588
1.550403
1.550403
1.555708
1.555708
1.554966
1.554966
1.546671
1.546671
1.553435
1.553435
1.548139
1.548139
1.543769
1.543769
1.553110
1.553110
1.558815
1.558815
1.554742
1.554742
1.547709
1.547709
1.557967
1.557967
1.554711
1.554711
1.554217
1.554217
1.544774
1.544774
1.545240
1.545240
1.556659
1.556659
1.546379
1.546379
1.556611
1.556611
1.547974
1.547974
1.549848
1.549848
1.552089
1.552089
1.544091
1.544091
1.547266
1.547266
1.552884
1.552884
1.564051
1.564051
1.547049
1.547049
1.549799
1.549799
1.547934
1.547934
1.557216
1.557216
1.555905
1.555905
1.557213
1.557213
1.547655
1.547655
1.539498
1.539498
1.567232
1.567232
1.542578
1.542578
1.546497
1.546497
1.552899
1.552899
1.550791
1.550791
1.553778
1.553778
1.551895
1.551895
1.548215
1.548215
1.545117
1.545117
1.544551
1.544551
1.561031
1.561031
1.557783
1.557783
1.550017
1.550017
1.550303
1.550303
1.559416
1.559416
1.545688
1.545688
1.548443
1.548443
1.547408
1.547408
1.556628
1.556628
1.547049
1.547049
1.547571
1.547571
1.556599
1.556599
1.551957
1.551957
1.546869
1.546869
1.560097
1.560097
1.545670
1.545670
1.547892
1.547892
1.548687
1.548687
1.556185
1.556185
1.552854
1.552854
1.550985
1.550985
1.541570
1.541570
1.547691
1.547691
1.549554
1.549554
1.558376
1.558376
1.549308
1.549308
1.545654
1.545654
1.551433
1.551433
1.547211
1.547211
1.547451
1.547451
1.551223
1.551223
1.554878
1.554878
1.562733
1.562733
1.546186
1.546186
1.542948
1.542948
1.541611
1.541611
1.559227
1.559227
1.550206
1.550206
1.545418
1.545418
1.553112
1.553112
1.554345
1.554345
1.545758
1.545758
1.542736
1.542736
1.556478
1.556478
1.549188
1.549188
1.549709
1.549709
1.551546
1.551546
1.549407
1.549407
1.548560
1.548560
1.549187
1.549187
1.550165
1.550165
1.551745
1.551745
1.546389
1.546389
1.544088
1.544088
1.559313
1.559313
1.556617
1.556617
1.538898
1.538898
1.559021
1.559021
1.546053
1.546053
1.549926
1.549926
1.544132
1.544132
1.547815
1.547815
1.544535
1.544535
1.553269
1.553269
1.550403
1.550403
1.555590
1.555590
1.540889
1.540889
1.546804
1.546804
1.546933
1.546933
1.550034
1.550034
1.545284
1.545284
1.559583
1.559583
1.551413
1.551413
1.546489
1.546489
1.544291
1.544291
1.554727
1.554727
1.548322
1.548322
1.538833
1.538833
1.557998
1.557998
1.550688
1.550688
1.548027
1.548027
1.549350
1.549350
1.546965
1.546965
1.554136
1.554136
1.554046
1.554046
1.535353
1.535353
1.555275
1.555275
1.552608
1.552608
1.549371
1.549371
1.546285
1.546285
1.549198
1.549198
1.545123
1.545123
1.552772
1.552772
1.541905
1.541905
1.543911
1.543911
1.550702
1.550702
1.555091
1.555091
1.546534
1.546534
1.555009
1.555009
1.548618
1.548618
1.539328
1.539328
1.554063
1.554063
1.543900
1.543900
1.555593
1.555593
1.551350
1.551350
1.541927
1.541927
1.549040
1.549040
1.560165
1.560165
1.542797
1.542797
1.540391
1.540391
1.545082
1.545082
1.554133
1.554133
1.544822
1.544822
1.546259
1.546259
1.556179
1.556179
1.554287
1.554287
1.536049
1.536049
1.553070
1.553070
1.550071
1.550071
1.556671
1.556671
1.541510
1.541510
1.535626
1.535626
1.553961
1.553961
1.549982
1.549982
1.544627
1.544627
1.544256
1.544256
1.546228
1.546228
1.541391
1.541391
1.551688
1.551688
1.546759
1.546759
1.555683
1.555683
1.542261
1.542261
1.548598
1.548598
1.535736
1.535736
1.546044
1.546044
1.551894
1.551894
1.559536
1.559536
1.551635
1.551635
1.549689
1.549689
1.558191
1.558191
1.544413
1.544413
1.530524
1.530524
1.551660
1.551660
1.547863
1.547863
1.544250
1.544250
1.546464
1.546464
1.548230
1.548230
1.544120
1.544120
1.543979
1.543979
1.559905
1.559905
1.535875
1.535875
1.556085
1.556085
1.539190
1.539190
1.549610
1.549610
1.554488
1.554488
1.547277
1.547277
1.546596
1.546596
1.554503
1.554503
1.539837
1.539837
1.553999
1.553999
1.547528
1.547528
1.538930
1.538930
1.537234
1.537234
1.547674
1.547674
1.544347
1.544347
1.551613
1.551613
1.558093
1.558093
1.545432
1.545432
1.553075
1.553075
1.541211
1.541211
1.544590
1.544590
1.552828
1.552828
1.542216
1.542216
1.552379
1.552379
1.547922
1.547922
1.546862
1.546862
1.545482
1.545482
1.545686
1.545686
1.549041
1.549041
1.548084
1.548084
1.540741
1.540741
1.552491
1.552491
1.553156
1.553156
1.546151
1.546151
1.547933
1.547933
1.540217
1.540217
1.546579
1.546579
1.559039
1.559039
1.544993
1.544993
1.555538
1.555538
1.541106
1.541106
1.528349
1.528349
1.542771
1.542771
1.540473
1.540473
1.549223
1.549223
1.555874
1.555874
1.543899
1.543899
1.546184
1.546184
1.542416
1.542416
1.546575
1.546575
1.548225
1.548225
1.549638
1.549638
1.546736
1.546736
1.543798
1.543798
1.540736
1.540736
1.550574
1.550574
1.550936
1.550936
1.542547
1.542547
1.540978
1.540978
1.550270
1.550270
1.547640
1.547640
1.550812
1.550812
1.546183
1.546183
1.544405
1.544405
1.538377
1.538377
1.553638
1.553638
1.548632
1.548632
1.546449
1.546449
1.548223
1.548223
1.547680
1.547680
1.543557
1.543557
1.543655
1.543655
1.538864
1.538864
1.549043
1.549043
1.543926
1.543926
1.551641
1.551641
1.546296
1.546296
1.548758
1.548758
1.544443
1.544443
1.545502
1.545502
1.549439
1.549439
1.539431
1.539431
1.545284
1.545284
1.546452
1.546452
1.555627
1.555627
1.538888
1.538888
1.541206
1.541206
1.549848
1.549848
1.546942
1.546942
1.546332
1.546332
1.544796
1.544796
1.538177
1.538177
1.551415
1.551415
1.547790
1.547790
1.543881
1.543881
1.545091
1.545091
1.537067
1.537067
1.541615
1.541615
1.542747
1.542747
1.550054
1.550054
1.550583
1.550583
1.540568
1.540568
1.549461
1.549461
1.545736
1.545736
1.540318
1.540318
1.550009
1.550009
1.539162
1.539162
1.550837
1.550837
1.547450
1.547450
1.542625
1.542625
1.541903
1.541903
1.542035
1.542035
1.539359
1.539359
1.550923
1.550923
1.546493
1.546493
1.544644
1.544644
1.543162
1.543162
1.548228
1.548228
1.544826
1.544826
1.546414
1.546414
1.542308
1.542308
1.542083
1.542083
1.543511
1.543511
1.542537
1.542537
1.544170
1.544170
1.554183
1.554183
1.537982
1.537982
1.538304
1.538304
1.547833
1.547833
1.544655
1.544655
1.555649
1.555649
1.534637
1.534637
1.558943
1.558943
1.545154
1.545154
1.536862
1.536862
1.540375
1.540375
1.540741
1.540741
1.546447
1.546447
1.539281
1.539281
1.548413
1.548413
1.553579
1.553579
1.531616
1.531616
1.540451
1.540451
1.544792
1.544792
1.543159
1.543159
1.547495
1.547495
1.546603
1.546603
1.544460
1.544460
1.534427
1.534427
1.549573
1.549573
1.546519
1.546519
1.547187
1.547187
1.554905
1.554905
1.550734
1.550734
1.542161
1.542161
1.539525
1.539525
1.530198
1.530198
1.543184
1.543184
1.535863
1.535863
1.547204
1.547204
1.548208
1.548208
1.546657
1.546657
1.543282
1.543282
1.549196
1.549196
1.552688
1.552688
1.539088
1.539088
1.533166
1.533166
1.540494
1.540494
1.543624
1.543624
1.544148
1.544148
1.546237
1.546237
1.545572
1.545572
1.542099
1.542099
1.543532
1.543532
1.542536
1.542536
1.549052
1.549052
1.541509
1.541509
1.543848
1.543848
1.541160
1.541160
1.536818
1.536818
1.551450
1.551450
1.546306
1.546306
1.545587
1.545587
1.547086
1.547086
1.541230
1.541230
1.540258
1.540258
1.544666
1.544666
1.538965
1.538965
1.544567
1.544567
1.541079
1.541079
1.547887
1.547887
1.546444
1.546444
1.556003
1.556003
1.544238
1.544238
1.537217
1.537217
1.539374
1.539374
1.540272
1.540272
1.547371
1.547371
1.542912
1.542912
1.546760
1.546760
1.541048
1.541048
1.538154
1.538154
1.542520
1.542520
1.549168
1.549168
1.544329
1.544329
1.540775
1.540775
1.539509
1.539509
1.550619
1.550619
1.543752
1.543752
1.538596
1.538596
1.535305
1.535305
1.550406
1.550406
1.550477
1.550477
1.544460
1.544460
1.540492
1.540492
1.540618
1.540618
1.539646
1.539646
1.545809
1.545809
1.545044
1.545044
1.541400
1.541400
1.544613
1.544613
1.538054
1.538054
1.544932
1.544932
1.546639
1.546639
1.536200
1.536200
1.546316
1.546316
1.541281
1.541281
1.553137
1.553137
1.541257
1.541257
1.533789
1.533789
1.536137
1.536137
1.553765
1.553765
1.543323
1.543323
1.543150
1.543150
1.548259
1.548259
1.540354
1.540354
1.539009
1.539009
1.539314
1.539314
1.546841
1.546841
1.549957
1.549957
1.538443
1.538443
1.539214
1.539214
1.543128
1.543128
1.545521
1.545521
1.534216
1.534216
1.552043
1.552043
1.538208
1.538208
1.538667
1.538667
1.554228
1.554228
1.539996
1.539996
1.547419
1.547419
1.530488
1.530488
1.545362
1.545362
1.546816
1.546816
1.544652
1.544652
1.531528
1.531528
1.545752
1.545752
1.538473
1.538473
1.540983
1.540983
1.544793
1.544793
1.542582
1.542582
1.547203
1.547203
1.542004
1.542004
1.544805
1.544805
1.543931
1.543931
1.541334
1.541334
1.539715
1.539715
1.543627
1.543627
1.547155
1.547155
1.544910
1.544910
1.533409
1.533409
1.543183
1.543183
1.534431
1.534431
1.540531
1.540531
1.544694
1.544694
1.544939
1.544939
1.548750
1.548750
1.539528
1.539528
1.547818
1.547818
1.536410
1.536410
1.547772
1.547772
1.539242
1.539242
1.536344
1.536344
1.541057
1.541057
1.548871
1.548871
1.540453
1.540453
1.545484
1.545484
1.538537
1.538537
1.545801
1.545801
1.539451
1.539451
1.535676
1.535676
1.555180
1.555180
1.543445
1.543445
1.539636
1.539636
1.534689
1.534689
1.552255
1.552255
1.541064
1.541064
1.534090
1.534090
1.544694
1.544694
1.540714
1.540714
1.558538
1.558538
1.530150
1.530150
1.545128
1.545128
1.535874
1.535874
1.542243
1.542243
1.547954
1.547954
1.538768
1.538768
1.548502
1.548502
1.539767
1.539767
1.544566
1.544566
1.538228
1.538228
1.538385
1.538385
1.538366
1.538366
1.545368
1.545368
1.536355
1.536355
1.544527
1.544527
1.546419
1.546419
1.538388
1.538388
1.544924
1.544924
1.531504
1.531504
1.551852
1.551852
1.543317
1.543317
1.538825
1.538825
1.542956
1.542956
1.540786
1.540786
1.540668
1.540668
1.547549
1.547549
1.548670
1.548670
1.544772
1.544772
1.537086
1.537086
1.540130
1.540130
1.537357
1.537357
1.542053
1.542053
1.532985
1.532985
1.545437
1.545437
1.546951
1.546951
1.541152
1.541152
1.533188
1.533188
1.538193
1.538193
1.537709
1.537709
1.553904
1.553904
1.546453
1.546453
1.534052
1.534052
1.544384
1.544384
1.546742
1.546742
1.527889
1.527889
1.559103
1.559103
1.538712
1.538712
1.540343
1.540343
1.543477
1.543477
1.545630
1.545630
1.538699
1.538699
1.534614
1.534614
1.548811
1.548811
1.547843
1.547843
1.530345
1.530345
1.546933
1.546933
1.541555
1.541555
1.546559
1.546559
1.539649
1.539649
1.540367
1.540367
1.537812
1.537812
1.532792
1.532792
1.530211
1.530211
1.542765
1.542765
1.551372
1.551372
1.551919
1.551919
1.542708
1.542708
1.527269
1.527269
1.545354
1.545354
1.546197
1.546197
1.545699
1.545699
1.541184
1.541184
1.551518
1.551518
1.535138
1.535138
1.545995
1.545995
1.528937
1.528937
1.545536
1.545536
1.536926
1.536926
1.545241
1.545241
1.544330
1.544330
1.530731
1.530731
1.539626
1.539626
1.538219
1.538219
1.551424
1.551424
1.535513
1.535513
1.539720
1.539720
1.541121
1.541121
1.541957
1.541957
1.538800
1.538800
1.542633
1.542633
1.539591
1.539591
1.547345
1.547345
1.537610
1.537610
1.538869
1.538869
1.537079
1.537079
1.543912
1.543912
1.534656
1.534656
1.549888
1.549888
1.539743
1.539743
1.545645
1.545645
1.531441
1.531441
1.537005
1.537005
1.538323
1.538323
1.546166
1.546166
1.543665
1.543665
1.537170
1.537170
1.541069
1.541069
1.536746
1.536746
1.531020
1.531020
1.548049
1.548049
1.547520
1.547520
1.538904
1.538904
1.540992
1.540992
1.536317
1.536317
1.537554
1.537554
1.551019
1.551019
1.540195
1.540195
1.546759
1.546759
1.543910
1.543910
1.532165
1.532165
1.538157
1.538157
1.538526
1.538526
1.541253
1.541253
1.549067
1.549067
1.536896
1.536896
1.533954
1.533954
1.540172
1.540172
1.540266
1.540266
1.546361
1.546361
1.535746
1.535746
1.537652
1.537652
1.541745
1.541745
1.534209
1.534209
1.541057
1.541057
1.545564
1.545564
1.537071
1.537071
1.541005
1.541005
1.542874
1.542874
1.538524
1.538524
1.542477
1.542477
1.533523
1.533523
1.535278
1.535278
1.541431
1.541431
1.538053
1.538053
1.543726
1.543726
1.541526
1.541526
1.542150
1.542150
1.530948
1.530948
1.537804
1.537804
1.549949
1.549949
1.537912
1.537912
1.543666
1.543666
1.544751
1.544751
1.543173
1.543173
1.534231
1.534231
1.530794
1.530794
1.529584
1.529584
1.540871
1.540871
1.543683
1.543683
1.544113
1.544113
1.540340
1.540340
1.540727
1.540727
1.535045
1.535045
1.537088
1.537088
1.551118
1.551118
1.532256
1.532256
1.545157
1.545157
1.537288
1.537288
1.536140
1.536140
1.541173
1.541173
1.537311
1.537311
1.545720
1.545720
1.536661
1.536661
1.540765
1.540765
1.530572
1.530572
1.544832
1.544832
1.547137
1.547137
1.531681
1.531681
1.535632
1.535632
1.537620
1.537620
1.546486
1.546486
1.546353
1.546353
1.537089
1.537089
1.549211
1.549211
1.528168
1.528168
1.534391
1.534391
1.539295
1.539295
1.537078
1.537078
1.547968
1.547968
1.542984
1.542984
1.525274
1.525274
1.541759
1.541759
1.535222
1.535222
1.540987
1.540987
1.538892
1.538892
1.538648
1.538648
1.536107
1.536107
1.536149
1.536149
1.539956
1.539956
1.549006
1.549006
1.532352
1.532352
1.541638
1.541638
1.537840
1.537840
1.534981
1.534981
1.540059
1.540059
1.540717
1.540717
1.544550
1.544550
1.549986
1.549986
1.539287
1.539287
1.530070
1.530070
1.527860
1.527860
1.554456
1.554456
1.533429
1.533429
1.532398
1.532398
1.538616
1.538616
1.534027
1.534027
1.541283
1.541283
1.542649
1.542649
1.528315
1.528315
1.543405
1.543405
1.537982
1.537982
1.548180
1.548180
1.529403
1.529403
1.531648
1.531648
1.542228
1.542228
1.543278
1.543278
1.539312
1.539312
1.532913
1.532913
1.536685
1.536685
1.536878
1.536878
1.550532
1.550532
1.535178
1.535178
1.538752
1.538752
1.542139
1.542139
1.539732
1.539732
1.537034
1.537034
1.545345
1.545345
1.539366
1.539366
1.540980
1.540980
1.536338
1.536338
1.528467
1.528467
1.538527
1.538527
1.541556
1.541556
1.534677
1.534677
1.543267
1.543267
1.533417
1.533417
1.545938
1.545938
1.534430
1.534430
1.538370
1.538370
1.537127
1.537127
1.535962
1.535962
1.525381
1.525381
1.546898
1.546898
1.543663
1.543663
1.535133
1.535133
1.541931
1.541931
1.533113
1.533113
1.542517
1.542517
1.537769
1.537769
1.543250
1.543250
1.534141
1.534141
1.535526
1.535526
1.535453
1.535453
1.542362
1.542362
1.541875
1.541875
1.535689
1.535689
1.542824
1.542824
1.530176
1.530176
1.534862
1.534862
1.540815
1.540815
1.544003
1.544003
1.545267
1.545267
1.541585
1.541585
1.529681
1.529681
1.544016
1.544016
1.527925
1.527925
1.540897
1.540897
1.540678
1.540678
1.543898
1.543898
1.524341
1.524341
1.541746
1.541746
1.538727
1.538727
1.538024
1.538024
1.539106
1.539106
1.537591
1.537591
1.536503
1.536503
1.531550
1.531550
1.537209
1.537209
1.549895
1.549895
1.538390
1.538390
1.531307
1.531307
1.536660
1.536660
1.544002
1.544002
1.535193
1.535193
1.537472
1.537472
1.535782
1.535782
1.532603
1.532603
1.538942
1.538942
1.533221
1.533221
1.544419
1.544419
1.540868
1.540868
1.534202
1.534202
1.540588
1.540588
1.537569
1.537569
1.542435
1.542435
1.532982
1.532982
1.529288
1.529288
1.537703
1.537703
1.549384
1.549384
1.538345
1.538345
1.532590
1.532590
1.540558
1.540558
1.535184
1.535184
1.539005
1.539005
1.540807
1.540807
1.531020
1.531020
1.536065
1.536065
1.538314
1.538314
1.534886
1.534886
1.541495
1.541495
1.536956
1.536956
1.535289
1.535289
1.541686
1.541686
1.535511
1.535511
1.541574
1.541574
1.532228
1.532228
1.543982
1.543982
1.538247
1.538247
1.531206
1.531206
1.537847
1.537847
1.535640
1.535640
1.543588
1.543588
1.539371
1.539371
1.543904
1.543904
1.526223
1.526223
1.532943
1.532943
1.537715
1.537715
1.539151
1.539151
1.542141
1.542141
1.534695
1.534695
1.531751
1.531751
1.539676
1.539676
1.536423
1.536423
1.540094
1.540094
1.527403
1.527403
1.544785
1.544785
1.535160
1.535160
1.537190
1.537190
1.544936
1.544936
1.529443
1.529443
1.540292
1.540292
1.535119
1.535119
1.538405
1.538405
1.538350
1.538350
1.534577
1.534577
1.540227
1.540227
1.528827
1.528827
1.537620
1.537620
1.534769
1.534769
1.548377
1.548377
1.535616
1.535616
1.539317
1.539317
1.540615
1.540615
1.530719
1.530719
1.537227
1.537227
1.537500
1.537500
1.533622
1.533622
1.542305
1.542305
1.542482
1.542482
1.532099
1.532099
1.533691
1.533691
1.531907
1.531907
1.549363
1.549363
1.538732
1.538732
1.534789
1.534789
1.527694
1.527694
1.539285
1.539285
1.530212
1.530212
1.537139
1.537139
1.535539
1.535539
1.544040
1.544040
1.530597
1.530597
1.538592
1.538592
1.534068
1.534068
1.540555
1.540555
1.541533
1.541533
1.539954
1.539954
1.528896
1.528896
1.541173
1.541173
1.534502
1.534502
1.540348
1.540348
1.533124
1.533124
1.542331
1.542331
1.541057
1.541057
1.535361
1.535361
1.530335
1.530335
1.535061
1.535061
1.539666
1.539666
1.542261
1.542261
1.530915
1.530915
1.535234
1.535234
1.537795
1.537795
1.542974
1.542974
1.534297
1.534297
1.538974
1.538974
1.526721
1.526721
1.535436
1.535436
1.547517
1.547517
1.532398
1.532398
1.532264
1.532264
1.534880
1.534880
1.535505
1.535505
1.540730
1.540730
1.536723
1.536723
1.538766
1.538766
1.529100
1.529100
1.537651
1.537651
1.524998
1.524998
1.532904
1.532904
1.531658
1.531658
1.561293
1.561293
1.533650
1.533650
1.539503
1.539503
1.538045
1.538045
1.538515
1.538515
1.531186
1.531186
1.540248
1.540248
1.539032
1.539032
1.534106
1.534106
1.535137
1.535137
1.532471
1.532471
1.533571
1.533571
1.543432
1.543432
1.541921
1.541921
1.532491
1.532491
1.528403
1.528403
1.534873
1.534873
1.529682
1.529682
1.537239
1.537239
1.537885
1.537885
1.543690
1.543690
1.530328
1.530328
1.535659
1.535659
1.539260
1.539260
1.536044
1.536044
1.541238
1.541238
1.528634
1.528634
1.537121
1.537121
1.539704
1.539704
1.536936
1.536936
1.539420
1.539420
1.535791
1.535791
1.535226
1.535226
1.532129
1.532129
1.537374
1.537374
1.541612
1.541612
1.545930
1.545930
1.524043
1.524043
1.541460
1.541460
1.530647
1.530647
1.539267
1.539267
1.531937
1.531937
1.532578
1.532578
1.540178
1.540178
1.540699
1.540699
1.534577
1.534577
1.539607
1.539607
1.531099
1.531099
1.539195
1.539195
1.540581
1.540581
1.527491
1.527491
1.536169
1.536169
1.534557
1.534557
1.537262
1.537262
1.538351
1.538351
1.532634
1.532634
1.526114
1.526114
1.532368
1.532368
1.531805
1.531805
1.549119
1.549119
1.541458
1.541458
1.536197
1.536197
1.536123
1.536123
1.537979
1.537979
1.532908
1.532908
1.536096
1.536096
1.537128
1.537128
1.530567
1.530567
1.539850
1.539850
1.539037
1.539037
1.531231
1.531231
1.540704
1.540704
1.539565
1.539565
1.533365
1.533365
1.533618
1.533618
1.529948
1.529948
1.536629
1.536629
1.531937
1.531937
1.527262
1.527262
1.538586
1.538586
1.546561
1.546561
1.533523
1.533523
1.537926
1.537926
1.536860
1.536860
1.535454
1.535454
1.533795
1.533795
1.533345
1.533345
1.531178
1.531178
1.546414
1.546414
1.530127
1.530127
1.537021
1.537021
1.532287
1.532287
1.547121
1.547121
1.531161
1.531161
1.530070
1.530070
1.537237
1.537237
1.530427
1.530427
1.534844
1.534844
1.535664
1.535664
1.535242
1.535242
1.542785
1.542785
1.534716
1.534716
1.534348
1.534348
1.540725
1.540725
1.541299
1.541299
1.522748
1.522748
1.537341
1.537341
1.540520
1.540520
1.544363
1.544363
1.523519
1.523519
1.529591
1.529591
1.539140
1.539140
1.529008
1.529008
1.533749
1.533749
1.537053
1.537053
1.538346
1.538346
1.532278
1.532278
1.542269
1.542269
1.536026
1.536026
1.530401
1.530401
1.535309
1.535309
1.546295
1.546295
1.532462
1.532462
1.527673
1.527673
1.532481
1.532481
1.537669
1.537669
1.531147
1.531147
1.538876
1.538876
1.536626
1.536626
1.539476
1.539476
1.527746
1.527746
1.539130
1.539130
1.527490
1.527490
1.540596
1.540596
1.540084
1.540084
1.525858
1.525858
1.534730
1.534730
1.532043
1.532043
1.536260
1.536260
1.542194
1.542194
1.528305
1.528305
1.535849
1.535849
1.539958
1.539958
1.539916
1.539916
1.521635
1.521635
1.538425
1.538425
1.534218
1.534218
1.533244
1.533244
1.535986
1.535986
1.526826
1.526826
1.547465
1.547465
1.539272
1.539272
1.528216
1.528216
1.533932
1.533932
1.540792
1.540792
1.531350
1.531350
1.533009
1.533009
1.535714
1.535714
1.541982
1.541982
1.529455
1.529455
1.533753
1.533753
1.530451
1.530451
1.525427
1.525427
1.538925
1.538925
1.543074
1.543074
1.536518
1.536518
1.538166
1.538166
1.536337
1.536337
1.528429
1.528429
1.537641
1.537641
1.532810
1.532810
1.535586
1.535586
1.527176
1.527176
1.533266
1.533266
1.540745
1.540745
1.537655
1.537655
1.538245
1.538245
1.531797
1.531797
1.533922
1.533922
1.530201
1.530201
1.540867
1.540867
1.540158
1.540158
1.534555
1.534555
1.535945
1.535945
1.527245
1.527245
1.535615
1.535615
1.535334
1.535334
1.532101
1.532101
1.537629
1.537629
1.524069
1.524069
1.546829
1.546829
1.535848
1.535848
1.529690
1.529690
1.537450
1.537450
1.534713
1.534713
1.535019
1.535019
1.534835
1.534835
1.541781
1.541781
1.531260
1.531260
1.525756
1.525756
1.539972
1.539972
1.533605
1.533605
1.530892
1.530892
1.535764
1.535764
1.536249
1.536249
1.535736
1.535736
1.530320
1.530320
1.534562
1.534562
1.534618
1.534618
1.532507
1.532507
1.541309
1.541309
1.531325
1.531325
1.530127
1.530127
1.537361
1.537361
1.534773
1.534773
1.538904
1.538904
1.528167
1.528167
1.539802
1.539802
1.544222
1.544222
1.526868
1.526868
1.531383
1.531383
1.544567
1.544567
1.528833
1.528833
1.543127
1.543127
1.522539
1.522539
1.531069
1.531069
1.537933
1.537933
1.536527
1.536527
1.530390
1.530390
1.530210
1.530210
1.536010
1.536010
1.532456
1.532456
1.535424
1.535424
1.534374
1.534374
1.532586
1.532586
1.535875
1.535875
1.532676
1.532676
1.539639
1.539639
1.531325
1.531325
1.528977
1.528977
1.538479
1.538479
1.536494
1.536494
1.535628
1.535628
1.535180
1.535180
1.531362
1.531362
1.530190
1.530190
1.532589
1.532589
1.533920
1.533920
1.538070
1.538070
1.528644
1.528644
1.537173
1.537173
1.535634
1.535634
1.535734
1.535734
1.525496
1.525496
1.540115
1.540115
1.531978
1.531978
1.526514
1.526514
1.541969
1.541969
1.534731
1.534731
1.527611
1.527611
1.539919
1.539919
1.538598
1.538598
1.537812
1.537812
1.527288
1.527288
1.536100
1.536100
1.527763
1.527763
1.529146
1.529146
1.534259
1.534259
1.533196
1.533196
1.537778
1.537778
1.534643
1.534643
1.523198
1.523198
1.537707
1.537707
1.532199
1.532199
1.533521
1.533521
1.544481
1.544481
1.527268
1.527268
1.536086
1.536086
1.532446
1.532446
1.534289
1.534289
1.539332
1.539332
1.532467
1.532467
1.536576
1.536576
1.537624
1.537624
1.528560
1.528560
1.532057
1.532057
1.535950
1.535950
1.530665
1.530665
1.539709
1.539709
1.524632
1.524632
1.537328
1.537328
1.536681
1.536681
1.537535
1.537535
1.517724
1.517724
1.537064
1.537064
1.539556
1.539556
1.524942
1.524942
1.534504
1.534504
1.535802
1.535802
1.532644
1.532644
1.540663
1.540663
1.533175
1.533175
1.529768
1.529768
1.534966
1.534966
1.528869
1.528869
1.541769
1.541769
1.533912
1.533912
1.538319
1.538319
1.520562
1.520562
1.533034
1.533034
1.542726
1.542726
1.526847
1.526847
1.534207
1.534207
1.530303
1.530303
1.537168
1.537168
1.538870
1.538870
1.529699
1.529699
1.530454
1.530454
1.535338
1.535338
1.535045
1.535045
1.535911
1.535911
1.532552
1.532552
1.537487
1.537487
1.531427
1.531427
1.522856
1.522856
1.543798
1.543798
1.534137
1.534137
1.528089
1.528089
1.536318
1.536318
1.535522
1.535522
1.530573
1.530573
1.532465
1.532465
1.532917
1.532917
1.533368
1.533368
1.540157
1.540157
1.523790
1.523790
1.535037
1.535037
1.531128
1.531128
1.531407
1.531407
1.537414
1.537414
1.528668
1.528668
1.523527
1.523527
1.538208
1.538208
1.533933
1.533933
1.535944
1.535944
1.532909
1.532909
1.536279
1.536279
1.539198
1.539198
1.535219
1.535219
1.519384
1.519384
1.534770
1.534770
1.529929
1.529929
1.534977
1.534977
1.526947
1.526947
1.532248
1.532248
1.542474
1.542474
1.530015
1.530015
1.541414
1.541414
1.531099
1.531099
1.524565
1.524565
1.538232
1.538232
1.532235
1.532235
1.537723
1.537723
1.537222
1.537222
1.525386
1.525386
1.530702
1.530702
1.538710
1.538710
1.528981
1.528981
1.534751
1.534751
1.530973
1.530973
1.529258
1.529258
1.524592
1.524592
1.541821
1.541821
1.534973
1.534973
1.532664
1.532664
1.528113
1.528113
1.530689
1.530689
1.533152
1.533152
1.545495
1.545495
1.521849
1.521849
1.531609
1.531609
1.523041
1.523041
1.533249
1.533249
1.530342
1.530342
1.538668
1.538668
1.539117
1.539117
1.527174
1.527174
1.536362
1.536362
1.529309
1.529309
1.528809
1.528809
1.543665
1.543665
1.540634
1.540634
1.532110
1.532110
1.524629
1.524629
1.534237
1.534237
1.530219
1.530219
1.533845
1.533845
1.540577
1.540577
1.530929
1.530929
1.528752
1.528752
1.526830
1.526830
1.533664
1.533664
1.532280
1.532280
1.524857
1.524857
1.541153
1.541153
1.529659
1.529659
1.529725
1.529725
1.524124
1.524124
1.532765
1.532765
1.539920
1.539920
1.536812
1.536812
1.533551
1.533551
1.524624
1.524624
1.541171
1.541171
1.536343
1.536343
1.524583
1.524583
1.536875
1.536875
1.533125
1.533125
1.532891
1.532891
1.533188
1.533188
1.523724
1.523724
1.537256
1.537256
1.533652
1.533652
1.531058
1.531058
1.532468
1.532468
1.525569
1.525569
1.532487
1.532487
1.520420
1.520420
1.531919
1.531919
1.537826
1.537826
1.540947
1.540947
1.526257
1.526257
1.538905
1.538905
1.533755
1.533755
1.531546
1.531546
1.530396
1.530396
1.542041
1.542041
1.531955
1.531955
1.517505
1.517505
1.543241
1.543241
1.524431
1.524431
1.538662
1.538662
1.530153
1.530153
1.526092
1.526092
1.535269
1.535269
1.530115
1.530115
1.523120
1.523120
1.535806
1.535806
1.528348
1.528348
1.533885
1.533885
1.541683
1.541683
1.532197
1.532197
1.530776
1.530776
1.527318
1.527318
1.535259
1.535259
1.535506
1.535506
1.531396
1.531396
1.538361
1.538361
1.529709
1.529709
1.522218
1.522218
1.540281
1.540281
1.535031
1.535031
1.522435
1.522435
1.532769
1.532769
1.530453
1.530453
1.541355
1.541355
1.534745
1.534745
1.526245
1.526245
1.531393
1.531393
1.529472
1.529472
1.539631
1.539631
1.528903
1.528903
1.527912
1.527912
1.532340
1.532340
1.536785
1.536785
1.534036
1.534036
1.535826
1.535826
1.526577
1.526577
1.531416
1.531416
1.538700
1.538700
1.525154
1.525154
1.521505
1.521505
1.535374
1.535374
1.530167
1.530167
1.539359
1.539359
1.533162
1.533162
1.528739
1.528739
1.536918
1.536918
1.530940
1.530940
1.529720
1.529720
1.533162
1.533162
1.520296
1.520296
1.528566
1.528566
1.544177
1.544177
1.535414
1.535414
1.530148
1.530148
1.532718
1.532718
1.526595
1.526595
1.533337
1.533337
1.533120
1.533120
1.533502
1.533502
1.525668
1.525668
1.532741
1.532741
1.522205
1.522205
1.536487
1.536487
1.544699
1.544699
1.533562
1.533562
1.527722
1.527722
1.539316
1.539316
1.531575
1.531575
1.524500
1.524500
1.530672
1.530672
1.527399
1.527399
1.529607
1.529607
1.538266
1.538266
1.532547
1.532547
1.539158
1.539158
1.528150
1.528150
1.531708
1.531708
1.532129
1.532129
1.525405
1.525405
1.537351
1.537351
1.531925
1.531925
1.531689
1.531689
1.530007
1.530007
1.525337
1.525337
1.533905
1.533905
1.530514
1.530514
1.537791
1.537791
1.526991
1.526991
1.527435
1.527435
1.524520
1.524520
1.538716
1.538716
1.534927
1.534927
1.529178
1.529178
1.529652
1.529652
1.531835
1.531835
1.526724
1.526724
1.533566
1.533566
1.527870
1.527870
1.539100
1.539100
1.535814
1.535814
1.527672
1.527672
1.531195
1.531195
1.532571
1.532571
1.529311
1.529311
1.531209
1.531209
1.537971
1.537971
1.529127
1.529127
1.527657
1.527657
1.530907
1.530907
1.528862
1.528862
1.521231
1.521231
1.530592
1.530592
1.537474
1.537474
1.541045
1.541045
1.525986
1.525986
1.533232
1.533232
1.527867
1.527867
1.538994
1.538994
1.530249
1.530249
1.539520
1.539520
1.522551
1.522551
1.535185
1.535185
1.526207
1.526207
1.533384
1.533384
1.522669
1.522669
1.537146
1.537146
1.540131
1.540131
1.534199
1.534199
1.518947
1.518947
1.533099
1.533099
1.532832
1.532832
1.529836
1.529836
1.527176
1.527176
1.533537
1.533537
1.535742
1.535742
1.525323
1.525323
1.527124
1.527124
1.532360
1.532360
1.536489
1.536489
1.530969
1.530969
1.535273
1.535273
1.530310
1.530310
1.530089
1.530089
1.528163
1.528163
1.539208
1.539208
1.537545
1.537545
1.522284
1.522284
1.527418
1.527418
1.528119
1.528119
1.535265
1.535265
1.529217
1.529217
1.529662
1.529662
1.527100
1.527100
1.534775
1.534775
1.534104
1.534104
1.523175
1.523175
1.529865
1.529865
1.528707
1.528707
1.541644
1.541644
1.531666
1.531666
1.532339
1.532339
1.533083
1.533083
1.529382
1.529382
1.527348
1.527348
1.524165
1.524165
1.534486
1.534486
1.521353
1.521353
1.541479
1.541479
1.533707
1.533707
1.532532
1.532532
1.528565
1.528565
1.533250
1.533250
1.533718
1.533718
1.524719
1.524719
1.523521
1.523521
1.525438
1.525438
1.541930
1.541930
1.534968
1.534968
1.527411
1.527411
1.533989
1.533989
1.532842
1.532842
1.529111
1.529111
1.528043
1.528043
1.529742
1.529742
1.528319
1.528319
1.526727
1.526727
1.537996
1.537996
1.525961
1.525961
1.536179
1.536179
1.530292
1.530292
1.529456
1.529456
1.534782
1.534782
1.530313
1.530313
1.528250
1.528250
1.528509
1.528509
1.528342
1.528342
1.531716
1.531716
1.535341
1.535341
1.529288
1.529288
1.521869
1.521869
1.527547
1.527547
1.533496
1.533496
1.542143
1.542143
1.527551
1.527551
1.525883
1.525883
1.532494
1.532494
1.534347
1.534347
1.523363
1.523363
1.539253
1.539253
1.529992
1.529992
1.532056
1.532056
1.528079
1.528079
1.528780
1.528780
1.535359
1.535359
1.528925
1.528925
1.535267
1.535267
1.531406
1.531406
1.524731
1.524731
1.533277
1.533277
1.535736
1.535736
1.522259
1.522259
1.521082
1.521082
1.540662
1.540662
1.533854
1.533854
1.520093
1.520093
1.525634
1.525634
1.539394
1.539394
1.535741
1.535741
1.532139
1.532139
1.521620
1.521620
1.525979
1.525979
1.538027
1.538027
1.535527
1.535527
1.531475
1.531475
1.534301
1.534301
1.527022
1.527022
1.524082
1.524082
1.531357
1.531357
1.536982
1.536982
1.539029
1.539029
1.533941
1.533941
1.529396
1.529396
1.526562
1.526562
1.520585
1.520585
1.533063
1.533063
1.525675
1.525675
1.538022
1.538022
1.530132
1.530132
1.522951
1.522951
1.527875
1.527875
1.528011
1.528011
1.530258
1.530258
1.527801
1.527801
1.539792
1.539792
1.532015
1.532015
1.529760
1.529760
1.522830
1.522830
1.529761
1.529761
1.539041
1.539041
1.531607
1.531607
1.531931
1.531931
1.533493
1.533493
1.523070
1.523070
1.531266
1.531266
1.541145
1.541145
1.518479
1.518479
1.533662
1.533662
1.532504
1.532504
1.523493
1.523493
1.526987
1.526987
1.526481
1.526481
1.533822
1.533822
1.531370
1.531370
1.532681
1.532681
1.530952
1.530952
1.522253
1.522253
1.538674
1.538674
1.528496
1.528496
1.530115
1.530115
1.529323
1.529323
1.528120
1.528120
1.525144
1.525144
1.537288
1.537288
1.530695
1.530695
1.522576
1.522576
1.533270
1.533270
1.533754
1.533754
1.535217
1.535217
1.524138
1.524138
1.531393
1.531393
1.524877
1.524877
1.531493
1.531493
1.521500
1.521500
1.544613
1.544613
1.533805
1.533805
1.526616
1.526616
1.531048
1.531048
1.526430
1.526430
1.532968
1.532968
1.517205
1.517205
1.534805
1.534805
1.537130
1.537130
1.527138
1.527138
1.534782
1.534782
1.524459
1.524459
1.532946
1.532946
1.529731
1.529731
1.525118
1.525118
1.539747
1.539747
1.531378
1.531378
1.534099
1.534099
1.528298
1.528298
1.531666
1.531666
1.521952
1.521952
1.532135
1.532135
1.531023
1.531023
1.526847
1.526847
1.533478
1.533478
1.524239
1.524239
1.533108
1.533108
1.538557
1.538557
1.523553
1.523553
1.523587
1.523587
1.530172
1.530172
1.525729
1.525729
1.531518
1.531518
1.515532
1.515532
1.539122
1.539122
1.539079
1.539079
1.527262
1.527262
1.534039
1.534039
1.532484
1.532484
1.524574
1.524574
1.530351
1.530351
1.519724
1.519724
1.529622
1.529622
1.532286
1.532286
1.533387
1.533387
1.534514
1.534514
1.529754
1.529754
1.534272
1.534272
1.521107
1.521107
1.524883
1.524883
1.540865
1.540865
1.528958
1.528958
1.530852
1.530852
1.529633
1.529633
1.526038
1.526038
1.533308
1.533308
1.529546
1.529546
1.531292
1.531292
1.527873
1.527873
1.527010
1.527010
1.532673
1.532673
1.527238
1.527238
1.523561
1.523561
1.531498
1.531498
1.534491
1.534491
1.530960
1.530960
1.530647
1.530647
1.532930
1.532930
1.530872
1.530872
1.520153
1.520153
1.533613
1.533613
1.530558
1.530558
1.528295
1.528295
1.530806
1.530806
1.526248
1.526248
1.531639
1.531639
1.528174
1.528174
1.523999
1.523999
1.526132
1.526132
1.533536
1.533536
1.536774
1.536774
1.528763
1.528763
1.530204
1.530204
1.528408
1.528408
1.536123
1.536123
1.521090
1.521090
1.532636
1.532636
1.534473
1.534473
1.530790
1.530790
1.525070
1.525070
1.521549
1.521549
1.531028
1.531028
1.536975
1.536975
1.523106
1.523106
1.528285
1.528285
1.526073
1.526073
1.531159
1.531159
1.528841
1.528841
1.526973
1.526973
1.528898
1.528898
1.530582
1.530582
1.524184
1.524184
1.537706
1.537706
1.524889
1.524889
1.533889
1.533889
1.524031
1.524031
1.523133
1.523133
1.529699
1.529699
1.528754
1.528754
1.530777
1.530777
1.534809
1.534809
1.527594
1.527594
1.525397
1.525397
1.528207
1.528207
1.527405
1.527405
1.539562
1.539562
1.530223
1.530223
1.528230
1.528230
1.529398
1.529398
1.528928
1.528928
1.528484
1.528484
1.526373
1.526373
1.529721
1.529721
1.528118
1.528118
1.533446
1.533446
1.527077
1.527077
1.528029
1.528029
1.521797
1.521797
1.532136
1.532136
1.533310
1.533310
1.530091
1.530091
1.529265
1.529265
1.530133
1.530133
1.534601
1.534601
1.523836
1.523836
1.526524
1.526524
1.534133
1.534133
1.530643
1.530643
1.517303
1.517303
1.531992
1.531992
1.531257
1.531257
1.530592
1.530592
1.525111
1.525111
1.532401
1.532401
1.524271
1.524271
1.533294
1.533294
1.528062
1.528062
1.525542
1.525542
1.527171
1.527171
1.534985
1.534985
1.528615
1.528615
1.530204
1.530204
1.531562
1.531562
1.534436
1.534436
1.519950
1.519950
1.527880
1.527880
1.518734
1.518734
1.531731
1.531731
1.525435
1.525435
1.531364
1.531364
1.539509
1.539509
1.530302
1.530302
1.533274
1.533274
1.523331
1.523331
1.533085
1.533085
1.522477
1.522477
1.522754
1.522754
1.532922
1.532922
1.528910
1.528910
1.524497
1.524497
1.536707
1.536707
1.523092
1.523092
1.532333
1.532333
1.532630
1.532630
1.526739
1.526739
1.528895
1.528895
1.530978
1.530978
1.524934
1.524934
1.534240
1.534240
1.528388
1.528388
1.523721
1.523721
1.527311
1.527311
1.525880
1.525880
1.528524
1.528524
1.534647
1.534647
1.526423
1.526423
1.522996
1.522996
1.526445
1.526445
1.528793
1.528793
1.528881
1.528881
1.538518
1.538518
1.534830
1.534830
1.528676
1.528676
1.528078
1.528078
1.525484
1.525484
1.525149
1.525149
1.525600
1.525600
1.526200
1.526200
1.532303
1.532303
1.534165
1.534165
1.523334
1.523334
1.526076
1.526076
1.534313
1.534313
1.537561
1.537561
1.518584
1.518584
1.525504
1.525504
1.521382
1.521382
1.533427
1.533427
1.533882
1.533882
1.525461
1.525461
1.528596
1.528596
1.531297
1.531297
1.531621
1.531621
1.534324
1.534324
1.521059
1.521059
1.522961
1.522961
1.522938
1.522938
1.531347
1.531347
1.521918
1.521918
1.530115
1.530115
1.538666
1.538666
1.532871
1.532871
1.527387
1.527387
1.523340
1.523340
1.529457
1.529457
1.529645
1.529645
1.526108
1.526108
1.531876
1.531876
1.526711
1.526711
1.524551
1.524551
1.534604
1.534604
1.531842
1.531842
1.526139
1.526139
1.528819
1.528819
1.524795
1.524795
1.531354
1.531354
1.527861
1.527861
1.537053
1.537053
1.527382
1.527382
1.523312
1.523312
1.525888
1.525888
1.522483
1.522483
1.531649
1.531649
1.525021
1.525021
1.531801
1.531801
1.531856
1.531856
1.523733
1.523733
1.527149
1.527149
1.520969
1.520969
1.527481
1.527481
1.547048
1.547048
1.531020
1.531020
1.523514
1.523514
1.531301
1.531301
1.530139
1.530139
1.524808
1.524808
1.528725
1.528725
1.534064
1.534064
1.529442
1.529442
1.522142
1.522142
1.526711
1.526711
1.528610
1.528610
1.526177
1.526177
1.527868
1.527868
1.526440
1.526440
1.533521
1.533521
1.522154
1.522154
1.535875
1.535875
1.526527
1.526527
1.523512
1.523512
1.534698
1.534698
1.525711
1.525711
1.526021
1.526021
1.526097
1.526097
1.527671
1.527671
1.537900
1.537900
1.516289
1.516289
1.529230
1.529230
1.537183
1.537183
1.528102
1.528102
1.530673
1.530673
1.527923
1.527923
1.520403
1.520403
1.533891
1.533891
1.529019
1.529019
1.529914
1.529914
1.529156
1.529156
1.538549
1.538549
1.523111
1.523111
1.524542
1.524542
1.524252
1.524252
1.532747
1.532747
1.522825
1.522825
1.526939
1.526939
1.535610
1.535610
1.520410
1.520410
1.522134
1.522134
1.540825
1.540825
1.529925
1.529925
1.526549
1.526549
1.518493
1.518493
1.532110
1.532110
1.526756
1.526756
1.534572
1.534572
1.525717
1.525717
1.518660
1.518660
1.525029
1.525029
1.529055
1.529055
1.537766
1.537766
1.518224
1.518224
1.530490
1.530490
1.531174
1.531174
1.532979
1.532979
1.521717
1.521717
1.526244
1.526244
1.527603
1.527603
1.529143
1.529143
1.526916
1.526916
1.534198
1.534198
1.522683
1.522683
1.526359
1.526359
1.528104
1.528104
1.521347
1.521347
1.530529
1.530529
1.530609
1.530609
1.529332
1.529332
1.533514
1.533514
1.527686
1.527686
1.524704
1.524704
1.528896
1.528896
1.523588
1.523588
1.517310
1.517310
1.519594
1.519594
1.534863
1.534863
1.533461
1.533461
1.536106
1.536106
1.529856
1.529856
1.523504
1.523504
1.525796
1.525796
1.528348
1.528348
1.532979
1.532979
1.516981
1.516981
1.534118
1.534118
1.534833
1.534833
1.523014
1.523014
1.530924
1.530924
1.531591
1.531591
1.530335
1.530335
1.530255
1.530255
1.523234
1.523234
1.522183
1.522183
1.532086
1.532086
1.531759
1.531759
1.527034
1.527034
1.519541
1.519541
1.528612
1.528612
1.526520
1.526520
1.522715
1.522715
1.525656
1.525656
1.529936
1.529936
1.535859
1.535859
1.529243
1.529243
1.528729
1.528729
1.534771
1.534771
1.521608
1.521608
1.523128
1.523128
1.522200
1.522200
1.537935
1.537935
1.531724
1.531724
1.518148
1.518148
1.528821
1.528821
1.524324
1.524324
1.534345
1.534345
1.525399
1.525399
1.523694
1.523694
1.531731
1.531731
1.533744
1.533744
1.526152
1.526152
1.533107
1.533107
1.526240
1.526240
1.516448
1.516448
1.531572
1.531572
1.528649
1.528649
1.528052
1.528052
1.523505
1.523505
1.526250
1.526250
1.530122
1.530122
1.527761
1.527761
1.531490
1.531490
1.521185
1.521185
1.527713
1.527713
1.526432
1.526432
1.535708
1.535708
1.531309
1.531309
1.518581
1.518581
1.525578
1.525578
1.533919
1.533919
1.532896
1.532896
1.520523
1.520523
1.526287
1.526287
1.523244
1.523244
1.524227
1.524227
1.522686
1.522686
1.533546
1.533546
1.526533
1.526533
1.531807
1.531807
1.523870
1.523870
1.532352
1.532352
1.520377
1.520377
1.531042
1.531042
1.530696
1.530696
1.530330
1.530330
1.533001
1.533001
1.522889
1.522889
1.528321
1.528321
1.521342
1.521342
1.528839
1.528839
1.527584
1.527584
1.530175
1.530175
1.525047
1.525047
1.524968
1.524968
1.533918
1.533918
1.524822
1.524822
1.519995
1.519995
1.526341
1.526341
1.533533
1.533533
1.532134
1.532134
1.523855
1.523855
1.519069
1.519069
1.531826
1.531826
1.531026
1.531026
1.529148
1.529148
1.528608
1.528608
1.521619
1.521619
1.526922
1.526922
1.531757
1.531757
1.524409
1.524409
1.533712
1.533712
1.523253
1.523253
1.528825
1.528825
1.526551
1.526551
1.517944
1.517944
1.522964
1.522964
1.534346
1.534346
1.532863
1.532863
1.529270
1.529270
1.531663
1.531663
1.524483
1.524483
1.524189
1.524189
1.527353
1.527353
1.529757
1.529757
1.523384
1.523384
1.530285
1.530285
1.526069
1.526069
1.524096
1.524096
1.534795
1.534795
1.526392
1.526392
1.529422
1.529422
1.530470
1.530470
1.531217
1.531217
1.516588
1.516588
1.530097
1.530097
1.527277
1.527277
1.531027
1.531027
1.520796
1.520796
1.527462
1.527462
1.523103
1.523103
1.521261
1.521261
1.531131
1.531131
1.533125
1.533125
1.528102
1.528102
1.527616
1.527616
1.519481
1.519481
1.529017
1.529017
1.530992
1.530992
1.529907
1.529907
1.523094
1.523094
1.531276
1.531276
1.533335
1.533335
1.522916
1.522916
1.525012
1.525012
1.525414
1.525414
1.533967
1.533967
1.531365
1.531365
1.521924
1.521924
1.522081
1.522081
1.530980
1.530980
1.527921
1.527921
1.521305
1.521305
1.528839
1.528839
1.526673
1.526673
1.523967
1.523967
1.524637
1.524637
1.533542
1.533542
1.530310
1.530310
1.521983
1.521983
1.521907
1.521907
1.533448
1.533448
1.525773
1.525773
1.535388
1.535388
1.516446
1.516446
1.515134
1.515134
1.526399
1.526399
1.528030
1.528030
1.527564
1.527564
1.541935
1.541935
1.525503
1.525503
1.528865
1.528865
1.527154
1.527154
1.523478
1.523478
1.531275
1.531275
1.525172
1.525172
1.524071
1.524071
1.524836
1.524836
1.531182
1.531182
1.530699
1.530699
1.535255
1.535255
1.524835
1.524835
1.523069
1.523069
1.524064
1.524064
1.527896
1.527896
1.524725
1.524725
1.523413
1.523413
1.525600
1.525600
1.526214
1.526214
1.537310
1.537310
1.526135
1.526135
1.530010
1.530010
1.530622
1.530622
1.520769
1.520769
1.527017
1.527017
1.526556
1.526556
1.527472
1.527472
1.536842
1.536842
1.519606
1.519606
1.522900
1.522900
1.523510
1.523510
1.526268
1.526268
1.523861
1.523861
1.525457
1.525457
1.537766
1.537766
1.530265
1.530265
1.530566
1.530566
1.531639
1.531639
1.518496
1.518496
1.521818
1.521818
1.531284
1.531284
1.529933
1.529933
1.517145
1.517145
1.531916
1.531916
1.522471
1.522471
1.526148
1.526148
1.524847
1.524847
1.522770
1.522770
1.535618
1.535618
1.523438
1.523438
1.527433
1.527433
1.526728
1.526728
1.518343
1.518343
1.522487
1.522487
1.542304
1.542304
1.525801
1.525801
1.520617
1.520617
1.529505
1.529505
1.527999
1.527999
1.530300
1.530300
1.527848
1.527848
1.525007
1.525007
1.527638
1.527638
1.514082
1.514082
1.542489
1.542489
1.526097
1.526097
1.531454
1.531454
1.522326
1.522326
1.520137
1.520137
1.535085
1.535085
1.525323
1.525323
1.520951
1.520951
1.524456
1.524456
1.531075
1.531075
1.532511
1.532511
1.530977
1.530977
1.519682
1.519682
1.527668
1.527668
1.524607
1.524607
1.530798
1.530798
1.528003
1.528003
1.535306
1.535306
1.527740
1.527740
1.523888
1.523888
1.514710
1.514710
1.530383
1.530383
1.522110
1.522110
1.523386
1.523386
1.527080
1.527080
1.530412
1.530412
1.520348
1.520348
1.530052
1.530052
1.536482
1.536482
1.514851
1.514851
1.531874
1.531874
1.528134
1.528134
1.526364
1.526364
1.527325
1.527325
1.521620
1.521620
1.529449
1.529449
1.521876
1.521876
1.535026
1.535026
1.523915
1.523915
1.525732
1.525732
1.525236
1.525236
1.521414
1.521414
1.522885
1.522885
1.533220
1.533220
1.530746
1.530746
1.522838
1.522838
1.534909
1.534909
1.527189
1.527189
1.529001
1.529001
1.519804
1.519804
1.519199
1.519199
1.533741
1.533741
1.522480
1.522480
1.527568
1.527568
1.519446
1.519446
1.529224
1.529224
1.533508
1.533508
1.529154
1.529154
1.527065
1.527065
1.519891
1.519891
1.520619
1.520619
1.522671
1.522671
1.527180
1.527180
1.525584
1.525584
1.530817
1.530817
1.524923
1.524923
1.531283
1.531283
1.530063
1.530063
1.521316
1.521316
1.521178
1.521178
1.527960
1.527960
1.524682
1.524682
1.516444
1.516444
1.518931
1.518931
1.540507
1.540507
1.532156
1.532156
1.531321
1.531321
1.525787
1.525787
1.521895
1.521895
1.530674
1.530674
1.520064
1.520064
1.522583
1.522583
1.530705
1.530705
1.525509
1.525509
1.523239
1.523239
1.530138
1.530138
1.533872
1.533872
1.529460
1.529460
1.523373
1.523373
1.515184
1.515184
1.530295
1.530295
1.525295
1.525295
1.521629
1.521629
1.536588
1.536588
1.525723
1.525723
1.520538
1.520538
1.522956
1.522956
1.527192
1.527192
1.529276
1.529276
1.526599
1.526599
1.524688
1.524688
1.531426
1.531426
1.526530
1.526530
1.525470
1.525470
1.517722
1.517722
1.531049
1.531049
1.530932
1.530932
1.522951
1.522951
1.529600
1.529600
1.517700
1.517700
1.530883
1.530883
1.532483
1.532483
1.519064
1.519064
1.527800
1.527800
1.523847
1.523847
1.528050
1.528050
1.536245
1.536245
1.528556
1.528556
1.519282
1.519282
1.521564
1.521564
1.524689
1.524689
1.528147
1.528147
1.522242
1.522242
1.525153
1.525153
1.527819
1.527819
1.527636
1.527636
1.522292
1.522292
1.525255
1.525255
1.529621
1.529621
1.527488
1.527488
1.525781
1.525781
1.522030
1.522030
1.522423
1.522423
1.533665
1.533665
1.523673
1.523673
1.529402
1.529402
1.529242
1.529242
1.520227
1.520227
1.533455
1.533455
1.526164
1.526164
1.519601
1.519601
1.525372
1.525372
1.524743
1.524743
1.521140
1.521140
1.533134
1.533134
1.525687
1.525687
1.530635
1.530635
1.514562
1.514562
1.536971
1.536971
1.524549
1.524549
1.522520
1.522520
1.528559
1.528559
1.527029
1.527029
1.512774
1.512774
1.527279
1.527279
1.537177
1.537177
1.523030
1.523030
1.521958
1.521958
1.531146
1.531146
1.530195
1.530195
1.522920
1.522920
1.534451
1.534451
1.523505
1.523505
1.533401
1.533401
1.519697
1.519697
1.516529
1.516529
1.526761
1.526761
1.526033
1.526033
1.522384
1.522384
1.527269
1.527269
1.527800
1.527800
1.527171
1.527171
1.523148
1.523148
1.522625
1.522625
1.531279
1.531279
1.525295
1.525295
1.532421
1.532421
1.517812
1.517812
1.530001
1.530001
1.525689
1.525689
1.522865
1.522865
1.530744
1.530744
1.528109
1.528109
1.522887
1.522887
1.524189
1.524189
1.522703
1.522703
1.525158
1.525158
1.522735
1.522735
1.519762
1.519762
1.532067
1.532067
1.530718
1.530718
1.523950
1.523950
1.532339
1.532339
1.521848
1.521848
1.526950
1.526950
1.523428
1.523428
1.522251
1.522251
1.526048
1.526048
1.528276
1.528276
1.527838
1.527838
1.524147
1.524147
1.532508
1.532508
1.521861
1.521861
1.527763
1.527763
1.523073
1.523073
1.522988
1.522988
1.532214
1.532214
1.524110
1.524110
1.529625
1.529625
1.524227
1.524227
1.516343
1.516343
1.521947
1.521947
1.529174
1.529174
1.527649
1.527649
1.528901
1.528901
1.519606
1.519606
1.525823
1.525823
1.527872
1.527872
1.528109
1.528109
1.518824
1.518824
1.528820
1.528820
1.523730
1.523730
1.527611
1.527611
1.520384
1.520384
1.519994
1.519994
1.540472
1.540472
1.531834
1.531834
1.519171
1.519171
1.526605
1.526605
1.523752
1.523752
1.527585
1.527585
1.526560
1.526560
1.518307
1.518307
1.532274
1.532274
1.534701
1.534701
1.513595
1.513595
1.529491
1.529491
1.524588
1.524588
1.527517
1.527517
1.526002
1.526002
1.519071
1.519071
1.523267
1.523267
1.533317
1.533317
1.518002
1.518002
1.527629
1.527629
1.526049
1.526049
1.519697
1.519697
1.529188
1.529188
1.528076
1.528076
1.527934
1.527934
1.522311
1.522311
1.523684
1.523684
1.520580
1.520580
1.527200
1.527200
1.530880
1.530880
1.525491
1.525491
1.520297
1.520297
1.529459
1.529459
1.524346
1.524346
1.525773
1.525773
1.528631
1.528631
1.523123
1.523123
1.530473
1.530473
1.525103
1.525103
1.529199
1.529199
1.517891
1.517891
1.527649
1.527649
1.525339
1.525339
1.525384
1.525384
1.523911
1.523911
1.525159
1.525159
1.527939
1.527939
1.529568
1.529568
1.527164
1.527164
1.520706
1.520706
1.520875
1.520875
1.521584
1.521584
1.523294
1.523294
1.535050
1.535050
1.522442
1.522442
1.524724
1.524724
1.522837
1.522837
1.522372
1.522372
1.529669
1.529669
1.525600
1.525600
1.527109
1.527109
1.520356
1.520356
1.523132
1.523132
1.524832
1.524832
1.530926
1.530926
1.528605
1.528605
1.533195
1.533195
1.520716
1.520716
1.527170
1.527170
1.523363
1.523363
1.521576
1.521576
1.529684
1.529684
1.524563
1.524563
1.522999
1.522999
1.527656
1.527656
1.520773
1.520773
1.526703
1.526703
1.531558
1.531558
1.534849
1.534849
1.512901
1.512901
1.519153
1.519153
1.525239
1.525239
1.524704
1.524704
1.531562
1.531562
1.523238
1.523238
1.520740
1.520740
1.516888
1.516888
1.525151
1.525151
1.522002
1.522002
1.534125
1.534125
1.529302
1.529302
1.520727
1.520727
1.525258
1.525258
1.528900
1.528900
1.529905
1.529905
1.520367
1.520367
1.536284
1.536284
1.521515
1.521515
1.526663
1.526663
1.525818
1.525818
1.512875
1.512875
1.522415
1.522415
1.522826
1.522826
1.523574
1.523574
1.529597
1.529597
1.528278
1.528278
1.524437
1.524437
1.523412
1.523412
1.530925
1.530925
1.522876
1.522876
1.523709
1.523709
1.518074
1.518074
1.526421
1.526421
1.528673
1.528673
1.527100
1.527100
1.525328
1.525328
1.523172
1.523172
1.529736
1.529736
1.522549
1.522549
1.531335
1.531335
1.516531
1.516531
1.533992
1.533992
1.526059
1.526059
1.527312
1.527312
1.514300
1.514300
1.523237
1.523237
1.525208
1.525208
1.521854
1.521854
1.523695
1.523695
1.534531
1.534531
1.518362
1.518362
1.520464
1.520464
1.523474
1.523474
1.520935
1.520935
1.533122
1.533122
1.527951
1.527951
1.515599
1.515599
1.528081
1.528081
1.519784
1.519784
1.536339
1.536339
1.525457
1.525457
1.526500
1.526500
1.518814
1.518814
1.523475
1.523475
1.528070
1.528070
1.529280
1.529280
1.520218
1.520218
1.523004
1.523004
1.529059
1.529059
1.526964
1.526964
1.526044
1.526044
1.529666
1.529666
1.521016
1.521016
1.528821
1.528821
1.525640
1.525640
1.518164
1.518164
1.529077
1.529077
1.525821
1.525821
1.525870
1.525870
1.523123
1.523123
1.519869
1.519869
1.528088
1.528088
1.529051
1.529051
1.525011
1.525011
1.517197
1.517197
1.525984
1.525984
1.525677
1.525677
1.532537
1.532537
1.522414
1.522414
1.525388
1.525388
1.517161
1.517161
1.522288
1.522288
1.528014
1.528014
1.522141
1.522141
1.522500
1.522500
1.531779
1.531779
1.525463
1.525463
1.534550
1.534550
1.520074
1.520074
1.516335
1.516335
1.529705
1.529705
1.518321
1.518321
1.528283
1.528283
1.533581
1.533581
1.518476
1.518476
1.526574
1.526574
1.528597
1.528597
1.526050
1.526050
1.528235
1.528235
1.516357
1.516357
1.525613
1.525613
1.523580
1.523580
1.529224
1.529224
1.520542
1.520542
1.530859
1.530859
1.518916
1.518916
1.526897
1.526897
1.521657
1.521657
1.523666
1.523666
1.527023
1.527023
1.525359
1.525359
1.539160
1.539160
1.528517
1.528517
1.524389
1.524389
1.515183
1.515183
1.514656
1.514656
1.522442
1.522442
1.528700
1.528700
1.527401
1.527401
1.519512
1.519512
1.526762
1.526762
1.518496
1.518496
1.528394
1.528394
1.527050
1.527050
1.522630
1.522630
1.528608
1.528608
1.535133
1.535133
1.517155
1.517155
1.519905
1.519905
1.516717
1.516717
1.538653
1.538653
1.521881
1.521881
1.523190
1.523190
1.526532
1.526532
1.531170
1.531170
1.520195
1.520195
1.516701
1.516701
1.520705
1.520705
1.524004
1.524004
1.530872
1.530872
1.533970
1.533970
1.524330
1.524330
1.516755
1.516755
1.524556
1.524556
1.527069
1.527069
1.533316
1.533316
1.525821
1.525821
1.519625
1.519625
1.521107
1.521107
1.525807
1.525807
1.533674
1.533674
1.521521
1.521521
1.519775
1.519775
1.533105
1.533105
1.524953
1.524953
1.524319
1.524319
1.525706
1.525706
1.528443
1.528443
1.520543
1.520543
1.523339
1.523339
1.525954
1.525954
1.534523
1.534523
1.521447
1.521447
1.521240
1.521240
1.517604
1.517604
1.530045
1.530045
1.525866
1.525866
1.532802
1.532802
1.520399
1.520399
1.524746
1.524746
1.517944
1.517944
1.526943
1.526943
1.521817
1.521817
1.526673
1.526673
1.513895
1.513895
1.536918
1.536918
1.523267
1.523267
1.527174
1.527174
1.530218
1.530218
1.516681
1.516681
1.526148
1.526148
1.521270
1.521270
1.520745
1.520745
1.531094
1.531094
1.521701
1.521701
1.529357
1.529357
1.526745
1.526745
1.523321
1.523321
1.523374
1.523374
1.522370
1.522370
1.527924
1.527924
1.527021
1.527021
1.525510
1.525510
1.523615
1.523615
1.519533
1.519533
1.528006
1.528006
1.532853
1.532853
1.515293
1.515293
1.531229
1.531229
1.524210
1.524210
1.517473
1.517473
1.531664
1.531664
1.518626
1.518626
1.525199
1.525199
1.523906
1.523906
1.523023
1.523023
1.518155
1.518155
1.528537
1.528537
1.525549
1.525549
1.530604
1.530604
1.518447
1.518447
1.527333
1.527333
1.526448
1.526448
1.514721
1.514721
1.523821
1.523821
1.532383
1.532383
1.531839
1.531839
1.520571
1.520571
1.520461
1.520461
1.526525
1.526525
1.522932
1.522932
1.528856
1.528856
1.515720
1.515720
1.528723
1.528723
1.524596
1.524596
1.524792
1.524792
1.527884
1.527884
1.526227
1.526227
1.524243
1.524243
1.522548
1.522548
1.520700
1.520700
1.522064
1.522064
1.518034
1.518034
1.525675
1.525675
1.531414
1.531414
1.525488
1.525488
1.525903
1.525903
1.519551
1.519551
1.523615
1.523615
1.526714
1.526714
1.527218
1.527218
1.527786
1.527786
1.514992
1.514992
1.524170
1.524170
1.529414
1.529414
1.526352
1.526352
1.520422
1.520422
1.524001
1.524001
1.527222
1.527222
1.524448
1.524448
1.526617
1.526617
1.522530
1.522530
1.525541
1.525541
1.529630
1.529630
1.522998
1.522998
1.520422
1.520422
1.530891
1.530891
1.526342
1.526342
1.518611
1.518611
1.526377
1.526377
1.518282
1.518282
1.522185
1.522185
1.523202
1.523202
1.532163
1.532163
1.516383
1.516383
1.529122
1.529122
1.537536
1.537536
1.526169
1.526169
1.520186
1.520186
1.516899
1.516899
1.519840
1.519840
1.528154
1.528154
1.519699
1.519699
1.526807
1.526807
1.523801
1.523801
1.522711
1.522711
1.523228
1.523228
1.518516
1.518516
1.533820
1.533820
1.526659
1.526659
1.517550
1.517550
1.523090
1.523090
1.522710
1.522710
1.518973
1.518973
1.529991
1.529991
1.527295
1.527295
1.525979
1.525979
1.520225
1.520225
1.522431
1.522431
1.525155
1.525155
1.528467
1.528467
1.514858
1.514858
1.525975
1.525975
1.526256
1.526256
1.525657
1.525657
1.529649
1.529649
1.524667
1.524667
1.525474
1.525474
1.523618
1.523618
1.528665
1.528665
1.516648
1.516648
1.517940
1.517940
1.523579
1.523579
1.535976
1.535976
1.521551
1.521551
1.520895
1.520895
1.538239
1.538239
1.520551
1.520551
1.517860
1.517860
1.521748
1.521748
1.521534
1.521534
1.525950
1.525950
1.536564
1.536564
1.514848
1.514848
1.518112
1.518112
1.525273
1.525273
1.532501
1.532501
1.524983
1.524983
1.521143
1.521143
1.521634
1.521634
1.518901
1.518901
1.531209
1.531209
1.526764
1.526764
1.522362
1.522362
1.523689
1.523689
1.513890
1.513890
1.522596
1.522596
1.527510
1.527510
1.515407
1.515407
1.525766
1.525766
1.530707
1.530707
1.524632
1.524632
1.519952
1.519952
1.532998
1.532998
1.519449
1.519449
1.523023
1.523023
1.521104
1.521104
1.532449
1.532449
1.512573
1.512573
1.531566
1.531566
1.522057
1.522057
1.520431
1.520431
1.518577
1.518577
1.528326
1.528326
1.527842
1.527842
1.525270
1.525270
1.524807
1.524807
1.527856
1.527856
1.520360
1.520360
1.529201
1.529201
1.515787
1.515787
1.523647
1.523647
1.518146
1.518146
1.521073
1.521073
1.527185
1.527185
1.531707
1.531707
1.522666
1.522666
1.521714
1.521714
1.533952
1.533952
1.521770
1.521770
1.518262
1.518262
1.521739
1.521739
1.530000
1.530000
1.519799
1.519799
1.533809
1.533809
1.511163
1.511163
1.521369
1.521369
1.528403
1.528403
1.525432
1.525432
1.519950
1.519950
1.524527
1.524527
1.528795
1.528795
1.518263
1.518263
1.526877
1.526877
1.524296
1.524296
1.520382
1.520382
1.532684
1.532684
1.525616
1.525616
1.518534
1.518534
1.520266
1.520266
1.521865
1.521865
1.529337
1.529337
1.522801
1.522801
1.522537
1.522537
1.518214
1.518214
1.527364
1.527364
1.532335
1.532335
1.513548
1.513548
1.523788
1.523788
1.526127
1.526127
1.523419
1.523419
1.521613
1.521613
1.524868
1.524868
1.525323
1.525323
1.520028
1.520028
1.528594
1.528594
1.530030
1.530030
1.518242
1.518242
1.527619
1.527619
1.520148
1.520148
1.522948
1.522948
1.523219
1.523219
1.525130
1.525130
1.525558
1.525558
1.524983
1.524983
1.519049
1.519049
1.526875
1.526875
1.527741
1.527741
1.516825
1.516825
1.528922
1.528922
1.516950
1.516950
1.515222
1.515222
1.536562
1.536562
1.525091
1.525091
1.520490
1.520490
1.520760
1.520760
1.516475
1.516475
1.525503
1.525503
1.521428
1.521428
1.532493
1.532493
1.522557
1.522557
1.510388
1.510388
1.533068
1.533068
1.518081
1.518081
1.523798
1.523798
1.536370
1.536370
1.530528
1.530528
1.516591
1.516591
1.524569
1.524569
1.518457
1.518457
1.529791
1.529791
1.522573
1.522573
1.524581
1.524581
1.526738
1.526738
1.518520
1.518520
1.526716
1.526716
1.515408
1.515408
1.528861
1.528861
1.532731
1.532731
1.519261
1.519261
1.521641
1.521641
1.518012
1.518012
1.528569
1.528569
1.524649
1.524649
1.526054
1.526054
1.520230
1.520230
1.527694
1.527694
1.524090
1.524090
1.521037
1.521037
1.520955
1.520955
1.524778
1.524778
1.527888
1.527888
1.518351
1.518351
1.525519
1.525519
1.525364
1.525364
1.520276
1.520276
1.520684
1.520684
1.520017
1.520017
1.535287
1.535287
1.519426
1.519426
1.522535
1.522535
1.523014
1.523014
1.523019
1.523019
1.519986
1.519986
1.525035
1.525035
1.528268
1.528268
1.525807
1.525807
1.521471
1.521471
1.520235
1.520235
1.528875
1.528875
1.521174
1.521174
1.525002
1.525002
1.526076
1.526076
1.523414
1.523414
1.515921
1.515921
1.529168
1.529168
1.530384
1.530384
1.521643
1.521643
1.523948
1.523948
1.516604
1.516604
1.526343
1.526343
1.533473
1.533473
1.531309
1.531309
1.517135
1.517135
1.520192
1.520192
1.513674
1.513674
1.523195
1.523195
1.528891
1.528891
1.521106
1.521106
1.524871
1.524871
1.518980
1.518980
1.522609
1.522609
1.526697
1.526697
1.526394
1.526394
1.519624
1.519624
1.522536
1.522536
1.522033
1.522033
1.521671
1.521671
1.526131
1.526131
1.522689
1.522689
1.526149
1.526149
1.526286
1.526286
1.529170
1.529170
1.514741
1.514741
1.521206
1.521206
1.527530
1.527530
1.522724
1.522724
1.522637
1.522637
1.525625
1.525625
1.521962
1.521962
1.525379
1.525379
1.522641
1.522641
1.523431
1.523431
1.520910
1.520910
1.523270
1.523270
1.528826
1.528826
1.512701
1.512701
1.524038
1.524038
1.526284
1.526284
1.525791
1.525791
1.530646
1.530646
1.524313
1.524313
1.522761
1.522761
1.525273
1.525273
1.526836
1.526836
1.516900
1.516900
1.525170
1.525170
1.513351
1.513351
1.538534
1.538534
1.517745
1.517745
1.522712
1.522712
1.529871
1.529871
1.521015
1.521015
1.519524
1.519524
1.517272
1.517272
1.532088
1.532088
1.522623
1.522623
1.525236
1.525236
1.524694
1.524694
1.514367
1.514367
1.533003
1.533003
1.523763
1.523763
1.517396
1.517396
1.518710
1.518710
1.519176
1.519176
1.543288
1.543288
1.523418
1.523418
1.533082
1.533082
1.518483
1.518483
1.526049
1.526049
1.514024
1.514024
1.528011
1.528011
1.520809
1.520809
1.530297
1.530297
1.520917
1.520917
1.515187
1.515187
1.518763
1.518763
1.529535
1.529535
1.521142
1.521142
1.527633
1.527633
1.518955
1.518955
1.525494
1.525494
1.525761
1.525761
1.524017
1.524017
1.519418
1.519418
1.521956
1.521956
1.527849
1.527849
1.514700
1.514700
1.518188
1.518188
1.531524
1.531524
1.525022
1.525022
1.524770
1.524770
1.514146
1.514146
1.525735
1.525735
1.527294
1.527294
1.525318
1.525318
1.528042
1.528042
1.527500
1.527500
1.516676
1.516676
1.525583
1.525583
1.517451
1.517451
1.524066
1.524066
1.522016
1.522016
1.524600
1.524600
1.523220
1.523220
1.522486
1.522486
1.531015
1.531015
1.528984
1.528984
1.519772
1.519772
1.514281
1.514281
1.522165
1.522165
1.529541
1.529541
1.523677
1.523677
1.520994
1.520994
1.520846
1.520846
1.520704
1.520704
1.520826
1.520826
1.519199
1.519199
1.524197
1.524197
1.520125
1.520125
1.534738
1.534738
1.523037
1.523037
1.530878
1.530878
1.521503
1.521503
1.520206
1.520206
1.519576
1.519576
1.525760
1.525760
1.522734
1.522734
1.529278
1.529278
1.519016
1.519016
1.517750
1.517750
1.524785
1.524785
1.528819
1.528819
1.511580
1.511580
1.527977
1.527977
1.522306
1.522306
1.530468
1.530468
1.514867
1.514867
1.528136
1.528136
1.524603
1.524603
1.515583
1.515583
1.532773
1.532773
1.534280
1.534280
1.514155
1.514155
1.517583
1.517583
1.514442
1.514442
1.525222
1.525222
1.525397
1.525397
1.517708
1.517708
1.521269
1.521269
1.526440
1.526440
1.526986
1.526986
1.521352
1.521352
1.527504
1.527504
1.521466
1.521466
1.516089
1.516089
1.520943
1.520943
1.523231
1.523231
1.523611
1.523611
1.523019
1.523019
1.524587
1.524587
1.515949
1.515949
1.527731
1.527731
1.523157
1.523157
1.520740
1.520740
1.528732
1.528732
1.523231
1.523231
1.530929
1.530929
1.522178
1.522178
1.520838
1.520838
1.515927
1.515927
1.532526
1.532526
1.512874
1.512874
1.527205
1.527205
1.522172
1.522172
1.519083
1.519083
1.521660
1.521660
1.528662
1.528662
1.519725
1.519725
1.517378
1.517378
1.528791
1.528791
1.516685
1.516685
1.518146
1.518146
1.532116
1.532116
1.523235
1.523235
1.525061
1.525061
1.521902
1.521902
1.527584
1.527584
1.522461
1.522461
1.523755
1.523755
1.517652
1.517652
1.522840
1.522840
1.522293
1.522293
1.524370
1.524370
1.518785
1.518785
1.527374
1.527374
1.516918
1.516918
1.531230
1.531230
1.516559
1.516559
1.528855
1.528855
1.520270
1.520270
1.524457
1.524457
1.512857
1.512857
1.525240
1.525240
1.525037
1.525037
1.528050
1.528050
1.526548
1.526548
1.524232
1.524232
1.523130
1.523130
1.518265
1.518265
1.521864
1.521864
1.529426
1.529426
1.522197
1.522197
1.530605
1.530605
1.515584
1.515584
1.514310
1.514310
1.524632
1.524632
1.526263
1.526263
1.524531
1.524531
1.521251
1.521251
1.515723
1.515723
1.519343
1.519343
1.523208
1.523208
1.527697
1.527697
1.518054
1.518054
1.526697
1.526697
1.519431
1.519431
1.526325
1.526325
1.526609
1.526609
1.523025
1.523025
1.517195
1.517195
1.526070
1.526070
1.519560
1.519560
1.522427
1.522427
1.523833
1.523833
1.521770
1.521770
1.528795
1.528795
1.514985
1.514985
1.529685
1.529685
1.521195
1.521195
1.518027
1.518027
1.525745
1.525745
1.517556
1.517556
1.517906
1.517906
1.528873
1.528873
1.524047
1.524047
1.521060
1.521060
1.527742
1.527742
1.515779
1.515779
1.526517
1.526517
1.522663
1.522663
1.522009
1.522009
1.517777
1.517777
1.521935
1.521935
1.526095
1.526095
1.526971
1.526971
1.523944
1.523944
1.523686
1.523686
1.523635
1.523635
1.525035
1.525035
1.515658
1.515658
1.514635
1.514635
1.527324
1.527324
1.521271
1.521271
1.524342
1.524342
1.527141
1.527141
1.518589
1.518589
1.523996
1.523996
1.527934
1.527934
1.516264
1.516264
1.528055
1.528055
1.517823
1.517823
1.516792
1.516792
1.525673
1.525673
1.526744
1.526744
1.527575
1.527575
1.518911
1.518911
1.527263
1.527263
1.519303
1.519303
1.525277
1.525277
1.522487
1.522487
1.519064
1.519064
1.522012
1.522012
1.518667
1.518667
1.523935
1.523935
1.531726
1.531726
1.528091
1.528091
1.514935
1.514935
1.521434
1.521434
1.528309
1.528309
1.519543
1.519543
1.520174
1.520174
1.517486
1.517486
1.523736
1.523736
1.530303
1.530303
1.520772
1.520772
1.527649
1.527649
1.523915
1.523915
1.514594
1.514594
1.523208
1.523208
1.523684
1.523684
1.517854
1.517854
1.518420
1.518420
1.529766
1.529766
1.521138
1.521138
1.526414
1.526414
1.520313
1.520313
1.529377
1.529377
1.522811
1.522811
1.519414
1.519414
1.519948
1.519948
1.523463
1.523463
1.519118
1.519118
1.524770
1.524770
1.517440
1.517440
1.529196
1.529196
1.522217
1.522217
1.522287
1.522287
1.521003
1.521003
1.526524
1.526524
1.519463
1.519463
1.524844
1.524844
1.519179
1.519179
1.521891
1.521891
1.531050
1.531050
1.512840
1.512840
1.524531
1.524531
1.518133
1.518133
1.522001
1.522001
1.520585
1.520585
1.528297
1.528297
