0.4641
0.5930
0.4716
0.4513
0.4036
0.4192
0.3355
0.4244
0.3271
0.3684
0.4586
0.3777
0.3795
0.3884
0.3754
0.3609
0.3770
0.3884
0.3534
0.3254
0.3782
0.3856
0.3333
0.3689
0.3351
0.3523
0.4012
0.3390
0.3555
0.3505
0.3495
0.3796
0.2966
0.3060
0.3644
0.3013
0.3948
0.3448
0.3943
0.3751
0.3530
0.3850
0.3398
0.4035
0.3323
0.3570
0.3466
0.3298
0.3472
0.3239
0.3973
0.3417
0.3349
0.4083
0.3569
0.3499
0.3914
0.3736
0.3124
0.2970
0.3733
0.3041
0.2917
0.3032
0.4017
0.3643
0.3791
0.3301
0.3837
0.3308
0.3222
0.3954
0.3123
0.3112
0.3242
