2.3580
4.0802
3.4731
2.8018
2.7321
2.0653
2.1545
1.8093
1.9734
1.7587
1.8211
1.7757
1.7561
1.6466
1.5356
1.7920
1.3065
1.2531
1.8928
1.3595
1.5202
1.8004
1.8423
1.5188
1.3256
1.3263
1.2748
1.1392
1.4578
1.3103
1.3687
1.2821
1.1457
1.6370
1.3150
1.2441
1.1819
1.3038
1.1134
1.2925
1.0219
1.0353
1.4856
1.0368
0.9607
1.1882
1.0902
1.0876
1.1961
1.0199
1.3647
1.0732
1.1869
1.4947
1.0888
0.8578
1.1265
1.1375
1.0118
1.6119
0.9911
1.3218
0.8121
0.9302
1.3392
0.9461
0.7918
0.7807
0.8653
0.9803
0.8134
1.0725
1.2472
0.8233
0.7087
