2.319578
2.319578
2.316526
2.316526
2.315180
2.315180
2.316605
2.316605
2.315259
2.315259
2.313196
2.313196
2.313310
2.313310
2.315514
2.315514
2.315175
2.315175
2.312673
2.312673
2.312822
2.312822
2.310147
2.310147
2.313112
2.313112
2.307392
2.307392
2.310388
2.310388
2.307805
2.307805
2.307255
2.307255
2.300807
2.300807
2.306504
2.306504
2.301800
2.301800
2.300794
2.300794
2.300045
2.300045
2.303336
2.303336
2.292885
2.292885
2.296998
2.296998
2.295274
2.295274
2.293593
2.293593
2.291131
2.291131
2.292608
2.292608
2.281752
2.281752
2.286959
2.286959
2.283026
2.283026
2.282591
2.282591
2.281090
2.281090
2.277952
2.277952
2.285306
2.285306
2.271560
2.271560
2.272279
2.272279
2.269287
2.269287
2.262940
2.262940
2.269756
2.269756
2.269366
2.269366
2.260592
2.260592
2.260384
2.260384
2.255944
2.255944
2.256171
2.256171
2.256407
2.256407
2.268592
2.268592
2.254398
2.254398
2.250974
2.250974
2.239767
2.239767
2.240731
2.240731
2.240796
2.240796
2.250511
2.250511
2.228833
2.228833
2.239514
2.239514
2.232239
2.232239
2.225406
2.225406
2.233415
2.233415
2.237647
2.237647
2.220734
2.220734
2.220313
2.220313
2.224756
2.224756
2.212092
2.212092
2.211996
2.211996
2.205565
2.205565
2.214114
2.214114
2.197566
2.197566
2.207639
2.207639
2.197220
2.197220
2.202163
2.202163
2.214561
2.214561
2.191471
2.191471
2.194600
2.194600
2.191044
2.191044
2.187927
2.187927
2.188991
2.188991
2.207886
2.207886
2.182095
2.182095
2.197358
2.197358
2.173999
2.173999
2.170521
2.170521
2.171377
2.171377
2.185631
2.185631
2.170881
2.170881
2.172231
2.172231
2.179435
2.179435
2.160920
2.160920
2.158576
2.158576
2.146656
2.146656
2.154491
2.154491
2.162056
2.162056
2.157781
2.157781
2.158106
2.158106
2.145565
2.145565
2.147369
2.147369
2.145121
2.145121
2.141360
2.141360
2.131030
2.131030
2.132404
2.132404
2.143406
2.143406
2.085616
2.085616
2.121855
2.121855
2.123010
2.123010
2.117407
2.117407
2.127621
2.127621
2.109531
2.109531
2.154292
2.154292
2.102551
2.102551
2.113258
2.113258
2.113935
2.113935
2.098534
2.098534
2.090111
2.090111
2.099950
2.099950
2.091057
2.091057
2.082510
2.082510
2.087951
2.087951
2.081709
2.081709
2.083791
2.083791
2.115784
2.115784
2.077492
2.077492
2.076921
2.076921
2.070105
2.070105
2.062976
2.062976
2.050201
2.050201
2.050157
2.050157
2.057992
2.057992
2.041413
2.041413
2.043819
2.043819
2.055244
2.055244
2.037444
2.037444
2.040777
2.040777
2.031048
2.031048
2.027428
2.027428
2.041262
2.041262
2.010544
2.010544
2.015833
2.015833
2.012613
2.012613
2.008116
2.008116
2.017249
2.017249
2.003258
2.003258
1.993949
1.993949
1.991200
1.991200
1.936465
1.936465
1.976432
1.976432
1.994476
1.994476
1.975973
1.975973
1.979786
1.979786
1.956872
1.956872
1.952750
1.952750
1.964203
1.964203
1.959424
1.959424
1.964528
1.964528
1.951702
1.951702
1.951758
1.951758
1.992626
1.992626
1.948770
1.948770
1.950866
1.950866
1.950301
1.950301
1.948943
1.948943
1.941910
1.941910
1.948425
1.948425
1.935290
1.935290
1.933227
1.933227
1.925671
1.925671
1.928582
1.928582
1.924476
1.924476
1.906950
1.906950
1.904586
1.904586
1.907450
1.907450
1.897015
1.897015
1.910899
1.910899
1.895665
1.895665
1.899899
1.899899
1.885093
1.885093
1.895420
1.895420
1.877171
1.877171
1.876741
1.876741
1.861244
1.861244
1.866254
1.866254
1.864443
1.864443
1.866459
1.866459
1.857533
1.857533
1.855006
1.855006
1.843161
1.843161
1.853109
1.853109
1.843847
1.843847
1.845938
1.845938
1.837568
1.837568
1.829171
1.829171
1.834815
1.834815
1.865317
1.865317
1.831817
1.831817
1.824438
1.824438
1.826401
1.826401
1.811464
1.811464
1.818652
1.818652
1.849387
1.849387
1.820015
1.820015
1.805371
1.805371
1.792080
1.792080
1.811072
1.811072
1.821091
1.821091
1.803377
1.803377
1.801056
1.801056
1.787907
1.787907
1.791953
1.791953
1.810040
1.810040
1.802235
1.802235
1.799589
1.799589
1.791650
1.791650
1.781312
1.781312
1.797683
1.797683
1.790218
1.790218
1.783506
1.783506
1.800593
1.800593
1.776542
1.776542
1.787073
1.787073
1.786092
1.786092
1.780887
1.780887
1.771732
1.771732
1.805483
1.805483
1.783001
1.783001
1.777525
1.777525
1.769168
1.769168
1.772087
1.772087
1.768149
1.768149
1.773050
1.773050
1.767944
1.767944
1.771019
1.771019
1.766527
1.766527
1.764925
1.764925
1.765501
1.765501
1.795707
1.795707
1.770625
1.770625
1.752304
1.752304
1.757034
1.757034
1.766510
1.766510
1.762149
1.762149
1.775750
1.775750
1.758643
1.758643
1.763917
1.763917
1.758515
1.758515
1.758068
1.758068
1.742428
1.742428
1.770866
1.770866
1.758683
1.758683
1.728653
1.728653
1.758239
1.758239
1.758981
1.758981
1.749766
1.749766
1.787695
1.787695
1.763498
1.763498
1.747201
1.747201
1.735735
1.735735
1.750737
1.750737
1.739473
1.739473
1.723863
1.723863
1.749434
1.749434
1.747923
1.747923
1.735020
1.735020
1.731963
1.731963
1.749747
1.749747
1.713851
1.713851
1.734091
1.734091
1.735161
1.735161
1.739790
1.739790
1.752982
1.752982
1.726868
1.726868
1.747641
1.747641
1.720573
1.720573
1.734432
1.734432
1.729968
1.729968
1.755161
1.755161
1.729821
1.729821
1.726504
1.726504
1.736976
1.736976
1.718445
1.718445
1.732202
1.732202
1.728714
1.728714
1.733238
1.733238
1.733184
1.733184
1.726836
1.726836
1.714086
1.714086
1.731318
1.731318
1.727488
1.727488
1.730240
1.730240
1.739897
1.739897
1.728413
1.728413
1.715923
1.715923
1.733540
1.733540
1.708839
1.708839
1.732255
1.732255
1.677171
1.677171
1.719638
1.719638
1.718097
1.718097
1.725018
1.725018
1.723639
1.723639
1.708344
1.708344
1.754576
1.754576
1.718301
1.718301
1.716648
1.716648
1.725314
1.725314
1.721725
1.721725
1.706484
1.706484
1.658663
1.658663
1.712332
1.712332
1.729548
1.729548
1.703098
1.703098
1.704628
1.704628
1.717478
1.717478
1.722613
1.722613
1.708550
1.708550
1.719694
1.719694
1.711363
1.711363
1.709716
1.709716
1.705549
1.705549
1.707332
1.707332
1.710394
1.710394
1.705686
1.705686
1.723068
1.723068
1.699096
1.699096
1.704505
1.704505
1.702052
1.702052
1.711110
1.711110
1.714982
1.714982
1.696565
1.696565
1.709149
1.709149
1.698793
1.698793
1.702559
1.702559
1.694734
1.694734
1.714963
1.714963
1.710633
1.710633
1.703425
1.703425
1.697743
1.697743
1.671333
1.671333
1.701642
1.701642
1.698870
1.698870
1.705091
1.705091
1.701890
1.701890
1.701501
1.701501
1.675098
1.675098
1.700156
1.700156
1.706737
1.706737
1.698186
1.698186
1.697995
1.697995
1.689639
1.689639
1.717985
1.717985
1.690945
1.690945
1.704338
1.704338
1.686692
1.686692
1.696261
1.696261
1.703015
1.703015
1.720474
1.720474
1.698318
1.698318
1.688561
1.688561
1.698647
1.698647
1.697945
1.697945
1.692459
1.692459
1.664144
1.664144
1.699848
1.699848
1.690189
1.690189
1.680575
1.680575
1.691460
1.691460
1.699322
1.699322
1.707613
1.707613
1.690589
1.690589
1.694924
1.694924
1.678484
1.678484
1.692993
1.692993
1.694982
1.694982
1.702214
1.702214
1.691966
1.691966
1.692974
1.692974
1.684298
1.684298
1.692922
1.692922
1.682266
1.682266
1.679515
1.679515
1.681337
1.681337
1.678535
1.678535
1.692318
1.692318
1.699258
1.699258
1.684177
1.684177
1.669821
1.669821
1.676575
1.676575
1.679770
1.679770
1.691578
1.691578
1.683859
1.683859
1.691041
1.691041
1.700888
1.700888
1.680647
1.680647
1.684736
1.684736
1.685405
1.685405
1.685122
1.685122
1.678135
1.678135
1.694499
1.694499
1.686009
1.686009
1.682521
1.682521
1.681827
1.681827
1.678637
1.678637
1.681620
1.681620
1.643116
1.643116
1.673884
1.673884
1.685937
1.685937
1.689376
1.689376
1.692771
1.692771
1.656752
1.656752
1.676845
1.676845
1.679809
1.679809
1.685721
1.685721
1.676187
1.676187
1.671824
1.671824
1.678727
1.678727
1.653138
1.653138
1.676398
1.676398
1.695975
1.695975
1.664781
1.664781
1.665940
1.665940
1.679670
1.679670
1.665271
1.665271
1.683197
1.683197
1.662449
1.662449
1.664906
1.664906
1.690308
1.690308
1.676621
1.676621
1.636355
1.636355
1.671297
1.671297
1.672065
1.672065
1.664475
1.664475
1.680825
1.680825
1.679151
1.679151
1.652864
1.652864
1.678000
1.678000
1.668290
1.668290
1.650783
1.650783
1.682923
1.682923
1.679303
1.679303
1.662559
1.662559
1.682785
1.682785
1.656381
1.656381
1.671193
1.671193
1.677603
1.677603
1.666972
1.666972
1.631846
1.631846
1.671108
1.671108
1.672457
1.672457
1.660096
1.660096
1.675720
1.675720
1.660799
1.660799
1.709921
1.709921
1.679322
1.679322
1.656020
1.656020
1.662375
1.662375
1.674310
1.674310
1.666851
1.666851
1.654417
1.654417
1.667333
1.667333
1.657308
1.657308
1.668484
1.668484
1.676701
1.676701
1.662001
1.662001
1.661010
1.661010
1.671302
1.671302
1.671558
1.671558
1.654775
1.654775
1.668050
1.668050
1.657735
1.657735
1.681668
1.681668
1.659988
1.659988
1.665546
1.665546
1.659326
1.659326
1.667963
1.667963
1.668538
1.668538
1.640530
1.640530
1.661605
1.661605
1.668581
1.668581
1.658009
1.658009
1.664256
1.664256
1.661577
1.661577
1.655147
1.655147
1.657022
1.657022
1.650212
1.650212
1.672686
1.672686
1.665955
1.665955
1.660543
1.660543
1.672201
1.672201
1.666825
1.666825
1.665905
1.665905
1.665641
1.665641
1.653769
1.653769
1.646510
1.646510
1.696788
1.696788
1.655235
1.655235
1.664664
1.664664
1.660656
1.660656
1.659975
1.659975
1.655693
1.655693
1.669957
1.669957
1.657429
1.657429
1.667583
1.667583
1.670187
1.670187
1.659286
1.659286
1.636973
1.636973
1.667673
1.667673
1.661968
1.661968
1.654958
1.654958
1.657111
1.657111
1.659139
1.659139
1.653638
1.653638
1.662472
1.662472
1.671721
1.671721
1.666997
1.666997
1.649587
1.649587
1.636355
1.636355
1.652630
1.652630
1.702377
1.702377
1.664883
1.664883
1.647321
1.647321
1.648420
1.648420
1.664405
1.664405
1.653632
1.653632
1.633812
1.633812
1.650037
1.650037
1.655311
1.655311
1.661575
1.661575
1.662072
1.662072
1.641726
1.641726
1.657697
1.657697
1.657168
1.657168
1.650449
1.650449
1.641415
1.641415
1.662362
1.662362
1.657586
1.657586
1.621265
1.621265
1.646147
1.646147
1.655735
1.655735
1.656137
1.656137
1.651668
1.651668
1.653364
1.653364
1.631000
1.631000
1.657295
1.657295
1.644290
1.644290
1.649175
1.649175
1.655218
1.655218
1.646045
1.646045
1.693440
1.693440
1.665073
1.665073
1.655603
1.655603
1.647243
1.647243
1.632708
1.632708
1.651066
1.651066
1.650058
1.650058
1.644766
1.644766
1.648482
1.648482
1.655077
1.655077
1.652220
1.652220
1.648416
1.648416
1.634915
1.634915
1.648962
1.648962
1.646861
1.646861
1.649710
1.649710
1.653500
1.653500
1.643090
1.643090
1.665122
1.665122
1.636726
1.636726
1.642516
1.642516
1.677308
1.677308
1.650383
1.650383
1.635587
1.635587
1.623055
1.623055
1.639059
1.639059
1.649977
1.649977
1.651883
1.651883
1.655351
1.655351
1.640810
1.640810
1.637953
1.637953
1.638016
1.638016
1.650952
1.650952
1.655033
1.655033
1.648513
1.648513
1.640657
1.640657
1.637306
1.637306
1.643533
1.643533
1.647237
1.647237
1.646883
1.646883
1.651221
1.651221
1.639091
1.639091
1.651633
1.651633
1.637026
1.637026
1.638809
1.638809
1.649135
1.649135
1.645677
1.645677
1.652172
1.652172
1.662522
1.662522
1.642808
1.642808
1.627263
1.627263
1.639219
1.639219
1.651128
1.651128
1.661962
1.661962
1.627664
1.627664
1.634349
1.634349
1.639131
1.639131
1.644007
1.644007
1.646679
1.646679
1.651337
1.651337
1.658678
1.658678
1.638191
1.638191
1.641347
1.641347
1.646612
1.646612
1.639587
1.639587
1.647864
1.647864
1.636897
1.636897
1.641668
1.641668
1.648774
1.648774
1.638562
1.638562
1.641393
1.641393
1.638740
1.638740
1.642129
1.642129
1.642717
1.642717
1.647893
1.647893
1.651598
1.651598
1.632646
1.632646
1.629664
1.629664
1.650988
1.650988
1.637587
1.637587
1.646897
1.646897
1.626444
1.626444
1.632455
1.632455
1.653995
1.653995
1.686886
1.686886
1.629628
1.629628
1.635978
1.635978
1.645299
1.645299
1.644153
1.644153
1.644622
1.644622
1.631633
1.631633
1.642973
1.642973
1.635579
1.635579
1.634305
1.634305
1.636042
1.636042
1.645575
1.645575
1.651608
1.651608
1.646258
1.646258
1.638895
1.638895
1.647478
1.647478
1.630463
1.630463
1.632936
1.632936
1.604554
1.604554
1.628455
1.628455
1.633445
1.633445
1.652441
1.652441
1.635531
1.635531
1.638363
1.638363
1.650187
1.650187
1.628477
1.628477
1.643236
1.643236
1.634570
1.634570
1.645358
1.645358
1.633282
1.633282
1.652191
1.652191
1.639295
1.639295
1.627838
1.627838
1.639259
1.639259
1.637888
1.637888
1.638262
1.638262
1.642938
1.642938
1.640744
1.640744
1.626591
1.626591
1.637713
1.637713
1.635339
1.635339
1.636791
1.636791
1.662225
1.662225
1.643336
1.643336
1.636588
1.636588
1.632137
1.632137
1.633539
1.633539
1.633524
1.633524
1.607840
1.607840
1.627262
1.627262
1.640700
1.640700
1.629507
1.629507
1.625620
1.625620
1.647985
1.647985
1.656783
1.656783
1.637900
1.637900
1.626784
1.626784
1.634226
1.634226
1.640917
1.640917
1.630260
1.630260
1.637395
1.637395
1.632928
1.632928
1.629443
1.629443
1.638178
1.638178
1.631461
1.631461
1.635984
1.635984
1.628656
1.628656
1.634642
1.634642
1.623439
1.623439
1.641529
1.641529
1.634143
1.634143
1.634698
1.634698
1.597238
1.597238
1.637936
1.637936
1.640335
1.640335
1.628184
1.628184
1.630645
1.630645
1.622933
1.622933
1.655169
1.655169
1.634853
1.634853
1.623504
1.623504
1.619731
1.619731
1.647846
1.647846
1.633181
1.633181
1.639835
1.639835
1.631491
1.631491
1.631171
1.631171
1.635567
1.635567
1.632268
1.632268
1.629663
1.629663
1.601486
1.601486
1.625053
1.625053
1.637003
1.637003
1.638656
1.638656
1.625724
1.625724
1.629353
1.629353
1.612492
1.612492
1.636474
1.636474
1.617098
1.617098
1.645232
1.645232
1.639051
1.639051
1.614789
1.614789
1.612752
1.612752
1.635396
1.635396
1.625807
1.625807
1.620266
1.620266
1.636661
1.636661
1.625287
1.625287
1.675306
1.675306
1.628260
1.628260
1.621355
1.621355
1.624469
1.624469
1.629393
1.629393
1.640864
1.640864
1.638879
1.638879
1.630430
1.630430
1.627194
1.627194
1.630615
1.630615
1.633280
1.633280
1.617394
1.617394
1.669623
1.669623
1.638273
1.638273
1.630030
1.630030
1.623145
1.623145
1.624656
1.624656
1.625102
1.625102
1.623084
1.623084
1.629783
1.629783
1.625318
1.625318
1.623652
1.623652
1.629852
1.629852
1.634230
1.634230
1.581672
1.581672
1.628833
1.628833
1.624600
1.624600
1.630367
1.630367
1.623838
1.623838
1.625828
1.625828
1.651486
1.651486
1.623736
1.623736
1.637688
1.637688
1.631423
1.631423
1.627392
1.627392
1.612246
1.612246
1.638828
1.638828
1.629170
1.629170
1.625913
1.625913
1.632537
1.632537
1.613816
1.613816
1.631303
1.631303
1.613300
1.613300
1.635262
1.635262
1.627228
1.627228
1.624604
1.624604
1.620342
1.620342
1.622231
1.622231
1.619734
1.619734
1.622323
1.622323
1.615241
1.615241
1.614333
1.614333
1.635046
1.635046
1.638969
1.638969
1.631170
1.631170
1.618587
1.618587
1.629134
1.629134
1.629443
1.629443
1.621118
1.621118
1.627722
1.627722
1.607479
1.607479
1.615770
1.615770
1.629390
1.629390
1.633172
1.633172
1.616884
1.616884
1.625059
1.625059
1.645022
1.645022
1.622570
1.622570
1.628128
1.628128
1.615657
1.615657
1.627025
1.627025
1.624458
1.624458
1.649883
1.649883
1.624488
1.624488
1.634373
1.634373
1.618862
1.618862
1.623709
1.623709
1.618558
1.618558
1.610083
1.610083
1.634472
1.634472
1.605806
1.605806
1.634339
1.634339
1.617796
1.617796
1.626932
1.626932
1.598547
1.598547
1.623190
1.623190
1.633154
1.633154
1.618330
1.618330
1.620243
1.620243
1.621770
1.621770
1.607917
1.607917
1.627845
1.627845
1.608152
1.608152
1.631968
1.631968
1.627392
1.627392
1.619722
1.619722
1.606647
1.606647
1.606981
1.606981
1.621446
1.621446
1.630327
1.630327
1.624746
1.624746
1.630555
1.630555
1.599107
1.599107
1.631027
1.631027
1.614691
1.614691
1.621592
1.621592
1.624524
1.624524
1.619481
1.619481
1.610454
1.610454
1.630707
1.630707
1.609926
1.609926
1.620975
1.620975
1.630220
1.630220
1.619643
1.619643
1.590987
1.590987
1.624632
1.624632
1.614254
1.614254
1.624887
1.624887
1.621222
1.621222
1.622109
1.622109
1.616350
1.616350
1.616056
1.616056
1.615429
1.615429
1.626018
1.626018
1.629377
1.629377
1.615164
1.615164
1.652060
1.652060
1.618854
1.618854
1.627289
1.627289
1.623907
1.623907
1.618708
1.618708
1.615289
1.615289
1.615112
1.615112
1.610375
1.610375
1.634416
1.634416
1.612124
1.612124
1.631507
1.631507
1.611971
1.611971
1.631810
1.631810
1.627486
1.627486
1.615103
1.615103
1.624770
1.624770
1.603620
1.603620
1.627288
1.627288
1.631651
1.631651
1.618332
1.618332
1.607381
1.607381
1.611187
1.611187
1.636275
1.636275
1.622569
1.622569
1.634233
1.634233
1.621819
1.621819
1.619454
1.619454
1.618789
1.618789
1.617940
1.617940
1.614473
1.614473
1.646329
1.646329
1.623276
1.623276
1.619043
1.619043
1.607827
1.607827
1.624810
1.624810
1.620716
1.620716
1.595653
1.595653
1.616637
1.616637
1.616652
1.616652
1.619191
1.619191
1.611780
1.611780
1.624087
1.624087
1.651267
1.651267
1.617154
1.617154
1.624745
1.624745
1.626758
1.626758
1.623715
1.623715
1.601251
1.601251
1.582833
1.582833
1.621951
1.621951
1.622674
1.622674
1.617456
1.617456
1.611557
1.611557
1.615512
1.615512
1.611301
1.611301
1.622856
1.622856
1.608024
1.608024
1.621057
1.621057
1.611258
1.611258
1.618510
1.618510
1.669402
1.669402
1.623734
1.623734
1.600847
1.600847
1.614982
1.614982
1.620472
1.620472
1.621486
1.621486
1.656595
1.656595
1.614282
1.614282
1.610344
1.610344
1.620115
1.620115
1.615362
1.615362
1.621303
1.621303
1.644180
1.644180
1.614779
1.614779
1.611597
1.611597
1.609390
1.609390
1.629134
1.629134
1.618138
1.618138
1.611978
1.611978
1.614385
1.614385
1.611345
1.611345
1.624292
1.624292
1.620190
1.620190
1.614232
1.614232
1.581462
1.581462
1.634471
1.634471
1.609628
1.609628
1.599809
1.599809
1.618442
1.618442
1.617665
1.617665
1.608258
1.608258
1.626066
1.626066
1.599512
1.599512
1.611261
1.611261
1.628966
1.628966
1.611604
1.611604
1.616353
1.616353
1.608202
1.608202
1.616939
1.616939
1.623328
1.623328
1.609341
1.609341
1.618026
1.618026
1.614203
1.614203
1.622181
1.622181
1.600607
1.600607
1.620532
1.620532
1.620745
1.620745
1.608879
1.608879
1.628779
1.628779
1.615453
1.615453
1.603264
1.603264
1.621022
1.621022
1.610743
1.610743
1.622871
1.622871
1.609677
1.609677
1.619324
1.619324
1.616132
1.616132
1.611302
1.611302
1.606523
1.606523
1.619127
1.619127
1.601802
1.601802
1.613095
1.613095
1.620019
1.620019
1.605507
1.605507
1.619144
1.619144
1.612297
1.612297
1.608770
1.608770
1.625094
1.625094
1.613345
1.613345
1.609687
1.609687
1.621794
1.621794
1.598345
1.598345
1.612347
1.612347
1.617610
1.617610
1.613730
1.613730
1.614809
1.614809
1.610011
1.610011
1.612151
1.612151
1.596099
1.596099
1.609717
1.609717
1.615036
1.615036
1.615663
1.615663
1.615562
1.615562
1.610870
1.610870
1.595270
1.595270
1.609636
1.609636
1.618956
1.618956
1.613590
1.613590
1.609939
1.609939
1.614698
1.614698
1.581951
1.581951
1.608114
1.608114
1.619954
1.619954
1.612352
1.612352
1.610932
1.610932
1.610198
1.610198
1.618599
1.618599
1.611945
1.611945
1.619751
1.619751
1.610340
1.610340
1.604146
1.604146
1.617326
1.617326
1.583269
1.583269
1.616512
1.616512
1.616470
1.616470
1.596293
1.596293
1.619329
1.619329
1.610808
1.610808
1.612139
1.612139
1.627390
1.627390
1.594465
1.594465
1.609440
1.609440
1.610575
1.610575
1.617913
1.617913
1.594889
1.594889
1.602656
1.602656
1.610384
1.610384
1.617150
1.617150
1.607631
1.607631
1.622013
1.622013
1.580826
1.580826
1.610177
1.610177
1.617484
1.617484
1.607202
1.607202
1.611639
1.611639
1.610494
1.610494
1.595629
1.595629
1.611029
1.611029
1.590128
1.590128
1.616723
1.616723
1.625870
1.625870
1.609798
1.609798
1.618543
1.618543
1.610482
1.610482
1.619758
1.619758
1.614062
1.614062
1.594473
1.594473
1.614063
1.614063
1.612871
1.612871
1.615739
1.615739
1.608419
1.608419
1.626165
1.626165
1.608866
1.608866
1.596658
1.596658
1.568794
1.568794
1.612851
1.612851
1.604370
1.604370
1.626928
1.626928
1.605313
1.605313
1.603404
1.603404
1.586571
1.586571
1.608591
1.608591
1.608647
1.608647
1.617320
1.617320
1.605282
1.605282
1.607722
1.607722
1.628822
1.628822
1.605787
1.605787
1.608529
1.608529
1.618426
1.618426
1.620759
1.620759
1.595667
1.595667
1.601521
1.601521
1.603837
1.603837
1.616392
1.616392
1.601342
1.601342
1.614977
1.614977
1.610371
1.610371
1.613394
1.613394
1.596063
1.596063
1.620165
1.620165
1.603249
1.603249
1.611411
1.611411
1.616393
1.616393
1.603280
1.603280
1.623255
1.623255
1.602919
1.602919
1.604606
1.604606
1.605478
1.605478
1.613397
1.613397
1.570882
1.570882
1.609007
1.609007
1.604527
1.604527
1.608859
1.608859
1.614188
1.614188
1.609614
1.609614
1.595209
1.595209
1.609031
1.609031
1.603706
1.603706
1.623225
1.623225
1.613977
1.613977
1.594849
1.594849
1.596282
1.596282
1.605232
1.605232
1.603257
1.603257
1.608361
1.608361
1.612996
1.612996
1.611504
1.611504
1.616245
1.616245
1.616124
1.616124
1.606361
1.606361
1.601189
1.601189
1.595382
1.595382
1.617898
1.617898
1.647875
1.647875
1.605591
1.605591
1.603381
1.603381
1.615143
1.615143
1.605435
1.605435
1.602999
1.602999
1.681043
1.681043
1.593123
1.593123
1.602761
1.602761
1.599400
1.599400
1.622914
1.622914
1.615821
1.615821
1.654194
1.654194
1.611727
1.611727
1.595449
1.595449
1.600782
1.600782
1.614717
1.614717
1.611947
1.611947
1.636148
1.636148
1.603814
1.603814
1.606421
1.606421
1.607589
1.607589
1.605087
1.605087
1.611043
1.611043
1.630008
1.630008
1.606663
1.606663
1.608838
1.608838
1.612156
1.612156
1.597500
1.597500
1.612044
1.612044
1.585370
1.585370
1.604229
1.604229
1.612023
1.612023
1.608270
1.608270
1.610138
1.610138
1.595294
1.595294
1.649122
1.649122
1.606629
1.606629
1.606960
1.606960
1.601943
1.601943
1.616281
1.616281
1.604623
1.604623
1.575963
1.575963
1.603126
1.603126
1.611694
1.611694
1.609086
1.609086
1.608446
1.608446
1.604390
1.604390
1.563293
1.563293
1.611093
1.611093
1.601488
1.601488
1.607578
1.607578
1.607833
1.607833
1.601982
1.601982
1.621532
1.621532
1.592746
1.592746
1.610147
1.610147
1.595119
1.595119
1.606934
1.606934
1.621700
1.621700
1.645883
1.645883
1.590039
1.590039
1.605404
1.605404
1.613856
1.613856
1.610009
1.610009
1.606285
1.606285
1.647384
1.647384
1.602391
1.602391
1.600751
1.600751
1.614091
1.614091
1.607387
1.607387
1.603049
1.603049
1.617446
1.617446
1.598799
1.598799
1.617269
1.617269
1.598971
1.598971
1.609531
1.609531
1.600887
1.600887
1.629172
1.629172
1.605938
1.605938
1.599406
1.599406
1.616363
1.616363
1.598406
1.598406
1.606500
1.606500
1.604961
1.604961
1.607357
1.607357
1.620430
1.620430
1.598653
1.598653
1.603457
1.603457
1.595336
1.595336
1.609081
1.609081
1.599733
1.599733
1.610092
1.610092
1.600877
1.600877
1.590370
1.590370
1.621668
1.621668
1.625405
1.625405
1.606459
1.606459
1.605965
1.605965
1.603697
1.603697
1.597995
1.597995
1.607262
1.607262
1.627359
1.627359
1.608810
1.608810
1.598709
1.598709
1.607905
1.607905
1.596556
1.596556
1.608343
1.608343
1.626453
1.626453
1.606887
1.606887
1.600523
1.600523
1.610952
1.610952
1.596172
1.596172
1.607979
1.607979
1.595970
1.595970
1.607617
1.607617
1.595437
1.595437
1.599324
1.599324
1.610307
1.610307
1.606884
1.606884
1.616370
1.616370
1.597266
1.597266
1.597000
1.597000
1.595514
1.595514
1.604016
1.604016
1.626582
1.626582
1.597833
1.597833
1.613702
1.613702
1.594872
1.594872
1.597150
1.597150
1.607932
1.607932
1.605967
1.605967
1.595862
1.595862
1.590647
1.590647
1.605247
1.605247
1.596648
1.596648
1.615029
1.615029
1.607026
1.607026
1.637165
1.637165
1.606076
1.606076
1.609513
1.609513
1.604746
1.604746
1.600252
1.600252
1.600424
1.600424
1.565682
1.565682
1.609603
1.609603
1.602873
1.602873
1.605667
1.605667
1.591919
1.591919
1.608047
1.608047
1.588543
1.588543
1.604553
1.604553
1.600563
1.600563
1.609981
1.609981
1.603086
1.603086
1.596289
1.596289
1.617151
1.617151
1.611508
1.611508
1.594575
1.594575
1.603498
1.603498
1.597783
1.597783
1.603990
1.603990
1.640362
1.640362
1.598088
1.598088
1.600210
1.600210
1.598785
1.598785
1.611616
1.611616
1.604083
1.604083
1.618941
1.618941
1.597179
1.597179
1.607002
1.607002
1.590227
1.590227
1.607240
1.607240
1.613211
1.613211
1.588511
1.588511
1.592684
1.592684
1.595992
1.595992
1.620505
1.620505
1.586946
1.586946
1.615572
1.615572
1.609362
1.609362
1.600859
1.600859
1.602240
1.602240
1.606081
1.606081
1.606756
1.606756
1.596761
1.596761
1.586940
1.586940
1.594307
1.594307
1.587429
1.587429
1.600159
1.600159
1.614691
1.614691
1.611904
1.611904
1.619298
1.619298
1.607164
1.607164
1.593190
1.593190
1.599631
1.599631
1.599201
1.599201
1.609794
1.609794
1.605160
1.605160
1.602095
1.602095
1.604420
1.604420
1.602092
1.602092
1.605327
1.605327
1.592245
1.592245
1.623205
1.623205
1.608827
1.608827
1.594860
1.594860
1.607405
1.607405
1.600628
1.600628
1.598476
1.598476
1.574956
1.574956
1.604155
1.604155
1.611118
1.611118
1.609448
1.609448
1.597403
1.597403
1.584045
1.584045
1.605116
1.605116
1.607898
1.607898
1.605716
1.605716
1.591122
1.591122
1.599055
1.599055
1.600359
1.600359
1.615691
1.615691
1.593389
1.593389
1.601043
1.601043
1.620207
1.620207
1.605393
1.605393
1.586547
1.586547
1.581409
1.581409
1.600311
1.600311
1.602567
1.602567
1.601715
1.601715
1.595293
1.595293
1.605288
1.605288
1.584389
1.584389
1.598851
1.598851
1.589438
1.589438
1.605216
1.605216
1.610747
1.610747
1.598953
1.598953
1.593291
1.593291
1.600523
1.600523
1.594683
1.594683
1.603870
1.603870
1.602045
1.602045
1.602201
1.602201
1.583051
1.583051
1.603550
1.603550
1.607549
1.607549
1.599863
1.599863
1.596129
1.596129
1.595201
1.595201
1.585469
1.585469
1.605672
1.605672
1.591494
1.591494
1.596241
1.596241
1.596016
1.596016
1.609941
1.609941
1.605568
1.605568
1.604777
1.604777
1.590559
1.590559
1.599344
1.599344
1.615773
1.615773
1.587831
1.587831
1.608961
1.608961
1.612665
1.612665
1.605606
1.605606
1.591259
1.591259
1.604397
1.604397
1.583814
1.583814
1.608313
1.608313
1.599881
1.599881
1.598761
1.598761
1.596071
1.596071
1.583506
1.583506
1.619537
1.619537
1.600240
1.600240
1.605740
1.605740
1.603762
1.603762
1.603338
1.603338
1.585155
1.585155
1.600003
1.600003
1.590407
1.590407
1.594493
1.594493
1.599550
1.599550
1.606874
1.606874
1.596993
1.596993
1.598725
1.598725
1.598841
1.598841
1.600332
1.600332
1.598903
1.598903
1.593182
1.593182
1.608494
1.608494
1.594997
1.594997
1.601102
1.601102
1.584633
1.584633
1.608191
1.608191
1.614229
1.614229
1.591204
1.591204
1.599392
1.599392
1.579187
1.579187
1.600422
1.600422
1.607833
1.607833
1.595741
1.595741
1.587072
1.587072
1.603050
1.603050
1.610455
1.610455
1.588609
1.588609
1.598083
1.598083
1.604264
1.604264
1.609681
1.609681
1.597541
1.597541
1.564246
1.564246
1.594366
1.594366
1.595880
1.595880
1.605772
1.605772
1.606113
1.606113
1.591203
1.591203
1.606084
1.606084
1.612303
1.612303
1.599782
1.599782
1.592741
1.592741
1.599980
1.599980
1.591035
1.591035
1.572079
1.572079
1.599580
1.599580
1.602239
1.602239
1.602838
1.602838
1.594921
1.594921
1.597276
1.597276
1.552189
1.552189
1.593393
1.593393
1.609349
1.609349
1.604148
1.604148
1.589329
1.589329
1.597736
1.597736
1.572390
1.572390
1.605176
1.605176
1.593675
1.593675
1.600098
1.600098
1.593427
1.593427
1.598967
1.598967
1.591987
1.591987
1.595086
1.595086
1.605131
1.605131
1.594477
1.594477
1.596429
1.596429
1.601538
1.601538
1.573018
1.573018
1.603802
1.603802
1.599892
1.599892
1.598342
1.598342
1.590309
1.590309
1.598945
1.598945
1.579487
1.579487
1.588648
1.588648
1.615378
1.615378
1.593750
1.593750
1.599508
1.599508
1.592388
1.592388
1.588619
1.588619
1.605283
1.605283
1.594572
1.594572
1.592957
1.592957
1.603626
1.603626
1.590853
1.590853
1.605536
1.605536
1.592763
1.592763
1.600826
1.600826
1.599171
1.599171
1.603548
1.603548
1.592515
1.592515
1.580627
1.580627
1.600725
1.600725
1.602308
1.602308
1.597109
1.597109
1.605587
1.605587
1.582031
1.582031
1.581298
1.581298
1.605450
1.605450
1.597324
1.597324
1.582755
1.582755
1.595840
1.595840
1.601547
1.601547
1.622847
1.622847
1.601362
1.601362
1.592893
1.592893
1.600126
1.600126
1.592383
1.592383
1.596964
1.596964
1.607908
1.607908
1.608545
1.608545
1.596044
1.596044
1.593359
1.593359
1.606222
1.606222
1.583197
1.583197
1.564999
1.564999
1.611466
1.611466
1.595684
1.595684
1.601746
1.601746
1.595417
1.595417
1.580415
1.580415
1.585410
1.585410
1.601048
1.601048
1.595341
1.595341
1.598217
1.598217
1.589232
1.589232
1.596735
1.596735
1.620638
1.620638
1.594688
1.594688
1.600505
1.600505
1.599087
1.599087
1.599154
1.599154
1.592082
1.592082
1.563889
1.563889
1.598851
1.598851
1.596266
1.596266
1.597304
1.597304
1.597836
1.597836
1.590070
1.590070
1.611195
1.611195
1.589774
1.589774
1.595619
1.595619
1.599496
1.599496
1.592027
1.592027
1.602405
1.602405
1.617273
1.617273
1.593656
1.593656
1.599959
1.599959
1.587554
1.587554
1.596837
1.596837
1.604007
1.604007
1.584546
1.584546
1.591575
1.591575
1.596252
1.596252
1.590816
1.590816
1.613116
1.613116
1.591311
1.591311
1.569292
1.569292
1.599213
1.599213
1.588450
1.588450
1.597697
1.597697
1.594514
1.594514
1.596035
1.596035
1.636273
1.636273
1.600001
1.600001
1.587494
1.587494
1.606693
1.606693
1.589696
1.589696
1.596843
1.596843
1.582141
1.582141
1.610658
1.610658
1.600591
1.600591
1.588667
1.588667
1.583576
1.583576
1.593687
1.593687
1.610376
1.610376
1.597959
1.597959
1.615885
1.615885
1.593381
1.593381
1.584423
1.584423
1.583933
1.583933
1.617638
1.617638
1.600037
1.600037
1.589793
1.589793
1.597862
1.597862
1.604295
1.604295
1.586019
1.586019
1.585652
1.585652
1.595901
1.595901
1.593553
1.593553
1.588917
1.588917
1.596048
1.596048
1.600529
1.600529
1.610884
1.610884
1.605536
1.605536
1.597076
1.597076
1.595806
1.595806
1.591814
1.591814
1.586759
1.586759
1.586346
1.586346
1.601043
1.601043
1.598767
1.598767
1.587660
1.587660
1.592700
1.592700
1.594741
1.594741
1.603590
1.603590
1.598877
1.598877
1.601178
1.601178
1.604361
1.604361
1.589350
1.589350
1.582242
1.582242
1.589365
1.589365
1.593874
1.593874
1.615075
1.615075
1.592056
1.592056
1.581173
1.581173
1.593032
1.593032
1.593377
1.593377
1.603112
1.603112
1.588457
1.588457
1.584176
1.584176
1.589558
1.589558
1.608986
1.608986
1.597889
1.597889
1.583309
1.583309
1.602283
1.602283
1.591920
1.591920
1.602132
1.602132
1.595752
1.595752
1.582512
1.582512
1.600329
1.600329
1.588636
1.588636
1.589802
1.589802
1.595276
1.595276
1.595827
1.595827
1.632148
1.632148
1.592256
1.592256
1.602899
1.602899
1.578918
1.578918
1.610577
1.610577
1.588277
1.588277
1.593596
1.593596
1.603313
1.603313
1.582015
1.582015
1.589305
1.589305
1.601411
1.601411
1.596163
1.596163
1.591910
1.591910
1.600086
1.600086
1.601413
1.601413
1.594001
1.594001
1.591944
1.591944
1.584334
1.584334
1.588698
1.588698
1.587361
1.587361
1.593788
1.593788
1.596584
1.596584
1.597246
1.597246
1.599029
1.599029
1.559332
1.559332
1.607124
1.607124
1.586116
1.586116
1.574413
1.574413
1.590645
1.590645
1.614565
1.614565
1.562650
1.562650
1.592309
1.592309
1.600033
1.600033
1.583605
1.583605
1.590364
1.590364
1.606179
1.606179
1.561149
1.561149
1.601122
1.601122
1.605222
1.605222
1.580225
1.580225
1.585914
1.585914
1.593679
1.593679
1.621351
1.621351
1.593360
1.593360
1.604604
1.604604
1.586503
1.586503
1.594701
1.594701
1.591833
1.591833
1.568750
1.568750
1.591053
1.591053
1.583547
1.583547
1.602608
1.602608
1.596171
1.596171
1.595693
1.595693
1.582520
1.582520
1.606205
1.606205
1.594188
1.594188
1.592355
1.592355
1.593557
1.593557
1.581296
1.581296
1.590770
1.590770
1.597056
1.597056
1.591301
1.591301
1.587145
1.587145
1.592933
1.592933
1.596943
1.596943
1.604988
1.604988
1.585783
1.585783
1.589190
1.589190
1.593789
1.593789
1.600999
1.600999
1.598116
1.598116
1.572890
1.572890
1.594772
1.594772
1.586134
1.586134
1.589517
1.589517
1.608972
1.608972
1.585516
1.585516
1.596225
1.596225
1.591408
1.591408
1.604577
1.604577
1.585672
1.585672
1.590478
1.590478
1.593616
1.593616
1.582006
1.582006
1.600580
1.600580
1.600451
1.600451
1.582195
1.582195
1.598059
1.598059
1.585145
1.585145
1.569583
1.569583
1.591335
1.591335
1.588298
1.588298
1.596866
1.596866
1.602378
1.602378
1.584515
1.584515
1.595273
1.595273
1.589844
1.589844
1.610472
1.610472
1.580561
1.580561
1.589775
1.589775
1.594227
1.594227
1.577594
1.577594
1.600260
1.600260
1.590491
1.590491
1.599313
1.599313
1.580331
1.580331
1.596003
1.596003
1.559740
1.559740
1.591236
1.591236
1.600313
1.600313
1.586949
1.586949
1.590625
1.590625
1.596245
1.596245
1.566670
1.566670
1.602300
1.602300
1.587700
1.587700
1.614107
1.614107
1.581816
1.581816
1.576467
1.576467
1.594406
1.594406
1.593125
1.593125
1.592797
1.592797
1.594314
1.594314
1.584292
1.584292
1.598809
1.598809
1.581020
1.581020
1.585613
1.585613
1.587968
1.587968
1.586612
1.586612
1.601787
1.601787
1.600274
1.600274
1.586980
1.586980
1.590608
1.590608
1.592220
1.592220
1.591101
1.591101
1.590298
1.590298
1.598789
1.598789
1.572128
1.572128
1.599815
1.599815
1.584917
1.584917
1.599703
1.599703
1.586653
1.586653
1.589889
1.589889
1.583925
1.583925
1.597231
1.597231
1.586266
1.586266
1.584546
1.584546
1.595738
1.595738
1.595919
1.595919
1.590269
1.590269
1.592339
1.592339
1.582652
1.582652
1.588705
1.588705
1.600663
1.600663
1.592310
1.592310
1.614463
1.614463
1.590581
1.590581
1.586786
1.586786
1.589203
1.589203
1.597378
1.597378
1.592326
1.592326
1.611974
1.611974
1.588005
1.588005
1.591652
1.591652
1.598511
1.598511
1.584690
1.584690
1.594141
1.594141
1.598883
1.598883
1.585424
1.585424
1.589594
1.589594
1.589697
1.589697
1.599065
1.599065
1.592499
1.592499
1.601845
1.601845
1.582304
1.582304
1.587546
1.587546
1.599508
1.599508
1.591465
1.591465
1.598027
1.598027
1.573528
1.573528
1.602640
1.602640
1.585686
1.585686
1.588681
1.588681
1.590595
1.590595
1.590800
1.590800
1.574824
1.574824
1.589129
1.589129
1.586187
1.586187
1.587069
1.587069
1.593564
1.593564
1.601328
1.601328
1.582204
1.582204
1.587656
1.587656
1.588147
1.588147
1.591649
1.591649
1.586625
1.586625
1.600816
1.600816
1.603871
1.603871
1.594692
1.594692
1.593963
1.593963
1.583991
1.583991
1.585495
1.585495
1.594325
1.594325
1.624847
1.624847
1.592065
1.592065
1.588709
1.588709
1.576152
1.576152
1.596094
1.596094
1.599095
1.599095
1.624755
1.624755
1.588434
1.588434
1.597486
1.597486
1.590481
1.590481
1.589227
1.589227
1.588931
1.588931
1.596217
1.596217
1.585433
1.585433
1.586010
1.586010
1.588406
1.588406
1.600752
1.600752
1.593397
1.593397
1.596879
1.596879
1.593406
1.593406
1.598526
1.598526
1.584499
1.584499
1.595446
1.595446
1.583645
1.583645
1.576468
1.576468
1.601994
1.601994
1.589020
1.589020
1.575844
1.575844
1.595726
1.595726
1.592867
1.592867
1.571532
1.571532
1.596868
1.596868
1.588399
1.588399
1.586311
1.586311
1.590129
1.590129
1.589648
1.589648
1.605913
1.605913
1.590319
1.590319
1.580681
1.580681
1.592730
1.592730
1.598083
1.598083
1.587184
1.587184
1.621855
1.621855
1.598159
1.598159
1.585210
1.585210
1.600860
1.600860
1.586157
1.586157
1.584513
1.584513
1.556326
1.556326
1.597499
1.597499
1.592420
1.592420
1.586878
1.586878
1.582306
1.582306
1.593588
1.593588
1.574077
1.574077
1.594345
1.594345
1.591513
1.591513
1.589219
1.589219
1.588729
1.588729
1.588802
1.588802
1.572618
1.572618
1.581389
1.581389
1.579628
1.579628
1.594544
1.594544
1.604365
1.604365
1.591142
1.591142
1.586144
1.586144
1.596318
1.596318
1.582525
1.582525
1.590701
1.590701
1.591548
1.591548
1.587889
1.587889
1.604663
1.604663
1.582617
1.582617
1.593518
1.593518
1.593384
1.593384
1.598204
1.598204
1.586255
1.586255
1.550021
1.550021
1.588109
1.588109
1.582564
1.582564
1.589843
1.589843
1.592654
1.592654
1.596297
1.596297
1.588977
1.588977
1.593957
1.593957
1.597634
1.597634
1.594631
1.594631
1.569514
1.569514
1.595140
1.595140
1.569684
1.569684
1.589140
1.589140
1.577595
1.577595
1.583975
1.583975
1.595167
1.595167
1.601595
1.601595
1.598747
1.598747
1.589983
1.589983
1.589261
1.589261
1.582251
1.582251
1.592100
1.592100
1.592497
1.592497
1.608555
1.608555
1.595413
1.595413
1.581440
1.581440
1.592797
1.592797
1.598101
1.598101
1.578664
1.578664
1.600864
1.600864
1.597439
1.597439
1.582682
1.582682
1.584496
1.584496
1.585701
1.585701
1.596360
1.596360
1.593401
1.593401
1.598841
1.598841
1.602739
1.602739
1.576247
1.576247
1.590359
1.590359
1.579956
1.579956
1.575265
1.575265
1.602110
1.602110
1.576744
1.576744
1.586427
1.586427
1.594522
1.594522
1.585663
1.585663
1.600978
1.600978
1.586919
1.586919
1.593296
1.593296
1.596287
1.596287
1.596097
1.596097
1.578205
1.578205
1.547222
1.547222
1.582129
1.582129
1.589769
1.589769
1.586278
1.586278
1.594193
1.594193
1.590625
1.590625
1.624218
1.624218
1.582570
1.582570
1.593354
1.593354
1.597020
1.597020
1.589000
1.589000
1.581931
1.581931
1.613791
1.613791
1.589680
1.589680
1.597989
1.597989
1.587327
1.587327
1.586419
1.586419
1.585928
1.585928
1.575846
1.575846
1.590162
1.590162
1.579935
1.579935
1.595977
1.595977
1.585551
1.585551
1.592896
1.592896
1.601214
1.601214
1.592280
1.592280
1.588861
1.588861
1.579418
1.579418
1.595934
1.595934
1.590441
1.590441
1.574763
1.574763
1.583931
1.583931
1.593856
1.593856
1.585040
1.585040
1.583490
1.583490
1.596849
1.596849
1.608529
1.608529
1.592855
1.592855
1.594024
1.594024
1.581290
1.581290
1.593988
1.593988
1.582097
1.582097
1.594837
1.594837
1.598730
1.598730
1.589233
1.589233
1.580861
1.580861
1.586171
1.586171
1.592507
1.592507
1.558836
1.558836
1.590095
1.590095
1.596020
1.596020
1.579162
1.579162
1.587880
1.587880
1.588084
1.588084
1.618221
1.618221
1.589007
1.589007
1.599619
1.599619
1.583074
1.583074
1.580151
1.580151
1.591856
1.591856
1.589823
1.589823
1.579461
1.579461
1.597791
1.597791
1.592193
1.592193
1.596691
1.596691
1.577954
1.577954
1.582033
1.582033
1.598440
1.598440
1.584511
1.584511
1.581205
1.581205
1.586618
1.586618
1.591399
1.591399
1.595828
1.595828
1.587985
1.587985
1.591315
1.591315
1.580354
1.580354
1.590930
1.590930
1.593998
1.593998
1.565788
1.565788
1.585621
1.585621
1.587097
1.587097
1.578481
1.578481
1.596232
1.596232
1.590653
1.590653
1.624498
1.624498
1.578874
1.578874
1.579549
1.579549
1.600789
1.600789
1.582683
1.582683
1.595046
1.595046
1.629022
1.629022
1.580814
1.580814
1.594446
1.594446
1.585934
1.585934
1.587014
1.587014
1.589802
1.589802
1.613677
1.613677
1.585499
1.585499
1.581411
1.581411
1.594133
1.594133
1.585372
1.585372
1.594202
1.594202
1.583937
1.583937
1.580474
1.580474
1.592953
1.592953
1.586043
1.586043
1.595829
1.595829
1.583525
1.583525
1.598311
1.598311
1.585239
1.585239
1.593642
1.593642
1.589060
1.589060
1.572721
1.572721
1.596467
1.596467
1.610675
1.610675
1.592730
1.592730
1.588385
1.588385
1.591795
1.591795
1.581401
1.581401
1.585222
1.585222
1.581265
1.581265
1.587260
1.587260
1.583699
1.583699
1.599030
1.599030
1.575214
1.575214
1.594617
1.594617
1.573169
1.573169
1.590659
1.590659
1.589405
1.589405
1.588295
1.588295
1.585155
1.585155
1.585633
1.585633
1.575854
1.575854
1.574681
1.574681
1.579980
1.579980
1.591973
1.591973
1.590032
1.590032
1.600186
1.600186
1.595567
1.595567
1.591338
1.591338
1.573373
1.573373
1.589718
1.589718
1.592302
1.592302
1.589742
1.589742
1.593038
1.593038
1.591682
1.591682
1.589137
1.589137
1.584520
1.584520
1.585742
1.585742
1.587813
1.587813
1.563762
1.563762
1.590498
1.590498
1.587428
1.587428
1.580454
1.580454
1.592121
1.592121
1.582692
1.582692
1.617219
1.617219
1.588273
1.588273
1.587606
1.587606
1.590118
1.590118
1.590665
1.590665
1.581653
1.581653
1.561366
1.561366
1.591568
1.591568
1.591747
1.591747
1.573339
1.573339
1.599330
1.599330
1.580335
1.580335
1.574876
1.574876
1.583750
1.583750
1.592363
1.592363
1.586304
1.586304
1.585667
1.585667
1.586806
1.586806
1.584375
1.584375
1.584954
1.584954
1.590529
1.590529
1.586648
1.586648
1.590178
1.590178
1.582069
1.582069
1.583651
1.583651
1.595294
1.595294
1.590819
1.590819
1.582419
1.582419
1.584103
1.584103
1.579924
1.579924
1.596146
1.596146
1.589746
1.589746
1.589529
1.589529
1.573100
1.573100
1.591025
1.591025
1.589145
1.589145
1.591521
1.591521
1.586124
1.586124
1.584916
1.584916
1.592224
1.592224
1.582869
1.582869
1.586198
1.586198
1.590197
1.590197
1.583532
1.583532
1.582543
1.582543
1.590751
1.590751
1.599934
1.599934
1.579902
1.579902
1.544022
1.544022
1.589765
1.589765
1.577699
1.577699
1.591590
1.591590
1.588295
1.588295
1.579472
1.579472
1.637544
1.637544
1.577145
1.577145
1.580318
1.580318
1.593499
1.593499
1.587926
1.587926
1.593221
1.593221
1.578266
1.578266
1.585879
1.585879
1.583430
1.583430
1.588103
1.588103
1.593243
1.593243
1.580498
1.580498
1.581884
1.581884
1.577956
1.577956
1.585306
1.585306
1.582748
1.582748
1.597357
1.597357
1.586732
1.586732
1.584959
1.584959
1.582914
1.582914
1.586748
1.586748
1.590323
1.590323
1.589427
1.589427
1.580183
1.580183
1.582504
1.582504
1.573186
1.573186
1.591278
1.591278
1.586607
1.586607
1.579152
1.579152
1.598517
1.598517
1.582295
1.582295
1.581925
1.581925
1.584111
1.584111
1.587501
1.587501
1.587041
1.587041
1.588716
1.588716
1.568273
1.568273
1.587668
1.587668
1.582289
1.582289
1.588341
1.588341
1.594965
1.594965
1.570447
1.570447
1.617239
1.617239
1.576071
1.576071
1.591667
1.591667
1.593976
1.593976
1.583527
1.583527
1.580469
1.580469
1.589670
1.589670
1.586516
1.586516
1.579032
1.579032
1.589553
1.589553
1.577799
1.577799
1.593301
1.593301
1.576443
1.576443
1.573744
1.573744
1.576437
1.576437
1.589935
1.589935
1.591036
1.591036
1.595899
1.595899
1.560146
1.560146
1.569247
1.569247
1.592172
1.592172
1.586208
1.586208
1.585816
1.585816
1.587862
1.587862
1.609925
1.609925
1.588046
1.588046
1.577566
1.577566
1.584559
1.584559
1.591047
1.591047
1.584159
1.584159
1.561638
1.561638
1.576881
1.576881
1.584835
1.584835
1.580088
1.580088
1.590872
1.590872
1.590341
1.590341
1.577452
1.577452
1.579773
1.579773
1.592270
1.592270
1.579446
1.579446
1.585454
1.585454
1.585478
1.585478
1.575398
1.575398
1.571914
1.571914
1.599125
1.599125
1.575551
1.575551
1.598618
1.598618
1.572559
1.572559
1.612585
1.612585
1.586781
1.586781
1.585765
1.585765
1.587370
1.587370
1.578686
1.578686
1.574308
1.574308
1.652109
1.652109
1.594463
1.594463
1.576329
1.576329
1.583411
1.583411
1.580950
1.580950
1.584005
1.584005
1.581237
1.581237
1.581410
1.581410
1.577780
1.577780
1.593597
1.593597
1.587284
1.587284
1.582039
1.582039
1.544983
1.544983
1.586592
1.586592
1.591029
1.591029
1.575443
1.575443
1.586014
1.586014
1.573719
1.573719
1.631300
1.631300
1.597983
1.597983
1.580404
1.580404
1.568302
1.568302
1.588344
1.588344
1.580618
1.580618
1.595212
1.595212
1.587440
1.587440
1.573446
1.573446
1.588094
1.588094
1.585134
1.585134
1.577732
1.577732
1.625926
1.625926
1.572076
1.572076
1.577803
1.577803
1.583539
1.583539
1.587797
1.587797
1.594136
1.594136
1.583987
1.583987
1.578067
1.578067
1.582685
1.582685
1.585144
1.585144
1.580880
1.580880
1.587489
1.587489
1.588772
1.588772
1.582304
1.582304
1.588924
1.588924
1.581226
1.581226
1.573415
1.573415
1.589875
1.589875
1.568954
1.568954
1.593729
1.593729
1.576752
1.576752
1.578123
1.578123
1.585775
1.585775
1.580871
1.580871
1.568704
1.568704
1.585693
1.585693
1.576365
1.576365
1.582365
1.582365
1.588338
1.588338
1.585435
1.585435
1.534096
1.534096
1.575225
1.575225
1.595530
1.595530
1.576889
1.576889
1.577737
1.577737
1.589028
1.589028
1.566957
1.566957
1.577181
1.577181
1.589443
1.589443
1.587655
1.587655
1.592364
1.592364
1.565247
1.565247
1.586850
1.586850
1.585781
1.585781
1.587266
1.587266
1.584930
1.584930
1.566371
1.566371
1.583023
1.583023
1.625386
1.625386
1.582886
1.582886
1.587457
1.587457
1.587392
1.587392
1.579301
1.579301
1.573850
1.573850
1.583398
1.583398
1.579212
1.579212
1.580926
1.580926
1.579102
1.579102
1.584868
1.584868
1.585597
1.585597
1.589331
1.589331
1.595187
1.595187
1.589130
1.589130
1.577653
1.577653
1.584581
1.584581
1.566733
1.566733
1.549199
1.549199
1.590696
1.590696
1.578784
1.578784
1.592638
1.592638
1.573684
1.573684
1.573071
1.573071
1.589737
1.589737
1.581473
1.581473
1.583089
1.583089
1.577083
1.577083
1.585159
1.585159
1.578768
1.578768
1.618047
1.618047
1.586011
1.586011
1.576016
1.576016
1.586023
1.586023
1.578673
1.578673
1.583773
1.583773
1.562578
1.562578
1.593328
1.593328
1.577083
1.577083
1.577828
1.577828
1.585306
1.585306
1.578201
1.578201
1.543095
1.543095
1.587623
1.587623
1.579132
1.579132
1.582618
1.582618
1.579966
1.579966
1.580203
1.580203
1.558328
1.558328
1.589318
1.589318
1.575385
1.575385
1.585548
1.585548
1.580064
1.580064
1.574644
1.574644
1.598253
1.598253
1.577328
1.577328
1.583882
1.583882
1.574737
1.574737
1.582409
1.582409
1.588173
1.588173
1.578662
1.578662
1.576780
1.576780
1.581547
1.581547
1.571106
1.571106
1.592378
1.592378
1.588508
1.588508
1.536559
1.536559
1.591450
1.591450
1.570120
1.570120
1.578428
1.578428
1.583479
1.583479
1.582271
1.582271
1.575781
1.575781
1.580397
1.580397
1.581171
1.581171
1.578541
1.578541
1.586327
1.586327
1.580585
1.580585
1.556799
1.556799
1.584235
1.584235
1.597458
1.597458
1.566482
1.566482
1.581666
1.581666
1.573566
1.573566
1.587792
1.587792
1.577739
1.577739
1.580448
1.580448
1.577904
1.577904
1.588236
1.588236
1.581511
1.581511
1.558994
1.558994
1.583273
1.583273
1.577517
1.577517
1.585394
1.585394
1.573213
1.573213
1.583890
1.583890
1.579047
1.579047
1.582801
1.582801
1.587678
1.587678
1.571905
1.571905
1.577273
1.577273
1.584898
1.584898
1.560107
1.560107
1.578904
1.578904
1.594365
1.594365
1.578359
1.578359
1.584155
1.584155
1.565000
1.565000
1.592256
1.592256
1.577613
1.577613
1.580965
1.580965
1.590500
1.590500
1.569448
1.569448
1.579259
1.579259
1.617310
1.617310
1.588167
1.588167
1.576898
1.576898
1.580648
1.580648
1.582040
1.582040
1.577026
1.577026
1.542817
1.542817
1.574475
1.574475
1.579903
1.579903
1.582683
1.582683
1.577073
1.577073
1.589177
1.589177
1.553426
1.553426
1.577638
1.577638
1.575189
1.575189
1.587298
1.587298
1.576386
1.576386
1.584256
1.584256
1.573300
1.573300
1.589386
1.589386
1.578820
1.578820
1.577363
1.577363
1.585190
1.585190
1.568334
1.568334
1.583607
1.583607
1.592232
1.592232
1.580346
1.580346
1.583174
1.583174
1.573421
1.573421
1.568580
1.568580
1.591576
1.591576
1.582419
1.582419
1.575946
1.575946
1.590004
1.590004
1.585029
1.585029
1.565123
1.565123
1.578496
1.578496
1.580781
1.580781
1.585993
1.585993
1.573765
1.573765
1.573103
1.573103
1.583691
1.583691
1.585218
1.585218
1.561228
1.561228
1.592204
1.592204
1.581871
1.581871
1.574594
1.574594
1.582407
1.582407
1.632385
1.632385
1.571898
1.571898
1.579704
1.579704
1.583222
1.583222
1.570110
1.570110
1.590626
1.590626
1.597925
1.597925
1.579346
1.579346
1.573072
1.573072
1.587369
1.587369
1.579402
1.579402
1.576961
1.576961
1.588436
1.588436
1.585405
1.585405
1.577625
1.577625
1.581915
1.581915
1.579040
1.579040
1.572969
1.572969
1.576194
1.576194
1.578400
1.578400
1.597225
1.597225
1.585245
1.585245
1.565214
1.565214
1.570263
1.570263
1.578979
1.578979
1.586198
1.586198
1.576685
1.576685
1.567914
1.567914
1.581345
1.581345
1.584350
1.584350
1.574369
1.574369
1.588870
1.588870
1.572115
1.572115
1.589829
1.589829
1.564834
1.564834
1.578767
1.578767
1.590989
1.590989
1.577039
1.577039
1.582722
1.582722
1.578836
1.578836
1.575085
1.575085
1.577659
1.577659
1.615926
1.615926
1.576661
1.576661
1.578382
1.578382
1.575135
1.575135
1.577389
1.577389
1.585918
1.585918
1.588580
1.588580
1.577682
1.577682
1.572419
1.572419
1.582626
1.582626
1.581074
1.581074
1.582395
1.582395
1.556056
1.556056
1.581304
1.581304
1.574348
1.574348
1.575758
1.575758
1.581334
1.581334
1.582775
1.582775
1.557747
1.557747
1.571948
1.571948
1.559204
1.559204
1.594287
1.594287
1.579424
1.579424
1.589947
1.589947
1.560390
1.560390
1.574117
1.574117
1.586901
1.586901
1.576052
1.576052
1.577046
1.577046
1.580774
1.580774
1.554883
1.554883
1.569729
1.569729
1.578580
1.578580
1.572403
1.572403
1.584416
1.584416
1.582833
1.582833
1.620317
1.620317
1.582538
1.582538
1.578540
1.578540
1.585346
1.585346
1.572958
1.572958
1.570870
1.570870
1.593599
1.593599
1.573707
1.573707
1.576615
1.576615
1.581763
1.581763
1.582970
1.582970
1.575236
1.575236
1.587406
1.587406
1.585013
1.585013
1.576447
1.576447
1.590397
1.590397
1.575019
1.575019
1.563772
1.563772
1.578406
1.578406
1.580328
1.580328
1.575356
1.575356
1.579533
1.579533
1.580043
1.580043
1.579419
1.579419
1.532915
1.532915
1.575609
1.575609
1.582669
1.582669
1.573109
1.573109
1.581890
1.581890
1.578471
1.578471
1.556373
1.556373
1.584897
1.584897
1.572703
1.572703
1.577981
1.577981
1.573310
1.573310
1.580052
1.580052
1.579732
1.579732
1.568273
1.568273
1.581557
1.581557
1.574081
1.574081
1.574650
1.574650
1.588205
1.588205
1.597712
1.597712
1.576466
1.576466
1.574915
1.574915
1.578117
1.578117
1.574255
1.574255
1.584237
1.584237
1.581781
1.581781
1.583564
1.583564
1.577218
1.577218
1.579002
1.579002
1.581021
1.581021
1.569293
1.569293
1.557291
1.557291
1.577556
1.577556
1.584280
1.584280
1.570868
1.570868
1.571219
1.571219
1.582698
1.582698
1.589065
1.589065
1.573529
1.573529
1.571365
1.571365
1.577439
1.577439
1.571783
1.571783
1.593867
1.593867
1.572687
1.572687
1.583942
1.583942
1.576787
1.576787
1.573494
1.573494
1.577617
1.577617
1.575218
1.575218
1.579272
1.579272
1.586344
1.586344
1.575184
1.575184
1.575199
1.575199
1.579542
1.579542
1.569905
1.569905
1.583610
1.583610
1.575922
1.575922
1.589264
1.589264
1.583144
1.583144
1.564490
1.564490
1.575723
1.575723
1.555253
1.555253
1.582477
1.582477
1.572670
1.572670
1.576239
1.576239
1.578455
1.578455
1.575022
1.575022
1.587710
1.587710
1.582479
1.582479
1.572865
1.572865
1.582204
1.582204
1.564489
1.564489
1.582652
1.582652
1.585313
1.585313
1.570892
1.570892
1.583521
1.583521
1.573952
1.573952
1.572848
1.572848
1.583231
1.583231
1.583513
1.583513
1.577335
1.577335
1.583472
1.583472
1.574063
1.574063
1.572035
1.572035
1.576509
1.576509
1.590631
1.590631
1.570456
1.570456
1.573378
1.573378
1.589169
1.589169
1.572955
1.572955
1.578559
1.578559
1.576489
1.576489
1.588790
1.588790
1.579076
1.579076
1.562440
1.562440
1.569764
1.569764
1.584779
1.584779
1.570749
1.570749
1.583673
1.583673
1.575933
1.575933
1.572487
1.572487
1.575599
1.575599
1.574031
1.574031
1.601065
1.601065
1.575575
1.575575
1.570856
1.570856
1.571523
1.571523
1.591930
1.591930
1.573444
1.573444
1.582976
1.582976
1.576523
1.576523
1.581139
1.581139
1.565043
1.565043
1.576552
1.576552
1.582826
1.582826
1.593800
1.593800
1.574860
1.574860
1.566768
1.566768
1.578179
1.578179
1.575859
1.575859
1.587123
1.587123
1.585069
1.585069
1.580408
1.580408
1.573135
1.573135
1.571302
1.571302
1.580991
1.580991
1.577676
1.577676
1.575044
1.575044
1.572089
1.572089
1.584622
1.584622
1.581052
1.581052
1.574632
1.574632
1.568316
1.568316
1.600580
1.600580
1.575521
1.575521
1.574940
1.574940
1.573773
1.573773
1.577480
1.577480
1.579673
1.579673
1.590388
1.590388
1.572413
1.572413
1.578481
1.578481
1.569831
1.569831
1.580313
1.580313
1.578436
1.578436
1.604798
1.604798
1.574212
1.574212
1.568929
1.568929
1.579780
1.579780
1.576382
1.576382
1.583061
1.583061
1.570897
1.570897
1.577454
1.577454
1.579541
1.579541
1.574824
1.574824
1.574411
1.574411
1.569473
1.569473
1.632534
1.632534
1.573631
1.573631
1.591718
1.591718
1.569139
1.569139
1.565235
1.565235
1.576130
1.576130
1.627078
1.627078
1.580194
1.580194
1.568848
1.568848
1.584028
1.584028
1.566779
1.566779
1.579918
1.579918
1.582984
1.582984
1.574363
1.574363
1.579554
1.579554
1.578661
1.578661
1.572405
1.572405
1.574115
1.574115
1.584377
1.584377
1.575445
1.575445
1.572150
1.572150
1.573733
1.573733
1.576027
1.576027
1.580578
1.580578
1.591027
1.591027
1.570483
1.570483
1.577052
1.577052
1.572786
1.572786
1.571531
1.571531
1.589837
1.589837
1.548796
1.548796
1.578976
1.578976
1.578150
1.578150
1.578453
1.578453
1.563784
1.563784
1.580024
1.580024
1.568235
1.568235
1.576510
1.576510
1.573209
1.573209
1.586758
1.586758
1.571436
1.571436
1.571897
1.571897
1.560978
1.560978
1.575348
1.575348
1.581597
1.581597
1.563992
1.563992
1.574634
1.574634
1.582683
1.582683
1.573390
1.573390
1.576706
1.576706
1.573962
1.573962
1.576546
1.576546
1.571684
1.571684
1.579233
1.579233
1.572121
1.572121
1.576660
1.576660
1.582232
1.582232
1.581285
1.581285
1.565115
1.565115
1.573709
1.573709
1.561269
1.561269
1.581895
1.581895
1.580003
1.580003
1.582204
1.582204
1.563117
1.563117
1.569888
1.569888
1.578201
1.578201
1.568847
1.568847
1.576804
1.576804
1.558999
1.558999
1.587046
1.587046
1.586780
1.586780
1.561428
1.561428
1.575254
1.575254
1.573240
1.573240
1.584050
1.584050
1.576954
1.576954
1.568568
1.568568
1.562169
1.562169
1.563126
1.563126
1.578041
1.578041
1.577694
1.577694
1.570488
1.570488
1.583798
1.583798
1.609571
1.609571
1.582353
1.582353
1.567883
1.567883
1.572225
1.572225
1.577394
1.577394
1.574269
1.574269
1.598150
1.598150
1.571895
1.571895
1.575447
1.575447
1.578993
1.578993
1.575590
1.575590
1.575441
1.575441
1.563186
1.563186
1.573482
1.573482
1.570576
1.570576
1.581357
1.581357
1.564818
1.564818
1.583447
1.583447
1.597029
1.597029
1.577855
1.577855
1.571404
1.571404
1.574182
1.574182
1.577068
1.577068
1.579632
1.579632
1.528696
1.528696
1.574813
1.574813
1.573925
1.573925
1.578551
1.578551
1.564041
1.564041
1.583139
1.583139
1.582301
1.582301
1.586173
1.586173
1.567433
1.567433
1.569863
1.569863
1.571331
1.571331
1.579984
1.579984
1.575786
1.575786
1.570402
1.570402
1.585093
1.585093
1.573970
1.573970
1.574365
1.574365
1.572608
1.572608
1.554263
1.554263
1.573695
1.573695
1.574525
1.574525
1.570337
1.570337
1.574678
1.574678
1.574438
1.574438
1.638213
1.638213
1.575017
1.575017
1.573253
1.573253
1.573157
1.573157
1.580224
1.580224
1.577956
1.577956
1.516867
1.516867
1.569777
1.569777
1.579619
1.579619
1.577636
1.577636
1.580074
1.580074
1.564823
1.564823
1.591613
1.591613
1.579743
1.579743
1.571095
1.571095
1.576682
1.576682
1.572994
1.572994
1.569973
1.569973
1.603095
1.603095
1.589136
1.589136
1.575198
1.575198
1.556443
1.556443
1.580984
1.580984
1.570668
1.570668
1.580648
1.580648
1.571519
1.571519
1.573129
1.573129
1.582642
1.582642
1.585242
1.585242
1.562158
1.562158
1.555379
1.555379
1.585392
1.585392
1.567642
1.567642
1.571629
1.571629
1.574121
1.574121
1.572083
1.572083
1.590549
1.590549
1.573895
1.573895
1.571410
1.571410
1.568699
1.568699
1.580791
1.580791
1.576448
1.576448
1.583658
1.583658
1.573955
1.573955
1.584534
1.584534
1.575621
1.575621
1.564303
1.564303
1.573843
1.573843
1.571970
1.571970
1.564209
1.564209
1.578997
1.578997
1.570930
1.570930
1.572929
1.572929
1.583131
1.583131
1.591125
1.591125
1.565569
1.565569
1.580411
1.580411
1.585384
1.585384
1.573271
1.573271
1.565282
1.565282
1.590649
1.590649
1.573586
1.573586
1.575735
1.575735
1.564928
1.564928
1.575981
1.575981
1.581455
1.581455
1.569865
1.569865
1.573034
1.573034
1.568236
1.568236
1.574852
1.574852
1.570476
1.570476
1.583458
1.583458
1.583278
1.583278
1.574284
1.574284
1.574541
1.574541
1.574911
1.574911
1.581189
1.581189
1.564934
1.564934
1.582658
1.582658
1.575488
1.575488
1.556896
1.556896
1.585287
1.585287
1.580538
1.580538
1.574304
1.574304
1.554718
1.554718
1.570254
1.570254
1.577790
1.577790
1.567729
1.567729
1.576157
1.576157
1.579118
1.579118
1.566508
1.566508
1.576537
1.576537
1.570303
1.570303
1.563519
1.563519
1.585369
1.585369
1.575720
1.575720
1.558705
1.558705
1.564818
1.564818
1.576435
1.576435
1.574024
1.574024
1.583702
1.583702
1.570753
1.570753
1.572642
1.572642
1.577319
1.577319
1.565349
1.565349
1.576416
1.576416
1.575492
1.575492
1.576470
1.576470
1.556630
1.556630
1.570925
1.570925
1.563300
1.563300
1.578676
1.578676
1.586664
1.586664
1.567941
1.567941
1.589634
1.589634
1.572915
1.572915
1.562864
1.562864
1.580413
1.580413
1.576432
1.576432
1.575519
1.575519
1.579950
1.579950
1.563725
1.563725
1.574261
1.574261
1.577671
1.577671
1.592621
1.592621
1.562463
1.562463
1.551188
1.551188
1.575909
1.575909
1.577804
1.577804
1.569003
1.569003
1.565911
1.565911
1.576218
1.576218
1.605869
1.605869
1.583744
1.583744
1.566755
1.566755
1.564665
1.564665
1.573212
1.573212
1.577227
1.577227
1.593649
1.593649
1.570715
1.570715
1.571404
1.571404
1.576357
1.576357
1.580781
1.580781
1.568605
1.568605
1.567875
1.567875
1.573170
1.573170
1.580362
1.580362
1.576627
1.576627
1.555696
1.555696
1.581523
1.581523
1.570345
1.570345
1.572700
1.572700
1.579347
1.579347
1.576213
1.576213
1.571653
1.571653
1.565168
1.565168
1.591818
1.591818
1.568008
1.568008
1.584199
1.584199
1.563647
1.563647
1.585719
1.585719
1.567155
1.567155
1.553587
1.553587
1.578313
1.578313
1.580303
1.580303
1.568915
1.568915
1.571061
1.571061
1.566190
1.566190
1.591178
1.591178
1.581272
1.581272
1.570944
1.570944
1.578916
1.578916
1.562689
1.562689
1.573417
1.573417
1.564305
1.564305
1.568326
1.568326
1.575395
1.575395
1.588601
1.588601
1.567208
1.567208
1.565107
1.565107
1.588260
1.588260
1.569925
1.569925
1.576742
1.576742
1.567855
1.567855
1.570343
1.570343
1.580213
1.580213
1.580820
1.580820
1.564465
1.564465
1.577237
1.577237
1.570508
1.570508
1.569900
1.569900
1.583483
1.583483
1.572236
1.572236
1.584090
1.584090
1.575905
1.575905
1.569496
1.569496
1.570747
1.570747
1.565990
1.565990
1.564990
1.564990
1.567345
1.567345
1.576650
1.576650
1.570318
1.570318
1.577927
1.577927
1.571146
1.571146
1.592279
1.592279
1.572757
1.572757
1.567841
1.567841
1.566202
1.566202
1.581625
1.581625
1.577561
1.577561
1.565536
1.565536
1.576334
1.576334
1.565206
1.565206
1.567810
1.567810
1.578262
1.578262
1.577652
1.577652
1.571622
1.571622
1.564308
1.564308
1.571682
1.571682
1.574135
1.574135
1.573430
1.573430
1.579671
1.579671
1.588810
1.588810
1.574676
1.574676
1.573008
1.573008
1.569430
1.569430
1.559484
1.559484
1.586370
1.586370
1.586068
1.586068
1.559909
1.559909
1.579010
1.579010
1.568400
1.568400
1.574432
1.574432
1.577740
1.577740
1.616767
1.616767
1.566995
1.566995
1.567843
1.567843
1.571820
1.571820
1.585628
1.585628
1.569984
1.569984
1.586345
1.586345
1.578444
1.578444
1.565980
1.565980
1.569790
1.569790
1.580919
1.580919
1.570251
1.570251
1.552211
1.552211
1.563757
1.563757
1.557914
1.557914
1.574377
1.574377
1.590818
1.590818
1.578642
1.578642
1.547654
1.547654
1.576750
1.576750
1.573839
1.573839
1.583152
1.583152
1.569590
1.569590
1.563597
1.563597
1.531051
1.531051
1.563859
1.563859
1.574837
1.574837
1.578200
1.578200
1.569184
1.569184
1.569866
1.569866
1.637363
1.637363
1.567068
1.567068
1.571367
1.571367
1.581790
1.581790
1.574953
1.574953
1.569486
1.569486
1.546306
1.546306
1.573645
1.573645
1.573943
1.573943
1.571045
1.571045
1.573648
1.573648
1.571252
1.571252
1.552986
1.552986
1.563263
1.563263
1.584670
1.584670
1.570445
1.570445
1.576569
1.576569
1.567529
1.567529
1.559460
1.559460
1.560866
1.560866
1.585929
1.585929
1.572657
1.572657
1.581083
1.581083
1.558782
1.558782
1.588342
1.588342
1.573539
1.573539
1.567885
1.567885
1.583960
1.583960
1.566138
1.566138
1.571125
1.571125
1.553252
1.553252
1.568328
1.568328
1.566473
1.566473
1.575911
1.575911
1.569196
1.569196
1.585520
1.585520
1.523293
1.523293
1.573795
1.573795
1.568668
1.568668
1.574342
1.574342
1.571646
1.571646
1.573290
1.573290
1.557065
1.557065
1.571512
1.571512
1.567421
1.567421
1.574527
1.574527
1.580184
1.580184
1.568500
1.568500
1.551532
1.551532
1.573501
1.573501
1.570186
1.570186
1.571633
1.571633
1.574254
1.574254
1.568101
1.568101
1.594677
1.594677
1.566165
1.566165
1.581528
1.581528
1.570509
1.570509
1.570272
1.570272
1.576586
1.576586
1.518505
1.518505
1.589773
1.589773
1.562948
1.562948
1.571474
1.571474
1.553957
1.553957
1.581189
1.581189
1.573697
1.573697
1.573885
1.573885
1.566441
1.566441
1.572826
1.572826
1.572361
1.572361
1.577764
1.577764
1.531459
1.531459
1.581014
1.581014
1.566052
1.566052
1.568173
1.568173
1.572008
1.572008
1.570188
1.570188
1.586768
1.586768
1.570378
1.570378
1.575166
1.575166
1.568343
1.568343
1.574331
1.574331
1.572632
1.572632
1.551323
1.551323
1.571311
1.571311
1.577101
1.577101
1.566692
1.566692
1.571217
1.571217
1.570507
1.570507
1.591146
1.591146
1.564831
1.564831
1.579279
1.579279
1.579466
1.579466
1.561795
1.561795
1.574294
1.574294
1.559936
1.559936
1.563544
1.563544
1.572378
1.572378
1.574112
1.574112
1.571253
1.571253
1.575230
1.575230
1.588604
1.588604
1.573373
1.573373
1.566456
1.566456
1.572554
1.572554
1.571236
1.571236
1.568683
1.568683
1.629314
1.629314
1.569739
1.569739
1.574859
1.574859
1.573037
1.573037
1.572266
1.572266
1.568098
1.568098
1.569842
1.569842
1.578802
1.578802
1.560729
1.560729
1.569912
1.569912
1.580110
1.580110
1.571035
1.571035
1.541397
1.541397
1.574823
1.574823
1.577803
1.577803
1.573093
1.573093
1.563304
1.563304
1.568111
1.568111
1.574484
1.574484
1.577310
1.577310
1.569083
1.569083
1.569205
1.569205
1.572681
1.572681
1.571486
1.571486
1.547163
1.547163
1.573964
1.573964
1.562413
1.562413
1.573290
1.573290
1.567395
1.567395
1.577971
1.577971
1.592024
1.592024
1.567843
1.567843
1.574978
1.574978
1.571168
1.571168
1.566452
1.566452
1.575198
1.575198
1.583725
1.583725
1.563267
1.563267
1.572068
1.572068
1.579834
1.579834
1.564663
1.564663
1.580080
1.580080
1.539414
1.539414
1.561705
1.561705
1.560884
1.560884
1.570801
1.570801
1.577862
1.577862
1.585765
1.585765
1.567000
1.567000
1.567293
1.567293
1.564451
1.564451
1.571745
1.571745
1.577416
1.577416
1.575817
1.575817
1.568844
1.568844
1.567394
1.567394
1.565527
1.565527
1.577284
1.577284
1.578281
1.578281
1.565365
1.565365
1.596771
1.596771
1.579325
1.579325
1.567550
1.567550
1.566481
1.566481
1.567981
1.567981
1.574751
1.574751
1.573632
1.573632
1.581532
1.581532
1.564440
1.564440
1.566133
1.566133
1.566260
1.566260
1.576143
1.576143
1.589521
1.589521
1.568035
1.568035
1.579553
1.579553
1.569775
1.569775
1.566181
1.566181
1.571033
1.571033
1.588490
1.588490
1.573260
1.573260
1.576983
1.576983
1.568081
1.568081
1.572866
1.572866
1.562575
1.562575
1.596276
1.596276
1.574060
1.574060
1.563055
1.563055
1.572572
1.572572
1.565866
1.565866
1.577454
1.577454
1.603282
1.603282
1.562588
1.562588
1.593422
1.593422
1.560101
1.560101
1.564646
1.564646
1.573086
1.573086
1.592468
1.592468
1.571594
1.571594
1.577987
1.577987
1.574734
1.574734
1.561870
1.561870
1.571936
1.571936
1.545598
1.545598
1.581752
1.581752
1.568491
1.568491
1.572331
1.572331
1.569785
1.569785
1.565677
1.565677
1.541809
1.541809
1.579345
1.579345
1.584163
1.584163
1.563262
1.563262
1.568439
1.568439
1.564183
1.564183
1.521999
1.521999
1.571776
1.571776
1.568843
1.568843
1.576972
1.576972
1.567857
1.567857
1.568422
1.568422
1.571892
1.571892
1.559647
1.559647
1.567696
1.567696
1.567324
1.567324
1.581721
1.581721
1.576117
1.576117
1.581928
1.581928
1.568902
1.568902
1.565035
1.565035
1.568852
1.568852
1.572489
1.572489
1.574447
1.574447
1.607196
1.607196
1.570863
1.570863
1.569762
1.569762
1.571920
1.571920
1.570132
1.570132
1.569689
1.569689
1.579025
1.579025
1.567446
1.567446
1.573176
1.573176
1.579855
1.579855
1.561013
1.561013
1.572452
1.572452
1.562485
1.562485
1.575743
1.575743
1.568266
1.568266
1.569789
1.569789
1.565073
1.565073
1.575996
1.575996
1.552739
1.552739
1.564344
1.564344
1.563989
1.563989
1.569254
1.569254
1.583043
1.583043
1.574568
1.574568
1.547767
1.547767
1.581787
1.581787
1.567420
1.567420
1.568943
1.568943
1.573898
1.573898
1.560307
1.560307
1.573998
1.573998
1.579611
1.579611
1.581027
1.581027
1.565969
1.565969
1.568709
1.568709
1.560273
1.560273
1.538892
1.538892
1.576153
1.576153
1.560518
1.560518
1.569697
1.569697
1.569650
1.569650
1.573272
1.573272
1.600363
1.600363
1.570309
1.570309
1.567992
1.567992
1.571919
1.571919
1.570458
1.570458
1.570915
1.570915
1.576859
1.576859
1.573239
1.573239
1.579133
1.579133
1.569888
1.569888
1.557928
1.557928
1.575097
1.575097
1.539885
1.539885
1.574307
1.574307
1.572515
1.572515
1.566212
1.566212
1.564570
1.564570
1.575119
1.575119
1.565533
1.565533
1.569259
1.569259
1.583067
1.583067
1.567436
1.567436
1.568547
1.568547
1.560765
1.560765
1.600717
1.600717
1.570735
1.570735
1.569057
1.569057
1.567454
1.567454
1.577603
1.577603
1.562566
1.562566
1.612951
1.612951
1.563470
1.563470
1.574437
1.574437
1.579597
1.579597
1.560874
1.560874
1.576295
1.576295
1.534998
1.534998
1.569760
1.569760
1.566310
1.566310
1.572774
1.572774
1.565727
1.565727
1.575124
1.575124
1.581859
1.581859
1.572365
1.572365
1.561878
1.561878
1.568213
1.568213
1.572334
1.572334
1.573936
1.573936
1.589341
1.589341
1.568604
1.568604
1.578430
1.578430
1.570674
1.570674
1.564464
1.564464
1.565779
1.565779
1.594254
1.594254
1.578954
1.578954
1.555085
1.555085
1.569446
1.569446
1.574380
1.574380
1.571769
1.571769
1.576198
1.576198
1.569569
1.569569
1.560036
1.560036
1.580120
1.580120
1.572600
1.572600
1.572315
1.572315
1.523690
1.523690
1.577595
1.577595
1.568311
1.568311
1.578733
1.578733
1.573623
1.573623
1.552736
1.552736
1.558539
1.558539
1.552264
1.552264
1.582828
1.582828
1.567667
1.567667
1.576871
1.576871
1.567996
1.567996
1.591536
1.591536
1.563924
1.563924
1.561360
1.561360
1.575338
1.575338
1.571158
1.571158
1.576471
1.576471
1.583912
1.583912
1.576895
1.576895
1.563877
1.563877
1.565553
1.565553
1.568040
1.568040
1.570616
1.570616
1.615351
1.615351
1.577982
1.577982
1.556715
1.556715
1.575547
1.575547
1.575550
1.575550
1.566778
1.566778
1.538986
1.538986
1.575024
1.575024
1.571997
1.571997
1.567158
1.567158
1.566315
1.566315
1.571770
1.571770
1.540332
1.540332
1.572135
1.572135
1.560478
1.560478
1.566732
1.566732
1.571920
1.571920
1.577880
1.577880
1.569208
1.569208
1.572511
1.572511
1.559908
1.559908
1.561116
1.561116
1.579815
1.579815
1.576848
1.576848
1.557088
1.557088
1.559121
1.559121
1.584405
1.584405
1.562515
1.562515
1.572237
1.572237
1.568034
1.568034
1.595369
1.595369
1.567626
1.567626
1.571530
1.571530
1.571134
1.571134
1.573726
1.573726
1.569402
1.569402
1.522410
1.522410
1.564816
1.564816
1.565599
1.565599
1.578726
1.578726
1.566122
1.566122
1.569277
1.569277
1.608889
1.608889
1.574761
1.574761
1.565630
1.565630
1.573120
1.573120
1.561732
1.561732
1.567459
1.567459
1.626034
1.626034
1.572207
1.572207
1.575335
1.575335
1.572709
1.572709
1.562146
1.562146
1.567037
1.567037
1.556361
1.556361
1.571934
1.571934
1.572083
1.572083
1.564427
1.564427
1.567958
1.567958
1.572821
1.572821
1.557275
1.557275
1.570729
1.570729
1.569153
1.569153
1.574712
1.574712
1.570786
1.570786
1.564508
1.564508
1.549971
1.549971
1.570125
1.570125
1.567803
1.567803
1.570407
1.570407
1.569719
1.569719
1.568263
1.568263
1.584578
1.584578
1.565467
1.565467
1.582278
1.582278
1.569439
1.569439
1.560409
1.560409
1.568654
1.568654
1.582828
1.582828
1.570864
1.570864
1.566789
1.566789
1.583165
1.583165
1.566342
1.566342
1.561014
1.561014
1.560678
1.560678
1.570142
1.570142
1.577957
1.577957
1.578322
1.578322
1.562168
1.562168
1.554379
1.554379
1.610497
1.610497
1.568225
1.568225
1.569988
1.569988
1.568716
1.568716
1.582964
1.582964
1.556752
1.556752
1.572382
1.572382
1.572422
1.572422
1.573504
1.573504
1.568983
1.568983
1.573569
1.573569
1.557516
1.557516
1.578239
1.578239
1.572415
1.572415
1.575864
1.575864
1.563636
1.563636
1.564030
1.564030
1.574503
1.574503
1.532363
1.532363
1.569838
1.569838
1.566183
1.566183
1.577336
1.577336
1.567413
1.567413
1.565247
1.565247
1.574602
1.574602
1.569478
1.569478
1.571975
1.571975
1.558797
1.558797
1.574305
1.574305
1.569841
1.569841
1.588568
1.588568
1.566307
1.566307
1.568932
1.568932
1.559020
1.559020
1.573765
1.573765
1.578657
1.578657
1.564311
1.564311
1.566290
1.566290
1.568575
1.568575
1.567378
1.567378
1.573039
1.573039
1.568682
1.568682
1.589390
1.589390
1.556167
1.556167
1.577574
1.577574
1.570691
1.570691
1.577006
1.577006
1.568659
1.568659
1.525093
1.525093
1.563763
1.563763
1.565381
1.565381
1.563139
1.563139
1.570945
1.570945
1.582728
1.582728
1.562771
1.562771
1.564154
1.564154
1.578649
1.578649
1.565332
1.565332
1.573623
1.573623
1.560006
1.560006
1.601359
1.601359
1.582118
1.582118
1.565361
1.565361
1.565979
1.565979
1.562349
1.562349
1.571443
1.571443
1.543368
1.543368
1.565582
1.565582
1.579640
1.579640
1.565999
1.565999
1.561995
1.561995
1.572457
1.572457
1.556336
1.556336
1.571412
1.571412
1.569057
1.569057
1.570508
1.570508
1.572386
1.572386
1.560876
1.560876
1.569979
1.569979
1.576118
1.576118
1.554186
1.554186
1.562995
1.562995
1.575648
1.575648
1.577735
1.577735
1.546645
1.546645
1.553518
1.553518
1.574096
1.574096
1.578437
1.578437
1.579150
1.579150
1.561684
1.561684
1.543492
1.543492
1.563457
1.563457
1.576512
1.576512
1.566442
1.566442
1.567246
1.567246
1.569205
1.569205
1.582864
1.582864
1.565219
1.565219
1.567192
1.567192
1.579337
1.579337
1.565217
1.565217
1.562332
1.562332
1.618609
1.618609
1.571485
1.571485
1.571597
1.571597
1.576534
1.576534
1.568619
1.568619
1.556550
1.556550
1.564316
1.564316
1.579667
1.579667
1.563365
1.563365
1.573021
1.573021
1.572247
1.572247
1.554335
1.554335
1.585315
1.585315
1.563270
1.563270
1.576418
1.576418
1.570428
1.570428
1.570088
1.570088
1.566909
1.566909
1.538588
1.538588
1.573026
1.573026
1.555821
1.555821
1.574293
1.574293
1.570426
1.570426
1.568910
1.568910
1.583600
1.583600
1.566725
1.566725
1.570204
1.570204
1.575255
1.575255
1.562334
1.562334
1.567322
1.567322
1.589233
1.589233
1.575649
1.575649
1.564233
1.564233
1.555102
1.555102
1.573113
1.573113
1.574532
1.574532
1.580842
1.580842
1.569254
1.569254
1.576633
1.576633
1.560960
1.560960
1.561389
1.561389
1.576067
1.576067
1.562272
1.562272
1.563440
1.563440
1.571076
1.571076
1.581326
1.581326
1.558222
1.558222
1.564643
1.564643
1.616215
1.616215
1.570894
1.570894
1.574152
1.574152
1.570000
1.570000
1.567284
1.567284
1.563688
1.563688
1.540797
1.540797
1.569964
1.569964
1.565552
1.565552
1.566051
1.566051
1.578286
1.578286
1.563393
1.563393
1.565810
1.565810
1.577324
1.577324
1.567199
1.567199
1.571183
1.571183
1.566410
1.566410
1.562418
1.562418
1.549828
1.549828
1.560026
1.560026
1.582623
1.582623
1.566833
1.566833
1.567537
1.567537
1.565182
1.565182
1.570786
1.570786
1.577371
1.577371
1.566722
1.566722
1.568872
1.568872
1.563187
1.563187
1.567596
1.567596
1.554008
1.554008
1.556667
1.556667
1.575714
1.575714
1.575311
1.575311
1.566580
1.566580
1.568642
1.568642
1.560051
1.560051
1.578390
1.578390
1.556474
1.556474
1.576527
1.576527
1.568947
1.568947
1.559906
1.559906
1.585442
1.585442
1.565408
1.565408
1.577909
1.577909
1.559718
1.559718
1.582073
1.582073
1.557542
1.557542
1.560413
1.560413
1.573401
1.573401
1.570326
1.570326
1.556451
1.556451
1.567093
1.567093
1.573502
1.573502
1.577142
1.577142
1.570487
1.570487
1.563051
1.563051
1.563714
1.563714
1.571659
1.571659
1.571713
1.571713
1.576613
1.576613
1.568137
1.568137
1.577356
1.577356
1.571986
1.571986
1.562861
1.562861
1.564820
1.564820
1.530424
1.530424
1.573783
1.573783
1.563042
1.563042
1.560424
1.560424
1.572224
1.572224
1.574132
1.574132
1.544851
1.544851
1.563974
1.563974
1.569289
1.569289
1.570470
1.570470
1.572809
1.572809
1.564733
1.564733
1.567476
1.567476
1.577118
1.577118
1.566414
1.566414
1.558385
1.558385
1.568686
1.568686
1.572688
1.572688
1.546174
1.546174
1.579365
1.579365
1.561435
1.561435
1.567386
1.567386
1.567866
1.567866
1.566216
1.566216
1.554260
1.554260
1.563351
1.563351
1.560912
1.560912
1.574851
1.574851
1.579059
1.579059
1.565143
1.565143
1.541977
1.541977
1.566172
1.566172
1.567225
1.567225
1.564952
1.564952
1.568446
1.568446
1.576049
1.576049
1.545635
1.545635
1.562801
1.562801
1.568081
1.568081
1.571627
1.571627
1.561179
1.561179
1.575412
1.575412
1.581531
1.581531
1.570651
1.570651
1.559750
1.559750
1.582401
1.582401
1.574163
1.574163
1.556003
1.556003
1.540613
1.540613
1.570072
1.570072
1.557796
1.557796
1.580290
1.580290
1.574168
1.574168
1.556148
1.556148
1.584451
1.584451
1.571919
1.571919
1.559469
1.559469
1.559923
1.559923
1.569449
1.569449
1.578045
1.578045
1.580090
1.580090
1.571736
1.571736
1.559897
1.559897
1.567149
1.567149
1.569774
1.569774
1.570759
1.570759
1.573421
1.573421
1.568464
1.568464
1.568375
1.568375
1.576588
1.576588
1.567343
1.567343
1.556254
1.556254
1.595018
1.595018
1.563050
1.563050
1.564909
1.564909
1.567823
1.567823
1.571025
1.571025
1.574184
1.574184
1.554575
1.554575
1.569219
1.569219
1.559863
1.559863
1.567229
1.567229
1.579308
1.579308
1.566962
1.566962
1.537291
1.537291
1.566395
1.566395
1.570492
1.570492
1.547797
1.547797
1.567944
1.567944
1.585042
1.585042
1.585516
1.585516
1.562257
1.562257
1.575169
1.575169
1.579050
1.579050
1.567178
1.567178
1.553546
1.553546
1.591255
1.591255
1.567557
1.567557
1.565665
1.565665
1.575235
1.575235
1.570339
1.570339
1.561014
1.561014
1.565075
1.565075
1.558169
1.558169
1.560746
1.560746
1.578972
1.578972
1.571875
1.571875
1.565649
1.565649
1.608536
1.608536
1.574223
1.574223
1.559358
1.559358
1.573296
1.573296
1.559945
1.559945
1.573459
1.573459
1.557054
1.557054
1.573687
1.573687
1.568843
1.568843
1.556851
1.556851
1.563453
1.563453
1.576730
1.576730
1.560437
1.560437
1.573253
1.573253
1.561781
1.561781
1.566600
1.566600
1.560564
1.560564
1.574304
1.574304
1.587466
1.587466
1.572397
1.572397
1.563190
1.563190
1.560512
1.560512
1.568143
1.568143
1.571530
1.571530
1.591042
1.591042
1.573419
1.573419
1.570007
1.570007
1.561487
1.561487
1.572864
1.572864
1.558969
1.558969
1.577523
1.577523
1.561572
1.561572
1.574558
1.574558
1.573554
1.573554
1.563753
1.563753
1.563339
1.563339
1.575144
1.575144
1.577171
1.577171
1.563972
1.563972
1.567732
1.567732
1.573942
1.573942
1.555897
1.555897
1.553560
1.553560
1.574446
1.574446
1.563223
1.563223
1.560669
1.560669
1.571510
1.571510
1.564677
1.564677
1.592036
1.592036
1.563293
1.563293
1.570210
1.570210
1.562671
1.562671
1.567274
1.567274
1.575279
1.575279
1.548699
1.548699
1.566164
1.566164
1.562062
1.562062
1.565056
1.565056
1.572615
1.572615
1.569776
1.569776
1.578032
1.578032
1.571427
1.571427
1.563608
1.563608
1.566557
1.566557
1.570644
1.570644
1.563102
1.563102
1.579993
1.579993
1.554582
1.554582
1.576180
1.576180
1.575458
1.575458
1.560629
1.560629
1.567775
1.567775
1.584718
1.584718
1.571218
1.571218
1.572756
1.572756
1.563349
1.563349
1.571127
1.571127
1.559931
1.559931
1.543957
1.543957
1.559667
1.559667
1.571691
1.571691
1.571176
1.571176
1.568923
1.568923
1.562429
1.562429
1.586076
1.586076
1.572222
1.572222
1.559370
1.559370
1.569781
1.569781
1.565929
1.565929
1.568629
1.568629
1.563909
1.563909
1.570926
1.570926
1.577760
1.577760
1.558809
1.558809
1.555955
1.555955
1.573677
1.573677
1.551431
1.551431
1.569108
1.569108
1.568809
1.568809
1.572833
1.572833
1.563935
1.563935
1.564951
1.564951
1.527769
1.527769
1.568352
1.568352
1.573266
1.573266
1.569266
1.569266
1.562016
1.562016
1.562585
1.562585
1.569756
1.569756
1.564761
1.564761
1.571162
1.571162
1.565758
1.565758
1.559988
1.559988
1.575803
1.575803
1.549311
1.549311
1.561709
1.561709
1.564507
1.564507
1.560312
1.560312
1.572057
1.572057
1.574315
1.574315
1.594288
1.594288
1.574870
1.574870
1.552323
1.552323
1.570959
1.570959
1.566277
1.566277
1.568804
1.568804
1.592201
1.592201
1.567268
1.567268
1.576119
1.576119
1.561286
1.561286
1.562440
1.562440
1.562780
1.562780
1.626219
1.626219
1.574741
1.574741
1.570876
1.570876
1.554328
1.554328
1.565284
1.565284
1.568232
1.568232
1.589783
1.589783
1.567776
1.567776
1.566764
1.566764
1.562223
1.562223
1.566410
1.566410
1.570880
1.570880
1.582848
1.582848
1.570789
1.570789
1.560825
1.560825
1.569903
1.569903
1.568148
1.568148
1.564290
1.564290
1.582476
1.582476
1.565638
1.565638
1.565070
1.565070
1.560302
1.560302
1.572509
1.572509
1.574241
1.574241
1.542043
1.542043
1.579704
1.579704
1.570338
1.570338
1.561686
1.561686
1.556766
1.556766
1.566834
1.566834
1.564039
1.564039
1.563830
1.563830
1.561643
1.561643
1.562334
1.562334
1.570448
1.570448
1.570907
1.570907
1.624670
1.624670
1.570227
1.570227
1.564969
1.564969
1.570574
1.570574
1.566505
1.566505
1.564601
1.564601
1.545903
1.545903
1.561144
1.561144
1.557810
1.557810
1.587446
1.587446
1.560689
1.560689
1.564950
1.564950
1.592135
1.592135
1.565698
1.565698
1.561538
1.561538
1.569476
1.569476
1.572258
1.572258
1.565202
1.565202
1.568962
1.568962
1.571268
1.571268
1.565192
1.565192
1.578639
1.578639
1.556598
1.556598
1.562688
1.562688
1.566147
1.566147
1.552813
1.552813
1.567424
1.567424
1.563497
1.563497
1.567303
1.567303
1.584983
1.584983
1.549573
1.549573
1.579786
1.579786
1.565368
1.565368
1.554474
1.554474
1.568306
1.568306
1.565842
1.565842
1.570835
1.570835
1.566206
1.566206
1.569327
1.569327
1.559223
1.559223
1.572386
1.572386
1.565619
1.565619
1.579283
1.579283
1.571197
1.571197
1.567007
1.567007
1.569082
1.569082
1.564018
1.564018
1.559155
1.559155
1.600204
1.600204
1.566535
1.566535
1.561958
1.561958
1.571589
1.571589
1.568108
1.568108
1.566112
1.566112
1.559888
1.559888
1.555282
1.555282
1.569444
1.569444
1.562909
1.562909
1.569386
1.569386
1.572257
1.572257
1.607593
1.607593
1.570190
1.570190
1.557291
1.557291
1.566669
1.566669
1.564905
1.564905
1.577722
1.577722
1.531280
1.531280
1.570874
1.570874
1.574437
1.574437
1.573118
1.573118
1.558629
1.558629
1.558115
1.558115
1.546310
1.546310
1.563648
1.563648
1.563603
1.563603
1.563960
1.563960
1.559415
1.559415
1.579977
1.579977
1.590350
1.590350
1.571004
1.571004
1.575240
1.575240
1.567320
1.567320
1.561890
1.561890
1.557433
1.557433
1.564158
1.564158
1.571971
1.571971
1.576397
1.576397
1.555647
1.555647
1.564082
1.564082
1.562569
1.562569
1.582988
1.582988
1.565594
1.565594
1.567446
1.567446
1.564029
1.564029
1.570385
1.570385
1.565143
1.565143
1.559915
1.559915
1.560922
1.560922
1.559664
1.559664
1.571686
1.571686
1.574533
1.574533
1.562531
1.562531
1.588799
1.588799
1.561030
1.561030
1.565753
1.565753
1.567819
1.567819
1.566555
1.566555
1.573282
1.573282
1.535396
1.535396
1.564448
1.564448
1.553057
1.553057
1.569767
1.569767
1.568226
1.568226
1.572887
1.572887
1.595658
1.595658
1.568062
1.568062
1.558367
1.558367
1.560476
1.560476
1.576650
1.576650
1.562508
1.562508
1.618195
1.618195
1.570684
1.570684
1.563544
1.563544
1.557376
1.557376
1.565055
1.565055
1.572993
1.572993
1.582122
1.582122
1.549751
1.549751
1.566389
1.566389
1.564570
1.564570
1.567357
1.567357
1.583829
1.583829
1.558684
1.558684
1.572685
1.572685
1.559512
1.559512
1.564073
1.564073
1.573217
1.573217
1.559401
1.559401
1.587514
1.587514
1.563201
1.563201
1.564090
1.564090
1.566984
1.566984
1.573138
1.573138
1.566793
1.566793
1.533317
1.533317
1.556923
1.556923
1.561704
1.561704
1.557160
1.557160
1.575037
1.575037
1.578273
1.578273
1.582941
1.582941
1.569695
1.569695
1.574246
1.574246
1.565465
1.565465
1.555002
1.555002
1.566585
1.566585
1.562945
1.562945
1.554963
1.554963
1.568985
1.568985
1.565405
1.565405
1.571372
1.571372
1.568539
1.568539
1.578729
1.578729
1.568145
1.568145
1.564972
1.564972
1.569734
1.569734
1.563158
1.563158
1.566420
1.566420
1.545737
1.545737
1.554397
1.554397
1.564542
1.564542
1.572497
1.572497
1.567649
1.567649
1.573761
1.573761
1.542274
1.542274
1.558456
1.558456
1.563694
1.563694
1.562368
1.562368
1.578277
1.578277
1.568257
1.568257
1.561677
1.561677
1.567023
1.567023
1.561202
1.561202
1.575540
1.575540
1.569012
1.569012
1.559590
1.559590
1.548843
1.548843
1.580779
1.580779
1.566199
1.566199
1.557883
1.557883
1.561696
1.561696
1.564335
1.564335
1.562238
1.562238
1.567455
1.567455
1.562877
1.562877
1.572845
1.572845
1.558617
1.558617
1.566591
1.566591
1.585598
1.585598
1.574467
1.574467
1.567712
1.567712
1.562505
1.562505
1.559443
1.559443
1.563703
1.563703
1.589575
1.589575
1.562026
1.562026
1.565151
1.565151
1.569205
1.569205
1.572602
1.572602
1.564926
1.564926
1.528435
1.528435
1.572143
1.572143
1.574386
1.574386
1.570116
1.570116
1.553251
1.553251
1.559565
1.559565
1.572729
1.572729
1.573182
1.573182
1.567695
1.567695
1.563447
1.563447
1.562948
1.562948
1.562887
1.562887
1.565348
1.565348
1.574436
1.574436
1.562529
1.562529
1.559967
1.559967
1.567172
1.567172
1.564741
1.564741
1.576595
1.576595
1.568412
1.568412
1.555850
1.555850
1.569363
1.569363
1.564914
1.564914
1.571222
1.571222
1.565083
1.565083
1.556312
1.556312
1.564634
1.564634
1.580003
1.580003
1.562591
1.562591
1.564836
1.564836
1.575469
1.575469
1.562762
1.562762
1.572185
1.572185
1.567751
1.567751
1.559542
1.559542
1.566892
1.566892
1.565375
1.565375
1.559910
1.559910
1.562602
1.562602
1.570264
1.570264
1.567485
1.567485
1.568354
1.568354
1.569633
1.569633
1.569042
1.569042
1.569167
1.569167
1.565532
1.565532
1.568868
1.568868
1.557290
1.557290
1.555970
1.555970
1.556781
1.556781
1.569719
1.569719
1.567098
1.567098
1.569301
1.569301
1.564062
1.564062
1.584324
1.584324
1.560416
1.560416
1.565727
1.565727
1.573863
1.573863
1.557657
1.557657
1.569536
1.569536
1.581617
1.581617
1.549967
1.549967
1.572432
1.572432
1.568682
1.568682
1.568723
1.568723
1.570222
1.570222
1.553016
1.553016
1.575604
1.575604
1.575948
1.575948
1.560585
1.560585
1.554452
1.554452
1.563396
1.563396
1.552352
1.552352
1.560877
1.560877
1.570065
1.570065
1.570000
1.570000
1.569213
1.569213
1.561188
1.561188
1.537377
1.537377
1.562307
1.562307
1.579167
1.579167
1.557907
1.557907
1.567931
1.567931
1.561029
1.561029
1.566888
1.566888
1.562443
1.562443
1.554038
1.554038
1.581194
1.581194
1.562560
1.562560
1.569855
1.569855
1.548295
1.548295
1.558442
1.558442
1.556962
1.556962
1.577742
1.577742
1.568060
1.568060
1.567686
1.567686
1.559152
1.559152
1.581356
1.581356
1.581093
1.581093
1.556092
1.556092
1.547315
1.547315
1.562328
1.562328
1.565105
1.565105
1.562460
1.562460
1.565169
1.565169
1.568829
1.568829
1.567959
1.567959
1.565903
1.565903
1.543796
1.543796
1.560418
1.560418
1.558780
1.558780
1.577116
1.577116
1.564024
1.564024
1.569150
1.569150
1.552557
1.552557
1.564931
1.564931
1.565900
1.565900
1.559156
1.559156
1.561822
1.561822
1.572592
1.572592
1.603224
1.603224
1.568796
1.568796
1.561577
1.561577
1.565383
1.565383
1.567425
1.567425
1.565481
1.565481
1.560017
1.560017
1.577625
1.577625
1.572886
1.572886
1.569173
1.569173
1.559335
1.559335
1.553245
1.553245
1.522399
1.522399
1.561843
1.561843
1.561889
1.561889
1.560180
1.560180
1.573378
1.573378
1.573946
1.573946
1.532418
1.532418
1.570072
1.570072
1.558073
1.558073
1.563723
1.563723
1.567914
1.567914
1.567271
1.567271
1.573843
1.573843
1.569340
1.569340
1.562790
1.562790
1.565678
1.565678
1.570223
1.570223
1.563114
1.563114
1.532325
1.532325
1.567340
1.567340
1.570161
1.570161
1.567089
1.567089
1.558100
1.558100
1.565537
1.565537
1.561776
1.561776
1.565956
1.565956
1.564662
1.564662
1.560759
1.560759
1.572897
1.572897
1.564513
1.564513
1.556669
1.556669
1.565391
1.565391
1.561534
1.561534
1.570559
1.570559
1.557193
1.557193
1.572127
1.572127
1.576146
1.576146
1.560594
1.560594
1.564743
1.564743
1.563122
1.563122
1.568441
1.568441
1.569479
1.569479
1.578843
1.578843
1.575271
1.575271
1.561387
1.561387
1.564274
1.564274
1.559473
1.559473
1.570101
1.570101
1.535534
1.535534
1.562703
1.562703
1.562537
1.562537
1.561407
1.561407
1.574628
1.574628
1.567566
1.567566
1.550126
1.550126
1.554545
1.554545
1.578737
1.578737
1.569199
1.569199
1.555137
1.555137
1.566829
1.566829
1.591933
1.591933
1.562850
1.562850
1.558894
1.558894
1.569003
1.569003
1.571173
1.571173
1.564647
1.564647
1.569135
1.569135
1.568775
1.568775
1.565242
1.565242
1.564043
1.564043
1.563188
1.563188
1.565305
1.565305
1.566487
1.566487
1.568434
1.568434
1.560890
1.560890
1.578196
1.578196
1.563413
1.563413
1.557209
1.557209
1.547475
1.547475
1.573397
1.573397
1.570180
1.570180
1.562860
1.562860
1.564146
1.564146
1.559600
1.559600
1.523657
1.523657
1.556672
1.556672
1.561388
1.561388
1.564353
1.564353
1.574695
1.574695
1.565223
1.565223
1.599268
1.599268
1.557482
1.557482
1.567910
1.567910
1.563859
1.563859
1.567350
1.567350
1.567548
1.567548
1.580043
1.580043
1.560761
1.560761
1.576772
1.576772
1.560970
1.560970
1.573904
1.573904
1.554309
1.554309
1.554325
1.554325
1.572912
1.572912
1.555325
1.555325
1.563774
1.563774
1.562861
1.562861
1.567783
1.567783
1.593571
1.593571
1.574488
1.574488
1.556514
1.556514
1.558430
1.558430
1.572621
1.572621
1.563988
1.563988
1.558376
1.558376
1.562580
1.562580
1.565823
1.565823
1.563640
1.563640
1.568822
1.568822
1.565215
1.565215
1.556940
1.556940
1.567461
1.567461
1.564209
1.564209
1.559559
1.559559
1.574175
1.574175
1.557871
1.557871
1.583704
1.583704
1.570320
1.570320
1.553983
1.553983
1.556269
1.556269
1.578295
1.578295
1.567819
1.567819
1.548788
1.548788
1.553615
1.553615
1.568629
1.568629
1.566497
1.566497
1.573221
1.573221
1.564750
1.564750
1.547222
1.547222
1.563966
1.563966
1.568248
1.568248
1.560198
1.560198
1.562164
1.562164
1.563143
1.563143
1.636389
1.636389
1.567038
1.567038
1.563846
1.563846
1.560893
1.560893
1.561807
1.561807
1.572605
1.572605
1.550712
1.550712
1.567926
1.567926
1.566709
1.566709
1.572258
1.572258
1.550236
1.550236
1.567227
1.567227
1.569414
1.569414
1.568040
1.568040
1.557240
1.557240
1.565171
1.565171
1.570667
1.570667
1.562042
1.562042
1.581488
1.581488
1.569482
1.569482
1.561968
1.561968
1.566910
1.566910
1.558557
1.558557
1.568206
1.568206
1.560959
1.560959
1.553294
1.553294
1.568152
1.568152
1.561493
1.561493
1.570475
1.570475
1.566401
1.566401
1.613320
1.613320
1.551379
1.551379
1.572572
1.572572
1.567579
1.567579
1.567797
1.567797
1.565877
1.565877
1.558308
1.558308
1.576328
1.576328
1.553894
1.553894
1.560693
1.560693
1.562390
1.562390
1.566386
1.566386
1.611922
1.611922
1.559020
1.559020
1.568891
1.568891
1.558147
1.558147
1.574121
1.574121
1.563522
1.563522
1.570806
1.570806
1.567040
1.567040
1.573227
1.573227
1.555705
1.555705
1.565127
1.565127
1.562855
1.562855
1.566977
1.566977
1.558498
1.558498
1.555561
1.555561
1.570471
1.570471
1.564886
1.564886
1.575089
1.575089
1.557744
1.557744
1.567402
1.567402
1.574063
1.574063
1.569098
1.569098
1.561938
1.561938
1.553039
1.553039
1.544197
1.544197
1.559373
1.559373
1.569278
1.569278
1.556528
1.556528
1.572181
1.572181
1.563764
1.563764
1.587192
1.587192
1.557268
1.557268
1.563917
1.563917
1.563507
1.563507
1.569779
1.569779
1.571425
1.571425
1.539381
1.539381
1.556158
1.556158
1.569374
1.569374
1.567876
1.567876
1.557598
1.557598
1.570963
1.570963
1.578410
1.578410
1.562865
1.562865
1.575924
1.575924
1.563960
1.563960
1.553270
1.553270
1.564188
1.564188
1.594405
1.594405
1.552001
1.552001
1.567843
1.567843
1.564605
1.564605
1.573076
1.573076
1.566704
1.566704
1.552678
1.552678
1.568109
1.568109
1.551626
1.551626
1.569120
1.569120
1.564055
1.564055
1.570307
1.570307
1.561322
1.561322
1.574366
1.574366
1.563692
1.563692
1.564334
1.564334
1.561147
1.561147
1.558097
1.558097
1.575089
1.575089
1.572412
1.572412
1.565664
1.565664
1.567169
1.567169
1.559627
1.559627
1.554899
1.554899
1.592521
1.592521
1.573940
1.573940
1.573988
1.573988
1.560565
1.560565
1.552697
1.552697
1.560642
1.560642
1.571200
1.571200
1.568434
1.568434
1.557291
1.557291
1.551288
1.551288
1.579369
1.579369
1.565527
1.565527
1.568632
1.568632
1.568016
1.568016
1.572402
1.572402
1.568223
1.568223
1.563480
1.563480
1.550923
1.550923
1.555686
1.555686
1.560361
1.560361
1.557594
1.557594
1.572562
1.572562
1.566039
1.566039
1.568340
1.568340
1.537595
1.537595
1.560367
1.560367
1.556118
1.556118
1.566314
1.566314
1.567637
1.567637
1.573279
1.573279
1.550164
1.550164
1.573385
1.573385
1.558097
1.558097
1.560304
1.560304
1.569995
1.569995
1.559020
1.559020
1.579850
1.579850
1.559284
1.559284
1.556742
1.556742
1.571199
1.571199
1.568009
1.568009
1.565866
1.565866
1.577339
1.577339
1.555892
1.555892
1.567174
1.567174
1.564891
1.564891
1.569306
1.569306
1.565479
1.565479
1.561977
1.561977
1.571373
1.571373
1.562488
1.562488
1.558325
1.558325
1.570638
1.570638
1.560801
1.560801
1.553938
1.553938
1.564523
1.564523
1.569219
1.569219
1.567424
1.567424
1.574539
1.574539
1.546830
1.546830
1.563798
1.563798
1.559663
1.559663
1.558680
1.558680
1.563315
1.563315
1.565925
1.565925
1.574196
1.574196
1.569011
1.569011
1.546517
1.546517
1.576913
1.576913
1.567960
1.567960
1.568420
1.568420
1.560689
1.560689
1.580424
1.580424
1.563381
1.563381
1.565426
1.565426
1.564522
1.564522
1.562932
1.562932
1.567281
1.567281
1.548737
1.548737
1.562245
1.562245
1.564194
1.564194
1.554078
1.554078
1.579371
1.579371
1.560831
1.560831
1.575658
1.575658
1.563640
1.563640
1.560671
1.560671
1.559337
1.559337
1.567704
1.567704
1.572563
1.572563
1.542928
1.542928
1.569778
1.569778
1.555211
1.555211
1.568969
1.568969
1.570316
1.570316
1.559150
1.559150
1.547720
1.547720
1.566558
1.566558
1.562451
1.562451
1.561370
1.561370
1.565634
1.565634
1.564364
1.564364
1.577875
1.577875
1.563609
1.563609
1.571373
1.571373
1.562140
1.562140
1.563289
1.563289
1.567238
1.567238
1.502809
1.502809
1.564506
1.564506
1.562725
1.562725
1.558491
1.558491
1.565325
1.565325
1.571611
1.571611
1.549974
1.549974
1.571371
1.571371
1.565732
1.565732
1.564466
1.564466
1.559078
1.559078
1.557827
1.557827
1.589134
1.589134
1.575758
1.575758
1.563940
1.563940
1.570031
1.570031
1.554288
1.554288
1.555445
1.555445
1.577362
1.577362
1.564041
1.564041
1.567184
1.567184
1.560122
1.560122
1.564699
1.564699
1.565429
1.565429
1.555001
1.555001
1.566299
1.566299
1.557998
1.557998
1.566248
1.566248
1.563834
1.563834
1.567035
1.567035
1.553697
1.553697
1.573469
1.573469
1.561984
1.561984
1.560075
1.560075
1.553945
1.553945
1.567553
1.567553
1.596520
1.596520
1.566464
1.566464
1.570434
1.570434
1.560231
1.560231
1.559520
1.559520
1.566628
1.566628
1.532681
1.532681
1.569486
1.569486
1.564099
1.564099
1.562873
1.562873
1.565434
1.565434
1.560657
1.560657
1.538768
1.538768
1.570886
1.570886
1.571315
1.571315
1.555801
1.555801
1.559585
1.559585
1.561323
1.561323
1.576271
1.576271
1.573933
1.573933
1.557203
1.557203
1.557060
1.557060
1.572834
1.572834
1.561135
1.561135
1.544183
1.544183
1.566536
1.566536
1.575703
1.575703
1.561739
1.561739
1.568579
1.568579
1.551139
1.551139
1.528156
1.528156
1.566277
1.566277
1.548142
1.548142
1.575174
1.575174
1.556917
1.556917
1.568863
1.568863
1.610658
1.610658
1.561710
1.561710
1.561426
1.561426
1.575094
1.575094
1.554503
1.554503
1.568141
1.568141
1.554098
1.554098
1.561829
1.561829
1.566533
1.566533
1.565023
1.565023
1.554193
1.554193
1.571136
1.571136
1.574836
1.574836
1.562488
1.562488
1.574267
1.574267
1.556553
1.556553
1.561988
1.561988
1.563550
1.563550
1.573376
1.573376
1.564949
1.564949
1.561141
1.561141
1.562575
1.562575
1.561854
1.561854
1.569389
1.569389
1.561270
1.561270
1.568844
1.568844
1.566447
1.566447
1.557298
1.557298
1.570669
1.570669
1.557999
1.557999
1.546687
1.546687
1.572043
1.572043
1.560067
1.560067
1.576417
1.576417
1.558278
1.558278
1.555157
1.555157
1.537048
1.537048
1.566068
1.566068
1.569849
1.569849
1.561621
1.561621
1.574560
1.574560
1.550642
1.550642
1.526464
1.526464
1.569477
1.569477
1.567528
1.567528
1.572692
1.572692
1.545471
1.545471
1.563768
1.563768
1.563106
1.563106
1.555552
1.555552
1.572167
1.572167
1.554198
1.554198
1.563639
1.563639
1.574740
1.574740
1.547557
1.547557
1.559395
1.559395
1.571723
1.571723
1.565389
1.565389
1.554713
1.554713
1.566314
1.566314
1.573819
1.573819
1.573208
1.573208
1.569885
1.569885
1.560451
1.560451
1.553732
1.553732
1.563059
1.563059
1.545481
1.545481
1.558125
1.558125
1.563747
1.563747
1.556630
1.556630
1.562447
1.562447
1.573567
1.573567
1.602629
1.602629
1.570296
1.570296
1.563360
1.563360
1.561823
1.561823
1.570340
1.570340
1.554885
1.554885
1.539604
1.539604
1.557489
1.557489
1.569192
1.569192
1.562889
1.562889
1.577735
1.577735
1.551688
1.551688
1.556518
1.556518
1.561252
1.561252
1.563012
1.563012
