2.6732
3.3247
3.7799
2.6435
2.9358
3.1427
2.6191
2.2654
2.1829
2.2204
2.1123
2.3737
1.9768
2.1422
2.0037
2.3773
1.8439
1.6996
1.8084
1.9025
1.6694
1.4315
1.5100
1.5848
1.8774
1.9024
1.4074
1.7987
1.2680
1.3424
1.7724
1.4772
1.4007
2.5774
1.3054
1.5079
1.3207
1.3429
1.5005
1.3599
1.5851
1.9181
1.2131
1.3269
1.7231
1.6103
1.1613
1.4580
1.3878
1.9112
1.2922
1.4199
1.1806
1.2211
0.9257
1.1884
1.2469
1.2253
1.6389
1.3869
1.3600
2.0453
1.1170
1.6415
1.1588
0.9954
1.3591
1.4390
1.2441
1.0090
1.7308
1.4085
1.0246
1.6541
1.0153
