1.5022
1.8902
2.2126
1.8056
1.7019
1.9563
1.7555
1.9695
1.9342
1.6775
2.2592
1.6302
2.1460
1.7017
1.9069
2.4568
2.2382
2.2429
2.0288
2.6833
3.6975
4.4207
2.5473
1.3902
1.4860
1.9267
1.7186
1.8889
1.6801
1.7916
2.0720
2.2546
3.9909
5.1659
5.8190
1.8801
1.8533
1.6552
1.6461
1.8564
1.8926
1.9766
1.7279
1.8083
1.8697
2.3521
1.8863
2.5920
2.5012
6.2302
2.3940
1.3915
1.8158
1.5275
2.1782
1.9976
1.4586
1.8420
2.5138
2.1481
5.9630
6.1078
2.6970
2.0198
1.4534
1.9031
1.7915
1.8889
1.6802
1.6224
1.9638
2.2226
2.1465
1.7124
1.8348
1.7752
1.8195
2.0756
1.7896
7.1032
6.4475
3.3018
2.2841
1.8763
2.0993
1.6620
2.6561
1.8141
2.2271
2.5608
2.0200
1.9308
3.1857
2.8190
2.8286
2.4851
1.9502
2.7357
1.9916
2.4715
