0.4908
0.5263
0.4301
0.4275
0.3468
0.4144
0.3588
0.3518
0.4238
0.3982
0.3436
0.3452
0.3898
0.3710
0.3795
0.3735
0.3044
0.3626
0.3714
0.3657
0.3107
0.3507
0.3145
0.4008
0.3839
0.4041
0.3354
0.3005
0.3349
0.3701
0.3284
0.3225
0.3711
0.2927
0.2924
0.3369
0.3260
0.3288
0.3692
0.3309
0.3650
0.3271
0.3274
0.3377
0.3615
0.3531
0.4008
0.3436
0.3101
0.3749
0.2953
0.3015
0.2747
0.3357
0.3286
0.3694
0.3603
0.3617
0.3327
0.3163
0.3178
0.2973
0.3526
0.3574
0.3178
0.3247
0.3108
0.3135
0.3165
0.3319
0.3524
0.3014
0.2936
0.3164
0.2760
