1.0067
1.7355
1.6518
1.5479
1.1877
1.1710
0.9142
1.2145
1.0654
0.8427
0.9448
1.0843
1.0683
0.7698
1.0067
1.0116
0.9256
1.2643
0.8367
0.9615
1.4013
1.0157
1.0605
0.8428
0.6131
0.7277
0.7257
0.7929
1.0577
0.9055
0.8329
0.6555
0.8650
0.8749
0.7429
0.6344
0.8645
0.7713
0.7258
0.9376
0.7170
0.8824
1.0331
0.6915
0.6604
0.6743
0.7284
0.6962
0.8103
0.6010
0.7430
0.9012
0.5113
0.7229
0.9008
0.6201
0.6144
0.7148
0.6278
0.6875
0.6885
0.6157
0.5970
0.6392
0.6823
0.7975
0.6379
0.7050
0.5453
0.6938
0.6927
0.7343
0.6288
0.6764
0.6554
