1.9533
1.7619
1.7867
1.0649
1.0530
1.5114
1.6035
1.8859
1.5752
1.7967
1.5127
1.7944
1.3786
1.7221
2.3415
1.6897
2.9927
2.4255
2.9698
2.0760
2.5584
2.1351
2.6848
3.2474
3.3430
3.2393
3.1459
3.5507
2.7953
3.7561
3.1797
3.0611
3.1156
3.4668
3.4622
3.3572
2.4617
2.7576
3.6697
3.4240
3.6998
3.6206
3.2988
3.0920
2.9809
2.7529
3.5026
2.9896
2.6299
3.0922
3.2363
2.9291
3.5104
3.6312
3.0960
3.2951
2.8179
3.1466
3.1962
3.0520
2.9381
3.9117
2.9228
3.5485
3.1678
3.7134
3.1272
3.2185
3.2642
2.5139
2.6392
2.8087
3.0621
2.7440
2.6937
