2.301405
2.301405
2.302464
2.302464
2.303902
2.303902
2.303992
2.303992
2.304442
2.304442
2.303877
2.303877
2.303780
2.303780
2.297788
2.297788
2.298178
2.298178
2.303013
2.303013
2.301092
2.301092
2.296963
2.296963
2.297648
2.297648
2.297995
2.297995
2.295678
2.295678
2.296775
2.296775
2.296107
2.296107
2.292155
2.292155
2.289031
2.289031
2.294904
2.294904
2.293966
2.293966
2.288849
2.288849
2.289498
2.289498
2.285541
2.285541
2.285066
2.285066
2.283638
2.283638
2.285024
2.285024
2.287477
2.287477
2.280812
2.280812
2.276776
2.276776
2.282985
2.282985
2.280580
2.280580
2.279113
2.279113
2.268632
2.268632
2.269726
2.269726
2.274287
2.274287
2.270767
2.270767
2.266106
2.266106
2.267704
2.267704
2.267459
2.267459
2.263628
2.263628
2.260482
2.260482
2.262798
2.262798
2.262569
2.262569
2.255790
2.255790
2.254166
2.254166
2.251554
2.251554
2.252010
2.252010
2.253229
2.253229
2.250103
2.250103
2.246878
2.246878
2.244039
2.244039
2.238273
2.238273
2.239562
2.239562
2.242818
2.242818
2.232232
2.232232
2.236619
2.236619
2.225960
2.225960
2.234133
2.234133
2.227515
2.227515
2.217016
2.217016
2.216950
2.216950
2.224628
2.224628
2.221076
2.221076
2.220716
2.220716
2.210255
2.210255
2.216408
2.216408
2.204200
2.204200
2.203469
2.203469
2.205932
2.205932
2.185677
2.185677
2.202320
2.202320
2.206070
2.206070
2.195507
2.195507
2.195410
2.195410
2.190978
2.190978
2.194866
2.194866
2.185599
2.185599
2.176229
2.176229
2.180960
2.180960
2.185087
2.185087
2.179797
2.179797
2.169987
2.169987
2.170334
2.170334
2.171781
2.171781
2.179182
2.179182
2.181211
2.181211
2.159245
2.159245
2.144590
2.144590
2.161516
2.161516
2.155584
2.155584
2.162876
2.162876
2.160376
2.160376
2.156881
2.156881
2.137675
2.137675
2.152881
2.152881
2.148430
2.148430
2.150289
2.150289
2.134779
2.134779
2.139925
2.139925
2.133555
2.133555
2.138753
2.138753
2.138312
2.138312
2.126721
2.126721
2.142209
2.142209
2.122818
2.122818
2.131952
2.131952
2.115172
2.115172
2.130429
2.130429
2.129698
2.129698
2.127613
2.127613
2.115200
2.115200
2.116269
2.116269
2.110044
2.110044
2.108738
2.108738
2.107009
2.107009
2.113112
2.113112
2.104125
2.104125
2.104280
2.104280
2.100774
2.100774
2.090748
2.090748
2.096247
2.096247
2.093249
2.093249
2.095343
2.095343
2.107301
2.107301
2.082866
2.082866
2.087544
2.087544
2.090488
2.090488
2.091052
2.091052
2.076176
2.076176
2.071491
2.071491
2.087980
2.087980
2.078349
2.078349
2.078221
2.078221
2.060661
2.060661
2.066004
2.066004
2.083129
2.083129
2.059854
2.059854
2.063982
2.063982
2.052603
2.052603
2.067873
2.067873
2.059280
2.059280
2.044290
2.044290
2.042904
2.042904
2.063032
2.063032
2.054054
2.054054
2.046962
2.046962
2.035733
2.035733
2.039491
2.039491
2.046950
2.046950
2.031189
2.031189
2.026174
2.026174
2.043069
2.043069
2.042324
2.042324
2.024883
2.024883
2.040149
2.040149
2.019849
2.019849
2.015626
2.015626
2.017631
2.017631
2.022382
2.022382
2.022031
2.022031
2.010138
2.010138
2.014054
2.014054
2.012630
2.012630
2.000051
2.000051
2.019104
2.019104
2.002153
2.002153
2.004515
2.004515
1.997822
1.997822
1.980400
1.980400
2.007700
2.007700
1.993012
1.993012
1.985976
1.985976
1.990441
1.990441
1.975744
1.975744
1.976954
1.976954
1.989179
1.989179
1.988500
1.988500
1.973475
1.973475
1.976353
1.976353
1.976683
1.976683
1.986386
1.986386
1.975802
1.975802
1.962450
1.962450
1.950344
1.950344
1.978851
1.978851
1.975919
1.975919
1.958832
1.958832
1.943385
1.943385
1.950602
1.950602
1.961116
1.961116
1.946395
1.946395
1.967864
1.967864
1.952771
1.952771
1.932867
1.932867
1.936865
1.936865
1.954565
1.954565
1.948089
1.948089
1.935942
1.935942
1.948482
1.948482
1.928699
1.928699
1.953374
1.953374
1.936067
1.936067
1.936859
1.936859
1.924849
1.924849
1.926305
1.926305
1.923922
1.923922
1.933830
1.933830
1.926465
1.926465
1.931893
1.931893
1.914614
1.914614
1.916280
1.916280
1.924602
1.924602
1.923437
1.923437
1.923649
1.923649
1.891274
1.891274
1.923086
1.923086
1.914508
1.914508
1.910813
1.910813
1.924761
1.924761
1.909195
1.909195
1.911874
1.911874
1.906133
1.906133
1.890805
1.890805
1.903675
1.903675
1.883035
1.883035
1.909323
1.909323
1.889183
1.889183
1.897839
1.897839
1.904295
1.904295
1.893093
1.893093
1.894947
1.894947
1.883585
1.883585
1.887180
1.887180
1.882705
1.882705
1.884766
1.884766
1.868903
1.868903
1.893890
1.893890
1.881212
1.881212
1.873731
1.873731
1.873965
1.873965
1.867286
1.867286
1.883852
1.883852
1.871223
1.871223
1.871052
1.871052
1.886419
1.886419
1.865298
1.865298
1.864039
1.864039
1.862552
1.862552
1.853329
1.853329
1.872739
1.872739
1.850411
1.850411
1.861846
1.861846
1.857014
1.857014
1.861446
1.861446
1.852454
1.852454
1.857822
1.857822
1.854452
1.854452
1.864055
1.864055
1.843274
1.843274
1.863485
1.863485
1.848764
1.848764
1.856144
1.856144
1.845133
1.845133
1.831393
1.831393
1.869128
1.869128
1.840377
1.840377
1.832089
1.832089
1.842940
1.842940
1.838175
1.838175
1.834629
1.834629
1.834948
1.834948
1.849972
1.849972
1.843436
1.843436
1.838135
1.838135
1.830069
1.830069
1.841886
1.841886
1.830324
1.830324
1.835355
1.835355
1.843933
1.843933
1.854846
1.854846
1.837995
1.837995
1.834298
1.834298
1.807705
1.807705
1.823414
1.823414
1.812135
1.812135
1.826080
1.826080
1.835483
1.835483
1.833555
1.833555
1.834779
1.834779
1.825915
1.825915
1.803626
1.803626
1.840647
1.840647
1.820404
1.820404
1.833830
1.833830
1.831027
1.831027
1.802718
1.802718
1.817316
1.817316
1.828678
1.828678
1.826564
1.826564
1.824257
1.824257
1.813419
1.813419
1.833036
1.833036
1.804474
1.804474
1.812245
1.812245
1.815180
1.815180
1.814342
1.814342
1.800812
1.800812
1.815219
1.815219
1.830252
1.830252
1.821336
1.821336
1.794224
1.794224
1.813923
1.813923
1.826519
1.826519
1.798927
1.798927
1.808862
1.808862
1.816739
1.816739
1.815442
1.815442
1.808327
1.808327
1.789606
1.789606
1.813524
1.813524
1.810643
1.810643
1.806845
1.806845
1.793577
1.793577
1.803658
1.803658
1.808697
1.808697
1.808834
1.808834
1.793633
1.793633
1.801889
1.801889
1.801702
1.801702
1.803672
1.803672
1.809824
1.809824
1.797006
1.797006
1.787460
1.787460
1.804843
1.804843
1.810852
1.810852
1.803513
1.803513
1.776106
1.776106
1.796267
1.796267
1.803592
1.803592
1.794805
1.794805
1.799206
1.799206
1.800435
1.800435
1.786223
1.786223
1.796348
1.796348
1.794123
1.794123
1.797248
1.797248
1.791854
1.791854
1.790860
1.790860
1.790144
1.790144
1.794544
1.794544
1.783530
1.783530
1.795609
1.795609
1.790340
1.790340
1.788862
1.788862
1.790357
1.790357
1.782262
1.782262
1.785588
1.785588
1.790602
1.790602
1.794208
1.794208
1.769833
1.769833
1.794544
1.794544
1.788513
1.788513
1.788444
1.788444
1.790343
1.790343
1.773510
1.773510
1.799903
1.799903
1.783684
1.783684
1.799397
1.799397
1.758435
1.758435
1.773469
1.773469
1.791211
1.791211
1.786522
1.786522
1.778761
1.778761
1.778998
1.778998
1.774428
1.774428
1.784291
1.784291
1.773659
1.773659
1.783541
1.783541
1.784201
1.784201
1.780162
1.780162
1.780840
1.780840
1.781597
1.781597
1.772703
1.772703
1.772969
1.772969
1.770640
1.770640
1.798633
1.798633
1.771821
1.771821
1.768907
1.768907
1.767597
1.767597
1.774139
1.774139
1.769785
1.769785
1.789803
1.789803
1.764782
1.764782
1.770239
1.770239
1.778593
1.778593
1.774415
1.774415
1.767688
1.767688
1.763678
1.763678
1.776309
1.776309
1.765330
1.765330
1.776235
1.776235
1.769556
1.769556
1.769937
1.769937
1.769008
1.769008
1.775491
1.775491
1.776189
1.776189
1.754021
1.754021
1.773500
1.773500
1.760128
1.760128
1.764847
1.764847
1.767563
1.767563
1.770564
1.770564
1.768389
1.768389
1.758678
1.758678
1.776081
1.776081
1.758697
1.758697
1.759434
1.759434
1.767681
1.767681
1.759547
1.759547
1.752810
1.752810
1.765781
1.765781
1.777601
1.777601
1.762693
1.762693
1.752295
1.752295
1.767255
1.767255
1.773599
1.773599
1.754472
1.754472
1.751583
1.751583
1.756599
1.756599
1.747429
1.747429
1.763396
1.763396
1.750515
1.750515
1.768942
1.768942
1.766355
1.766355
1.759004
1.759004
1.768530
1.768530
1.750404
1.750404
1.747349
1.747349
1.762022
1.762022
1.754455
1.754455
1.743021
1.743021
1.763844
1.763844
1.760346
1.760346
1.755959
1.755959
1.752959
1.752959
1.761101
1.761101
1.754084
1.754084
1.751819
1.751819
1.747446
1.747446
1.756456
1.756456
1.759170
1.759170
1.757023
1.757023
1.739116
1.739116
1.747476
1.747476
1.740827
1.740827
1.738882
1.738882
1.755021
1.755021
1.754023
1.754023
1.765800
1.765800
1.745147
1.745147
1.761769
1.761769
1.756613
1.756613
1.739888
1.739888
1.737453
1.737453
1.750810
1.750810
1.754206
1.754206
1.737813
1.737813
1.742564
1.742564
1.749750
1.749750
1.747672
1.747672
1.749804
1.749804
1.741274
1.741274
1.746399
1.746399
1.740305
1.740305
1.752019
1.752019
1.750384
1.750384
1.736614
1.736614
1.741868
1.741868
1.735742
1.735742
1.744416
1.744416
1.735470
1.735470
1.744986
1.744986
1.740614
1.740614
1.745618
1.745618
1.728033
1.728033
1.752708
1.752708
1.737060
1.737060
1.750572
1.750572
1.732693
1.732693
1.733040
1.733040
1.749039
1.749039
1.743176
1.743176
1.738805
1.738805
1.729135
1.729135
1.711253
1.711253
1.758587
1.758587
1.737613
1.737613
1.738916
1.738916
1.742018
1.742018
1.742975
1.742975
1.738685
1.738685
1.737574
1.737574
1.726470
1.726470
1.734200
1.734200
1.739247
1.739247
1.721460
1.721460
1.740106
1.740106
1.731891
1.731891
1.741691
1.741691
1.722884
1.722884
1.750914
1.750914
1.729996
1.729996
1.733497
1.733497
1.727704
1.727704
1.723558
1.723558
1.743807
1.743807
1.725643
1.725643
1.740505
1.740505
1.724118
1.724118
1.729558
1.729558
1.740251
1.740251
1.738399
1.738399
1.725621
1.725621
1.715670
1.715670
1.722616
1.722616
1.720961
1.720961
1.721534
1.721534
1.740373
1.740373
1.743141
1.743141
1.723555
1.723555
1.731209
1.731209
1.733587
1.733587
1.721716
1.721716
1.729709
1.729709
1.753174
1.753174
1.714638
1.714638
1.716524
1.716524
1.718756
1.718756
1.730695
1.730695
1.736177
1.736177
1.719314
1.719314
1.724760
1.724760
1.732901
1.732901
1.710657
1.710657
1.728061
1.728061
1.725280
1.725280
1.734449
1.734449
1.714564
1.714564
1.716777
1.716777
1.737164
1.737164
1.718107
1.718107
1.720082
1.720082
1.728038
1.728038
1.708217
1.708217
1.725394
1.725394
1.708688
1.708688
1.740014
1.740014
1.713354
1.713354
1.721122
1.721122
1.716334
1.716334
1.725100
1.725100
1.725475
1.725475
1.717950
1.717950
1.717424
1.717424
1.707894
1.707894
1.732779
1.732779
1.724940
1.724940
1.723347
1.723347
1.705403
1.705403
1.725548
1.725548
1.710000
1.710000
1.717300
1.717300
1.716953
1.716953
1.722631
1.722631
1.699195
1.699195
1.711859
1.711859
1.726125
1.726125
1.730053
1.730053
1.719180
1.719180
1.716631
1.716631
1.714137
1.714137
1.709390
1.709390
1.723313
1.723313
1.717391
1.717391
1.706544
1.706544
1.710655
1.710655
1.720145
1.720145
1.719638
1.719638
1.719089
1.719089
1.729891
1.729891
1.699502
1.699502
1.707460
1.707460
1.713994
1.713994
1.720540
1.720540
1.716096
1.716096
1.722460
1.722460
1.713945
1.713945
1.705665
1.705665
1.705111
1.705111
1.717430
1.717430
1.726221
1.726221
1.700900
1.700900
1.718092
1.718092
1.693434
1.693434
1.708551
1.708551
1.703647
1.703647
1.716133
1.716133
1.690662
1.690662
1.741938
1.741938
1.720797
1.720797
1.705936
1.705936
1.722818
1.722818
1.703540
1.703540
1.693414
1.693414
1.707865
1.707865
1.708136
1.708136
1.714665
1.714665
1.712901
1.712901
1.699439
1.699439
1.729915
1.729915
1.701184
1.701184
1.707664
1.707664
1.700315
1.700315
1.699411
1.699411
1.707222
1.707222
1.713766
1.713766
1.712995
1.712995
1.694830
1.694830
1.706616
1.706616
1.698488
1.698488
1.713066
1.713066
1.713810
1.713810
1.704500
1.704500
1.699609
1.699609
1.698752
1.698752
1.703409
1.703409
1.727850
1.727850
1.702459
1.702459
1.690929
1.690929
1.710188
1.710188
1.710305
1.710305
1.707747
1.707747
1.692255
1.692255
1.700494
1.700494
1.698271
1.698271
1.701081
1.701081
1.704269
1.704269
1.702174
1.702174
1.713580
1.713580
1.705260
1.705260
1.711606
1.711606
1.696668
1.696668
1.686556
1.686556
1.715480
1.715480
1.702608
1.702608
1.701447
1.701447
1.697969
1.697969
1.706163
1.706163
1.700231
1.700231
1.696203
1.696203
1.709975
1.709975
1.698054
1.698054
1.694941
1.694941
1.706462
1.706462
1.707480
1.707480
1.686521
1.686521
1.702668
1.702668
1.696575
1.696575
1.708808
1.708808
1.687649
1.687649
1.693423
1.693423
1.686577
1.686577
1.718903
1.718903
1.712290
1.712290
1.690845
1.690845
1.685850
1.685850
1.713254
1.713254
1.703851
1.703851
1.698400
1.698400
1.688391
1.688391
1.707565
1.707565
1.693798
1.693798
1.697995
1.697995
1.701111
1.701111
1.695864
1.695864
1.698798
1.698798
1.701602
1.701602
1.692879
1.692879
1.694727
1.694727
1.703661
1.703661
1.690755
1.690755
1.691255
1.691255
1.700361
1.700361
1.693965
1.693965
1.691475
1.691475
1.707149
1.707149
1.687844
1.687844
1.689355
1.689355
1.702172
1.702172
1.688754
1.688754
1.707789
1.707789
1.687391
1.687391
1.696855
1.696855
1.691381
1.691381
1.680570
1.680570
1.694792
1.694792
1.705753
1.705753
1.698423
1.698423
1.688541
1.688541
1.694892
1.694892
1.687370
1.687370
1.684437
1.684437
1.702366
1.702366
1.697274
1.697274
1.689052
1.689052
1.693524
1.693524
1.693720
1.693720
1.697239
1.697239
1.687341
1.687341
1.684809
1.684809
1.701070
1.701070
1.696074
1.696074
1.687196
1.687196
1.688543
1.688543
1.701160
1.701160
1.693071
1.693071
1.689504
1.689504
1.679411
1.679411
1.691807
1.691807
1.678392
1.678392
1.680709
1.680709
1.700323
1.700323
1.691779
1.691779
1.702586
1.702586
1.699503
1.699503
1.686605
1.686605
1.689792
1.689792
1.677524
1.677524
1.695738
1.695738
1.701116
1.701116
1.693380
1.693380
1.676308
1.676308
1.683119
1.683119
1.691070
1.691070
1.694817
1.694817
1.692602
1.692602
1.694145
1.694145
1.680489
1.680489
1.676965
1.676965
1.684514
1.684514
1.684038
1.684038
1.689845
1.689845
1.681141
1.681141
1.701148
1.701148
1.682089
1.682089
1.690457
1.690457
1.682003
1.682003
1.697660
1.697660
1.681452
1.681452
1.675514
1.675514
1.684322
1.684322
1.696220
1.696220
1.680909
1.680909
1.696668
1.696668
1.683276
1.683276
1.690814
1.690814
1.677328
1.677328
1.691004
1.691004
1.686088
1.686088
1.681372
1.681372
1.694631
1.694631
1.678669
1.678669
1.679836
1.679836
1.692279
1.692279
1.682785
1.682785
1.676041
1.676041
1.686850
1.686850
1.696020
1.696020
1.679591
1.679591
1.681035
1.681035
1.694515
1.694515
1.686962
1.686962
1.671089
1.671089
1.686081
1.686081
1.681827
1.681827
1.676846
1.676846
1.683123
1.683123
1.681065
1.681065
1.695880
1.695880
1.692124
1.692124
1.672790
1.672790
1.671210
1.671210
1.697263
1.697263
1.679235
1.679235
1.685087
1.685087
1.696328
1.696328
1.671194
1.671194
1.690473
1.690473
1.663596
1.663596
1.676571
1.676571
1.684641
1.684641
1.681941
1.681941
1.687443
1.687443
1.675728
1.675728
1.682450
1.682450
1.674193
1.674193
1.685240
1.685240
1.684272
1.684272
1.677879
1.677879
1.691078
1.691078
1.670832
1.670832
1.680187
1.680187
1.672678
1.672678
1.688763
1.688763
1.677441
1.677441
1.688741
1.688741
1.664299
1.664299
1.699329
1.699329
1.666669
1.666669
1.679239
1.679239
1.676782
1.676782
1.679113
1.679113
1.677992
1.677992
1.684192
1.684192
1.681590
1.681590
1.679119
1.679119
1.663732
1.663732
1.685446
1.685446
1.685061
1.685061
1.679611
1.679611
1.669372
1.669372
1.676424
1.676424
1.680347
1.680347
1.687046
1.687046
1.655414
1.655414
1.676179
1.676179
1.676998
1.676998
1.694889
1.694889
1.686700
1.686700
1.675122
1.675122
1.670201
1.670201
1.678713
1.678713
1.673185
1.673185
1.691455
1.691455
1.667019
1.667019
1.682716
1.682716
1.670586
1.670586
1.683975
1.683975
1.679517
1.679517
1.675431
1.675431
1.683577
1.683577
1.662098
1.662098
1.679939
1.679939
1.680529
1.680529
1.666109
1.666109
1.685243
1.685243
1.652035
1.652035
1.688316
1.688316
1.689139
1.689139
1.678644
1.678644
1.674121
1.674121
1.669525
1.669525
1.679090
1.679090
1.674153
1.674153
1.667311
1.667311
1.671648
1.671648
1.688645
1.688645
1.667441
1.667441
1.679098
1.679098
1.663116
1.663116
1.691939
1.691939
1.674241
1.674241
1.669158
1.669158
1.671923
1.671923
1.673926
1.673926
1.675627
1.675627
1.665851
1.665851
1.680022
1.680022
1.672834
1.672834
1.656686
1.656686
1.670138
1.670138
1.671267
1.671267
1.680686
1.680686
1.690834
1.690834
1.679694
1.679694
1.665582
1.665582
1.667485
1.667485
1.672449
1.672449
1.680021
1.680021
1.682973
1.682973
1.674604
1.674604
1.659459
1.659459
1.668813
1.668813
1.676441
1.676441
1.674957
1.674957
1.666544
1.666544
1.656295
1.656295
1.683942
1.683942
1.678782
1.678782
1.667640
1.667640
1.679570
1.679570
1.667866
1.667866
1.669353
1.669353
1.672706
1.672706
1.678267
1.678267
1.675852
1.675852
1.670027
1.670027
1.668916
1.668916
1.659308
1.659308
1.671763
1.671763
1.677530
1.677530
1.664586
1.664586
1.667681
1.667681
1.670983
1.670983
1.668405
1.668405
1.668382
1.668382
1.672298
1.672298
1.673824
1.673824
1.666720
1.666720
1.667995
1.667995
1.680604
1.680604
1.661217
1.661217
1.677966
1.677966
1.657997
1.657997
1.682306
1.682306
1.668872
1.668872
1.663589
1.663589
1.666504
1.666504
1.663539
1.663539
1.663379
1.663379
1.670415
1.670415
1.673769
1.673769
1.669996
1.669996
1.665684
1.665684
1.664416
1.664416
1.664858
1.664858
1.660723
1.660723
1.671748
1.671748
1.682950
1.682950
1.658072
1.658072
1.667902
1.667902
1.673208
1.673208
1.672085
1.672085
1.668535
1.668535
1.674966
1.674966
1.677792
1.677792
1.660490
1.660490
1.663934
1.663934
1.658695
1.658695
1.658918
1.658918
1.669277
1.669277
1.666924
1.666924
1.669266
1.669266
1.672286
1.672286
1.670233
1.670233
1.658427
1.658427
1.662525
1.662525
1.682046
1.682046
1.658814
1.658814
1.662563
1.662563
1.674097
1.674097
1.657233
1.657233
1.669041
1.669041
1.669308
1.669308
1.666753
1.666753
1.660960
1.660960
1.673035
1.673035
1.663020
1.663020
1.665933
1.665933
1.648901
1.648901
1.668218
1.668218
1.683901
1.683901
1.657949
1.657949
1.669580
1.669580
1.671614
1.671614
1.661628
1.661628
1.656529
1.656529
1.668727
1.668727
1.667850
1.667850
1.664434
1.664434
1.663981
1.663981
1.678908
1.678908
1.657236
1.657236
1.658000
1.658000
1.671446
1.671446
1.663254
1.663254
1.658311
1.658311
1.667439
1.667439
1.660870
1.660870
1.668821
1.668821
1.650112
1.650112
1.674279
1.674279
1.669514
1.669514
1.655792
1.655792
1.669362
1.669362
1.653229
1.653229
1.677720
1.677720
1.654634
1.654634
1.663328
1.663328
1.660752
1.660752
1.660404
1.660404
1.662571
1.662571
1.652269
1.652269
1.684791
1.684791
1.662381
1.662381
1.660933
1.660933
1.666642
1.666642
1.655500
1.655500
1.670825
1.670825
1.664756
1.664756
1.661800
1.661800
1.665107
1.665107
1.662705
1.662705
1.657553
1.657553
1.646864
1.646864
1.661162
1.661162
1.667525
1.667525
1.662652
1.662652
1.675622
1.675622
1.649501
1.649501
1.656860
1.656860
1.662772
1.662772
1.661727
1.661727
1.682708
1.682708
1.658628
1.658628
1.659283
1.659283
1.665721
1.665721
1.667912
1.667912
1.654761
1.654761
1.651845
1.651845
1.650705
1.650705
1.656644
1.656644
1.679558
1.679558
1.668708
1.668708
1.664983
1.664983
1.660087
1.660087
1.663726
1.663726
1.647566
1.647566
1.669651
1.669651
1.663807
1.663807
1.662381
1.662381
1.656433
1.656433
1.652355
1.652355
1.669363
1.669363
1.660369
1.660369
1.662941
1.662941
1.651783
1.651783
1.660360
1.660360
1.666749
1.666749
1.672340
1.672340
1.646288
1.646288
1.666116
1.666116
1.658736
1.658736
1.654738
1.654738
1.661732
1.661732
1.661915
1.661915
1.663818
1.663818
1.655715
1.655715
1.653152
1.653152
1.651202
1.651202
1.669784
1.669784
1.659247
1.659247
1.658443
1.658443
1.656831
1.656831
1.652363
1.652363
1.667306
1.667306
1.661343
1.661343
1.657636
1.657636
1.654912
1.654912
1.663555
1.663555
1.661426
1.661426
1.660079
1.660079
1.649665
1.649665
1.657915
1.657915
1.654270
1.654270
1.651047
1.651047
1.659335
1.659335
1.661099
1.661099
1.667247
1.667247
1.668251
1.668251
1.647630
1.647630
1.658972
1.658972
1.645197
1.645197
1.672500
1.672500
1.654893
1.654893
1.661293
1.661293
1.663500
1.663500
1.655647
1.655647
1.651552
1.651552
1.666782
1.666782
1.657844
1.657844
1.640547
1.640547
1.661132
1.661132
1.661027
1.661027
1.664338
1.664338
1.659723
1.659723
1.658024
1.658024
1.648678
1.648678
1.653593
1.653593
1.648285
1.648285
1.659253
1.659253
1.648981
1.648981
1.665907
1.665907
1.662194
1.662194
1.655829
1.655829
1.648997
1.648997
1.658823
1.658823
1.654676
1.654676
1.665554
1.665554
1.659493
1.659493
1.657376
1.657376
1.663411
1.663411
1.651089
1.651089
1.647459
1.647459
1.663327
1.663327
1.651255
1.651255
1.661735
1.661735
1.653903
1.653903
1.647148
1.647148
1.667288
1.667288
1.659137
1.659137
1.661527
1.661527
1.642175
1.642175
1.645510
1.645510
1.666325
1.666325
1.656385
1.656385
1.633362
1.633362
1.656806
1.656806
1.665340
1.665340
1.657533
1.657533
1.650588
1.650588
1.651105
1.651105
1.649330
1.649330
1.669029
1.669029
1.641359
1.641359
1.667529
1.667529
1.649889
1.649889
1.657747
1.657747
1.657357
1.657357
1.640860
1.640860
1.668948
1.668948
1.657853
1.657853
1.650404
1.650404
1.653737
1.653737
1.661235
1.661235
1.639644
1.639644
1.649757
1.649757
1.659999
1.659999
1.661363
1.661363
1.647812
1.647812
1.667539
1.667539
1.654868
1.654868
1.656540
1.656540
1.639567
1.639567
1.663159
1.663159
1.651770
1.651770
1.667630
1.667630
1.635576
1.635576
1.648712
1.648712
1.641702
1.641702
1.657566
1.657566
1.666963
1.666963
1.649073
1.649073
1.650598
1.650598
1.658207
1.658207
1.657508
1.657508
1.653890
1.653890
1.648820
1.648820
1.645077
1.645077
1.658176
1.658176
1.647429
1.647429
1.646175
1.646175
1.650874
1.650874
1.663192
1.663192
1.655768
1.655768
1.652344
1.652344
1.652622
1.652622
1.644730
1.644730
1.658087
1.658087
1.659358
1.659358
1.665982
1.665982
1.646127
1.646127
1.650968
1.650968
1.635275
1.635275
1.645368
1.645368
1.651181
1.651181
1.661227
1.661227
1.651686
1.651686
1.649937
1.649937
1.671166
1.671166
1.643889
1.643889
1.650453
1.650453
1.645720
1.645720
1.646186
1.646186
1.659331
1.659331
1.651955
1.651955
1.646633
1.646633
1.651775
1.651775
1.646567
1.646567
1.651621
1.651621
1.662834
1.662834
1.647356
1.647356
1.658436
1.658436
1.631839
1.631839
1.655309
1.655309
1.654947
1.654947
1.639796
1.639796
1.645067
1.645067
1.661764
1.661764
1.650781
1.650781
1.652384
1.652384
1.647636
1.647636
1.647094
1.647094
1.656785
1.656785
1.643515
1.643515
1.659191
1.659191
1.650054
1.650054
1.652510
1.652510
1.646073
1.646073
1.648732
1.648732
1.663534
1.663534
1.646619
1.646619
1.654593
1.654593
1.634342
1.634342
1.645359
1.645359
1.649652
1.649652
1.661055
1.661055
1.638617
1.638617
1.656365
1.656365
1.646704
1.646704
1.654381
1.654381
1.645852
1.645852
1.656427
1.656427
1.644065
1.644065
1.638590
1.638590
1.649092
1.649092
1.642442
1.642442
1.660123
1.660123
1.658998
1.658998
1.647553
1.647553
1.643931
1.643931
1.655210
1.655210
1.643708
1.643708
1.657385
1.657385
1.640502
1.640502
1.668964
1.668964
1.639234
1.639234
1.646066
1.646066
1.650517
1.650517
1.649461
1.649461
1.648200
1.648200
1.646295
1.646295
1.651715
1.651715
1.647971
1.647971
1.657570
1.657570
1.649001
1.649001
1.642162
1.642162
1.655286
1.655286
1.636124
1.636124
1.638453
1.638453
1.644131
1.644131
1.646517
1.646517
1.667121
1.667121
1.644470
1.644470
1.657156
1.657156
1.640936
1.640936
1.648863
1.648863
1.652278
1.652278
1.639333
1.639333
1.638969
1.638969
1.655194
1.655194
1.656106
1.656106
1.648246
1.648246
1.638848
1.638848
1.650816
1.650816
1.648384
1.648384
1.645914
1.645914
1.649173
1.649173
1.642774
1.642774
1.660620
1.660620
1.640646
1.640646
1.637378
1.637378
1.651212
1.651212
1.646971
1.646971
1.649326
1.649326
1.634651
1.634651
1.651828
1.651828
1.660729
1.660729
1.637290
1.637290
1.641921
1.641921
1.638831
1.638831
1.654823
1.654823
1.647384
1.647384
1.652922
1.652922
1.647020
1.647020
1.645966
1.645966
1.644336
1.644336
1.652512
1.652512
1.643015
1.643015
1.655157
1.655157
1.644825
1.644825
1.640535
1.640535
1.646098
1.646098
1.645736
1.645736
1.644114
1.644114
1.641669
1.641669
1.653682
1.653682
1.650523
1.650523
1.640232
1.640232
1.661361
1.661361
1.630449
1.630449
1.646660
1.646660
1.649638
1.649638
1.641300
1.641300
1.642395
1.642395
1.648685
1.648685
1.637136
1.637136
1.651453
1.651453
1.650567
1.650567
1.638614
1.638614
1.655135
1.655135
1.649532
1.649532
1.636330
1.636330
1.649358
1.649358
1.637716
1.637716
1.651074
1.651074
1.632059
1.632059
1.649189
1.649189
1.660060
1.660060
1.655478
1.655478
1.651849
1.651849
1.637318
1.637318
1.645083
1.645083
1.634192
1.634192
1.640466
1.640466
1.647263
1.647263
1.658099
1.658099
1.639932
1.639932
1.637909
1.637909
1.642999
1.642999
1.646868
1.646868
1.651626
1.651626
1.640855
1.640855
1.640941
1.640941
1.641745
1.641745
1.640674
1.640674
1.644983
1.644983
1.645305
1.645305
1.651773
1.651773
1.632195
1.632195
1.648256
1.648256
1.643482
1.643482
1.651760
1.651760
1.646793
1.646793
1.648825
1.648825
1.636462
1.636462
1.641664
1.641664
1.653794
1.653794
1.639285
1.639285
1.648598
1.648598
1.644729
1.644729
1.642186
1.642186
1.639067
1.639067
1.645777
1.645777
1.626873
1.626873
1.648189
1.648189
1.637329
1.637329
1.650012
1.650012
1.659804
1.659804
1.641893
1.641893
1.649764
1.649764
1.638523
1.638523
1.637268
1.637268
1.652326
1.652326
1.658821
1.658821
1.635580
1.635580
1.634245
1.634245
1.658193
1.658193
1.626903
1.626903
1.651715
1.651715
1.628916
1.628916
1.642595
1.642595
1.639492
1.639492
1.655896
1.655896
1.647881
1.647881
1.638479
1.638479
1.644225
1.644225
1.647541
1.647541
1.635470
1.635470
1.653733
1.653733
1.644418
1.644418
1.642170
1.642170
1.641725
1.641725
1.629412
1.629412
1.641043
1.641043
1.645138
1.645138
1.646666
1.646666
1.635770
1.635770
1.645060
1.645060
1.652343
1.652343
1.647830
1.647830
1.640984
1.640984
1.638563
1.638563
1.630024
1.630024
1.654776
1.654776
1.640504
1.640504
1.640843
1.640843
1.637143
1.637143
1.636982
1.636982
1.635890
1.635890
1.643907
1.643907
1.644472
1.644472
1.647472
1.647472
1.637756
1.637756
1.646481
1.646481
1.635078
1.635078
1.644825
1.644825
1.641777
1.641777
1.641117
1.641117
1.634428
1.634428
1.637739
1.637739
1.639629
1.639629
1.651093
1.651093
1.646589
1.646589
1.647225
1.647225
1.653462
1.653462
1.632890
1.632890
1.626997
1.626997
1.648392
1.648392
1.652419
1.652419
1.645908
1.645908
1.633321
1.633321
1.644089
1.644089
1.628334
1.628334
1.650627
1.650627
1.636344
1.636344
1.641320
1.641320
1.635953
1.635953
1.641618
1.641618
1.634020
1.634020
1.641469
1.641469
1.634121
1.634121
1.654124
1.654124
1.641181
1.641181
1.632679
1.632679
1.640125
1.640125
1.644736
1.644736
1.642102
1.642102
1.645218
1.645218
1.640435
1.640435
1.635154
1.635154
1.643217
1.643217
1.650180
1.650180
1.632482
1.632482
1.649031
1.649031
1.637403
1.637403
1.643617
1.643617
1.630305
1.630305
1.642221
1.642221
1.636147
1.636147
1.639663
1.639663
1.640008
1.640008
1.638632
1.638632
1.648549
1.648549
1.638177
1.638177
1.633898
1.633898
1.642385
1.642385
1.654199
1.654199
1.629756
1.629756
1.636455
1.636455
1.633009
1.633009
1.649091
1.649091
1.641831
1.641831
1.639045
1.639045
1.635182
1.635182
1.650127
1.650127
1.628005
1.628005
1.634805
1.634805
1.653365
1.653365
1.641944
1.641944
1.636339
1.636339
1.647174
1.647174
1.648345
1.648345
1.620217
1.620217
1.633882
1.633882
1.641408
1.641408
1.641173
1.641173
1.651875
1.651875
1.626027
1.626027
1.649110
1.649110
1.633545
1.633545
1.640630
1.640630
1.639655
1.639655
1.631763
1.631763
1.639208
1.639208
1.631850
1.631850
1.644573
1.644573
1.643698
1.643698
1.635270
1.635270
1.637759
1.637759
1.645374
1.645374
1.635472
1.635472
1.620580
1.620580
1.659429
1.659429
1.641537
1.641537
1.644047
1.644047
1.637248
1.637248
1.634814
1.634814
1.635377
1.635377
1.638100
1.638100
1.628228
1.628228
1.636176
1.636176
1.643129
1.643129
1.649398
1.649398
1.643734
1.643734
1.637836
1.637836
1.634608
1.634608
1.641196
1.641196
1.633736
1.633736
1.650783
1.650783
1.630998
1.630998
1.625963
1.625963
1.652909
1.652909
1.628663
1.628663
1.650054
1.650054
1.630072
1.630072
1.634511
1.634511
1.648290
1.648290
1.624830
1.624830
1.646195
1.646195
1.635756
1.635756
1.635586
1.635586
1.634955
1.634955
1.636924
1.636924
1.640063
1.640063
1.633206
1.633206
1.643971
1.643971
1.631586
1.631586
1.640541
1.640541
1.650099
1.650099
1.631781
1.631781
1.650788
1.650788
1.626836
1.626836
1.626250
1.626250
1.639802
1.639802
1.636463
1.636463
1.637594
1.637594
1.636477
1.636477
1.636762
1.636762
1.640988
1.640988
1.623479
1.623479
1.640026
1.640026
1.636852
1.636852
1.647035
1.647035
1.641373
1.641373
1.647410
1.647410
1.636282
1.636282
1.626754
1.626754
1.633018
1.633018
1.632138
1.632138
1.637531
1.637531
1.644153
1.644153
1.639371
1.639371
1.630354
1.630354
1.618281
1.618281
1.637925
1.637925
1.654007
1.654007
1.634946
1.634946
1.639472
1.639472
1.636086
1.636086
1.628714
1.628714
1.643153
1.643153
1.629711
1.629711
1.647906
1.647906
1.640575
1.640575
1.630315
1.630315
1.640593
1.640593
1.640673
1.640673
1.628879
1.628879
1.649098
1.649098
1.644305
1.644305
1.624924
1.624924
1.633070
1.633070
1.628916
1.628916
1.627645
1.627645
1.622803
1.622803
1.642416
1.642416
1.645608
1.645608
1.644158
1.644158
1.636136
1.636136
1.632271
1.632271
1.630327
1.630327
1.639860
1.639860
1.643123
1.643123
1.640863
1.640863
1.635426
1.635426
1.631568
1.631568
1.632743
1.632743
1.639719
1.639719
1.633207
1.633207
1.636411
1.636411
1.627325
1.627325
1.638718
1.638718
1.645002
1.645002
1.632135
1.632135
1.645723
1.645723
1.642622
1.642622
1.629139
1.629139
1.626682
1.626682
1.632807
1.632807
1.647024
1.647024
1.638048
1.638048
1.625476
1.625476
1.633622
1.633622
1.641134
1.641134
1.633316
1.633316
1.633479
1.633479
1.631884
1.631884
1.637181
1.637181
1.635924
1.635924
1.636009
1.636009
1.630689
1.630689
1.630110
1.630110
1.645157
1.645157
1.643004
1.643004
1.632928
1.632928
1.630308
1.630308
1.633077
1.633077
1.636064
1.636064
1.630572
1.630572
1.631841
1.631841
1.639808
1.639808
1.636745
1.636745
1.635638
1.635638
1.638463
1.638463
1.640778
1.640778
1.647585
1.647585
1.624766
1.624766
1.619005
1.619005
1.635718
1.635718
1.643534
1.643534
1.623879
1.623879
1.644426
1.644426
1.623195
1.623195
1.637319
1.637319
1.635382
1.635382
1.626339
1.626339
1.647688
1.647688
1.623392
1.623392
1.637270
1.637270
1.648101
1.648101
1.635445
1.635445
1.617503
1.617503
1.633058
1.633058
1.635590
1.635590
1.632680
1.632680
1.638673
1.638673
1.632733
1.632733
1.630532
1.630532
1.625261
1.625261
1.635560
1.635560
1.628661
1.628661
1.640455
1.640455
1.641863
1.641863
1.632623
1.632623
1.631500
1.631500
1.626240
1.626240
1.634421
1.634421
1.647484
1.647484
1.629294
1.629294
1.631729
1.631729
1.634336
1.634336
1.637466
1.637466
1.636603
1.636603
1.641714
1.641714
1.632567
1.632567
1.640850
1.640850
1.629063
1.629063
1.621587
1.621587
1.627323
1.627323
1.631887
1.631887
1.641274
1.641274
1.631598
1.631598
1.635909
1.635909
1.636020
1.636020
1.644596
1.644596
1.639945
1.639945
1.619242
1.619242
1.625458
1.625458
1.617604
1.617604
1.622106
1.622106
1.651223
1.651223
1.645150
1.645150
1.629285
1.629285
1.632935
1.632935
1.640529
1.640529
1.638518
1.638518
1.630737
1.630737
1.620202
1.620202
1.640272
1.640272
1.623352
1.623352
1.636428
1.636428
1.625703
1.625703
1.640599
1.640599
1.631611
1.631611
1.635573
1.635573
1.626503
1.626503
1.644292
1.644292
1.624534
1.624534
1.632362
1.632362
1.635356
1.635356
1.626431
1.626431
1.631065
1.631065
1.639691
1.639691
1.631704
1.631704
1.639701
1.639701
1.631492
1.631492
1.628852
1.628852
1.630748
1.630748
1.634251
1.634251
1.621099
1.621099
1.643075
1.643075
1.634452
1.634452
1.628561
1.628561
1.641343
1.641343
1.622556
1.622556
1.626930
1.626930
1.633089
1.633089
1.638979
1.638979
1.633692
1.633692
1.627108
1.627108
1.637223
1.637223
1.630758
1.630758
1.632132
1.632132
1.632415
1.632415
1.631886
1.631886
1.634558
1.634558
1.631765
1.631765
1.629065
1.629065
1.630492
1.630492
1.631632
1.631632
1.631794
1.631794
1.633416
1.633416
1.632408
1.632408
1.640088
1.640088
1.644886
1.644886
1.618616
1.618616
1.634561
1.634561
1.618131
1.618131
1.621875
1.621875
1.622930
1.622930
1.639394
1.639394
1.640389
1.640389
1.634317
1.634317
1.624386
1.624386
1.625932
1.625932
1.645490
1.645490
1.626009
1.626009
1.637028
1.637028
1.630261
1.630261
1.634050
1.634050
1.645516
1.645516
1.623697
1.623697
1.621656
1.621656
1.618937
1.618937
1.634133
1.634133
1.641918
1.641918
1.626223
1.626223
1.636285
1.636285
1.632348
1.632348
1.624221
1.624221
1.638965
1.638965
1.631035
1.631035
1.628850
1.628850
1.631809
1.631809
1.622923
1.622923
1.639586
1.639586
1.624648
1.624648
1.637628
1.637628
1.641750
1.641750
1.627590
1.627590
1.635708
1.635708
1.624254
1.624254
1.623966
1.623966
1.635273
1.635273
1.628357
1.628357
1.634897
1.634897
1.632123
1.632123
1.621550
1.621550
1.653431
1.653431
1.623201
1.623201
1.611990
1.611990
1.627970
1.627970
1.638395
1.638395
1.637604
1.637604
1.628681
1.628681
1.622345
1.622345
1.631894
1.631894
1.632750
1.632750
1.625810
1.625810
1.642231
1.642231
1.625094
1.625094
1.625846
1.625846
1.633960
1.633960
1.643108
1.643108
1.618198
1.618198
1.631296
1.631296
1.630280
1.630280
1.628368
1.628368
1.634588
1.634588
1.638712
1.638712
1.620116
1.620116
1.633020
1.633020
1.623206
1.623206
1.634256
1.634256
1.616338
1.616338
1.627417
1.627417
1.629071
1.629071
1.646690
1.646690
1.640682
1.640682
1.613961
1.613961
1.627445
1.627445
1.646554
1.646554
1.619044
1.619044
1.638136
1.638136
1.633428
1.633428
1.625420
1.625420
1.619589
1.619589
1.633428
1.633428
1.624613
1.624613
1.632537
1.632537
1.622147
1.622147
1.633327
1.633327
1.637650
1.637650
1.630067
1.630067
1.634276
1.634276
1.627435
1.627435
1.631845
1.631845
1.623213
1.623213
1.624678
1.624678
1.625549
1.625549
1.641040
1.641040
1.630202
1.630202
1.625218
1.625218
1.634985
1.634985
1.621542
1.621542
1.623199
1.623199
1.641754
1.641754
1.624509
1.624509
1.644687
1.644687
1.627501
1.627501
1.609610
1.609610
1.635396
1.635396
1.629172
1.629172
1.630329
1.630329
1.622010
1.622010
1.623507
1.623507
1.634323
1.634323
1.637274
1.637274
1.637324
1.637324
1.626049
1.626049
1.619184
1.619184
1.631723
1.631723
1.631462
1.631462
1.627457
1.627457
1.630498
1.630498
1.622622
1.622622
1.636949
1.636949
1.626722
1.626722
1.614977
1.614977
1.631479
1.631479
1.640254
1.640254
1.622296
1.622296
1.636697
1.636697
1.643068
1.643068
1.622900
1.622900
1.631648
1.631648
1.619548
1.619548
1.625838
1.625838
1.620313
1.620313
1.623904
1.623904
1.646878
1.646878
1.612037
1.612037
1.642713
1.642713
1.629908
1.629908
1.636330
1.636330
1.634940
1.634940
1.616838
1.616838
1.623449
1.623449
1.622551
1.622551
1.617746
1.617746
1.621995
1.621995
1.642113
1.642113
1.639799
1.639799
1.609827
1.609827
1.630198
1.630198
1.636364
1.636364
1.643531
1.643531
1.619750
1.619750
1.619120
1.619120
1.626604
1.626604
1.635598
1.635598
1.626708
1.626708
1.633968
1.633968
1.622096
1.622096
1.636125
1.636125
1.622549
1.622549
1.627433
1.627433
1.633083
1.633083
1.619371
1.619371
1.633416
1.633416
1.626715
1.626715
1.635314
1.635314
1.624177
1.624177
1.618332
1.618332
1.628874
1.628874
1.637294
1.637294
1.630022
1.630022
1.623900
1.623900
1.616578
1.616578
1.623322
1.623322
1.631911
1.631911
1.630387
1.630387
1.638663
1.638663
1.635093
1.635093
1.607121
1.607121
1.640109
1.640109
1.637282
1.637282
1.616263
1.616263
1.624149
1.624149
1.630077
1.630077
1.631125
1.631125
1.623356
1.623356
1.629256
1.629256
1.619607
1.619607
1.630041
1.630041
1.626455
1.626455
1.635042
1.635042
1.625579
1.625579
1.636797
1.636797
1.615641
1.615641
1.632304
1.632304
1.626827
1.626827
1.624416
1.624416
1.630332
1.630332
1.636855
1.636855
1.631891
1.631891
1.624383
1.624383
1.608923
1.608923
1.615448
1.615448
1.638634
1.638634
1.630442
1.630442
1.622355
1.622355
1.629026
1.629026
1.622759
1.622759
1.634168
1.634168
1.624339
1.624339
1.623101
1.623101
1.631550
1.631550
1.621551
1.621551
1.630484
1.630484
1.627212
1.627212
1.628255
1.628255
1.627005
1.627005
1.637347
1.637347
1.631566
1.631566
1.628077
1.628077
1.622191
1.622191
1.611789
1.611789
1.640294
1.640294
1.624751
1.624751
1.626270
1.626270
1.619866
1.619866
1.621187
1.621187
1.632137
1.632137
1.612499
1.612499
1.632232
1.632232
1.634419
1.634419
1.620455
1.620455
1.629962
1.629962
1.621719
1.621719
1.630416
1.630416
1.611148
1.611148
1.642391
1.642391
1.640188
1.640188
1.618956
1.618956
1.627974
1.627974
1.623989
1.623989
1.619470
1.619470
1.620251
1.620251
1.608305
1.608305
1.633605
1.633605
1.623175
1.623175
1.651082
1.651082
1.627409
1.627409
1.632526
1.632526
1.622558
1.622558
1.631363
1.631363
1.614825
1.614825
1.630592
1.630592
1.632612
1.632612
1.622210
1.622210
1.620757
1.620757
1.623849
1.623849
1.624901
1.624901
1.620591
1.620591
1.627187
1.627187
1.624972
1.624972
1.633885
1.633885
1.620030
1.620030
1.629140
1.629140
1.624832
1.624832
1.627833
1.627833
1.628063
1.628063
1.616887
1.616887
1.630089
1.630089
1.627647
1.627647
1.621361
1.621361
1.634797
1.634797
1.627502
1.627502
1.620301
1.620301
1.629880
1.629880
1.632579
1.632579
1.616378
1.616378
1.633499
1.633499
1.626940
1.626940
1.623475
1.623475
1.614467
1.614467
1.630638
1.630638
1.638468
1.638468
1.627200
1.627200
1.622244
1.622244
1.620945
1.620945
1.616965
1.616965
1.622532
1.622532
1.637012
1.637012
1.628189
1.628189
1.621255
1.621255
1.616217
1.616217
1.625949
1.625949
1.626785
1.626785
1.617050
1.617050
1.634197
1.634197
1.621894
1.621894
1.631711
1.631711
1.623983
1.623983
1.637736
1.637736
1.624296
1.624296
1.604148
1.604148
1.628580
1.628580
1.630860
1.630860
1.632920
1.632920
1.617993
1.617993
1.612792
1.612792
1.625828
1.625828
1.629744
1.629744
1.628682
1.628682
1.615905
1.615905
1.624974
1.624974
1.626774
1.626774
1.631057
1.631057
1.616492
1.616492
1.629855
1.629855
1.619396
1.619396
1.625223
1.625223
1.630430
1.630430
1.636232
1.636232
1.622039
1.622039
1.606654
1.606654
1.630961
1.630961
1.624188
1.624188
1.624721
1.624721
1.620629
1.620629
1.622866
1.622866
1.622672
1.622672
1.619647
1.619647
1.620521
1.620521
1.637919
1.637919
1.621972
1.621972
1.619805
1.619805
1.635171
1.635171
1.619691
1.619691
1.626720
1.626720
1.620629
1.620629
1.618288
1.618288
1.626559
1.626559
1.629308
1.629308
1.632430
1.632430
1.613567
1.613567
1.619734
1.619734
1.619129
1.619129
1.625945
1.625945
1.632690
1.632690
1.624381
1.624381
1.635899
1.635899
1.627163
1.627163
1.605710
1.605710
1.629051
1.629051
1.623421
1.623421
1.629697
1.629697
1.620806
1.620806
1.630280
1.630280
1.618463
1.618463
1.621097
1.621097
1.619349
1.619349
1.633713
1.633713
1.620779
1.620779
1.616337
1.616337
1.631880
1.631880
1.618104
1.618104
1.619504
1.619504
1.630486
1.630486
1.626047
1.626047
1.626377
1.626377
1.613893
1.613893
1.633009
1.633009
1.626549
1.626549
1.621315
1.621315
1.625054
1.625054
1.620188
1.620188
1.622320
1.622320
1.641525
1.641525
1.618071
1.618071
1.615355
1.615355
1.620343
1.620343
1.626870
1.626870
1.618037
1.618037
1.631468
1.631468
1.621540
1.621540
1.632341
1.632341
1.620940
1.620940
1.616576
1.616576
1.619343
1.619343
1.630410
1.630410
1.624519
1.624519
1.613389
1.613389
1.625478
1.625478
1.622684
1.622684
1.633794
1.633794
1.611797
1.611797
1.625850
1.625850
1.621504
1.621504
1.624679
1.624679
1.636063
1.636063
1.620270
1.620270
1.616309
1.616309
1.621955
1.621955
1.626209
1.626209
1.634397
1.634397
1.627532
1.627532
1.621235
1.621235
1.626534
1.626534
1.621542
1.621542
1.618751
1.618751
1.639443
1.639443
1.618438
1.618438
1.611486
1.611486
1.623629
1.623629
1.623040
1.623040
1.624838
1.624838
1.606810
1.606810
1.620413
1.620413
1.641961
1.641961
1.621232
1.621232
1.625545
1.625545
1.617530
1.617530
1.625845
1.625845
1.629148
1.629148
1.615645
1.615645
1.611078
1.611078
1.620724
1.620724
1.638897
1.638897
1.627494
1.627494
1.614974
1.614974
1.625668
1.625668
1.621068
1.621068
1.612295
1.612295
1.635244
1.635244
1.619365
1.619365
1.631330
1.631330
1.629869
1.629869
1.610997
1.610997
1.621898
1.621898
1.619073
1.619073
1.633702
1.633702
1.631875
1.631875
1.612861
1.612861
1.616924
1.616924
1.616978
1.616978
1.608323
1.608323
1.623486
1.623486
1.618960
1.618960
1.633878
1.633878
1.629868
1.629868
1.610661
1.610661
1.623876
1.623876
1.619969
1.619969
1.630512
1.630512
1.628891
1.628891
1.616627
1.616627
1.622362
1.622362
1.629544
1.629544
1.621809
1.621809
1.621738
1.621738
1.618484
1.618484
1.619331
1.619331
1.634007
1.634007
1.606693
1.606693
1.636025
1.636025
1.611796
1.611796
1.627779
1.627779
1.623632
1.623632
1.621003
1.621003
1.628406
1.628406
1.619347
1.619347
1.633623
1.633623
1.613392
1.613392
1.618568
1.618568
1.627018
1.627018
1.622321
1.622321
1.628365
1.628365
1.619628
1.619628
1.615273
1.615273
1.625707
1.625707
1.619610
1.619610
1.626727
1.626727
1.615159
1.615159
1.626341
1.626341
1.622396
1.622396
1.605729
1.605729
1.625288
1.625288
1.625452
1.625452
1.635358
1.635358
1.616925
1.616925
1.613798
1.613798
1.635812
1.635812
1.622657
1.622657
1.614036
1.614036
1.623343
1.623343
1.620525
1.620525
1.618161
1.618161
1.634870
1.634870
1.621307
1.621307
1.612155
1.612155
1.630712
1.630712
1.615576
1.615576
1.614690
1.614690
1.630638
1.630638
1.615734
1.615734
1.625154
1.625154
1.612223
1.612223
1.629643
1.629643
1.629592
1.629592
1.608999
1.608999
1.620738
1.620738
1.620361
1.620361
1.627619
1.627619
1.620546
1.620546
1.617694
1.617694
1.621668
1.621668
1.622546
1.622546
1.620390
1.620390
1.619034
1.619034
1.624256
1.624256
1.606211
1.606211
1.619749
1.619749
1.623748
1.623748
1.630160
1.630160
1.628485
1.628485
1.616071
1.616071
1.635213
1.635213
1.615238
1.615238
1.614562
1.614562
1.626495
1.626495
1.618468
1.618468
1.604427
1.604427
1.633762
1.633762
1.623429
1.623429
1.627264
1.627264
1.620945
1.620945
1.626690
1.626690
1.624334
1.624334
1.615338
1.615338
1.617763
1.617763
1.606233
1.606233
1.622613
1.622613
1.622755
1.622755
1.625690
1.625690
1.629816
1.629816
1.622502
1.622502
1.618496
1.618496
1.621230
1.621230
1.614838
1.614838
1.629622
1.629622
1.615044
1.615044
1.625794
1.625794
1.614715
1.614715
1.626557
1.626557
1.622861
1.622861
1.625044
1.625044
1.628455
1.628455
1.624693
1.624693
1.609990
1.609990
1.614792
1.614792
1.610374
1.610374
1.620834
1.620834
1.631603
1.631603
1.621065
1.621065
1.619710
1.619710
1.634453
1.634453
1.625225
1.625225
1.611490
1.611490
1.618262
1.618262
1.612308
1.612308
1.622572
1.622572
1.620445
1.620445
1.625928
1.625928
1.620630
1.620630
1.611666
1.611666
1.605989
1.605989
1.625539
1.625539
1.626459
1.626459
1.625117
1.625117
1.619300
1.619300
1.613432
1.613432
1.613763
1.613763
1.635192
1.635192
1.617117
1.617117
1.623332
1.623332
1.603690
1.603690
1.623217
1.623217
1.626938
1.626938
1.620826
1.620826
1.628927
1.628927
1.618374
1.618374
1.620225
1.620225
1.630675
1.630675
1.607620
1.607620
1.625703
1.625703
1.633219
1.633219
1.608519
1.608519
1.618666
1.618666
1.618513
1.618513
1.622725
1.622725
1.629344
1.629344
1.627678
1.627678
1.614838
1.614838
1.610605
1.610605
1.617837
1.617837
1.620753
1.620753
1.618845
1.618845
1.616095
1.616095
1.621875
1.621875
1.623504
1.623504
1.612000
1.612000
1.615726
1.615726
1.621596
1.621596
1.626896
1.626896
1.624738
1.624738
1.620294
1.620294
1.620500
1.620500
1.619487
1.619487
1.618687
1.618687
1.620849
1.620849
1.618528
1.618528
1.614369
1.614369
1.622160
1.622160
1.628372
1.628372
1.614828
1.614828
1.630864
1.630864
1.605856
1.605856
1.621993
1.621993
1.617741
1.617741
1.623111
1.623111
1.606623
1.606623
1.623522
1.623522
1.620459
1.620459
1.622163
1.622163
1.627283
1.627283
1.625823
1.625823
1.621015
1.621015
1.616655
1.616655
1.614935
1.614935
1.619774
1.619774
1.615660
1.615660
1.623771
1.623771
1.625595
1.625595
1.622749
1.622749
1.607666
1.607666
1.621396
1.621396
1.614133
1.614133
1.623523
1.623523
1.609875
1.609875
1.630781
1.630781
1.630380
1.630380
1.613225
1.613225
1.626108
1.626108
1.608044
1.608044
1.619305
1.619305
1.629831
1.629831
1.623965
1.623965
1.629911
1.629911
1.610649
1.610649
1.598133
1.598133
1.626387
1.626387
1.621064
1.621064
1.604817
1.604817
1.629187
1.629187
1.613818
1.613818
1.610729
1.610729
1.619343
1.619343
1.621854
1.621854
1.622278
1.622278
1.622455
1.622455
1.598318
1.598318
1.619501
1.619501
1.634252
1.634252
1.616211
1.616211
1.629435
1.629435
1.619803
1.619803
1.619128
1.619128
1.621274
1.621274
1.621836
1.621836
1.611813
1.611813
1.620330
1.620330
1.615986
1.615986
1.623598
1.623598
1.616071
1.616071
1.618958
1.618958
1.616167
1.616167
1.610467
1.610467
1.610413
1.610413
1.635759
1.635759
1.622502
1.622502
1.601536
1.601536
1.625537
1.625537
1.632684
1.632684
1.617401
1.617401
1.616632
1.616632
1.625328
1.625328
1.609223
1.609223
1.624957
1.624957
1.619746
1.619746
1.613607
1.613607
1.617542
1.617542
1.619588
1.619588
1.625078
1.625078
1.621999
1.621999
1.606991
1.606991
1.617043
1.617043
1.632171
1.632171
1.618346
1.618346
1.618284
1.618284
1.604538
1.604538
1.621413
1.621413
1.630780
1.630780
1.611645
1.611645
1.622178
1.622178
1.603909
1.603909
1.610905
1.610905
1.613647
1.613647
1.629049
1.629049
1.627234
1.627234
1.609967
1.609967
1.608789
1.608789
1.614854
1.614854
1.628482
1.628482
1.627102
1.627102
1.611565
1.611565
1.603607
1.603607
1.620970
1.620970
1.616938
1.616938
1.625141
1.625141
1.626866
1.626866
1.616812
1.616812
1.607692
1.607692
1.620719
1.620719
1.628703
1.628703
1.617374
1.617374
1.616762
1.616762
1.621306
1.621306
1.627105
1.627105
1.613907
1.613907
1.610530
1.610530
1.629166
1.629166
1.614863
1.614863
1.603227
1.603227
1.618154
1.618154
1.627212
1.627212
1.614041
1.614041
1.614537
1.614537
1.622684
1.622684
1.623964
1.623964
1.614538
1.614538
1.607185
1.607185
1.627030
1.627030
1.622895
1.622895
1.614576
1.614576
1.618558
1.618558
1.614856
1.614856
1.614982
1.614982
1.623944
1.623944
1.608769
1.608769
1.629573
1.629573
1.629966
1.629966
1.620353
1.620353
1.611377
1.611377
1.608933
1.608933
1.619069
1.619069
1.620524
1.620524
1.630321
1.630321
1.608428
1.608428
1.618480
1.618480
1.609767
1.609767
1.616248
1.616248
1.623046
1.623046
1.621745
1.621745
1.613452
1.613452
1.613458
1.613458
1.618630
1.618630
1.617564
1.617564
1.611288
1.611288
1.615209
1.615209
1.627814
1.627814
1.613785
1.613785
1.625846
1.625846
1.610741
1.610741
1.623112
1.623112
1.613930
1.613930
1.619517
1.619517
1.618507
1.618507
1.623022
1.623022
1.606418
1.606418
1.621052
1.621052
1.616043
1.616043
1.616542
1.616542
1.613054
1.613054
1.622613
1.622613
1.619678
1.619678
1.620953
1.620953
1.612096
1.612096
1.621564
1.621564
1.618798
1.618798
1.612829
1.612829
1.635717
1.635717
1.615852
1.615852
1.611780
1.611780
1.615050
1.615050
1.606202
1.606202
1.618810
1.618810
1.610253
1.610253
1.630716
1.630716
1.610570
1.610570
1.615876
1.615876
1.626602
1.626602
1.604565
1.604565
1.607064
1.607064
1.625378
1.625378
1.623932
1.623932
1.629804
1.629804
1.620474
1.620474
1.595805
1.595805
1.618356
1.618356
1.622503
1.622503
1.623317
1.623317
1.611371
1.611371
1.612922
1.612922
1.624909
1.624909
1.612014
1.612014
1.612738
1.612738
1.619167
1.619167
1.627709
1.627709
1.609060
1.609060
1.616443
1.616443
1.612458
1.612458
1.608574
1.608574
1.620426
1.620426
1.621397
1.621397
1.623346
1.623346
1.612398
1.612398
1.616025
1.616025
1.610421
1.610421
1.628431
1.628431
1.617444
1.617444
1.621611
1.621611
1.643472
1.643472
1.604993
1.604993
1.616002
1.616002
1.593559
1.593559
1.623684
1.623684
1.610725
1.610725
1.615445
1.615445
1.612059
1.612059
1.623388
1.623388
1.615089
1.615089
1.612681
1.612681
1.616020
1.616020
1.622742
1.622742
1.617237
1.617237
1.615798
1.615798
1.619280
1.619280
1.629510
1.629510
1.613982
1.613982
1.601824
1.601824
1.622422
1.622422
1.619313
1.619313
1.612382
1.612382
1.611277
1.611277
1.617922
1.617922
1.614060
1.614060
1.604902
1.604902
1.624532
1.624532
1.620576
1.620576
1.619211
1.619211
1.624274
1.624274
1.617410
1.617410
1.609440
1.609440
1.621513
1.621513
1.608142
1.608142
1.607741
1.607741
1.625757
1.625757
1.619394
1.619394
1.616459
1.616459
1.611872
1.611872
1.614951
1.614951
1.615661
1.615661
1.626139
1.626139
1.614091
1.614091
1.609638
1.609638
1.617859
1.617859
1.610275
1.610275
1.621214
1.621214
1.609596
1.609596
1.624138
1.624138
1.615063
1.615063
1.610487
1.610487
1.608043
1.608043
1.626387
1.626387
1.622478
1.622478
1.619568
1.619568
1.613868
1.613868
1.609055
1.609055
1.609109
1.609109
1.632578
1.632578
1.634372
1.634372
1.622720
1.622720
1.613276
1.613276
1.614019
1.614019
1.591234
1.591234
1.622118
1.622118
1.617068
1.617068
1.618714
1.618714
1.605954
1.605954
1.616535
1.616535
1.614421
1.614421
1.619059
1.619059
1.613472
1.613472
1.609216
1.609216
1.625782
1.625782
1.609198
1.609198
1.609753
1.609753
1.612971
1.612971
1.618277
1.618277
1.632881
1.632881
1.607646
1.607646
1.619146
1.619146
1.620564
1.620564
1.628816
1.628816
1.600051
1.600051
1.607486
1.607486
1.617758
1.617758
1.617429
1.617429
1.619669
1.619669
1.616978
1.616978
1.612072
1.612072
1.597113
1.597113
1.621794
1.621794
1.616953
1.616953
1.634636
1.634636
1.617183
1.617183
1.611543
1.611543
1.610073
1.610073
1.616058
1.616058
1.625615
1.625615
1.607235
1.607235
1.624356
1.624356
1.618219
1.618219
1.609815
1.609815
1.619302
1.619302
1.625647
1.625647
1.617974
1.617974
1.611575
1.611575
1.605818
1.605818
1.617221
1.617221
1.614223
1.614223
1.608250
1.608250
1.630966
1.630966
1.614077
1.614077
1.608742
1.608742
1.623506
1.623506
1.628025
1.628025
1.597958
1.597958
1.616261
1.616261
1.610604
1.610604
1.612142
1.612142
1.612247
1.612247
1.616563
1.616563
1.617547
1.617547
1.619316
1.619316
1.614045
1.614045
1.609251
1.609251
1.617984
1.617984
1.614937
1.614937
1.621822
1.621822
1.625774
1.625774
1.612065
1.612065
1.618948
1.618948
1.601464
1.601464
1.618928
1.618928
1.608487
1.608487
1.614553
1.614553
1.611070
1.611070
1.614597
1.614597
1.630521
1.630521
1.618684
1.618684
1.605348
1.605348
1.627004
1.627004
1.609186
1.609186
1.615790
1.615790
1.616161
1.616161
1.609857
1.609857
1.623041
1.623041
1.619444
1.619444
1.605093
1.605093
1.620027
1.620027
1.613541
1.613541
1.611002
1.611002
1.608152
1.608152
1.624478
1.624478
1.606838
1.606838
1.621704
1.621704
1.607864
1.607864
1.625833
1.625833
1.612237
1.612237
1.616761
1.616761
1.614699
1.614699
1.617568
1.617568
1.614865
1.614865
1.609830
1.609830
1.630851
1.630851
1.618639
1.618639
1.608030
1.608030
1.607957
1.607957
1.607502
1.607502
1.598232
1.598232
1.617972
1.617972
1.621125
1.621125
1.610307
1.610307
1.629470
1.629470
1.619562
1.619562
1.614292
1.614292
1.604971
1.604971
1.622744
1.622744
1.611713
1.611713
1.612530
1.612530
1.608546
1.608546
1.602130
1.602130
1.616221
1.616221
1.639052
1.639052
1.611372
1.611372
1.616896
1.616896
1.612906
1.612906
1.619466
1.619466
1.612209
1.612209
1.619889
1.619889
1.605264
1.605264
1.610714
1.610714
1.626664
1.626664
1.609517
1.609517
1.606375
1.606375
1.619807
1.619807
1.610719
1.610719
1.613125
1.613125
1.624800
1.624800
1.612639
1.612639
1.611872
1.611872
1.616721
1.616721
1.604203
1.604203
1.630197
1.630197
1.607459
1.607459
1.613845
1.613845
1.627894
1.627894
1.609919
1.609919
1.612768
1.612768
1.613475
1.613475
1.618889
1.618889
1.612300
1.612300
1.606439
1.606439
1.622458
1.622458
1.609289
1.609289
1.620243
1.620243
1.611888
1.611888
1.626385
1.626385
1.601253
1.601253
1.613487
1.613487
1.612635
1.612635
1.616455
1.616455
1.612553
1.612553
1.616767
1.616767
1.609265
1.609265
1.623307
1.623307
1.599611
1.599611
1.610682
1.610682
1.631757
1.631757
1.598069
1.598069
1.615141
1.615141
1.628333
1.628333
1.616449
1.616449
1.612527
1.612527
1.611461
1.611461
1.612973
1.612973
1.620061
1.620061
1.615800
1.615800
1.609327
1.609327
1.610727
1.610727
1.621609
1.621609
1.609949
1.609949
1.609681
1.609681
1.619419
1.619419
1.610725
1.610725
1.608724
1.608724
1.624323
1.624323
1.605783
1.605783
1.622109
1.622109
1.617366
1.617366
1.600269
1.600269
1.616176
1.616176
1.619884
1.619884
1.616607
1.616607
1.612073
1.612073
1.622548
1.622548
1.612169
1.612169
1.612095
1.612095
1.609802
1.609802
1.610716
1.610716
1.613147
1.613147
1.613072
1.613072
1.614470
1.614470
1.618838
1.618838
1.607247
1.607247
1.613767
1.613767
1.621058
1.621058
1.610721
1.610721
1.616785
1.616785
1.625590
1.625590
1.612517
1.612517
1.613820
1.613820
1.609736
1.609736
1.605381
1.605381
1.610555
1.610555
1.607039
1.607039
1.613836
1.613836
1.611205
1.611205
1.628852
1.628852
1.612982
1.612982
1.614172
1.614172
1.615135
1.615135
1.613328
1.613328
1.612318
1.612318
1.600424
1.600424
1.616556
1.616556
1.623329
1.623329
1.608018
1.608018
1.621116
1.621116
1.621646
1.621646
1.622874
1.622874
1.614558
1.614558
1.612794
1.612794
1.591371
1.591371
1.618726
1.618726
1.610794
1.610794
1.619073
1.619073
1.613167
1.613167
1.603694
1.603694
1.596620
1.596620
1.627588
1.627588
1.612111
1.612111
1.615966
1.615966
1.615236
1.615236
1.605815
1.605815
1.601160
1.601160
1.634615
1.634615
1.611434
1.611434
1.613997
1.613997
1.598775
1.598775
1.622652
1.622652
1.608377
1.608377
1.621016
1.621016
1.616451
1.616451
1.623720
1.623720
1.612236
1.612236
1.606542
1.606542
1.614084
1.614084
1.608954
1.608954
1.607610
1.607610
1.608240
1.608240
1.611350
1.611350
1.627063
1.627063
1.611537
1.611537
1.609953
1.609953
1.612963
1.612963
1.601723
1.601723
1.622176
1.622176
1.620540
1.620540
1.603569
1.603569
1.627406
1.627406
1.608107
1.608107
1.617370
1.617370
1.608188
1.608188
1.602777
1.602777
1.613585
1.613585
1.607146
1.607146
1.614125
1.614125
1.631413
1.631413
1.610068
1.610068
1.615404
1.615404
1.618900
1.618900
1.614042
1.614042
1.605129
1.605129
1.605906
1.605906
1.606720
1.606720
1.607841
1.607841
1.628337
1.628337
1.616844
1.616844
1.598782
1.598782
1.611970
1.611970
1.628287
1.628287
1.622366
1.622366
1.600784
1.600784
1.614209
1.614209
1.621282
1.621282
1.610163
1.610163
1.605607
1.605607
1.613170
1.613170
1.618277
1.618277
1.609615
1.609615
1.614461
1.614461
1.604776
1.604776
1.618024
1.618024
1.600136
1.600136
1.613893
1.613893
1.608827
1.608827
1.617704
1.617704
1.625940
1.625940
1.594457
1.594457
1.616271
1.616271
1.612090
1.612090
1.628925
1.628925
1.611663
1.611663
1.605560
1.605560
1.606099
1.606099
1.617589
1.617589
1.615606
1.615606
1.619985
1.619985
1.608878
1.608878
1.621839
1.621839
1.608994
1.608994
1.619170
1.619170
1.602153
1.602153
1.621450
1.621450
1.602130
1.602130
1.618597
1.618597
1.615439
1.615439
1.603432
1.603432
1.608962
1.608962
1.611980
1.611980
1.617678
1.617678
1.613290
1.613290
1.610278
1.610278
1.602268
1.602268
1.614210
1.614210
1.618300
1.618300
1.615641
1.615641
1.611854
1.611854
1.621025
1.621025
1.616094
1.616094
1.596515
1.596515
1.605881
1.605881
1.625194
1.625194
1.619113
1.619113
1.617368
1.617368
1.609330
1.609330
1.612651
1.612651
1.601218
1.601218
1.618724
1.618724
1.608482
1.608482
1.616205
1.616205
1.601915
1.601915
1.617345
1.617345
1.622620
1.622620
1.607066
1.607066
1.615562
1.615562
1.600541
1.600541
1.616486
1.616486
1.620257
1.620257
1.612740
1.612740
1.616430
1.616430
1.600575
1.600575
1.610929
1.610929
1.627032
1.627032
1.609336
1.609336
1.600651
1.600651
1.607042
1.607042
1.618069
1.618069
1.614847
1.614847
1.618377
1.618377
1.606917
1.606917
1.606862
1.606862
1.614091
1.614091
1.599379
1.599379
1.615520
1.615520
1.607199
1.607199
1.629111
1.629111
1.608542
1.608542
1.620725
1.620725
1.599037
1.599037
1.610149
1.610149
1.610355
1.610355
1.621939
1.621939
1.611518
1.611518
1.607264
1.607264
1.613659
1.613659
1.608723
1.608723
1.620522
1.620522
1.618658
1.618658
1.608249
1.608249
1.607587
1.607587
1.605985
1.605985
1.621090
1.621090
1.629575
1.629575
1.606510
1.606510
1.622233
1.622233
1.596238
1.596238
1.603215
1.603215
1.614701
1.614701
1.595819
1.595819
1.619238
1.619238
1.605176
1.605176
1.627460
1.627460
1.615987
1.615987
1.616936
1.616936
1.608363
1.608363
1.596356
1.596356
1.623796
1.623796
1.608579
1.608579
1.596439
1.596439
1.626934
1.626934
1.625780
1.625780
1.598393
1.598393
1.619020
1.619020
1.609749
1.609749
1.599414
1.599414
1.614654
1.614654
1.616736
1.616736
1.604687
1.604687
1.612779
1.612779
1.620004
1.620004
1.602513
1.602513
1.620029
1.620029
1.606237
1.606237
1.614213
1.614213
1.619022
1.619022
1.602344
1.602344
1.617461
1.617461
1.605402
1.605402
1.599689
1.599689
1.623933
1.623933
1.605494
1.605494
1.626304
1.626304
1.610355
1.610355
1.615985
1.615985
1.594456
1.594456
1.628168
1.628168
1.607977
1.607977
1.609979
1.609979
1.607839
1.607839
1.605600
1.605600
1.618735
1.618735
1.616219
1.616219
1.596066
1.596066
1.613328
1.613328
1.613379
1.613379
1.602139
1.602139
1.637502
1.637502
1.603849
1.603849
1.607467
1.607467
1.616191
1.616191
1.617869
1.617869
1.611649
1.611649
1.603150
1.603150
1.620510
1.620510
1.603338
1.603338
1.613397
1.613397
1.617603
1.617603
1.617782
1.617782
1.625640
1.625640
1.595544
1.595544
1.604510
1.604510
1.613483
1.613483
1.611680
1.611680
1.608728
1.608728
1.618513
1.618513
1.606079
1.606079
1.611308
1.611308
1.615579
1.615579
1.608337
1.608337
1.610629
1.610629
1.611366
1.611366
1.609902
1.609902
1.607331
1.607331
1.605981
1.605981
1.613872
1.613872
1.616045
1.616045
1.612985
1.612985
1.618683
1.618683
1.610359
1.610359
1.617542
1.617542
1.608560
1.608560
1.597832
1.597832
1.606943
1.606943
1.622781
1.622781
1.606532
1.606532
1.601349
1.601349
1.619475
1.619475
1.611869
1.611869
1.602434
1.602434
1.617883
1.617883
1.608966
1.608966
1.614773
1.614773
1.613179
1.613179
1.617230
1.617230
1.612393
1.612393
1.603149
1.603149
1.608498
1.608498
1.609930
1.609930
1.609999
1.609999
1.606206
1.606206
1.615001
1.615001
1.614242
1.614242
1.613349
1.613349
1.615705
1.615705
1.612593
1.612593
1.609444
1.609444
1.601536
1.601536
1.612234
1.612234
1.605239
1.605239
1.612540
1.612540
1.611444
1.611444
1.613304
1.613304
1.607304
1.607304
1.614565
1.614565
1.611846
1.611846
1.607333
1.607333
1.613560
1.613560
1.600934
1.600934
1.621006
1.621006
1.602426
1.602426
1.606609
1.606609
1.625889
1.625889
1.620712
1.620712
1.593655
1.593655
1.611550
1.611550
1.621364
1.621364
1.605257
1.605257
1.608301
1.608301
1.615162
1.615162
1.612406
1.612406
1.601410
1.601410
1.617490
1.617490
1.607076
1.607076
1.616506
1.616506
1.607608
1.607608
1.612290
1.612290
1.609473
1.609473
1.620128
1.620128
1.605035
1.605035
1.618551
1.618551
1.599705
1.599705
1.609293
1.609293
1.628640
1.628640
1.614507
1.614507
1.601835
1.601835
1.606110
1.606110
1.599450
1.599450
1.612727
1.612727
1.616007
1.616007
1.618057
1.618057
1.605586
1.605586
1.597581
1.597581
1.614603
1.614603
1.613891
1.613891
1.605410
1.605410
1.609865
1.609865
1.608081
1.608081
1.600815
1.600815
1.601962
1.601962
1.611724
1.611724
1.631782
1.631782
1.604671
1.604671
1.615180
1.615180
1.616535
1.616535
1.606337
1.606337
1.607517
1.607517
1.605306
1.605306
1.613493
1.613493
1.614599
1.614599
1.612855
1.612855
1.610897
1.610897
1.597204
1.597204
1.609570
1.609570
1.608522
1.608522
1.618876
1.618876
1.610633
1.610633
1.602252
1.602252
1.605743
1.605743
1.618171
1.618171
1.601172
1.601172
1.615196
1.615196
1.611155
1.611155
1.613914
1.613914
1.608189
1.608189
1.612054
1.612054
1.608039
1.608039
1.608498
1.608498
1.605835
1.605835
1.616549
1.616549
1.611778
1.611778
1.614804
1.614804
1.599777
1.599777
1.604754
1.604754
1.602270
1.602270
1.607847
1.607847
1.612854
1.612854
1.626078
1.626078
1.616644
1.616644
1.608703
1.608703
1.600597
1.600597
1.617517
1.617517
1.606163
1.606163
1.607912
1.607912
1.626808
1.626808
1.608237
1.608237
1.602398
1.602398
1.603550
1.603550
1.596814
1.596814
1.609555
1.609555
1.612431
1.612431
1.616424
1.616424
1.615967
1.615967
1.605407
1.605407
1.621477
1.621477
1.598669
1.598669
1.612053
1.612053
1.612742
1.612742
1.609840
1.609840
1.616879
1.616879
1.605799
1.605799
1.606157
1.606157
1.611148
1.611148
1.601887
1.601887
1.619406
1.619406
1.595522
1.595522
1.606339
1.606339
1.630305
1.630305
1.613239
1.613239
1.619581
1.619581
1.601219
1.601219
1.608270
1.608270
1.606114
1.606114
1.614203
1.614203
1.600839
1.600839
1.613003
1.613003
1.604328
1.604328
1.618282
1.618282
1.601549
1.601549
1.607765
1.607765
1.617121
1.617121
1.619954
1.619954
1.600514
1.600514
1.616882
1.616882
1.606688
1.606688
1.613693
1.613693
1.606589
1.606589
1.603441
1.603441
1.609820
1.609820
1.615281
1.615281
1.595595
1.595595
1.620267
1.620267
1.606817
1.606817
1.607917
1.607917
1.600130
1.600130
1.621926
1.621926
1.612248
1.612248
1.604992
1.604992
1.611230
1.611230
1.613383
1.613383
1.611672
1.611672
1.614135
1.614135
1.594500
1.594500
1.616182
1.616182
1.605630
1.605630
1.602001
1.602001
1.623636
1.623636
1.597971
1.597971
1.612018
1.612018
1.599826
1.599826
1.604833
1.604833
1.612783
1.612783
1.620224
1.620224
1.597851
1.597851
1.616722
1.616722
1.623637
1.623637
1.604652
1.604652
1.603223
1.603223
1.609028
1.609028
1.601790
1.601790
1.611578
1.611578
1.623228
1.623228
1.599534
1.599534
1.605893
1.605893
1.613931
1.613931
1.602190
1.602190
1.613111
1.613111
1.612416
1.612416
1.624316
1.624316
1.612356
1.612356
1.599411
1.599411
1.605973
1.605973
1.603509
1.603509
1.614216
1.614216
1.610203
1.610203
1.606981
1.606981
1.606176
1.606176
1.608871
1.608871
1.604136
1.604136
1.600238
1.600238
1.624837
1.624837
1.607232
1.607232
1.610045
1.610045
1.602309
1.602309
1.614397
1.614397
1.614810
1.614810
1.604181
1.604181
1.610738
1.610738
1.620894
1.620894
1.611924
1.611924
1.610764
1.610764
1.597395
1.597395
1.603902
1.603902
1.612284
1.612284
1.612775
1.612775
1.612927
1.612927
1.602594
1.602594
1.604162
1.604162
1.615067
1.615067
1.616492
1.616492
1.602457
1.602457
1.597757
1.597757
1.614940
1.614940
1.606292
1.606292
1.611243
1.611243
1.618556
1.618556
1.595760
1.595760
1.614604
1.614604
1.605460
1.605460
1.604512
1.604512
1.622457
1.622457
1.609187
1.609187
1.602170
1.602170
1.615205
1.615205
1.620123
1.620123
1.596885
1.596885
1.601457
1.601457
1.611871
1.611871
1.612478
1.612478
1.610915
1.610915
1.607224
1.607224
1.617755
1.617755
1.593258
1.593258
1.609263
1.609263
1.611280
1.611280
1.606373
1.606373
1.621711
1.621711
1.592713
1.592713
1.611305
1.611305
1.608511
1.608511
1.597795
1.597795
1.613967
1.613967
1.613790
1.613790
1.624881
1.624881
1.606355
1.606355
1.608436
1.608436
1.598104
1.598104
1.605811
1.605811
1.612463
1.612463
1.605102
1.605102
1.601335
1.601335
1.613498
1.613498
1.612302
1.612302
1.616302
1.616302
1.620188
1.620188
1.607279
1.607279
1.597848
1.597848
1.600553
1.600553
1.621891
1.621891
1.601094
1.601094
1.601326
1.601326
1.616887
1.616887
1.600839
1.600839
1.608311
1.608311
1.614558
1.614558
1.605183
1.605183
1.602610
1.602610
1.613787
1.613787
1.627305
1.627305
1.603893
1.603893
1.606307
1.606307
1.595562
1.595562
1.610549
1.610549
1.602461
1.602461
1.611199
1.611199
1.609522
1.609522
1.606755
1.606755
1.614233
1.614233
1.606733
1.606733
1.609328
1.609328
1.617651
1.617651
1.605334
1.605334
1.602622
1.602622
1.598043
1.598043
1.617047
1.617047
1.598438
1.598438
1.620932
1.620932
1.608134
1.608134
1.607500
1.607500
1.607502
1.607502
1.616360
1.616360
1.612067
1.612067
1.596699
1.596699
1.610740
1.610740
1.604165
1.604165
1.609760
1.609760
1.600938
1.600938
1.618755
1.618755
1.623336
1.623336
1.606022
1.606022
1.608980
1.608980
1.602940
1.602940
1.598947
1.598947
1.614051
1.614051
1.608116
1.608116
1.606161
1.606161
1.606627
1.606627
1.606616
1.606616
1.617860
1.617860
1.606211
1.606211
1.600936
1.600936
1.608481
1.608481
1.608218
1.608218
1.607712
1.607712
1.612282
1.612282
1.614432
1.614432
1.602846
1.602846
1.603268
1.603268
1.606320
1.606320
1.603568
1.603568
1.616082
1.616082
1.610787
1.610787
1.603687
1.603687
1.599041
1.599041
1.615565
1.615565
1.613155
1.613155
1.617263
1.617263
1.593141
1.593141
1.602639
1.602639
1.612781
1.612781
1.596801
1.596801
1.618524
1.618524
1.610783
1.610783
1.605718
1.605718
1.604646
1.604646
1.608445
1.608445
1.612817
1.612817
1.609457
1.609457
1.614348
1.614348
1.608499
1.608499
1.603293
1.603293
1.603314
1.603314
1.611950
1.611950
1.592819
1.592819
1.607004
1.607004
1.610613
1.610613
1.612176
1.612176
1.620275
1.620275
1.614127
1.614127
1.605634
1.605634
1.613433
1.613433
1.600174
1.600174
1.606622
1.606622
1.608857
1.608857
1.618335
1.618335
1.607624
1.607624
1.598087
1.598087
1.606987
1.606987
1.596691
1.596691
1.611206
1.611206
1.598113
1.598113
1.609177
1.609177
1.628918
1.628918
1.603756
1.603756
1.610081
1.610081
1.613811
1.613811
1.608034
1.608034
1.603087
1.603087
1.609967
1.609967
1.609919
1.609919
1.603426
1.603426
1.604691
1.604691
1.612468
1.612468
1.613064
1.613064
1.617080
1.617080
1.599595
1.599595
1.600217
1.600217
1.609811
1.609811
1.596252
1.596252
1.608333
1.608333
1.614842
1.614842
1.610754
1.610754
1.609314
1.609314
1.604394
1.604394
1.616553
1.616553
1.596698
1.596698
1.613342
1.613342
1.608090
1.608090
1.610529
1.610529
1.606669
1.606669
1.599253
1.599253
1.611729
1.611729
1.611396
1.611396
1.615196
1.615196
1.615470
1.615470
1.604649
1.604649
1.603875
1.603875
1.597419
1.597419
1.601108
1.601108
1.611904
1.611904
1.615191
1.615191
1.606518
1.606518
1.602787
1.602787
1.594813
1.594813
1.611828
1.611828
1.615105
1.615105
1.604367
1.604367
1.613340
1.613340
1.607846
1.607846
1.608916
1.608916
1.602746
1.602746
1.619378
1.619378
1.597164
1.597164
1.619342
1.619342
1.609720
1.609720
1.609331
1.609331
1.597569
1.597569
1.600601
1.600601
1.606375
1.606375
1.610020
1.610020
1.607635
1.607635
1.608445
1.608445
1.604749
1.604749
1.603949
1.603949
1.604776
1.604776
1.610680
1.610680
1.610635
1.610635
1.607578
1.607578
1.600078
1.600078
1.612093
1.612093
1.609490
1.609490
1.616346
1.616346
1.597420
1.597420
1.612139
1.612139
1.610272
1.610272
1.595065
1.595065
1.611201
1.611201
1.608868
1.608868
1.611579
1.611579
1.607741
1.607741
1.606143
1.606143
1.612071
1.612071
1.597588
1.597588
1.604985
1.604985
1.599781
1.599781
1.609837
1.609837
1.614481
1.614481
1.607946
1.607946
1.611055
1.611055
1.595966
1.595966
1.619949
1.619949
1.604716
1.604716
1.604479
1.604479
1.604249
1.604249
1.610946
1.610946
1.601053
1.601053
1.607160
1.607160
1.614621
1.614621
1.613517
1.613517
1.608685
1.608685
1.609252
1.609252
1.607539
1.607539
1.594928
1.594928
1.605400
1.605400
1.610386
1.610386
1.604522
1.604522
1.601632
1.601632
1.616042
1.616042
1.604504
1.604504
1.611805
1.611805
1.618035
1.618035
1.594775
1.594775
1.606859
1.606859
1.608290
1.608290
1.613644
1.613644
1.595554
1.595554
1.604005
1.604005
1.616191
1.616191
1.607994
1.607994
1.609694
1.609694
1.610855
1.610855
1.603565
1.603565
1.602720
1.602720
1.632194
1.632194
1.609523
1.609523
1.590639
1.590639
1.597062
1.597062
1.605890
1.605890
1.598355
1.598355
1.615264
1.615264
1.606782
1.606782
1.615578
1.615578
1.597489
1.597489
1.611251
1.611251
1.600723
1.600723
1.618258
1.618258
1.601899
1.601899
1.602095
1.602095
1.605827
1.605827
1.620767
1.620767
1.592553
1.592553
1.604297
1.604297
1.612750
1.612750
1.612763
1.612763
1.610248
1.610248
1.594509
1.594509
1.613957
1.613957
1.602503
1.602503
1.607226
1.607226
1.603389
1.603389
1.610659
1.610659
1.609443
1.609443
1.603255
1.603255
1.602281
1.602281
1.618090
1.618090
1.605575
1.605575
1.602921
1.602921
1.605368
1.605368
1.606093
1.606093
1.601343
1.601343
1.611214
1.611214
1.601490
1.601490
1.616080
1.616080
1.617406
1.617406
1.613487
1.613487
1.601149
1.601149
1.605876
1.605876
1.593657
1.593657
1.614334
1.614334
1.610369
1.610369
1.605725
1.605725
1.599348
1.599348
1.603626
1.603626
1.603346
1.603346
1.597784
1.597784
1.618441
1.618441
1.607385
1.607385
1.606951
1.606951
1.606815
1.606815
1.608712
1.608712
1.602480
1.602480
1.604866
1.604866
1.611851
1.611851
1.604541
1.604541
1.602708
1.602708
1.605233
1.605233
1.608553
1.608553
1.613954
1.613954
1.597739
1.597739
1.614030
1.614030
1.608990
1.608990
1.609497
1.609497
1.602232
1.602232
1.608739
1.608739
1.609322
1.609322
1.609533
1.609533
1.598412
1.598412
1.607349
1.607349
1.592590
1.592590
1.607751
1.607751
1.613470
1.613470
1.610492
1.610492
1.609282
1.609282
1.607108
1.607108
1.606679
1.606679
1.605752
1.605752
1.605857
1.605857
1.607721
1.607721
1.601316
1.601316
1.608000
1.608000
1.598914
1.598914
1.618697
1.618697
1.605618
1.605618
1.610334
1.610334
1.610419
1.610419
1.593805
1.593805
1.615524
1.615524
1.601470
1.601470
1.617242
1.617242
1.607168
1.607168
1.606315
1.606315
1.605011
1.605011
1.594209
1.594209
1.608521
1.608521
1.606635
1.606635
1.603248
1.603248
1.612827
1.612827
1.599649
1.599649
1.610004
1.610004
1.599875
1.599875
1.616135
1.616135
1.588171
1.588171
1.620764
1.620764
1.599152
1.599152
1.613999
1.613999
1.618511
1.618511
1.595380
1.595380
1.604504
1.604504
1.603434
1.603434
1.598795
1.598795
1.615332
1.615332
1.603845
1.603845
1.611351
1.611351
1.616350
1.616350
1.595845
1.595845
1.608427
1.608427
1.598408
1.598408
1.614128
1.614128
1.608483
1.608483
1.603344
1.603344
1.600498
1.600498
1.607987
1.607987
1.612334
1.612334
1.600465
1.600465
1.604856
1.604856
1.602115
1.602115
1.609129
1.609129
1.616821
1.616821
1.607030
1.607030
1.603610
1.603610
1.600639
1.600639
1.604968
1.604968
1.617034
1.617034
1.602952
1.602952
1.606255
1.606255
1.622684
1.622684
1.598581
1.598581
1.599064
1.599064
1.613240
1.613240
1.607991
1.607991
1.599592
1.599592
1.598977
1.598977
1.612212
1.612212
1.604375
1.604375
1.604216
1.604216
1.617740
1.617740
1.598234
1.598234
1.606071
1.606071
1.601284
1.601284
1.610114
1.610114
1.602304
1.602304
1.611770
1.611770
1.604741
1.604741
1.604580
1.604580
1.601894
1.601894
1.618073
1.618073
1.596877
1.596877
1.609612
1.609612
1.601260
1.601260
1.604150
1.604150
1.602711
1.602711
1.615821
1.615821
1.606273
1.606273
1.604910
1.604910
1.624307
1.624307
1.611069
1.611069
1.597478
1.597478
1.588814
1.588814
1.611564
1.611564
1.595600
1.595600
1.605424
1.605424
1.607060
1.607060
1.611284
1.611284
1.610211
1.610211
1.604074
1.604074
1.610150
1.610150
1.613646
1.613646
1.588055
1.588055
1.603593
1.603593
1.606434
1.606434
1.607229
1.607229
1.604920
1.604920
1.607748
1.607748
1.601078
1.601078
1.612752
1.612752
1.597739
1.597739
1.609841
1.609841
1.608526
1.608526
1.619811
1.619811
1.610644
1.610644
1.589062
1.589062
1.594922
1.594922
1.617065
1.617065
1.603313
1.603313
1.605085
1.605085
1.610529
1.610529
1.596419
1.596419
1.615755
1.615755
1.604223
1.604223
1.595500
1.595500
1.605072
1.605072
1.614339
1.614339
1.610830
1.610830
1.605443
1.605443
1.598604
1.598604
1.602279
1.602279
1.603032
1.603032
1.622859
1.622859
1.611056
1.611056
1.598350
1.598350
1.622743
1.622743
1.597266
1.597266
1.597600
1.597600
1.595509
1.595509
1.605702
1.605702
1.617911
1.617911
1.605020
1.605020
1.604009
1.604009
1.607431
1.607431
1.599206
1.599206
1.602873
1.602873
1.618952
1.618952
1.598423
1.598423
1.613526
1.613526
1.608813
1.608813
1.603000
1.603000
1.602053
1.602053
1.599576
1.599576
1.616597
1.616597
1.626154
1.626154
1.593085
1.593085
1.598061
1.598061
1.591252
1.591252
1.603561
1.603561
1.602899
1.602899
1.595989
1.595989
1.614184
1.614184
1.612664
1.612664
1.609165
1.609165
1.598463
1.598463
1.606732
1.606732
1.603209
1.603209
1.611314
1.611314
1.604172
1.604172
1.607780
1.607780
1.605858
1.605858
1.607767
1.607767
1.601117
1.601117
1.598629
1.598629
1.597789
1.597789
1.610477
1.610477
1.618325
1.618325
1.601386
1.601386
1.610944
1.610944
1.598535
1.598535
1.605976
1.605976
1.604822
1.604822
1.607382
1.607382
1.594333
1.594333
1.601758
1.601758
1.609335
1.609335
1.616640
1.616640
1.604965
1.604965
1.605064
1.605064
1.615268
1.615268
1.602188
1.602188
1.602985
1.602985
1.600488
1.600488
1.614806
1.614806
1.601912
1.601912
1.600119
1.600119
1.603330
1.603330
1.606981
1.606981
1.608098
1.608098
1.606538
1.606538
1.605891
1.605891
1.606883
1.606883
1.597755
1.597755
1.607201
1.607201
1.617035
1.617035
1.610838
1.610838
1.604999
1.604999
1.581755
1.581755
1.605818
1.605818
1.602254
1.602254
1.600905
1.600905
1.614816
1.614816
1.601926
1.601926
1.607720
1.607720
1.613834
1.613834
1.590962
1.590962
1.611645
1.611645
1.601294
1.601294
1.609631
1.609631
1.604823
1.604823
1.604927
1.604927
1.600987
1.600987
1.605860
1.605860
1.598934
1.598934
1.621617
1.621617
1.614742
1.614742
1.594511
1.594511
1.593894
1.593894
1.612268
1.612268
1.595967
1.595967
1.604094
1.604094
1.598965
1.598965
1.616856
1.616856
1.604761
1.604761
1.613708
1.613708
1.596509
1.596509
1.607742
1.607742
1.602396
1.602396
1.598095
1.598095
1.611187
1.611187
1.607148
1.607148
1.603772
1.603772
1.605362
1.605362
1.602721
1.602721
1.609169
1.609169
1.604809
1.604809
1.604839
1.604839
1.603520
1.603520
1.606945
1.606945
1.606357
1.606357
1.602410
1.602410
1.609285
1.609285
1.599021
1.599021
1.613302
1.613302
1.610550
1.610550
1.610800
1.610800
1.590893
1.590893
1.598175
1.598175
1.597014
1.597014
1.595557
1.595557
1.617046
1.617046
1.608088
1.608088
1.607801
1.607801
1.604750
1.604750
1.613384
1.613384
1.604921
1.604921
1.602584
1.602584
1.597713
1.597713
1.613223
1.613223
1.606649
1.606649
1.602471
1.602471
1.601291
1.601291
1.600051
1.600051
1.609151
1.609151
1.600353
1.600353
1.612652
1.612652
1.607736
1.607736
1.592053
1.592053
1.591788
1.591788
1.612535
1.612535
1.607877
1.607877
1.606030
1.606030
1.606461
1.606461
1.603812
1.603812
1.614505
1.614505
1.601709
1.601709
1.605810
1.605810
1.596776
1.596776
1.590749
1.590749
1.611169
1.611169
1.605348
1.605348
1.614267
1.614267
1.601992
1.601992
1.598809
1.598809
1.607969
1.607969
1.605820
1.605820
1.602403
1.602403
1.609982
1.609982
1.595933
1.595933
1.611226
1.611226
1.600825
1.600825
1.608043
1.608043
1.608536
1.608536
1.595997
1.595997
1.607637
1.607637
1.613646
1.613646
1.598644
1.598644
1.608492
1.608492
1.610523
1.610523
1.602027
1.602027
1.613575
1.613575
1.587426
1.587426
1.611291
1.611291
1.607970
1.607970
1.603930
1.603930
1.617114
1.617114
1.596627
1.596627
1.596012
1.596012
1.610953
1.610953
1.607432
1.607432
1.596005
1.596005
1.599107
1.599107
1.611029
1.611029
1.607336
1.607336
1.604934
1.604934
1.596759
1.596759
1.602926
1.602926
1.612793
1.612793
1.605100
1.605100
1.603320
1.603320
1.609962
1.609962
1.612607
1.612607
1.588834
1.588834
1.605277
1.605277
1.611351
1.611351
1.607461
1.607461
1.606115
1.606115
1.589647
1.589647
1.612948
1.612948
1.602184
1.602184
1.603757
1.603757
1.598160
1.598160
1.605925
1.605925
1.603981
1.603981
1.606801
1.606801
1.601309
1.601309
1.603722
1.603722
1.607308
1.607308
1.607635
1.607635
1.616388
1.616388
1.608168
1.608168
1.587157
1.587157
1.602724
1.602724
1.616599
1.616599
1.601607
1.601607
1.600122
1.600122
1.605256
1.605256
1.597263
1.597263
1.612027
1.612027
1.602734
1.602734
1.601898
1.601898
1.592678
1.592678
1.614907
1.614907
1.610732
1.610732
1.600468
1.600468
1.607781
1.607781
1.597062
1.597062
1.606369
1.606369
1.608203
1.608203
1.591066
1.591066
1.613541
1.613541
1.605397
1.605397
1.603498
1.603498
1.600540
1.600540
1.606028
1.606028
1.608593
1.608593
1.595505
1.595505
1.612759
1.612759
1.597879
1.597879
1.602039
1.602039
1.613549
1.613549
1.602116
1.602116
1.606444
1.606444
1.599990
1.599990
1.610860
1.610860
1.601749
1.601749
1.611359
1.611359
1.595807
1.595807
1.597500
1.597500
1.596522
1.596522
1.617298
1.617298
1.600607
1.600607
1.610688
1.610688
1.603746
1.603746
1.600886
1.600886
1.608963
1.608963
1.607630
1.607630
1.598911
1.598911
1.604772
1.604772
1.595752
1.595752
1.589183
1.589183
1.612691
1.612691
1.622282
1.622282
1.592173
1.592173
1.592500
1.592500
1.607183
1.607183
1.609624
1.609624
1.623268
1.623268
1.617775
1.617775
1.595098
1.595098
1.605941
1.605941
1.605029
1.605029
1.595159
1.595159
1.610819
1.610819
1.613563
1.613563
1.603906
1.603906
1.599910
1.599910
1.589552
1.589552
1.603059
1.603059
1.596893
1.596893
1.609506
1.609506
1.605167
1.605167
1.606355
1.606355
1.606135
1.606135
1.612029
1.612029
1.607189
1.607189
1.590467
1.590467
1.604707
1.604707
1.602534
1.602534
1.606311
1.606311
1.606525
1.606525
1.596084
1.596084
1.610004
1.610004
1.611545
1.611545
1.608334
1.608334
1.595964
1.595964
1.597239
1.597239
1.607805
1.607805
1.611191
1.611191
1.601201
1.601201
1.597098
1.597098
1.598457
1.598457
1.614068
1.614068
1.607580
1.607580
1.599855
1.599855
1.596039
1.596039
1.604895
1.604895
1.613385
1.613385
1.608197
1.608197
1.610146
1.610146
1.607175
1.607175
1.596899
1.596899
1.595677
1.595677
1.605275
1.605275
1.596016
1.596016
1.606373
1.606373
1.610269
1.610269
1.601118
1.601118
1.610597
1.610597
1.605059
1.605059
1.602523
1.602523
1.592482
1.592482
1.610044
1.610044
1.596344
1.596344
1.598874
1.598874
1.603079
1.603079
1.614095
1.614095
1.607726
1.607726
1.607641
1.607641
1.605130
1.605130
1.609845
1.609845
1.593555
1.593555
1.602849
1.602849
1.599051
1.599051
1.614261
1.614261
1.605168
1.605168
1.595494
1.595494
1.605438
1.605438
1.595331
1.595331
1.599368
1.599368
1.604783
1.604783
1.606192
1.606192
1.615662
1.615662
1.616606
1.616606
1.601860
1.601860
1.598875
1.598875
1.602805
1.602805
1.597417
1.597417
1.607355
1.607355
1.595810
1.595810
1.605046
1.605046
1.601589
1.601589
1.610198
1.610198
1.597200
1.597200
1.609928
1.609928
1.612140
1.612140
1.605480
1.605480
1.591357
1.591357
1.607335
1.607335
1.594964
1.594964
1.618796
1.618796
1.584257
1.584257
1.615440
1.615440
1.597468
1.597468
1.604466
1.604466
1.606246
1.606246
1.606399
1.606399
1.603759
1.603759
1.609967
1.609967
1.590846
1.590846
1.597426
1.597426
1.603205
1.603205
1.620017
1.620017
1.597835
1.597835
1.598142
1.598142
1.593385
1.593385
1.611122
1.611122
1.621066
1.621066
1.615674
1.615674
1.599793
1.599793
1.598272
1.598272
1.597731
1.597731
1.607175
1.607175
1.605974
1.605974
1.604528
1.604528
1.588612
1.588612
1.603601
1.603601
1.617965
1.617965
1.610258
1.610258
1.604911
1.604911
1.602578
1.602578
1.603958
1.603958
1.594077
1.594077
1.611371
1.611371
1.603523
1.603523
1.600152
1.600152
1.606159
1.606159
1.594551
1.594551
1.592671
1.592671
1.605615
1.605615
1.609148
1.609148
1.604538
1.604538
1.605933
1.605933
1.602744
1.602744
1.610820
1.610820
1.609748
1.609748
1.597930
1.597930
1.594205
1.594205
1.597354
1.597354
1.605642
1.605642
1.613451
1.613451
1.605635
1.605635
1.593007
1.593007
1.606245
1.606245
1.593565
1.593565
1.599654
1.599654
1.612386
1.612386
1.605649
1.605649
1.589218
1.589218
1.612054
1.612054
1.610541
1.610541
1.600747
1.600747
1.604615
1.604615
1.599784
1.599784
1.612949
1.612949
1.592797
1.592797
1.605579
1.605579
1.606266
1.606266
1.602353
1.602353
1.597485
1.597485
1.609735
1.609735
1.600042
1.600042
1.607987
1.607987
1.593244
1.593244
1.596654
1.596654
1.613176
1.613176
1.598146
1.598146
1.618333
1.618333
1.604798
1.604798
1.612043
1.612043
1.592943
1.592943
1.606292
1.606292
1.599613
1.599613
1.601690
1.601690
1.598638
1.598638
1.610295
1.610295
1.597289
1.597289
1.609666
1.609666
1.605916
1.605916
1.600406
1.600406
1.596104
1.596104
1.610959
1.610959
1.602677
1.602677
1.603842
1.603842
1.607640
1.607640
1.601474
1.601474
1.600286
1.600286
1.602713
1.602713
1.609426
1.609426
1.599900
1.599900
1.601588
1.601588
1.603518
1.603518
1.601088
1.601088
1.621958
1.621958
1.601222
1.601222
1.599396
1.599396
1.597768
1.597768
1.593561
1.593561
1.606791
1.606791
1.605793
1.605793
1.607712
1.607712
1.598224
1.598224
1.595696
1.595696
1.596032
1.596032
1.614813
1.614813
1.617863
1.617863
1.596702
1.596702
1.586940
1.586940
1.604755
1.604755
1.588599
1.588599
1.602639
1.602639
1.617163
1.617163
1.602116
1.602116
1.616373
1.616373
1.602113
1.602113
1.598050
1.598050
1.598582
1.598582
1.599527
1.599527
1.600295
1.600295
1.595590
1.595590
1.598535
1.598535
1.612948
1.612948
1.609063
1.609063
1.598609
1.598609
1.614449
1.614449
1.594891
1.594891
1.602493
1.602493
1.605074
1.605074
1.590188
1.590188
1.609120
1.609120
1.615466
1.615466
1.601782
1.601782
1.597284
1.597284
1.599370
1.599370
1.598766
1.598766
1.593080
1.593080
1.610587
1.610587
1.615580
1.615580
1.610510
1.610510
1.605341
1.605341
1.590510
1.590510
1.610947
1.610947
1.596051
1.596051
1.606572
1.606572
1.612158
1.612158
1.593404
1.593404
1.611362
1.611362
1.588177
1.588177
1.598931
1.598931
1.605062
1.605062
1.615036
1.615036
1.592407
1.592407
1.603113
1.603113
1.591931
1.591931
1.608830
1.608830
1.607014
1.607014
1.591059
1.591059
1.618716
1.618716
1.607816
1.607816
1.584642
1.584642
1.603411
1.603411
1.610048
1.610048
1.609718
1.609718
1.608581
1.608581
1.595381
1.595381
1.595791
1.595791
1.605224
1.605224
1.610743
1.610743
1.605936
1.605936
1.603713
1.603713
1.595968
1.595968
1.603119
1.603119
1.605893
1.605893
1.594587
1.594587
1.611062
1.611062
1.595368
1.595368
1.604554
1.604554
1.609707
1.609707
1.600413
1.600413
1.609947
1.609947
1.599846
1.599846
1.601220
1.601220
1.602249
1.602249
1.601469
1.601469
1.605243
1.605243
1.597236
1.597236
1.606298
1.606298
1.603592
1.603592
1.603651
1.603651
1.601307
1.601307
1.605684
1.605684
1.598382
1.598382
1.604986
1.604986
1.586296
1.586296
1.613081
1.613081
1.599341
1.599341
1.608251
1.608251
1.607408
1.607408
1.615151
1.615151
1.596281
1.596281
1.589011
1.589011
1.612363
1.612363
1.599963
1.599963
1.594166
1.594166
1.609288
1.609288
1.596503
1.596503
1.606525
1.606525
1.607728
1.607728
1.603148
1.603148
1.592402
1.592402
1.605264
1.605264
1.597754
1.597754
1.617479
1.617479
1.598708
1.598708
1.596797
1.596797
1.596217
1.596217
1.614715
1.614715
1.607502
1.607502
1.609577
1.609577
1.604717
1.604717
1.598919
1.598919
1.606709
1.606709
1.590510
1.590510
1.611037
1.611037
1.596202
1.596202
1.602978
1.602978
1.602230
1.602230
1.599715
1.599715
1.609751
1.609751
1.617703
1.617703
1.595631
1.595631
1.593963
1.593963
1.593827
1.593827
1.590983
1.590983
1.603649
1.603649
1.609012
1.609012
1.596652
1.596652
1.614632
1.614632
1.597590
1.597590
1.613665
1.613665
1.594015
1.594015
1.599202
1.599202
1.609278
1.609278
1.603878
1.603878
1.606287
1.606287
1.605832
1.605832
1.596891
1.596891
1.598622
1.598622
1.613422
1.613422
1.608741
1.608741
1.597488
1.597488
1.605340
1.605340
1.583346
1.583346
1.612713
1.612713
1.603151
1.603151
1.595063
1.595063
1.596111
1.596111
1.605650
1.605650
1.594866
1.594866
1.605072
1.605072
1.615552
1.615552
1.594588
1.594588
1.601714
1.601714
1.611392
1.611392
1.591481
1.591481
1.610895
1.610895
1.591067
1.591067
1.608134
1.608134
1.594906
1.594906
1.609040
1.609040
1.608278
1.608278
1.595165
1.595165
1.604808
1.604808
1.598048
1.598048
1.611722
1.611722
1.606963
1.606963
1.592974
1.592974
1.601769
1.601769
1.611377
1.611377
1.587912
1.587912
1.608173
1.608173
1.604079
1.604079
1.599336
1.599336
1.612722
1.612722
1.584060
1.584060
1.595275
1.595275
1.620417
1.620417
1.598032
1.598032
1.609271
1.609271
1.601976
1.601976
1.601245
1.601245
1.604518
1.604518
1.592234
1.592234
1.591336
1.591336
1.624088
1.624088
1.607960
1.607960
1.594670
1.594670
1.590793
1.590793
1.599211
1.599211
1.596714
1.596714
1.601901
1.601901
1.601333
1.601333
1.614276
1.614276
1.597273
1.597273
1.597375
1.597375
1.607126
1.607126
1.599491
1.599491
1.611504
1.611504
1.603673
1.603673
1.590129
1.590129
1.598753
1.598753
1.612180
1.612180
1.607039
1.607039
1.598944
1.598944
1.601182
1.601182
1.608185
1.608185
1.596908
1.596908
1.606306
1.606306
1.609726
1.609726
1.600752
1.600752
1.604970
1.604970
1.594523
1.594523
1.600234
1.600234
1.613093
1.613093
1.595504
1.595504
1.606389
1.606389
1.596363
1.596363
1.598376
1.598376
1.609865
1.609865
1.604148
1.604148
1.580787
1.580787
1.603105
1.603105
1.615046
1.615046
1.597460
1.597460
1.606309
1.606309
1.598680
1.598680
1.602193
1.602193
1.606488
1.606488
1.592116
1.592116
1.600621
1.600621
1.598397
1.598397
1.606333
1.606333
1.615324
1.615324
1.600025
1.600025
1.609918
1.609918
1.597679
1.597679
1.611828
1.611828
1.587712
1.587712
1.592432
1.592432
1.611057
1.611057
1.615061
1.615061
1.593007
1.593007
1.597446
1.597446
1.591046
1.591046
1.611396
1.611396
1.594721
1.594721
1.606241
1.606241
1.607505
1.607505
1.601956
1.601956
1.590748
1.590748
1.610422
1.610422
1.609548
1.609548
1.595787
1.595787
1.599174
1.599174
1.597964
1.597964
1.609816
1.609816
1.607893
1.607893
1.592946
1.592946
1.621809
1.621809
1.598665
1.598665
1.604121
1.604121
1.595449
1.595449
1.586321
1.586321
1.590725
1.590725
1.599987
1.599987
1.597319
1.597319
1.611883
1.611883
1.611352
1.611352
1.602540
1.602540
1.602444
1.602444
1.601475
1.601475
1.604004
1.604004
1.598037
1.598037
1.589588
1.589588
1.622535
1.622535
1.593788
1.593788
1.597238
1.597238
1.607052
1.607052
1.587554
1.587554
1.601426
1.601426
1.609896
1.609896
1.603290
1.603290
1.608150
1.608150
1.609148
1.609148
1.601702
1.601702
1.603262
1.603262
1.590267
1.590267
1.605262
1.605262
1.615472
1.615472
1.604744
1.604744
1.600170
1.600170
1.591412
1.591412
1.595863
1.595863
1.613787
1.613787
1.592437
1.592437
1.594668
1.594668
1.607646
1.607646
1.599811
1.599811
1.596180
1.596180
1.601578
1.601578
1.602222
1.602222
1.598397
1.598397
1.612388
1.612388
1.601620
1.601620
1.596241
1.596241
1.595532
1.595532
1.610373
1.610373
1.605515
1.605515
1.601907
1.601907
1.600055
1.600055
1.595328
1.595328
1.598406
1.598406
1.615477
1.615477
1.607516
1.607516
1.588671
1.588671
1.595409
1.595409
1.611285
1.611285
1.606368
1.606368
1.600555
1.600555
1.601133
1.601133
1.599371
1.599371
1.604395
1.604395
1.603022
1.603022
1.596393
1.596393
1.593420
1.593420
1.610064
1.610064
1.606883
1.606883
1.601262
1.601262
1.601149
1.601149
1.598022
1.598022
1.602038
1.602038
1.605255
1.605255
1.601502
1.601502
1.599198
1.599198
1.595481
1.595481
1.610132
1.610132
1.607924
1.607924
1.593541
1.593541
1.596911
1.596911
1.590908
1.590908
1.608853
1.608853
1.609985
1.609985
1.601011
1.601011
1.611031
1.611031
1.591428
1.591428
1.599587
1.599587
1.603756
1.603756
1.601960
1.601960
1.594622
1.594622
1.599379
1.599379
1.616507
1.616507
1.604551
1.604551
1.590271
1.590271
1.599170
1.599170
1.605783
1.605783
1.606548
1.606548
1.607311
1.607311
1.585449
1.585449
1.594889
1.594889
1.601982
1.601982
1.606907
1.606907
1.594847
1.594847
1.610555
1.610555
1.599051
1.599051
1.608417
1.608417
1.600048
1.600048
1.597392
1.597392
1.602576
1.602576
1.607961
1.607961
1.595072
1.595072
1.612242
1.612242
1.595468
1.595468
1.595158
1.595158
1.594053
1.594053
1.602044
1.602044
1.595417
1.595417
1.614673
1.614673
1.600730
1.600730
1.585217
1.585217
1.606514
1.606514
1.604344
1.604344
1.609090
1.609090
1.601886
1.601886
1.605166
1.605166
1.603400
1.603400
1.601234
1.601234
1.608806
1.608806
1.584952
1.584952
1.599429
1.599429
1.599027
1.599027
1.601318
1.601318
1.598512
1.598512
1.610224
1.610224
1.604899
1.604899
1.594418
1.594418
1.584994
1.584994
1.615192
1.615192
1.608579
1.608579
1.603611
1.603611
1.601161
1.601161
1.594823
1.594823
1.607739
1.607739
1.598668
1.598668
1.592320
1.592320
1.585115
1.585115
1.606988
1.606988
1.610586
1.610586
1.613957
1.613957
1.601015
1.601015
1.597783
1.597783
1.588720
1.588720
1.620165
1.620165
1.597987
1.597987
1.609158
1.609158
1.599086
1.599086
1.603517
1.603517
1.594004
1.594004
1.600267
1.600267
1.594286
1.594286
1.611428
1.611428
1.595755
1.595755
1.609074
1.609074
1.594170
1.594170
1.606492
1.606492
1.599559
1.599559
1.597612
1.597612
1.594473
1.594473
1.609560
1.609560
1.591404
1.591404
1.607047
1.607047
1.593568
1.593568
1.608174
1.608174
1.606868
1.606868
1.594550
1.594550
1.590882
1.590882
1.600395
1.600395
1.606505
1.606505
1.616577
1.616577
1.609041
1.609041
1.585918
1.585918
1.611865
1.611865
1.599627
1.599627
1.598809
1.598809
1.599035
1.599035
1.606660
1.606660
1.600870
1.600870
1.604071
1.604071
1.593462
1.593462
1.584848
1.584848
1.615574
1.615574
1.611494
1.611494
1.595671
1.595671
1.597148
1.597148
1.599995
1.599995
1.590459
1.590459
1.591718
1.591718
1.612059
1.612059
1.613719
1.613719
1.608512
1.608512
1.602399
1.602399
1.602552
1.602552
1.599075
1.599075
1.590722
1.590722
1.598728
1.598728
1.601754
1.601754
1.604402
1.604402
1.602162
1.602162
1.597466
1.597466
1.600469
1.600469
1.600284
1.600284
1.602340
1.602340
1.602947
1.602947
1.598602
1.598602
1.604919
1.604919
1.589164
1.589164
1.604108
1.604108
1.611686
1.611686
1.593689
1.593689
1.608259
1.608259
1.597417
1.597417
1.595933
1.595933
1.605286
1.605286
1.597300
1.597300
1.607265
1.607265
1.596766
1.596766
1.606340
1.606340
1.596553
1.596553
1.597149
1.597149
1.601305
1.601305
1.604103
1.604103
1.606962
1.606962
1.596435
1.596435
1.594673
1.594673
1.602788
1.602788
1.596931
1.596931
1.601330
1.601330
1.597647
1.597647
1.607189
1.607189
1.611711
1.611711
1.604623
1.604623
1.596995
1.596995
1.607400
1.607400
1.579534
1.579534
1.599709
1.599709
1.603948
1.603948
1.604189
1.604189
1.596855
1.596855
1.599444
1.599444
1.599022
1.599022
1.598848
1.598848
1.590469
1.590469
1.619040
1.619040
1.595984
1.595984
1.594664
1.594664
1.610472
1.610472
1.597645
1.597645
1.608225
1.608225
1.591334
1.591334
1.598701
1.598701
1.600338
1.600338
1.597680
1.597680
1.595317
1.595317
1.614931
1.614931
1.603885
1.603885
1.595966
1.595966
1.594297
1.594297
1.605377
1.605377
1.605461
1.605461
1.601566
1.601566
1.606449
1.606449
1.609146
1.609146
1.601312
1.601312
1.581664
1.581664
1.599929
1.599929
1.605742
1.605742
1.600342
1.600342
1.592177
1.592177
1.606897
1.606897
1.604147
1.604147
1.585772
1.585772
1.603903
1.603903
1.601482
1.601482
1.610388
1.610388
1.599152
1.599152
1.600512
1.600512
1.607302
1.607302
1.606542
1.606542
1.587516
1.587516
1.600523
1.600523
1.605337
1.605337
1.598113
1.598113
1.602607
1.602607
1.596067
1.596067
1.600023
1.600023
1.597606
1.597606
1.594114
1.594114
1.601359
1.601359
1.612796
1.612796
1.596235
1.596235
1.594988
1.594988
1.600752
1.600752
1.611896
1.611896
1.599216
1.599216
1.584026
1.584026
1.608720
1.608720
1.599613
1.599613
1.596376
1.596376
1.618029
1.618029
1.607367
1.607367
1.604961
1.604961
1.596359
1.596359
1.606904
1.606904
1.584347
1.584347
1.603112
1.603112
1.605785
1.605785
1.593483
1.593483
1.612473
1.612473
1.585153
1.585153
1.600752
1.600752
1.618282
1.618282
1.590790
1.590790
1.604706
1.604706
1.585449
1.585449
1.604086
1.604086
1.602717
1.602717
1.600051
1.600051
1.600784
1.600784
1.593948
1.593948
1.612712
1.612712
1.594528
1.594528
1.598254
1.598254
1.591892
1.591892
1.606648
1.606648
1.604398
1.604398
1.599283
1.599283
1.595633
1.595633
1.598949
1.598949
1.605447
1.605447
1.605549
1.605549
1.605081
1.605081
1.605574
1.605574
1.591483
1.591483
1.593550
1.593550
1.593106
1.593106
1.610158
1.610158
1.599119
1.599119
1.607514
1.607514
1.590674
1.590674
1.596424
1.596424
1.605970
1.605970
1.599185
1.599185
1.599625
1.599625
1.601417
1.601417
1.602742
1.602742
1.593872
1.593872
1.590865
1.590865
1.606840
1.606840
1.609909
1.609909
1.596479
1.596479
1.599103
1.599103
1.595581
1.595581
1.612741
1.612741
1.597817
1.597817
1.604438
1.604438
1.598666
1.598666
1.608803
1.608803
1.594101
1.594101
1.595071
1.595071
1.596807
1.596807
1.600482
1.600482
1.604121
1.604121
1.599867
1.599867
1.600862
1.600862
1.592983
1.592983
1.606157
1.606157
1.606590
1.606590
1.600412
1.600412
1.594669
1.594669
1.589657
1.589657
1.600265
1.600265
1.604593
1.604593
1.596483
1.596483
1.613485
1.613485
1.607959
1.607959
1.603271
1.603271
1.604596
1.604596
1.598031
1.598031
1.584805
1.584805
1.593636
1.593636
1.606700
1.606700
1.602847
1.602847
1.599250
1.599250
1.598975
1.598975
1.592856
1.592856
1.593111
1.593111
1.588624
1.588624
1.621363
1.621363
1.606964
1.606964
