0.7563
1.3936
1.2564
1.3243
0.7918
0.9826
1.0565
0.7935
0.8479
0.8105
0.7065
0.9057
0.6750
0.9367
0.5809
0.6622
0.7393
0.9646
0.7037
0.7401
0.5366
0.6597
1.1312
0.8484
0.5615
0.8128
0.7976
0.8598
0.5210
0.5093
0.5297
0.5453
0.6395
0.6037
0.6073
0.6912
0.7120
0.5603
0.6142
0.7890
0.8830
0.5636
0.6431
0.6654
0.4672
0.6682
0.6827
0.6631
0.5366
0.5263
0.6423
1.1156
0.6520
0.7634
0.5566
0.5135
0.7714
0.5214
0.5846
0.5398
0.6139
0.5382
0.7015
0.3871
0.5734
0.5187
0.7472
0.5046
0.5167
0.5704
0.5356
0.5356
0.5813
0.4230
0.4949
