1.0067
1.5932
1.7496
1.5535
1.1697
1.1589
0.9883
1.2390
1.1126
0.8622
0.9985
1.0613
1.0711
0.8130
1.0574
0.9747
1.0074
1.2852
0.8933
0.9855
1.3527
1.0736
1.0358
0.8917
0.6785
0.7578
0.7662
0.8056
1.0151
0.9095
0.8319
0.6915
0.9334
0.9210
0.9908
0.6243
0.9145
0.8192
0.7099
1.0172
0.6894
0.9549
1.0938
0.7894
0.7530
0.7546
0.7417
0.6578
0.8130
0.7099
0.7780
0.9318
0.5294
0.7889
0.9999
0.6441
0.6654
0.7844
0.6394
0.7384
0.7665
0.6385
0.6809
0.6493
0.7605
0.8523
0.6709
0.7833
0.6247
0.8205
0.6051
0.8638
0.7939
0.7412
0.6970
