0.4327
0.5366
0.6786
0.7070
0.6605
0.6138
0.6058
0.6040
0.5931
0.6794
0.5854
0.5749
0.6503
0.6001
0.6142
0.5362
0.4957
0.5512
0.5448
0.5342
0.5451
0.5479
0.5596
0.5260
0.5726
0.5817
0.6124
0.5449
0.5149
0.5278
0.4966
0.5063
0.5128
0.4887
0.5415
0.5086
0.5187
0.5936
0.5385
0.5712
0.5280
0.4640
0.4742
0.5000
0.5033
0.4888
0.5704
0.4934
0.5304
0.5623
0.5554
0.5077
0.4849
0.5351
0.4568
0.4415
0.4881
0.5045
0.5021
0.4552
0.4466
0.5557
0.4821
0.5507
0.5060
0.4749
0.4874
0.4655
0.5575
0.4690
0.4794
0.4641
0.4601
0.5244
0.5046
