2.319500
2.319500
2.317188
2.317188
2.316475
2.316475
2.314608
2.314608
2.313674
2.313674
2.311282
2.311282
2.309154
2.309154
2.305915
2.305915
2.300095
2.300095
2.300042
2.300042
2.295230
2.295230
2.290165
2.290165
2.283801
2.283801
2.277692
2.277692
2.273582
2.273582
2.266785
2.266785
2.261071
2.261071
2.251078
2.251078
2.242701
2.242701
2.235115
2.235115
2.224738
2.224738
2.219429
2.219429
2.198421
2.198421
2.195149
2.195149
2.182474
2.182474
2.167641
2.167641
2.153490
2.153490
2.141079
2.141079
2.121161
2.121161
2.110995
2.110995
2.088984
2.088984
2.072280
2.072280
2.058010
2.058010
2.038768
2.038768
2.022652
2.022652
2.002352
2.002352
1.975249
1.975249
1.962436
1.962436
1.949243
1.949243
1.932433
1.932433
1.902557
1.902557
1.886491
1.886491
1.882309
1.882309
1.862041
1.862041
1.852726
1.852726
1.829138
1.829138
1.816782
1.816782
1.806609
1.806609
1.794257
1.794257
1.782325
1.782325
1.771035
1.771035
1.760842
1.760842
1.758579
1.758579
1.746772
1.746772
1.731628
1.731628
1.735424
1.735424
1.724454
1.724454
1.714730
1.714730
1.715469
1.715469
1.704392
1.704392
1.701192
1.701192
1.691066
1.691066
1.699730
1.699730
1.701560
1.701560
1.690226
1.690226
1.695371
1.695371
1.678258
1.678258
1.682033
1.682033
1.689251
1.689251
1.668239
1.668239
1.682554
1.682554
1.675053
1.675053
1.679319
1.679319
1.665210
1.665210
1.673769
1.673769
1.670548
1.670548
1.675018
1.675018
1.667142
1.667142
1.670590
1.670590
1.669475
1.669475
1.669033
1.669033
1.657820
1.657820
1.665752
1.665752
1.671898
1.671898
1.677915
1.677915
1.661628
1.661628
1.670727
1.670727
1.670577
1.670577
1.666783
1.666783
1.660880
1.660880
1.662532
1.662532
1.662827
1.662827
1.669368
1.669368
1.663800
1.663800
1.666007
1.666007
1.651842
1.651842
1.662480
1.662480
1.664847
1.664847
1.670277
1.670277
1.669907
1.669907
1.669523
1.669523
1.654321
1.654321
1.660789
1.660789
1.658422
1.658422
1.671760
1.671760
1.655131
1.655131
1.661922
1.661922
1.666359
1.666359
1.660535
1.660535
1.664375
1.664375
1.664077
1.664077
1.659231
1.659231
1.660443
1.660443
1.659088
1.659088
1.659106
1.659106
1.663858
1.663858
1.657516
1.657516
1.657122
1.657122
1.654206
1.654206
1.664981
1.664981
1.662387
1.662387
1.656232
1.656232
1.649486
1.649486
1.657764
1.657764
1.665034
1.665034
1.665914
1.665914
1.664104
1.664104
1.649936
1.649936
1.634615
1.634615
1.667729
1.667729
1.655253
1.655253
1.652799
1.652799
1.653537
1.653537
1.654672
1.654672
1.650820
1.650820
1.653296
1.653296
1.655200
1.655200
1.650457
1.650457
1.648049
1.648049
1.648425
1.648425
1.643480
1.643480
1.652771
1.652771
1.644957
1.644957
1.650478
1.650478
1.654889
1.654889
1.645739
1.645739
1.637545
1.637545
1.649035
1.649035
1.647864
1.647864
1.653461
1.653461
1.646872
1.646872
1.639311
1.639311
1.649290
1.649290
1.638329
1.638329
1.643779
1.643779
1.634207
1.634207
1.649277
1.649277
1.639047
1.639047
1.647353
1.647353
1.631509
1.631509
1.634491
1.634491
1.638028
1.638028
1.641760
1.641760
1.639943
1.639943
1.635779
1.635779
1.636711
1.636711
1.629868
1.629868
1.633692
1.633692
1.629883
1.629883
1.652063
1.652063
1.636029
1.636029
1.635564
1.635564
1.634818
1.634818
1.629019
1.629019
1.630172
1.630172
1.638830
1.638830
1.618485
1.618485
1.632796
1.632796
1.631727
1.631727
1.630779
1.630779
1.628934
1.628934
1.634252
1.634252
1.633872
1.633872
1.621026
1.621026
1.619229
1.619229
1.623536
1.623536
1.623673
1.623673
1.622560
1.622560
1.632687
1.632687
1.623549
1.623549
1.620445
1.620445
1.626840
1.626840
1.619500
1.619500
1.618999
1.618999
1.629687
1.629687
1.626492
1.626492
1.618644
1.618644
1.622921
1.622921
1.619928
1.619928
1.613012
1.613012
1.617940
1.617940
1.626577
1.626577
1.622568
1.622568
1.612736
1.612736
1.610819
1.610819
1.623521
1.623521
1.609601
1.609601
1.617106
1.617106
1.613267
1.613267
1.618603
1.618603
1.615319
1.615319
1.611643
1.611643
1.621281
1.621281
1.613558
1.613558
1.610123
1.610123
1.616039
1.616039
1.615449
1.615449
1.611871
1.611871
1.614494
1.614494
1.605049
1.605049
1.613132
1.613132
1.597724
1.597724
1.612485
1.612485
1.615403
1.615403
1.618156
1.618156
1.614006
1.614006
1.609286
1.609286
1.596666
1.596666
1.611335
1.611335
1.614570
1.614570
1.615927
1.615927
1.596225
1.596225
1.601591
1.601591
1.607308
1.607308
1.614568
1.614568
1.609929
1.609929
1.605520
1.605520
1.605014
1.605014
1.603745
1.603745
1.597773
1.597773
1.598204
1.598204
1.599679
1.599679
1.596272
1.596272
1.617316
1.617316
1.602773
1.602773
1.601662
1.601662
1.595933
1.595933
1.609036
1.609036
1.602544
1.602544
1.594462
1.594462
1.608609
1.608609
1.598779
1.598779
1.587682
1.587682
1.598851
1.598851
1.604466
1.604466
1.597197
1.597197
1.603616
1.603616
1.595122
1.595122
1.595194
1.595194
1.598799
1.598799
1.583665
1.583665
1.603336
1.603336
1.596030
1.596030
1.603420
1.603420
1.595023
1.595023
1.591880
1.591880
1.606553
1.606553
1.591942
1.591942
1.587944
1.587944
1.595835
1.595835
1.596735
1.596735
1.591731
1.591731
1.597581
1.597581
1.598813
1.598813
1.577473
1.577473
1.584063
1.584063
1.602261
1.602261
1.592412
1.592412
1.586240
1.586240
1.595367
1.595367
1.599221
1.599221
1.592502
1.592502
1.592550
1.592550
1.587646
1.587646
1.578721
1.578721
1.584719
1.584719
1.583922
1.583922
1.585965
1.585965
1.602847
1.602847
1.592041
1.592041
1.581484
1.581484
1.586697
1.586697
1.587194
1.587194
1.594190
1.594190
1.599403
1.599403
1.607300
1.607300
1.578416
1.578416
1.586191
1.586191
1.581395
1.581395
1.591661
1.591661
1.577404
1.577404
1.577768
1.577768
1.603946
1.603946
1.590632
1.590632
1.593414
1.593414
1.587018
1.587018
1.593340
1.593340
1.594062
1.594062
1.589371
1.589371
1.572752
1.572752
1.591794
1.591794
1.584595
1.584595
1.581971
1.581971
1.587398
1.587398
1.596818
1.596818
1.591306
1.591306
1.587088
1.587088
1.589671
1.589671
1.587765
1.587765
1.583062
1.583062
1.588814
1.588814
1.588655
1.588655
1.591637
1.591637
1.577850
1.577850
1.593098
1.593098
1.585351
1.585351
1.593458
1.593458
1.583938
1.583938
1.592250
1.592250
1.579984
1.579984
1.584389
1.584389
1.593295
1.593295
1.577375
1.577375
1.588709
1.588709
1.592906
1.592906
1.581518
1.581518
1.587802
1.587802
1.588761
1.588761
1.585215
1.585215
1.593300
1.593300
1.586112
1.586112
1.595451
1.595451
1.584854
1.584854
1.583862
1.583862
1.586356
1.586356
1.588392
1.588392
1.588845
1.588845
1.590169
1.590169
1.589829
1.589829
1.581497
1.581497
1.585997
1.585997
1.593197
1.593197
1.589365
1.589365
1.587693
1.587693
1.585895
1.585895
1.579074
1.579074
1.589439
1.589439
1.592711
1.592711
1.583145
1.583145
1.603138
1.603138
1.589830
1.589830
1.581519
1.581519
1.593553
1.593553
1.590200
1.590200
1.590471
1.590471
1.587885
1.587885
1.588242
1.588242
1.588659
1.588659
1.594743
1.594743
1.587078
1.587078
1.586026
1.586026
1.603160
1.603160
1.590852
1.590852
1.583268
1.583268
1.584896
1.584896
1.590880
1.590880
1.589165
1.589165
1.593352
1.593352
1.584717
1.584717
1.594550
1.594550
1.595130
1.595130
1.589523
1.589523
1.595345
1.595345
1.582774
1.582774
1.590778
1.590778
1.584302
1.584302
1.594778
1.594778
1.594937
1.594937
1.592204
1.592204
1.589084
1.589084
1.587814
1.587814
1.588196
1.588196
1.591339
1.591339
1.589442
1.589442
1.604039
1.604039
1.600003
1.600003
1.604425
1.604425
1.581331
1.581331
1.588335
1.588335
1.582027
1.582027
1.602744
1.602744
1.589436
1.589436
1.588928
1.588928
1.584634
1.584634
1.593264
1.593264
1.593086
1.593086
1.590269
1.590269
1.585542
1.585542
1.595359
1.595359
1.595323
1.595323
1.583669
1.583669
1.583479
1.583479
1.592811
1.592811
1.594702
1.594702
1.607262
1.607262
1.592166
1.592166
1.592997
1.592997
1.594901
1.594901
1.595356
1.595356
1.577387
1.577387
1.598378
1.598378
1.582311
1.582311
1.591456
1.591456
1.589766
1.589766
1.592196
1.592196
1.597757
1.597757
1.591843
1.591843
1.579616
1.579616
1.586041
1.586041
1.598238
1.598238
1.603000
1.603000
1.583237
1.583237
1.591780
1.591780
1.585940
1.585940
1.584633
1.584633
1.586197
1.586197
1.593261
1.593261
1.590089
1.590089
1.590746
1.590746
1.588103
1.588103
1.586424
1.586424
1.588226
1.588226
1.595643
1.595643
1.586295
1.586295
1.590942
1.590942
1.592838
1.592838
1.583952
1.583952
1.585578
1.585578
1.588815
1.588815
1.594370
1.594370
1.588569
1.588569
1.578627
1.578627
1.591335
1.591335
1.595150
1.595150
1.587060
1.587060
1.583268
1.583268
1.592614
1.592614
1.588942
1.588942
1.585696
1.585696
1.587028
1.587028
1.586269
1.586269
1.587929
1.587929
1.586402
1.586402
1.589504
1.589504
1.583082
1.583082
1.588364
1.588364
1.589680
1.589680
1.583819
1.583819
1.584647
1.584647
1.583860
1.583860
1.578213
1.578213
1.587991
1.587991
1.574968
1.574968
1.588775
1.588775
1.604015
1.604015
1.586224
1.586224
1.580773
1.580773
1.592618
1.592618
1.584153
1.584153
1.583727
1.583727
1.584875
1.584875
1.579259
1.579259
1.584782
1.584782
1.583543
1.583543
1.595696
1.595696
1.577259
1.577259
1.587417
1.587417
1.587629
1.587629
1.586124
1.586124
1.584866
1.584866
1.586201
1.586201
1.582923
1.582923
1.579301
1.579301
1.574409
1.574409
1.603336
1.603336
1.579549
1.579549
1.587639
1.587639
1.583487
1.583487
1.583376
1.583376
1.585638
1.585638
1.581888
1.581888
1.596502
1.596502
1.583490
1.583490
1.578867
1.578867
1.573090
1.573090
1.588686
1.588686
1.585159
1.585159
1.581142
1.581142
1.582675
1.582675
1.573967
1.573967
1.583366
1.583366
1.577725
1.577725
1.577931
1.577931
1.584219
1.584219
1.589990
1.589990
1.582879
1.582879
1.589406
1.589406
1.579202
1.579202
1.578832
1.578832
1.577212
1.577212
1.577072
1.577072
1.583005
1.583005
1.581899
1.581899
1.579243
1.579243
1.586510
1.586510
1.581163
1.581163
1.587061
1.587061
1.575652
1.575652
1.575828
1.575828
1.587038
1.587038
1.573801
1.573801
1.574198
1.574198
1.584297
1.584297
1.585238
1.585238
1.589092
1.589092
1.579827
1.579827
1.586341
1.586341
1.582267
1.582267
1.577666
1.577666
1.575294
1.575294
1.585779
1.585779
1.576616
1.576616
1.577828
1.577828
1.573997
1.573997
1.586920
1.586920
1.581347
1.581347
1.579044
1.579044
1.582045
1.582045
1.580078
1.580078
1.570908
1.570908
1.575914
1.575914
1.580743
1.580743
1.573477
1.573477
1.586698
1.586698
1.573687
1.573687
1.580503
1.580503
1.576913
1.576913
1.581885
1.581885
1.569576
1.569576
1.579892
1.579892
1.574100
1.574100
1.580430
1.580430
1.579806
1.579806
1.573480
1.573480
1.578084
1.578084
1.580853
1.580853
1.578623
1.578623
1.573627
1.573627
1.577446
1.577446
1.571232
1.571232
1.569706
1.569706
1.578639
1.578639
1.578089
1.578089
1.578646
1.578646
1.576691
1.576691
1.581298
1.581298
1.577400
1.577400
1.574408
1.574408
1.569732
1.569732
1.578030
1.578030
1.578256
1.578256
1.570036
1.570036
1.577379
1.577379
1.572677
1.572677
1.581737
1.581737
1.580247
1.580247
1.569991
1.569991
1.574219
1.574219
1.577759
1.577759
1.574331
1.574331
1.576747
1.576747
1.574112
1.574112
1.575946
1.575946
1.573175
1.573175
1.575163
1.575163
1.573688
1.573688
1.584214
1.584214
1.576282
1.576282
1.567453
1.567453
1.572352
1.572352
1.585093
1.585093
1.566955
1.566955
1.575894
1.575894
1.573384
1.573384
1.572323
1.572323
1.567899
1.567899
1.572754
1.572754
1.573643
1.573643
1.580866
1.580866
1.579805
1.579805
1.576985
1.576985
1.577874
1.577874
1.569941
1.569941
1.570992
1.570992
1.577889
1.577889
1.576553
1.576553
1.575422
1.575422
1.570773
1.570773
1.574672
1.574672
1.575321
1.575321
1.580684
1.580684
1.584839
1.584839
1.567426
1.567426
1.571061
1.571061
1.566795
1.566795
1.570283
1.570283
1.584125
1.584125
1.577849
1.577849
1.574649
1.574649
1.562990
1.562990
1.571286
1.571286
1.565663
1.565663
1.581324
1.581324
1.572841
1.572841
1.583632
1.583632
1.577826
1.577826
1.571376
1.571376
1.574690
1.574690
1.575098
1.575098
1.571254
1.571254
1.572872
1.572872
1.568796
1.568796
1.582415
1.582415
1.568915
1.568915
1.575743
1.575743
1.575801
1.575801
1.573308
1.573308
1.568006
1.568006
1.574204
1.574204
1.574346
1.574346
1.572875
1.572875
1.574855
1.574855
1.574523
1.574523
1.569997
1.569997
1.569805
1.569805
1.572594
1.572594
1.570187
1.570187
1.574103
1.574103
1.563315
1.563315
1.582952
1.582952
1.572979
1.572979
1.577489
1.577489
1.577858
1.577858
1.563743
1.563743
1.564201
1.564201
1.559289
1.559289
1.577788
1.577788
1.576676
1.576676
1.571322
1.571322
1.570942
1.570942
1.568897
1.568897
1.570363
1.570363
1.572552
1.572552
1.565422
1.565422
1.579120
1.579120
1.577102
1.577102
1.574727
1.574727
1.569819
1.569819
1.563829
1.563829
1.565902
1.565902
1.580122
1.580122
1.568185
1.568185
1.572950
1.572950
1.565995
1.565995
1.563928
1.563928
1.578114
1.578114
1.570331
1.570331
1.567756
1.567756
1.566495
1.566495
1.571744
1.571744
1.570584
1.570584
1.572124
1.572124
1.565282
1.565282
1.568526
1.568526
1.580451
1.580451
1.572669
1.572669
1.574119
1.574119
1.569335
1.569335
1.556692
1.556692
1.585062
1.585062
1.559367
1.559367
1.566470
1.566470
1.572750
1.572750
1.574919
1.574919
1.583759
1.583759
1.563438
1.563438
1.581176
1.581176
1.567402
1.567402
1.572881
1.572881
1.567670
1.567670
1.571476
1.571476
1.558354
1.558354
1.573978
1.573978
1.574606
1.574606
1.574631
1.574631
1.581456
1.581456
1.569267
1.569267
1.569132
1.569132
1.568574
1.568574
1.558692
1.558692
1.580403
1.580403
1.571854
1.571854
1.559127
1.559127
1.570630
1.570630
1.563985
1.563985
1.567213
1.567213
1.569215
1.569215
1.569473
1.569473
1.564431
1.564431
1.578472
1.578472
1.572958
1.572958
1.570709
1.570709
1.567572
1.567572
1.566953
1.566953
1.568701
1.568701
1.577852
1.577852
1.566669
1.566669
1.562696
1.562696
1.570831
1.570831
1.568766
1.568766
1.572001
1.572001
1.569939
1.569939
1.564764
1.564764
1.570933
1.570933
1.568611
1.568611
1.566661
1.566661
1.570794
1.570794
1.564144
1.564144
1.571577
1.571577
1.573102
1.573102
1.568422
1.568422
1.567651
1.567651
1.566167
1.566167
1.569563
1.569563
1.572538
1.572538
1.569895
1.569895
1.567724
1.567724
1.576765
1.576765
1.560527
1.560527
1.565649
1.565649
1.571700
1.571700
1.563517
1.563517
1.571113
1.571113
1.569929
1.569929
1.561193
1.561193
1.566260
1.566260
1.567580
1.567580
1.567801
1.567801
1.563482
1.563482
1.573761
1.573761
1.576325
1.576325
1.571815
1.571815
1.564687
1.564687
1.559518
1.559518
1.564268
1.564268
1.575357
1.575357
1.566832
1.566832
1.573628
1.573628
1.561177
1.561177
1.557068
1.557068
1.561704
1.561704
1.571873
1.571873
1.568560
1.568560
1.560662
1.560662
1.574620
1.574620
1.572068
1.572068
1.567730
1.567730
1.567331
1.567331
1.568750
1.568750
1.555814
1.555814
1.560258
1.560258
1.565234
1.565234
1.571143
1.571143
1.568871
1.568871
1.568505
1.568505
1.566449
1.566449
1.566943
1.566943
1.565213
1.565213
1.565867
1.565867
1.569744
1.569744
1.559989
1.559989
1.565750
1.565750
1.568455
1.568455
1.574081
1.574081
1.563918
1.563918
1.561128
1.561128
1.576396
1.576396
1.569630
1.569630
1.561714
1.561714
1.564703
1.564703
1.564564
1.564564
1.570095
1.570095
1.565160
1.565160
1.564201
1.564201
1.571756
1.571756
1.566852
1.566852
1.564238
1.564238
1.572947
1.572947
1.561499
1.561499
1.570259
1.570259
1.565775
1.565775
1.560493
1.560493
1.571090
1.571090
1.568749
1.568749
1.570175
1.570175
1.563979
1.563979
1.575412
1.575412
1.566452
1.566452
1.565856
1.565856
1.562027
1.562027
1.567598
1.567598
1.561229
1.561229
1.569019
1.569019
1.569842
1.569842
1.566691
1.566691
1.568556
1.568556
1.568948
1.568948
1.556908
1.556908
1.571986
1.571986
1.567693
1.567693
1.567644
1.567644
1.565136
1.565136
1.558362
1.558362
1.563810
1.563810
1.582709
1.582709
1.568299
1.568299
1.563645
1.563645
1.564540
1.564540
1.564428
1.564428
1.573849
1.573849
1.566026
1.566026
1.567805
1.567805
1.569948
1.569948
1.566504
1.566504
1.559399
1.559399
1.570914
1.570914
1.563201
1.563201
1.571317
1.571317
1.557644
1.557644
1.566601
1.566601
1.565480
1.565480
1.574066
1.574066
1.560346
1.560346
1.562009
1.562009
1.566494
1.566494
1.560508
1.560508
1.565323
1.565323
1.567231
1.567231
1.563083
1.563083
1.574190
1.574190
1.572294
1.572294
1.559689
1.559689
1.570050
1.570050
1.562880
1.562880
1.561924
1.561924
1.573703
1.573703
1.557584
1.557584
1.558470
1.558470
1.567998
1.567998
1.570161
1.570161
1.568913
1.568913
1.565647
1.565647
1.563990
1.563990
1.564089
1.564089
1.562112
1.562112
1.562885
1.562885
1.569490
1.569490
1.559008
1.559008
1.562661
1.562661
1.572023
1.572023
1.568105
1.568105
1.558197
1.558197
1.570404
1.570404
1.559156
1.559156
1.568539
1.568539
1.561212
1.561212
1.564821
1.564821
1.567131
1.567131
1.564454
1.564454
1.565962
1.565962
1.559652
1.559652
1.568720
1.568720
1.558643
1.558643
1.570878
1.570878
1.565372
1.565372
1.556346
1.556346
1.561364
1.561364
1.574297
1.574297
1.558328
1.558328
1.575241
1.575241
1.564377
1.564377
1.564440
1.564440
1.565348
1.565348
1.559356
1.559356
1.571026
1.571026
1.558877
1.558877
1.568169
1.568169
1.564265
1.564265
1.560116
1.560116
1.574105
1.574105
1.569817
1.569817
1.562908
1.562908
1.565780
1.565780
1.563930
1.563930
1.558333
1.558333
1.565969
1.565969
1.567234
1.567234
1.556521
1.556521
1.564075
1.564075
1.568130
1.568130
1.560211
1.560211
1.564683
1.564683
1.564633
1.564633
1.567439
1.567439
1.562299
1.562299
1.574728
1.574728
1.555307
1.555307
1.562680
1.562680
1.558934
1.558934
1.569449
1.569449
1.561331
1.561331
1.568658
1.568658
1.568386
1.568386
1.558649
1.558649
1.563995
1.563995
1.559433
1.559433
1.567995
1.567995
1.569041
1.569041
1.556669
1.556669
1.569948
1.569948
1.566196
1.566196
1.561493
1.561493
1.568486
1.568486
1.561258
1.561258
1.564590
1.564590
1.571336
1.571336
1.560772
1.560772
1.555107
1.555107
1.571617
1.571617
1.563363
1.563363
1.570595
1.570595
1.562875
1.562875
1.565135
1.565135
1.555174
1.555174
1.570076
1.570076
1.561015
1.561015
1.564206
1.564206
1.565576
1.565576
1.564856
1.564856
1.567392
1.567392
1.563706
1.563706
1.565561
1.565561
1.572453
1.572453
1.563218
1.563218
1.554650
1.554650
1.565073
1.565073
1.563111
1.563111
1.571061
1.571061
1.561229
1.561229
1.559586
1.559586
1.557425
1.557425
1.565707
1.565707
1.560053
1.560053
1.570611
1.570611
1.567453
1.567453
1.561357
1.561357
1.550930
1.550930
1.559022
1.559022
1.582762
1.582762
1.565416
1.565416
1.557121
1.557121
1.562448
1.562448
1.562623
1.562623
1.564984
1.564984
1.572802
1.572802
1.562899
1.562899
1.562674
1.562674
1.564353
1.564353
1.559410
1.559410
1.567947
1.567947
1.563697
1.563697
1.565799
1.565799
1.561942
1.561942
1.559610
1.559610
1.563537
1.563537
1.561877
1.561877
1.555885
1.555885
1.582335
1.582335
1.560131
1.560131
1.549617
1.549617
1.568859
1.568859
1.563068
1.563068
1.571086
1.571086
1.549691
1.549691
1.558698
1.558698
1.561016
1.561016
1.564424
1.564424
1.562756
1.562756
1.561572
1.561572
1.561542
1.561542
1.559910
1.559910
1.559173
1.559173
1.563749
1.563749
1.564465
1.564465
1.563655
1.563655
1.559468
1.559468
1.563650
1.563650
1.565358
1.565358
1.561397
1.561397
1.559510
1.559510
1.556691
1.556691
1.566203
1.566203
1.558390
1.558390
1.569209
1.569209
1.558833
1.558833
1.559238
1.559238
1.555322
1.555322
1.570897
1.570897
1.568933
1.568933
1.555428
1.555428
1.562394
1.562394
1.568121
1.568121
1.553744
1.553744
1.563752
1.563752
1.566083
1.566083
1.563917
1.563917
1.565259
1.565259
1.557601
1.557601
1.562115
1.562115
1.565921
1.565921
1.563557
1.563557
1.566416
1.566416
1.552286
1.552286
1.559594
1.559594
1.575256
1.575256
1.558502
1.558502
1.569550
1.569550
1.562488
1.562488
1.559208
1.559208
1.564655
1.564655
1.567703
1.567703
1.553144
1.553144
1.571619
1.571619
1.556142
1.556142
1.566458
1.566458
1.560653
1.560653
1.561589
1.561589
1.556254
1.556254
1.570107
1.570107
1.566076
1.566076
1.571831
1.571831
1.561719
1.561719
1.557423
1.557423
1.560802
1.560802
1.560856
1.560856
1.568600
1.568600
1.566844
1.566844
1.556401
1.556401
1.549366
1.549366
1.573695
1.573695
1.572783
1.572783
1.555998
1.555998
1.557881
1.557881
1.566455
1.566455
1.557380
1.557380
1.567657
1.567657
1.555908
1.555908
1.568217
1.568217
1.560391
1.560391
1.559150
1.559150
1.561810
1.561810
1.563490
1.563490
1.561205
1.561205
1.567715
1.567715
1.557218
1.557218
1.565406
1.565406
1.566568
1.566568
1.562971
1.562971
1.555283
1.555283
1.562114
1.562114
1.562371
1.562371
1.563533
1.563533
1.559227
1.559227
1.568902
1.568902
1.556561
1.556561
1.559237
1.559237
1.556740
1.556740
1.561041
1.561041
1.569788
1.569788
1.565425
1.565425
1.560993
1.560993
1.553818
1.553818
1.566152
1.566152
1.562952
1.562952
1.568863
1.568863
1.567697
1.567697
1.560225
1.560225
1.570294
1.570294
1.555690
1.555690
1.554923
1.554923
1.563906
1.563906
1.557065
1.557065
1.559297
1.559297
1.564526
1.564526
1.565845
1.565845
1.573870
1.573870
1.574168
1.574168
1.555303
1.555303
1.551350
1.551350
1.552172
1.552172
1.561642
1.561642
1.570016
1.570016
1.555986
1.555986
1.560467
1.560467
1.562087
1.562087
1.560708
1.560708
1.568660
1.568660
1.558050
1.558050
1.556566
1.556566
1.567722
1.567722
1.553992
1.553992
1.571522
1.571522
1.562743
1.562743
1.565851
1.565851
1.553388
1.553388
1.554497
1.554497
1.567276
1.567276
1.565255
1.565255
1.560461
1.560461
1.560880
1.560880
1.557256
1.557256
1.556228
1.556228
1.570121
1.570121
1.564913
1.564913
1.558225
1.558225
1.561922
1.561922
1.562446
1.562446
1.558945
1.558945
1.565670
1.565670
1.556581
1.556581
1.553948
1.553948
1.565330
1.565330
1.565789
1.565789
1.561034
1.561034
1.559679
1.559679
1.566935
1.566935
1.570578
1.570578
1.552304
1.552304
1.553346
1.553346
1.563224
1.563224
1.559949
1.559949
1.558478
1.558478
1.562832
1.562832
1.570071
1.570071
1.553293
1.553293
1.560791
1.560791
1.559072
1.559072
1.561706
1.561706
1.568793
1.568793
1.555795
1.555795
1.551828
1.551828
1.564297
1.564297
1.566285
1.566285
1.560608
1.560608
1.566130
1.566130
1.562841
1.562841
1.560916
1.560916
1.562203
1.562203
1.552723
1.552723
1.571798
1.571798
1.560113
1.560113
1.555973
1.555973
1.564093
1.564093
1.560657
1.560657
1.568617
1.568617
1.558638
1.558638
1.556752
1.556752
1.563748
1.563748
1.566957
1.566957
1.560828
1.560828
1.557601
1.557601
1.577045
1.577045
1.555994
1.555994
1.556565
1.556565
1.558004
1.558004
1.563903
1.563903
1.563994
1.563994
1.559838
1.559838
1.563608
1.563608
1.551727
1.551727
1.557467
1.557467
1.559445
1.559445
1.567408
1.567408
1.558309
1.558309
1.563706
1.563706
1.554997
1.554997
1.561323
1.561323
1.557449
1.557449
1.561725
1.561725
1.573937
1.573937
1.562559
1.562559
1.560858
1.560858
1.566171
1.566171
1.556424
1.556424
1.560580
1.560580
1.554575
1.554575
1.562654
1.562654
1.568340
1.568340
1.562681
1.562681
1.558554
1.558554
1.568590
1.568590
1.555098
1.555098
1.551057
1.551057
1.564351
1.564351
1.571699
1.571699
1.552745
1.552745
1.567210
1.567210
1.566770
1.566770
1.564675
1.564675
1.555680
1.555680
1.556875
1.556875
1.559915
1.559915
1.561379
1.561379
1.564968
1.564968
1.566813
1.566813
1.552187
1.552187
1.568437
1.568437
1.556086
1.556086
1.567655
1.567655
1.565930
1.565930
1.554787
1.554787
1.560627
1.560627
1.568320
1.568320
1.558889
1.558889
1.568081
1.568081
1.559346
1.559346
1.559503
1.559503
1.566079
1.566079
1.557685
1.557685
1.569051
1.569051
1.561138
1.561138
1.566775
1.566775
1.555503
1.555503
1.562521
1.562521
1.565564
1.565564
1.562941
1.562941
1.565652
1.565652
1.556259
1.556259
1.560861
1.560861
1.565778
1.565778
1.568868
1.568868
1.558380
1.558380
1.560724
1.560724
1.556504
1.556504
1.566070
1.566070
1.561983
1.561983
1.561678
1.561678
1.564639
1.564639
1.560710
1.560710
1.558089
1.558089
1.570478
1.570478
1.552610
1.552610
1.565169
1.565169
1.559815
1.559815
1.557469
1.557469
1.561341
1.561341
1.572494
1.572494
1.559338
1.559338
1.555807
1.555807
1.555842
1.555842
1.564262
1.564262
1.560220
1.560220
1.559139
1.559139
1.560814
1.560814
1.562006
1.562006
1.557804
1.557804
1.558136
1.558136
1.565974
1.565974
1.559789
1.559789
1.565693
1.565693
1.563161
1.563161
1.564953
1.564953
1.564473
1.564473
1.560123
1.560123
1.550653
1.550653
1.549531
1.549531
1.565621
1.565621
1.569639
1.569639
1.556752
1.556752
1.565601
1.565601
1.567841
1.567841
1.561699
1.561699
1.558566
1.558566
1.556026
1.556026
1.561384
1.561384
1.559739
1.559739
1.554202
1.554202
1.557096
1.557096
1.569269
1.569269
1.565704
1.565704
1.562446
1.562446
1.565092
1.565092
1.566395
1.566395
1.555143
1.555143
1.553846
1.553846
1.556345
1.556345
1.553722
1.553722
1.568057
1.568057
1.561941
1.561941
1.565954
1.565954
1.557231
1.557231
1.562874
1.562874
1.555039
1.555039
1.560874
1.560874
1.571427
1.571427
1.561818
1.561818
1.568717
1.568717
1.559243
1.559243
1.560312
1.560312
1.552464
1.552464
1.570665
1.570665
1.552617
1.552617
1.555398
1.555398
1.564006
1.564006
1.562064
1.562064
1.559857
1.559857
1.559807
1.559807
1.560459
1.560459
1.563782
1.563782
1.559977
1.559977
1.552229
1.552229
1.562884
1.562884
1.566779
1.566779
1.563859
1.563859
1.557804
1.557804
1.564189
1.564189
1.555392
1.555392
1.565164
1.565164
1.557943
1.557943
1.562238
1.562238
1.560400
1.560400
1.567127
1.567127
1.557859
1.557859
1.557706
1.557706
1.561646
1.561646
1.563098
1.563098
1.555560
1.555560
1.570681
1.570681
1.557426
1.557426
1.557125
1.557125
1.562107
1.562107
1.559103
1.559103
1.561967
1.561967
1.559793
1.559793
1.562248
1.562248
1.561257
1.561257
1.556271
1.556271
1.561981
1.561981
1.564306
1.564306
1.560981
1.560981
1.562610
1.562610
1.561952
1.561952
1.549809
1.549809
1.561049
1.561049
1.572992
1.572992
1.558171
1.558171
1.560288
1.560288
1.568664
1.568664
1.561515
1.561515
1.556747
1.556747
1.565971
1.565971
1.568430
1.568430
1.556470
1.556470
1.558111
1.558111
1.557320
1.557320
1.562826
1.562826
1.554806
1.554806
1.555134
1.555134
1.566570
1.566570
1.570855
1.570855
1.564795
1.564795
1.561633
1.561633
1.559197
1.559197
1.555394
1.555394
1.568533
1.568533
1.557786
1.557786
1.563994
1.563994
1.552235
1.552235
1.572846
1.572846
1.559777
1.559777
1.567869
1.567869
1.556370
1.556370
1.559390
1.559390
1.564752
1.564752
1.556775
1.556775
1.563841
1.563841
1.558915
1.558915
1.558067
1.558067
1.554434
1.554434
1.574115
1.574115
1.554878
1.554878
1.563995
1.563995
1.563417
1.563417
1.566380
1.566380
1.557081
1.557081
1.567343
1.567343
1.553896
1.553896
1.574266
1.574266
1.554165
1.554165
1.556460
1.556460
1.562448
1.562448
1.566863
1.566863
1.555489
1.555489
1.567780
1.567780
1.552352
1.552352
1.552781
1.552781
1.577674
1.577674
1.564808
1.564808
1.557366
1.557366
1.552878
1.552878
1.575174
1.575174
1.566088
1.566088
1.560001
1.560001
1.553348
1.553348
1.550292
1.550292
1.546515
1.546515
1.569358
1.569358
1.558858
1.558858
1.569302
1.569302
1.563643
1.563643
1.567585
1.567585
1.554045
1.554045
1.570379
1.570379
1.548272
1.548272
1.567137
1.567137
1.563693
1.563693
1.562582
1.562582
1.556705
1.556705
1.559286
1.559286
1.562792
1.562792
1.558869
1.558869
1.554990
1.554990
1.560913
1.560913
1.571668
1.571668
1.555827
1.555827
1.553657
1.553657
1.566421
1.566421
1.563736
1.563736
1.560282
1.560282
1.557416
1.557416
1.553591
1.553591
1.560756
1.560756
1.558672
1.558672
1.564721
1.564721
1.564963
1.564963
1.553668
1.553668
1.568441
1.568441
1.559536
1.559536
1.563189
1.563189
1.555132
1.555132
1.561418
1.561418
1.561061
1.561061
1.568315
1.568315
1.561018
1.561018
1.545877
1.545877
1.558573
1.558573
1.555887
1.555887
1.560550
1.560550
1.565212
1.565212
1.562750
1.562750
1.561496
1.561496
1.556056
1.556056
1.557555
1.557555
1.565637
1.565637
1.563204
1.563204
1.554644
1.554644
1.562618
1.562618
1.561408
1.561408
1.567573
1.567573
1.557776
1.557776
1.571187
1.571187
1.561714
1.561714
1.557948
1.557948
1.555520
1.555520
1.559908
1.559908
1.564012
1.564012
1.561425
1.561425
1.554455
1.554455
1.563552
1.563552
1.565164
1.565164
1.568391
1.568391
1.567005
1.567005
1.553332
1.553332
1.558017
1.558017
1.560617
1.560617
1.561070
1.561070
1.558771
1.558771
1.565320
1.565320
1.560852
1.560852
1.560659
1.560659
1.569166
1.569166
1.565326
1.565326
1.560210
1.560210
1.551804
1.551804
1.559216
1.559216
1.555531
1.555531
1.549866
1.549866
1.568861
1.568861
1.560418
1.560418
1.573803
1.573803
1.551948
1.551948
1.566551
1.566551
1.560581
1.560581
1.564927
1.564927
1.560638
1.560638
1.563834
1.563834
1.562394
1.562394
1.568380
1.568380
1.552894
1.552894
1.554807
1.554807
1.558976
1.558976
1.554785
1.554785
1.552004
1.552004
1.566512
1.566512
1.573464
1.573464
1.560318
1.560318
1.558915
1.558915
1.555747
1.555747
1.564516
1.564516
1.562564
1.562564
1.566932
1.566932
1.546002
1.546002
1.571163
1.571163
1.554107
1.554107
1.563350
1.563350
1.557226
1.557226
1.554474
1.554474
1.564911
1.564911
1.564971
1.564971
1.559111
1.559111
1.557295
1.557295
1.562778
1.562778
1.565600
1.565600
1.557258
1.557258
1.558606
1.558606
1.565059
1.565059
1.554780
1.554780
1.560009
1.560009
1.566351
1.566351
1.555411
1.555411
1.556771
1.556771
1.559667
1.559667
1.554997
1.554997
1.573140
1.573140
1.557910
1.557910
1.562811
1.562811
1.564501
1.564501
1.558040
1.558040
1.559702
1.559702
1.557383
1.557383
1.561614
1.561614
1.566003
1.566003
1.561448
1.561448
1.552915
1.552915
1.562025
1.562025
1.567964
1.567964
1.567894
1.567894
1.562830
1.562830
1.554362
1.554362
1.547737
1.547737
1.557924
1.557924
1.558625
1.558625
1.567601
1.567601
1.562903
1.562903
1.555555
1.555555
1.554045
1.554045
1.560647
1.560647
1.564449
1.564449
1.567308
1.567308
1.556229
1.556229
1.556631
1.556631
1.562428
1.562428
1.572174
1.572174
1.551107
1.551107
1.562315
1.562315
1.563650
1.563650
1.555068
1.555068
1.564868
1.564868
1.563175
1.563175
1.557705
1.557705
1.562591
1.562591
1.550358
1.550358
1.560744
1.560744
1.568391
1.568391
1.564884
1.564884
1.565362
1.565362
1.567370
1.567370
1.560555
1.560555
1.557314
1.557314
1.553807
1.553807
1.572343
1.572343
1.561891
1.561891
1.546713
1.546713
1.556832
1.556832
1.570757
1.570757
1.560154
1.560154
1.556328
1.556328
1.562621
1.562621
1.561624
1.561624
1.566834
1.566834
1.569960
1.569960
1.561728
1.561728
1.557415
1.557415
1.562724
1.562724
1.551946
1.551946
1.557655
1.557655
1.570015
1.570015
1.550902
1.550902
1.558386
1.558386
1.570776
1.570776
1.554244
1.554244
1.569417
1.569417
1.565612
1.565612
1.553485
1.553485
1.561875
1.561875
1.562602
1.562602
1.562017
1.562017
1.569756
1.569756
1.550707
1.550707
1.558256
1.558256
1.561339
1.561339
1.555488
1.555488
1.571850
1.571850
1.547595
1.547595
1.569745
1.569745
1.551478
1.551478
1.573814
1.573814
1.564611
1.564611
1.553550
1.553550
1.561161
1.561161
1.553831
1.553831
1.571610
1.571610
1.566071
1.566071
1.560551
1.560551
1.551167
1.551167
1.564162
1.564162
1.548040
1.548040
1.563265
1.563265
1.568679
1.568679
1.561697
1.561697
1.565221
1.565221
1.561495
1.561495
1.555705
1.555705
1.560217
1.560217
1.563241
1.563241
1.565442
1.565442
1.556125
1.556125
1.571075
1.571075
1.559045
1.559045
1.550782
1.550782
1.556311
1.556311
1.561017
1.561017
1.561051
1.561051
1.560838
1.560838
1.568853
1.568853
1.566564
1.566564
1.576596
1.576596
1.562469
1.562469
1.546754
1.546754
1.553030
1.553030
1.563336
1.563336
1.559124
1.559124
1.567835
1.567835
1.556975
1.556975
1.560503
1.560503
1.556151
1.556151
1.569242
1.569242
1.560778
1.560778
1.551630
1.551630
1.572631
1.572631
1.558135
1.558135
1.570204
1.570204
1.559247
1.559247
1.563002
1.563002
1.554572
1.554572
1.568710
1.568710
1.554480
1.554480
1.561520
1.561520
1.558900
1.558900
1.563562
1.563562
1.559740
1.559740
1.550659
1.550659
1.557645
1.557645
1.570490
1.570490
1.569860
1.569860
1.563398
1.563398
1.554434
1.554434
1.565932
1.565932
1.558110
1.558110
1.564750
1.564750
1.555889
1.555889
1.555979
1.555979
1.576574
1.576574
1.546460
1.546460
1.573061
1.573061
1.566080
1.566080
1.555220
1.555220
1.560701
1.560701
1.560228
1.560228
1.562163
1.562163
1.561475
1.561475
1.564964
1.564964
1.560390
1.560390
1.559610
1.559610
1.555809
1.555809
1.573327
1.573327
1.551580
1.551580
1.563722
1.563722
1.558848
1.558848
1.553718
1.553718
1.549310
1.549310
1.558274
1.558274
1.569061
1.569061
1.565441
1.565441
1.561739
1.561739
1.559187
1.559187
1.554759
1.554759
1.558166
1.558166
1.566464
1.566464
1.568042
1.568042
1.566661
1.566661
1.552232
1.552232
1.555041
1.555041
1.567848
1.567848
1.565554
1.565554
1.564986
1.564986
1.565826
1.565826
1.551905
1.551905
1.559757
1.559757
1.566321
1.566321
1.557876
1.557876
1.561181
1.561181
1.564558
1.564558
1.565725
1.565725
1.557806
1.557806
1.565791
1.565791
1.563283
1.563283
1.549482
1.549482
1.566271
1.566271
1.563481
1.563481
1.561050
1.561050
1.568453
1.568453
1.561322
1.561322
1.544572
1.544572
1.575996
1.575996
1.560426
1.560426
1.559321
1.559321
1.554573
1.554573
1.566781
1.566781
1.568609
1.568609
1.563303
1.563303
1.567091
1.567091
1.562494
1.562494
1.555251
1.555251
1.558968
1.558968
1.557134
1.557134
1.557989
1.557989
1.563603
1.563603
1.570678
1.570678
1.556540
1.556540
1.561927
1.561927
1.565199
1.565199
1.560650
1.560650
1.568228
1.568228
1.548090
1.548090
1.547215
1.547215
1.576337
1.576337
1.560065
1.560065
1.559903
1.559903
1.564444
1.564444
1.557406
1.557406
1.554750
1.554750
1.557839
1.557839
1.565799
1.565799
1.574088
1.574088
1.568969
1.568969
1.553415
1.553415
1.573750
1.573750
1.554052
1.554052
1.554150
1.554150
1.565056
1.565056
1.564487
1.564487
1.563516
1.563516
1.554568
1.554568
1.556768
1.556768
1.560289
1.560289
1.556874
1.556874
1.571325
1.571325
1.561270
1.561270
1.553453
1.553453
1.559568
1.559568
1.560907
1.560907
1.559800
1.559800
1.569505
1.569505
1.552973
1.552973
1.566703
1.566703
1.561661
1.561661
1.559635
1.559635
1.548348
1.548348
1.570763
1.570763
1.567438
1.567438
1.556857
1.556857
1.561715
1.561715
1.562742
1.562742
1.554487
1.554487
1.558951
1.558951
1.556794
1.556794
1.557092
1.557092
1.567499
1.567499
1.566498
1.566498
1.560097
1.560097
1.563880
1.563880
1.561291
1.561291
1.565995
1.565995
1.553647
1.553647
1.556993
1.556993
1.570791
1.570791
1.548178
1.548178
1.569420
1.569420
1.563354
1.563354
1.569100
1.569100
1.553698
1.553698
1.553303
1.553303
1.565583
1.565583
1.569348
1.569348
1.567834
1.567834
1.553033
1.553033
1.560098
1.560098
1.568391
1.568391
1.559002
1.559002
1.557157
1.557157
1.566858
1.566858
1.563668
1.563668
1.561475
1.561475
1.559020
1.559020
1.564155
1.564155
1.560842
1.560842
1.557796
1.557796
1.561851
1.561851
1.564421
1.564421
1.547898
1.547898
1.569263
1.569263
1.563496
1.563496
1.556093
1.556093
1.573841
1.573841
1.565542
1.565542
1.553195
1.553195
1.560927
1.560927
1.555060
1.555060
1.575478
1.575478
1.564659
1.564659
1.557873
1.557873
1.557856
1.557856
1.558926
1.558926
1.569470
1.569470
1.562558
1.562558
1.565074
1.565074
1.565918
1.565918
1.550090
1.550090
1.564712
1.564712
1.559755
1.559755
1.571566
1.571566
1.555103
1.555103
1.558812
1.558812
1.563131
1.563131
1.564161
1.564161
1.550001
1.550001
1.562834
1.562834
1.568290
1.568290
1.562974
1.562974
1.564259
1.564259
1.565768
1.565768
1.562035
1.562035
1.550669
1.550669
1.565838
1.565838
1.559429
1.559429
1.554622
1.554622
1.565453
1.565453
1.564120
1.564120
1.563854
1.563854
1.567975
1.567975
1.568975
1.568975
1.550956
1.550956
1.555950
1.555950
1.564030
1.564030
1.567164
1.567164
1.562071
1.562071
1.554154
1.554154
1.556311
1.556311
1.569514
1.569514
1.564977
1.564977
1.559506
1.559506
1.568928
1.568928
1.556958
1.556958
1.555905
1.555905
1.558218
1.558218
1.558318
1.558318
1.565132
1.565132
1.561852
1.561852
1.566607
1.566607
1.553637
1.553637
1.576276
1.576276
1.556263
1.556263
1.556499
1.556499
1.569381
1.569381
1.560276
1.560276
1.572005
1.572005
1.570555
1.570555
1.548907
1.548907
1.558743
1.558743
1.562521
1.562521
1.565744
1.565744
1.563908
1.563908
1.558490
1.558490
1.560876
1.560876
1.559967
1.559967
1.561171
1.561171
1.558262
1.558262
1.567440
1.567440
1.565566
1.565566
1.570153
1.570153
1.548104
1.548104
1.577155
1.577155
1.556083
1.556083
1.558676
1.558676
1.565770
1.565770
1.564230
1.564230
1.556691
1.556691
1.558545
1.558545
1.567061
1.567061
1.558387
1.558387
1.556943
1.556943
1.576662
1.576662
1.563510
1.563510
1.554007
1.554007
1.566165
1.566165
1.558296
1.558296
1.553879
1.553879
1.570271
1.570271
1.563309
1.563309
1.559213
1.559213
1.554146
1.554146
1.564756
1.564756
1.567708
1.567708
1.567610
1.567610
1.560866
1.560866
1.563754
1.563754
1.558607
1.558607
1.550309
1.550309
1.584026
1.584026
1.549314
1.549314
1.563732
1.563732
1.562487
1.562487
1.565277
1.565277
1.574760
1.574760
1.563754
1.563754
1.564325
1.564325
1.571909
1.571909
1.556960
1.556960
1.553994
1.553994
1.560650
1.560650
1.563508
1.563508
1.559806
1.559806
1.557473
1.557473
1.575305
1.575305
1.573839
1.573839
1.556652
1.556652
1.559862
1.559862
1.557975
1.557975
1.566433
1.566433
1.560789
1.560789
1.565999
1.565999
1.563647
1.563647
1.565474
1.565474
1.556682
1.556682
1.559841
1.559841
1.570811
1.570811
1.567941
1.567941
1.556076
1.556076
1.558358
1.558358
1.559492
1.559492
1.552555
1.552555
1.565732
1.565732
1.567264
1.567264
1.570894
1.570894
1.556615
1.556615
1.560114
1.560114
1.568645
1.568645
1.558360
1.558360
1.572821
1.572821
1.561191
1.561191
1.568112
1.568112
1.567859
1.567859
1.555701
1.555701
1.561212
1.561212
1.556798
1.556798
1.562718
1.562718
1.562729
1.562729
1.567087
1.567087
1.565670
1.565670
1.553412
1.553412
1.571647
1.571647
1.563056
1.563056
1.558849
1.558849
1.568077
1.568077
1.562011
1.562011
1.555476
1.555476
1.574524
1.574524
1.559774
1.559774
1.561002
1.561002
1.560629
1.560629
1.566348
1.566348
1.570323
1.570323
1.551864
1.551864
1.563253
1.563253
1.563575
1.563575
1.562579
1.562579
1.562508
1.562508
1.549250
1.549250
1.576720
1.576720
1.557817
1.557817
1.565897
1.565897
1.551274
1.551274
1.560454
1.560454
1.578429
1.578429
1.553973
1.553973
1.569147
1.569147
1.555673
1.555673
1.567280
1.567280
1.562771
1.562771
1.572184
1.572184
1.569449
1.569449
1.558233
1.558233
1.552370
1.552370
1.553157
1.553157
1.559579
1.559579
1.556435
1.556435
1.574147
1.574147
1.558025
1.558025
1.557333
1.557333
1.559835
1.559835
1.561807
1.561807
1.563928
1.563928
1.551790
1.551790
1.570581
1.570581
1.555518
1.555518
1.561480
1.561480
1.572151
1.572151
1.560114
1.560114
1.554384
1.554384
1.558561
1.558561
1.562584
1.562584
1.569647
1.569647
1.558318
1.558318
1.554987
1.554987
1.570423
1.570423
1.565943
1.565943
1.543621
1.543621
1.562101
1.562101
1.564627
1.564627
1.553265
1.553265
1.566641
1.566641
1.572940
1.572940
1.552026
1.552026
1.562565
1.562565
1.553977
1.553977
1.572385
1.572385
1.562988
1.562988
1.559522
1.559522
1.558937
1.558937
1.551152
1.551152
1.573411
1.573411
1.560452
1.560452
1.562942
1.562942
1.561265
1.561265
1.561903
1.561903
1.556902
1.556902
1.570072
1.570072
1.564663
1.564663
1.554996
1.554996
1.563663
1.563663
1.557951
1.557951
1.566748
1.566748
1.558670
1.558670
1.564909
1.564909
1.556673
1.556673
1.561338
1.561338
1.576724
1.576724
1.557644
1.557644
1.558406
1.558406
1.558774
1.558774
1.558702
1.558702
1.571971
1.571971
1.562803
1.562803
1.558895
1.558895
1.568072
1.568072
1.553415
1.553415
1.562609
1.562609
1.568904
1.568904
1.557606
1.557606
1.573454
1.573454
1.561994
1.561994
1.559462
1.559462
1.549379
1.549379
1.568703
1.568703
1.561499
1.561499
1.559748
1.559748
1.557169
1.557169
1.569686
1.569686
1.563538
1.563538
1.565371
1.565371
1.571180
1.571180
1.558135
1.558135
1.560303
1.560303
1.555262
1.555262
1.563020
1.563020
1.571940
1.571940
1.565341
1.565341
1.555480
1.555480
1.555529
1.555529
1.553970
1.553970
1.569868
1.569868
1.561180
1.561180
1.570331
1.570331
1.556809
1.556809
1.560453
1.560453
1.568447
1.568447
1.562308
1.562308
1.561160
1.561160
1.561359
1.561359
1.566935
1.566935
1.563176
1.563176
1.561436
1.561436
1.557029
1.557029
1.567322
1.567322
1.567065
1.567065
1.558296
1.558296
1.565546
1.565546
1.557602
1.557602
1.567836
1.567836
1.563666
1.563666
1.567479
1.567479
1.566025
1.566025
1.563741
1.563741
1.551435
1.551435
1.565302
1.565302
1.558714
1.558714
1.569807
1.569807
1.558826
1.558826
1.563043
1.563043
1.557503
1.557503
1.567569
1.567569
1.564309
1.564309
1.556055
1.556055
1.572435
1.572435
1.567430
1.567430
1.556896
1.556896
1.556692
1.556692
1.565098
1.565098
1.570611
1.570611
1.569927
1.569927
1.560875
1.560875
1.569706
1.569706
1.553918
1.553918
1.558784
1.558784
1.555819
1.555819
1.569467
1.569467
1.560277
1.560277
1.562961
1.562961
1.565745
1.565745
1.565312
1.565312
1.559977
1.559977
1.555453
1.555453
1.570148
1.570148
1.561351
1.561351
1.569646
1.569646
1.557269
1.557269
1.568208
1.568208
1.558382
1.558382
1.556591
1.556591
1.557517
1.557517
1.562515
1.562515
1.561308
1.561308
1.565949
1.565949
1.563850
1.563850
1.567494
1.567494
1.554898
1.554898
1.564905
1.564905
1.563271
1.563271
1.558813
1.558813
1.570579
1.570579
1.557791
1.557791
1.563261
1.563261
1.548423
1.548423
1.572207
1.572207
1.569335
1.569335
1.565925
1.565925
1.558284
1.558284
1.557992
1.557992
1.556408
1.556408
1.561435
1.561435
1.556471
1.556471
1.567178
1.567178
1.563371
1.563371
1.560469
1.560469
1.550841
1.550841
1.574886
1.574886
1.566029
1.566029
1.557705
1.557705
1.559789
1.559789
1.554136
1.554136
1.564451
1.564451
1.560998
1.560998
1.565374
1.565374
1.566186
1.566186
1.569380
1.569380
1.571715
1.571715
1.547673
1.547673
1.557837
1.557837
1.564728
1.564728
1.574716
1.574716
1.558103
1.558103
1.558609
1.558609
1.559641
1.559641
1.559869
1.559869
1.572490
1.572490
1.556432
1.556432
1.568300
1.568300
1.554576
1.554576
1.560605
1.560605
1.568899
1.568899
1.554379
1.554379
1.563870
1.563870
1.569970
1.569970
1.554955
1.554955
1.555343
1.555343
1.563933
1.563933
1.570747
1.570747
1.562890
1.562890
1.561122
1.561122
1.561637
1.561637
1.563282
1.563282
1.567063
1.567063
1.567671
1.567671
1.553128
1.553128
1.574046
1.574046
1.570415
1.570415
1.557260
1.557260
1.560096
1.560096
1.551254
1.551254
1.569256
1.569256
1.571346
1.571346
1.550582
1.550582
1.559975
1.559975
1.565926
1.565926
1.561752
1.561752
1.562821
1.562821
1.562755
1.562755
1.570023
1.570023
1.558174
1.558174
1.569518
1.569518
1.562510
1.562510
1.558156
1.558156
1.564878
1.564878
1.561697
1.561697
1.563965
1.563965
1.556559
1.556559
1.565925
1.565925
1.564282
1.564282
1.567286
1.567286
1.560020
1.560020
1.561579
1.561579
1.568723
1.568723
1.562358
1.562358
1.564685
1.564685
1.564386
1.564386
1.558441
1.558441
1.564379
1.564379
1.567221
1.567221
1.562900
1.562900
1.565940
1.565940
1.558386
1.558386
1.559447
1.559447
1.563521
1.563521
1.573571
1.573571
1.558229
1.558229
1.559285
1.559285
1.564311
1.564311
1.572265
1.572265
1.565257
1.565257
1.562697
1.562697
1.569596
1.569596
1.566532
1.566532
1.560743
1.560743
1.557732
1.557732
1.565681
1.565681
1.563582
1.563582
1.570163
1.570163
1.554666
1.554666
1.564406
1.564406
1.563919
1.563919
1.561752
1.561752
1.556140
1.556140
1.564065
1.564065
1.574942
1.574942
1.555926
1.555926
1.566225
1.566225
1.563674
1.563674
1.553707
1.553707
1.583234
1.583234
1.577298
1.577298
1.575421
1.575421
1.554171
1.554171
1.558232
1.558232
1.549378
1.549378
1.564610
1.564610
1.566881
1.566881
1.556054
1.556054
1.562700
1.562700
1.569262
1.569262
1.567407
1.567407
1.553945
1.553945
1.567626
1.567626
1.557531
1.557531
1.573889
1.573889
1.575721
1.575721
1.559013
1.559013
1.561513
1.561513
1.559891
1.559891
1.560713
1.560713
1.558815
1.558815
1.560714
1.560714
1.578514
1.578514
1.560343
1.560343
1.557231
1.557231
1.557523
1.557523
1.569330
1.569330
1.561438
1.561438
1.566772
1.566772
1.561333
1.561333
1.567316
1.567316
1.557262
1.557262
1.563529
1.563529
1.561346
1.561346
1.568236
1.568236
1.570811
1.570811
1.555458
1.555458
1.566810
1.566810
1.555732
1.555732
1.568654
1.568654
1.561792
1.561792
1.560886
1.560886
1.555299
1.555299
1.575137
1.575137
1.562987
1.562987
1.567804
1.567804
1.559931
1.559931
1.572791
1.572791
1.550088
1.550088
1.566133
1.566133
1.561006
1.561006
1.561411
1.561411
1.566969
1.566969
1.567617
1.567617
1.557680
1.557680
1.564810
1.564810
1.565836
1.565836
1.555333
1.555333
1.568419
1.568419
1.561647
1.561647
1.560031
1.560031
1.571298
1.571298
1.569604
1.569604
1.564174
1.564174
1.547726
1.547726
1.554399
1.554399
1.561562
1.561562
1.571770
1.571770
1.563126
1.563126
1.566816
1.566816
1.568108
1.568108
1.561094
1.561094
1.557422
1.557422
1.571899
1.571899
1.556629
1.556629
1.567459
1.567459
1.567909
1.567909
1.556771
1.556771
1.568937
1.568937
1.553445
1.553445
1.545288
1.545288
1.581981
1.581981
1.566405
1.566405
1.557220
1.557220
1.567538
1.567538
1.546000
1.546000
1.570452
1.570452
1.567974
1.567974
1.553200
1.553200
1.585904
1.585904
1.563213
1.563213
1.561315
1.561315
1.565488
1.565488
1.557901
1.557901
1.572666
1.572666
1.558687
1.558687
1.576698
1.576698
1.552753
1.552753
1.568562
1.568562
1.561357
1.561357
1.558270
1.558270
1.556515
1.556515
1.563687
1.563687
1.571179
1.571179
1.571166
1.571166
1.554878
1.554878
1.560484
1.560484
1.574223
1.574223
1.552941
1.552941
1.580837
1.580837
1.565883
1.565883
1.563738
1.563738
1.562120
1.562120
1.569956
1.569956
1.555027
1.555027
1.556375
1.556375
1.566788
1.566788
1.563849
1.563849
1.565239
1.565239
1.567388
1.567388
1.564354
1.564354
1.563422
1.563422
1.563324
1.563324
1.566542
1.566542
1.559925
1.559925
1.554268
1.554268
1.567264
1.567264
1.567287
1.567287
1.565516
1.565516
1.564215
1.564215
1.567975
1.567975
1.558431
1.558431
1.551558
1.551558
1.567348
1.567348
1.576408
1.576408
1.559729
1.559729
1.567589
1.567589
1.568780
1.568780
1.557688
1.557688
1.565176
1.565176
1.575193
1.575193
1.561938
1.561938
1.569838
1.569838
1.549824
1.549824
1.561567
1.561567
1.570091
1.570091
1.560940
1.560940
1.558214
1.558214
1.565866
1.565866
1.564429
1.564429
1.568000
1.568000
1.569408
1.569408
1.564096
1.564096
1.556774
1.556774
1.560654
1.560654
1.559529
1.559529
1.569304
1.569304
1.555426
1.555426
1.564827
1.564827
1.573661
1.573661
1.567500
1.567500
1.563340
1.563340
1.564517
1.564517
1.568655
1.568655
1.554933
1.554933
1.558465
1.558465
1.571124
1.571124
1.567967
1.567967
1.561704
1.561704
1.562482
1.562482
1.554261
1.554261
1.561941
1.561941
1.568239
1.568239
1.566737
1.566737
1.575196
1.575196
1.573531
1.573531
1.571235
1.571235
1.556199
1.556199
1.559865
1.559865
1.563234
1.563234
1.566860
1.566860
1.566930
1.566930
1.564463
1.564463
1.562751
1.562751
1.563326
1.563326
1.562693
1.562693
1.575932
1.575932
1.563342
1.563342
1.553077
1.553077
1.571237
1.571237
1.563275
1.563275
1.561078
1.561078
1.571396
1.571396
1.558402
1.558402
1.572152
1.572152
1.559314
1.559314
1.555601
1.555601
1.572689
1.572689
1.566861
1.566861
1.571971
1.571971
1.569127
1.569127
1.564210
1.564210
1.575644
1.575644
1.558434
1.558434
1.555725
1.555725
1.561998
1.561998
1.574175
1.574175
1.553523
1.553523
1.567884
1.567884
1.569214
1.569214
1.553729
1.553729
1.556018
1.556018
1.578018
1.578018
1.571816
1.571816
1.566933
1.566933
1.552942
1.552942
1.560773
1.560773
1.553173
1.553173
1.577763
1.577763
1.587352
1.587352
1.561257
1.561257
1.562580
1.562580
1.566051
1.566051
1.563889
1.563889
1.575285
1.575285
1.555316
1.555316
1.562453
1.562453
1.565668
1.565668
1.566024
1.566024
1.580170
1.580170
1.567310
1.567310
1.566472
1.566472
1.565395
1.565395
1.563987
1.563987
1.561261
1.561261
1.558624
1.558624
1.563317
1.563317
1.560577
1.560577
1.570090
1.570090
1.575178
1.575178
1.566161
1.566161
1.566514
1.566514
1.561180
1.561180
1.569603
1.569603
1.560362
1.560362
1.560954
1.560954
1.562972
1.562972
1.573877
1.573877
1.561795
1.561795
1.565477
1.565477
1.570591
1.570591
1.565761
1.565761
1.558269
1.558269
1.569757
1.569757
1.560076
1.560076
1.562631
1.562631
1.558095
1.558095
1.564328
1.564328
1.565288
1.565288
1.580522
1.580522
1.569274
1.569274
1.568328
1.568328
1.574770
1.574770
1.548518
1.548518
1.567117
1.567117
1.562889
1.562889
1.551031
1.551031
1.571685
1.571685
1.568532
1.568532
1.576236
1.576236
1.564595
1.564595
1.564967
1.564967
1.575139
1.575139
1.557358
1.557358
1.565769
1.565769
1.558536
1.558536
1.562819
1.562819
1.574509
1.574509
1.563561
1.563561
1.569446
1.569446
1.561335
1.561335
1.573970
1.573970
1.558125
1.558125
1.560752
1.560752
1.576882
1.576882
1.558455
1.558455
1.557572
1.557572
1.573748
1.573748
1.562878
1.562878
1.579410
1.579410
1.562707
1.562707
1.570384
1.570384
1.568210
1.568210
1.565050
1.565050
1.560665
1.560665
1.584577
1.584577
1.569359
1.569359
1.550593
1.550593
1.553214
1.553214
1.571123
1.571123
1.567508
1.567508
1.557406
1.557406
1.567893
1.567893
1.572325
1.572325
1.560617
1.560617
1.566613
1.566613
1.571478
1.571478
1.566844
1.566844
1.556727
1.556727
1.565773
1.565773
1.557664
1.557664
1.573155
1.573155
1.558199
1.558199
1.568960
1.568960
1.572375
1.572375
1.568502
1.568502
1.565777
1.565777
1.567434
1.567434
1.573395
1.573395
1.550646
1.550646
1.570195
1.570195
1.565353
1.565353
1.563676
1.563676
1.566430
1.566430
1.563972
1.563972
1.570545
1.570545
1.563888
1.563888
1.558771
1.558771
1.573793
1.573793
1.562652
1.562652
1.568292
1.568292
1.563225
1.563225
1.561273
1.561273
1.567913
1.567913
1.571577
1.571577
1.572292
1.572292
1.559728
1.559728
1.566985
1.566985
1.561661
1.561661
1.571954
1.571954
1.575677
1.575677
1.558033
1.558033
1.568398
1.568398
1.562219
1.562219
1.566653
1.566653
1.568346
1.568346
1.559266
1.559266
1.565446
1.565446
1.567185
1.567185
1.571621
1.571621
1.564637
1.564637
1.563616
1.563616
1.574292
1.574292
1.560950
1.560950
1.567295
1.567295
1.572071
1.572071
1.549997
1.549997
1.572132
1.572132
1.572778
1.572778
1.562987
1.562987
1.578673
1.578673
1.562664
1.562664
1.558438
1.558438
1.565363
1.565363
1.565286
1.565286
1.583722
1.583722
1.566321
1.566321
1.559301
1.559301
1.570099
1.570099
1.546156
1.546156
1.570165
1.570165
1.556771
1.556771
1.569656
1.569656
1.574958
1.574958
1.557037
1.557037
1.577208
1.577208
1.567661
1.567661
1.557817
1.557817
1.564731
1.564731
1.562485
1.562485
1.562057
1.562057
1.565891
1.565891
1.580924
1.580924
1.555408
1.555408
1.566130
1.566130
1.569531
1.569531
1.562438
1.562438
1.569958
1.569958
1.568133
1.568133
1.558206
1.558206
1.562751
1.562751
1.564810
1.564810
1.577192
1.577192
1.563384
1.563384
1.561342
1.561342
1.558652
1.558652
1.568122
1.568122
1.572980
1.572980
1.565994
1.565994
1.565765
1.565765
1.562139
1.562139
1.577675
1.577675
1.552938
1.552938
1.556806
1.556806
1.588846
1.588846
1.571759
1.571759
1.569603
1.569603
1.574243
1.574243
1.556235
1.556235
1.560588
1.560588
1.564215
1.564215
1.565664
1.565664
1.566171
1.566171
1.568371
1.568371
1.572528
1.572528
1.575884
1.575884
1.558413
1.558413
1.567863
1.567863
1.568194
1.568194
1.566585
1.566585
1.563644
1.563644
1.575514
1.575514
1.577058
1.577058
1.560043
1.560043
1.560185
1.560185
1.561965
1.561965
1.575034
1.575034
1.572866
1.572866
1.556273
1.556273
1.574320
1.574320
1.570416
1.570416
1.564088
1.564088
1.564810
1.564810
1.575138
1.575138
1.563215
1.563215
1.559812
1.559812
1.565826
1.565826
1.578454
1.578454
1.566746
1.566746
1.567702
1.567702
1.565499
1.565499
1.559268
1.559268
1.567155
1.567155
1.573491
1.573491
1.574033
1.574033
1.565901
1.565901
1.566467
1.566467
1.580341
1.580341
1.564303
1.564303
1.557406
1.557406
1.567142
1.567142
1.570799
1.570799
1.556841
1.556841
1.565023
1.565023
1.579435
1.579435
1.574356
1.574356
1.559300
1.559300
1.572079
1.572079
1.567014
1.567014
1.562085
1.562085
1.575189
1.575189
1.560459
1.560459
1.558042
1.558042
1.571657
1.571657
1.572610
1.572610
1.573273
1.573273
1.577804
1.577804
1.562927
1.562927
1.561897
1.561897
1.558414
1.558414
1.574547
1.574547
1.573292
1.573292
1.566598
1.566598
1.561440
1.561440
1.557846
1.557846
1.565268
1.565268
1.562171
1.562171
1.572716
1.572716
1.568040
1.568040
1.568552
1.568552
1.568229
1.568229
1.578498
1.578498
1.563929
1.563929
1.561959
1.561959
1.562805
1.562805
1.557998
1.557998
1.578808
1.578808
1.571766
1.571766
1.569973
1.569973
1.554536
1.554536
1.568720
1.568720
1.571406
1.571406
1.564197
1.564197
1.554269
1.554269
1.580488
1.580488
1.566440
1.566440
1.563326
1.563326
1.574945
1.574945
1.568585
1.568585
1.560213
1.560213
1.571110
1.571110
1.565884
1.565884
1.569602
1.569602
1.563753
1.563753
1.563763
1.563763
1.566682
1.566682
1.575331
1.575331
1.562295
1.562295
1.565596
1.565596
1.564313
1.564313
1.574737
1.574737
1.559302
1.559302
1.561854
1.561854
1.575438
1.575438
1.562284
1.562284
1.567931
1.567931
1.584187
1.584187
1.569457
1.569457
1.554013
1.554013
1.556540
1.556540
1.575042
1.575042
1.570182
1.570182
1.570121
1.570121
1.564189
1.564189
1.551336
1.551336
1.572469
1.572469
1.575275
1.575275
1.558680
1.558680
1.566614
1.566614
1.559967
1.559967
1.577752
1.577752
1.556839
1.556839
1.569170
1.569170
1.562266
1.562266
1.569275
1.569275
1.569092
1.569092
1.561294
1.561294
1.562695
1.562695
1.574654
1.574654
1.567282
1.567282
1.554842
1.554842
1.572286
1.572286
1.574225
1.574225
1.563469
1.563469
1.571531
1.571531
1.566031
1.566031
1.567250
1.567250
1.572938
1.572938
1.558840
1.558840
1.571570
1.571570
1.560007
1.560007
1.565447
1.565447
1.572842
1.572842
1.570770
1.570770
1.566779
1.566779
1.560986
1.560986
1.576323
1.576323
1.552018
1.552018
1.577920
1.577920
1.569315
1.569315
1.577509
1.577509
1.557979
1.557979
1.559656
1.559656
1.566304
1.566304
1.576811
1.576811
1.567353
1.567353
1.565005
1.565005
1.575238
1.575238
1.567458
1.567458
1.558641
1.558641
1.560479
1.560479
1.564834
1.564834
1.564380
1.564380
1.579889
1.579889
1.566095
1.566095
1.557268
1.557268
1.567115
1.567115
1.568174
1.568174
1.569814
1.569814
1.576078
1.576078
1.562183
1.562183
1.569551
1.569551
1.556377
1.556377
1.574041
1.574041
1.577061
1.577061
1.573444
1.573444
1.568896
1.568896
1.574451
1.574451
1.561908
1.561908
1.556476
1.556476
1.555136
1.555136
1.570611
1.570611
1.565016
1.565016
1.584073
1.584073
1.562391
1.562391
1.564160
1.564160
1.559484
1.559484
1.568721
1.568721
1.570155
1.570155
1.578951
1.578951
1.565981
1.565981
1.573473
1.573473
1.570338
1.570338
1.563392
1.563392
1.565261
1.565261
1.558776
1.558776
1.564982
1.564982
1.567332
1.567332
1.568051
1.568051
1.584683
1.584683
1.563645
1.563645
1.574950
1.574950
1.572144
1.572144
1.561585
1.561585
1.567428
1.567428
1.567323
1.567323
1.568467
1.568467
1.573687
1.573687
1.560145
1.560145
1.570966
1.570966
1.562097
1.562097
1.578894
1.578894
1.562368
1.562368
1.574628
1.574628
1.560097
1.560097
1.560436
1.560436
1.570340
1.570340
1.571437
1.571437
1.571193
1.571193
1.567131
1.567131
1.576184
1.576184
1.556429
1.556429
1.567162
1.567162
1.575980
1.575980
1.564718
1.564718
1.569039
1.569039
1.573506
1.573506
1.573434
1.573434
1.559461
1.559461
1.565557
1.565557
1.576468
1.576468
1.569619
1.569619
1.559855
1.559855
1.572048
1.572048
1.562936
1.562936
1.563627
1.563627
1.561963
1.561963
1.578212
1.578212
1.569098
1.569098
1.571922
1.571922
1.557126
1.557126
1.571935
1.571935
1.574643
1.574643
1.567142
1.567142
1.577511
1.577511
1.571741
1.571741
1.556506
1.556506
1.567065
1.567065
1.579414
1.579414
1.574316
1.574316
1.573638
1.573638
1.564232
1.564232
1.570470
1.570470
1.573632
1.573632
1.566012
1.566012
1.563063
1.563063
1.563256
1.563256
1.575576
1.575576
1.579788
1.579788
1.567725
1.567725
1.575099
1.575099
1.588523
1.588523
1.556279
1.556279
1.559854
1.559854
1.571686
1.571686
1.569748
1.569748
1.561958
1.561958
1.580177
1.580177
1.570337
1.570337
1.569025
1.569025
1.571675
1.571675
1.569607
1.569607
1.576173
1.576173
1.568795
1.568795
1.563582
1.563582
1.551613
1.551613
1.558442
1.558442
1.595517
1.595517
1.575577
1.575577
1.569411
1.569411
1.565005
1.565005
1.579568
1.579568
1.572603
1.572603
1.557494
1.557494
1.576607
1.576607
1.575339
1.575339
1.571486
1.571486
1.579076
1.579076
1.553370
1.553370
1.569038
1.569038
1.577939
1.577939
1.560990
1.560990
1.572494
1.572494
1.562355
1.562355
1.575059
1.575059
1.562550
1.562550
1.566577
1.566577
1.588727
1.588727
1.566278
1.566278
1.559882
1.559882
1.575172
1.575172
1.562564
1.562564
1.563923
1.563923
1.570591
1.570591
1.574612
1.574612
1.570324
1.570324
1.572533
1.572533
1.567103
1.567103
1.563894
1.563894
1.572300
1.572300
1.579208
1.579208
1.569035
1.569035
1.562073
1.562073
1.559901
1.559901
1.577165
1.577165
1.564874
1.564874
1.557081
1.557081
1.572778
1.572778
1.573340
1.573340
1.580441
1.580441
1.565787
1.565787
1.576517
1.576517
1.566643
1.566643
1.570528
1.570528
1.566018
1.566018
1.573207
1.573207
1.566393
1.566393
1.567969
1.567969
1.571234
1.571234
1.567196
1.567196
1.558379
1.558379
1.572113
1.572113
1.578539
1.578539
1.566868
1.566868
1.570706
1.570706
1.576151
1.576151
1.578306
1.578306
1.572121
1.572121
1.551041
1.551041
1.567819
1.567819
1.574705
1.574705
1.569107
1.569107
1.571894
1.571894
1.560553
1.560553
1.569424
1.569424
1.568013
1.568013
1.572598
1.572598
1.576727
1.576727
1.558145
1.558145
1.570960
1.570960
1.558187
1.558187
1.561693
1.561693
1.576980
1.576980
1.578764
1.578764
1.571758
1.571758
1.574491
1.574491
1.571525
1.571525
1.564201
1.564201
1.572986
1.572986
1.562340
1.562340
1.558833
1.558833
1.570506
1.570506
1.571682
1.571682
1.572243
1.572243
1.576571
1.576571
1.570091
1.570091
1.573545
1.573545
1.565385
1.565385
1.559131
1.559131
1.584383
1.584383
1.567447
1.567447
1.567991
1.567991
1.576496
1.576496
1.566651
1.566651
1.571031
1.571031
1.573494
1.573494
1.569762
1.569762
1.574332
1.574332
1.566203
1.566203
1.564102
1.564102
1.579418
1.579418
1.563426
1.563426
1.566711
1.566711
1.572370
1.572370
1.566246
1.566246
1.576445
1.576445
1.564559
1.564559
1.567260
1.567260
1.576380
1.576380
1.562012
1.562012
1.572624
1.572624
1.571831
1.571831
1.571598
1.571598
1.559588
1.559588
1.573347
1.573347
1.573027
1.573027
1.573475
1.573475
1.571824
1.571824
1.557576
1.557576
1.572523
1.572523
1.573193
1.573193
1.573194
1.573194
1.570382
1.570382
1.565835
1.565835
1.563061
1.563061
1.568876
1.568876
1.571460
1.571460
1.569570
1.569570
1.573930
1.573930
1.560907
1.560907
1.588754
1.588754
1.557979
1.557979
1.565432
1.565432
1.551632
1.551632
1.587216
1.587216
1.559309
1.559309
1.574764
1.574764
1.562830
1.562830
1.569559
1.569559
1.583620
1.583620
1.572131
1.572131
1.579147
1.579147
1.555755
1.555755
1.565241
1.565241
1.575668
1.575668
1.581367
1.581367
1.568579
1.568579
1.567530
1.567530
1.556858
1.556858
1.572846
1.572846
1.558293
1.558293
1.574540
1.574540
1.576558
1.576558
1.565143
1.565143
1.573360
1.573360
1.571651
1.571651
1.566814
1.566814
1.567631
1.567631
1.567917
1.567917
1.575124
1.575124
1.573385
1.573385
1.565964
1.565964
1.570461
1.570461
1.576438
1.576438
1.559667
1.559667
1.576357
1.576357
1.566858
1.566858
1.573997
1.573997
1.566035
1.566035
1.565325
1.565325
1.571828
1.571828
1.572568
1.572568
1.568698
1.568698
1.563192
1.563192
1.576109
1.576109
1.571871
1.571871
1.565912
1.565912
1.578669
1.578669
1.562922
1.562922
1.573048
1.573048
1.564768
1.564768
1.583615
1.583615
1.562897
1.562897
1.576885
1.576885
1.561599
1.561599
1.578179
1.578179
1.568772
1.568772
1.565740
1.565740
1.571221
1.571221
1.567049
1.567049
1.550187
1.550187
1.571618
1.571618
1.568688
1.568688
1.574986
1.574986
1.591282
1.591282
1.565194
1.565194
1.573481
1.573481
1.573385
1.573385
1.562547
1.562547
1.578718
1.578718
1.574560
1.574560
1.563640
1.563640
1.571846
1.571846
1.571466
1.571466
1.569116
1.569116
1.569324
1.569324
1.568184
1.568184
1.564971
1.564971
1.582682
1.582682
1.564469
1.564469
1.579944
1.579944
1.574543
1.574543
1.563744
1.563744
1.564822
1.564822
1.568089
1.568089
1.576996
1.576996
1.563419
1.563419
1.570224
1.570224
1.565580
1.565580
1.577857
1.577857
1.561528
1.561528
1.570309
1.570309
1.572480
1.572480
1.582787
1.582787
1.563656
1.563656
1.567243
1.567243
1.582800
1.582800
1.569075
1.569075
1.570415
1.570415
1.560536
1.560536
1.573421
1.573421
1.574985
1.574985
1.569402
1.569402
1.562040
1.562040
1.573967
1.573967
1.576015
1.576015
1.562114
1.562114
1.567305
1.567305
1.583591
1.583591
1.562057
1.562057
1.573560
1.573560
1.567166
1.567166
1.566426
1.566426
1.580185
1.580185
1.564660
1.564660
1.585890
1.585890
1.567049
1.567049
1.577063
1.577063
1.562951
1.562951
1.557460
1.557460
1.565168
1.565168
1.567607
1.567607
1.563826
1.563826
1.581282
1.581282
1.577664
1.577664
1.582842
1.582842
1.563553
1.563553
1.572438
1.572438
1.578787
1.578787
1.551276
1.551276
1.583907
1.583907
1.570969
1.570969
1.565108
1.565108
1.560108
1.560108
1.574280
1.574280
1.580206
1.580206
1.570033
1.570033
1.575522
1.575522
1.567428
1.567428
1.556828
1.556828
1.565869
1.565869
1.564798
1.564798
1.577296
1.577296
1.575571
1.575571
1.570458
1.570458
1.563995
1.563995
1.570727
1.570727
1.565420
1.565420
1.573087
1.573087
1.585269
1.585269
1.556898
1.556898
1.580332
1.580332
1.584141
1.584141
1.567396
1.567396
1.565433
1.565433
1.576534
1.576534
1.572887
1.572887
1.564635
1.564635
1.571260
1.571260
1.570325
1.570325
1.567629
1.567629
1.573855
1.573855
1.572034
1.572034
1.570073
1.570073
1.572761
1.572761
1.560002
1.560002
1.572568
1.572568
1.576607
1.576607
1.570696
1.570696
1.578236
1.578236
1.571488
1.571488
1.569138
1.569138
1.570524
1.570524
1.578387
1.578387
1.566192
1.566192
1.578425
1.578425
1.558122
1.558122
1.577516
1.577516
1.566839
1.566839
1.578579
1.578579
1.575901
1.575901
1.568123
1.568123
1.562859
1.562859
1.582879
1.582879
1.567711
1.567711
1.561288
1.561288
1.571356
1.571356
1.583271
1.583271
1.579557
1.579557
1.561466
1.561466
1.576770
1.576770
1.571323
1.571323
1.571940
1.571940
1.561067
1.561067
1.582798
1.582798
1.580206
1.580206
1.570310
1.570310
1.576445
1.576445
1.567113
1.567113
1.566550
1.566550
1.563936
1.563936
1.579536
1.579536
1.579628
1.579628
1.569575
1.569575
1.568506
1.568506
1.571242
1.571242
1.584895
1.584895
1.571903
1.571903
1.573669
1.573669
1.556048
1.556048
1.573491
1.573491
1.560876
1.560876
1.584995
1.584995
1.579268
1.579268
1.559392
1.559392
1.578034
1.578034
1.561896
1.561896
1.588023
1.588023
1.558203
1.558203
1.575245
1.575245
1.581295
1.581295
1.571795
1.571795
1.564425
1.564425
1.568992
1.568992
1.574069
1.574069
1.581222
1.581222
1.572384
1.572384
1.571430
1.571430
1.568868
1.568868
1.563375
1.563375
1.580100
1.580100
1.570804
1.570804
1.565272
1.565272
1.565087
1.565087
1.579545
1.579545
1.565720
1.565720
1.578102
1.578102
1.577997
1.577997
1.568572
1.568572
1.567883
1.567883
1.575962
1.575962
1.574969
1.574969
1.576009
1.576009
1.561357
1.561357
1.572181
1.572181
1.568223
1.568223
1.576592
1.576592
1.575555
1.575555
1.563703
1.563703
1.579507
1.579507
1.576342
1.576342
1.572701
1.572701
1.571179
1.571179
1.568220
1.568220
1.574859
1.574859
1.567271
1.567271
1.574539
1.574539
1.572918
1.572918
1.577806
1.577806
1.569697
1.569697
1.567353
1.567353
1.572017
1.572017
1.575370
1.575370
1.572272
1.572272
1.577404
1.577404
1.568876
1.568876
1.569396
1.569396
1.582852
1.582852
1.569085
1.569085
1.573548
1.573548
1.571768
1.571768
1.571887
1.571887
1.573974
1.573974
1.575482
1.575482
1.569831
1.569831
1.570010
1.570010
1.567120
1.567120
1.584146
1.584146
1.574847
1.574847
1.565461
1.565461
1.584816
1.584816
1.563031
1.563031
1.570610
1.570610
1.566477
1.566477
1.579690
1.579690
1.579051
1.579051
1.574397
1.574397
1.562658
1.562658
1.576369
1.576369
1.569890
1.569890
1.577766
1.577766
1.579929
1.579929
1.568884
1.568884
1.569201
1.569201
1.566977
1.566977
1.577394
1.577394
1.567802
1.567802
1.583884
1.583884
1.563950
1.563950
1.572363
1.572363
1.582014
1.582014
1.582070
1.582070
1.571449
1.571449
1.571029
1.571029
1.555827
1.555827
1.564812
1.564812
1.572985
1.572985
1.578363
1.578363
1.566229
1.566229
1.589527
1.589527
1.574371
1.574371
1.566147
1.566147
1.579049
1.579049
1.575557
1.575557
1.573489
1.573489
1.569135
1.569135
1.571114
1.571114
1.575601
1.575601
1.575613
1.575613
1.579208
1.579208
1.587141
1.587141
1.567986
1.567986
1.573667
1.573667
1.571281
1.571281
1.568175
1.568175
1.572147
1.572147
1.575141
1.575141
1.573825
1.573825
1.573516
1.573516
1.575245
1.575245
1.567460
1.567460
1.570842
1.570842
1.580128
1.580128
1.576618
1.576618
1.574001
1.574001
1.570219
1.570219
1.568253
1.568253
1.573444
1.573444
1.579001
1.579001
1.579045
1.579045
1.584483
1.584483
1.565752
1.565752
1.578491
1.578491
1.566300
1.566300
1.573744
1.573744
1.581340
1.581340
1.562987
1.562987
1.584790
1.584790
1.569540
1.569540
1.568766
1.568766
1.571433
1.571433
1.569917
1.569917
1.568730
1.568730
1.575194
1.575194
1.586160
1.586160
1.572997
1.572997
1.561218
1.561218
1.575587
1.575587
1.578967
1.578967
1.580939
1.580939
1.571981
1.571981
1.559682
1.559682
1.574204
1.574204
1.588028
1.588028
1.573726
1.573726
1.567681
1.567681
1.584359
1.584359
1.564862
1.564862
1.576189
1.576189
1.575028
1.575028
1.577018
1.577018
1.577911
1.577911
1.562972
1.562972
1.574372
1.574372
1.577206
1.577206
1.558284
1.558284
1.575825
1.575825
1.581596
1.581596
1.575528
1.575528
1.579416
1.579416
1.573300
1.573300
1.573552
1.573552
1.576460
1.576460
1.569442
1.569442
1.577364
1.577364
1.571492
1.571492
1.577417
1.577417
1.572224
1.572224
1.573232
1.573232
1.574697
1.574697
1.572993
1.572993
1.575077
1.575077
1.576926
1.576926
1.570763
1.570763
1.571946
1.571946
1.580950
1.580950
1.583096
1.583096
1.566627
1.566627
1.559204
1.559204
1.578737
1.578737
1.570975
1.570975
1.568636
1.568636
1.580457
1.580457
1.577749
1.577749
1.567438
1.567438
1.576026
1.576026
1.575228
1.575228
1.576389
1.576389
1.562449
1.562449
1.577349
1.577349
1.565449
1.565449
1.579684
1.579684
1.574007
1.574007
1.574536
1.574536
1.572188
1.572188
1.564505
1.564505
1.573268
1.573268
1.562500
1.562500
1.586950
1.586950
1.581387
1.581387
1.570476
1.570476
1.576756
1.576756
1.570574
1.570574
1.573611
1.573611
1.577672
1.577672
1.576003
1.576003
1.583017
1.583017
1.559960
1.559960
1.569781
1.569781
1.583024
1.583024
1.569510
1.569510
1.585369
1.585369
1.578115
1.578115
1.572698
1.572698
1.561387
1.561387
1.578317
1.578317
1.571680
1.571680
1.562511
1.562511
1.583080
1.583080
1.574968
1.574968
1.570057
1.570057
1.575320
1.575320
1.559442
1.559442
1.587372
1.587372
1.579537
1.579537
1.575904
1.575904
1.578978
1.578978
1.563178
1.563178
1.575996
1.575996
1.577376
1.577376
1.578848
1.578848
1.580659
1.580659
1.566242
1.566242
1.570038
1.570038
1.575297
1.575297
1.569605
1.569605
1.565385
1.565385
1.579671
1.579671
1.581743
1.581743
1.574217
1.574217
1.576381
1.576381
1.567958
1.567958
1.580220
1.580220
1.564305
1.564305
1.584461
1.584461
1.573053
1.573053
1.569288
1.569288
1.571391
1.571391
1.587181
1.587181
1.568236
1.568236
1.574272
1.574272
1.577536
1.577536
1.565466
1.565466
1.578119
1.578119
1.575671
1.575671
1.578622
1.578622
1.564531
1.564531
1.579149
1.579149
1.573230
1.573230
1.575831
1.575831
1.577073
1.577073
1.574784
1.574784
1.579630
1.579630
1.563237
1.563237
1.577537
1.577537
1.580995
1.580995
1.574027
1.574027
1.577883
1.577883
1.567006
1.567006
1.571488
1.571488
1.573252
1.573252
1.576650
1.576650
1.570932
1.570932
1.576596
1.576596
1.575373
1.575373
1.567968
1.567968
1.583867
1.583867
1.570693
1.570693
1.580035
1.580035
1.568857
1.568857
1.573229
1.573229
1.573627
1.573627
1.582312
1.582312
1.578575
1.578575
1.562328
1.562328
1.570238
1.570238
1.575697
1.575697
1.576757
1.576757
1.571545
1.571545
1.580481
1.580481
1.578686
1.578686
1.580836
1.580836
1.569017
1.569017
1.578864
1.578864
1.562628
1.562628
1.563369
1.563369
1.595190
1.595190
1.563987
1.563987
1.570253
1.570253
1.581804
1.581804
1.565136
1.565136
1.571062
1.571062
1.577436
1.577436
1.574847
1.574847
1.586991
1.586991
1.572266
1.572266
1.576169
1.576169
1.571759
1.571759
1.571678
1.571678
1.582162
1.582162
1.567738
1.567738
1.575345
1.575345
1.578179
1.578179
1.577390
1.577390
1.572863
1.572863
1.571884
1.571884
1.587742
1.587742
1.567067
1.567067
1.573546
1.573546
1.570529
1.570529
1.582300
1.582300
1.582945
1.582945
1.567881
1.567881
1.566075
1.566075
1.572319
1.572319
1.575084
1.575084
1.575231
1.575231
1.573675
1.573675
1.574536
1.574536
1.574132
1.574132
1.572175
1.572175
1.584499
1.584499
1.563767
1.563767
1.570656
1.570656
1.584730
1.584730
1.580434
1.580434
1.580253
1.580253
1.564395
1.564395
1.568588
1.568588
1.581400
1.581400
1.576619
1.576619
1.569259
1.569259
1.576466
1.576466
1.572613
1.572613
1.579813
1.579813
1.568743
1.568743
1.573806
1.573806
1.589630
1.589630
1.568213
1.568213
1.572739
1.572739
1.579934
1.579934
1.585783
1.585783
1.574480
1.574480
1.567136
1.567136
1.563217
1.563217
1.567154
1.567154
1.574043
1.574043
1.574515
1.574515
1.576900
1.576900
1.582215
1.582215
1.572146
1.572146
1.564474
1.564474
1.576124
1.576124
1.578601
1.578601
1.583204
1.583204
1.565102
1.565102
1.579148
1.579148
1.583354
1.583354
1.572838
1.572838
1.570373
1.570373
1.568309
1.568309
1.562327
1.562327
1.585902
1.585902
1.579367
1.579367
1.577133
1.577133
1.577607
1.577607
1.575447
1.575447
1.580272
1.580272
1.570282
1.570282
1.568331
1.568331
1.577121
1.577121
1.564487
1.564487
1.586204
1.586204
1.578162
1.578162
1.566353
1.566353
1.567576
1.567576
1.569886
1.569886
1.579286
1.579286
1.576541
1.576541
1.583635
1.583635
1.570456
1.570456
1.566004
1.566004
1.582580
1.582580
1.581174
1.581174
1.574467
1.574467
1.576283
1.576283
1.576321
1.576321
1.578927
1.578927
1.577018
1.577018
1.563762
1.563762
1.569599
1.569599
1.577592
1.577592
1.564827
1.564827
1.581942
1.581942
1.583369
1.583369
1.580678
1.580678
1.568480
1.568480
1.570169
1.570169
1.567006
1.567006
1.593533
1.593533
1.565292
1.565292
1.577509
1.577509
1.580055
1.580055
1.578852
1.578852
1.573266
1.573266
1.570738
1.570738
1.585363
1.585363
1.572739
1.572739
1.573986
1.573986
1.572042
1.572042
1.571762
1.571762
1.573948
1.573948
1.574547
1.574547
1.573552
1.573552
1.584940
1.584940
1.586391
1.586391
1.563804
1.563804
1.584062
1.584062
1.573304
1.573304
1.566994
1.566994
1.588694
1.588694
1.573169
1.573169
1.576398
1.576398
1.563769
1.563769
1.574370
1.574370
1.570317
1.570317
1.569145
1.569145
1.590691
1.590691
1.569237
1.569237
1.578047
1.578047
1.580648
1.580648
1.584340
1.584340
1.568805
1.568805
1.578844
1.578844
1.560505
1.560505
1.575090
1.575090
1.575615
1.575615
1.571556
1.571556
1.574749
1.574749
1.580976
1.580976
1.568745
1.568745
1.579926
1.579926
1.575634
1.575634
1.569819
1.569819
1.584458
1.584458
1.579505
1.579505
1.575992
1.575992
1.573635
1.573635
1.568197
1.568197
1.579713
1.579713
1.575490
1.575490
1.570193
1.570193
1.574652
1.574652
1.576573
1.576573
1.579746
1.579746
1.590533
1.590533
1.571676
1.571676
1.565784
1.565784
1.575986
1.575986
1.569970
1.569970
1.575998
1.575998
1.581860
1.581860
1.573538
1.573538
1.568993
1.568993
1.574381
1.574381
1.570867
1.570867
1.586953
1.586953
1.566710
1.566710
1.579095
1.579095
1.569520
1.569520
1.573664
1.573664
1.575650
1.575650
1.579021
1.579021
1.568706
1.568706
1.577727
1.577727
1.572003
1.572003
1.570609
1.570609
1.569062
1.569062
1.583254
1.583254
1.580629
1.580629
1.585378
1.585378
1.573296
1.573296
1.566647
1.566647
1.571727
1.571727
1.577911
1.577911
1.579677
1.579677
1.584778
1.584778
1.570820
1.570820
1.572420
1.572420
1.564211
1.564211
1.576942
1.576942
1.578926
1.578926
1.563027
1.563027
1.581615
1.581615
1.574847
1.574847
1.566776
1.566776
1.579199
1.579199
1.575559
1.575559
1.583927
1.583927
1.569141
1.569141
1.576078
1.576078
1.565639
1.565639
1.581999
1.581999
1.581071
1.581071
1.570419
1.570419
1.579583
1.579583
1.576694
1.576694
1.574452
1.574452
1.579967
1.579967
1.562752
1.562752
1.582899
1.582899
1.584021
1.584021
1.579293
1.579293
1.567133
1.567133
1.559826
1.559826
1.579659
1.579659
1.572055
1.572055
1.582800
1.582800
1.565055
1.565055
1.579143
1.579143
1.586618
1.586618
1.573528
1.573528
1.575103
1.575103
1.573365
1.573365
1.568351
1.568351
1.583019
1.583019
1.575383
1.575383
1.560256
1.560256
1.580078
1.580078
1.583576
1.583576
1.578755
1.578755
1.574525
1.574525
1.579798
1.579798
1.584219
1.584219
1.559712
1.559712
1.583437
1.583437
1.583284
1.583284
1.566245
1.566245
1.576647
1.576647
1.569969
1.569969
1.577255
1.577255
1.573414
1.573414
1.573571
1.573571
1.572532
1.572532
1.586685
1.586685
1.579813
1.579813
1.579845
1.579845
1.567026
1.567026
1.584134
1.584134
1.567443
1.567443
1.574247
1.574247
1.578132
1.578132
1.574767
1.574767
1.580737
1.580737
1.571074
1.571074
1.562789
1.562789
1.579470
1.579470
1.573470
1.573470
1.583364
1.583364
1.583031
1.583031
1.570553
1.570553
1.583528
1.583528
1.567341
1.567341
1.575392
1.575392
1.585879
1.585879
1.569422
1.569422
1.575091
1.575091
1.572313
1.572313
1.583743
1.583743
1.580502
1.580502
1.582713
1.582713
1.581671
1.581671
1.573640
1.573640
1.580456
1.580456
1.556314
1.556314
1.577775
1.577775
1.573596
1.573596
1.584593
1.584593
1.566508
1.566508
1.577837
1.577837
1.587111
1.587111
1.571087
1.571087
1.577546
1.577546
1.565842
1.565842
1.579389
1.579389
1.584210
1.584210
1.563381
1.563381
1.576027
1.576027
1.589156
1.589156
1.564515
1.564515
1.571458
1.571458
1.578660
1.578660
1.571353
1.571353
1.579080
1.579080
1.580963
1.580963
1.569101
1.569101
1.568861
1.568861
1.579348
1.579348
1.587189
1.587189
1.576226
1.576226
1.571051
1.571051
1.581837
1.581837
1.574955
1.574955
1.579595
1.579595
1.572789
1.572789
1.563780
1.563780
1.586883
1.586883
1.576710
1.576710
1.573317
1.573317
1.582307
1.582307
1.570427
1.570427
1.564192
1.564192
1.583174
1.583174
1.577148
1.577148
1.590474
1.590474
1.582025
1.582025
1.568721
1.568721
1.583750
1.583750
1.581635
1.581635
1.562419
1.562419
1.573775
1.573775
1.574515
1.574515
1.584340
1.584340
1.577632
1.577632
1.570778
1.570778
1.576666
1.576666
1.587555
1.587555
1.575379
1.575379
1.575509
1.575509
1.565361
1.565361
1.571483
1.571483
1.580784
1.580784
1.577024
1.577024
1.582261
1.582261
1.571467
1.571467
1.579123
1.579123
1.577839
1.577839
1.581952
1.581952
1.575936
1.575936
1.568522
1.568522
1.587825
1.587825
1.568092
1.568092
1.578767
1.578767
1.574829
1.574829
1.576860
1.576860
1.566159
1.566159
1.574456
1.574456
1.588197
1.588197
1.569640
1.569640
1.592721
1.592721
1.575941
1.575941
1.579352
1.579352
1.586314
1.586314
1.570675
1.570675
1.574699
1.574699
1.577980
1.577980
1.580036
1.580036
1.578800
1.578800
1.586148
1.586148
1.560363
1.560363
1.577463
1.577463
1.564047
1.564047
1.572320
1.572320
1.592950
1.592950
1.581477
1.581477
1.588678
1.588678
1.565422
1.565422
1.580843
1.580843
1.571190
1.571190
1.581880
1.581880
1.578927
1.578927
1.588354
1.588354
1.560612
1.560612
1.581912
1.581912
1.576602
1.576602
1.568613
1.568613
1.581987
1.581987
1.576581
1.576581
1.578679
1.578679
1.581578
1.581578
1.580789
1.580789
1.581364
1.581364
1.564333
1.564333
1.576321
1.576321
1.586055
1.586055
1.573303
1.573303
1.576479
1.576479
1.573819
1.573819
1.589042
1.589042
1.573292
1.573292
1.570013
1.570013
1.578328
1.578328
1.587569
1.587569
1.572708
1.572708
1.579378
1.579378
1.574884
1.574884
1.574510
1.574510
1.569224
1.569224
1.589106
1.589106
1.581153
1.581153
1.573012
1.573012
1.579980
1.579980
1.566338
1.566338
1.580811
1.580811
1.591233
1.591233
1.574370
1.574370
1.580275
1.580275
1.581175
1.581175
1.570070
1.570070
1.583168
1.583168
1.582169
1.582169
1.567692
1.567692
1.586114
1.586114
1.571445
1.571445
1.580633
1.580633
1.570902
1.570902
1.587847
1.587847
1.585759
1.585759
1.566962
1.566962
1.574558
1.574558
1.576524
1.576524
1.583123
1.583123
1.572821
1.572821
1.579678
1.579678
1.573669
1.573669
1.578539
1.578539
1.587651
1.587651
1.573986
1.573986
1.572050
1.572050
1.574322
1.574322
1.575921
1.575921
1.573353
1.573353
1.583471
1.583471
1.567776
1.567776
1.591042
1.591042
1.566622
1.566622
1.583872
1.583872
1.583225
1.583225
1.582953
1.582953
1.570242
1.570242
1.586074
1.586074
1.574020
1.574020
1.566565
1.566565
1.584883
1.584883
1.577353
1.577353
1.574469
1.574469
1.573204
1.573204
1.583866
1.583866
1.571666
1.571666
1.588232
1.588232
1.575098
1.575098
1.581009
1.581009
1.573953
1.573953
1.578252
1.578252
1.581697
1.581697
1.578290
1.578290
1.586653
1.586653
1.574246
1.574246
1.565863
1.565863
1.586465
1.586465
1.565574
1.565574
1.579703
1.579703
1.582233
1.582233
1.594945
1.594945
1.563391
1.563391
1.587407
1.587407
1.565278
1.565278
1.580250
1.580250
1.576941
1.576941
1.580168
1.580168
1.575015
1.575015
1.580301
1.580301
1.576462
1.576462
1.585378
1.585378
1.570114
1.570114
1.568837
1.568837
1.566931
1.566931
1.584813
1.584813
1.578668
1.578668
1.594296
1.594296
1.578202
1.578202
1.579130
1.579130
1.579052
1.579052
1.572159
1.572159
1.582850
1.582850
1.575814
1.575814
1.593506
1.593506
1.563538
1.563538
1.579081
1.579081
1.579400
1.579400
1.589524
1.589524
1.581908
1.581908
1.577523
1.577523
1.566605
1.566605
1.575328
1.575328
1.577783
1.577783
1.571689
1.571689
1.580133
1.580133
1.576603
1.576603
1.588188
1.588188
1.580147
1.580147
1.570605
1.570605
1.592821
1.592821
1.573305
1.573305
1.575151
1.575151
1.574753
1.574753
1.583039
1.583039
1.578487
1.578487
1.582975
1.582975
1.574107
1.574107
1.585157
1.585157
1.586943
1.586943
1.571753
1.571753
1.570508
1.570508
1.581900
1.581900
1.583569
1.583569
1.581412
1.581412
1.569033
1.569033
1.586075
1.586075
1.574537
1.574537
1.572862
1.572862
1.573280
1.573280
1.580448
1.580448
1.582898
1.582898
1.588701
1.588701
1.569605
1.569605
1.575914
1.575914
1.577788
1.577788
1.583006
1.583006
1.593333
1.593333
1.583806
1.583806
1.577664
1.577664
1.571596
1.571596
1.577210
1.577210
1.587887
1.587887
1.574514
1.574514
1.578420
1.578420
1.585590
1.585590
1.572051
1.572051
1.587414
1.587414
1.583719
1.583719
1.584381
1.584381
1.564828
1.564828
1.578802
1.578802
1.585790
1.585790
1.563117
1.563117
1.579535
1.579535
1.593963
1.593963
1.570949
1.570949
1.591012
1.591012
1.598722
1.598722
1.564355
1.564355
1.586856
1.586856
1.568731
1.568731
1.575900
1.575900
1.584685
1.584685
1.571208
1.571208
1.581875
1.581875
1.574356
1.574356
1.585211
1.585211
1.570498
1.570498
1.572395
1.572395
1.580354
1.580354
1.577131
1.577131
1.601968
1.601968
1.576718
1.576718
1.593097
1.593097
1.575359
1.575359
1.575305
1.575305
1.575831
1.575831
1.573822
1.573822
1.582771
1.582771
1.581201
1.581201
1.577069
1.577069
1.583561
1.583561
1.588669
1.588669
1.583973
1.583973
1.582927
1.582927
1.566483
1.566483
1.573954
1.573954
1.578372
1.578372
1.579273
1.579273
1.579067
1.579067
1.583122
1.583122
1.576815
1.576815
1.576750
1.576750
1.586087
1.586087
1.569645
1.569645
1.588120
1.588120
1.575966
1.575966
1.571291
1.571291
1.583796
1.583796
1.580726
1.580726
1.589807
1.589807
1.569120
1.569120
1.583860
1.583860
1.574343
1.574343
1.584502
1.584502
1.572942
1.572942
1.582387
1.582387
1.578674
1.578674
1.588388
1.588388
1.583751
1.583751
1.567185
1.567185
1.579047
1.579047
1.581385
1.581385
1.579955
1.579955
1.595265
1.595265
1.570881
1.570881
1.565966
1.565966
1.581031
1.581031
1.591199
1.591199
1.581191
1.581191
1.575088
1.575088
1.564182
1.564182
1.581848
1.581848
1.582084
1.582084
1.581197
1.581197
1.570174
1.570174
1.581558
1.581558
1.588652
1.588652
1.573640
1.573640
1.578140
1.578140
1.580988
1.580988
1.573405
1.573405
1.582274
1.582274
1.578861
1.578861
1.567858
1.567858
1.593925
1.593925
1.571363
1.571363
1.582261
1.582261
1.565884
1.565884
1.587604
1.587604
1.586335
1.586335
1.572798
1.572798
1.576675
1.576675
1.582065
1.582065
1.575266
1.575266
1.589227
1.589227
1.571758
1.571758
1.576464
1.576464
1.590160
1.590160
1.572883
1.572883
1.579487
1.579487
1.578050
1.578050
1.580891
1.580891
1.576507
1.576507
1.574098
1.574098
1.583027
1.583027
1.584512
1.584512
1.577366
1.577366
1.580007
1.580007
1.579877
1.579877
1.574225
1.574225
1.588446
1.588446
1.582396
1.582396
1.565757
1.565757
1.569199
1.569199
1.588382
1.588382
1.596427
1.596427
1.571751
1.571751
1.583920
1.583920
1.588822
1.588822
1.575499
1.575499
1.578124
1.578124
1.589796
1.589796
1.578005
1.578005
1.576117
1.576117
1.580434
1.580434
1.572776
1.572776
1.613798
1.613798
1.579059
1.579059
1.564248
1.564248
1.566932
1.566932
1.573471
1.573471
1.595468
1.595468
1.571147
1.571147
1.572267
1.572267
1.575499
1.575499
1.587016
1.587016
1.592016
1.592016
1.571129
1.571129
1.575354
1.575354
1.574050
1.574050
1.591039
1.591039
1.579672
1.579672
1.574695
1.574695
1.570394
1.570394
1.591048
1.591048
1.587394
1.587394
1.582166
1.582166
1.570596
1.570596
1.580225
1.580225
1.584581
1.584581
1.585733
1.585733
1.584576
1.584576
1.573822
1.573822
1.591387
1.591387
1.579495
1.579495
1.570756
1.570756
1.584515
1.584515
1.581553
1.581553
1.580948
1.580948
1.570742
1.570742
1.586541
1.586541
1.582652
1.582652
1.575263
1.575263
1.581721
1.581721
1.582001
1.582001
1.581969
1.581969
1.600523
1.600523
1.579573
1.579573
1.576013
1.576013
1.566684
1.566684
1.580932
1.580932
1.579509
1.579509
1.582945
1.582945
1.582630
1.582630
1.575759
1.575759
1.583368
1.583368
1.581713
1.581713
1.572681
1.572681
1.577660
1.577660
1.599908
1.599908
1.567877
1.567877
1.582866
1.582866
1.593238
1.593238
1.575576
1.575576
1.579992
1.579992
1.567466
1.567466
1.572973
1.572973
1.584454
1.584454
1.578972
1.578972
1.579657
1.579657
1.587659
1.587659
1.587438
1.587438
1.579349
1.579349
1.585890
1.585890
1.561716
1.561716
1.589467
1.589467
1.564243
1.564243
1.583321
1.583321
1.587267
1.587267
1.578013
1.578013
1.591678
1.591678
1.588365
1.588365
1.579466
1.579466
1.584745
1.584745
1.572225
1.572225
1.575976
1.575976
1.581617
1.581617
1.580370
1.580370
1.581172
1.581172
1.573536
1.573536
1.587590
1.587590
1.589404
1.589404
1.575250
1.575250
1.583240
1.583240
1.577543
1.577543
1.576735
1.576735
1.575180
1.575180
1.583137
1.583137
1.577565
1.577565
1.587243
1.587243
1.579875
1.579875
1.582596
1.582596
1.568344
1.568344
1.579028
1.579028
1.590085
1.590085
1.583539
1.583539
1.588805
1.588805
1.576209
1.576209
1.586912
1.586912
1.578963
1.578963
1.568284
1.568284
1.571536
1.571536
1.583964
1.583964
1.591127
1.591127
1.577108
1.577108
1.577179
1.577179
1.575414
1.575414
1.582916
1.582916
1.586900
1.586900
1.582717
1.582717
1.571346
1.571346
1.596299
1.596299
1.570156
1.570156
1.581092
1.581092
1.572811
1.572811
1.581707
1.581707
1.589561
1.589561
1.581568
1.581568
1.565576
1.565576
1.587079
1.587079
1.577586
1.577586
1.590321
1.590321
1.565844
1.565844
1.573256
1.573256
1.592935
1.592935
1.579535
1.579535
1.586189
1.586189
1.566869
1.566869
1.577641
1.577641
1.584549
1.584549
1.588577
1.588577
1.582992
1.582992
1.589031
1.589031
1.578239
1.578239
1.570560
1.570560
1.580415
1.580415
1.576322
1.576322
1.564846
1.564846
1.604877
1.604877
1.564570
1.564570
1.593698
1.593698
1.582041
1.582041
1.577797
1.577797
1.577647
1.577647
1.582941
1.582941
1.580573
1.580573
1.573788
1.573788
1.578928
1.578928
1.574337
1.574337
1.586696
1.586696
1.589417
1.589417
1.594089
1.594089
1.582670
1.582670
1.567593
1.567593
1.572039
1.572039
1.586007
1.586007
1.586067
1.586067
1.582160
1.582160
1.589420
1.589420
1.576019
1.576019
1.563051
1.563051
1.576612
1.576612
1.590696
1.590696
1.589851
1.589851
1.568467
1.568467
1.573495
1.573495
1.575152
1.575152
1.588237
1.588237
1.581396
1.581396
1.582397
1.582397
1.571289
1.571289
1.570469
1.570469
1.577298
1.577298
1.585320
1.585320
1.588506
1.588506
1.579192
1.579192
1.584027
1.584027
1.577673
1.577673
1.574912
1.574912
1.588237
1.588237
1.575420
1.575420
1.605000
1.605000
1.567261
1.567261
1.579772
1.579772
1.581216
1.581216
1.564579
1.564579
1.582164
1.582164
1.579799
1.579799
1.576748
1.576748
1.583025
1.583025
1.581240
1.581240
1.573800
1.573800
1.570978
1.570978
1.579512
1.579512
1.597073
1.597073
1.582984
1.582984
1.575687
1.575687
1.588899
1.588899
1.577568
1.577568
1.591094
1.591094
1.567943
1.567943
1.569539
1.569539
1.581445
1.581445
1.585864
1.585864
1.578635
1.578635
1.591746
1.591746
1.580743
1.580743
1.589038
1.589038
1.568292
1.568292
1.579634
1.579634
1.588540
1.588540
1.589296
1.589296
1.573489
1.573489
1.576302
1.576302
1.586679
1.586679
1.577464
1.577464
1.582635
1.582635
1.577464
1.577464
1.587671
1.587671
1.583079
1.583079
1.570534
1.570534
1.573274
1.573274
1.583120
1.583120
1.585576
1.585576
1.576695
1.576695
1.588075
1.588075
1.560741
1.560741
1.596270
1.596270
1.578519
1.578519
1.588098
1.588098
1.582627
1.582627
1.580001
1.580001
1.577825
1.577825
1.578042
1.578042
1.587651
1.587651
1.583854
1.583854
1.584117
1.584117
1.577869
1.577869
1.580222
1.580222
1.582433
1.582433
1.583411
1.583411
1.574530
1.574530
1.588766
1.588766
1.566007
1.566007
1.587797
1.587797
1.593593
1.593593
1.578723
1.578723
1.590480
1.590480
1.583243
1.583243
1.578509
1.578509
1.574970
1.574970
1.594869
1.594869
1.582558
1.582558
1.582620
1.582620
1.566911
1.566911
1.581006
1.581006
1.580606
1.580606
1.574441
1.574441
1.593501
1.593501
1.586024
1.586024
1.571454
1.571454
1.592413
1.592413
1.577139
1.577139
1.588935
1.588935
1.572482
1.572482
1.576267
1.576267
1.573212
1.573212
1.587849
1.587849
1.587341
1.587341
1.575969
1.575969
1.584621
1.584621
1.583188
1.583188
1.581672
1.581672
1.588365
1.588365
1.580208
1.580208
1.571975
1.571975
1.582379
1.582379
1.588911
1.588911
1.574229
1.574229
1.582985
1.582985
1.577802
1.577802
1.584090
1.584090
1.584994
1.584994
1.586902
1.586902
1.573649
1.573649
1.575882
1.575882
1.601592
1.601592
1.575111
1.575111
1.567459
1.567459
1.578515
1.578515
1.585634
1.585634
1.584432
1.584432
1.569765
1.569765
1.591173
1.591173
1.577971
1.577971
1.585616
1.585616
1.581721
1.581721
1.581823
1.581823
1.589279
1.589279
1.571841
1.571841
1.584267
1.584267
1.572773
1.572773
1.578039
1.578039
1.590087
1.590087
1.581137
1.581137
1.587659
1.587659
1.585024
1.585024
1.580334
1.580334
1.579533
1.579533
1.577439
1.577439
1.587257
1.587257
1.583293
1.583293
1.582702
1.582702
1.581840
1.581840
1.572031
1.572031
1.590936
1.590936
1.575069
1.575069
1.584722
1.584722
1.581123
1.581123
1.582799
1.582799
1.586613
1.586613
1.580239
1.580239
1.583676
1.583676
1.571522
1.571522
1.589992
1.589992
1.585324
1.585324
1.589294
1.589294
1.575860
1.575860
1.577390
1.577390
1.582039
1.582039
1.587248
1.587248
1.571096
1.571096
1.572767
1.572767
1.593116
1.593116
1.594819
1.594819
1.578330
1.578330
1.584093
1.584093
1.583416
1.583416
1.580477
1.580477
1.580450
1.580450
1.582873
1.582873
1.586206
1.586206
1.576494
1.576494
1.590115
1.590115
1.577362
1.577362
1.580822
1.580822
1.581118
1.581118
1.581788
1.581788
1.584766
1.584766
1.578477
1.578477
1.586069
1.586069
1.597447
1.597447
1.573385
1.573385
1.580282
1.580282
1.579738
1.579738
1.579260
1.579260
1.570149
1.570149
1.574911
1.574911
1.587197
1.587197
1.601038
1.601038
1.575595
1.575595
1.599033
1.599033
1.587500
1.587500
1.578583
1.578583
1.565493
1.565493
1.578840
1.578840
1.593507
1.593507
1.570772
1.570772
1.576481
1.576481
1.589614
1.589614
1.579050
1.579050
1.580799
1.580799
1.585021
1.585021
1.576003
1.576003
1.587070
1.587070
1.581438
1.581438
1.584771
1.584771
1.587551
1.587551
1.578458
1.578458
1.591194
1.591194
1.564188
1.564188
1.578756
1.578756
1.599402
1.599402
1.582567
1.582567
1.579508
1.579508
1.566352
1.566352
1.575033
1.575033
1.597115
1.597115
1.590362
1.590362
1.564862
1.564862
1.583181
1.583181
1.576715
1.576715
1.571926
1.571926
1.585021
1.585021
1.582492
1.582492
1.597926
1.597926
1.576789
1.576789
1.575912
1.575912
1.587391
1.587391
1.583331
1.583331
1.588571
1.588571
1.578582
1.578582
1.579839
1.579839
1.596498
1.596498
1.573922
1.573922
1.582101
1.582101
1.593247
1.593247
1.570344
1.570344
1.577921
1.577921
1.581795
1.581795
1.589849
1.589849
1.587056
1.587056
1.587288
1.587288
1.592110
1.592110
1.579379
1.579379
1.559792
1.559792
1.596685
1.596685
1.582688
1.582688
1.567110
1.567110
1.583399
1.583399
1.580590
1.580590
1.582584
1.582584
1.579748
1.579748
1.580845
1.580845
1.599468
1.599468
1.563022
1.563022
1.592790
1.592790
1.593365
1.593365
1.570630
1.570630
1.573215
1.573215
1.579602
1.579602
1.585538
1.585538
1.572807
1.572807
1.595384
1.595384
1.571062
1.571062
1.586083
1.586083
1.574805
1.574805
1.588092
1.588092
1.581436
1.581436
1.585130
1.585130
1.579486
1.579486
1.575203
1.575203
1.589199
1.589199
1.583286
1.583286
1.584664
1.584664
1.575271
1.575271
1.572625
1.572625
1.589922
1.589922
1.584869
1.584869
1.572749
1.572749
1.591377
1.591377
1.577774
1.577774
1.588448
1.588448
1.587768
1.587768
1.579572
1.579572
1.573873
1.573873
1.577571
1.577571
1.583206
1.583206
1.585200
1.585200
1.574354
1.574354
1.592101
1.592101
1.590321
1.590321
1.579112
1.579112
1.585868
1.585868
1.575663
1.575663
1.578370
1.578370
1.580282
1.580282
1.591054
1.591054
1.579182
1.579182
1.583469
1.583469
1.574653
1.574653
1.584863
1.584863
1.591228
1.591228
1.573889
1.573889
1.585427
1.585427
1.572891
1.572891
1.573834
1.573834
1.574931
1.574931
1.595038
1.595038
1.583045
1.583045
1.584406
1.584406
1.572651
1.572651
1.573393
1.573393
1.587227
1.587227
1.584273
1.584273
1.597369
1.597369
1.587945
1.587945
1.589414
1.589414
1.573735
1.573735
1.564963
1.564963
1.599369
1.599369
1.585102
1.585102
1.584233
1.584233
1.583276
1.583276
1.576188
1.576188
1.582191
1.582191
1.584862
1.584862
1.578642
1.578642
1.578943
1.578943
1.583061
1.583061
1.586683
1.586683
1.579748
1.579748
1.587685
1.587685
1.587432
1.587432
1.575624
1.575624
1.580060
1.580060
1.576542
1.576542
1.578863
1.578863
1.582988
1.582988
1.590012
1.590012
1.582604
1.582604
1.599178
1.599178
1.578174
1.578174
1.573807
1.573807
1.581658
1.581658
1.576598
1.576598
1.578707
1.578707
1.577270
1.577270
1.586490
1.586490
1.582393
1.582393
1.587395
1.587395
1.569812
1.569812
1.594339
1.594339
1.578158
1.578158
1.587496
1.587496
1.580915
1.580915
1.579021
1.579021
1.575163
1.575163
1.589631
1.589631
1.583973
1.583973
1.584018
1.584018
1.578255
1.578255
1.586814
1.586814
1.580371
1.580371
1.581262
1.581262
1.586008
1.586008
1.594052
1.594052
1.597353
1.597353
1.579808
1.579808
1.565261
1.565261
1.573337
1.573337
1.567042
1.567042
1.581068
1.581068
1.598301
1.598301
1.577151
1.577151
1.590666
1.590666
1.577150
1.577150
1.585104
1.585104
1.582469
1.582469
1.579314
1.579314
1.591007
1.591007
1.585947
1.585947
1.578046
1.578046
1.592045
1.592045
1.582269
1.582269
1.572719
1.572719
1.576108
1.576108
1.590528
1.590528
1.590158
1.590158
1.581404
1.581404
1.573358
1.573358
1.586444
1.586444
1.578343
1.578343
1.587087
1.587087
1.581149
1.581149
1.580522
1.580522
1.584769
1.584769
1.589833
1.589833
1.578450
1.578450
1.584421
1.584421
1.574847
1.574847
1.571282
1.571282
1.581569
1.581569
1.586195
1.586195
1.590794
1.590794
1.585802
1.585802
1.594132
1.594132
1.585384
1.585384
1.572227
1.572227
1.582610
1.582610
1.581201
1.581201
1.582119
1.582119
1.587966
1.587966
1.579815
1.579815
1.590986
1.590986
1.573415
1.573415
1.580559
1.580559
1.594785
1.594785
1.586907
1.586907
1.573933
1.573933
1.579798
1.579798
1.586226
1.586226
1.583271
1.583271
1.577335
1.577335
1.583772
1.583772
1.587494
1.587494
1.585163
1.585163
1.566131
1.566131
1.593852
1.593852
1.581429
1.581429
1.593339
1.593339
1.568798
1.568798
1.580554
1.580554
1.586634
1.586634
1.603846
1.603846
1.575746
1.575746
1.590543
1.590543
1.567093
1.567093
1.584807
1.584807
1.587886
1.587886
1.588808
1.588808
1.596060
1.596060
1.580411
1.580411
1.584567
1.584567
1.587224
1.587224
1.565016
1.565016
1.577590
1.577590
1.580918
1.580918
1.582075
1.582075
1.586729
1.586729
1.592841
1.592841
1.590061
1.590061
1.582910
1.582910
1.587891
1.587891
1.577460
1.577460
1.578048
1.578048
1.587610
1.587610
1.578951
1.578951
1.577957
1.577957
1.591221
1.591221
1.581199
1.581199
1.570221
1.570221
1.580489
1.580489
1.589511
1.589511
1.585050
1.585050
1.594575
1.594575
