2.348100
2.348100
2.348365
2.348365
2.349130
2.349130
2.348746
2.348746
2.348307
2.348307
2.345065
2.345065
2.348466
2.348466
2.346948
2.346948
2.347443
2.347443
2.347629
2.347629
2.348054
2.348054
2.348734
2.348734
2.348209
2.348209
2.346230
2.346230
2.347170
2.347170
2.347642
2.347642
2.347091
2.347091
2.345246
2.345246
2.345769
2.345769
2.346614
2.346614
2.347276
2.347276
2.346510
2.346510
2.345774
2.345774
2.346477
2.346477
2.345274
2.345274
2.345007
2.345007
2.346372
2.346372
2.346504
2.346504
2.345590
2.345590
2.345625
2.345625
2.345141
2.345141
2.344717
2.344717
2.344645
2.344645
2.345431
2.345431
2.345914
2.345914
2.344471
2.344471
2.345460
2.345460
2.345025
2.345025
2.344946
2.344946
2.342198
2.342198
2.344834
2.344834
2.343990
2.343990
2.342841
2.342841
2.344561
2.344561
2.344419
2.344419
2.343728
2.343728
2.341950
2.341950
2.344405
2.344405
2.343447
2.343447
2.342248
2.342248
2.342087
2.342087
2.342559
2.342559
2.342251
2.342251
2.340138
2.340138
2.341673
2.341673
2.341535
2.341535
2.340208
2.340208
2.340257
2.340257
2.339916
2.339916
2.341682
2.341682
2.338688
2.338688
2.339851
2.339851
2.340145
2.340145
2.338068
2.338068
2.338001
2.338001
2.339229
2.339229
2.338950
2.338950
2.337206
2.337206
2.337373
2.337373
2.336251
2.336251
2.335715
2.335715
2.334927
2.334927
2.336860
2.336860
2.334974
2.334974
2.334127
2.334127
2.333769
2.333769
2.333960
2.333960
2.334115
2.334115
2.334744
2.334744
2.330969
2.330969
2.331347
2.331347
2.332542
2.332542
2.332292
2.332292
2.330055
2.330055
2.332601
2.332601
2.327778
2.327778
2.328788
2.328788
2.327970
2.327970
2.330809
2.330809
2.326081
2.326081
2.326612
2.326612
2.326524
2.326524
2.325557
2.325557
2.324209
2.324209
2.327044
2.327044
2.326117
2.326117
2.322422
2.322422
2.324511
2.324511
2.322210
2.322210
2.321840
2.321840
2.319170
2.319170
2.323281
2.323281
2.320195
2.320195
2.318677
2.318677
2.319890
2.319890
2.314407
2.314407
2.316527
2.316527
2.314927
2.314927
2.314740
2.314740
2.312683
2.312683
2.312614
2.312614
2.312325
2.312325
2.312670
2.312670
2.308431
2.308431
2.311164
2.311164
2.311398
2.311398
2.306904
2.306904
2.303674
2.303674
2.302806
2.302806
2.301970
2.301970
2.302783
2.302783
2.302546
2.302546
2.301814
2.301814
2.298401
2.298401
2.297367
2.297367
2.293748
2.293748
2.293343
2.293343
2.295251
2.295251
2.291580
2.291580
2.294119
2.294119
2.290425
2.290425
2.282116
2.282116
2.284488
2.284488
2.285370
2.285370
2.282560
2.282560
2.285455
2.285455
2.277590
2.277590
2.278608
2.278608
2.274969
2.274969
2.276048
2.276048
2.273615
2.273615
2.272131
2.272131
2.266615
2.266615
2.259506
2.259506
2.261520
2.261520
2.258665
2.258665
2.262094
2.262094
2.259544
2.259544
2.253011
2.253011
2.253206
2.253206
2.243190
2.243190
2.247699
2.247699
2.243927
2.243927
2.245140
2.245140
2.237419
2.237419
2.233887
2.233887
2.231622
2.231622
2.229740
2.229740
2.225894
2.225894
2.221648
2.221648
2.214411
2.214411
2.210708
2.210708
2.203987
2.203987
2.206784
2.206784
2.198708
2.198708
2.202555
2.202555
2.195613
2.195613
2.189898
2.189898
2.181369
2.181369
2.180781
2.180781
2.174048
2.174048
2.169064
2.169064
2.161716
2.161716
2.164657
2.164657
2.148862
2.148862
2.143676
2.143676
2.143420
2.143420
2.135736
2.135736
2.131357
2.131357
2.128905
2.128905
2.115452
2.115452
2.097549
2.097549
2.100256
2.100256
2.103770
2.103770
2.096151
2.096151
2.086789
2.086789
2.081499
2.081499
2.064759
2.064759
2.053814
2.053814
2.068302
2.068302
2.038026
2.038026
2.022055
2.022055
2.029076
2.029076
2.024296
2.024296
2.006970
2.006970
2.000625
2.000625
2.007285
2.007285
1.997280
1.997280
1.991017
1.991017
1.965981
1.965981
1.973923
1.973923
1.963357
1.963357
1.942307
1.942307
1.939450
1.939450
1.936100
1.936100
1.911747
1.911747
1.920573
1.920573
1.923349
1.923349
1.911087
1.911087
1.904345
1.904345
1.888480
1.888480
1.873906
1.873906
1.884729
1.884729
1.873632
1.873632
1.868625
1.868625
1.859523
1.859523
1.851739
1.851739
1.846436
1.846436
1.831587
1.831587
1.842338
1.842338
1.827193
1.827193
1.817446
1.817446
1.805476
1.805476
1.823606
1.823606
1.805990
1.805990
1.796972
1.796972
1.799141
1.799141
1.788916
1.788916
1.788727
1.788727
1.784603
1.784603
1.784787
1.784787
1.769059
1.769059
1.766992
1.766992
1.748782
1.748782
1.768898
1.768898
1.750395
1.750395
1.747115
1.747115
1.763915
1.763915
1.735619
1.735619
1.745041
1.745041
1.738326
1.738326
1.750734
1.750734
1.729349
1.729349
1.728092
1.728092
1.717793
1.717793
1.730962
1.730962
1.715071
1.715071
1.705670
1.705670
1.730038
1.730038
1.719939
1.719939
1.715032
1.715032
1.703264
1.703264
1.708371
1.708371
1.695593
1.695593
1.703448
1.703448
1.701781
1.701781
1.700830
1.700830
1.704956
1.704956
1.697608
1.697608
1.692564
1.692564
1.682513
1.682513
1.688840
1.688840
1.696039
1.696039
1.679153
1.679153
1.688648
1.688648
1.688628
1.688628
1.677102
1.677102
1.676340
1.676340
1.675297
1.675297
1.673736
1.673736
1.667568
1.667568
1.672581
1.672581
1.666730
1.666730
1.680648
1.680648
1.674785
1.674785
1.667246
1.667246
1.665717
1.665717
1.654300
1.654300
1.664575
1.664575
1.666072
1.666072
1.669779
1.669779
1.672985
1.672985
1.660306
1.660306
1.656455
1.656455
1.658228
1.658228
1.660929
1.660929
1.661341
1.661341
1.645390
1.645390
1.654876
1.654876
1.659216
1.659216
1.656794
1.656794
1.650346
1.650346
1.646329
1.646329
1.641696
1.641696
1.650493
1.650493
1.646967
1.646967
1.645308
1.645308
1.641594
1.641594
1.654011
1.654011
1.643675
1.643675
1.643329
1.643329
1.650642
1.650642
1.640345
1.640345
1.639796
1.639796
1.644472
1.644472
1.629457
1.629457
1.646632
1.646632
1.626520
1.626520
1.645110
1.645110
1.638238
1.638238
1.638214
1.638214
1.633983
1.633983
1.624603
1.624603
1.643097
1.643097
1.631907
1.631907
1.641904
1.641904
1.629707
1.629707
1.642781
1.642781
1.635713
1.635713
1.630605
1.630605
1.627935
1.627935
1.629944
1.629944
1.632818
1.632818
1.630894
1.630894
1.633098
1.633098
1.627093
1.627093
1.621010
1.621010
1.631833
1.631833
1.622792
1.622792
1.638412
1.638412
1.619953
1.619953
1.619533
1.619533
1.624934
1.624934
1.622640
1.622640
1.636938
1.636938
1.626758
1.626758
1.625088
1.625088
1.618001
1.618001
1.624475
1.624475
1.622113
1.622113
1.621070
1.621070
1.622474
1.622474
1.623424
1.623424
1.619124
1.619124
1.620969
1.620969
1.614273
1.614273
1.618762
1.618762
1.624538
1.624538
1.613314
1.613314
1.621963
1.621963
1.618986
1.618986
1.616498
1.616498
1.616841
1.616841
1.616622
1.616622
1.616034
1.616034
1.622382
1.622382
1.612335
1.612335
1.622204
1.622204
1.609801
1.609801
1.599662
1.599662
1.614078
1.614078
1.614147
1.614147
1.619974
1.619974
1.612609
1.612609
1.607258
1.607258
1.608724
1.608724
1.622741
1.622741
1.615674
1.615674
1.606720
1.606720
1.609601
1.609601
1.611745
1.611745
1.589873
1.589873
1.605018
1.605018
1.610253
1.610253
1.606342
1.606342
1.608473
1.608473
1.616378
1.616378
1.617413
1.617413
1.614162
1.614162
1.608777
1.608777
1.607415
1.607415
1.602586
1.602586
1.611387
1.611387
1.602814
1.602814
1.608084
1.608084
1.613898
1.613898
1.609472
1.609472
1.604798
1.604798
1.600164
1.600164
1.601570
1.601570
1.611519
1.611519
1.602432
1.602432
1.606283
1.606283
1.607298
1.607298
1.597974
1.597974
1.608083
1.608083
1.611877
1.611877
1.602463
1.602463
1.603857
1.603857
1.597504
1.597504
1.600863
1.600863
1.610978
1.610978
1.592440
1.592440
1.609646
1.609646
1.611010
1.611010
1.605426
1.605426
1.601894
1.601894
1.583043
1.583043
1.602033
1.602033
1.607530
1.607530
1.604787
1.604787
1.600070
1.600070
1.588730
1.588730
1.607400
1.607400
1.600261
1.600261
1.596005
1.596005
1.611332
1.611332
1.596813
1.596813
1.601149
1.601149
1.585577
1.585577
1.599528
1.599528
1.606663
1.606663
1.595152
1.595152
1.596354
1.596354
1.597846
1.597846
1.594067
1.594067
1.584952
1.584952
1.611430
1.611430
1.602809
1.602809
1.583240
1.583240
1.607032
1.607032
1.595274
1.595274
1.603090
1.603090
1.592127
1.592127
1.597349
1.597349
1.593637
1.593637
1.594995
1.594995
1.602456
1.602456
1.596023
1.596023
1.600460
1.600460
1.599262
1.599262
1.596312
1.596312
1.584308
1.584308
1.601349
1.601349
1.584785
1.584785
1.607711
1.607711
1.589353
1.589353
1.587017
1.587017
1.604146
1.604146
1.596137
1.596137
1.588042
1.588042
1.584154
1.584154
1.595808
1.595808
1.599443
1.599443
1.601794
1.601794
1.592803
1.592803
1.593926
1.593926
1.600348
1.600348
1.599536
1.599536
1.584283
1.584283
1.588303
1.588303
1.587042
1.587042
1.585481
1.585481
1.595021
1.595021
1.598311
1.598311
1.596008
1.596008
1.593123
1.593123
1.572199
1.572199
1.596166
1.596166
1.586178
1.586178
1.591108
1.591108
1.590333
1.590333
1.600332
1.600332
1.571347
1.571347
1.592696
1.592696
1.585487
1.585487
1.589740
1.589740
1.588545
1.588545
1.592041
1.592041
1.598372
1.598372
1.583249
1.583249
1.594162
1.594162
1.585306
1.585306
1.587180
1.587180
1.600761
1.600761
1.582751
1.582751
1.579547
1.579547
1.583615
1.583615
1.587785
1.587785
1.591826
1.591826
1.601339
1.601339
1.587494
1.587494
1.599485
1.599485
1.582493
1.582493
1.589243
1.589243
1.581177
1.581177
1.585795
1.585795
1.590791
1.590791
1.589702
1.589702
1.583156
1.583156
1.579840
1.579840
1.594695
1.594695
1.589638
1.589638
1.583312
1.583312
1.588599
1.588599
1.579715
1.579715
1.576557
1.576557
1.593089
1.593089
1.591619
1.591619
1.591138
1.591138
1.584951
1.584951
1.591461
1.591461
1.588389
1.588389
1.583702
1.583702
1.577650
1.577650
1.590866
1.590866
1.592012
1.592012
1.582543
1.582543
1.584336
1.584336
1.584033
1.584033
1.577135
1.577135
1.596725
1.596725
1.585675
1.585675
1.590166
1.590166
1.576687
1.576687
1.581938
1.581938
1.585821
1.585821
1.586859
1.586859
1.591601
1.591601
1.585785
1.585785
1.585353
1.585353
1.574376
1.574376
1.582397
1.582397
1.579732
1.579732
1.588824
1.588824
1.577544
1.577544
1.585276
1.585276
1.587572
1.587572
1.577213
1.577213
1.578683
1.578683
1.577835
1.577835
1.586120
1.586120
1.581797
1.581797
1.585443
1.585443
1.582433
1.582433
1.579758
1.579758
1.585067
1.585067
1.577637
1.577637
1.584053
1.584053
1.583669
1.583669
1.578794
1.578794
1.585544
1.585544
1.585384
1.585384
1.588098
1.588098
1.576767
1.576767
1.575056
1.575056
1.581994
1.581994
1.584439
1.584439
1.583055
1.583055
1.578720
1.578720
1.577818
1.577818
1.574722
1.574722
1.589747
1.589747
1.586608
1.586608
1.565438
1.565438
1.575257
1.575257
1.590101
1.590101
1.592119
1.592119
1.581461
1.581461
1.580001
1.580001
1.586109
1.586109
1.579427
1.579427
1.580670
1.580670
1.580936
1.580936
1.573086
1.573086
1.583256
1.583256
1.582020
1.582020
1.576910
1.576910
1.580232
1.580232
1.577933
1.577933
1.585777
1.585777
1.569774
1.569774
1.580137
1.580137
1.572924
1.572924
1.578811
1.578811
1.586414
1.586414
1.578636
1.578636
1.577754
1.577754
1.572724
1.572724
1.571668
1.571668
1.591441
1.591441
1.577420
1.577420
1.580525
1.580525
1.578806
1.578806
1.580712
1.580712
1.577463
1.577463
1.585736
1.585736
1.576862
1.576862
1.574969
1.574969
1.568113
1.568113
1.589477
1.589477
1.591216
1.591216
1.575474
1.575474
1.561550
1.561550
1.571326
1.571326
1.577400
1.577400
1.578222
1.578222
1.564769
1.564769
1.587889
1.587889
1.575079
1.575079
1.582204
1.582204
1.572828
1.572828
1.572809
1.572809
1.573166
1.573166
1.578053
1.578053
1.578638
1.578638
1.577043
1.577043
1.588578
1.588578
1.576080
1.576080
1.576929
1.576929
1.580990
1.580990
1.573561
1.573561
1.576305
1.576305
1.574584
1.574584
1.576982
1.576982
1.582958
1.582958
1.562903
1.562903
1.578963
1.578963
1.582409
1.582409
1.569971
1.569971
1.573325
1.573325
1.573410
1.573410
1.580408
1.580408
1.577171
1.577171
1.582258
1.582258
1.560728
1.560728
1.572092
1.572092
1.577303
1.577303
1.572611
1.572611
1.579487
1.579487
1.577183
1.577183
1.575510
1.575510
1.578311
1.578311
1.565269
1.565269
1.573963
1.573963
1.579181
1.579181
1.580907
1.580907
1.573583
1.573583
1.574983
1.574983
1.572341
1.572341
1.579538
1.579538
1.581535
1.581535
1.570709
1.570709
1.564743
1.564743
1.571609
1.571609
1.574085
1.574085
1.578937
1.578937
1.577454
1.577454
1.567992
1.567992
1.581168
1.581168
1.579847
1.579847
1.580334
1.580334
1.573196
1.573196
1.560740
1.560740
1.575295
1.575295
1.578193
1.578193
1.576305
1.576305
1.566332
1.566332
1.568869
1.568869
1.582374
1.582374
1.578107
1.578107
1.568151
1.568151
1.562282
1.562282
1.570696
1.570696
1.567787
1.567787
1.580494
1.580494
1.582669
1.582669
1.583412
1.583412
1.575649
1.575649
1.585226
1.585226
1.571907
1.571907
1.561869
1.561869
1.574737
1.574737
1.565320
1.565320
1.570077
1.570077
1.571744
1.571744
1.578377
1.578377
1.569514
1.569514
1.572067
1.572067
1.578950
1.578950
1.585091
1.585091
1.575022
1.575022
1.560732
1.560732
1.565660
1.565660
1.575220
1.575220
1.574521
1.574521
1.575750
1.575750
1.573966
1.573966
1.578998
1.578998
1.566840
1.566840
1.563729
1.563729
1.575657
1.575657
1.564212
1.564212
1.572140
1.572140
1.573059
1.573059
1.577643
1.577643
1.574536
1.574536
1.565616
1.565616
1.563299
1.563299
1.582703
1.582703
1.566053
1.566053
1.576809
1.576809
1.568173
1.568173
1.572155
1.572155
1.563857
1.563857
1.586015
1.586015
1.569863
1.569863
1.570843
1.570843
1.564042
1.564042
1.572608
1.572608
1.579833
1.579833
1.569760
1.569760
1.572209
1.572209
1.566135
1.566135
1.562368
1.562368
1.577147
1.577147
1.569935
1.569935
1.573210
1.573210
1.574508
1.574508
1.570871
1.570871
1.568339
1.568339
1.556974
1.556974
1.562513
1.562513
1.564700
1.564700
1.573657
1.573657
1.581962
1.581962
1.570123
1.570123
1.563403
1.563403
1.571540
1.571540
1.568791
1.568791
1.563058
1.563058
1.576771
1.576771
1.574761
1.574761
1.556226
1.556226
1.565906
1.565906
1.567178
1.567178
1.582334
1.582334
1.571736
1.571736
1.558796
1.558796
1.574987
1.574987
1.572441
1.572441
1.568212
1.568212
1.566454
1.566454
1.570221
1.570221
1.565931
1.565931
1.578640
1.578640
1.566275
1.566275
1.567630
1.567630
1.566067
1.566067
1.568382
1.568382
1.574912
1.574912
1.578237
1.578237
1.565251
1.565251
1.571251
1.571251
1.579398
1.579398
1.570669
1.570669
1.559535
1.559535
1.570988
1.570988
1.568130
1.568130
1.582093
1.582093
1.574612
1.574612
1.565521
1.565521
1.555507
1.555507
1.569358
1.569358
1.568046
1.568046
1.570598
1.570598
1.568434
1.568434
1.575882
1.575882
1.567017
1.567017
1.557150
1.557150
1.570521
1.570521
1.567498
1.567498
1.577052
1.577052
1.573906
1.573906
1.555630
1.555630
1.568085
1.568085
1.571910
1.571910
1.572114
1.572114
1.568812
1.568812
1.566125
1.566125
1.565973
1.565973
1.565005
1.565005
1.576677
1.576677
1.564381
1.564381
1.557687
1.557687
1.576175
1.576175
1.567022
1.567022
1.569731
1.569731
1.567631
1.567631
1.575724
1.575724
1.566580
1.566580
1.563393
1.563393
1.569561
1.569561
1.564770
1.564770
1.566730
1.566730
1.572168
1.572168
1.563328
1.563328
1.565179
1.565179
1.572627
1.572627
1.568493
1.568493
1.572840
1.572840
1.571104
1.571104
1.573841
1.573841
1.559332
1.559332
1.562414
1.562414
1.566661
1.566661
1.557996
1.557996
1.569128
1.569128
1.563787
1.563787
1.580886
1.580886
1.568711
1.568711
1.561480
1.561480
1.574177
1.574177
1.564223
1.564223
1.566950
1.566950
1.570675
1.570675
1.562865
1.562865
1.562319
1.562319
1.567177
1.567177
1.574260
1.574260
1.566142
1.566142
1.565795
1.565795
1.561566
1.561566
1.569251
1.569251
1.569281
1.569281
1.569147
1.569147
1.562007
1.562007
1.569590
1.569590
1.565825
1.565825
1.564741
1.564741
1.567209
1.567209
1.564903
1.564903
1.568814
1.568814
1.559795
1.559795
1.572958
1.572958
1.567289
1.567289
1.566850
1.566850
1.561176
1.561176
1.568983
1.568983
1.571879
1.571879
1.563201
1.563201
1.568424
1.568424
1.571137
1.571137
1.563714
1.563714
1.559318
1.559318
1.571854
1.571854
1.569825
1.569825
1.557013
1.557013
1.562952
1.562952
1.567536
1.567536
1.567331
1.567331
1.570489
1.570489
1.560559
1.560559
1.571569
1.571569
1.557314
1.557314
1.577498
1.577498
1.569326
1.569326
1.557413
1.557413
1.569745
1.569745
1.563923
1.563923
1.562736
1.562736
1.573421
1.573421
1.568321
1.568321
1.564268
1.564268
1.563198
1.563198
1.560543
1.560543
1.559399
1.559399
1.568540
1.568540
1.563215
1.563215
1.574368
1.574368
1.568609
1.568609
1.553235
1.553235
1.558798
1.558798
1.563956
1.563956
1.568116
1.568116
1.565218
1.565218
1.571279
1.571279
1.570024
1.570024
1.566509
1.566509
1.567655
1.567655
1.564569
1.564569
1.560886
1.560886
1.564592
1.564592
1.578675
1.578675
1.572518
1.572518
1.566564
1.566564
1.558460
1.558460
1.565544
1.565544
1.565981
1.565981
1.566368
1.566368
1.569410
1.569410
1.559372
1.559372
1.564229
1.564229
1.568389
1.568389
1.571073
1.571073
1.556527
1.556527
1.561420
1.561420
1.560079
1.560079
1.562061
1.562061
1.572546
1.572546
1.572545
1.572545
1.563712
1.563712
1.561009
1.561009
1.561996
1.561996
1.565306
1.565306
1.571609
1.571609
1.563136
1.563136
1.575296
1.575296
1.573979
1.573979
1.569500
1.569500
1.568432
1.568432
1.558548
1.558548
1.560450
1.560450
1.554319
1.554319
1.565096
1.565096
1.565621
1.565621
1.571385
1.571385
1.554075
1.554075
1.572401
1.572401
1.557638
1.557638
1.568406
1.568406
1.562415
1.562415
1.563684
1.563684
1.563134
1.563134
1.566027
1.566027
1.568614
1.568614
1.564745
1.564745
1.565165
1.565165
1.562483
1.562483
1.559734
1.559734
1.566898
1.566898
1.579283
1.579283
1.562966
1.562966
1.558193
1.558193
1.575981
1.575981
1.560734
1.560734
1.564152
1.564152
1.570893
1.570893
1.563004
1.563004
1.564608
1.564608
1.562467
1.562467
1.564077
1.564077
1.572839
1.572839
1.557525
1.557525
1.583206
1.583206
1.558482
1.558482
1.557303
1.557303
1.566167
1.566167
1.561264
1.561264
1.556834
1.556834
1.561246
1.561246
1.570309
1.570309
1.563824
1.563824
1.567641
1.567641
1.561838
1.561838
1.559676
1.559676
1.558687
1.558687
1.573157
1.573157
1.563747
1.563747
1.563488
1.563488
1.567059
1.567059
1.555599
1.555599
1.560081
1.560081
1.572257
1.572257
1.565926
1.565926
1.563841
1.563841
1.558733
1.558733
1.566800
1.566800
1.560067
1.560067
1.564963
1.564963
1.569330
1.569330
1.564826
1.564826
1.570366
1.570366
1.544579
1.544579
1.565934
1.565934
1.564770
1.564770
1.556764
1.556764
1.566305
1.566305
1.565391
1.565391
1.568354
1.568354
1.562595
1.562595
1.572174
1.572174
1.564809
1.564809
1.561443
1.561443
1.561286
1.561286
1.559343
1.559343
1.562004
1.562004
1.566119
1.566119
1.558407
1.558407
1.570594
1.570594
1.561377
1.561377
1.566860
1.566860
1.570637
1.570637
1.562822
1.562822
1.554975
1.554975
1.564635
1.564635
1.564118
1.564118
1.568231
1.568231
1.560667
1.560667
1.569090
1.569090
1.568767
1.568767
1.563293
1.563293
1.558541
1.558541
1.558852
1.558852
1.575907
1.575907
1.558086
1.558086
1.567898
1.567898
1.558926
1.558926
1.560321
1.560321
1.555446
1.555446
1.565018
1.565018
1.553719
1.553719
1.567715
1.567715
1.570553
1.570553
1.565967
1.565967
1.549176
1.549176
1.546731
1.546731
1.566679
1.566679
1.577233
1.577233
1.556015
1.556015
1.565935
1.565935
1.573008
1.573008
1.566142
1.566142
1.559618
1.559618
1.567254
1.567254
1.565540
1.565540
1.560398
1.560398
1.557288
1.557288
1.577612
1.577612
1.564247
1.564247
1.560500
1.560500
1.558826
1.558826
1.558652
1.558652
1.554829
1.554829
1.555533
1.555533
1.563202
1.563202
1.573349
1.573349
1.565789
1.565789
1.554716
1.554716
1.571739
1.571739
1.572352
1.572352
1.561863
1.561863
1.576187
1.576187
1.544849
1.544849
1.564127
1.564127
1.554348
1.554348
1.564616
1.564616
1.558618
1.558618
1.560826
1.560826
1.572787
1.572787
1.558884
1.558884
1.561798
1.561798
1.570119
1.570119
1.559878
1.559878
1.559836
1.559836
1.551923
1.551923
1.568558
1.568558
1.573530
1.573530
1.567585
1.567585
1.565940
1.565940
1.567146
1.567146
1.550173
1.550173
1.564232
1.564232
1.560909
1.560909
1.568110
1.568110
1.567611
1.567611
1.555976
1.555976
1.563853
1.563853
1.560134
1.560134
1.558203
1.558203
1.566253
1.566253
1.566228
1.566228
1.559045
1.559045
1.562977
1.562977
1.559970
1.559970
1.560389
1.560389
1.563710
1.563710
1.557773
1.557773
1.563194
1.563194
1.559491
1.559491
1.566650
1.566650
1.568782
1.568782
1.566351
1.566351
1.572886
1.572886
1.562217
1.562217
1.552887
1.552887
1.560078
1.560078
1.558879
1.558879
1.564495
1.564495
1.560224
1.560224
1.565700
1.565700
1.564472
1.564472
1.554386
1.554386
1.569910
1.569910
1.571418
1.571418
1.563964
1.563964
1.547408
1.547408
1.559512
1.559512
1.570305
1.570305
1.560828
1.560828
1.565174
1.565174
1.561135
1.561135
1.559237
1.559237
1.560916
1.560916
1.558583
1.558583
1.577944
1.577944
1.566363
1.566363
1.570834
1.570834
1.553858
1.553858
1.553293
1.553293
1.565146
1.565146
1.566331
1.566331
1.565961
1.565961
1.561037
1.561037
1.569499
1.569499
1.564744
1.564744
1.546001
1.546001
1.570650
1.570650
1.560710
1.560710
1.562688
1.562688
1.561884
1.561884
1.569584
1.569584
1.553728
1.553728
1.566428
1.566428
1.555828
1.555828
1.568437
1.568437
1.561290
1.561290
1.564059
1.564059
1.564290
1.564290
1.553071
1.553071
1.563371
1.563371
1.556062
1.556062
1.561476
1.561476
1.564871
1.564871
1.560234
1.560234
1.571630
1.571630
1.566089
1.566089
1.556783
1.556783
1.568116
1.568116
1.554774
1.554774
1.562502
1.562502
1.566000
1.566000
1.559138
1.559138
1.571021
1.571021
1.558636
1.558636
1.560150
1.560150
1.564595
1.564595
1.552642
1.552642
1.577260
1.577260
1.559940
1.559940
1.556297
1.556297
1.560521
1.560521
1.560316
1.560316
1.549673
1.549673
1.569417
1.569417
1.561895
1.561895
1.557989
1.557989
1.556429
1.556429
1.563696
1.563696
1.560533
1.560533
1.562854
1.562854
1.562193
1.562193
1.564904
1.564904
1.561361
1.561361
1.558654
1.558654
1.558417
1.558417
1.561628
1.561628
1.562518
1.562518
1.562403
1.562403
1.567643
1.567643
1.555341
1.555341
1.558878
1.558878
1.558237
1.558237
1.566655
1.566655
1.564176
1.564176
1.559783
1.559783
1.568315
1.568315
1.540097
1.540097
1.562736
1.562736
1.564915
1.564915
1.570399
1.570399
1.564643
1.564643
1.548545
1.548545
1.555039
1.555039
1.572368
1.572368
1.557065
1.557065
1.551021
1.551021
1.565833
1.565833
1.565635
1.565635
1.554486
1.554486
1.564576
1.564576
1.567740
1.567740
1.567257
1.567257
1.557419
1.557419
1.561391
1.561391
1.541779
1.541779
1.559364
1.559364
1.554689
1.554689
1.563269
1.563269
1.567675
1.567675
1.570230
1.570230
1.552314
1.552314
1.563918
1.563918
1.568398
1.568398
1.559137
1.559137
1.557428
1.557428
1.563803
1.563803
1.560008
1.560008
1.566371
1.566371
1.555404
1.555404
1.562544
1.562544
1.562486
1.562486
1.566351
1.566351
1.559501
1.559501
1.564607
1.564607
1.557892
1.557892
1.572521
1.572521
1.562704
1.562704
1.553321
1.553321
1.564385
1.564385
1.569074
1.569074
1.562230
1.562230
1.553509
1.553509
1.560487
1.560487
1.564825
1.564825
1.566018
1.566018
1.568631
1.568631
1.548662
1.548662
1.569473
1.569473
1.558680
1.558680
1.568780
1.568780
1.555676
1.555676
1.558664
1.558664
1.559587
1.559587
1.565257
1.565257
1.568909
1.568909
1.559051
1.559051
1.561291
1.561291
1.557396
1.557396
1.563310
1.563310
1.573465
1.573465
1.558387
1.558387
1.566488
1.566488
1.542254
1.542254
1.553303
1.553303
1.568373
1.568373
1.571673
1.571673
1.560150
1.560150
1.563784
1.563784
1.545776
1.545776
1.570317
1.570317
1.553227
1.553227
1.559743
1.559743
1.564314
1.564314
1.566448
1.566448
1.552716
1.552716
1.548695
1.548695
1.578829
1.578829
1.562828
1.562828
1.565236
1.565236
1.561275
1.561275
1.544830
1.544830
1.561786
1.561786
1.563390
1.563390
1.561012
1.561012
1.556421
1.556421
1.563888
1.563888
1.568637
1.568637
1.566448
1.566448
1.569430
1.569430
1.569387
1.569387
1.549324
1.549324
1.563613
1.563613
1.539578
1.539578
1.556474
1.556474
1.559915
1.559915
1.565838
1.565838
1.558440
1.558440
1.574261
1.574261
1.546627
1.546627
1.566905
1.566905
1.560626
1.560626
1.557422
1.557422
1.562181
1.562181
1.563925
1.563925
1.555394
1.555394
1.561445
1.561445
1.558928
1.558928
1.570456
1.570456
1.550985
1.550985
1.563913
1.563913
1.567570
1.567570
1.554516
1.554516
1.562250
1.562250
1.566608
1.566608
1.564895
1.564895
1.561151
1.561151
1.557907
1.557907
1.563604
1.563604
1.564494
1.564494
1.551498
1.551498
1.560712
1.560712
1.565627
1.565627
1.565569
1.565569
1.573997
1.573997
1.570687
1.570687
1.553494
1.553494
1.553240
1.553240
1.561612
1.561612
1.548232
1.548232
1.561364
1.561364
1.559766
1.559766
1.568862
1.568862
1.565761
1.565761
1.556553
1.556553
1.549751
1.549751
1.553467
1.553467
1.561172
1.561172
1.558482
1.558482
1.565361
1.565361
1.570438
1.570438
1.557964
1.557964
1.565173
1.565173
1.568902
1.568902
1.568906
1.568906
1.562178
1.562178
1.544345
1.544345
1.556507
1.556507
1.562187
1.562187
1.580716
1.580716
1.546934
1.546934
1.559639
1.559639
1.561694
1.561694
1.552995
1.552995
1.564626
1.564626
1.556468
1.556468
1.564726
1.564726
1.558736
1.558736
1.565358
1.565358
1.556417
1.556417
1.554971
1.554971
1.571417
1.571417
1.555886
1.555886
1.559782
1.559782
1.561844
1.561844
1.570658
1.570658
1.558920
1.558920
1.568315
1.568315
1.561730
1.561730
1.556415
1.556415
1.560828
1.560828
1.564556
1.564556
1.564820
1.564820
1.559088
1.559088
1.563914
1.563914
1.564883
1.564883
1.548940
1.548940
1.574842
1.574842
1.561336
1.561336
1.563950
1.563950
1.561234
1.561234
1.575416
1.575416
1.549743
1.549743
1.550287
1.550287
1.563228
1.563228
1.568214
1.568214
1.572793
1.572793
1.552217
1.552217
1.552725
1.552725
1.555805
1.555805
1.552290
1.552290
1.563109
1.563109
1.558219
1.558219
1.566381
1.566381
1.566378
1.566378
1.562467
1.562467
1.563743
1.563743
1.560432
1.560432
1.566132
1.566132
1.559205
1.559205
1.559669
1.559669
1.555374
1.555374
1.555498
1.555498
1.554634
1.554634
1.573614
1.573614
1.562669
1.562669
1.561373
1.561373
1.558169
1.558169
1.572266
1.572266
1.566483
1.566483
1.562277
1.562277
1.562555
1.562555
1.548642
1.548642
1.546847
1.546847
1.565219
1.565219
1.562043
1.562043
1.548294
1.548294
1.561387
1.561387
1.563895
1.563895
1.573646
1.573646
1.552969
1.552969
1.566454
1.566454
1.556549
1.556549
1.566234
1.566234
1.563564
1.563564
1.561789
1.561789
1.554936
1.554936
1.552392
1.552392
1.567454
1.567454
1.564479
1.564479
1.569377
1.569377
1.554119
1.554119
1.544657
1.544657
1.569993
1.569993
1.566278
1.566278
1.563107
1.563107
1.558453
1.558453
1.567926
1.567926
1.546140
1.546140
1.570426
1.570426
1.577319
1.577319
1.563243
1.563243
1.553350
1.553350
1.548454
1.548454
1.562367
1.562367
1.559802
1.559802
1.552370
1.552370
1.564400
1.564400
1.567751
1.567751
1.557313
1.557313
1.561342
1.561342
1.562106
1.562106
1.558816
1.558816
1.570265
1.570265
1.553684
1.553684
1.558222
1.558222
1.562924
1.562924
1.555738
1.555738
1.560399
1.560399
1.553159
1.553159
1.564320
1.564320
1.581416
1.581416
1.565961
1.565961
1.560745
1.560745
1.560210
1.560210
1.554655
1.554655
1.559510
1.559510
1.570389
1.570389
1.574059
1.574059
1.568110
1.568110
1.565045
1.565045
1.548717
1.548717
1.550760
1.550760
1.556330
1.556330
1.564095
1.564095
1.565356
1.565356
1.554312
1.554312
1.560028
1.560028
1.562283
1.562283
1.557548
1.557548
1.559874
1.559874
1.566405
1.566405
1.558633
1.558633
1.558900
1.558900
1.562220
1.562220
1.557677
1.557677
1.561143
1.561143
1.556377
1.556377
1.571486
1.571486
1.557331
1.557331
1.555899
1.555899
1.566638
1.566638
1.556511
1.556511
1.567755
1.567755
1.564830
1.564830
1.560035
1.560035
1.562431
1.562431
1.544302
1.544302
1.560000
1.560000
1.570201
1.570201
1.550791
1.550791
1.561512
1.561512
1.562266
1.562266
1.560602
1.560602
1.552129
1.552129
1.561761
1.561761
1.567848
1.567848
1.567070
1.567070
1.559787
1.559787
1.551502
1.551502
1.547582
1.547582
1.561924
1.561924
1.563393
1.563393
1.562555
1.562555
1.568037
1.568037
1.563870
1.563870
1.565721
1.565721
1.552692
1.552692
1.559764
1.559764
1.567630
1.567630
1.551618
1.551618
1.578143
1.578143
1.576093
1.576093
1.558822
1.558822
1.560138
1.560138
1.559604
1.559604
1.553235
1.553235
1.552142
1.552142
1.555838
1.555838
1.567067
1.567067
1.557205
1.557205
1.562360
1.562360
1.565406
1.565406
1.551701
1.551701
1.555980
1.555980
1.562414
1.562414
1.563448
1.563448
1.559147
1.559147
1.562934
1.562934
1.560902
1.560902
1.550974
1.550974
1.562756
1.562756
1.553623
1.553623
1.560302
1.560302
1.572464
1.572464
1.569756
1.569756
1.564083
1.564083
1.568563
1.568563
1.553044
1.553044
1.551760
1.551760
1.561426
1.561426
1.572377
1.572377
1.565424
1.565424
1.563016
1.563016
1.560308
1.560308
1.565906
1.565906
1.555415
1.555415
1.545133
1.545133
1.557509
1.557509
1.566240
1.566240
1.555029
1.555029
1.561214
1.561214
1.554777
1.554777
1.581706
1.581706
1.561414
1.561414
1.568491
1.568491
1.552923
1.552923
1.562413
1.562413
1.561667
1.561667
1.552399
1.552399
1.561997
1.561997
1.554144
1.554144
1.556550
1.556550
1.572932
1.572932
1.553925
1.553925
1.570027
1.570027
1.561375
1.561375
1.556672
1.556672
1.565126
1.565126
1.563355
1.563355
1.553159
1.553159
1.569641
1.569641
1.569263
1.569263
1.551440
1.551440
1.561936
1.561936
1.559559
1.559559
1.559748
1.559748
1.563936
1.563936
1.555119
1.555119
1.554793
1.554793
1.557572
1.557572
1.569893
1.569893
1.560672
1.560672
1.573319
1.573319
1.564437
1.564437
1.555213
1.555213
1.570657
1.570657
1.555104
1.555104
1.557613
1.557613
1.561362
1.561362
1.554748
1.554748
1.559722
1.559722
1.572793
1.572793
1.553467
1.553467
1.555813
1.555813
1.576887
1.576887
1.554030
1.554030
1.561273
1.561273
1.557864
1.557864
1.568360
1.568360
1.558812
1.558812
1.568218
1.568218
1.548989
1.548989
1.564895
1.564895
1.549518
1.549518
1.564256
1.564256
1.573672
1.573672
1.566128
1.566128
1.547364
1.547364
1.562064
1.562064
1.567667
1.567667
1.572864
1.572864
1.555871
1.555871
1.555378
1.555378
1.568706
1.568706
1.554598
1.554598
1.564583
1.564583
1.562832
1.562832
1.558249
1.558249
1.547528
1.547528
1.571769
1.571769
1.567088
1.567088
1.557424
1.557424
1.552894
1.552894
1.558628
1.558628
1.550503
1.550503
1.564739
1.564739
1.564147
1.564147
1.554891
1.554891
1.561575
1.561575
1.557876
1.557876
1.561777
1.561777
1.565465
1.565465
1.546983
1.546983
1.558356
1.558356
1.565015
1.565015
1.563484
1.563484
1.571775
1.571775
1.578264
1.578264
1.557886
1.557886
1.556908
1.556908
1.549539
1.549539
1.564766
1.564766
1.553187
1.553187
1.568215
1.568215
1.564947
1.564947
1.564791
1.564791
1.560565
1.560565
1.545503
1.545503
1.561490
1.561490
1.552892
1.552892
1.578161
1.578161
1.547547
1.547547
1.556196
1.556196
1.569493
1.569493
1.561277
1.561277
1.558998
1.558998
1.558958
1.558958
1.563367
1.563367
1.561704
1.561704
1.572539
1.572539
1.534988
1.534988
1.553195
1.553195
1.569065
1.569065
1.548697
1.548697
1.566719
1.566719
1.565332
1.565332
1.565329
1.565329
1.570695
1.570695
1.559633
1.559633
1.563370
1.563370
1.552836
1.552836
1.552092
1.552092
1.576385
1.576385
1.567520
1.567520
1.563005
1.563005
1.552928
1.552928
1.551721
1.551721
1.567414
1.567414
1.567614
1.567614
1.553339
1.553339
1.569949
1.569949
1.561192
1.561192
1.565106
1.565106
1.567787
1.567787
1.533299
1.533299
1.551204
1.551204
1.567654
1.567654
1.550770
1.550770
1.565486
1.565486
1.566328
1.566328
1.572553
1.572553
1.557118
1.557118
1.559374
1.559374
1.555417
1.555417
1.564819
1.564819
1.566255
1.566255
1.569865
1.569865
1.562767
1.562767
1.562155
1.562155
1.561247
1.561247
1.556755
1.556755
1.561813
1.561813
1.565856
1.565856
1.576331
1.576331
1.567739
1.567739
1.553572
1.553572
1.553360
1.553360
1.559725
1.559725
1.551342
1.551342
1.558413
1.558413
1.561984
1.561984
1.555172
1.555172
1.566798
1.566798
1.562754
1.562754
1.564663
1.564663
1.568713
1.568713
1.575232
1.575232
1.549806
1.549806
1.552663
1.552663
1.558781
1.558781
1.564548
1.564548
1.557507
1.557507
1.563299
1.563299
1.568069
1.568069
1.562657
1.562657
1.553898
1.553898
1.564364
1.564364
1.570683
1.570683
1.556321
1.556321
1.558638
1.558638
1.563807
1.563807
1.560715
1.560715
1.554247
1.554247
1.561058
1.561058
1.563408
1.563408
1.568614
1.568614
1.568030
1.568030
1.554362
1.554362
1.542886
1.542886
1.557357
1.557357
1.556831
1.556831
1.566225
1.566225
1.564295
1.564295
1.564775
1.564775
1.558205
1.558205
1.562395
1.562395
1.546218
1.546218
1.567960
1.567960
1.566277
1.566277
1.568010
1.568010
1.555766
1.555766
1.568064
1.568064
1.563171
1.563171
1.558741
1.558741
1.560497
1.560497
1.558851
1.558851
1.560142
1.560142
1.552252
1.552252
1.551612
1.551612
1.574032
1.574032
1.564159
1.564159
1.569962
1.569962
1.554139
1.554139
1.551104
1.551104
1.566372
1.566372
1.575063
1.575063
1.550453
1.550453
1.571508
1.571508
1.548422
1.548422
1.570580
1.570580
1.566660
1.566660
1.566290
1.566290
1.555002
1.555002
1.554814
1.554814
1.551123
1.551123
1.566388
1.566388
1.561092
1.561092
1.558658
1.558658
1.564167
1.564167
1.563769
1.563769
1.549189
1.549189
1.553874
1.553874
1.566356
1.566356
1.563386
1.563386
1.548068
1.548068
1.574839
1.574839
1.567256
1.567256
1.556873
1.556873
1.563652
1.563652
1.560719
1.560719
1.560787
1.560787
1.566197
1.566197
1.562967
1.562967
1.563446
1.563446
1.545707
1.545707
1.565630
1.565630
1.570186
1.570186
1.566233
1.566233
1.555748
1.555748
1.562727
1.562727
1.568539
1.568539
1.558743
1.558743
1.555079
1.555079
1.558635
1.558635
1.573378
1.573378
1.568944
1.568944
1.560662
1.560662
1.559265
1.559265
1.557193
1.557193
1.565628
1.565628
1.554216
1.554216
1.558476
1.558476
1.557300
1.557300
1.557207
1.557207
1.559328
1.559328
1.576715
1.576715
1.560713
1.560713
1.551722
1.551722
1.567090
1.567090
1.559391
1.559391
1.560932
1.560932
1.569134
1.569134
1.562769
1.562769
1.560355
1.560355
1.564434
1.564434
1.556847
1.556847
1.556435
1.556435
1.571761
1.571761
1.558854
1.558854
1.551332
1.551332
1.566610
1.566610
1.563769
1.563769
1.562072
1.562072
1.562715
1.562715
1.566714
1.566714
1.560763
1.560763
1.570453
1.570453
1.556829
1.556829
1.563053
1.563053
1.562943
1.562943
1.549001
1.549001
1.560538
1.560538
1.542629
1.542629
1.564484
1.564484
1.559049
1.559049
1.576686
1.576686
1.575054
1.575054
1.555566
1.555566
1.563654
1.563654
1.565628
1.565628
1.563635
1.563635
1.555810
1.555810
1.573164
1.573164
1.555977
1.555977
1.561768
1.561768
1.563936
1.563936
1.559953
1.559953
1.565887
1.565887
1.565416
1.565416
1.557685
1.557685
1.564938
1.564938
1.561497
1.561497
1.560832
1.560832
1.563902
1.563902
1.562119
1.562119
1.571910
1.571910
1.553187
1.553187
1.568418
1.568418
1.556652
1.556652
1.560567
1.560567
1.557392
1.557392
1.553121
1.553121
1.570485
1.570485
1.557387
1.557387
1.564564
1.564564
1.563092
1.563092
1.562270
1.562270
1.564835
1.564835
1.567594
1.567594
1.559372
1.559372
1.558180
1.558180
1.556906
1.556906
1.566636
1.566636
1.561733
1.561733
1.565152
1.565152
1.566583
1.566583
1.553249
1.553249
1.561724
1.561724
1.563184
1.563184
1.555032
1.555032
1.563660
1.563660
1.556937
1.556937
1.563054
1.563054
1.564274
1.564274
1.576670
1.576670
1.559277
1.559277
1.555731
1.555731
1.557505
1.557505
1.568140
1.568140
1.568666
1.568666
1.561796
1.561796
1.560805
1.560805
1.559739
1.559739
1.580179
1.580179
1.563546
1.563546
1.549306
1.549306
1.551763
1.551763
1.542380
1.542380
1.575545
1.575545
1.562273
1.562273
1.568814
1.568814
1.558441
1.558441
1.566579
1.566579
1.565180
1.565180
1.558039
1.558039
1.553099
1.553099
1.563879
1.563879
1.562437
1.562437
1.580431
1.580431
1.556016
1.556016
1.573938
1.573938
1.564843
1.564843
1.549895
1.549895
1.568196
1.568196
1.558367
1.558367
1.570688
1.570688
1.557782
1.557782
1.558560
1.558560
1.563827
1.563827
1.567276
1.567276
1.547079
1.547079
1.569270
1.569270
1.558508
1.558508
1.561451
1.561451
1.566275
1.566275
1.555749
1.555749
1.564354
1.564354
1.570182
1.570182
1.569953
1.569953
1.573802
1.573802
1.557593
1.557593
1.542904
1.542904
1.557203
1.557203
1.563704
1.563704
1.562487
1.562487
1.565208
1.565208
1.554982
1.554982
1.568577
1.568577
1.556107
1.556107
1.567315
1.567315
1.562545
1.562545
1.554508
1.554508
1.564314
1.564314
1.568487
1.568487
1.550883
1.550883
1.549799
1.549799
1.560413
1.560413
1.555479
1.555479
1.573040
1.573040
1.574922
1.574922
1.559625
1.559625
1.564422
1.564422
1.567820
1.567820
1.553184
1.553184
1.560456
1.560456
1.552692
1.552692
1.595875
1.595875
1.553591
1.553591
1.568130
1.568130
1.568171
1.568171
1.556165
1.556165
1.564944
1.564944
1.565739
1.565739
1.574110
1.574110
1.557974
1.557974
1.550989
1.550989
1.560285
1.560285
1.564476
1.564476
1.572981
1.572981
1.564406
1.564406
1.559131
1.559131
1.564122
1.564122
1.560665
1.560665
1.565521
1.565521
1.558282
1.558282
1.560681
1.560681
1.556339
1.556339
1.570362
1.570362
1.573425
1.573425
1.559274
1.559274
1.542966
1.542966
1.572403
1.572403
1.555693
1.555693
1.565791
1.565791
1.563053
1.563053
1.556980
1.556980
1.557489
1.557489
1.557425
1.557425
1.563586
1.563586
1.559077
1.559077
1.560712
1.560712
1.571380
1.571380
1.561936
1.561936
1.557733
1.557733
1.563329
1.563329
1.562261
1.562261
1.566304
1.566304
1.557350
1.557350
1.574784
1.574784
1.564213
1.564213
1.571342
1.571342
1.559041
1.559041
1.558651
1.558651
1.548714
1.548714
1.587048
1.587048
1.572559
1.572559
1.543815
1.543815
1.562678
1.562678
1.567106
1.567106
1.568127
1.568127
1.557511
1.557511
1.563941
1.563941
1.548989
1.548989
1.572958
1.572958
1.558775
1.558775
1.564291
1.564291
1.570238
1.570238
1.560666
1.560666
1.557842
1.557842
1.564801
1.564801
1.560559
1.560559
1.565028
1.565028
1.570272
1.570272
1.559034
1.559034
1.553641
1.553641
1.558741
1.558741
1.566647
1.566647
1.568529
1.568529
1.576004
1.576004
1.544326
1.544326
1.555328
1.555328
1.574395
1.574395
1.558614
1.558614
1.574384
1.574384
1.575097
1.575097
1.551325
1.551325
1.568520
1.568520
1.563301
1.563301
1.569080
1.569080
1.570135
1.570135
1.538217
1.538217
1.566189
1.566189
1.551599
1.551599
1.571719
1.571719
1.565858
1.565858
1.558119
1.558119
1.559560
1.559560
1.575091
1.575091
1.563576
1.563576
1.554916
1.554916
1.564147
1.564147
1.551820
1.551820
1.569071
1.569071
1.560485
1.560485
1.571806
1.571806
1.568700
1.568700
1.548920
1.548920
1.560940
1.560940
1.566186
1.566186
1.566265
1.566265
1.568768
1.568768
1.557645
1.557645
1.569073
1.569073
1.549663
1.549663
1.565072
1.565072
1.557207
1.557207
1.565675
1.565675
1.572951
1.572951
1.563377
1.563377
1.551211
1.551211
1.567695
1.567695
1.565429
1.565429
1.561141
1.561141
1.573120
1.573120
1.561584
1.561584
1.556349
1.556349
1.550684
1.550684
1.555346
1.555346
1.563813
1.563813
1.555923
1.555923
1.560380
1.560380
1.577710
1.577710
1.561737
1.561737
1.557926
1.557926
1.567805
1.567805
1.562932
1.562932
1.563221
1.563221
1.566279
1.566279
1.550320
1.550320
1.561231
1.561231
1.563388
1.563388
1.549203
1.549203
1.571489
1.571489
1.556958
1.556958
1.589054
1.589054
1.563812
1.563812
1.550535
1.550535
1.559912
1.559912
1.558740
1.558740
1.573974
1.573974
1.578143
1.578143
1.555380
1.555380
1.561622
1.561622
1.568219
1.568219
1.566423
1.566423
1.559756
1.559756
1.567849
1.567849
1.567484
1.567484
1.557344
1.557344
1.565438
1.565438
1.564094
1.564094
1.568018
1.568018
1.541820
1.541820
1.564610
1.564610
1.570062
1.570062
1.569180
1.569180
1.564209
1.564209
1.546578
1.546578
1.560476
1.560476
1.565225
1.565225
1.559551
1.559551
1.553090
1.553090
1.567569
1.567569
1.566029
1.566029
1.568101
1.568101
1.560284
1.560284
1.547744
1.547744
1.568833
1.568833
1.570399
1.570399
1.565650
1.565650
1.564722
1.564722
1.562420
1.562420
1.564916
1.564916
1.551614
1.551614
1.568330
1.568330
1.566585
1.566585
1.562544
1.562544
1.562192
1.562192
1.556426
1.556426
1.562667
1.562667
1.562189
1.562189
1.577764
1.577764
1.545353
1.545353
1.566485
1.566485
1.576038
1.576038
1.563460
1.563460
1.551329
1.551329
1.550329
1.550329
1.578216
1.578216
1.563084
1.563084
1.561517
1.561517
1.562796
1.562796
1.566690
1.566690
1.562037
1.562037
1.558882
1.558882
1.569269
1.569269
1.553407
1.553407
1.564300
1.564300
1.559915
1.559915
1.567465
1.567465
1.565161
1.565161
1.554424
1.554424
1.565757
1.565757
1.574145
1.574145
1.560092
1.560092
1.563994
1.563994
1.557236
1.557236
1.574026
1.574026
1.556597
1.556597
1.568816
1.568816
1.557793
1.557793
1.556296
1.556296
1.569929
1.569929
1.574647
1.574647
1.559755
1.559755
1.561538
1.561538
1.555582
1.555582
1.563829
1.563829
1.566051
1.566051
1.557052
1.557052
1.564149
1.564149
1.561974
1.561974
1.559980
1.559980
1.566445
1.566445
1.580298
1.580298
1.560755
1.560755
1.559352
1.559352
1.566704
1.566704
1.562045
1.562045
1.564064
1.564064
1.572640
1.572640
1.560811
1.560811
1.564650
1.564650
1.558057
1.558057
1.567552
1.567552
1.564147
1.564147
1.567217
1.567217
1.565094
1.565094
1.564893
1.564893
1.564860
1.564860
1.562717
1.562717
1.558266
1.558266
1.565917
1.565917
1.559897
1.559897
1.565866
1.565866
1.560240
1.560240
1.574613
1.574613
1.565063
1.565063
1.542382
1.542382
1.578711
1.578711
1.554712
1.554712
1.564381
1.564381
1.554742
1.554742
1.571151
1.571151
1.547140
1.547140
1.559950
1.559950
1.566972
1.566972
1.571456
1.571456
1.558490
1.558490
1.556889
1.556889
1.572929
1.572929
1.552018
1.552018
1.568065
1.568065
1.571144
1.571144
1.560847
1.560847
1.564744
1.564744
1.568531
1.568531
1.570269
1.570269
1.554802
1.554802
1.559561
1.559561
1.581624
1.581624
1.557568
1.557568
1.553553
1.553553
1.571013
1.571013
1.554709
1.554709
1.570908
1.570908
1.556916
1.556916
1.564463
1.564463
1.568727
1.568727
1.568036
1.568036
1.563143
1.563143
1.563221
1.563221
1.558562
1.558562
1.572368
1.572368
1.552231
1.552231
1.560182
1.560182
1.570425
1.570425
1.571079
1.571079
1.563646
1.563646
1.560401
1.560401
1.551965
1.551965
1.563756
1.563756
1.578656
1.578656
1.564405
1.564405
1.553567
1.553567
1.564649
1.564649
1.553862
1.553862
1.571239
1.571239
1.581758
1.581758
1.559173
1.559173
1.560063
1.560063
1.547741
1.547741
1.566044
1.566044
1.570113
1.570113
1.557024
1.557024
1.561712
1.561712
1.563036
1.563036
1.563192
1.563192
1.577725
1.577725
1.572213
1.572213
1.565142
1.565142
1.564846
1.564846
1.560908
1.560908
1.562435
1.562435
1.552486
1.552486
1.562863
1.562863
1.568386
1.568386
1.557223
1.557223
1.564584
1.564584
1.564600
1.564600
1.571257
1.571257
1.564481
1.564481
1.562685
1.562685
1.570185
1.570185
1.562429
1.562429
1.563337
1.563337
1.558071
1.558071
1.568395
1.568395
1.554401
1.554401
1.562692
1.562692
1.565971
1.565971
1.564193
1.564193
1.575913
1.575913
1.571556
1.571556
1.562971
1.562971
1.558120
1.558120
1.574111
1.574111
1.557254
1.557254
1.555858
1.555858
1.557832
1.557832
1.566168
1.566168
1.571784
1.571784
1.564665
1.564665
1.555906
1.555906
1.574337
1.574337
1.562764
1.562764
1.567181
1.567181
1.566365
1.566365
1.565808
1.565808
1.563548
1.563548
1.552200
1.552200
1.555767
1.555767
1.566313
1.566313
1.569116
1.569116
1.560933
1.560933
1.570615
1.570615
1.559221
1.559221
1.553450
1.553450
1.561692
1.561692
1.559637
1.559637
1.569514
1.569514
1.565119
1.565119
1.591164
1.591164
1.577338
1.577338
1.566535
1.566535
1.563370
1.563370
1.553497
1.553497
1.563139
1.563139
1.556416
1.556416
1.558382
1.558382
1.567216
1.567216
1.566724
1.566724
1.561365
1.561365
1.572742
1.572742
1.550382
1.550382
1.572862
1.572862
1.562815
1.562815
1.562747
1.562747
1.569962
1.569962
1.553261
1.553261
1.561895
1.561895
1.567130
1.567130
1.566274
1.566274
1.568470
1.568470
1.563509
1.563509
1.561917
1.561917
1.548371
1.548371
1.567912
1.567912
1.548042
1.548042
1.566452
1.566452
1.562295
1.562295
1.565148
1.565148
1.590533
1.590533
1.567713
1.567713
1.552447
1.552447
1.570737
1.570737
1.566747
1.566747
1.567545
1.567545
1.554098
1.554098
1.563631
1.563631
1.571472
1.571472
1.568775
1.568775
1.549686
1.549686
1.572836
1.572836
1.551329
1.551329
1.575288
1.575288
1.547863
1.547863
1.564904
1.564904
1.550894
1.550894
1.575299
1.575299
1.580568
1.580568
1.566188
1.566188
1.570389
1.570389
1.566737
1.566737
1.560037
1.560037
1.558394
1.558394
1.562609
1.562609
1.562841
1.562841
1.556497
1.556497
1.563784
1.563784
1.569981
1.569981
1.568569
1.568569
1.562960
1.562960
1.555148
1.555148
1.568502
1.568502
1.565756
1.565756
1.566908
1.566908
1.577645
1.577645
1.534093
1.534093
1.566730
1.566730
1.552608
1.552608
1.569904
1.569904
1.556762
1.556762
1.569348
1.569348
1.579321
1.579321
1.568136
1.568136
1.578277
1.578277
1.560309
1.560309
1.561980
1.561980
1.554646
1.554646
1.561661
1.561661
1.567068
1.567068
1.562922
1.562922
1.576638
1.576638
1.543915
1.543915
1.570795
1.570795
1.568110
1.568110
1.558793
1.558793
1.561961
1.561961
1.564040
1.564040
1.565559
1.565559
1.573530
1.573530
1.563012
1.563012
1.572586
1.572586
1.568275
1.568275
1.560333
1.560333
1.561920
1.561920
1.563436
1.563436
1.557254
1.557254
1.560550
1.560550
1.563001
1.563001
1.564120
1.564120
1.572439
1.572439
1.553465
1.553465
1.588661
1.588661
1.551387
1.551387
1.577990
1.577990
1.561338
1.561338
1.552748
1.552748
1.577723
1.577723
1.570167
1.570167
1.565929
1.565929
1.579114
1.579114
1.567630
1.567630
1.543574
1.543574
1.561456
1.561456
1.578487
1.578487
1.558891
1.558891
1.574817
1.574817
1.566671
1.566671
1.563040
1.563040
1.564147
1.564147
1.554658
1.554658
1.564786
1.564786
1.558087
1.558087
1.572556
1.572556
1.571190
1.571190
1.560277
1.560277
1.556449
1.556449
1.561390
1.561390
1.565631
1.565631
1.557407
1.557407
1.568774
1.568774
1.564681
1.564681
1.578584
1.578584
1.570850
1.570850
1.568032
1.568032
1.559067
1.559067
1.562723
1.562723
1.564770
1.564770
1.560420
1.560420
1.567738
1.567738
1.576741
1.576741
1.561549
1.561549
1.550730
1.550730
1.571630
1.571630
1.553357
1.553357
1.555542
1.555542
1.574653
1.574653
1.554357
1.554357
1.567184
1.567184
1.568269
1.568269
1.573607
1.573607
1.549126
1.549126
1.564373
1.564373
1.572030
1.572030
1.571327
1.571327
1.557893
1.557893
1.586504
1.586504
1.567206
1.567206
1.565344
1.565344
1.574894
1.574894
1.558418
1.558418
1.560078
1.560078
1.559737
1.559737
1.577449
1.577449
1.556700
1.556700
1.570296
1.570296
1.560192
1.560192
1.567636
1.567636
1.544535
1.544535
1.565028
1.565028
1.572295
1.572295
1.563532
1.563532
1.566212
1.566212
1.558821
1.558821
1.560069
1.560069
1.563025
1.563025
1.551773
1.551773
1.553548
1.553548
1.564651
1.564651
1.590652
1.590652
1.565996
1.565996
1.566371
1.566371
1.559877
1.559877
1.564320
1.564320
1.562682
1.562682
1.569359
1.569359
1.568716
1.568716
1.573028
1.573028
1.562709
1.562709
1.562743
1.562743
1.562092
1.562092
1.566243
1.566243
1.558853
1.558853
1.579231
1.579231
1.567395
1.567395
1.561071
1.561071
1.561663
1.561663
1.559247
1.559247
1.554637
1.554637
1.566222
1.566222
1.577345
1.577345
1.553413
1.553413
1.567405
1.567405
1.563438
1.563438
1.557299
1.557299
1.567878
1.567878
1.571955
1.571955
1.547622
1.547622
1.572434
1.572434
1.563119
1.563119
1.570022
1.570022
1.559557
1.559557
1.564327
1.564327
1.566060
1.566060
1.569986
1.569986
1.561795
1.561795
1.573791
1.573791
1.567904
1.567904
1.572248
1.572248
1.551070
1.551070
1.566939
1.566939
1.568784
1.568784
1.561937
1.561937
1.564547
1.564547
1.574095
1.574095
1.561935
1.561935
1.553927
1.553927
1.565257
1.565257
1.579720
1.579720
1.575148
1.575148
1.560235
1.560235
1.559966
1.559966
1.560882
1.560882
1.561457
1.561457
1.585028
1.585028
1.562550
1.562550
1.561739
1.561739
1.562167
1.562167
1.569948
1.569948
1.569389
1.569389
1.565669
1.565669
1.560037
1.560037
1.565453
1.565453
1.554759
1.554759
1.565551
1.565551
1.578349
1.578349
1.569601
1.569601
1.572760
1.572760
1.557992
1.557992
1.565571
1.565571
1.556832
1.556832
1.571101
1.571101
1.569212
1.569212
1.557986
1.557986
1.565316
1.565316
1.573694
1.573694
1.566502
1.566502
1.564597
1.564597
1.559927
1.559927
1.577070
1.577070
1.558500
1.558500
1.568517
1.568517
1.562221
1.562221
1.566864
1.566864
1.547781
1.547781
1.571737
1.571737
1.558692
1.558692
1.555932
1.555932
1.565992
1.565992
1.572481
1.572481
1.568135
1.568135
1.563696
1.563696
1.564119
1.564119
1.572361
1.572361
1.571214
1.571214
1.562109
1.562109
1.547536
1.547536
1.557803
1.557803
1.558631
1.558631
1.563081
1.563081
1.569494
1.569494
1.575487
1.575487
1.569292
1.569292
1.555122
1.555122
1.574330
1.574330
1.566914
1.566914
1.571569
1.571569
1.557701
1.557701
1.566602
1.566602
1.574816
1.574816
1.564929
1.564929
1.577093
1.577093
1.555166
1.555166
1.561828
1.561828
1.546942
1.546942
1.552085
1.552085
1.562493
1.562493
1.563085
1.563085
1.578057
1.578057
1.568829
1.568829
1.569352
1.569352
1.563458
1.563458
1.570476
1.570476
1.557166
1.557166
1.570882
1.570882
1.563902
1.563902
1.566483
1.566483
1.570177
1.570177
1.565309
1.565309
1.557374
1.557374
1.565038
1.565038
1.559906
1.559906
1.586227
1.586227
1.566865
1.566865
1.557168
1.557168
1.566929
1.566929
1.574654
1.574654
1.559666
1.559666
1.568706
1.568706
1.571875
1.571875
1.563131
1.563131
1.563733
1.563733
1.569817
1.569817
1.557911
1.557911
1.566258
1.566258
1.567152
1.567152
1.571952
1.571952
1.569105
1.569105
1.569686
1.569686
1.552029
1.552029
1.558451
1.558451
1.561443
1.561443
1.556742
1.556742
1.556563
1.556563
1.574182
1.574182
1.575794
1.575794
1.571296
1.571296
1.576065
1.576065
1.567575
1.567575
1.555638
1.555638
1.558384
1.558384
1.551253
1.551253
1.609660
1.609660
1.568738
1.568738
1.557255
1.557255
1.566414
1.566414
1.566522
1.566522
1.562516
1.562516
1.579902
1.579902
1.586290
1.586290
1.567136
1.567136
1.548339
1.548339
1.568882
1.568882
1.559137
1.559137
1.559920
1.559920
1.572556
1.572556
1.565490
1.565490
1.570131
1.570131
1.553139
1.553139
1.568579
1.568579
1.559737
1.559737
1.568744
1.568744
1.549929
1.549929
1.573346
1.573346
1.578214
1.578214
1.559063
1.559063
1.561554
1.561554
1.563529
1.563529
1.564198
1.564198
1.582341
1.582341
1.564965
1.564965
1.552158
1.552158
1.566904
1.566904
1.571290
1.571290
1.571021
1.571021
1.559026
1.559026
1.565273
1.565273
1.565216
1.565216
1.556133
1.556133
1.564737
1.564737
1.561656
1.561656
1.565924
1.565924
1.555537
1.555537
1.576129
1.576129
1.575211
1.575211
1.568914
1.568914
1.567474
1.567474
1.565922
1.565922
1.564394
1.564394
1.562214
1.562214
1.563901
1.563901
1.568596
1.568596
1.562570
1.562570
1.564910
1.564910
1.567775
1.567775
1.564765
1.564765
1.565329
1.565329
1.558436
1.558436
1.578359
1.578359
1.567853
1.567853
1.553172
1.553172
1.573061
1.573061
1.560684
1.560684
1.558604
1.558604
1.570701
1.570701
1.555665
1.555665
1.584109
1.584109
1.556205
1.556205
1.575047
1.575047
1.566385
1.566385
1.568837
1.568837
1.567112
1.567112
1.573855
1.573855
1.549993
1.549993
1.573829
1.573829
1.571667
1.571667
1.560014
1.560014
1.563970
1.563970
1.556396
1.556396
1.578769
1.578769
1.563406
1.563406
1.561113
1.561113
1.556692
1.556692
1.568299
1.568299
1.571097
1.571097
1.569181
1.569181
1.574646
1.574646
1.568048
1.568048
1.562821
1.562821
1.562483
1.562483
1.559157
1.559157
1.570310
1.570310
1.583366
1.583366
1.582656
1.582656
1.576131
1.576131
1.550407
1.550407
1.567975
1.567975
1.554585
1.554585
1.561723
1.561723
1.559229
1.559229
1.563767
1.563767
1.575570
1.575570
1.569163
1.569163
1.560948
1.560948
1.568997
1.568997
1.566631
1.566631
1.579794
1.579794
1.561651
1.561651
1.559118
1.559118
1.561195
1.561195
1.570061
1.570061
1.562581
1.562581
1.570006
1.570006
1.549150
1.549150
1.581431
1.581431
1.566653
1.566653
1.566817
1.566817
1.561278
1.561278
1.566945
1.566945
1.572121
1.572121
1.565504
1.565504
1.561294
1.561294
1.573276
1.573276
1.569956
1.569956
1.565918
1.565918
1.555601
1.555601
1.567514
1.567514
1.561775
1.561775
1.588741
1.588741
1.564980
1.564980
1.575456
1.575456
1.562684
1.562684
1.574257
1.574257
1.566049
1.566049
1.534574
1.534574
1.562112
1.562112
1.551883
1.551883
1.565006
1.565006
1.585919
1.585919
1.565062
1.565062
1.567133
1.567133
1.573784
1.573784
1.567095
1.567095
1.562646
1.562646
1.565250
1.565250
1.565409
1.565409
1.556782
1.556782
1.558734
1.558734
1.578603
1.578603
1.567908
1.567908
1.562392
1.562392
1.551974
1.551974
1.591157
1.591157
1.580664
1.580664
1.564850
1.564850
1.553135
1.553135
1.562475
1.562475
1.570056
1.570056
1.563185
1.563185
1.558377
1.558377
1.558259
1.558259
1.571756
1.571756
1.565397
1.565397
1.572305
1.572305
1.575541
1.575541
1.557551
1.557551
1.572674
1.572674
1.561236
1.561236
1.571774
1.571774
1.569325
1.569325
1.560414
1.560414
1.573787
1.573787
1.556777
1.556777
1.564278
1.564278
1.559263
1.559263
1.576226
1.576226
1.566257
1.566257
1.568536
1.568536
1.555538
1.555538
1.568175
1.568175
1.562013
1.562013
1.571465
1.571465
1.577498
1.577498
1.570862
1.570862
1.556529
1.556529
1.562863
1.562863
1.573209
1.573209
1.568883
1.568883
1.561940
1.561940
1.563591
1.563591
1.567904
1.567904
1.567271
1.567271
1.571128
1.571128
1.562672
1.562672
1.562129
1.562129
1.566042
1.566042
1.567050
1.567050
1.564092
1.564092
1.562993
1.562993
1.565568
1.565568
1.579092
1.579092
1.571496
1.571496
1.562763
1.562763
1.558882
1.558882
1.567746
1.567746
1.564799
1.564799
1.579694
1.579694
1.569365
1.569365
1.558953
1.558953
1.556357
1.556357
1.569386
1.569386
1.573983
1.573983
1.574773
1.574773
1.567481
1.567481
1.574845
1.574845
1.573174
1.573174
1.552777
1.552777
1.556828
1.556828
1.582256
1.582256
1.559680
1.559680
1.563032
1.563032
1.566943
1.566943
1.573143
1.573143
1.567578
1.567578
1.570016
1.570016
1.571824
1.571824
1.562406
1.562406
1.575043
1.575043
1.557111
1.557111
1.564678
1.564678
1.568619
1.568619
1.571609
1.571609
1.571659
1.571659
1.568733
1.568733
1.560701
1.560701
1.565627
1.565627
1.551364
1.551364
1.563959
1.563959
1.567327
1.567327
1.558732
1.558732
1.578174
1.578174
1.564153
1.564153
1.566283
1.566283
1.565634
1.565634
1.552075
1.552075
1.575646
1.575646
1.577629
1.577629
1.564500
1.564500
1.559385
1.559385
1.565225
1.565225
1.559476
1.559476
1.570467
1.570467
1.578883
1.578883
1.563511
1.563511
1.554976
1.554976
1.558892
1.558892
1.549071
1.549071
1.582406
1.582406
1.575189
1.575189
1.568801
1.568801
1.563464
1.563464
1.564471
1.564471
1.568209
1.568209
1.562622
1.562622
1.561690
1.561690
1.568753
1.568753
1.585062
1.585062
1.572973
1.572973
1.567681
1.567681
1.569228
1.569228
1.547547
1.547547
1.581496
1.581496
1.554118
1.554118
1.576303
1.576303
1.558693
1.558693
1.564084
1.564084
1.564742
1.564742
1.569635
1.569635
1.567778
1.567778
1.557162
1.557162
1.565150
1.565150
1.576619
1.576619
1.573704
1.573704
1.572568
1.572568
1.540209
1.540209
1.567283
1.567283
1.570247
1.570247
1.564217
1.564217
1.561355
1.561355
1.567429
1.567429
1.576220
1.576220
1.561848
1.561848
1.573015
1.573015
1.562751
1.562751
1.574744
1.574744
1.567798
1.567798
1.553662
1.553662
1.557490
1.557490
1.572713
1.572713
1.561230
1.561230
1.562697
1.562697
1.573936
1.573936
1.583233
1.583233
1.570259
1.570259
1.567603
1.567603
1.569403
1.569403
1.568146
1.568146
1.555415
1.555415
1.577644
1.577644
1.563988
1.563988
1.573071
1.573071
1.556067
1.556067
1.573253
1.573253
1.561220
1.561220
1.586226
1.586226
1.564209
1.564209
1.572968
1.572968
1.560521
1.560521
1.571186
1.571186
1.568543
1.568543
1.563635
1.563635
1.564072
1.564072
1.563539
1.563539
1.565841
1.565841
1.578994
1.578994
1.556471
1.556471
1.584928
1.584928
1.565897
1.565897
1.569027
1.569027
1.572552
1.572552
1.558051
1.558051
1.563163
1.563163
1.586227
1.586227
1.565340
1.565340
1.564533
1.564533
1.562470
1.562470
1.565742
1.565742
1.585029
1.585029
1.552158
1.552158
1.564218
1.564218
1.559331
1.559331
1.568002
1.568002
1.579357
1.579357
1.564252
1.564252
1.571648
1.571648
1.562454
1.562454
1.560215
1.560215
1.572620
1.572620
1.571210
1.571210
1.570679
1.570679
1.567195
1.567195
1.569760
1.569760
1.571287
1.571287
1.562750
1.562750
1.570152
1.570152
1.565636
1.565636
1.561777
1.561777
1.563406
1.563406
1.571890
1.571890
1.570350
1.570350
1.557844
1.557844
1.578043
1.578043
1.557700
1.557700
1.580649
1.580649
1.569295
1.569295
1.573887
1.573887
1.543978
1.543978
1.568453
1.568453
1.570969
1.570969
1.559091
1.559091
1.584731
1.584731
1.564605
1.564605
1.571651
1.571651
1.561086
1.561086
1.559745
1.559745
1.573943
1.573943
1.557842
1.557842
1.560443
1.560443
1.579119
1.579119
1.564106
1.564106
1.574213
1.574213
1.578116
1.578116
1.567694
1.567694
1.566105
1.566105
1.568368
1.568368
1.564735
1.564735
1.551842
1.551842
1.576581
1.576581
1.564160
1.564160
1.566866
1.566866
1.561442
1.561442
1.568503
1.568503
1.570286
1.570286
1.565095
1.565095
1.565101
1.565101
1.580476
1.580476
1.573600
1.573600
1.561663
1.561663
1.550636
1.550636
1.575796
1.575796
1.570451
1.570451
1.569860
1.569860
1.568816
1.568816
1.560905
1.560905
1.551049
1.551049
1.574728
1.574728
1.561599
1.561599
1.572549
1.572549
1.569094
1.569094
1.569521
1.569521
1.547134
1.547134
1.574551
1.574551
1.563480
1.563480
1.576853
1.576853
1.564336
1.564336
1.554690
1.554690
1.580004
1.580004
1.575632
1.575632
1.573803
1.573803
1.566563
1.566563
1.554316
1.554316
1.567802
1.567802
1.570508
1.570508
1.571426
1.571426
1.561207
1.561207
1.574877
1.574877
1.564155
1.564155
1.573442
1.573442
1.554525
1.554525
1.562482
1.562482
1.562717
1.562717
1.569017
1.569017
1.581432
1.581432
1.569722
1.569722
1.554447
1.554447
1.577312
1.577312
1.568611
1.568611
1.570741
1.570741
1.564648
1.564648
1.565941
1.565941
1.551927
1.551927
1.565705
1.565705
1.581956
1.581956
1.558093
1.558093
1.570484
1.570484
1.564300
1.564300
1.570432
1.570432
1.558971
1.558971
1.575475
1.575475
1.576748
1.576748
1.558001
1.558001
1.564473
1.564473
1.588134
1.588134
1.575286
1.575286
1.569528
1.569528
1.570380
1.570380
1.566258
1.566258
1.558633
1.558633
1.573515
1.573515
1.579343
1.579343
1.575431
1.575431
1.571007
1.571007
1.560256
1.560256
1.558649
1.558649
1.562993
1.562993
1.574443
1.574443
1.577335
1.577335
1.564846
1.564846
1.562222
1.562222
1.560561
1.560561
1.576279
1.576279
1.571878
1.571878
1.557277
1.557277
1.568546
1.568546
1.570684
1.570684
1.570166
1.570166
1.578932
1.578932
1.557200
1.557200
1.569122
1.569122
1.569499
1.569499
1.574389
1.574389
1.574766
1.574766
1.563959
1.563959
1.565343
1.565343
1.560529
1.560529
1.565690
1.565690
1.574035
1.574035
1.568907
1.568907
1.589277
1.589277
1.572867
1.572867
1.583462
1.583462
1.570907
1.570907
1.552833
1.552833
1.567917
1.567917
1.557006
1.557006
1.575301
1.575301
1.575465
1.575465
1.565506
1.565506
1.568668
1.568668
1.564698
1.564698
1.552963
1.552963
1.566466
1.566466
1.563172
1.563172
1.574784
1.574784
1.566783
1.566783
1.570763
1.570763
1.571610
1.571610
1.574422
1.574422
1.560517
1.560517
1.579488
1.579488
1.571575
1.571575
1.562165
1.562165
1.557230
1.557230
1.578480
1.578480
1.558845
1.558845
1.568182
1.568182
1.569346
1.569346
1.567608
1.567608
1.571626
1.571626
1.564745
1.564745
1.566477
1.566477
1.568404
1.568404
1.579025
1.579025
1.565675
1.565675
1.568036
1.568036
1.577044
1.577044
1.570629
1.570629
1.563719
1.563719
1.564763
1.564763
1.564949
1.564949
1.576251
1.576251
1.570005
1.570005
1.570748
1.570748
1.568313
1.568313
1.572026
1.572026
1.561772
1.561772
1.572481
1.572481
1.573999
1.573999
1.567103
1.567103
1.572817
1.572817
1.571383
1.571383
1.562214
1.562214
1.561884
1.561884
1.567573
1.567573
1.564574
1.564574
1.562636
1.562636
1.570660
1.570660
1.584001
1.584001
1.557906
1.557906
1.559424
1.559424
1.590751
1.590751
1.573422
1.573422
1.558264
1.558264
1.559941
1.559941
1.576782
1.576782
1.573503
1.573503
1.568603
1.568603
1.561901
1.561901
1.558884
1.558884
1.576191
1.576191
1.583675
1.583675
1.574246
1.574246
1.558553
1.558553
1.571103
1.571103
1.578399
1.578399
1.566326
1.566326
1.561177
1.561177
1.572066
1.572066
1.559543
1.559543
1.566334
1.566334
1.567926
1.567926
1.574167
1.574167
1.582413
1.582413
1.575914
1.575914
1.572850
1.572850
1.567646
1.567646
1.568801
1.568801
1.562804
1.562804
1.563622
1.563622
1.565155
1.565155
1.580293
1.580293
1.554940
1.554940
1.573300
1.573300
1.570860
1.570860
1.572455
1.572455
1.560217
1.560217
1.563179
1.563179
1.576495
1.576495
1.580603
1.580603
1.570650
1.570650
1.557030
1.557030
1.567443
1.567443
1.558238
1.558238
1.573395
1.573395
1.572445
1.572445
1.574318
1.574318
1.570040
1.570040
1.578188
1.578188
1.576277
1.576277
1.565003
1.565003
1.559948
1.559948
1.565585
1.565585
1.572571
1.572571
1.561255
1.561255
1.573850
1.573850
1.569092
1.569092
1.573201
1.573201
1.567701
1.567701
1.572826
1.572826
1.564677
1.564677
1.571410
1.571410
1.580406
1.580406
1.565018
1.565018
1.567931
1.567931
1.562815
1.562815
1.567966
1.567966
1.570008
1.570008
1.558558
1.558558
1.582330
1.582330
1.569125
1.569125
1.566866
1.566866
1.575614
1.575614
1.566890
1.566890
1.565398
1.565398
1.571851
1.571851
1.571255
1.571255
1.560271
1.560271
1.578960
1.578960
1.564859
1.564859
1.567165
1.567165
1.573136
1.573136
1.567033
1.567033
1.560408
1.560408
1.570118
1.570118
1.565998
1.565998
1.574111
1.574111
1.562703
1.562703
1.571197
1.571197
1.577690
1.577690
1.565531
1.565531
1.581030
1.581030
1.560301
1.560301
1.557736
1.557736
1.585012
1.585012
1.564949
1.564949
1.558863
1.558863
1.566733
1.566733
1.572256
1.572256
1.569045
1.569045
1.572520
1.572520
1.589748
1.589748
1.556532
1.556532
1.573058
1.573058
1.577549
1.577549
1.559960
1.559960
1.578442
1.578442
1.575282
1.575282
1.575863
1.575863
1.568060
1.568060
1.567868
1.567868
1.565537
1.565537
1.570154
1.570154
1.570861
1.570861
1.570274
1.570274
1.576368
1.576368
1.568810
1.568810
1.567221
1.567221
1.566111
1.566111
1.568400
1.568400
1.565299
1.565299
1.563071
1.563071
1.581293
1.581293
1.569162
1.569162
1.563233
1.563233
1.585483
1.585483
1.565686
1.565686
1.572501
1.572501
1.567531
1.567531
1.567416
1.567416
1.575605
1.575605
1.570230
1.570230
1.577396
1.577396
1.582688
1.582688
1.562153
1.562153
1.567895
1.567895
1.561565
1.561565
1.563706
1.563706
1.565130
1.565130
1.578097
1.578097
1.561725
1.561725
1.576807
1.576807
1.574590
1.574590
1.553093
1.553093
1.579867
1.579867
1.568240
1.568240
1.568880
1.568880
1.572539
1.572539
1.562284
1.562284
1.564344
1.564344
1.565831
1.565831
1.559545
1.559545
1.563264
1.563264
1.585231
1.585231
1.573251
1.573251
1.576327
1.576327
1.578826
1.578826
1.568530
1.568530
1.561754
1.561754
1.574713
1.574713
1.568110
1.568110
1.565323
1.565323
1.563336
1.563336
1.554142
1.554142
1.564675
1.564675
1.577627
1.577627
1.583127
1.583127
1.587478
1.587478
1.562674
1.562674
1.574500
1.574500
1.566268
1.566268
1.570156
1.570156
1.574588
1.574588
1.575332
1.575332
1.566707
1.566707
1.558788
1.558788
1.564606
1.564606
1.582137
1.582137
1.575628
1.575628
1.576470
1.576470
1.574643
1.574643
1.579857
1.579857
1.563323
1.563323
1.574464
1.574464
1.563156
1.563156
1.558722
1.558722
1.569185
1.569185
1.566130
1.566130
1.570079
1.570079
1.573107
1.573107
1.570475
1.570475
1.574740
1.574740
1.568127
1.568127
1.570263
1.570263
1.567799
1.567799
1.563004
1.563004
1.573225
1.573225
1.591099
1.591099
1.568920
1.568920
1.571878
1.571878
1.564981
1.564981
1.563235
1.563235
1.581658
1.581658
1.571867
1.571867
1.564650
1.564650
1.560132
1.560132
1.588979
1.588979
1.565096
1.565096
1.569574
1.569574
1.577586
1.577586
1.576133
1.576133
1.562593
1.562593
1.557477
1.557477
1.568365
1.568365
1.577824
1.577824
1.592731
1.592731
1.566566
1.566566
1.570305
1.570305
1.568057
1.568057
1.572276
1.572276
1.572468
1.572468
1.575704
1.575704
1.571939
1.571939
1.571807
1.571807
1.560038
1.560038
1.564539
1.564539
1.577586
1.577586
1.585038
1.585038
1.577117
1.577117
1.568128
1.568128
1.583357
1.583357
1.561641
1.561641
1.564925
1.564925
1.562892
1.562892
1.578498
1.578498
1.574498
1.574498
1.573082
1.573082
1.566826
1.566826
1.560991
1.560991
1.566178
1.566178
1.568907
1.568907
1.570332
1.570332
1.568519
1.568519
1.578297
1.578297
1.569209
1.569209
1.563338
1.563338
1.573386
1.573386
1.556721
1.556721
1.573823
1.573823
1.576401
1.576401
1.573362
1.573362
1.567612
1.567612
1.567248
1.567248
1.586504
1.586504
1.568068
1.568068
1.567205
1.567205
1.557843
1.557843
1.584637
1.584637
1.568844
1.568844
1.573867
1.573867
1.578120
1.578120
1.555991
1.555991
1.573720
1.573720
1.576618
1.576618
1.571611
1.571611
1.575285
1.575285
1.566660
1.566660
1.571816
1.571816
1.565126
1.565126
1.577369
1.577369
1.566716
1.566716
1.568705
1.568705
1.566824
1.566824
1.579939
1.579939
1.575278
1.575278
1.561124
1.561124
1.571562
1.571562
1.564617
1.564617
1.568272
1.568272
1.563020
1.563020
1.578413
1.578413
1.589162
1.589162
1.589142
1.589142
1.561556
1.561556
1.560917
1.560917
1.578421
1.578421
1.568265
1.568265
1.559397
1.559397
1.579561
1.579561
1.567064
1.567064
1.578831
1.578831
1.560416
1.560416
1.576462
1.576462
1.549771
1.549771
1.565155
1.565155
1.562806
1.562806
1.578291
1.578291
1.568814
1.568814
1.576952
1.576952
1.574598
1.574598
1.575065
1.575065
1.567338
1.567338
1.559527
1.559527
1.584249
1.584249
1.568626
1.568626
1.568480
1.568480
1.575824
1.575824
1.586383
1.586383
1.561275
1.561275
1.555863
1.555863
1.573537
1.573537
1.573810
1.573810
1.569251
1.569251
1.577174
1.577174
1.560246
1.560246
1.573494
1.573494
1.571199
1.571199
1.578158
1.578158
1.570814
1.570814
1.570225
1.570225
1.567549
1.567549
1.577575
1.577575
1.570927
1.570927
1.565075
1.565075
1.566040
1.566040
1.577030
1.577030
1.580135
1.580135
1.572135
1.572135
1.567024
1.567024
1.552962
1.552962
1.571813
1.571813
1.578651
1.578651
1.570968
1.570968
1.563107
1.563107
1.557350
1.557350
1.602526
1.602526
1.569791
1.569791
1.555757
1.555757
1.569524
1.569524
1.573021
1.573021
1.582978
1.582978
1.581091
1.581091
1.570768
1.570768
1.569174
1.569174
1.588892
1.588892
1.563381
1.563381
1.567924
1.567924
1.559734
1.559734
1.573730
1.573730
1.564116
1.564116
1.568568
1.568568
1.574860
1.574860
1.568493
1.568493
1.584860
1.584860
1.562225
1.562225
1.566867
1.566867
1.583423
1.583423
1.573646
1.573646
1.569412
1.569412
1.571182
1.571182
1.573883
1.573883
1.575135
1.575135
1.562693
1.562693
1.582061
1.582061
1.561609
1.561609
1.571912
1.571912
1.573905
1.573905
1.571382
1.571382
1.564312
1.564312
1.572982
1.572982
1.570322
1.570322
1.578245
1.578245
1.567073
1.567073
1.553155
1.553155
1.574945
1.574945
1.571976
1.571976
1.587786
1.587786
1.573926
1.573926
1.571215
1.571215
1.589293
1.589293
1.565380
1.565380
1.559281
1.559281
1.576445
1.576445
1.558047
1.558047
1.560460
1.560460
1.567561
1.567561
1.577968
1.577968
1.578797
1.578797
1.567614
1.567614
1.580373
1.580373
1.568546
1.568546
1.582051
1.582051
1.566611
1.566611
1.572517
1.572517
1.567319
1.567319
1.569497
1.569497
1.572448
1.572448
1.569375
1.569375
1.576859
1.576859
1.568349
1.568349
1.573413
1.573413
1.561647
1.561647
1.569584
1.569584
1.574290
1.574290
1.578104
1.578104
1.572077
1.572077
1.562553
1.562553
1.571292
1.571292
1.563563
1.563563
1.587746
1.587746
1.572230
1.572230
1.571598
1.571598
1.564710
1.564710
1.564057
1.564057
1.567525
1.567525
1.579248
1.579248
1.568544
1.568544
1.570155
1.570155
1.573756
1.573756
1.565935
1.565935
1.572897
1.572897
1.567083
1.567083
1.557448
1.557448
1.580022
1.580022
1.578590
1.578590
1.574121
1.574121
1.579676
1.579676
1.565527
1.565527
1.558448
1.558448
1.575318
1.575318
1.576745
1.576745
1.575604
1.575604
1.559108
1.559108
1.571485
1.571485
1.583269
1.583269
1.584967
1.584967
1.567635
1.567635
1.550525
1.550525
1.579396
1.579396
1.556075
1.556075
1.573282
1.573282
1.574406
1.574406
1.574624
1.574624
1.571959
1.571959
1.552390
1.552390
1.576141
1.576141
1.575556
1.575556
1.574176
1.574176
1.585476
1.585476
1.558271
1.558271
1.573475
1.573475
1.554525
1.554525
1.573240
1.573240
1.585145
1.585145
1.574586
1.574586
1.565436
1.565436
1.558019
1.558019
1.568171
1.568171
1.581181
1.581181
1.570012
1.570012
1.571439
1.571439
1.595090
1.595090
1.567288
1.567288
1.568074
1.568074
1.573297
1.573297
1.575766
1.575766
1.582139
1.582139
1.552972
1.552972
1.574960
1.574960
1.567440
1.567440
1.575644
1.575644
1.564315
1.564315
1.582336
1.582336
1.557913
1.557913
1.576669
1.576669
1.567232
1.567232
1.575128
1.575128
1.565166
1.565166
1.571056
1.571056
1.581025
1.581025
1.574341
1.574341
1.569934
1.569934
1.566251
1.566251
1.563480
1.563480
1.584340
1.584340
1.573976
1.573976
1.574201
1.574201
1.567543
1.567543
1.582572
1.582572
1.564441
1.564441
1.556240
1.556240
1.606386
1.606386
1.578187
1.578187
1.573428
1.573428
1.555346
1.555346
1.570161
1.570161
1.580959
1.580959
1.575183
1.575183
1.572321
1.572321
1.571732
1.571732
1.576732
1.576732
1.572262
1.572262
1.561501
1.561501
1.583779
1.583779
1.573275
1.573275
1.574013
1.574013
1.573306
1.573306
1.565115
1.565115
1.569191
1.569191
1.583254
1.583254
1.566873
1.566873
1.580814
1.580814
1.569071
1.569071
1.568757
1.568757
1.572688
1.572688
1.575610
1.575610
1.570426
1.570426
1.579377
1.579377
1.573308
1.573308
1.566190
1.566190
1.578316
1.578316
1.553150
1.553150
1.580934
1.580934
1.568025
1.568025
1.569993
1.569993
1.564943
1.564943
1.573061
1.573061
1.578889
1.578889
1.579673
1.579673
1.571829
1.571829
1.575316
1.575316
1.567469
1.567469
1.563784
1.563784
1.576584
1.576584
1.569886
1.569886
1.572504
1.572504
1.586369
1.586369
1.564510
1.564510
1.566622
1.566622
1.572594
1.572594
1.581064
1.581064
1.572351
1.572351
1.564549
1.564549
1.574241
1.574241
1.577412
1.577412
1.549618
1.549618
1.573801
1.573801
1.573013
1.573013
1.581791
1.581791
1.572465
1.572465
1.562066
1.562066
1.565608
1.565608
1.576430
1.576430
1.574502
1.574502
1.566574
1.566574
1.564447
1.564447
1.578218
1.578218
1.573277
1.573277
1.564214
1.564214
1.582011
1.582011
1.569491
1.569491
1.579309
1.579309
1.564019
1.564019
1.576981
1.576981
1.571158
1.571158
1.574893
1.574893
1.554053
1.554053
1.582320
1.582320
1.579316
1.579316
1.571336
1.571336
1.577959
1.577959
1.559088
1.559088
1.578580
1.578580
1.566297
1.566297
1.581075
1.581075
1.568835
1.568835
1.562215
1.562215
1.585834
1.585834
1.574380
1.574380
1.571419
1.571419
1.573939
1.573939
1.558050
1.558050
1.580947
1.580947
1.561523
1.561523
1.574808
1.574808
1.568045
1.568045
1.581555
1.581555
1.560689
1.560689
1.574861
1.574861
1.576246
1.576246
1.571250
1.571250
1.568130
1.568130
1.564806
1.564806
1.588848
1.588848
1.577364
1.577364
1.563593
1.563593
1.582249
1.582249
1.578264
1.578264
1.561653
1.561653
1.570326
1.570326
1.573095
1.573095
1.565353
1.565353
1.573585
1.573585
1.571693
1.571693
1.585689
1.585689
1.555610
1.555610
1.551021
1.551021
1.580777
1.580777
1.578817
1.578817
1.572089
1.572089
1.576740
1.576740
1.580324
1.580324
1.570465
1.570465
1.576060
1.576060
1.562094
1.562094
1.577597
1.577597
1.566694
1.566694
1.596608
1.596608
1.573724
1.573724
1.572253
1.572253
1.572154
1.572154
1.564452
1.564452
1.581429
1.581429
1.570473
1.570473
1.583484
1.583484
1.578682
1.578682
1.564741
1.564741
1.564067
1.564067
1.571418
1.571418
1.574773
1.574773
1.554300
1.554300
1.568988
1.568988
1.571843
1.571843
1.576120
1.576120
1.595614
1.595614
1.564676
1.564676
1.573783
1.573783
1.564700
1.564700
1.575881
1.575881
1.582465
1.582465
1.564243
1.564243
1.579049
1.579049
1.580949
1.580949
1.571162
1.571162
1.568229
1.568229
1.570034
1.570034
1.568778
1.568778
1.584337
1.584337
1.571725
1.571725
1.580458
1.580458
1.567327
1.567327
1.568581
1.568581
1.581602
1.581602
1.559680
1.559680
1.566788
1.566788
1.582122
1.582122
1.570834
1.570834
1.574869
1.574869
1.569106
1.569106
1.574539
1.574539
1.570901
1.570901
1.563101
1.563101
1.575158
1.575158
1.574381
1.574381
1.574582
1.574582
1.588725
1.588725
1.585160
1.585160
1.561841
1.561841
1.587557
1.587557
1.563017
1.563017
1.578944
1.578944
1.545228
1.545228
1.576824
1.576824
1.568485
1.568485
1.571589
1.571589
1.578113
1.578113
1.569809
1.569809
1.574113
1.574113
1.562522
1.562522
1.568579
1.568579
1.583251
1.583251
1.566270
1.566270
1.581130
1.581130
1.582101
1.582101
1.578130
1.578130
1.564053
1.564053
1.573718
1.573718
1.562356
1.562356
1.590484
1.590484
1.565897
1.565897
1.573465
1.573465
1.578988
1.578988
1.566215
1.566215
1.568077
1.568077
1.572331
1.572331
1.589831
1.589831
1.582315
1.582315
1.571986
1.571986
1.570589
1.570589
1.560338
1.560338
1.580665
1.580665
1.574231
1.574231
1.573541
1.573541
1.567665
1.567665
1.576206
1.576206
1.575420
1.575420
1.582458
1.582458
1.552373
1.552373
1.573613
1.573613
1.585793
1.585793
1.564793
1.564793
1.576013
1.576013
1.562540
1.562540
1.582985
1.582985
1.567501
1.567501
1.569096
1.569096
1.582019
1.582019
1.592808
1.592808
1.562618
1.562618
1.556563
1.556563
1.575884
1.575884
1.569580
1.569580
1.554825
1.554825
1.564804
1.564804
1.593115
1.593115
1.594966
1.594966
1.562959
1.562959
1.580414
1.580414
1.577106
1.577106
1.568653
1.568653
1.577538
1.577538
1.575091
1.575091
1.573986
1.573986
1.578191
1.578191
1.562411
1.562411
1.579919
1.579919
1.576481
1.576481
1.565003
1.565003
1.577980
1.577980
1.569908
1.569908
1.574329
1.574329
1.571690
1.571690
1.574812
1.574812
1.570680
1.570680
1.566798
1.566798
1.566085
1.566085
1.573033
1.573033
1.589980
1.589980
1.576831
1.576831
1.561273
1.561273
1.570450
1.570450
1.583018
1.583018
1.574247
1.574247
1.569419
1.569419
1.571639
1.571639
1.571252
1.571252
1.582809
1.582809
1.574051
1.574051
1.574913
1.574913
1.580308
1.580308
1.561999
1.561999
1.558848
1.558848
1.575451
1.575451
1.558863
1.558863
1.583269
1.583269
1.567653
1.567653
1.582985
1.582985
1.573394
1.573394
1.569798
1.569798
1.572172
1.572172
1.583279
1.583279
1.568210
1.568210
1.575826
1.575826
1.571630
1.571630
1.569759
1.569759
1.572589
1.572589
1.572311
1.572311
1.588174
1.588174
1.570090
1.570090
1.563529
1.563529
1.573536
1.573536
1.574716
1.574716
1.569364
1.569364
1.570926
1.570926
1.575362
1.575362
1.585626
1.585626
1.575677
1.575677
1.576099
1.576099
1.566002
1.566002
1.572689
1.572689
1.580753
1.580753
1.568548
1.568548
1.578543
1.578543
1.563098
1.563098
1.575202
1.575202
1.578705
1.578705
1.570988
1.570988
1.580175
1.580175
1.567575
1.567575
1.572551
1.572551
1.577299
1.577299
1.578823
1.578823
1.582085
1.582085
1.552267
1.552267
1.573301
1.573301
1.569123
1.569123
1.558034
1.558034
1.591475
1.591475
1.581989
1.581989
1.563282
1.563282
1.577585
1.577585
1.585528
1.585528
1.570640
1.570640
1.559873
1.559873
1.570297
1.570297
1.587680
1.587680
1.592087
1.592087
1.572927
1.572927
1.573779
1.573779
1.559309
1.559309
1.576690
1.576690
1.562081
1.562081
1.598089
1.598089
1.568774
1.568774
1.556181
1.556181
1.574395
1.574395
1.571686
1.571686
1.576030
1.576030
1.574746
1.574746
1.587757
1.587757
1.576683
1.576683
1.569479
1.569479
1.571602
1.571602
1.549634
1.549634
1.553816
1.553816
1.581627
1.581627
1.564641
1.564641
1.577804
1.577804
1.578391
1.578391
1.607648
1.607648
1.574425
1.574425
1.587915
1.587915
1.565373
1.565373
1.570327
1.570327
1.566060
1.566060
1.589425
1.589425
1.569819
1.569819
1.571930
1.571930
1.565702
1.565702
1.573879
1.573879
1.583554
1.583554
1.588024
1.588024
1.574088
1.574088
1.566907
1.566907
1.571900
1.571900
1.578179
1.578179
1.573162
1.573162
1.589742
1.589742
1.565191
1.565191
1.581779
1.581779
1.566033
1.566033
1.575976
1.575976
1.574501
1.574501
1.591652
1.591652
1.575046
1.575046
1.571144
1.571144
1.580880
1.580880
1.567206
1.567206
1.571911
1.571911
1.585097
1.585097
1.563387
1.563387
1.569042
1.569042
1.573409
1.573409
1.580131
1.580131
1.582806
1.582806
1.579034
1.579034
1.575957
1.575957
1.574034
1.574034
1.568965
1.568965
1.582984
1.582984
1.566292
1.566292
1.580570
1.580570
1.578059
1.578059
1.562300
1.562300
1.574223
1.574223
1.569493
1.569493
1.585358
1.585358
1.578107
1.578107
1.585091
1.585091
1.568691
1.568691
1.573805
1.573805
1.564700
1.564700
1.579201
1.579201
1.573753
1.573753
1.569188
1.569188
1.576082
1.576082
1.570497
1.570497
1.568341
1.568341
1.586057
1.586057
1.577398
1.577398
1.578881
1.578881
1.567572
1.567572
1.580047
1.580047
1.575227
1.575227
1.580324
1.580324
1.549268
1.549268
1.578328
1.578328
1.571100
1.571100
1.567557
1.567557
1.581362
1.581362
1.570662
1.570662
1.580978
1.580978
1.592583
1.592583
1.573754
1.573754
1.572629
1.572629
1.572248
1.572248
1.563865
1.563865
1.566942
1.566942
1.565116
1.565116
1.568368
1.568368
1.575210
1.575210
1.580177
1.580177
1.585722
1.585722
1.568828
1.568828
1.579998
1.579998
1.577837
1.577837
1.551878
1.551878
1.584512
1.584512
1.568985
1.568985
1.596984
1.596984
1.565957
1.565957
1.582279
1.582279
1.577828
1.577828
1.570481
1.570481
1.578397
1.578397
1.569624
1.569624
1.591949
1.591949
1.577269
1.577269
1.557911
1.557911
1.577350
1.577350
1.565091
1.565091
1.583005
1.583005
1.574585
1.574585
1.573677
1.573677
1.576249
1.576249
1.571883
1.571883
1.578552
1.578552
1.570575
1.570575
1.566241
1.566241
1.576418
1.576418
1.579194
1.579194
1.572933
1.572933
1.577080
1.577080
1.578732
1.578732
1.587848
1.587848
1.572527
1.572527
1.567232
1.567232
1.571620
1.571620
1.575556
1.575556
1.572506
1.572506
1.566858
1.566858
1.576703
1.576703
1.570873
1.570873
1.577651
1.577651
1.582289
1.582289
1.574427
1.574427
1.572044
1.572044
1.577823
1.577823
1.574992
1.574992
1.571844
1.571844
1.579536
1.579536
1.570745
1.570745
1.566103
1.566103
1.575709
1.575709
1.570213
1.570213
1.578987
1.578987
1.571800
1.571800
1.603648
1.603648
1.585069
1.585069
1.574397
1.574397
1.564405
1.564405
1.581911
1.581911
1.572200
1.572200
1.567683
1.567683
1.574379
1.574379
1.574611
1.574611
1.572200
1.572200
1.579358
1.579358
1.570929
1.570929
1.583899
1.583899
1.589173
1.589173
1.568524
1.568524
1.572124
1.572124
1.581101
1.581101
1.570044
1.570044
1.561598
1.561598
1.572080
1.572080
1.572508
1.572508
1.562813
1.562813
1.585179
1.585179
1.574197
1.574197
1.596075
1.596075
1.565166
1.565166
1.578820
1.578820
1.574522
1.574522
1.581290
1.581290
1.575184
1.575184
1.576910
1.576910
1.587157
1.587157
1.567673
1.567673
1.566756
1.566756
1.579727
1.579727
1.570194
1.570194
1.585793
1.585793
1.579339
1.579339
1.582018
1.582018
1.575938
1.575938
1.568335
1.568335
1.572822
1.572822
1.569505
1.569505
1.577811
1.577811
1.568570
1.568570
1.570852
1.570852
1.560606
1.560606
1.583112
1.583112
1.612040
1.612040
1.583368
1.583368
1.574966
1.574966
1.575231
1.575231
1.580835
1.580835
1.567606
1.567606
1.562060
1.562060
1.570083
1.570083
1.566892
1.566892
1.581255
1.581255
1.571055
1.571055
1.580657
1.580657
1.591411
1.591411
1.593067
1.593067
1.558553
1.558553
1.577146
1.577146
1.567173
1.567173
1.585049
1.585049
1.565268
1.565268
1.563923
1.563923
1.580478
1.580478
1.576856
1.576856
1.575604
1.575604
1.583682
1.583682
1.566872
1.566872
1.579147
1.579147
1.575841
1.575841
1.574301
1.574301
1.571563
1.571563
1.583046
1.583046
1.559382
1.559382
1.567128
1.567128
1.581514
1.581514
1.577044
1.577044
1.572516
1.572516
1.574044
1.574044
1.587729
1.587729
1.579678
1.579678
1.578056
1.578056
1.576387
1.576387
1.573637
1.573637
1.582289
1.582289
1.545566
1.545566
1.582451
1.582451
1.571464
1.571464
1.566655
1.566655
1.584509
1.584509
1.573368
1.573368
1.574088
1.574088
1.569051
1.569051
1.572169
1.572169
1.570734
1.570734
1.586648
1.586648
1.574360
1.574360
1.587663
1.587663
1.592115
1.592115
1.579683
1.579683
1.574072
1.574072
1.553466
1.553466
1.582667
1.582667
1.566149
1.566149
1.580720
1.580720
1.584991
1.584991
1.571311
1.571311
1.576770
1.576770
1.563903
1.563903
1.576878
1.576878
1.573700
1.573700
1.562397
1.562397
1.575914
1.575914
1.594037
1.594037
1.571671
1.571671
1.577266
1.577266
1.565002
1.565002
1.582630
1.582630
1.588649
1.588649
1.567335
1.567335
1.581287
1.581287
1.560491
1.560491
1.578366
1.578366
1.560352
1.560352
1.578220
1.578220
1.583442
1.583442
1.579568
1.579568
1.572841
1.572841
1.573997
1.573997
1.583819
1.583819
1.575549
1.575549
1.560645
1.560645
1.580494
1.580494
1.586239
1.586239
1.577902
1.577902
1.574462
1.574462
1.575681
1.575681
1.576921
1.576921
1.568176
1.568176
1.589989
1.589989
1.575507
1.575507
1.570214
1.570214
1.579581
1.579581
1.588981
1.588981
1.569658
1.569658
1.564530
1.564530
1.592350
1.592350
1.574792
1.574792
1.566504
1.566504
1.577801
1.577801
1.571446
1.571446
1.567458
1.567458
1.586700
1.586700
1.572688
1.572688
1.574633
1.574633
1.567891
1.567891
1.576671
1.576671
1.578344
1.578344
1.582485
1.582485
1.575690
1.575690
1.569424
1.569424
1.572780
1.572780
1.579450
1.579450
1.575843
1.575843
1.568455
1.568455
1.570794
1.570794
1.585189
1.585189
1.580813
1.580813
1.579343
1.579343
1.564825
1.564825
1.562815
1.562815
1.574717
1.574717
1.582346
1.582346
1.580358
1.580358
1.583875
1.583875
1.566705
1.566705
1.573227
1.573227
1.582280
1.582280
1.555354
1.555354
1.579544
1.579544
1.586555
1.586555
1.584511
1.584511
1.563366
1.563366
1.589076
1.589076
1.583787
1.583787
1.579161
1.579161
1.562597
1.562597
1.582682
1.582682
1.566234
1.566234
1.577656
1.577656
1.575694
1.575694
1.584376
1.584376
1.583063
1.583063
1.561762
1.561762
1.584196
1.584196
1.573359
1.573359
1.581192
1.581192
1.568005
1.568005
1.578994
1.578994
1.565337
1.565337
1.581549
1.581549
1.580564
1.580564
1.572758
1.572758
1.573334
1.573334
1.576413
1.576413
1.568576
1.568576
1.575894
1.575894
1.567506
1.567506
1.577467
1.577467
1.587575
1.587575
1.570525
1.570525
1.582684
1.582684
1.578786
1.578786
1.577852
1.577852
1.571089
1.571089
1.571249
1.571249
1.584774
1.584774
1.571810
1.571810
1.574239
1.574239
1.585436
1.585436
1.583226
1.583226
1.574335
1.574335
1.569438
1.569438
1.565179
1.565179
1.562418
1.562418
1.575836
1.575836
1.587623
1.587623
1.592082
1.592082
1.563488
1.563488
1.578267
1.578267
1.574864
1.574864
1.589382
1.589382
1.578962
1.578962
1.574697
1.574697
1.571565
1.571565
1.559461
1.559461
1.594600
1.594600
1.566119
1.566119
1.574078
1.574078
1.567645
1.567645
1.577706
1.577706
1.582218
1.582218
1.582261
1.582261
1.583578
1.583578
1.588067
1.588067
1.578056
1.578056
1.549115
1.549115
1.580374
1.580374
1.587116
1.587116
1.573039
1.573039
1.587411
1.587411
1.559783
1.559783
1.568856
1.568856
1.592726
1.592726
1.581081
1.581081
1.579322
1.579322
1.580371
1.580371
1.565646
1.565646
1.578441
1.578441
1.572990
1.572990
1.568036
1.568036
1.576128
1.576128
1.574341
1.574341
1.574891
1.574891
1.592456
1.592456
1.571244
1.571244
1.576215
1.576215
1.582887
1.582887
1.572180
1.572180
1.582118
1.582118
1.568257
1.568257
1.581809
1.581809
1.566716
1.566716
1.579968
1.579968
1.587502
1.587502
1.589896
1.589896
1.560713
1.560713
1.574757
1.574757
1.567088
1.567088
1.571066
1.571066
1.583056
1.583056
1.578346
1.578346
1.586317
1.586317
1.572695
1.572695
1.583400
1.583400
1.588827
1.588827
1.572400
1.572400
1.575549
1.575549
1.566716
1.566716
1.570737
1.570737
1.581495
1.581495
1.572437
1.572437
1.580977
1.580977
1.589563
1.589563
1.564163
1.564163
1.567342
1.567342
1.583536
1.583536
1.583153
1.583153
1.573902
1.573902
1.572314
1.572314
1.580245
1.580245
1.557302
1.557302
1.573632
1.573632
1.574198
1.574198
1.556212
1.556212
1.600499
1.600499
1.571208
1.571208
1.599818
1.599818
1.583656
1.583656
1.568858
1.568858
1.575239
1.575239
1.573163
1.573163
1.579467
1.579467
1.589226
1.589226
1.585423
1.585423
1.585163
1.585163
1.577664
1.577664
1.562824
1.562824
1.587684
1.587684
1.545458
1.545458
1.586177
1.586177
1.565864
1.565864
1.579483
1.579483
1.574844
1.574844
1.579159
1.579159
1.577605
1.577605
1.588960
1.588960
1.577986
1.577986
1.577656
1.577656
1.579574
1.579574
1.570197
1.570197
1.557199
1.557199
1.575458
1.575458
1.588250
1.588250
1.569051
1.569051
1.577343
1.577343
1.579831
1.579831
1.568553
1.568553
1.578232
1.578232
1.578736
1.578736
1.573083
1.573083
1.578674
1.578674
1.576958
1.576958
1.579458
1.579458
1.570083
1.570083
1.563987
1.563987
1.588193
1.588193
1.587143
1.587143
1.567418
1.567418
1.601448
1.601448
1.567188
1.567188
1.583828
1.583828
1.568568
1.568568
1.584664
1.584664
1.570162
1.570162
1.607891
1.607891
1.588777
1.588777
1.577684
1.577684
1.570971
1.570971
1.571075
1.571075
1.578344
1.578344
1.578457
1.578457
1.573745
1.573745
1.584323
1.584323
1.582546
1.582546
1.574036
1.574036
1.574718
1.574718
1.572724
1.572724
1.573903
1.573903
1.573275
1.573275
1.574155
1.574155
1.584667
1.584667
1.582286
1.582286
1.575485
1.575485
1.572879
1.572879
1.566965
1.566965
1.591033
1.591033
1.585054
1.585054
1.574682
1.574682
1.570307
1.570307
1.580520
1.580520
1.581886
1.581886
1.577707
1.577707
1.576082
1.576082
1.565494
1.565494
1.592149
1.592149
1.576185
1.576185
1.574627
1.574627
1.582768
1.582768
1.579285
1.579285
1.583153
1.583153
1.558209
1.558209
1.581372
1.581372
1.571489
1.571489
1.573014
1.573014
1.577483
1.577483
1.587229
1.587229
1.571593
1.571593
1.580359
1.580359
1.581478
1.581478
1.576317
1.576317
1.580550
1.580550
1.565933
1.565933
1.586267
1.586267
1.575784
1.575784
1.579748
1.579748
1.575434
1.575434
1.574069
1.574069
1.580031
1.580031
1.585459
1.585459
1.579348
1.579348
1.583934
1.583934
1.585885
1.585885
1.568107
1.568107
1.576688
1.576688
1.564395
1.564395
1.579543
1.579543
1.588923
1.588923
1.577499
1.577499
1.572700
1.572700
1.576009
1.576009
1.563219
1.563219
1.577241
1.577241
1.586262
1.586262
1.576040
1.576040
1.571464
1.571464
1.576582
1.576582
1.581142
1.581142
1.588346
1.588346
1.576336
1.576336
1.589268
1.589268
1.569167
1.569167
1.559289
1.559289
1.594170
1.594170
1.587294
1.587294
1.579922
1.579922
1.569715
1.569715
1.576860
1.576860
1.583956
1.583956
1.558198
1.558198
1.574659
1.574659
1.580171
1.580171
1.585910
1.585910
1.566395
1.566395
1.573680
1.573680
1.599573
1.599573
1.578568
1.578568
1.576095
1.576095
1.579706
1.579706
1.577831
1.577831
1.578447
1.578447
1.576352
1.576352
1.580139
1.580139
1.562947
1.562947
1.570086
1.570086
1.581455
1.581455
1.584373
1.584373
1.604518
1.604518
1.575467
1.575467
1.581606
1.581606
1.569598
1.569598
1.579991
1.579991
1.586313
1.586313
1.571375
1.571375
1.570704
1.570704
1.588561
1.588561
1.580710
1.580710
1.580638
1.580638
1.571065
1.571065
1.574880
1.574880
1.582305
1.582305
1.577909
1.577909
1.584432
1.584432
1.558831
1.558831
1.581366
1.581366
1.591519
1.591519
1.577286
1.577286
1.574993
1.574993
1.586371
1.586371
1.567040
1.567040
1.575399
1.575399
1.600690
1.600690
1.567123
1.567123
1.576837
1.576837
1.574344
1.574344
1.572642
1.572642
1.593311
1.593311
1.593368
1.593368
1.592151
1.592151
1.576504
1.576504
1.575710
1.575710
1.571471
1.571471
1.580242
1.580242
1.565576
1.565576
1.574012
1.574012
1.588976
1.588976
1.579112
1.579112
1.577373
1.577373
1.568782
1.568782
1.584954
1.584954
1.575231
1.575231
1.587215
1.587215
1.588204
1.588204
1.571857
1.571857
1.569676
1.569676
1.576189
1.576189
1.585267
1.585267
1.574383
1.574383
1.572715
1.572715
1.585455
1.585455
1.577218
1.577218
1.569426
1.569426
1.599611
1.599611
1.576869
1.576869
1.564529
1.564529
1.560220
1.560220
1.582504
1.582504
1.596444
1.596444
1.568121
1.568121
1.575503
1.575503
1.577526
1.577526
1.587916
1.587916
1.590750
1.590750
1.558204
1.558204
1.588354
1.588354
1.569336
1.569336
1.570206
1.570206
1.576254
1.576254
1.587476
1.587476
1.578219
1.578219
1.583471
1.583471
1.577834
1.577834
1.579629
1.579629
1.587312
1.587312
1.568499
1.568499
1.566351
1.566351
1.577834
1.577834
1.589474
1.589474
1.557230
1.557230
1.576001
1.576001
1.584036
1.584036
1.595841
1.595841
1.576384
1.576384
1.583124
1.583124
1.587841
1.587841
1.564201
1.564201
1.580684
1.580684
1.577711
1.577711
1.564563
1.564563
1.592736
1.592736
1.583771
1.583771
1.567641
1.567641
1.584226
1.584226
1.576317
1.576317
1.563748
1.563748
1.576114
1.576114
1.573104
1.573104
1.592751
1.592751
1.586656
1.586656
1.578174
1.578174
1.582407
1.582407
1.586174
1.586174
1.585274
1.585274
1.579215
1.579215
1.563229
1.563229
1.569125
1.569125
1.570603
1.570603
1.575366
1.575366
1.585403
1.585403
1.570965
1.570965
1.588461
1.588461
1.582857
1.582857
1.585801
1.585801
1.570390
1.570390
1.581904
1.581904
1.577335
1.577335
1.579924
1.579924
1.572586
1.572586
1.585492
1.585492
1.574932
1.574932
1.566160
1.566160
1.586960
1.586960
1.574506
1.574506
1.590652
1.590652
1.583942
1.583942
1.560741
1.560741
1.580552
1.580552
1.576043
1.576043
1.594574
1.594574
1.572316
1.572316
1.575305
1.575305
1.573080
1.573080
1.588695
1.588695
1.574021
1.574021
1.586042
1.586042
1.569567
1.569567
1.578188
1.578188
1.562285
1.562285
1.582183
1.582183
1.581999
1.581999
1.580120
1.580120
1.599922
1.599922
1.582717
1.582717
1.581333
1.581333
1.578612
1.578612
1.575617
1.575617
1.583744
1.583744
1.559200
1.559200
1.588327
1.588327
1.582956
1.582956
1.564464
1.564464
1.589919
1.589919
1.563615
1.563615
1.590179
1.590179
1.570266
1.570266
1.573855
1.573855
1.579459
1.579459
1.578921
1.578921
1.586650
1.586650
1.590946
1.590946
1.584448
1.584448
1.572617
1.572617
1.589906
1.589906
1.576362
1.576362
1.569845
1.569845
1.581693
1.581693
1.591120
1.591120
1.582279
1.582279
1.568451
1.568451
1.577856
1.577856
1.574055
1.574055
1.580701
1.580701
1.576483
1.576483
1.558623
1.558623
1.582458
1.582458
1.588442
1.588442
1.582534
1.582534
1.593711
1.593711
1.570437
1.570437
1.593693
1.593693
1.574310
1.574310
1.588318
1.588318
1.577138
1.577138
1.557377
1.557377
1.587353
1.587353
1.578331
1.578331
1.581849
1.581849
1.574987
1.574987
1.578570
1.578570
1.564418
1.564418
1.561214
1.561214
1.564343
1.564343
1.582400
1.582400
1.585349
1.585349
1.594333
1.594333
1.597256
1.597256
1.581959
1.581959
1.586177
1.586177
1.574139
1.574139
1.573536
1.573536
1.574434
1.574434
1.591585
1.591585
1.586418
1.586418
1.585752
1.585752
1.581082
1.581082
1.566682
1.566682
1.575492
1.575492
1.579640
1.579640
1.591180
1.591180
1.586434
1.586434
1.570991
1.570991
1.565348
1.565348
1.582516
1.582516
1.577539
1.577539
1.576182
1.576182
1.578893
1.578893
1.571242
1.571242
1.567288
1.567288
1.597269
1.597269
1.591572
1.591572
1.580845
1.580845
1.587377
1.587377
1.573395
1.573395
1.582518
1.582518
1.573794
1.573794
1.575278
1.575278
1.581033
1.581033
1.581912
1.581912
1.577779
1.577779
1.575089
1.575089
1.582708
1.582708
1.574510
1.574510
1.581341
1.581341
1.595511
1.595511
1.577739
1.577739
1.566263
1.566263
1.575840
1.575840
1.579447
1.579447
1.575714
1.575714
1.581470
1.581470
1.575780
1.575780
1.580361
1.580361
1.581017
1.581017
1.585666
1.585666
1.590047
1.590047
1.579912
1.579912
1.572858
1.572858
1.585034
1.585034
1.569664
1.569664
1.578863
1.578863
1.572246
1.572246
1.593523
1.593523
1.565830
1.565830
1.587156
1.587156
1.580571
1.580571
1.575040
1.575040
1.576722
1.576722
1.583210
1.583210
1.576426
1.576426
1.585678
1.585678
1.575644
1.575644
1.579524
1.579524
1.579374
1.579374
1.567597
1.567597
1.579985
1.579985
1.598314
1.598314
1.579299
1.579299
1.563698
1.563698
1.568039
1.568039
1.572381
1.572381
1.591037
1.591037
1.573005
1.573005
1.589303
1.589303
1.590410
1.590410
1.583005
1.583005
1.567171
1.567171
1.584050
1.584050
1.587302
1.587302
1.575570
1.575570
1.583130
1.583130
1.579887
1.579887
1.585048
1.585048
1.590824
1.590824
1.578255
1.578255
1.570282
1.570282
1.566321
1.566321
1.573795
1.573795
1.574537
1.574537
1.591870
1.591870
1.586538
1.586538
1.575979
1.575979
1.570646
1.570646
1.589937
1.589937
1.570943
1.570943
1.565859
1.565859
1.590558
1.590558
1.582251
1.582251
1.578757
1.578757
1.580816
1.580816
1.581244
1.581244
1.581619
1.581619
1.590844
1.590844
1.570894
1.570894
1.565211
1.565211
1.584713
1.584713
1.572805
1.572805
1.563483
1.563483
1.594518
1.594518
1.581103
1.581103
1.586610
1.586610
1.573895
1.573895
1.583776
1.583776
1.587506
1.587506
1.572900
1.572900
1.579553
1.579553
1.584544
1.584544
1.585801
1.585801
1.581058
1.581058
1.574072
1.574072
1.580216
1.580216
1.573848
1.573848
1.591298
1.591298
1.588330
1.588330
1.565958
1.565958
1.578444
1.578444
1.580621
1.580621
1.583928
1.583928
1.586306
1.586306
1.580002
1.580002
1.581833
1.581833
1.578873
1.578873
1.584220
1.584220
1.577742
1.577742
1.573866
1.573866
1.579041
1.579041
1.591612
1.591612
