2.6386
2.3728
3.6764
4.7335
7.4579
10.7061
18.4825
18.9858
22.6523
23.3411
28.1288
29.9270
36.8331
37.3467
35.8778
40.5779
32.2272
40.4255
42.8819
46.5513
41.9073
32.0213
46.8573
46.8172
36.3446
37.4480
32.0732
37.8791
49.6257
33.8543
48.0449
35.1228
38.1147
46.2859
34.7772
58.4179
32.0774
41.9238
46.4829
41.5249
40.8824
41.9421
56.0961
42.7769
36.1827
37.2287
41.0621
37.7809
47.8135
40.5008
47.1984
36.4607
46.2403
42.1736
33.1618
34.4668
36.1956
46.4369
35.8660
47.9393
36.8027
49.7361
33.5645
48.5085
30.8294
34.7533
37.6829
36.1446
41.0140
35.2689
33.8658
34.0343
41.9936
35.0945
38.0273
39.2204
37.9174
40.6501
44.3673
49.0256
70.2849
38.9094
42.2918
35.2940
56.2284
46.8804
60.7435
47.9946
41.7256
41.0227
48.3403
63.9676
49.2132
44.9876
67.9070
41.2391
45.8853
44.0773
40.7021
39.6232
