5.3569
5.4528
5.1995
5.7142
5.7456
5.4344
5.7464
5.8433
5.9416
7.5886
8.0358
6.5455
8.9491
6.7794
9.2907
12.5825
9.4863
11.6034
11.9512
12.4149
11.3508
11.7780
7.7906
7.9411
9.4319
11.2415
8.1706
8.3032
9.3999
11.1521
18.0373
9.0206
12.6099
9.9598
11.8850
9.0191
9.8040
8.9317
11.0950
15.6067
14.2536
12.1309
9.8438
10.6255
10.2331
11.2293
8.9621
7.8898
15.7168
9.5647
15.7562
11.3683
12.3264
8.7716
11.9166
12.7583
12.8682
9.8860
8.6232
10.2103
8.8846
13.4464
13.5865
9.2653
9.9497
9.5295
7.5254
8.9957
10.1932
9.1983
9.4338
10.5752
10.1744
12.9967
9.7261
8.1624
10.2293
10.0750
8.9662
10.7327
10.5640
11.9049
7.0601
13.8170
12.2800
9.6101
14.4823
7.8869
10.6992
11.4382
10.9735
9.6587
12.1104
8.3956
8.6220
10.1282
9.1730
8.4901
20.5537
12.2688
