2.3905
2.0602
2.2789
2.2971
2.1939
2.3595
2.3822
2.3901
2.5417
2.8594
2.6981
2.8215
2.6857
3.0063
2.6179
3.3536
4.3756
7.0674
13.0184
8.1780
8.3447
4.4971
6.0116
3.6940
3.0802
4.2189
3.4529
8.8073
5.9903
4.8752
4.3448
5.7895
2.6987
3.3636
4.1912
3.1317
7.8267
8.5029
13.9290
6.6107
8.8812
13.5431
4.1921
4.6091
3.3750
4.4042
2.3593
2.0982
4.8353
5.3676
3.6234
6.1357
3.7397
3.9682
5.5206
5.9412
6.2947
7.4772
7.2923
10.2394
9.6678
10.8119
6.8270
14.8629
8.5611
14.2512
6.9404
11.8240
5.0938
4.9494
5.3268
6.8234
7.0224
5.1960
3.9649
6.1254
6.0569
6.6709
7.3768
12.9420
23.8367
25.3578
11.9058
15.5533
23.2445
10.0525
10.4663
7.4890
6.1687
3.7722
6.4624
6.4691
11.5283
7.0621
7.7856
14.2188
11.3193
20.4760
10.1252
14.5431
