0.4914
1.1042
0.9900
0.7063
0.8010
0.7471
0.7215
0.8870
0.7664
0.7480
0.7597
0.7543
0.6826
0.5690
0.6467
0.6845
0.7098
0.7349
0.4830
0.6261
0.5816
0.6756
0.5753
0.5481
0.5165
0.5548
0.5335
0.7388
0.9421
0.5347
0.7356
0.5732
0.5815
0.6163
0.7017
0.5013
0.5306
0.6935
0.6752
0.7460
0.4876
0.7727
0.5492
0.6537
0.6883
0.5869
0.5639
0.6619
0.7621
0.5319
0.4523
0.6093
0.4900
0.5204
0.5490
0.7141
0.5733
0.5073
0.4492
0.5481
0.5178
0.5203
0.4978
0.6192
0.6090
0.4816
0.6545
0.5539
0.6050
0.4998
0.5092
0.6217
0.5639
0.4694
0.5396
