1.0067
1.2722
1.2966
0.7303
0.6708
0.9036
0.7392
0.7772
0.9117
0.5348
0.8092
0.9203
0.7252
0.6168
0.7291
0.5890
0.9248
0.4958
0.5991
0.7167
0.6410
0.6110
0.5471
0.5400
0.5642
0.8095
0.6087
0.4689
0.7355
0.7319
0.5950
0.6261
0.6182
0.4684
0.7726
0.4671
0.4997
0.5361
0.7669
0.6859
0.4387
0.5483
0.5992
0.4436
0.4819
0.5364
0.4383
0.6375
0.5037
0.6367
0.4488
0.4661
0.4978
0.4920
0.5649
0.4700
0.5327
0.4530
0.4583
0.4909
0.5229
0.5478
0.4427
0.5623
0.7234
0.5523
0.4301
0.4277
0.5865
0.6048
0.5331
0.5007
0.4818
0.6558
0.5115
