0.4926
0.5472
0.4198
0.3615
0.3775
0.3362
0.3690
0.3908
0.3012
0.3737
0.3586
0.3308
0.3229
0.3528
0.4222
0.3906
0.4633
0.3472
0.3349
0.3596
0.2970
0.3281
0.2944
0.3555
0.3187
0.4249
0.3383
0.3300
0.3771
0.3675
0.3799
0.2979
0.3965
0.3320
0.3420
0.3629
0.3159
0.3663
0.3285
0.3487
0.3879
0.3260
0.3338
0.2920
0.3270
0.3238
0.3005
0.3047
0.3917
0.3802
0.3893
0.3443
0.3225
0.3623
0.2798
0.3778
0.3471
0.4213
0.3518
0.3080
0.4063
0.3569
0.3439
0.3663
0.3682
0.3054
0.3513
0.3003
0.3486
0.3163
0.3221
0.3722
0.2926
0.3076
0.2790
