2.304431
2.304431
2.303876
2.303876
2.303196
2.303196
2.300457
2.300457
2.306157
2.306157
2.303388
2.303388
2.303308
2.303308
2.298602
2.298602
2.300669
2.300669
2.302389
2.302389
2.299513
2.299513
2.299022
2.299022
2.298474
2.298474
2.299835
2.299835
2.294798
2.294798
2.294645
2.294645
2.293614
2.293614
2.295631
2.295631
2.293346
2.293346
2.294726
2.294726
2.290849
2.290849
2.291668
2.291668
2.291141
2.291141
2.288595
2.288595
2.284280
2.284280
2.286819
2.286819
2.285547
2.285547
2.279940
2.279940
2.285608
2.285608
2.281524
2.281524
2.282110
2.282110
2.280776
2.280776
2.276602
2.276602
2.276295
2.276295
2.271533
2.271533
2.276138
2.276138
2.268938
2.268938
2.274728
2.274728
2.265799
2.265799
2.267307
2.267307
2.262266
2.262266
2.264177
2.264177
2.261851
2.261851
2.263790
2.263790
2.262481
2.262481
2.256459
2.256459
2.257183
2.257183
2.252032
2.252032
2.252850
2.252850
2.251398
2.251398
2.248679
2.248679
2.243248
2.243248
2.241650
2.241650
2.245550
2.245550
2.242589
2.242589
2.240971
2.240971
2.230504
2.230504
2.241046
2.241046
2.226282
2.226282
2.228597
2.228597
2.225578
2.225578
2.231767
2.231767
2.225329
2.225329
2.214931
2.214931
2.212684
2.212684
2.206487
2.206487
2.220499
2.220499
2.207667
2.207667
2.211954
2.211954
2.210839
2.210839
2.212999
2.212999
2.198900
2.198900
2.197937
2.197937
2.198775
2.198775
2.191720
2.191720
2.194664
2.194664
2.194924
2.194924
2.187477
2.187477
2.184803
2.184803
2.188078
2.188078
2.180605
2.180605
2.187383
2.187383
2.184077
2.184077
2.170914
2.170914
2.175713
2.175713
2.178836
2.178836
2.175812
2.175812
2.166480
2.166480
2.165293
2.165293
2.161161
2.161161
2.166475
2.166475
2.164092
2.164092
2.155607
2.155607
2.161393
2.161393
2.150255
2.150255
2.145668
2.145668
2.151118
2.151118
2.154899
2.154899
2.148065
2.148065
2.149754
2.149754
2.136315
2.136315
2.141866
2.141866
2.135623
2.135623
2.143727
2.143727
2.141716
2.141716
2.135375
2.135375
2.139848
2.139848
2.123004
2.123004
2.124759
2.124759
2.123460
2.123460
2.116486
2.116486
2.126911
2.126911
2.114245
2.114245
2.119653
2.119653
2.118547
2.118547
2.118244
2.118244
2.113555
2.113555
2.101650
2.101650
2.106258
2.106258
2.101570
2.101570
2.103697
2.103697
2.093029
2.093029
2.103898
2.103898
2.096740
2.096740
2.090792
2.090792
2.092090
2.092090
2.082618
2.082618
2.083698
2.083698
2.087306
2.087306
2.089081
2.089081
2.077310
2.077310
2.077228
2.077228
2.070186
2.070186
2.078551
2.078551
2.075386
2.075386
2.067514
2.067514
2.062207
2.062207
2.072085
2.072085
2.053713
2.053713
2.066226
2.066226
2.056690
2.056690
2.050616
2.050616
2.055468
2.055468
2.050612
2.050612
2.049378
2.049378
2.035160
2.035160
2.038898
2.038898
2.046560
2.046560
2.042282
2.042282
2.043728
2.043728
2.037436
2.037436
2.023142
2.023142
2.031903
2.031903
2.029164
2.029164
2.026573
2.026573
2.020476
2.020476
2.020908
2.020908
2.005979
2.005979
2.023583
2.023583
2.022331
2.022331
2.002054
2.002054
2.020471
2.020471
1.997325
1.997325
2.020548
2.020548
1.995394
1.995394
2.004667
2.004667
2.001152
2.001152
2.001354
2.001354
1.988359
1.988359
1.988147
1.988147
2.007681
2.007681
1.976486
1.976486
1.983353
1.983353
1.978637
1.978637
1.990994
1.990994
1.984781
1.984781
1.978412
1.978412
1.980618
1.980618
1.965436
1.965436
1.980721
1.980721
1.974371
1.974371
1.970307
1.970307
1.950144
1.950144
1.984620
1.984620
1.964747
1.964747
1.969339
1.969339
1.968619
1.968619
1.952818
1.952818
1.961763
1.961763
1.947553
1.947553
1.948463
1.948463
1.951341
1.951341
1.970862
1.970862
1.945273
1.945273
1.944892
1.944892
1.945413
1.945413
1.945432
1.945432
1.945076
1.945076
1.942282
1.942282
1.944764
1.944764
1.941018
1.941018
1.941302
1.941302
1.928297
1.928297
1.935940
1.935940
1.939033
1.939033
1.917223
1.917223
1.927599
1.927599
1.930694
1.930694
1.942184
1.942184
1.929556
1.929556
1.926623
1.926623
1.936237
1.936237
1.918482
1.918482
1.917662
1.917662
1.907346
1.907346
1.894843
1.894843
1.916110
1.916110
1.917542
1.917542
1.923851
1.923851
1.920532
1.920532
1.905935
1.905935
1.911073
1.911073
1.896832
1.896832
1.918393
1.918393
1.899725
1.899725
1.908797
1.908797
1.917308
1.917308
1.904391
1.904391
1.879961
1.879961
1.881479
1.881479
1.887993
1.887993
1.905205
1.905205
1.886845
1.886845
1.883636
1.883636
1.894321
1.894321
1.876470
1.876470
1.887248
1.887248
1.888616
1.888616
1.877497
1.877497
1.892815
1.892815
1.888976
1.888976
1.881449
1.881449
1.876403
1.876403
1.868136
1.868136
1.868857
1.868857
1.873712
1.873712
1.870878
1.870878
1.862575
1.862575
1.881660
1.881660
1.862207
1.862207
1.872144
1.872144
1.857062
1.857062
1.857477
1.857477
1.858367
1.858367
1.880847
1.880847
1.862111
1.862111
1.844292
1.844292
1.876122
1.876122
1.850519
1.850519
1.862816
1.862816
1.869929
1.869929
1.841622
1.841622
1.862230
1.862230
1.849477
1.849477
1.844378
1.844378
1.835069
1.835069
1.848992
1.848992
1.867157
1.867157
1.849310
1.849310
1.844952
1.844952
1.847634
1.847634
1.854371
1.854371
1.837410
1.837410
1.840577
1.840577
1.843836
1.843836
1.825383
1.825383
1.853269
1.853269
1.845500
1.845500
1.848881
1.848881
1.828261
1.828261
1.848280
1.848280
1.830684
1.830684
1.837812
1.837812
1.832016
1.832016
1.835092
1.835092
1.827104
1.827104
1.838031
1.838031
1.841081
1.841081
1.824783
1.824783
1.835112
1.835112
1.824191
1.824191
1.839680
1.839680
1.816293
1.816293
1.827670
1.827670
1.843002
1.843002
1.841311
1.841311
1.821562
1.821562
1.818874
1.818874
1.816594
1.816594
1.835025
1.835025
1.835088
1.835088
1.821532
1.821532
1.829198
1.829198
1.810289
1.810289
1.818839
1.818839
1.807458
1.807458
1.819405
1.819405
1.814958
1.814958
1.821749
1.821749
1.841167
1.841167
1.819375
1.819375
1.813343
1.813343
1.824713
1.824713
1.812290
1.812290
1.816073
1.816073
1.813120
1.813120
1.837048
1.837048
1.802079
1.802079
1.817203
1.817203
1.799810
1.799810
1.811909
1.811909
1.824423
1.824423
1.810970
1.810970
1.810439
1.810439
1.798364
1.798364
1.802763
1.802763
1.832881
1.832881
1.799619
1.799619
1.806628
1.806628
1.802806
1.802806
1.804859
1.804859
1.831611
1.831611
1.800052
1.800052
1.788558
1.788558
1.809082
1.809082
1.809776
1.809776
1.810735
1.810735
1.800508
1.800508
1.791988
1.791988
1.810072
1.810072
1.798092
1.798092
1.809776
1.809776
1.810894
1.810894
1.798598
1.798598
1.791140
1.791140
1.820632
1.820632
1.800085
1.800085
1.800711
1.800711
1.786616
1.786616
1.789608
1.789608
1.799579
1.799579
1.779899
1.779899
1.817712
1.817712
1.793880
1.793880
1.798137
1.798137
1.802651
1.802651
1.809018
1.809018
1.788145
1.788145
1.790569
1.790569
1.786712
1.786712
1.795123
1.795123
1.783262
1.783262
1.791992
1.791992
1.795641
1.795641
1.805596
1.805596
1.789022
1.789022
1.783754
1.783754
1.796846
1.796846
1.795610
1.795610
1.795106
1.795106
1.780951
1.780951
1.780516
1.780516
1.806168
1.806168
1.797479
1.797479
1.784183
1.784183
1.798225
1.798225
1.775957
1.775957
1.789708
1.789708
1.786976
1.786976
1.791353
1.791353
1.794631
1.794631
1.793703
1.793703
1.771494
1.771494
1.787189
1.787189
1.785801
1.785801
1.788353
1.788353
1.779365
1.779365
1.784133
1.784133
1.778611
1.778611
1.796594
1.796594
1.782437
1.782437
1.782366
1.782366
1.767319
1.767319
1.793420
1.793420
1.793074
1.793074
1.779809
1.779809
1.785226
1.785226
1.770327
1.770327
1.784441
1.784441
1.790861
1.790861
1.787747
1.787747
1.766268
1.766268
1.779660
1.779660
1.774992
1.774992
1.795579
1.795579
1.778929
1.778929
1.774988
1.774988
1.773211
1.773211
1.790259
1.790259
1.775825
1.775825
1.757195
1.757195
1.776529
1.776529
1.782301
1.782301
1.796565
1.796565
1.773152
1.773152
1.769125
1.769125
1.764194
1.764194
1.774432
1.774432
1.805227
1.805227
1.764317
1.764317
1.773846
1.773846
1.778789
1.778789
1.767937
1.767937
1.780132
1.780132
1.771508
1.771508
1.765458
1.765458
1.783615
1.783615
1.756412
1.756412
1.775982
1.775982
1.787525
1.787525
1.786280
1.786280
1.770416
1.770416
1.761967
1.761967
1.767224
1.767224
1.774251
1.774251
1.765420
1.765420
1.771273
1.771273
1.769454
1.769454
1.776390
1.776390
1.770889
1.770889
1.771693
1.771693
1.773044
1.773044
1.761431
1.761431
1.767773
1.767773
1.774339
1.774339
1.770467
1.770467
1.767479
1.767479
1.768900
1.768900
1.767664
1.767664
1.766427
1.766427
1.781641
1.781641
1.765199
1.765199
1.761169
1.761169
1.760715
1.760715
1.766640
1.766640
1.759081
1.759081
1.761347
1.761347
1.770466
1.770466
1.764951
1.764951
1.775840
1.775840
1.772135
1.772135
1.762912
1.762912
1.752465
1.752465
1.763137
1.763137
1.775700
1.775700
1.768346
1.768346
1.767253
1.767253
1.770050
1.770050
1.770820
1.770820
1.736846
1.736846
1.762401
1.762401
1.779431
1.779431
1.760596
1.760596
1.745264
1.745264
1.766393
1.766393
1.770200
1.770200
1.755578
1.755578
1.756232
1.756232
1.763274
1.763274
1.763196
1.763196
1.737250
1.737250
1.762721
1.762721
1.770994
1.770994
1.784234
1.784234
1.744679
1.744679
1.762453
1.762453
1.760827
1.760827
1.757239
1.757239
1.745386
1.745386
1.775241
1.775241
1.774927
1.774927
1.756283
1.756283
1.749448
1.749448
1.763715
1.763715
1.746279
1.746279
1.769852
1.769852
1.757642
1.757642
1.762240
1.762240
1.747936
1.747936
1.749003
1.749003
1.762261
1.762261
1.767570
1.767570
1.759285
1.759285
1.752819
1.752819
1.738010
1.738010
1.750621
1.750621
1.757305
1.757305
1.757375
1.757375
1.754390
1.754390
1.760319
1.760319
1.737839
1.737839
1.760792
1.760792
1.753938
1.753938
1.753602
1.753602
1.771773
1.771773
1.768088
1.768088
1.739431
1.739431
1.761031
1.761031
1.747357
1.747357
1.754303
1.754303
1.754987
1.754987
1.752772
1.752772
1.747872
1.747872
1.752637
1.752637
1.758661
1.758661
1.757990
1.757990
1.733023
1.733023
1.758679
1.758679
1.743054
1.743054
1.772944
1.772944
1.750792
1.750792
1.760123
1.760123
1.742168
1.742168
1.745470
1.745470
1.760615
1.760615
1.733955
1.733955
1.744696
1.744696
1.760927
1.760927
1.756972
1.756972
1.758256
1.758256
1.755468
1.755468
1.745101
1.745101
1.752785
1.752785
1.758905
1.758905
1.733770
1.733770
1.752429
1.752429
1.744502
1.744502
1.736054
1.736054
1.756002
1.756002
1.758096
1.758096
1.758978
1.758978
1.742323
1.742323
1.743778
1.743778
1.744617
1.744617
1.752503
1.752503
1.745195
1.745195
1.749942
1.749942
1.743357
1.743357
1.746566
1.746566
1.753729
1.753729
1.753799
1.753799
1.743801
1.743801
1.751488
1.751488
1.747823
1.747823
1.734363
1.734363
1.752246
1.752246
1.743126
1.743126
1.736170
1.736170
1.743098
1.743098
1.757748
1.757748
1.736606
1.736606
1.752233
1.752233
1.739264
1.739264
1.739382
1.739382
1.762307
1.762307
1.748291
1.748291
1.739503
1.739503
1.747259
1.747259
1.736747
1.736747
1.752600
1.752600
1.747810
1.747810
1.741558
1.741558
1.749938
1.749938
1.742564
1.742564
1.735776
1.735776
1.736946
1.736946
1.744755
1.744755
1.742262
1.742262
1.742844
1.742844
1.750381
1.750381
1.744570
1.744570
1.744879
1.744879
1.745281
1.745281
1.728283
1.728283
1.751020
1.751020
1.741683
1.741683
1.736489
1.736489
1.735324
1.735324
1.750364
1.750364
1.745855
1.745855
1.748212
1.748212
1.729788
1.729788
1.750013
1.750013
1.727654
1.727654
1.752034
1.752034
1.735639
1.735639
1.745052
1.745052
1.741556
1.741556
1.742754
1.742754
1.736436
1.736436
1.745889
1.745889
1.760127
1.760127
1.719311
1.719311
1.739117
1.739117
1.733213
1.733213
1.743205
1.743205
1.747031
1.747031
1.732679
1.732679
1.745205
1.745205
1.724719
1.724719
1.739801
1.739801
1.746000
1.746000
1.736651
1.736651
1.735249
1.735249
1.733865
1.733865
1.717692
1.717692
1.753596
1.753596
1.743379
1.743379
1.741624
1.741624
1.731858
1.731858
1.747176
1.747176
1.747164
1.747164
1.718343
1.718343
1.735930
1.735930
1.737704
1.737704
1.728947
1.728947
1.737968
1.737968
1.724731
1.724731
1.756473
1.756473
1.734598
1.734598
1.743617
1.743617
1.733475
1.733475
1.739903
1.739903
1.722793
1.722793
1.741281
1.741281
1.735758
1.735758
1.757492
1.757492
1.735248
1.735248
1.735434
1.735434
1.707457
1.707457
1.737799
1.737799
1.725526
1.725526
1.740664
1.740664
1.728353
1.728353
1.743340
1.743340
1.744658
1.744658
1.727019
1.727019
1.737731
1.737731
1.730199
1.730199
1.730644
1.730644
1.731605
1.731605
1.736036
1.736036
1.728721
1.728721
1.732797
1.732797
1.740165
1.740165
1.726586
1.726586
1.718466
1.718466
1.748952
1.748952
1.741601
1.741601
1.728507
1.728507
1.723683
1.723683
1.739902
1.739902
1.734348
1.734348
1.737527
1.737527
1.725168
1.725168
1.721174
1.721174
1.750072
1.750072
1.725617
1.725617
1.724746
1.724746
1.739011
1.739011
1.731693
1.731693
1.736421
1.736421
1.727848
1.727848
1.738137
1.738137
1.719913
1.719913
1.726120
1.726120
1.726923
1.726923
1.734172
1.734172
1.728158
1.728158
1.739790
1.739790
1.738503
1.738503
1.725198
1.725198
1.734498
1.734498
1.708014
1.708014
1.747784
1.747784
1.733331
1.733331
1.731451
1.731451
1.729819
1.729819
1.717527
1.717527
1.736899
1.736899
1.716841
1.716841
1.733149
1.733149
1.726387
1.726387
1.727768
1.727768
1.743410
1.743410
1.719889
1.719889
1.728462
1.728462
1.731223
1.731223
1.736285
1.736285
1.725320
1.725320
1.730743
1.730743
1.726077
1.726077
1.728024
1.728024
1.724222
1.724222
1.730264
1.730264
1.742598
1.742598
1.719950
1.719950
1.742790
1.742790
1.710392
1.710392
1.718418
1.718418
1.741516
1.741516
1.733055
1.733055
1.726348
1.726348
1.710678
1.710678
1.720169
1.720169
1.722149
1.722149
1.727540
1.727540
1.727610
1.727610
1.736301
1.736301
1.714087
1.714087
1.739028
1.739028
1.730632
1.730632
1.708828
1.708828
1.725242
1.725242
1.722935
1.722935
1.725245
1.725245
1.727749
1.727749
1.725526
1.725526
1.728471
1.728471
1.715147
1.715147
1.725102
1.725102
1.714242
1.714242
1.745378
1.745378
1.731345
1.731345
1.700263
1.700263
1.744047
1.744047
1.722593
1.722593
1.716473
1.716473
1.707273
1.707273
1.728727
1.728727
1.719817
1.719817
1.728391
1.728391
1.720859
1.720859
1.717276
1.717276
1.730091
1.730091
1.710656
1.710656
1.733432
1.733432
1.720758
1.720758
1.723621
1.723621
1.723595
1.723595
1.720693
1.720693
1.727214
1.727214
1.722094
1.722094
1.723571
1.723571
1.713411
1.713411
1.735161
1.735161
1.709125
1.709125
1.721428
1.721428
1.718730
1.718730
1.720991
1.720991
1.714875
1.714875
1.730293
1.730293
1.712921
1.712921
1.717399
1.717399
1.728192
1.728192
1.733872
1.733872
1.715456
1.715456
1.733477
1.733477
1.707508
1.707508
1.705724
1.705724
1.717467
1.717467
1.716884
1.716884
1.726559
1.726559
1.707963
1.707963
1.728376
1.728376
1.712792
1.712792
1.713269
1.713269
1.719635
1.719635
1.725927
1.725927
1.720743
1.720743
1.716418
1.716418
1.696901
1.696901
1.720369
1.720369
1.739422
1.739422
1.714650
1.714650
1.742809
1.742809
1.726124
1.726124
1.718322
1.718322
1.698762
1.698762
1.694272
1.694272
1.718607
1.718607
1.728117
1.728117
1.707460
1.707460
1.721583
1.721583
1.702621
1.702621
1.717926
1.717926
1.734400
1.734400
1.711345
1.711345
1.699127
1.699127
1.714273
1.714273
1.721807
1.721807
1.706170
1.706170
1.715826
1.715826
1.705816
1.705816
1.726261
1.726261
1.716339
1.716339
1.715195
1.715195
1.701526
1.701526
1.716632
1.716632
1.721494
1.721494
1.709298
1.709298
1.709093
1.709093
1.718533
1.718533
1.720688
1.720688
1.706941
1.706941
1.719581
1.719581
1.711916
1.711916
1.703602
1.703602
1.711689
1.711689
1.715828
1.715828
1.706443
1.706443
1.717473
1.717473
1.721294
1.721294
1.715706
1.715706
1.693335
1.693335
1.707699
1.707699
1.724521
1.724521
1.697126
1.697126
1.706920
1.706920
1.719453
1.719453
1.691322
1.691322
1.721782
1.721782
1.711114
1.711114
1.711228
1.711228
1.715453
1.715453
1.707383
1.707383
1.716161
1.716161
1.707308
1.707308
1.710800
1.710800
1.702948
1.702948
1.714417
1.714417
1.713567
1.713567
1.696647
1.696647
1.711601
1.711601
1.704971
1.704971
1.724274
1.724274
1.697037
1.697037
1.692631
1.692631
1.701386
1.701386
1.726483
1.726483
1.696396
1.696396
1.709316
1.709316
1.722724
1.722724
1.692283
1.692283
1.714913
1.714913
1.685903
1.685903
1.710006
1.710006
1.702779
1.702779
1.715266
1.715266
1.718685
1.718685
1.711235
1.711235
1.690407
1.690407
1.708858
1.708858
1.707163
1.707163
1.709550
1.709550
1.695828
1.695828
1.699050
1.699050
1.703012
1.703012
1.717954
1.717954
1.707321
1.707321
1.702728
1.702728
1.703450
1.703450
1.700985
1.700985
1.703405
1.703405
1.709373
1.709373
1.695578
1.695578
1.715753
1.715753
1.701952
1.701952
1.691514
1.691514
1.712384
1.712384
1.724027
1.724027
1.700471
1.700471
1.709121
1.709121
1.676640
1.676640
1.701420
1.701420
1.708059
1.708059
1.700186
1.700186
1.705718
1.705718
1.698996
1.698996
1.693936
1.693936
1.701168
1.701168
1.708344
1.708344
1.693056
1.693056
1.701000
1.701000
1.701644
1.701644
1.702594
1.702594
1.698887
1.698887
1.701751
1.701751
1.694650
1.694650
1.704900
1.704900
1.706714
1.706714
1.711954
1.711954
1.689513
1.689513
1.682924
1.682924
1.709632
1.709632
1.710417
1.710417
1.701346
1.701346
1.694787
1.694787
1.702738
1.702738
1.683001
1.683001
1.698561
1.698561
1.692703
1.692703
1.699729
1.699729
1.704468
1.704468
1.696607
1.696607
1.691958
1.691958
1.715741
1.715741
1.704745
1.704745
1.689935
1.689935
1.684431
1.684431
1.694750
1.694750
1.694538
1.694538
1.690657
1.690657
1.699472
1.699472
1.709615
1.709615
1.699170
1.699170
1.693766
1.693766
1.694731
1.694731
1.694367
1.694367
1.702932
1.702932
1.690143
1.690143
1.701348
1.701348
1.713064
1.713064
1.687437
1.687437
1.687041
1.687041
1.684891
1.684891
1.681414
1.681414
1.702134
1.702134
1.699186
1.699186
1.714019
1.714019
1.695359
1.695359
1.689786
1.689786
1.700359
1.700359
1.688844
1.688844
1.702436
1.702436
1.689332
1.689332
1.698553
1.698553
1.694677
1.694677
1.696594
1.696594
1.693136
1.693136
1.692974
1.692974
1.699932
1.699932
1.692731
1.692731
1.690137
1.690137
1.694157
1.694157
1.682186
1.682186
1.710107
1.710107
1.684780
1.684780
1.687132
1.687132
1.705407
1.705407
1.682611
1.682611
1.696541
1.696541
1.689389
1.689389
1.712255
1.712255
1.681553
1.681553
1.700399
1.700399
1.696168
1.696168
1.690048
1.690048
1.687086
1.687086
1.687255
1.687255
1.714490
1.714490
1.689555
1.689555
1.699605
1.699605
1.673141
1.673141
1.680375
1.680375
1.692168
1.692168
1.695663
1.695663
1.693736
1.693736
1.692635
1.692635
1.680606
1.680606
1.690031
1.690031
1.697753
1.697753
1.678599
1.678599
1.699618
1.699618
1.687773
1.687773
1.697991
1.697991
1.700178
1.700178
1.690909
1.690909
1.681098
1.681098
1.679557
1.679557
1.679121
1.679121
1.683617
1.683617
1.696989
1.696989
1.700524
1.700524
1.689032
1.689032
1.687549
1.687549
1.691908
1.691908
1.689365
1.689365
1.689188
1.689188
1.688900
1.688900
1.695327
1.695327
1.692406
1.692406
1.677591
1.677591
1.683027
1.683027
1.698154
1.698154
1.692923
1.692923
1.692517
1.692517
1.693106
1.693106
1.672354
1.672354
1.692053
1.692053
1.693258
1.693258
1.672469
1.672469
1.692659
1.692659
1.695078
1.695078
1.685919
1.685919
1.690082
1.690082
1.682779
1.682779
1.684570
1.684570
1.684867
1.684867
1.697112
1.697112
1.689378
1.689378
1.676596
1.676596
1.697304
1.697304
1.688269
1.688269
1.682745
1.682745
1.687418
1.687418
1.691714
1.691714
1.679324
1.679324
1.679063
1.679063
1.697526
1.697526
1.691630
1.691630
1.682518
1.682518
1.673756
1.673756
1.688435
1.688435
1.696312
1.696312
1.703916
1.703916
1.692815
1.692815
1.682593
1.682593
1.670562
1.670562
1.676637
1.676637
1.684322
1.684322
1.700683
1.700683
1.689816
1.689816
1.679699
1.679699
1.668173
1.668173
1.686611
1.686611
1.685164
1.685164
1.683632
1.683632
1.678409
1.678409
1.691402
1.691402
1.684115
1.684115
1.686530
1.686530
1.675334
1.675334
1.684741
1.684741
1.692635
1.692635
1.693899
1.693899
1.662023
1.662023
1.680289
1.680289
1.699811
1.699811
1.683386
1.683386
1.685006
1.685006
1.672815
1.672815
1.680275
1.680275
1.690874
1.690874
1.689636
1.689636
1.678778
1.678778
1.691402
1.691402
1.683420
1.683420
1.681116
1.681116
1.679810
1.679810
1.676386
1.676386
1.676332
1.676332
1.687606
1.687606
1.698529
1.698529
1.672155
1.672155
1.680802
1.680802
1.666960
1.666960
1.696653
1.696653
1.678380
1.678380
1.689715
1.689715
1.685283
1.685283
1.682787
1.682787
1.671452
1.671452
1.685812
1.685812
1.684018
1.684018
1.688368
1.688368
1.664268
1.664268
1.689199
1.689199
1.679783
1.679783
1.686237
1.686237
1.684378
1.684378
1.661458
1.661458
1.686875
1.686875
1.696089
1.696089
1.674770
1.674770
1.682794
1.682794
1.660860
1.660860
1.696118
1.696118
1.679035
1.679035
1.684809
1.684809
1.682527
1.682527
1.659811
1.659811
1.671494
1.671494
1.688177
1.688177
1.703441
1.703441
1.687371
1.687371
1.682724
1.682724
1.669839
1.669839
1.692367
1.692367
1.663225
1.663225
1.690620
1.690620
1.682758
1.682758
1.677882
1.677882
1.668877
1.668877
1.676054
1.676054
1.687854
1.687854
1.683237
1.683237
1.676461
1.676461
1.669422
1.669422
1.677689
1.677689
1.659275
1.659275
1.682998
1.682998
1.665509
1.665509
1.693398
1.693398
1.695035
1.695035
1.663519
1.663519
1.680812
1.680812
1.677468
1.677468
1.687387
1.687387
1.682797
1.682797
1.683012
1.683012
1.672695
1.672695
1.676267
1.676267
1.679058
1.679058
1.678154
1.678154
1.673967
1.673967
1.674621
1.674621
1.694322
1.694322
1.668218
1.668218
1.675766
1.675766
1.671615
1.671615
1.687889
1.687889
1.671033
1.671033
1.679756
1.679756
1.674578
1.674578
1.686107
1.686107
1.682716
1.682716
1.678648
1.678648
1.668583
1.668583
1.665121
1.665121
1.682965
1.682965
1.665671
1.665671
1.689126
1.689126
1.664066
1.664066
1.680753
1.680753
1.674283
1.674283
1.673858
1.673858
1.687632
1.687632
1.671757
1.671757
1.671458
1.671458
1.682310
1.682310
1.672257
1.672257
1.671086
1.671086
1.677093
1.677093
1.675260
1.675260
1.686067
1.686067
1.681160
1.681160
1.672543
1.672543
1.664562
1.664562
1.671161
1.671161
1.684382
1.684382
1.672887
1.672887
1.674564
1.674564
1.667696
1.667696
1.675034
1.675034
1.681044
1.681044
1.673983
1.673983
1.677302
1.677302
1.675939
1.675939
1.661988
1.661988
1.668724
1.668724
1.676204
1.676204
1.677242
1.677242
1.679433
1.679433
1.668194
1.668194
1.658017
1.658017
1.667135
1.667135
1.678897
1.678897
1.681165
1.681165
1.686581
1.686581
1.676938
1.676938
1.672302
1.672302
1.688336
1.688336
1.659313
1.659313
1.669974
1.669974
1.666418
1.666418
1.680844
1.680844
1.675157
1.675157
1.680795
1.680795
1.660042
1.660042
1.677693
1.677693
1.672033
1.672033
1.685093
1.685093
1.659064
1.659064
1.669659
1.669659
1.685146
1.685146
1.672699
1.672699
1.669569
1.669569
1.662048
1.662048
1.673183
1.673183
1.666320
1.666320
1.676206
1.676206
1.664648
1.664648
1.675970
1.675970
1.679088
1.679088
1.665495
1.665495
1.665690
1.665690
1.676868
1.676868
1.680500
1.680500
1.670329
1.670329
1.675262
1.675262
1.664710
1.664710
1.675245
1.675245
1.671855
1.671855
1.670254
1.670254
1.663743
1.663743
1.664755
1.664755
1.675832
1.675832
1.677268
1.677268
1.675170
1.675170
1.668395
1.668395
1.681743
1.681743
1.685137
1.685137
1.660159
1.660159
1.655909
1.655909
1.670473
1.670473
1.659053
1.659053
1.677631
1.677631
1.668605
1.668605
1.678610
1.678610
1.662696
1.662696
1.655593
1.655593
1.680214
1.680214
1.682277
1.682277
1.670424
1.670424
1.670886
1.670886
1.666831
1.666831
1.674996
1.674996
1.663672
1.663672
1.674033
1.674033
1.669375
1.669375
1.675254
1.675254
1.670732
1.670732
1.668003
1.668003
1.663492
1.663492
1.678067
1.678067
1.676519
1.676519
1.673172
1.673172
1.668398
1.668398
1.645624
1.645624
1.659261
1.659261
1.663088
1.663088
1.666574
1.666574
1.673792
1.673792
1.685638
1.685638
1.666989
1.666989
1.659686
1.659686
1.666543
1.666543
1.673970
1.673970
1.678245
1.678245
1.665658
1.665658
1.663377
1.663377
1.672178
1.672178
1.680195
1.680195
1.658647
1.658647
1.671236
1.671236
1.679074
1.679074
1.669030
1.669030
1.663007
1.663007
1.655695
1.655695
1.671667
1.671667
1.663177
1.663177
1.657381
1.657381
1.664402
1.664402
1.686050
1.686050
1.666506
1.666506
1.669577
1.669577
1.651135
1.651135
1.661723
1.661723
1.693898
1.693898
1.652445
1.652445
1.676041
1.676041
1.674924
1.674924
1.663459
1.663459
1.669756
1.669756
1.660459
1.660459
1.665401
1.665401
1.678049
1.678049
1.675718
1.675718
1.652083
1.652083
1.668743
1.668743
1.668989
1.668989
1.664473
1.664473
1.652235
1.652235
1.681802
1.681802
1.666080
1.666080
1.658215
1.658215
1.656302
1.656302
1.672333
1.672333
1.682001
1.682001
1.665461
1.665461
1.681746
1.681746
1.648332
1.648332
1.662394
1.662394
1.674095
1.674095
1.654636
1.654636
1.687846
1.687846
1.667822
1.667822
1.663567
1.663567
1.652463
1.652463
1.669146
1.669146
1.654537
1.654537
1.670202
1.670202
1.664456
1.664456
1.670202
1.670202
1.653858
1.653858
1.665936
1.665936
1.669519
1.669519
1.661640
1.661640
1.677815
1.677815
1.653293
1.653293
1.668364
1.668364
1.658626
1.658626
1.689843
1.689843
1.652175
1.652175
1.657632
1.657632
1.666212
1.666212
1.668301
1.668301
1.669666
1.669666
1.660964
1.660964
1.653126
1.653126
1.668398
1.668398
1.666509
1.666509
1.665328
1.665328
1.669932
1.669932
1.671235
1.671235
1.672287
1.672287
1.654403
1.654403
1.670134
1.670134
1.649974
1.649974
1.651549
1.651549
1.669620
1.669620
1.685115
1.685115
1.648605
1.648605
1.664824
1.664824
1.657617
1.657617
1.658446
1.658446
1.659770
1.659770
1.672644
1.672644
1.671267
1.671267
1.668934
1.668934
1.650304
1.650304
1.664670
1.664670
1.671670
1.671670
1.660859
1.660859
1.666615
1.666615
1.667531
1.667531
1.673670
1.673670
1.649988
1.649988
1.656522
1.656522
1.664392
1.664392
1.668892
1.668892
1.653788
1.653788
1.669611
1.669611
1.656349
1.656349
1.657300
1.657300
1.660555
1.660555
1.670762
1.670762
1.663303
1.663303
1.660779
1.660779
1.654642
1.654642
1.666639
1.666639
1.665915
1.665915
1.659247
1.659247
1.666133
1.666133
1.656259
1.656259
1.661918
1.661918
1.655110
1.655110
1.673774
1.673774
1.663878
1.663878
1.659367
1.659367
1.653496
1.653496
1.661456
1.661456
1.663180
1.663180
1.674315
1.674315
1.665647
1.665647
1.655712
1.655712
1.663927
1.663927
1.654800
1.654800
1.669613
1.669613
1.664281
1.664281
1.656103
1.656103
1.651771
1.651771
1.673598
1.673598
1.661047
1.661047
1.668407
1.668407
1.663956
1.663956
1.656432
1.656432
1.655180
1.655180
1.661826
1.661826
1.654323
1.654323
1.657353
1.657353
1.674883
1.674883
1.656251
1.656251
1.661877
1.661877
1.651976
1.651976
1.642155
1.642155
1.667273
1.667273
1.666100
1.666100
1.679567
1.679567
1.657281
1.657281
1.659792
1.659792
1.661015
1.661015
1.656269
1.656269
1.669599
1.669599
1.662525
1.662525
1.659139
1.659139
1.641257
1.641257
1.670459
1.670459
1.669397
1.669397
1.662852
1.662852
1.662535
1.662535
1.648126
1.648126
1.653510
1.653510
1.675926
1.675926
1.647711
1.647711
1.667795
1.667795
1.645773
1.645773
1.670318
1.670318
1.668807
1.668807
1.656341
1.656341
1.656552
1.656552
1.663563
1.663563
1.671553
1.671553
1.646917
1.646917
1.652840
1.652840
1.650696
1.650696
1.672622
1.672622
1.659387
1.659387
1.661129
1.661129
1.657440
1.657440
1.667367
1.667367
1.647662
1.647662
1.668770
1.668770
1.652657
1.652657
1.651389
1.651389
1.655064
1.655064
1.665333
1.665333
1.659902
1.659902
1.663237
1.663237
1.654544
1.654544
1.654353
1.654353
1.663209
1.663209
1.653825
1.653825
1.669106
1.669106
1.667812
1.667812
1.657091
1.657091
1.648677
1.648677
1.667971
1.667971
1.648263
1.648263
1.669886
1.669886
1.658341
1.658341
1.661373
1.661373
1.656004
1.656004
1.641883
1.641883
1.647823
1.647823
1.651206
1.651206
1.657083
1.657083
1.672434
1.672434
1.661887
1.661887
1.656460
1.656460
1.659031
1.659031
1.662042
1.662042
1.663880
1.663880
1.644527
1.644527
1.650836
1.650836
1.654432
1.654432
1.663025
1.663025
1.660518
1.660518
1.658993
1.658993
1.666119
1.666119
1.662863
1.662863
1.657360
1.657360
1.650955
1.650955
1.647123
1.647123
1.673742
1.673742
1.658946
1.658946
1.650422
1.650422
1.649679
1.649679
1.651502
1.651502
1.666629
1.666629
1.655382
1.655382
1.648091
1.648091
1.659476
1.659476
1.654260
1.654260
1.668027
1.668027
1.654516
1.654516
1.656552
1.656552
1.655572
1.655572
1.646665
1.646665
1.657805
1.657805
1.658179
1.658179
1.660454
1.660454
1.647484
1.647484
1.658846
1.658846
1.648630
1.648630
1.650936
1.650936
1.664356
1.664356
1.666583
1.666583
1.649370
1.649370
1.669851
1.669851
1.656543
1.656543
1.651257
1.651257
1.648292
1.648292
1.653858
1.653858
1.667380
1.667380
1.654377
1.654377
1.652700
1.652700
1.656546
1.656546
1.646342
1.646342
1.663196
1.663196
1.661957
1.661957
1.639440
1.639440
1.659113
1.659113
1.654258
1.654258
1.650853
1.650853
1.651540
1.651540
1.663407
1.663407
1.658471
1.658471
1.652352
1.652352
1.660785
1.660785
1.656809
1.656809
1.650043
1.650043
1.658386
1.658386
1.648992
1.648992
1.641448
1.641448
1.656183
1.656183
1.667828
1.667828
1.659664
1.659664
1.648957
1.648957
1.657264
1.657264
1.646403
1.646403
1.659173
1.659173
1.648894
1.648894
1.664510
1.664510
1.652808
1.652808
1.655945
1.655945
1.663992
1.663992
1.652160
1.652160
1.646903
1.646903
1.665715
1.665715
1.634378
1.634378
1.665143
1.665143
1.651422
1.651422
1.656055
1.656055
1.656664
1.656664
1.657425
1.657425
1.640600
1.640600
1.658232
1.658232
1.659596
1.659596
1.658937
1.658937
1.640772
1.640772
1.660317
1.660317
1.655257
1.655257
1.655527
1.655527
1.650257
1.650257
1.660558
1.660558
1.657153
1.657153
1.638322
1.638322
1.665640
1.665640
1.652612
1.652612
1.653305
1.653305
1.649990
1.649990
1.645950
1.645950
1.670068
1.670068
1.650635
1.650635
1.664502
1.664502
1.644601
1.644601
1.653923
1.653923
1.654180
1.654180
1.654596
1.654596
1.656679
1.656679
1.646630
1.646630
1.649248
1.649248
1.661240
1.661240
1.644610
1.644610
1.655928
1.655928
1.640683
1.640683
1.669012
1.669012
1.656282
1.656282
1.655584
1.655584
1.647782
1.647782
1.655656
1.655656
1.654706
1.654706
1.650849
1.650849
1.649470
1.649470
1.645351
1.645351
1.667216
1.667216
1.650936
1.650936
1.650700
1.650700
1.668336
1.668336
1.651925
1.651925
1.659414
1.659414
1.645686
1.645686
1.634175
1.634175
1.650433
1.650433
1.644123
1.644123
1.652653
1.652653
1.660355
1.660355
1.655357
1.655357
1.649404
1.649404
1.650531
1.650531
1.648089
1.648089
1.657634
1.657634
1.656673
1.656673
1.657389
1.657389
1.647296
1.647296
1.652308
1.652308
1.656553
1.656553
1.645777
1.645777
1.651408
1.651408
1.657180
1.657180
1.656927
1.656927
1.652489
1.652489
1.639171
1.639171
1.646937
1.646937
1.654250
1.654250
1.652644
1.652644
1.645466
1.645466
1.661522
1.661522
1.654292
1.654292
1.642412
1.642412
1.663014
1.663014
1.651822
1.651822
1.645219
1.645219
1.651764
1.651764
1.660225
1.660225
1.650847
1.650847
1.651182
1.651182
1.641090
1.641090
1.648640
1.648640
1.651479
1.651479
1.651094
1.651094
1.657604
1.657604
1.646587
1.646587
1.656003
1.656003
1.638245
1.638245
1.647654
1.647654
1.664475
1.664475
1.648623
1.648623
1.645678
1.645678
1.651860
1.651860
1.645091
1.645091
1.658288
1.658288
1.654458
1.654458
1.641553
1.641553
1.655349
1.655349
1.662938
1.662938
1.640202
1.640202
1.654557
1.654557
1.662946
1.662946
1.642482
1.642482
1.664939
1.664939
1.645274
1.645274
1.634100
1.634100
1.643322
1.643322
1.647547
1.647547
1.658250
1.658250
1.649305
1.649305
1.654633
1.654633
1.644973
1.644973
1.645236
1.645236
1.650223
1.650223
1.650792
1.650792
1.662693
1.662693
1.654443
1.654443
1.638219
1.638219
1.645340
1.645340
1.670377
1.670377
1.640260
1.640260
1.665616
1.665616
1.640974
1.640974
1.640903
1.640903
1.650287
1.650287
1.652556
1.652556
1.645632
1.645632
1.661361
1.661361
1.640181
1.640181
1.649184
1.649184
1.653401
1.653401
1.649137
1.649137
1.656745
1.656745
1.651573
1.651573
1.647037
1.647037
1.642301
1.642301
1.653122
1.653122
1.648258
1.648258
1.650335
1.650335
1.637949
1.637949
1.659901
1.659901
1.655412
1.655412
1.641082
1.641082
1.652659
1.652659
1.653388
1.653388
1.642858
1.642858
1.649404
1.649404
1.646514
1.646514
1.643285
1.643285
1.649126
1.649126
1.659692
1.659692
1.660286
1.660286
1.640879
1.640879
1.645829
1.645829
1.655904
1.655904
1.640581
1.640581
1.656972
1.656972
1.652864
1.652864
1.650051
1.650051
1.639691
1.639691
1.643806
1.643806
1.637357
1.637357
1.639122
1.639122
1.652056
1.652056
1.655755
1.655755
1.662022
1.662022
1.651937
1.651937
1.650065
1.650065
1.653884
1.653884
1.641344
1.641344
1.644957
1.644957
1.650342
1.650342
1.655755
1.655755
1.650552
1.650552
1.642068
1.642068
1.642221
1.642221
1.630787
1.630787
1.661273
1.661273
1.635658
1.635658
1.655414
1.655414
1.660807
1.660807
1.652832
1.652832
1.653698
1.653698
1.652350
1.652350
1.641670
1.641670
1.638162
1.638162
1.657876
1.657876
1.659910
1.659910
1.639343
1.639343
1.651175
1.651175
1.627605
1.627605
1.652917
1.652917
1.647198
1.647198
1.648418
1.648418
1.646246
1.646246
1.643626
1.643626
1.658648
1.658648
1.638440
1.638440
1.640737
1.640737
1.648255
1.648255
1.653648
1.653648
1.654770
1.654770
1.641203
1.641203
1.654025
1.654025
1.643571
1.643571
1.643411
1.643411
1.646793
1.646793
1.656724
1.656724
1.641680
1.641680
1.649886
1.649886
1.640668
1.640668
1.648709
1.648709
1.654614
1.654614
1.643662
1.643662
1.645841
1.645841
1.642622
1.642622
1.640518
1.640518
1.648806
1.648806
1.649717
1.649717
1.643741
1.643741
1.654362
1.654362
1.648894
1.648894
1.645197
1.645197
1.648853
1.648853
1.648115
1.648115
1.643169
1.643169
1.627638
1.627638
1.651163
1.651163
1.665862
1.665862
1.645573
1.645573
1.643367
1.643367
1.636164
1.636164
1.654483
1.654483
1.647506
1.647506
1.646084
1.646084
1.650035
1.650035
1.631499
1.631499
1.645492
1.645492
1.655679
1.655679
1.647923
1.647923
1.653787
1.653787
1.640110
1.640110
1.637764
1.637764
1.659177
1.659177
1.644942
1.644942
1.651214
1.651214
1.659163
1.659163
1.644174
1.644174
1.658738
1.658738
1.630940
1.630940
1.636625
1.636625
1.656366
1.656366
1.636473
1.636473
1.646705
1.646705
1.646531
1.646531
1.644497
1.644497
1.635208
1.635208
1.652689
1.652689
1.635037
1.635037
1.650274
1.650274
1.659781
1.659781
1.646161
1.646161
1.642791
1.642791
1.638572
1.638572
1.646016
1.646016
1.658582
1.658582
1.636238
1.636238
1.628994
1.628994
1.666534
1.666534
1.645426
1.645426
1.653228
1.653228
1.642098
1.642098
1.637017
1.637017
1.652807
1.652807
1.647347
1.647347
1.649845
1.649845
1.652982
1.652982
1.630423
1.630423
1.641211
1.641211
1.661386
1.661386
1.640649
1.640649
1.653370
1.653370
1.632723
1.632723
1.652339
1.652339
1.641915
1.641915
1.646941
1.646941
1.652385
1.652385
1.645766
1.645766
1.641485
1.641485
1.636938
1.636938
1.650889
1.650889
1.634789
1.634789
1.645771
1.645771
1.646119
1.646119
1.651785
1.651785
1.647741
1.647741
1.642893
1.642893
1.647571
1.647571
1.644017
1.644017
1.645122
1.645122
1.645574
1.645574
1.645122
1.645122
1.646102
1.646102
1.633854
1.633854
1.649911
1.649911
1.650574
1.650574
1.634301
1.634301
1.642839
1.642839
1.639952
1.639952
1.650900
1.650900
1.658543
1.658543
1.647470
1.647470
1.652780
1.652780
1.641840
1.641840
1.650888
1.650888
1.626568
1.626568
1.633929
1.633929
1.643790
1.643790
1.646599
1.646599
1.658718
1.658718
1.638264
1.638264
1.649533
1.649533
1.631129
1.631129
1.658828
1.658828
1.645683
1.645683
1.634842
1.634842
1.644118
1.644118
1.651416
1.651416
1.645788
1.645788
1.647789
1.647789
1.629174
1.629174
1.641582
1.641582
1.650170
1.650170
1.644673
1.644673
1.651171
1.651171
1.630346
1.630346
1.626618
1.626618
1.656539
1.656539
1.644319
1.644319
1.648571
1.648571
1.644055
1.644055
1.629903
1.629903
1.637030
1.637030
1.652693
1.652693
1.644466
1.644466
1.658272
1.658272
1.656852
1.656852
1.639627
1.639627
1.643022
1.643022
1.628927
1.628927
1.652137
1.652137
1.635169
1.635169
1.639506
1.639506
1.651103
1.651103
1.656828
1.656828
1.633716
1.633716
1.639022
1.639022
1.644438
1.644438
1.633071
1.633071
1.639069
1.639069
1.666751
1.666751
1.651875
1.651875
1.651613
1.651613
1.637960
1.637960
1.636143
1.636143
1.638563
1.638563
1.634353
1.634353
1.653372
1.653372
1.643856
1.643856
1.641559
1.641559
1.643414
1.643414
1.645401
1.645401
1.636294
1.636294
1.645633
1.645633
1.639607
1.639607
1.650480
1.650480
1.626897
1.626897
1.643227
1.643227
1.642045
1.642045
1.652067
1.652067
1.653148
1.653148
1.648259
1.648259
1.638957
1.638957
1.632941
1.632941
1.636647
1.636647
1.661757
1.661757
1.635100
1.635100
1.642640
1.642640
1.639135
1.639135
1.647595
1.647595
1.651493
1.651493
1.637272
1.637272
1.648907
1.648907
1.647920
1.647920
1.642698
1.642698
1.635386
1.635386
1.649005
1.649005
1.649285
1.649285
1.636125
1.636125
1.647040
1.647040
1.628895
1.628895
1.644231
1.644231
1.650729
1.650729
1.638754
1.638754
1.642277
1.642277
1.635058
1.635058
1.649040
1.649040
1.637636
1.637636
1.642127
1.642127
1.645067
1.645067
1.637023
1.637023
1.634676
1.634676
1.647879
1.647879
1.642216
1.642216
1.635768
1.635768
1.653018
1.653018
1.636579
1.636579
1.650803
1.650803
1.639358
1.639358
1.642490
1.642490
1.641493
1.641493
1.642129
1.642129
1.650874
1.650874
1.633009
1.633009
1.644337
1.644337
1.639436
1.639436
1.643796
1.643796
1.635265
1.635265
1.643876
1.643876
1.644447
1.644447
1.642477
1.642477
1.636971
1.636971
1.640017
1.640017
1.648162
1.648162
1.650465
1.650465
1.631534
1.631534
1.639819
1.639819
1.635039
1.635039
1.640564
1.640564
1.651430
1.651430
1.641842
1.641842
1.650599
1.650599
1.641635
1.641635
1.637996
1.637996
1.637175
1.637175
1.640496
1.640496
1.655469
1.655469
1.640786
1.640786
1.652327
1.652327
1.619269
1.619269
1.639297
1.639297
1.630923
1.630923
1.653075
1.653075
1.635079
1.635079
1.643855
1.643855
1.644804
1.644804
1.646754
1.646754
1.652976
1.652976
1.625180
1.625180
1.638769
1.638769
1.643240
1.643240
1.646851
1.646851
1.635626
1.635626
1.637487
1.637487
1.653366
1.653366
1.630531
1.630531
1.639404
1.639404
1.656905
1.656905
1.639312
1.639312
1.631434
1.631434
1.637751
1.637751
1.644680
1.644680
1.647691
1.647691
1.627883
1.627883
1.643715
1.643715
1.640971
1.640971
1.649558
1.649558
1.636020
1.636020
1.635811
1.635811
1.641234
1.641234
1.642030
1.642030
1.634092
1.634092
1.643557
1.643557
1.646419
1.646419
1.635608
1.635608
1.645114
1.645114
1.655406
1.655406
1.631713
1.631713
1.638294
1.638294
1.640540
1.640540
1.636640
1.636640
1.645519
1.645519
1.637557
1.637557
1.631213
1.631213
1.639388
1.639388
1.651372
1.651372
1.653035
1.653035
1.628799
1.628799
1.632528
1.632528
1.638665
1.638665
1.651578
1.651578
1.647561
1.647561
1.635805
1.635805
1.645226
1.645226
1.644156
1.644156
1.626322
1.626322
1.643503
1.643503
1.638723
1.638723
1.636049
1.636049
1.643993
1.643993
1.638828
1.638828
1.645218
1.645218
1.640876
1.640876
1.640605
1.640605
1.633409
1.633409
1.640921
1.640921
1.631551
1.631551
1.645200
1.645200
1.638788
1.638788
1.639048
1.639048
1.647227
1.647227
1.652157
1.652157
1.641665
1.641665
1.624461
1.624461
1.645261
1.645261
1.635436
1.635436
1.625011
1.625011
1.642514
1.642514
1.648232
1.648232
1.646471
1.646471
1.636487
1.636487
1.638996
1.638996
1.650831
1.650831
1.633672
1.633672
1.639532
1.639532
1.634901
1.634901
1.630115
1.630115
1.639239
1.639239
1.645126
1.645126
1.642541
1.642541
1.641832
1.641832
1.640846
1.640846
1.637732
1.637732
1.631332
1.631332
1.656829
1.656829
1.629113
1.629113
1.641541
1.641541
1.644318
1.644318
1.633643
1.633643
1.644477
1.644477
1.631978
1.631978
1.625440
1.625440
1.637532
1.637532
1.639834
1.639834
1.642683
1.642683
1.654513
1.654513
1.636336
1.636336
1.634714
1.634714
1.644344
1.644344
1.631990
1.631990
1.651577
1.651577
1.637510
1.637510
1.647863
1.647863
1.632496
1.632496
1.639321
1.639321
1.638748
1.638748
1.643855
1.643855
1.625003
1.625003
1.642320
1.642320
1.640996
1.640996
1.644431
1.644431
1.640375
1.640375
1.632368
1.632368
1.636983
1.636983
1.646078
1.646078
1.639317
1.639317
1.656894
1.656894
1.646626
1.646626
1.635657
1.635657
1.631841
1.631841
1.619767
1.619767
1.650563
1.650563
1.641527
1.641527
1.630841
1.630841
1.634232
1.634232
1.636516
1.636516
1.631964
1.631964
1.634710
1.634710
1.652724
1.652724
1.624796
1.624796
1.652157
1.652157
1.643828
1.643828
1.636749
1.636749
1.641451
1.641451
1.637689
1.637689
1.632205
1.632205
1.642904
1.642904
1.638869
1.638869
1.639873
1.639873
1.630447
1.630447
1.641181
1.641181
1.632177
1.632177
1.637337
1.637337
1.629998
1.629998
1.647413
1.647413
1.647099
1.647099
1.637980
1.637980
1.631260
1.631260
1.648475
1.648475
1.639167
1.639167
1.634102
1.634102
1.630739
1.630739
1.647651
1.647651
1.636797
1.636797
1.636143
1.636143
1.640504
1.640504
1.638560
1.638560
1.634617
1.634617
1.637546
1.637546
1.637206
1.637206
1.644230
1.644230
1.638168
1.638168
1.628889
1.628889
1.633083
1.633083
1.646816
1.646816
1.644910
1.644910
1.643672
1.643672
1.625683
1.625683
1.643896
1.643896
1.636598
1.636598
1.640760
1.640760
1.647591
1.647591
1.634452
1.634452
1.626774
1.626774
1.636612
1.636612
1.645751
1.645751
1.634537
1.634537
1.638881
1.638881
1.643461
1.643461
1.634062
1.634062
1.638317
1.638317
1.643092
1.643092
1.631176
1.631176
1.632163
1.632163
1.649181
1.649181
1.631952
1.631952
1.633215
1.633215
1.640826
1.640826
1.640091
1.640091
1.633757
1.633757
1.641083
1.641083
1.648463
1.648463
1.628810
1.628810
1.628541
1.628541
1.632225
1.632225
1.652880
1.652880
1.630607
1.630607
1.645579
1.645579
1.645440
1.645440
1.630669
1.630669
1.634528
1.634528
1.627278
1.627278
1.634852
1.634852
1.651792
1.651792
1.636243
1.636243
1.636670
1.636670
1.641792
1.641792
1.623444
1.623444
1.647374
1.647374
1.636574
1.636574
1.637378
1.637378
1.623711
1.623711
1.634800
1.634800
1.644951
1.644951
1.648731
1.648731
1.633115
1.633115
1.638038
1.638038
1.630003
1.630003
1.645987
1.645987
1.633537
1.633537
1.638382
1.638382
1.653059
1.653059
1.639037
1.639037
1.629695
1.629695
1.634423
1.634423
1.627076
1.627076
1.622941
1.622941
1.636909
1.636909
1.645357
1.645357
1.635262
1.635262
1.646256
1.646256
1.646075
1.646075
1.640183
1.640183
1.634792
1.634792
1.631761
1.631761
1.630319
1.630319
1.632931
1.632931
1.630285
1.630285
1.640408
1.640408
1.644302
1.644302
1.635922
1.635922
1.638361
1.638361
1.637757
1.637757
1.638513
1.638513
1.632377
1.632377
1.636559
1.636559
1.636724
1.636724
1.626342
1.626342
1.640914
1.640914
1.644687
1.644687
1.633986
1.633986
1.630624
1.630624
1.635301
1.635301
1.638004
1.638004
1.642708
1.642708
1.636031
1.636031
1.636935
1.636935
1.640855
1.640855
1.639186
1.639186
1.638180
1.638180
1.624892
1.624892
1.637989
1.637989
1.633163
1.633163
1.639829
1.639829
1.635854
1.635854
1.634800
1.634800
1.636382
1.636382
1.634525
1.634525
1.638914
1.638914
1.643170
1.643170
1.626634
1.626634
1.626427
1.626427
1.639377
1.639377
1.630566
1.630566
1.655776
1.655776
1.627189
1.627189
1.634616
1.634616
1.647188
1.647188
1.628747
1.628747
1.632087
1.632087
1.638596
1.638596
1.641078
1.641078
1.633636
1.633636
1.625194
1.625194
1.644244
1.644244
1.636226
1.636226
1.634636
1.634636
1.646200
1.646200
1.614922
1.614922
1.648592
1.648592
1.635504
1.635504
1.638215
1.638215
1.631950
1.631950
1.624725
1.624725
1.642673
1.642673
1.643514
1.643514
1.631475
1.631475
1.636805
1.636805
1.635000
1.635000
1.635083
1.635083
1.642029
1.642029
1.636128
1.636128
1.645469
1.645469
1.644344
1.644344
1.624426
1.624426
1.626548
1.626548
1.631614
1.631614
1.634793
1.634793
1.639156
1.639156
1.637192
1.637192
1.635589
1.635589
1.630834
1.630834
1.639694
1.639694
1.640773
1.640773
1.628348
1.628348
1.638999
1.638999
1.632892
1.632892
1.627980
1.627980
1.642707
1.642707
1.634817
1.634817
1.640106
1.640106
1.637596
1.637596
1.647531
1.647531
1.628880
1.628880
1.626767
1.626767
1.636675
1.636675
1.632535
1.632535
1.639934
1.639934
1.641627
1.641627
1.627400
1.627400
1.635318
1.635318
1.633028
1.633028
1.639512
1.639512
1.636988
1.636988
1.635732
1.635732
1.630137
1.630137
1.631094
1.631094
1.630832
1.630832
1.647514
1.647514
1.633401
1.633401
1.632709
1.632709
1.640751
1.640751
1.632499
1.632499
1.622888
1.622888
1.640666
1.640666
1.639795
1.639795
1.620996
1.620996
1.624585
1.624585
1.653100
1.653100
1.633807
1.633807
1.644741
1.644741
1.639545
1.639545
1.635304
1.635304
1.637321
1.637321
1.626377
1.626377
1.636712
1.636712
1.634575
1.634575
1.636246
1.636246
1.632388
1.632388
1.633800
1.633800
1.638185
1.638185
1.622880
1.622880
1.634720
1.634720
1.649217
1.649217
1.633531
1.633531
1.633565
1.633565
1.616808
1.616808
1.642523
1.642523
1.633551
1.633551
1.645492
1.645492
1.635587
1.635587
1.649465
1.649465
1.633231
1.633231
1.632030
1.632030
1.626119
1.626119
1.632046
1.632046
1.627116
1.627116
1.629834
1.629834
1.649710
1.649710
1.642976
1.642976
1.620621
1.620621
1.634109
1.634109
1.634732
1.634732
1.641054
1.641054
1.631063
1.631063
1.631042
1.631042
1.630594
1.630594
1.628377
1.628377
1.643877
1.643877
1.636853
1.636853
1.632173
1.632173
1.627066
1.627066
1.626400
1.626400
1.643736
1.643736
1.645404
1.645404
1.628105
1.628105
1.639080
1.639080
1.628630
1.628630
1.642026
1.642026
1.622142
1.622142
1.641081
1.641081
1.635165
1.635165
1.658061
1.658061
1.619395
1.619395
1.629988
1.629988
1.627239
1.627239
1.634619
1.634619
1.632376
1.632376
1.623586
1.623586
1.647298
1.647298
1.632720
1.632720
1.633781
1.633781
1.646538
1.646538
1.633743
1.633743
1.631653
1.631653
1.622508
1.622508
1.627665
1.627665
1.632955
1.632955
1.634197
1.634197
1.638340
1.638340
1.637776
1.637776
1.630071
1.630071
1.634045
1.634045
1.640799
1.640799
1.633606
1.633606
1.630654
1.630654
1.623624
1.623624
1.644484
1.644484
1.629672
1.629672
1.632878
1.632878
1.640060
1.640060
1.621839
1.621839
1.631443
1.631443
1.649772
1.649772
1.637794
1.637794
1.626892
1.626892
1.633661
1.633661
1.637924
1.637924
1.623726
1.623726
1.640201
1.640201
1.633137
1.633137
1.629372
1.629372
1.633873
1.633873
1.633770
1.633770
1.638552
1.638552
1.632652
1.632652
1.623605
1.623605
1.639369
1.639369
1.628034
1.628034
1.642555
1.642555
1.634730
1.634730
1.625013
1.625013
1.647949
1.647949
1.624184
1.624184
1.640455
1.640455
1.629278
1.629278
1.636933
1.636933
1.635884
1.635884
1.629251
1.629251
1.643283
1.643283
1.619179
1.619179
1.627205
1.627205
1.636588
1.636588
1.632269
1.632269
1.635034
1.635034
1.636578
1.636578
1.646787
1.646787
1.626748
1.626748
1.631552
1.631552
1.629785
1.629785
1.631462
1.631462
1.633570
1.633570
1.639830
1.639830
1.621221
1.621221
1.638821
1.638821
1.632843
1.632843
1.637736
1.637736
1.633224
1.633224
1.621682
1.621682
1.636883
1.636883
1.637330
1.637330
1.638546
1.638546
1.626068
1.626068
1.625250
1.625250
1.645651
1.645651
1.629433
1.629433
1.625709
1.625709
1.633661
1.633661
1.631844
1.631844
1.635155
1.635155
1.640469
1.640469
1.634112
1.634112
1.627794
1.627794
1.622236
1.622236
1.638175
1.638175
1.645125
1.645125
1.628102
1.628102
1.636986
1.636986
1.643493
1.643493
1.638783
1.638783
1.613429
1.613429
1.632187
1.632187
1.625701
1.625701
1.638984
1.638984
1.632509
1.632509
1.635513
1.635513
1.634539
1.634539
1.639860
1.639860
1.630623
1.630623
1.628286
1.628286
1.630214
1.630214
1.641513
1.641513
1.627143
1.627143
1.624527
1.624527
1.626437
1.626437
1.646924
1.646924
1.638388
1.638388
1.633641
1.633641
1.640566
1.640566
1.633357
1.633357
1.613614
1.613614
1.628493
1.628493
1.633025
1.633025
1.639332
1.639332
1.626606
1.626606
1.636339
1.636339
1.625229
1.625229
1.639086
1.639086
1.629638
1.629638
1.636095
1.636095
1.632718
1.632718
1.632422
1.632422
1.621252
1.621252
1.646981
1.646981
1.625550
1.625550
1.637125
1.637125
1.620828
1.620828
1.633714
1.633714
1.636284
1.636284
1.636098
1.636098
1.635832
1.635832
1.634177
1.634177
1.628703
1.628703
1.615322
1.615322
1.649251
1.649251
1.634777
1.634777
1.639501
1.639501
1.641698
1.641698
1.632704
1.632704
1.622189
1.622189
1.623605
1.623605
1.619611
1.619611
1.635551
1.635551
1.637662
1.637662
1.637564
1.637564
1.630349
1.630349
1.624953
1.624953
1.632245
1.632245
1.638424
1.638424
1.630396
1.630396
1.635431
1.635431
1.628081
1.628081
1.624446
1.624446
1.642580
1.642580
1.637829
1.637829
1.626402
1.626402
1.629909
1.629909
1.628580
1.628580
1.639858
1.639858
1.627948
1.627948
1.634319
1.634319
1.644931
1.644931
1.622994
1.622994
1.639478
1.639478
1.629067
1.629067
1.621219
1.621219
1.638570
1.638570
1.622584
1.622584
1.625701
1.625701
1.646619
1.646619
1.624591
1.624591
1.641042
1.641042
1.636372
1.636372
1.623943
1.623943
1.621803
1.621803
1.637112
1.637112
1.634293
1.634293
1.630078
1.630078
1.624110
1.624110
1.643170
1.643170
1.626121
1.626121
1.625342
1.625342
1.629370
1.629370
1.648833
1.648833
1.635982
1.635982
1.615906
1.615906
1.637043
1.637043
1.635903
1.635903
1.621393
1.621393
1.635960
1.635960
1.627078
1.627078
1.626639
1.626639
1.628764
1.628764
1.631571
1.631571
1.644458
1.644458
1.625298
1.625298
1.647400
1.647400
1.628684
1.628684
1.627376
1.627376
1.619277
1.619277
1.635815
1.635815
1.630387
1.630387
1.630600
1.630600
1.631881
1.631881
1.629996
1.629996
1.635285
1.635285
1.641771
1.641771
1.626561
1.626561
1.630753
1.630753
1.625031
1.625031
1.633352
1.633352
1.631977
1.631977
1.638488
1.638488
1.633464
1.633464
1.626968
1.626968
1.624511
1.624511
1.641523
1.641523
1.629838
1.629838
1.628219
1.628219
1.632466
1.632466
1.622716
1.622716
1.629722
1.629722
1.633594
1.633594
1.635730
1.635730
1.620296
1.620296
1.638244
1.638244
1.625751
1.625751
1.632731
1.632731
1.622598
1.622598
1.634362
1.634362
1.642763
1.642763
1.639404
1.639404
1.620993
1.620993
1.636573
1.636573
1.627674
1.627674
1.630899
1.630899
1.619530
1.619530
1.635353
1.635353
1.629076
1.629076
1.636640
1.636640
1.635602
1.635602
1.627705
1.627705
1.633300
1.633300
1.629647
1.629647
1.632437
1.632437
1.632128
1.632128
1.636895
1.636895
1.640233
1.640233
1.629995
1.629995
1.618623
1.618623
1.628456
1.628456
1.645527
1.645527
1.629911
1.629911
1.626055
1.626055
1.632782
1.632782
1.617454
1.617454
1.631637
1.631637
1.632116
1.632116
1.626379
1.626379
1.629847
1.629847
1.634976
1.634976
1.616705
1.616705
1.635746
1.635746
1.634616
1.634616
1.631833
1.631833
1.635979
1.635979
1.634192
1.634192
1.637284
1.637284
1.625257
1.625257
1.628216
1.628216
1.628073
1.628073
1.620146
1.620146
1.638844
1.638844
1.632139
1.632139
1.623555
1.623555
1.640559
1.640559
1.630798
1.630798
1.632741
1.632741
1.634742
1.634742
1.628177
1.628177
1.625494
1.625494
1.631726
1.631726
1.633201
1.633201
1.626461
1.626461
1.628739
1.628739
1.633069
1.633069
1.635510
1.635510
1.647269
1.647269
1.623787
1.623787
1.626274
1.626274
1.616832
1.616832
1.636625
1.636625
1.636302
1.636302
1.629030
1.629030
1.629220
1.629220
1.618575
1.618575
1.618242
1.618242
1.637239
1.637239
1.637091
1.637091
1.632849
1.632849
1.625436
1.625436
1.637286
1.637286
1.630234
1.630234
1.629553
1.629553
1.617366
1.617366
1.638827
1.638827
1.633772
1.633772
1.634326
1.634326
1.618979
1.618979
1.640352
1.640352
1.622247
1.622247
1.645052
1.645052
1.632507
1.632507
1.630328
1.630328
1.620026
1.620026
1.621307
1.621307
1.638293
1.638293
1.633041
1.633041
1.630960
1.630960
1.629208
1.629208
1.616488
1.616488
1.626007
1.626007
1.629893
1.629893
1.632904
1.632904
1.632643
1.632643
1.628734
1.628734
1.623900
1.623900
1.635155
1.635155
1.629809
1.629809
1.637596
1.637596
1.622138
1.622138
1.627695
1.627695
1.617521
1.617521
1.642721
1.642721
1.629772
1.629772
1.632757
1.632757
1.623487
1.623487
1.627791
1.627791
1.635747
1.635747
1.627379
1.627379
1.636569
1.636569
1.640576
1.640576
1.620563
1.620563
1.638173
1.638173
1.620605
1.620605
1.629347
1.629347
1.633301
1.633301
1.625319
1.625319
1.617794
1.617794
1.636364
1.636364
1.637936
1.637936
1.626312
1.626312
1.639161
1.639161
1.639910
1.639910
1.615648
1.615648
1.627298
1.627298
1.631301
1.631301
1.624336
1.624336
1.638359
1.638359
1.626387
1.626387
1.627775
1.627775
1.634409
1.634409
1.624882
1.624882
1.624788
1.624788
1.631219
1.631219
1.633817
1.633817
1.622203
1.622203
1.641682
1.641682
1.620646
1.620646
1.647419
1.647419
1.612681
1.612681
1.630890
1.630890
1.641094
1.641094
1.628284
1.628284
1.621673
1.621673
1.624884
1.624884
1.624783
1.624783
1.637608
1.637608
1.631372
1.631372
1.625542
1.625542
1.627856
1.627856
1.643613
1.643613
1.617078
1.617078
1.625325
1.625325
1.640543
1.640543
1.618457
1.618457
1.631691
1.631691
1.634081
1.634081
1.626325
1.626325
1.636193
1.636193
1.615979
1.615979
1.618150
1.618150
1.638515
1.638515
1.628344
1.628344
1.639647
1.639647
1.620212
1.620212
1.621894
1.621894
1.636546
1.636546
1.621618
1.621618
1.635132
1.635132
1.631725
1.631725
1.625945
1.625945
1.629886
1.629886
1.631295
1.631295
1.620809
1.620809
1.640479
1.640479
1.619999
1.619999
1.628646
1.628646
1.621885
1.621885
1.634104
1.634104
1.644296
1.644296
1.629152
1.629152
1.626775
1.626775
1.631695
1.631695
1.628785
1.628785
1.629261
1.629261
1.628132
1.628132
1.631085
1.631085
1.631990
1.631990
1.615007
1.615007
1.641705
1.641705
1.631371
1.631371
1.630185
1.630185
1.623488
1.623488
1.627039
1.627039
1.634052
1.634052
1.636542
1.636542
1.622737
1.622737
1.637784
1.637784
1.622391
1.622391
1.624532
1.624532
1.621253
1.621253
1.623534
1.623534
1.642866
1.642866
1.631905
1.631905
1.624084
1.624084
1.623626
1.623626
1.640357
1.640357
1.629778
1.629778
1.622843
1.622843
1.627485
1.627485
1.630834
1.630834
1.637471
1.637471
1.615576
1.615576
1.626848
1.626848
1.634522
1.634522
1.643311
1.643311
1.618454
1.618454
1.623847
1.623847
1.629518
1.629518
1.628718
1.628718
1.625793
1.625793
1.630002
1.630002
1.621290
1.621290
1.629443
1.629443
1.639167
1.639167
1.615914
1.615914
1.637477
1.637477
1.621364
1.621364
1.633008
1.633008
1.637320
1.637320
1.631755
1.631755
1.625985
1.625985
1.618845
1.618845
1.628296
1.628296
1.640618
1.640618
1.629081
1.629081
1.640484
1.640484
1.620910
1.620910
1.637128
1.637128
1.611919
1.611919
1.623739
1.623739
1.628070
1.628070
1.629848
1.629848
1.628835
1.628835
1.633000
1.633000
1.632573
1.632573
1.608009
1.608009
1.627429
1.627429
1.634504
1.634504
1.642681
1.642681
1.629606
1.629606
1.627491
1.627491
1.630102
1.630102
1.626386
1.626386
1.628549
1.628549
1.628763
1.628763
1.622655
1.622655
1.634077
1.634077
1.629282
1.629282
1.626756
1.626756
1.621690
1.621690
1.634839
1.634839
1.630789
1.630789
1.621734
1.621734
1.633611
1.633611
1.619835
1.619835
1.620404
1.620404
1.611733
1.611733
1.640178
1.640178
1.654456
1.654456
1.630224
1.630224
1.630906
1.630906
1.625076
1.625076
1.630196
1.630196
1.623842
1.623842
1.626210
1.626210
1.645483
1.645483
1.628672
1.628672
1.614959
1.614959
1.624897
1.624897
1.629592
1.629592
1.627316
1.627316
1.622045
1.622045
1.623404
1.623404
1.640815
1.640815
1.633773
1.633773
1.622720
1.622720
1.619868
1.619868
1.631979
1.631979
1.633051
1.633051
1.618155
1.618155
1.619968
1.619968
1.641597
1.641597
1.631856
1.631856
1.628721
1.628721
1.620897
1.620897
1.634842
1.634842
1.631076
1.631076
1.626159
1.626159
1.626693
1.626693
1.627457
1.627457
1.632060
1.632060
1.621170
1.621170
1.633035
1.633035
1.625481
1.625481
1.619943
1.619943
1.629300
1.629300
1.634439
1.634439
1.625406
1.625406
1.630987
1.630987
1.622603
1.622603
1.622017
1.622017
1.630413
1.630413
1.637726
1.637726
1.626118
1.626118
1.629506
1.629506
1.618434
1.618434
1.625374
1.625374
1.634722
1.634722
1.631743
1.631743
1.623020
1.623020
1.627489
1.627489
1.639906
1.639906
1.625391
1.625391
1.621748
1.621748
1.627295
1.627295
1.625637
1.625637
1.623031
1.623031
1.634203
1.634203
1.628515
1.628515
1.626347
1.626347
1.624660
1.624660
1.624536
1.624536
1.632547
1.632547
1.630828
1.630828
1.629104
1.629104
1.616545
1.616545
1.628994
1.628994
1.637447
1.637447
1.625547
1.625547
1.638927
1.638927
1.619778
1.619778
1.619828
1.619828
1.633918
1.633918
1.624825
1.624825
1.628413
1.628413
1.622447
1.622447
1.630464
1.630464
1.633525
1.633525
1.621556
1.621556
1.616105
1.616105
1.625065
1.625065
1.628110
1.628110
1.640404
1.640404
1.627744
1.627744
1.632706
1.632706
1.619612
1.619612
1.619897
1.619897
1.638094
1.638094
1.626689
1.626689
1.618257
1.618257
1.627959
1.627959
1.640440
1.640440
1.621781
1.621781
1.628754
1.628754
1.635576
1.635576
1.623964
1.623964
1.621297
1.621297
1.628611
1.628611
1.627217
1.627217
1.621390
1.621390
1.627743
1.627743
1.631341
1.631341
1.611019
1.611019
1.649392
1.649392
1.635742
1.635742
1.628714
1.628714
1.613580
1.613580
1.631799
1.631799
1.626185
1.626185
1.620780
1.620780
1.639278
1.639278
1.611366
1.611366
1.631281
1.631281
1.634828
1.634828
1.621409
1.621409
1.627098
1.627098
1.620543
1.620543
1.633894
1.633894
1.634249
1.634249
1.635889
1.635889
1.631586
1.631586
1.618167
1.618167
1.623855
1.623855
1.625791
1.625791
1.638218
1.638218
1.613201
1.613201
1.636602
1.636602
1.622336
1.622336
1.624444
1.624444
1.624549
1.624549
1.627565
1.627565
1.616808
1.616808
1.638166
1.638166
1.628262
1.628262
1.613592
1.613592
1.632996
1.632996
1.616063
1.616063
1.635019
1.635019
1.639765
1.639765
1.624866
1.624866
1.621089
1.621089
1.638791
1.638791
1.623495
1.623495
1.626310
1.626310
1.615783
1.615783
1.636473
1.636473
1.622625
1.622625
1.622820
1.622820
1.639214
1.639214
1.625564
1.625564
1.625645
1.625645
1.634541
1.634541
1.622931
1.622931
1.625229
1.625229
1.623041
1.623041
1.627280
1.627280
1.619309
1.619309
1.628533
1.628533
1.638117
1.638117
1.630993
1.630993
1.635836
1.635836
1.627432
1.627432
1.609423
1.609423
1.630948
1.630948
1.639141
1.639141
1.631226
1.631226
1.622551
1.622551
1.616975
1.616975
1.622920
1.622920
1.625214
1.625214
1.617069
1.617069
1.633109
1.633109
1.615167
1.615167
1.646834
1.646834
1.617087
1.617087
1.638889
1.638889
1.620005
1.620005
1.625531
1.625531
1.632882
1.632882
1.628403
1.628403
1.620439
1.620439
1.630874
1.630874
1.616965
1.616965
1.638661
1.638661
1.628986
1.628986
1.635407
1.635407
1.624245
1.624245
1.626634
1.626634
1.615174
1.615174
1.620052
1.620052
1.629820
1.629820
1.631742
1.631742
1.617374
1.617374
1.635273
1.635273
1.615701
1.615701
1.630360
1.630360
1.626313
1.626313
1.635727
1.635727
1.623631
1.623631
1.636101
1.636101
1.629160
1.629160
1.622676
1.622676
1.615859
1.615859
1.628759
1.628759
1.620838
1.620838
1.620229
1.620229
1.632440
1.632440
1.628595
1.628595
1.630623
1.630623
1.623678
1.623678
1.632761
1.632761
1.620731
1.620731
1.624266
1.624266
1.631200
1.631200
1.632319
1.632319
1.624022
1.624022
1.631759
1.631759
1.622633
1.622633
1.619329
1.619329
1.631189
1.631189
1.623195
1.623195
1.627376
1.627376
1.624376
1.624376
1.624825
1.624825
1.623629
1.623629
1.623387
1.623387
1.631930
1.631930
1.629866
1.629866
1.621230
1.621230
1.622081
1.622081
1.632706
1.632706
1.617799
1.617799
1.621918
1.621918
1.638884
1.638884
1.621316
1.621316
1.635001
1.635001
1.618771
1.618771
1.625085
1.625085
1.631548
1.631548
1.632026
1.632026
1.624983
1.624983
1.619740
1.619740
1.622138
1.622138
1.632902
1.632902
1.628999
1.628999
1.630203
1.630203
1.627220
1.627220
1.614753
1.614753
1.629799
1.629799
1.627231
1.627231
1.623415
1.623415
1.625700
1.625700
1.630881
1.630881
1.621992
1.621992
1.607440
1.607440
1.627892
1.627892
1.626926
1.626926
1.628198
1.628198
1.642717
1.642717
1.622150
1.622150
1.629859
1.629859
1.630148
1.630148
1.623504
1.623504
1.623461
1.623461
1.637904
1.637904
1.618030
1.618030
1.627775
1.627775
1.618249
1.618249
1.627845
1.627845
1.620789
1.620789
1.631721
1.631721
1.636541
1.636541
1.616177
1.616177
1.623510
1.623510
1.633811
1.633811
1.621773
1.621773
1.627571
1.627571
1.625908
1.625908
1.618474
1.618474
1.629374
1.629374
1.627567
1.627567
1.619382
1.619382
1.639277
1.639277
1.610067
1.610067
1.618703
1.618703
1.625821
1.625821
1.630127
1.630127
1.622107
1.622107
1.633379
1.633379
1.625778
1.625778
1.635317
1.635317
1.619858
1.619858
1.618734
1.618734
1.629481
1.629481
1.619599
1.619599
1.622198
1.622198
1.631856
1.631856
1.621055
1.621055
1.635458
1.635458
1.622323
1.622323
1.630545
1.630545
1.616047
1.616047
1.632525
1.632525
1.626808
1.626808
1.615398
1.615398
1.637749
1.637749
1.621836
1.621836
1.619750
1.619750
1.634950
1.634950
1.622989
1.622989
1.625157
1.625157
1.624880
1.624880
1.629481
1.629481
1.625005
1.625005
1.621596
1.621596
1.637468
1.637468
1.621033
1.621033
1.619334
1.619334
1.628612
1.628612
1.623350
1.623350
1.607073
1.607073
1.630696
1.630696
1.636867
1.636867
1.630169
1.630169
1.630659
1.630659
1.630764
1.630764
1.615004
1.615004
1.620906
1.620906
1.630751
1.630751
1.637699
1.637699
1.625559
1.625559
1.614465
1.614465
1.619185
1.619185
1.631052
1.631052
1.626447
1.626447
1.629033
1.629033
1.629685
1.629685
1.631489
1.631489
1.606134
1.606134
1.621251
1.621251
1.627919
1.627919
1.634226
1.634226
1.623559
1.623559
1.618019
1.618019
1.627574
1.627574
1.618093
1.618093
1.616148
1.616148
1.635322
1.635322
1.630071
1.630071
1.637277
1.637277
1.623715
1.623715
1.627392
1.627392
1.620279
1.620279
1.615431
1.615431
1.618214
1.618214
1.623176
1.623176
1.626329
1.626329
1.631288
1.631288
1.627271
1.627271
1.630814
1.630814
1.614683
1.614683
1.628005
1.628005
1.630448
1.630448
1.620861
1.620861
1.633173
1.633173
1.629297
1.629297
1.610810
1.610810
1.633953
1.633953
1.616533
1.616533
1.617286
1.617286
1.637106
1.637106
1.627578
1.627578
1.620522
1.620522
1.622227
1.622227
1.621448
1.621448
1.616867
1.616867
1.620830
1.620830
1.637083
1.637083
1.629830
1.629830
1.626080
1.626080
1.633599
1.633599
1.626264
1.626264
1.623428
1.623428
1.613177
1.613177
1.629509
1.629509
1.629517
1.629517
1.629471
1.629471
1.614197
1.614197
1.621297
1.621297
1.618561
1.618561
1.621539
1.621539
1.633652
1.633652
1.627433
1.627433
1.622954
1.622954
1.619920
1.619920
1.633503
1.633503
1.614691
1.614691
1.633629
1.633629
1.622027
1.622027
1.638705
1.638705
1.625828
1.625828
1.607981
1.607981
1.623643
1.623643
1.628793
1.628793
1.619496
1.619496
1.631556
1.631556
1.616003
1.616003
1.626233
1.626233
1.632160
1.632160
1.629898
1.629898
1.604921
1.604921
1.627608
1.627608
1.633050
1.633050
1.629204
1.629204
1.638230
1.638230
1.622683
1.622683
1.615102
1.615102
1.635680
1.635680
1.608713
1.608713
1.629265
1.629265
1.623367
1.623367
1.612947
1.612947
1.625012
1.625012
1.634870
1.634870
1.622625
1.622625
1.622846
1.622846
1.622771
1.622771
1.627534
1.627534
1.628167
1.628167
1.608606
1.608606
1.631060
1.631060
1.636761
1.636761
1.612317
1.612317
1.636738
1.636738
1.633363
1.633363
1.622311
1.622311
1.616568
1.616568
1.629112
1.629112
1.620764
1.620764
1.627928
1.627928
1.628633
1.628633
1.610053
1.610053
1.633510
1.633510
1.622077
1.622077
1.606135
1.606135
1.627102
1.627102
1.630980
1.630980
1.629656
1.629656
1.629684
1.629684
1.629177
1.629177
1.616301
1.616301
1.607670
1.607670
1.645210
1.645210
1.623864
1.623864
1.618376
1.618376
1.623682
1.623682
1.627512
1.627512
1.630244
1.630244
1.621829
1.621829
1.629745
1.629745
1.621304
1.621304
1.631750
1.631750
1.624807
1.624807
1.611876
1.611876
1.625026
1.625026
1.613494
1.613494
1.631077
1.631077
1.629083
1.629083
1.622817
1.622817
1.613479
1.613479
1.643904
1.643904
1.619522
1.619522
1.627092
1.627092
1.615956
1.615956
1.627642
1.627642
1.625716
1.625716
1.621606
1.621606
1.622078
1.622078
1.624429
1.624429
1.635378
1.635378
1.626701
1.626701
1.626223
1.626223
1.615389
1.615389
1.615896
1.615896
1.620102
1.620102
1.630916
1.630916
1.621067
1.621067
1.619976
1.619976
1.630229
1.630229
1.634588
1.634588
1.619531
1.619531
1.624201
1.624201
1.623328
1.623328
1.618041
1.618041
1.615605
1.615605
1.621310
1.621310
1.626247
1.626247
1.624282
1.624282
1.635589
1.635589
1.626774
1.626774
1.617809
1.617809
1.631600
1.631600
1.633675
1.633675
1.607350
1.607350
1.620274
1.620274
1.621247
1.621247
1.621024
1.621024
1.620116
1.620116
1.641135
1.641135
1.639569
1.639569
1.615803
1.615803
1.621436
1.621436
1.615639
1.615639
1.628699
1.628699
1.611525
1.611525
1.617355
1.617355
1.621738
1.621738
1.628029
1.628029
1.645740
1.645740
1.611651
1.611651
1.644528
1.644528
1.620952
1.620952
1.624554
1.624554
1.616730
1.616730
1.623004
1.623004
1.624581
1.624581
1.623172
1.623172
1.629278
1.629278
1.618586
1.618586
1.618981
1.618981
1.625633
1.625633
1.620283
1.620283
1.631025
1.631025
1.623519
1.623519
1.622191
1.622191
1.618697
1.618697
1.616950
1.616950
1.632749
1.632749
1.629987
1.629987
1.629180
1.629180
1.629788
1.629788
1.620548
1.620548
1.623376
1.623376
1.614396
1.614396
1.626556
1.626556
1.618726
1.618726
1.619799
1.619799
1.616320
1.616320
1.641043
1.641043
1.622256
1.622256
1.612960
1.612960
1.628876
1.628876
1.627675
1.627675
1.627876
1.627876
1.617606
1.617606
1.606373
1.606373
1.640160
1.640160
1.620413
1.620413
1.636693
1.636693
1.633313
1.633313
1.619663
1.619663
1.613271
1.613271
1.627405
1.627405
1.625117
1.625117
1.624391
1.624391
1.635744
1.635744
1.619600
1.619600
1.616474
1.616474
1.621706
1.621706
1.627510
1.627510
1.623643
1.623643
1.615365
1.615365
1.627054
1.627054
1.624797
1.624797
1.614611
1.614611
1.617930
1.617930
1.620514
1.620514
1.635829
1.635829
1.630454
1.630454
1.620699
1.620699
1.640636
1.640636
1.611234
1.611234
1.625162
1.625162
1.619195
1.619195
1.629817
1.629817
1.623253
1.623253
1.621504
1.621504
1.629668
1.629668
1.610856
1.610856
1.614251
1.614251
1.623052
1.623052
1.611977
1.611977
1.624570
1.624570
1.648647
1.648647
1.622408
1.622408
1.618036
1.618036
1.631416
1.631416
1.626197
1.626197
1.618205
1.618205
1.628845
1.628845
1.611809
1.611809
1.632573
1.632573
1.618513
1.618513
1.625900
1.625900
1.622317
1.622317
1.628313
1.628313
1.632339
1.632339
1.616403
1.616403
1.616171
1.616171
1.626548
1.626548
1.634995
1.634995
1.612744
1.612744
1.622342
1.622342
1.619404
1.619404
1.622051
1.622051
1.617491
1.617491
1.636863
1.636863
1.608534
1.608534
1.633819
1.633819
1.617195
1.617195
1.629105
1.629105
1.643571
1.643571
1.611773
1.611773
1.612729
1.612729
1.617115
1.617115
1.620552
1.620552
1.619546
1.619546
1.631762
1.631762
1.628382
1.628382
1.612837
1.612837
1.618268
1.618268
1.633975
1.633975
1.622787
1.622787
1.629567
1.629567
1.620722
1.620722
1.633022
1.633022
1.617940
1.617940
1.622622
1.622622
1.621316
1.621316
1.631109
1.631109
1.628777
1.628777
1.619181
1.619181
1.615288
1.615288
1.621056
1.621056
1.626257
1.626257
1.618632
1.618632
1.633858
1.633858
1.613036
1.613036
1.624079
1.624079
1.628223
1.628223
1.615486
1.615486
1.624959
1.624959
1.617068
1.617068
1.631446
1.631446
1.613835
1.613835
1.633987
1.633987
1.621920
1.621920
1.617137
1.617137
1.629828
1.629828
1.615017
1.615017
1.616918
1.616918
1.624823
1.624823
1.625937
1.625937
1.634878
1.634878
1.622220
1.622220
1.615281
1.615281
1.634045
1.634045
1.622454
1.622454
1.620552
1.620552
1.621097
1.621097
1.616822
1.616822
1.621065
1.621065
1.637538
1.637538
1.617203
1.617203
1.609399
1.609399
1.629197
1.629197
1.618891
1.618891
1.629690
1.629690
1.628701
1.628701
1.614385
1.614385
1.633470
1.633470
1.629024
1.629024
1.618248
1.618248
1.618580
1.618580
1.616166
1.616166
1.626385
1.626385
1.630466
1.630466
1.622478
1.622478
1.617931
1.617931
1.627896
1.627896
1.629381
1.629381
1.622817
1.622817
1.611206
1.611206
1.622987
1.622987
1.623520
1.623520
1.615760
1.615760
1.632448
1.632448
1.628983
1.628983
1.611037
1.611037
1.609583
1.609583
1.640010
1.640010
1.622092
1.622092
1.628717
1.628717
1.611238
1.611238
1.632578
1.632578
1.635184
1.635184
1.609314
1.609314
1.617488
1.617488
1.618350
1.618350
1.628774
1.628774
1.638044
1.638044
1.624116
1.624116
1.611817
1.611817
1.607933
1.607933
1.602952
1.602952
1.621814
1.621814
1.629694
1.629694
1.626287
1.626287
1.635256
1.635256
1.612509
1.612509
1.635576
1.635576
1.626088
1.626088
1.617113
1.617113
1.621893
1.621893
1.628031
1.628031
1.617981
1.617981
1.629015
1.629015
1.619236
1.619236
1.617979
1.617979
1.630806
1.630806
1.633585
1.633585
1.613644
1.613644
1.614874
1.614874
1.619493
1.619493
1.619880
1.619880
1.635799
1.635799
1.604724
1.604724
1.626422
1.626422
1.626908
1.626908
1.623505
1.623505
1.633916
1.633916
1.623798
1.623798
1.608585
1.608585
1.623001
1.623001
1.618460
1.618460
1.622404
1.622404
1.625177
1.625177
1.627099
1.627099
1.618651
1.618651
1.607861
1.607861
1.629119
1.629119
1.627569
1.627569
1.615301
1.615301
1.635089
1.635089
1.632170
1.632170
1.612017
1.612017
1.622606
1.622606
1.622385
1.622385
1.623257
1.623257
1.626312
1.626312
1.627219
1.627219
1.620159
1.620159
1.621163
1.621163
1.615976
1.615976
1.600756
1.600756
1.623484
1.623484
1.635830
1.635830
1.623304
1.623304
1.630133
1.630133
1.621977
1.621977
1.631387
1.631387
1.626501
1.626501
1.607597
1.607597
1.624844
1.624844
1.620490
1.620490
1.619257
1.619257
1.640787
1.640787
1.616236
1.616236
1.613029
1.613029
1.626656
1.626656
1.613261
1.613261
1.617586
1.617586
1.621245
1.621245
1.635380
1.635380
1.616693
1.616693
1.621446
1.621446
1.617210
1.617210
1.621866
1.621866
1.637118
1.637118
1.615240
1.615240
1.616424
1.616424
1.629607
1.629607
1.614465
1.614465
1.638788
1.638788
1.627922
1.627922
1.622165
1.622165
1.628199
1.628199
1.623306
1.623306
1.606292
1.606292
1.619222
1.619222
1.619480
1.619480
1.617265
1.617265
1.632968
1.632968
1.621935
1.621935
1.623649
1.623649
1.618857
1.618857
1.630975
1.630975
1.618246
1.618246
1.618279
1.618279
1.617292
1.617292
1.622149
1.622149
1.626046
1.626046
1.621387
1.621387
1.624172
1.624172
1.619292
1.619292
1.624231
1.624231
1.621153
1.621153
1.617064
1.617064
1.630418
1.630418
1.631239
1.631239
1.631842
1.631842
1.606837
1.606837
1.625825
1.625825
1.612739
1.612739
1.619446
1.619446
1.631988
1.631988
1.625433
1.625433
1.622635
1.622635
1.607859
1.607859
1.609479
1.609479
1.625263
1.625263
1.623803
1.623803
1.614795
1.614795
1.640386
1.640386
1.616628
1.616628
1.637832
1.637832
1.616911
1.616911
1.607375
1.607375
1.633457
1.633457
1.620009
1.620009
1.621426
1.621426
1.633032
1.633032
1.620315
1.620315
1.613235
1.613235
1.625675
1.625675
1.627416
1.627416
1.620444
1.620444
1.628187
1.628187
1.604388
1.604388
1.622522
1.622522
1.622244
1.622244
1.621774
1.621774
1.622298
1.622298
1.620318
1.620318
1.617851
1.617851
1.622015
1.622015
1.618189
1.618189
1.632151
1.632151
1.618439
1.618439
1.625745
1.625745
1.627816
1.627816
1.619664
1.619664
1.629843
1.629843
1.602189
1.602189
1.625135
1.625135
1.615226
1.615226
1.621306
1.621306
1.618831
1.618831
1.630233
1.630233
1.613692
1.613692
1.623849
1.623849
1.623043
1.623043
1.619234
1.619234
1.630917
1.630917
1.618692
1.618692
1.618073
1.618073
1.626389
1.626389
1.617725
1.617725
1.629424
1.629424
1.603167
1.603167
1.653698
1.653698
1.612462
1.612462
1.624633
1.624633
1.612905
1.612905
1.610642
1.610642
1.625722
1.625722
1.632127
1.632127
1.623822
1.623822
1.614799
1.614799
1.610144
1.610144
1.627786
1.627786
1.624936
1.624936
1.631541
1.631541
1.612018
1.612018
1.620021
1.620021
1.625317
1.625317
1.623960
1.623960
1.626585
1.626585
1.610017
1.610017
1.621774
1.621774
1.620382
1.620382
1.627843
1.627843
1.616047
1.616047
1.622139
1.622139
1.616413
1.616413
1.629802
1.629802
1.614493
1.614493
1.631855
1.631855
1.613833
1.613833
1.620028
1.620028
1.615652
1.615652
1.629630
1.629630
1.630687
1.630687
1.609375
1.609375
1.631695
1.631695
1.614833
1.614833
1.621792
1.621792
1.621149
1.621149
1.617367
1.617367
1.621300
1.621300
1.629642
1.629642
1.621603
1.621603
1.621729
1.621729
1.611190
1.611190
1.624281
1.624281
1.625895
1.625895
1.620712
1.620712
1.619313
1.619313
1.616122
1.616122
1.626061
1.626061
1.636859
1.636859
1.609247
1.609247
1.612473
1.612473
1.622912
1.622912
1.626319
1.626319
1.622544
1.622544
1.631291
1.631291
1.610903
1.610903
1.614711
1.614711
1.625748
1.625748
1.635029
1.635029
1.611566
1.611566
1.621015
1.621015
1.611671
1.611671
1.617186
1.617186
1.622546
1.622546
1.629102
1.629102
1.620235
1.620235
1.616869
1.616869
1.630157
1.630157
1.616013
1.616013
1.631720
1.631720
1.603129
1.603129
1.626769
1.626769
1.619854
1.619854
1.616547
1.616547
1.613837
1.613837
1.634524
1.634524
1.621926
1.621926
1.620090
1.620090
1.623753
1.623753
1.620284
1.620284
1.619443
1.619443
1.623261
1.623261
1.621575
1.621575
1.615452
1.615452
1.608522
1.608522
1.626618
1.626618
1.637352
1.637352
1.621997
1.621997
1.626011
1.626011
1.609914
1.609914
1.620157
1.620157
1.629801
1.629801
1.612591
1.612591
1.626027
1.626027
1.616310
1.616310
1.629606
1.629606
1.621564
1.621564
1.624468
1.624468
1.630937
1.630937
1.615883
1.615883
1.604634
1.604634
1.632174
1.632174
1.624615
1.624615
1.608498
1.608498
1.632183
1.632183
1.624042
1.624042
1.615245
1.615245
1.623635
1.623635
1.625677
1.625677
1.604526
1.604526
1.627244
1.627244
1.625409
1.625409
1.621532
1.621532
1.610992
1.610992
1.617214
1.617214
1.624836
1.624836
1.633389
1.633389
1.616992
1.616992
1.629925
1.629925
1.622660
1.622660
1.616518
1.616518
1.618829
1.618829
1.625541
1.625541
1.621779
1.621779
1.614870
1.614870
1.615611
1.615611
1.629036
1.629036
1.630675
1.630675
1.617362
1.617362
1.614274
1.614274
1.626300
1.626300
1.615362
1.615362
1.625723
1.625723
1.621968
1.621968
1.630858
1.630858
1.618719
1.618719
1.604365
1.604365
1.618647
1.618647
1.623127
1.623127
1.621261
1.621261
1.620303
1.620303
1.621622
1.621622
1.625970
1.625970
1.629244
1.629244
1.609006
1.609006
1.624206
1.624206
1.615108
1.615108
1.605933
1.605933
1.627400
1.627400
1.618144
1.618144
1.631629
1.631629
1.621603
1.621603
1.622309
1.622309
1.611691
1.611691
1.628919
1.628919
1.611603
1.611603
1.632180
1.632180
1.632260
1.632260
1.608113
1.608113
1.627796
1.627796
1.614245
1.614245
1.622164
1.622164
1.623038
1.623038
1.615658
1.615658
1.609263
1.609263
1.623333
1.623333
1.635914
1.635914
1.614282
1.614282
1.627859
1.627859
1.633976
1.633976
1.608297
1.608297
1.619355
1.619355
1.611659
1.611659
1.625393
1.625393
1.618737
1.618737
1.622846
1.622846
1.626434
1.626434
1.625829
1.625829
1.626015
1.626015
1.611279
1.611279
1.622109
1.622109
1.618032
1.618032
1.608734
1.608734
1.625878
1.625878
1.622850
1.622850
1.629123
1.629123
1.616179
1.616179
1.631433
1.631433
1.619915
1.619915
1.612109
1.612109
1.616887
1.616887
1.623829
1.623829
1.617738
1.617738
1.620229
1.620229
1.619423
1.619423
1.623002
1.623002
1.623618
1.623618
1.627194
1.627194
1.609851
1.609851
1.624243
1.624243
1.620599
1.620599
1.621605
1.621605
1.617425
1.617425
1.612425
1.612425
1.630051
1.630051
1.631923
1.631923
1.609035
1.609035
1.611665
1.611665
1.628744
1.628744
1.623531
1.623531
1.612881
1.612881
1.627639
1.627639
1.625299
1.625299
1.621464
1.621464
1.622642
1.622642
1.620963
1.620963
1.610553
1.610553
1.627530
1.627530
1.626899
1.626899
1.612301
1.612301
1.620260
1.620260
1.614624
1.614624
1.622334
1.622334
1.620692
1.620692
1.615945
1.615945
1.628076
1.628076
1.614396
1.614396
1.621784
1.621784
1.613452
1.613452
1.617864
1.617864
1.617879
1.617879
1.634337
1.634337
1.620217
1.620217
1.626024
1.626024
1.614829
1.614829
1.621345
1.621345
1.619894
1.619894
1.621639
1.621639
1.622600
1.622600
1.624537
1.624537
1.607655
1.607655
1.627224
1.627224
1.638181
1.638181
1.620309
1.620309
1.620328
1.620328
1.613163
1.613163
1.607644
1.607644
1.623877
1.623877
1.608212
1.608212
1.625988
1.625988
1.619529
1.619529
1.625462
1.625462
1.626024
1.626024
1.624171
1.624171
1.614781
1.614781
1.628518
1.628518
1.605458
1.605458
1.626046
1.626046
1.606979
1.606979
1.626421
1.626421
1.626615
1.626615
1.614588
1.614588
1.610392
1.610392
1.619960
1.619960
1.612874
1.612874
1.619995
1.619995
1.642998
1.642998
1.611633
1.611633
1.633852
1.633852
1.616893
1.616893
1.614856
1.614856
1.625335
1.625335
1.618443
1.618443
1.614415
1.614415
1.625488
1.625488
1.614506
1.614506
1.630671
1.630671
1.614519
1.614519
1.614150
1.614150
1.631720
1.631720
1.616401
1.616401
1.625603
1.625603
1.615437
1.615437
1.607995
1.607995
1.626518
1.626518
1.636103
1.636103
1.613878
1.613878
1.621814
1.621814
1.616689
1.616689
1.622642
1.622642
1.619865
1.619865
1.620040
1.620040
1.623317
1.623317
1.629743
1.629743
1.607845
1.607845
1.622584
1.622584
1.616798
1.616798
1.617381
1.617381
1.618462
1.618462
1.620484
1.620484
1.619775
1.619775
1.625885
1.625885
1.613757
1.613757
1.609274
1.609274
1.620885
1.620885
1.641726
1.641726
1.613827
1.613827
1.622137
1.622137
1.625788
1.625788
1.612279
1.612279
1.624543
1.624543
1.614803
1.614803
1.627616
1.627616
1.613096
1.613096
1.623124
1.623124
1.612924
1.612924
1.624648
1.624648
1.618353
1.618353
1.624034
1.624034
1.612834
1.612834
1.624989
1.624989
1.620196
1.620196
1.615989
1.615989
1.617615
1.617615
1.624227
1.624227
1.614249
1.614249
1.630216
1.630216
1.621822
1.621822
1.619171
1.619171
1.599791
1.599791
1.634608
1.634608
1.625936
1.625936
1.611966
1.611966
1.627854
1.627854
1.624537
1.624537
1.625128
1.625128
1.608173
1.608173
1.631209
1.631209
1.618222
1.618222
1.617236
1.617236
1.615472
1.615472
1.617209
1.617209
1.623335
1.623335
1.612592
1.612592
1.621318
1.621318
1.617554
1.617554
1.626241
1.626241
1.611143
1.611143
1.611555
1.611555
1.625436
1.625436
1.616872
1.616872
1.638355
1.638355
1.622878
1.622878
1.615369
1.615369
1.619177
1.619177
1.621022
1.621022
1.621405
1.621405
1.610815
1.610815
1.621948
1.621948
1.619732
1.619732
1.627879
1.627879
1.618857
1.618857
1.617552
1.617552
1.619646
1.619646
1.621277
1.621277
1.616774
1.616774
1.625120
1.625120
1.608135
1.608135
1.617220
1.617220
1.628124
1.628124
1.618571
1.618571
1.628978
1.628978
1.622185
1.622185
1.610086
1.610086
1.636104
1.636104
1.612656
1.612656
1.617613
1.617613
1.609488
1.609488
1.614235
1.614235
1.628332
1.628332
1.623792
1.623792
1.623949
1.623949
1.622208
1.622208
1.616755
1.616755
1.621158
1.621158
1.622099
1.622099
1.615848
1.615848
1.612612
1.612612
1.611325
1.611325
1.623246
1.623246
1.623996
1.623996
1.629514
1.629514
1.624047
1.624047
1.619903
1.619903
1.629818
1.629818
1.613777
1.613777
1.608915
1.608915
1.628608
1.628608
1.615573
1.615573
1.612899
1.612899
1.622162
1.622162
1.619161
1.619161
1.627097
1.627097
1.607536
1.607536
1.625730
1.625730
1.623633
1.623633
1.613074
1.613074
1.616716
1.616716
1.626599
1.626599
1.609169
1.609169
1.625064
1.625064
1.620990
1.620990
1.623612
1.623612
1.616460
1.616460
1.619491
1.619491
1.625830
1.625830
1.611053
1.611053
1.626577
1.626577
1.615471
1.615471
1.620788
1.620788
1.617523
1.617523
1.617213
1.617213
1.623928
1.623928
1.620889
1.620889
1.609378
1.609378
1.625252
1.625252
1.618211
1.618211
1.620579
1.620579
1.625544
1.625544
1.620489
1.620489
1.617338
1.617338
1.612444
1.612444
1.617681
1.617681
1.625044
1.625044
1.612935
1.612935
1.624482
1.624482
1.617078
1.617078
1.614515
1.614515
1.630075
1.630075
1.617827
1.617827
1.614788
1.614788
1.620611
1.620611
1.615640
1.615640
1.622902
1.622902
1.606439
1.606439
1.627288
1.627288
1.626653
1.626653
1.627251
1.627251
1.619796
1.619796
1.612533
1.612533
1.625162
1.625162
1.610936
1.610936
1.620276
1.620276
1.627782
1.627782
1.616242
1.616242
1.612045
1.612045
1.621295
1.621295
1.617943
1.617943
1.628008
1.628008
1.612775
1.612775
1.626639
1.626639
1.609888
1.609888
1.627089
1.627089
1.606334
1.606334
1.631527
1.631527
1.615469
1.615469
1.615945
1.615945
1.611395
1.611395
1.618822
1.618822
1.624384
1.624384
1.622996
1.622996
1.619341
1.619341
1.618276
1.618276
1.616516
1.616516
1.627706
1.627706
1.617470
1.617470
1.616250
1.616250
1.621824
1.621824
1.620719
1.620719
1.619863
1.619863
1.616658
1.616658
1.617248
1.617248
1.625623
1.625623
1.613499
1.613499
1.631346
1.631346
1.607215
1.607215
1.618844
1.618844
1.611775
1.611775
1.617856
1.617856
1.621712
1.621712
1.627232
1.627232
1.617596
1.617596
1.627631
1.627631
1.614486
1.614486
1.625627
1.625627
1.614790
1.614790
1.612515
1.612515
1.621709
1.621709
1.611910
1.611910
1.630286
1.630286
1.616682
1.616682
1.614811
1.614811
1.624444
1.624444
1.608154
1.608154
1.605876
1.605876
1.636892
1.636892
1.621208
1.621208
1.614650
1.614650
1.627289
1.627289
1.616665
1.616665
1.617409
1.617409
1.620266
1.620266
1.607762
1.607762
1.620793
1.620793
1.611063
1.611063
1.621229
1.621229
1.639093
1.639093
1.620282
1.620282
1.620385
1.620385
1.612628
1.612628
1.621610
1.621610
1.621384
1.621384
1.620842
1.620842
1.619229
1.619229
1.604997
1.604997
1.622452
1.622452
1.630485
1.630485
1.621784
1.621784
1.617366
1.617366
1.619093
1.619093
1.621289
1.621289
1.615337
1.615337
1.616774
1.616774
1.618892
1.618892
1.628041
1.628041
1.614370
1.614370
1.617025
1.617025
1.617947
1.617947
1.625819
1.625819
1.609712
1.609712
1.616310
1.616310
1.627258
1.627258
1.606627
1.606627
1.622933
1.622933
1.618053
1.618053
1.620558
1.620558
1.629151
1.629151
1.618204
1.618204
1.626184
1.626184
1.611377
1.611377
1.614400
1.614400
1.626534
1.626534
1.621660
1.621660
1.616173
1.616173
1.615165
1.615165
1.612418
1.612418
1.632347
1.632347
1.633742
1.633742
1.615750
1.615750
1.616227
1.616227
1.609403
1.609403
1.620085
1.620085
1.623565
1.623565
1.628502
1.628502
1.621923
1.621923
1.603632
1.603632
1.616833
1.616833
1.608936
1.608936
1.623242
1.623242
1.622504
1.622504
1.618308
1.618308
1.622504
1.622504
1.621293
1.621293
1.624102
1.624102
1.621489
1.621489
1.612956
1.612956
1.613818
1.613818
1.622160
1.622160
1.614691
1.614691
1.617748
1.617748
1.629522
1.629522
1.608336
1.608336
1.622603
1.622603
1.625089
1.625089
1.611662
1.611662
1.616268
1.616268
1.618836
1.618836
1.604911
1.604911
1.621090
1.621090
1.624308
1.624308
1.636086
1.636086
1.605244
1.605244
1.629712
1.629712
1.613983
1.613983
1.619307
1.619307
1.616460
1.616460
1.613788
1.613788
1.628048
1.628048
1.620462
1.620462
1.618680
1.618680
1.622980
1.622980
1.600285
1.600285
1.604439
1.604439
1.620201
1.620201
1.612666
1.612666
1.625232
1.625232
1.634698
1.634698
1.624804
1.624804
1.605849
1.605849
1.609475
1.609475
1.624641
1.624641
1.631780
1.631780
1.614376
1.614376
1.610253
1.610253
1.627430
1.627430
1.615597
1.615597
1.628056
1.628056
1.614638
1.614638
1.621141
1.621141
1.615750
1.615750
1.618898
1.618898
1.624469
1.624469
1.625741
1.625741
1.621455
1.621455
1.618215
1.618215
1.609464
1.609464
1.618784
1.618784
1.627639
1.627639
1.603415
1.603415
1.626534
1.626534
1.615992
1.615992
1.620271
1.620271
1.622499
1.622499
1.613533
1.613533
1.621555
1.621555
1.632684
1.632684
1.599280
1.599280
1.616459
1.616459
1.610220
1.610220
1.628276
1.628276
1.623939
1.623939
1.613384
1.613384
1.615757
1.615757
1.634102
1.634102
1.624620
1.624620
1.609827
1.609827
1.606503
1.606503
1.629048
1.629048
1.609590
1.609590
1.621621
1.621621
1.620682
1.620682
1.610589
1.610589
1.617624
1.617624
1.630852
1.630852
1.626842
1.626842
1.616917
1.616917
1.596353
1.596353
1.619286
1.619286
1.618069
1.618069
1.611730
1.611730
1.617449
1.617449
1.628362
1.628362
1.619005
1.619005
1.612239
1.612239
1.618017
1.618017
1.617847
1.617847
1.627523
1.627523
1.610627
1.610627
1.622663
1.622663
1.625224
1.625224
1.624961
1.624961
1.606936
1.606936
1.603340
1.603340
1.625471
1.625471
1.633678
1.633678
1.612804
1.612804
1.617044
1.617044
1.619941
1.619941
1.604898
1.604898
1.624632
1.624632
1.621900
1.621900
1.621828
1.621828
1.621707
1.621707
1.627114
1.627114
1.614397
1.614397
1.609502
1.609502
1.620018
1.620018
1.608184
1.608184
1.611123
1.611123
1.637688
1.637688
1.622998
1.622998
1.610806
1.610806
1.624728
1.624728
1.609740
1.609740
1.603450
1.603450
1.630620
1.630620
1.625006
1.625006
1.611042
1.611042
1.628719
1.628719
1.605599
1.605599
1.630336
1.630336
1.615941
1.615941
1.624323
1.624323
1.610257
1.610257
1.614296
1.614296
1.617463
1.617463
1.627523
1.627523
1.627775
1.627775
1.618027
1.618027
1.626568
1.626568
1.607515
1.607515
1.610472
1.610472
1.631289
1.631289
1.617980
1.617980
1.613781
1.613781
1.619206
1.619206
1.607390
1.607390
1.618386
1.618386
1.622957
1.622957
1.616396
1.616396
1.621055
1.621055
1.611602
1.611602
1.615419
1.615419
1.607579
1.607579
1.626179
1.626179
1.620114
1.620114
1.623366
1.623366
1.620381
1.620381
1.615711
1.615711
1.618689
1.618689
1.617176
1.617176
1.619915
1.619915
1.616683
1.616683
1.619407
1.619407
1.629557
1.629557
1.613918
1.613918
1.610294
1.610294
1.614100
1.614100
1.625941
1.625941
1.614244
1.614244
1.626789
1.626789
1.608292
1.608292
1.615207
1.615207
1.608076
1.608076
1.621703
1.621703
1.617919
1.617919
1.630889
1.630889
1.634778
1.634778
1.614315
1.614315
1.609085
1.609085
1.613997
1.613997
1.619190
1.619190
1.634293
1.634293
1.623794
1.623794
1.609841
1.609841
1.607478
1.607478
1.615039
1.615039
1.625488
1.625488
1.625397
1.625397
1.620267
1.620267
1.609973
1.609973
1.607772
1.607772
1.617562
1.617562
1.619569
1.619569
1.629543
1.629543
1.598892
1.598892
1.627102
1.627102
1.636453
1.636453
1.613275
1.613275
1.619013
1.619013
1.599942
1.599942
1.623092
1.623092
1.612622
1.612622
1.621668
1.621668
1.618326
1.618326
1.617733
1.617733
1.620895
1.620895
1.615592
1.615592
1.625174
1.625174
1.613757
1.613757
1.620262
1.620262
1.615231
1.615231
1.610535
1.610535
1.626233
1.626233
1.620068
1.620068
1.609623
1.609623
1.625528
1.625528
1.615269
1.615269
1.619375
1.619375
1.612963
1.612963
1.616197
1.616197
1.628735
1.628735
1.618960
1.618960
1.626192
1.626192
1.610322
1.610322
1.614607
1.614607
1.620775
1.620775
1.611405
1.611405
1.605118
1.605118
1.611373
1.611373
1.635695
1.635695
1.628781
1.628781
1.610780
1.610780
1.643241
1.643241
1.603758
1.603758
1.620172
1.620172
1.610720
1.610720
1.621634
1.621634
1.614451
1.614451
1.619316
1.619316
1.620799
1.620799
1.612794
1.612794
1.605378
1.605378
1.622744
1.622744
1.610386
1.610386
1.622235
1.622235
1.632014
1.632014
1.629613
1.629613
1.606334
1.606334
1.616495
1.616495
1.617626
1.617626
1.620243
1.620243
1.620582
1.620582
1.611087
1.611087
1.628032
1.628032
1.606862
1.606862
1.624514
1.624514
1.613727
1.613727
1.612563
1.612563
1.624040
1.624040
1.619564
1.619564
1.620240
1.620240
1.618291
1.618291
1.630745
1.630745
1.616768
1.616768
1.606886
1.606886
1.616639
1.616639
1.617371
1.617371
1.629595
1.629595
1.614157
1.614157
1.618437
1.618437
1.607936
1.607936
1.621049
1.621049
1.616869
1.616869
1.609696
1.609696
1.628224
1.628224
1.612476
1.612476
1.627350
1.627350
1.608699
1.608699
1.617710
1.617710
1.625975
1.625975
1.607503
1.607503
1.630459
1.630459
1.621091
1.621091
1.618902
1.618902
1.612427
1.612427
1.603459
1.603459
1.618711
1.618711
1.618675
1.618675
1.620841
1.620841
1.611473
1.611473
1.619812
1.619812
1.624660
1.624660
1.621494
1.621494
1.616457
1.616457
1.617146
1.617146
1.607139
1.607139
1.626583
1.626583
1.608584
1.608584
1.613112
1.613112
1.617137
1.617137
1.624948
1.624948
1.619999
1.619999
1.610683
1.610683
1.616411
1.616411
1.621199
1.621199
1.621242
1.621242
1.625029
1.625029
1.623238
1.623238
1.607291
1.607291
1.610139
1.610139
1.624386
1.624386
1.614683
1.614683
1.628467
1.628467
1.623704
1.623704
1.609471
1.609471
1.610993
1.610993
1.609218
1.609218
1.622169
1.622169
1.622285
1.622285
1.625011
1.625011
1.607930
1.607930
1.613713
1.613713
1.623073
1.623073
1.618104
1.618104
1.620960
1.620960
1.611367
1.611367
1.631521
1.631521
1.630217
1.630217
1.609723
1.609723
1.619102
1.619102
1.592871
1.592871
1.626069
1.626069
1.620776
1.620776
1.624662
1.624662
1.606716
1.606716
1.608188
1.608188
1.637474
1.637474
1.614896
1.614896
1.609598
1.609598
1.615430
1.615430
1.609118
1.609118
1.615510
1.615510
1.621785
1.621785
1.621904
1.621904
1.619447
1.619447
1.607446
1.607446
1.599878
1.599878
1.626924
1.626924
1.613731
1.613731
1.614244
1.614244
1.637169
1.637169
1.619286
1.619286
1.608413
1.608413
1.621361
1.621361
1.618546
1.618546
1.621027
1.621027
1.612536
1.612536
1.612973
1.612973
1.623057
1.623057
1.619563
1.619563
1.620271
1.620271
1.618196
1.618196
1.622742
1.622742
1.606656
1.606656
1.628063
1.628063
1.610757
1.610757
1.610395
1.610395
1.610469
1.610469
1.621484
1.621484
1.624713
1.624713
1.621395
1.621395
1.617752
1.617752
1.604066
1.604066
1.624124
1.624124
1.628825
1.628825
1.611655
1.611655
1.627602
1.627602
1.614357
1.614357
1.616930
1.616930
1.616741
1.616741
1.610467
1.610467
1.617937
1.617937
1.613528
1.613528
1.622621
1.622621
1.618939
1.618939
1.613610
1.613610
1.615336
1.615336
1.630393
1.630393
1.617788
1.617788
1.620517
1.620517
1.599749
1.599749
1.616737
1.616737
1.616679
1.616679
1.623299
1.623299
1.612223
1.612223
1.618518
1.618518
1.613181
1.613181
1.626353
1.626353
1.624162
1.624162
1.622486
1.622486
1.596861
1.596861
1.608368
1.608368
1.618977
1.618977
1.619058
1.619058
1.622910
1.622910
1.617841
1.617841
1.605281
1.605281
1.618196
1.618196
1.619799
1.619799
1.622200
1.622200
1.622527
1.622527
1.610996
1.610996
1.611505
1.611505
1.610278
1.610278
1.617981
1.617981
1.640820
1.640820
1.612655
1.612655
1.610667
1.610667
1.622280
1.622280
1.628522
1.628522
1.611509
1.611509
1.630180
1.630180
1.609830
1.609830
1.618084
1.618084
1.622416
1.622416
1.603419
1.603419
1.616206
1.616206
1.626681
1.626681
1.616973
1.616973
1.607842
1.607842
1.619326
1.619326
1.626486
1.626486
1.606160
1.606160
1.623336
1.623336
1.615618
1.615618
1.614356
1.614356
1.617727
1.617727
1.623486
1.623486
1.625699
1.625699
1.613590
1.613590
1.603128
1.603128
1.617733
1.617733
1.618402
1.618402
1.618649
1.618649
1.614771
1.614771
1.616711
1.616711
1.611325
1.611325
1.611586
1.611586
1.621529
1.621529
1.619999
1.619999
1.623003
1.623003
1.608295
1.608295
1.602639
1.602639
1.634332
1.634332
1.620497
1.620497
1.621253
1.621253
1.616809
1.616809
1.610457
1.610457
1.614045
1.614045
1.614298
1.614298
1.633852
1.633852
1.616692
1.616692
1.618755
1.618755
1.612024
1.612024
1.612396
1.612396
1.628422
1.628422
1.611425
1.611425
1.632436
1.632436
1.627491
1.627491
1.598178
1.598178
1.616235
1.616235
1.617326
1.617326
1.611568
1.611568
1.623791
1.623791
1.612344
1.612344
1.621757
1.621757
1.613780
1.613780
1.611923
1.611923
1.622007
1.622007
1.612294
1.612294
1.627937
1.627937
1.608389
1.608389
1.620947
1.620947
1.628219
1.628219
1.623651
1.623651
1.601334
1.601334
1.620909
1.620909
1.620463
1.620463
1.606713
1.606713
1.616512
1.616512
1.621996
1.621996
1.609967
1.609967
1.628179
1.628179
1.612111
1.612111
1.625168
1.625168
1.608363
1.608363
1.605754
1.605754
1.618565
1.618565
1.619203
1.619203
1.630265
1.630265
1.610304
1.610304
1.615768
1.615768
1.621744
1.621744
1.615282
1.615282
1.613750
1.613750
1.619257
1.619257
1.623785
1.623785
1.613918
1.613918
1.625815
1.625815
1.609482
1.609482
1.611091
1.611091
1.617615
1.617615
1.617168
1.617168
1.617093
1.617093
1.625288
1.625288
1.605785
1.605785
1.618006
1.618006
1.617791
1.617791
1.618211
1.618211
1.617863
1.617863
1.612304
1.612304
1.629680
1.629680
1.607012
1.607012
1.607583
1.607583
1.622962
1.622962
1.618001
1.618001
1.623364
1.623364
1.616974
1.616974
1.612718
1.612718
1.629264
1.629264
1.599045
1.599045
1.607405
1.607405
1.637008
1.637008
1.612951
1.612951
1.611072
1.611072
1.616296
1.616296
1.623452
1.623452
1.606026
1.606026
1.622562
1.622562
1.615983
1.615983
1.616707
1.616707
1.614123
1.614123
1.611475
1.611475
1.626712
1.626712
1.605473
1.605473
1.629413
1.629413
1.609680
1.609680
1.623382
1.623382
1.628836
1.628836
1.603068
1.603068
1.620341
1.620341
1.611075
1.611075
1.619280
1.619280
1.623578
1.623578
1.625725
1.625725
1.601872
1.601872
1.612452
1.612452
1.616870
1.616870
1.611308
1.611308
1.621699
1.621699
1.623432
1.623432
1.626255
1.626255
1.612005
1.612005
1.615241
1.615241
1.609784
1.609784
1.622140
1.622140
1.618844
1.618844
1.618015
1.618015
1.603815
1.603815
1.625876
1.625876
1.617968
1.617968
1.626377
1.626377
1.607458
1.607458
1.619297
1.619297
1.614806
1.614806
1.616143
1.616143
1.617849
1.617849
1.609132
1.609132
1.619797
1.619797
1.624145
1.624145
1.612313
1.612313
1.623852
1.623852
1.612137
1.612137
1.619671
1.619671
1.606082
1.606082
1.623689
1.623689
1.611608
1.611608
1.624120
1.624120
1.611599
1.611599
1.621718
1.621718
1.614475
1.614475
1.631150
1.631150
1.626109
1.626109
1.615780
1.615780
1.606215
1.606215
1.601618
1.601618
