2.300224
2.300224
2.303720
2.303720
2.304331
2.304331
2.302873
2.302873
2.302183
2.302183
2.303429
2.303429
2.302416
2.302416
2.298294
2.298294
2.300814
2.300814
2.298187
2.298187
2.298928
2.298928
2.299195
2.299195
2.296194
2.296194
2.296286
2.296286
2.296484
2.296484
2.294933
2.294933
2.294969
2.294969
2.291450
2.291450
2.291741
2.291741
2.292490
2.292490
2.288802
2.288802
2.287656
2.287656
2.291993
2.291993
2.286338
2.286338
2.285021
2.285021
2.282850
2.282850
2.282285
2.282285
2.279756
2.279756
2.285408
2.285408
2.280418
2.280418
2.276259
2.276259
2.276508
2.276508
2.275707
2.275707
2.276282
2.276282
2.272977
2.272977
2.270654
2.270654
2.271259
2.271259
2.266868
2.266868
2.266993
2.266993
2.264504
2.264504
2.261352
2.261352
2.265730
2.265730
2.259242
2.259242
2.258484
2.258484
2.253053
2.253053
2.253590
2.253590
2.252563
2.252563
2.252812
2.252812
2.245043
2.245043
2.247156
2.247156
2.244449
2.244449
2.242089
2.242089
2.238596
2.238596
2.239300
2.239300
2.233405
2.233405
2.237263
2.237263
2.228922
2.228922
2.223984
2.223984
2.228052
2.228052
2.222589
2.222589
2.217939
2.217939
2.225318
2.225318
2.208973
2.208973
2.217723
2.217723
2.211085
2.211085
2.207106
2.207106
2.215200
2.215200
2.197350
2.197350
2.203408
2.203408
2.196959
2.196959
2.198530
2.198530
2.191047
2.191047
2.196007
2.196007
2.184995
2.184995
2.192920
2.192920
2.190766
2.190766
2.179259
2.179259
2.172261
2.172261
2.187565
2.187565
2.175948
2.175948
2.176306
2.176306
2.183908
2.183908
2.173847
2.173847
2.156177
2.156177
2.159226
2.159226
2.168751
2.168751
2.167545
2.167545
2.157374
2.157374
2.151862
2.151862
2.151731
2.151731
2.155680
2.155680
2.148464
2.148464
2.150261
2.150261
2.148235
2.148235
2.141383
2.141383
2.142796
2.142796
2.136770
2.136770
2.132437
2.132437
2.132223
2.132223
2.150659
2.150659
2.127131
2.127131
2.146184
2.146184
2.123823
2.123823
2.122687
2.122687
2.116227
2.116227
2.123025
2.123025
2.111532
2.111532
2.114681
2.114681
2.117680
2.117680
2.117167
2.117167
2.105530
2.105530
2.108898
2.108898
2.100088
2.100088
2.119266
2.119266
2.093418
2.093418
2.090748
2.090748
2.095697
2.095697
2.107451
2.107451
2.093011
2.093011
2.085277
2.085277
2.093003
2.093003
2.080227
2.080227
2.086616
2.086616
2.076499
2.076499
2.081416
2.081416
2.088049
2.088049
2.051373
2.051373
2.075988
2.075988
2.067085
2.067085
2.080029
2.080029
2.078458
2.078458
2.055208
2.055208
2.056740
2.056740
2.042139
2.042139
2.072119
2.072119
2.047258
2.047258
2.050557
2.050557
2.056467
2.056467
2.045131
2.045131
2.043599
2.043599
2.049192
2.049192
2.024127
2.024127
2.031306
2.031306
2.048784
2.048784
2.029011
2.029011
2.026122
2.026122
2.036322
2.036322
2.032975
2.032975
2.017193
2.017193
2.009362
2.009362
2.013262
2.013262
2.021231
2.021231
2.003237
2.003237
2.015181
2.015181
2.013322
2.013322
2.007982
2.007982
2.008718
2.008718
1.998804
1.998804
1.993680
1.993680
1.998394
1.998394
1.990426
1.990426
2.004913
2.004913
1.991367
1.991367
1.984428
1.984428
1.980132
1.980132
1.984816
1.984816
1.986609
1.986609
1.975327
1.975327
1.980539
1.980539
1.971877
1.971877
1.970269
1.970269
1.977479
1.977479
1.980387
1.980387
1.967157
1.967157
1.951318
1.951318
1.963784
1.963784
1.965539
1.965539
1.951416
1.951416
1.961538
1.961538
1.960644
1.960644
1.958133
1.958133
1.929492
1.929492
1.958691
1.958691
1.956614
1.956614
1.955687
1.955687
1.960081
1.960081
1.953179
1.953179
1.936059
1.936059
1.926693
1.926693
1.938285
1.938285
1.930310
1.930310
1.948148
1.948148
1.943156
1.943156
1.926699
1.926699
1.924039
1.924039
1.924129
1.924129
1.930448
1.930448
1.908031
1.908031
1.947346
1.947346
1.924944
1.924944
1.926015
1.926015
1.927164
1.927164
1.896879
1.896879
1.931827
1.931827
1.914588
1.914588
1.919565
1.919565
1.912076
1.912076
1.915654
1.915654
1.887370
1.887370
1.929159
1.929159
1.910821
1.910821
1.883045
1.883045
1.913865
1.913865
1.909871
1.909871
1.906467
1.906467
1.905233
1.905233
1.894704
1.894704
1.898522
1.898522
1.901708
1.901708
1.884790
1.884790
1.895410
1.895410
1.892363
1.892363
1.892761
1.892761
1.875918
1.875918
1.896041
1.896041
1.882862
1.882862
1.876985
1.876985
1.880230
1.880230
1.889198
1.889198
1.885693
1.885693
1.874971
1.874971
1.883744
1.883744
1.884009
1.884009
1.869033
1.869033
1.864672
1.864672
1.867780
1.867780
1.873413
1.873413
1.872202
1.872202
1.860214
1.860214
1.870840
1.870840
1.869394
1.869394
1.860207
1.860207
1.874775
1.874775
1.855847
1.855847
1.848202
1.848202
1.854590
1.854590
1.857883
1.857883
1.862555
1.862555
1.854203
1.854203
1.850020
1.850020
1.856305
1.856305
1.854287
1.854287
1.844390
1.844390
1.846236
1.846236
1.849951
1.849951
1.834099
1.834099
1.853320
1.853320
1.858795
1.858795
1.847941
1.847941
1.827020
1.827020
1.846667
1.846667
1.835511
1.835511
1.850839
1.850839
1.838512
1.838512
1.825788
1.825788
1.838519
1.838519
1.833431
1.833431
1.839473
1.839473
1.836508
1.836508
1.827542
1.827542
1.820656
1.820656
1.838032
1.838032
1.831728
1.831728
1.819647
1.819647
1.849071
1.849071
1.834865
1.834865
1.820282
1.820282
1.824605
1.824605
1.826148
1.826148
1.829460
1.829460
1.831451
1.831451
1.821984
1.821984
1.816975
1.816975
1.827637
1.827637
1.815729
1.815729
1.821629
1.821629
1.828310
1.828310
1.804714
1.804714
1.814120
1.814120
1.830132
1.830132
1.825698
1.825698
1.814663
1.814663
1.809936
1.809936
1.818658
1.818658
1.808615
1.808615
1.814595
1.814595
1.815679
1.815679
1.815922
1.815922
1.808671
1.808671
1.806066
1.806066
1.807197
1.807197
1.807547
1.807547
1.800185
1.800185
1.815220
1.815220
1.817589
1.817589
1.810803
1.810803
1.811931
1.811931
1.797803
1.797803
1.803344
1.803344
1.806965
1.806965
1.803601
1.803601
1.815764
1.815764
1.806383
1.806383
1.796474
1.796474
1.791422
1.791422
1.801139
1.801139
1.792660
1.792660
1.799023
1.799023
1.805548
1.805548
1.804406
1.804406
1.799343
1.799343
1.804982
1.804982
1.811401
1.811401
1.776272
1.776272
1.796309
1.796309
1.789137
1.789137
1.799124
1.799124
1.792996
1.792996
1.790467
1.790467
1.806283
1.806283
1.790887
1.790887
1.803929
1.803929
1.786475
1.786475
1.798263
1.798263
1.781563
1.781563
1.793718
1.793718
1.788891
1.788891
1.784164
1.784164
1.792048
1.792048
1.793326
1.793326
1.778962
1.778962
1.782534
1.782534
1.809340
1.809340
1.772783
1.772783
1.798649
1.798649
1.806020
1.806020
1.783378
1.783378
1.771495
1.771495
1.793843
1.793843
1.771573
1.771573
1.783084
1.783084
1.782983
1.782983
1.777299
1.777299
1.794029
1.794029
1.780474
1.780474
1.771936
1.771936
1.783980
1.783980
1.787892
1.787892
1.780215
1.780215
1.784990
1.784990
1.782594
1.782594
1.780942
1.780942
1.774439
1.774439
1.774151
1.774151
1.787911
1.787911
1.778443
1.778443
1.769989
1.769989
1.779538
1.779538
1.776929
1.776929
1.785632
1.785632
1.775146
1.775146
1.772239
1.772239
1.777860
1.777860
1.775980
1.775980
1.779158
1.779158
1.784930
1.784930
1.777775
1.777775
1.775397
1.775397
1.768314
1.768314
1.761918
1.761918
1.766040
1.766040
1.777446
1.777446
1.770426
1.770426
1.781202
1.781202
1.765769
1.765769
1.760026
1.760026
1.789076
1.789076
1.769661
1.769661
1.761779
1.761779
1.773990
1.773990
1.754039
1.754039
1.755348
1.755348
1.775616
1.775616
1.778721
1.778721
1.785322
1.785322
1.765440
1.765440
1.764103
1.764103
1.786602
1.786602
1.752490
1.752490
1.769725
1.769725
1.745082
1.745082
1.776536
1.776536
1.760774
1.760774
1.771712
1.771712
1.778708
1.778708
1.773016
1.773016
1.774776
1.774776
1.746881
1.746881
1.764555
1.764555
1.763456
1.763456
1.770036
1.770036
1.760445
1.760445
1.757701
1.757701
1.762180
1.762180
1.765890
1.765890
1.762782
1.762782
1.762185
1.762185
1.774418
1.774418
1.749109
1.749109
1.759826
1.759826
1.756898
1.756898
1.755853
1.755853
1.755029
1.755029
1.765756
1.765756
1.770354
1.770354
1.755373
1.755373
1.767969
1.767969
1.750537
1.750537
1.770448
1.770448
1.748882
1.748882
1.783662
1.783662
1.747249
1.747249
1.758424
1.758424
1.761563
1.761563
1.732897
1.732897
1.755845
1.755845
1.754289
1.754289
1.759041
1.759041
1.762122
1.762122
1.749871
1.749871
1.768171
1.768171
1.753843
1.753843
1.751809
1.751809
1.751074
1.751074
1.750525
1.750525
1.768116
1.768116
1.741601
1.741601
1.758189
1.758189
1.745424
1.745424
1.757843
1.757843
1.745558
1.745558
1.751193
1.751193
1.753764
1.753764
1.751288
1.751288
1.765204
1.765204
1.758580
1.758580
1.750140
1.750140
1.753944
1.753944
1.750065
1.750065
1.744678
1.744678
1.745597
1.745597
1.755624
1.755624
1.760421
1.760421
1.754309
1.754309
1.734029
1.734029
1.747783
1.747783
1.754652
1.754652
1.752038
1.752038
1.754500
1.754500
1.736237
1.736237
1.746033
1.746033
1.745406
1.745406
1.750801
1.750801
1.735634
1.735634
1.768785
1.768785
1.745232
1.745232
1.742997
1.742997
1.750959
1.750959
1.757457
1.757457
1.739079
1.739079
1.756016
1.756016
1.749258
1.749258
1.741412
1.741412
1.739273
1.739273
1.746336
1.746336
1.748654
1.748654
1.736496
1.736496
1.750036
1.750036
1.737224
1.737224
1.757352
1.757352
1.739699
1.739699
1.747474
1.747474
1.763535
1.763535
1.729497
1.729497
1.741781
1.741781
1.729762
1.729762
1.760274
1.760274
1.751459
1.751459
1.733828
1.733828
1.742119
1.742119
1.761527
1.761527
1.743930
1.743930
1.733061
1.733061
1.725777
1.725777
1.750335
1.750335
1.748947
1.748947
1.747022
1.747022
1.732278
1.732278
1.741783
1.741783
1.737631
1.737631
1.750166
1.750166
1.747959
1.747959
1.735200
1.735200
1.730008
1.730008
1.740689
1.740689
1.743695
1.743695
1.736846
1.736846
1.728283
1.728283
1.739495
1.739495
1.754214
1.754214
1.746415
1.746415
1.744852
1.744852
1.737188
1.737188
1.743384
1.743384
1.719635
1.719635
1.722665
1.722665
1.735918
1.735918
1.737683
1.737683
1.737639
1.737639
1.762033
1.762033
1.716790
1.716790
1.742856
1.742856
1.756460
1.756460
1.736946
1.736946
1.733124
1.733124
1.745925
1.745925
1.743974
1.743974
1.718082
1.718082
1.741124
1.741124
1.733148
1.733148
1.739547
1.739547
1.723969
1.723969
1.724208
1.724208
1.749020
1.749020
1.743826
1.743826
1.746004
1.746004
1.741556
1.741556
1.738910
1.738910
1.728281
1.728281
1.716571
1.716571
1.748600
1.748600
1.748916
1.748916
1.718282
1.718282
1.714614
1.714614
1.742379
1.742379
1.728992
1.728992
1.736472
1.736472
1.730456
1.730456
1.732152
1.732152
1.740736
1.740736
1.744700
1.744700
1.723156
1.723156
1.721387
1.721387
1.735641
1.735641
1.740283
1.740283
1.739434
1.739434
1.729574
1.729574
1.732220
1.732220
1.723725
1.723725
1.735772
1.735772
1.730556
1.730556
1.731570
1.731570
1.722156
1.722156
1.733946
1.733946
1.739846
1.739846
1.722865
1.722865
1.735032
1.735032
1.744709
1.744709
1.717693
1.717693
1.732992
1.732992
1.751499
1.751499
1.718873
1.718873
1.730854
1.730854
1.731118
1.731118
1.713710
1.713710
1.720434
1.720434
1.731819
1.731819
1.737043
1.737043
1.730818
1.730818
1.724825
1.724825
1.729885
1.729885
1.718346
1.718346
1.726234
1.726234
1.735688
1.735688
1.733232
1.733232
1.745463
1.745463
1.712899
1.712899
1.715320
1.715320
1.744265
1.744265
1.719449
1.719449
1.721482
1.721482
1.718705
1.718705
1.721560
1.721560
1.745651
1.745651
1.728645
1.728645
1.724344
1.724344
1.722232
1.722232
1.745468
1.745468
1.731715
1.731715
1.704255
1.704255
1.719024
1.719024
1.736791
1.736791
1.721831
1.721831
1.718922
1.718922
1.734370
1.734370
1.727350
1.727350
1.705992
1.705992
1.727256
1.727256
1.711527
1.711527
1.761107
1.761107
1.716130
1.716130
1.748013
1.748013
1.729345
1.729345
1.720819
1.720819
1.704620
1.704620
1.718903
1.718903
1.744879
1.744879
1.702831
1.702831
1.739121
1.739121
1.711584
1.711584
1.708085
1.708085
1.714079
1.714079
1.728573
1.728573
1.737561
1.737561
1.729654
1.729654
1.707073
1.707073
1.732035
1.732035
1.731274
1.731274
1.713227
1.713227
1.731864
1.731864
1.727357
1.727357
1.710179
1.710179
1.722869
1.722869
1.710238
1.710238
1.744443
1.744443
1.719553
1.719553
1.712336
1.712336
1.707686
1.707686
1.727704
1.727704
1.745024
1.745024
1.730049
1.730049
1.716631
1.716631
1.729717
1.729717
1.710866
1.710866
1.716487
1.716487
1.716975
1.716975
1.716479
1.716479
1.729168
1.729168
1.730123
1.730123
1.706107
1.706107
1.709124
1.709124
1.715114
1.715114
1.725389
1.725389
1.728967
1.728967
1.720297
1.720297
1.741690
1.741690
1.716582
1.716582
1.702089
1.702089
1.726220
1.726220
1.706837
1.706837
1.701516
1.701516
1.716527
1.716527
1.722792
1.722792
1.728950
1.728950
1.724326
1.724326
1.723752
1.723752
1.726598
1.726598
1.706918
1.706918
1.707252
1.707252
1.727455
1.727455
1.714130
1.714130
1.717439
1.717439
1.715899
1.715899
1.715679
1.715679
1.725696
1.725696
1.706811
1.706811
1.726306
1.726306
1.713536
1.713536
1.722552
1.722552
1.714749
1.714749
1.702622
1.702622
1.712949
1.712949
1.729885
1.729885
1.715490
1.715490
1.721646
1.721646
1.721573
1.721573
1.721667
1.721667
1.724161
1.724161
1.693247
1.693247
1.718588
1.718588
1.722746
1.722746
1.713664
1.713664
1.705467
1.705467
1.719727
1.719727
1.713987
1.713987
1.702981
1.702981
1.725262
1.725262
1.716855
1.716855
1.716228
1.716228
1.710947
1.710947
1.698079
1.698079
1.723760
1.723760
1.707636
1.707636
1.724227
1.724227
1.717046
1.717046
1.694623
1.694623
1.741073
1.741073
1.713526
1.713526
1.707960
1.707960
1.709233
1.709233
1.707466
1.707466
1.712077
1.712077
1.716871
1.716871
1.731169
1.731169
1.692776
1.692776
1.712373
1.712373
1.723143
1.723143
1.706460
1.706460
1.719571
1.719571
1.696833
1.696833
1.704584
1.704584
1.717514
1.717514
1.708616
1.708616
1.713483
1.713483
1.715024
1.715024
1.711308
1.711308
1.724856
1.724856
1.703176
1.703176
1.709960
1.709960
1.705146
1.705146
1.707663
1.707663
1.701969
1.701969
1.726740
1.726740
1.713168
1.713168
1.701224
1.701224
1.698883
1.698883
1.698864
1.698864
1.739805
1.739805
1.705395
1.705395
1.705925
1.705925
1.712524
1.712524
1.700925
1.700925
1.696973
1.696973
1.714669
1.714669
1.724556
1.724556
1.702981
1.702981
1.721850
1.721850
1.695903
1.695903
1.711868
1.711868
1.711417
1.711417
1.709214
1.709214
1.709163
1.709163
1.704379
1.704379
1.710780
1.710780
1.706659
1.706659
1.710148
1.710148
1.703001
1.703001
1.714093
1.714093
1.703967
1.703967
1.705748
1.705748
1.703153
1.703153
1.709645
1.709645
1.702852
1.702852
1.721178
1.721178
1.694873
1.694873
1.688277
1.688277
1.719326
1.719326
1.706254
1.706254
1.700938
1.700938
1.718436
1.718436
1.728486
1.728486
1.696539
1.696539
1.701609
1.701609
1.700909
1.700909
1.698439
1.698439
1.710998
1.710998
1.723815
1.723815
1.693679
1.693679
1.702676
1.702676
1.689816
1.689816
1.715812
1.715812
1.701546
1.701546
1.694472
1.694472
1.709711
1.709711
1.697796
1.697796
1.709553
1.709553
1.700179
1.700179
1.706291
1.706291
1.709188
1.709188
1.688901
1.688901
1.718672
1.718672
1.688735
1.688735
1.708577
1.708577
1.702970
1.702970
1.692383
1.692383
1.693339
1.693339
1.696009
1.696009
1.696028
1.696028
1.719442
1.719442
1.705692
1.705692
1.702590
1.702590
1.708771
1.708771
1.686771
1.686771
1.703818
1.703818
1.704728
1.704728
1.696734
1.696734
1.687461
1.687461
1.717400
1.717400
1.705569
1.705569
1.693643
1.693643
1.707446
1.707446
1.710435
1.710435
1.688667
1.688667
1.694967
1.694967
1.696084
1.696084
1.701460
1.701460
1.697595
1.697595
1.688879
1.688879
1.708558
1.708558
1.697680
1.697680
1.715920
1.715920
1.704391
1.704391
1.689051
1.689051
1.679258
1.679258
1.702754
1.702754
1.695838
1.695838
1.699903
1.699903
1.713535
1.713535
1.686472
1.686472
1.689057
1.689057
1.698324
1.698324
1.691191
1.691191
1.699564
1.699564
1.698345
1.698345
1.694707
1.694707
1.693730
1.693730
1.694432
1.694432
1.687223
1.687223
1.699566
1.699566
1.705603
1.705603
1.697148
1.697148
1.684630
1.684630
1.697236
1.697236
1.696911
1.696911
1.699489
1.699489
1.685754
1.685754
1.698415
1.698415
1.703681
1.703681
1.694944
1.694944
1.686140
1.686140
1.689644
1.689644
1.695732
1.695732
1.694516
1.694516
1.690049
1.690049
1.697452
1.697452
1.681990
1.681990
1.700374
1.700374
1.709931
1.709931
1.697518
1.697518
1.667920
1.667920
1.683781
1.683781
1.675502
1.675502
1.711465
1.711465
1.693760
1.693760
1.694986
1.694986
1.709412
1.709412
1.682895
1.682895
1.691440
1.691440
1.690776
1.690776
1.677999
1.677999
1.689979
1.689979
1.682649
1.682649
1.699738
1.699738
1.685001
1.685001
1.694840
1.694840
1.689750
1.689750
1.679871
1.679871
1.707306
1.707306
1.686265
1.686265
1.683243
1.683243
1.705990
1.705990
1.682926
1.682926
1.684000
1.684000
1.679464
1.679464
1.692587
1.692587
1.680749
1.680749
1.678766
1.678766
1.701523
1.701523
1.689662
1.689662
1.690510
1.690510
1.685460
1.685460
1.690409
1.690409
1.680192
1.680192
1.684944
1.684944
1.698488
1.698488
1.676375
1.676375
1.689658
1.689658
1.685668
1.685668
1.700361
1.700361
1.680595
1.680595
1.685856
1.685856
1.687893
1.687893
1.672951
1.672951
1.696761
1.696761
1.687466
1.687466
1.686655
1.686655
1.692349
1.692349
1.682132
1.682132
1.675882
1.675882
1.691877
1.691877
1.692531
1.692531
1.663764
1.663764
1.689779
1.689779
1.689103
1.689103
1.690490
1.690490
1.693147
1.693147
1.666333
1.666333
1.685016
1.685016
1.702220
1.702220
1.672300
1.672300
1.682993
1.682993
1.688271
1.688271
1.679951
1.679951
1.691144
1.691144
1.674240
1.674240
1.681696
1.681696
1.699297
1.699297
1.676901
1.676901
1.680976
1.680976
1.675150
1.675150
1.684691
1.684691
1.683272
1.683272
1.695073
1.695073
1.676153
1.676153
1.671328
1.671328
1.674796
1.674796
1.671571
1.671571
1.676271
1.676271
1.692508
1.692508
1.697948
1.697948
1.687409
1.687409
1.686630
1.686630
1.679999
1.679999
1.671458
1.671458
1.681663
1.681663
1.689129
1.689129
1.676569
1.676569
1.666159
1.666159
1.683652
1.683652
1.690917
1.690917
1.675788
1.675788
1.676947
1.676947
1.679888
1.679888
1.681864
1.681864
1.688986
1.688986
1.685887
1.685887
1.683995
1.683995
1.663280
1.663280
1.675496
1.675496
1.693030
1.693030
1.676157
1.676157
1.685485
1.685485
1.665176
1.665176
1.685177
1.685177
1.685816
1.685816
1.684705
1.684705
1.673541
1.673541
1.670649
1.670649
1.686885
1.686885
1.677974
1.677974
1.675851
1.675851
1.681250
1.681250
1.683618
1.683618
1.682144
1.682144
1.665975
1.665975
1.678916
1.678916
1.689344
1.689344
1.685367
1.685367
1.660696
1.660696
1.673679
1.673679
1.678375
1.678375
1.675271
1.675271
1.678551
1.678551
1.668168
1.668168
1.688165
1.688165
1.667105
1.667105
1.683622
1.683622
1.673687
1.673687
1.680511
1.680511
1.679486
1.679486
1.670155
1.670155
1.685032
1.685032
1.686640
1.686640
1.677624
1.677624
1.658422
1.658422
1.667018
1.667018
1.672787
1.672787
1.666806
1.666806
1.699508
1.699508
1.672262
1.672262
1.691872
1.691872
1.673441
1.673441
1.671892
1.671892
1.669251
1.669251
1.668975
1.668975
1.688623
1.688623
1.676557
1.676557
1.669892
1.669892
1.668731
1.668731
1.669451
1.669451
1.657004
1.657004
1.686982
1.686982
1.673815
1.673815
1.684577
1.684577
1.668503
1.668503
1.664930
1.664930
1.662498
1.662498
1.683114
1.683114
1.679371
1.679371
1.681230
1.681230
1.660578
1.660578
1.690025
1.690025
1.669218
1.669218
1.677400
1.677400
1.669404
1.669404
1.657056
1.657056
1.670927
1.670927
1.681280
1.681280
1.674785
1.674785
1.683153
1.683153
1.684336
1.684336
1.679200
1.679200
1.663469
1.663469
1.669355
1.669355
1.665167
1.665167
1.671035
1.671035
1.669060
1.669060
1.676912
1.676912
1.664902
1.664902
1.680582
1.680582
1.682618
1.682618
1.678342
1.678342
1.667581
1.667581
1.660838
1.660838
1.668624
1.668624
1.667006
1.667006
1.657529
1.657529
1.681589
1.681589
1.662234
1.662234
1.692247
1.692247
1.662330
1.662330
1.666400
1.666400
1.674259
1.674259
1.676357
1.676357
1.675985
1.675985
1.663514
1.663514
1.676181
1.676181
1.674084
1.674084
1.673972
1.673972
1.662911
1.662911
1.657230
1.657230
1.672463
1.672463
1.675294
1.675294
1.662274
1.662274
1.686022
1.686022
1.679502
1.679502
1.687673
1.687673
1.658360
1.658360
1.657126
1.657126
1.664304
1.664304
1.673818
1.673818
1.671234
1.671234
1.666022
1.666022
1.666734
1.666734
1.667909
1.667909
1.662713
1.662713
1.683163
1.683163
1.671287
1.671287
1.657172
1.657172
1.669823
1.669823
1.673376
1.673376
1.668550
1.668550
1.672163
1.672163
1.670620
1.670620
1.654471
1.654471
1.654251
1.654251
1.675413
1.675413
1.661063
1.661063
1.683210
1.683210
1.665578
1.665578
1.672652
1.672652
1.663820
1.663820
1.661750
1.661750
1.672974
1.672974
1.666590
1.666590
1.665212
1.665212
1.661914
1.661914
1.670953
1.670953
1.657142
1.657142
1.684304
1.684304
1.672379
1.672379
1.660021
1.660021
1.671858
1.671858
1.673872
1.673872
1.653342
1.653342
1.665057
1.665057
1.661421
1.661421
1.671113
1.671113
1.667761
1.667761
1.667000
1.667000
1.679428
1.679428
1.662678
1.662678
1.650996
1.650996
1.674612
1.674612
1.661787
1.661787
1.647902
1.647902
1.674027
1.674027
1.666592
1.666592
1.661561
1.661561
1.681558
1.681558
1.674299
1.674299
1.668161
1.668161
1.649726
1.649726
1.666144
1.666144
1.669016
1.669016
1.660209
1.660209
1.669278
1.669278
1.662197
1.662197
1.672491
1.672491
1.659522
1.659522
1.667576
1.667576
1.661316
1.661316
1.671131
1.671131
1.657149
1.657149
1.666094
1.666094
1.655996
1.655996
1.672724
1.672724
1.668706
1.668706
1.670726
1.670726
1.650230
1.650230
1.681479
1.681479
1.655020
1.655020
1.653303
1.653303
1.669627
1.669627
1.659036
1.659036
1.672437
1.672437
1.661132
1.661132
1.660968
1.660968
1.664235
1.664235
1.657702
1.657702
1.667793
1.667793
1.668669
1.668669
1.646323
1.646323
1.669250
1.669250
1.664041
1.664041
1.669129
1.669129
1.668853
1.668853
1.655822
1.655822
1.651057
1.651057
1.670980
1.670980
1.669897
1.669897
1.656456
1.656456
1.660183
1.660183
1.666048
1.666048
1.659222
1.659222
1.666537
1.666537
1.652840
1.652840
1.658964
1.658964
1.654490
1.654490
1.681893
1.681893
1.652262
1.652262
1.664561
1.664561
1.669143
1.669143
1.653507
1.653507
1.671551
1.671551
1.657863
1.657863
1.657065
1.657065
1.673027
1.673027
1.663842
1.663842
1.654145
1.654145
1.673955
1.673955
1.658723
1.658723
1.657136
1.657136
1.657338
1.657338
1.657967
1.657967
1.653043
1.653043
1.673433
1.673433
1.668257
1.668257
1.648905
1.648905
1.660439
1.660439
1.639499
1.639499
1.662611
1.662611
1.667496
1.667496
1.673366
1.673366
1.659309
1.659309
1.661402
1.661402
1.650802
1.650802
1.666347
1.666347
1.665902
1.665902
1.655506
1.655506
1.657993
1.657993
1.661051
1.661051
1.664950
1.664950
1.653003
1.653003
1.662944
1.662944
1.652442
1.652442
1.659075
1.659075
1.677130
1.677130
1.657214
1.657214
1.649972
1.649972
1.654536
1.654536
1.660120
1.660120
1.654753
1.654753
1.657572
1.657572
1.671722
1.671722
1.667190
1.667190
1.657934
1.657934
1.665322
1.665322
1.652293
1.652293
1.650135
1.650135
1.677356
1.677356
1.643737
1.643737
1.656950
1.656950
1.661510
1.661510
1.652287
1.652287
1.652624
1.652624
1.657924
1.657924
1.659526
1.659526
1.661810
1.661810
1.660077
1.660077
1.648536
1.648536
1.651899
1.651899
1.674820
1.674820
1.651535
1.651535
1.664612
1.664612
1.659336
1.659336
1.647731
1.647731
1.664928
1.664928
1.658741
1.658741
1.657859
1.657859
1.648293
1.648293
1.662826
1.662826
1.653808
1.653808
1.663575
1.663575
1.658910
1.658910
1.660012
1.660012
1.669368
1.669368
1.658744
1.658744
1.643642
1.643642
1.653070
1.653070
1.656528
1.656528
1.666439
1.666439
1.645267
1.645267
1.656363
1.656363
1.660270
1.660270
1.646864
1.646864
1.661628
1.661628
1.663288
1.663288
1.657906
1.657906
1.652183
1.652183
1.659093
1.659093
1.651947
1.651947
1.656702
1.656702
1.653566
1.653566
1.660913
1.660913
1.666175
1.666175
1.660344
1.660344
1.638616
1.638616
1.657127
1.657127
1.658057
1.658057
1.649088
1.649088
1.645573
1.645573
1.661012
1.661012
1.654194
1.654194
1.671846
1.671846
1.657727
1.657727
1.663232
1.663232
1.658007
1.658007
1.654626
1.654626
1.640545
1.640545
1.652606
1.652606
1.659950
1.659950
1.665156
1.665156
1.651562
1.651562
1.644266
1.644266
1.656663
1.656663
1.660339
1.660339
1.653578
1.653578
1.654499
1.654499
1.647861
1.647861
1.657236
1.657236
1.665355
1.665355
1.653147
1.653147
1.645994
1.645994
1.650448
1.650448
1.649663
1.649663
1.651459
1.651459
1.666779
1.666779
1.639205
1.639205
1.667096
1.667096
1.659958
1.659958
1.638555
1.638555
1.648459
1.648459
1.662162
1.662162
1.662988
1.662988
1.642411
1.642411
1.651904
1.651904
1.651585
1.651585
1.668505
1.668505
1.654795
1.654795
1.652849
1.652849
1.659915
1.659915
1.642038
1.642038
1.658513
1.658513
1.654573
1.654573
1.649079
1.649079
1.653843
1.653843
1.654428
1.654428
1.654529
1.654529
1.654813
1.654813
1.657544
1.657544
1.642023
1.642023
1.650623
1.650623
1.650562
1.650562
1.667167
1.667167
1.648762
1.648762
1.657721
1.657721
1.647734
1.647734
1.665772
1.665772
1.641577
1.641577
1.653117
1.653117
1.647789
1.647789
1.648657
1.648657
1.670171
1.670171
1.640381
1.640381
1.663194
1.663194
1.642117
1.642117
1.654184
1.654184
1.650005
1.650005
1.651707
1.651707
1.646261
1.646261
1.651372
1.651372
1.664184
1.664184
1.640858
1.640858
1.658738
1.658738
1.654950
1.654950
1.646469
1.646469
1.654917
1.654917
1.648003
1.648003
1.655175
1.655175
1.664413
1.664413
1.653033
1.653033
1.649867
1.649867
1.633351
1.633351
1.658297
1.658297
1.650477
1.650477
1.650533
1.650533
1.647609
1.647609
1.648452
1.648452
1.661325
1.661325
1.655489
1.655489
1.650671
1.650671
1.655436
1.655436
1.650349
1.650349
1.641291
1.641291
1.652797
1.652797
1.658727
1.658727
1.636211
1.636211
1.649001
1.649001
1.658878
1.658878
1.643577
1.643577
1.644363
1.644363
1.660480
1.660480
1.640232
1.640232
1.667581
1.667581
1.652090
1.652090
1.648728
1.648728
1.649860
1.649860
1.660787
1.660787
1.637637
1.637637
1.656305
1.656305
1.638569
1.638569
1.646052
1.646052
1.656189
1.656189
1.654175
1.654175
1.644336
1.644336
1.649299
1.649299
1.639891
1.639891
1.660311
1.660311
1.656831
1.656831
1.671441
1.671441
1.638814
1.638814
1.632255
1.632255
1.654147
1.654147
1.651999
1.651999
1.663620
1.663620
1.648878
1.648878
1.645900
1.645900
1.656178
1.656178
1.628226
1.628226
1.650188
1.650188
1.654835
1.654835
1.644317
1.644317
1.649091
1.649091
1.647083
1.647083
1.659989
1.659989
1.647067
1.647067
1.643699
1.643699
1.637365
1.637365
1.658614
1.658614
1.642233
1.642233
1.658034
1.658034
1.655994
1.655994
1.648586
1.648586
1.636373
1.636373
1.657846
1.657846
1.654294
1.654294
1.645909
1.645909
1.639872
1.639872
1.643691
1.643691
1.640238
1.640238
1.653058
1.653058
1.648115
1.648115
1.648765
1.648765
1.652058
1.652058
1.644923
1.644923
1.658951
1.658951
1.641063
1.641063
1.644309
1.644309
1.651890
1.651890
1.652523
1.652523
1.659689
1.659689
1.638188
1.638188
1.656417
1.656417
1.628642
1.628642
1.645095
1.645095
1.648674
1.648674
1.647256
1.647256
1.646016
1.646016
1.652084
1.652084
1.642470
1.642470
1.645653
1.645653
1.651309
1.651309
1.645450
1.645450
1.653512
1.653512
1.639136
1.639136
1.632751
1.632751
1.650278
1.650278
1.656667
1.656667
1.659787
1.659787
1.635616
1.635616
1.647383
1.647383
1.650296
1.650296
1.657307
1.657307
1.643846
1.643846
1.643310
1.643310
1.653099
1.653099
1.652041
1.652041
1.648211
1.648211
1.635006
1.635006
1.630936
1.630936
1.643269
1.643269
1.642982
1.642982
1.665361
1.665361
1.651403
1.651403
1.644156
1.644156
1.644214
1.644214
1.649025
1.649025
1.657172
1.657172
1.635191
1.635191
1.639698
1.639698
1.651424
1.651424
1.644084
1.644084
1.645510
1.645510
1.651295
1.651295
1.638397
1.638397
1.637495
1.637495
1.655326
1.655326
1.652464
1.652464
1.646375
1.646375
1.658340
1.658340
1.653245
1.653245
1.620129
1.620129
1.647276
1.647276
1.651029
1.651029
1.648073
1.648073
1.645826
1.645826
1.643133
1.643133
1.638287
1.638287
1.654434
1.654434
1.647928
1.647928
1.656872
1.656872
1.632713
1.632713
1.638272
1.638272
1.652683
1.652683
1.653317
1.653317
1.639116
1.639116
1.650951
1.650951
1.647532
1.647532
1.632580
1.632580
1.659762
1.659762
1.639281
1.639281
1.643160
1.643160
1.640604
1.640604
1.641564
1.641564
1.651444
1.651444
1.644057
1.644057
1.636990
1.636990
1.647339
1.647339
1.644128
1.644128
1.654718
1.654718
1.632508
1.632508
1.642214
1.642214
1.656150
1.656150
1.635761
1.635761
1.640574
1.640574
1.638868
1.638868
1.650313
1.650313
1.640705
1.640705
1.653553
1.653553
1.649477
1.649477
1.645253
1.645253
1.657263
1.657263
1.644133
1.644133
1.620361
1.620361
1.638469
1.638469
1.646084
1.646084
1.639899
1.639899
1.651776
1.651776
1.644080
1.644080
1.653391
1.653391
1.647346
1.647346
1.646043
1.646043
1.628855
1.628855
1.643736
1.643736
1.642815
1.642815
1.646320
1.646320
1.638385
1.638385
1.642567
1.642567
1.649557
1.649557
1.641341
1.641341
1.639823
1.639823
1.651194
1.651194
1.644466
1.644466
1.640062
1.640062
1.642791
1.642791
1.642782
1.642782
1.653898
1.653898
1.637132
1.637132
1.639230
1.639230
1.626767
1.626767
1.653325
1.653325
1.631621
1.631621
1.650117
1.650117
1.656590
1.656590
1.659012
1.659012
1.629184
1.629184
1.649469
1.649469
1.634846
1.634846
1.642188
1.642188
1.650265
1.650265
1.626662
1.626662
1.645348
1.645348
1.647102
1.647102
1.645032
1.645032
1.646263
1.646263
1.634772
1.634772
1.651093
1.651093
1.639105
1.639105
1.641668
1.641668
1.644752
1.644752
1.641645
1.641645
1.637829
1.637829
1.641470
1.641470
1.647542
1.647542
1.644552
1.644552
1.637162
1.637162
1.650510
1.650510
1.630678
1.630678
1.649986
1.649986
1.633374
1.633374
1.649156
1.649156
1.634802
1.634802
1.640441
1.640441
1.655353
1.655353
1.640115
1.640115
1.639455
1.639455
1.641381
1.641381
1.637763
1.637763
1.653141
1.653141
1.632558
1.632558
1.649548
1.649548
1.646825
1.646825
1.648549
1.648549
1.628645
1.628645
1.623625
1.623625
1.634356
1.634356
1.649643
1.649643
1.654520
1.654520
1.646801
1.646801
1.631032
1.631032
1.648008
1.648008
1.639131
1.639131
1.645734
1.645734
1.643580
1.643580
1.647157
1.647157
1.625885
1.625885
1.648848
1.648848
1.650754
1.650754
1.631669
1.631669
1.642257
1.642257
1.634658
1.634658
1.643189
1.643189
1.641154
1.641154
1.644907
1.644907
1.640871
1.640871
1.637687
1.637687
1.635997
1.635997
1.652774
1.652774
1.636330
1.636330
1.640329
1.640329
1.641229
1.641229
1.639864
1.639864
1.640801
1.640801
1.641740
1.641740
1.651691
1.651691
1.626320
1.626320
1.638212
1.638212
1.645761
1.645761
1.641052
1.641052
1.641947
1.641947
1.642956
1.642956
1.629226
1.629226
1.648834
1.648834
1.638868
1.638868
1.641829
1.641829
1.639445
1.639445
1.643080
1.643080
1.637738
1.637738
1.638981
1.638981
1.633108
1.633108
1.640360
1.640360
1.637875
1.637875
1.645362
1.645362
1.644764
1.644764
1.645701
1.645701
1.651667
1.651667
1.635628
1.635628
1.635647
1.635647
1.628910
1.628910
1.647285
1.647285
1.638104
1.638104
1.635713
1.635713
1.635937
1.635937
1.642448
1.642448
1.629527
1.629527
1.633576
1.633576
1.650122
1.650122
1.640839
1.640839
1.645231
1.645231
1.636761
1.636761
1.642192
1.642192
1.630907
1.630907
1.642871
1.642871
1.645971
1.645971
1.640595
1.640595
1.626631
1.626631
1.651388
1.651388
1.642030
1.642030
1.635161
1.635161
1.640293
1.640293
1.634799
1.634799
1.635334
1.635334
1.646680
1.646680
1.638650
1.638650
1.643269
1.643269
1.636224
1.636224
1.634543
1.634543
1.638866
1.638866
1.642990
1.642990
1.632959
1.632959
1.642380
1.642380
1.636457
1.636457
1.653913
1.653913
1.626062
1.626062
1.638300
1.638300
1.640586
1.640586
1.639718
1.639718
1.635626
1.635626
1.639507
1.639507
1.641677
1.641677
1.623124
1.623124
1.646449
1.646449
1.634680
1.634680
1.648984
1.648984
1.629599
1.629599
1.632633
1.632633
1.647471
1.647471
1.649600
1.649600
1.631391
1.631391
1.634574
1.634574
1.622538
1.622538
1.649916
1.649916
1.640575
1.640575
1.645120
1.645120
1.652388
1.652388
1.637803
1.637803
1.634766
1.634766
1.635880
1.635880
1.627697
1.627697
1.635810
1.635810
1.638991
1.638991
1.634218
1.634218
1.638826
1.638826
1.643076
1.643076
1.634785
1.634785
1.643717
1.643717
1.634971
1.634971
1.634342
1.634342
1.642245
1.642245
1.647447
1.647447
1.629396
1.629396
1.624959
1.624959
1.631911
1.631911
1.659014
1.659014
1.648233
1.648233
1.630804
1.630804
1.645989
1.645989
1.627307
1.627307
1.634883
1.634883
1.639213
1.639213
1.632848
1.632848
1.631880
1.631880
1.640491
1.640491
1.643913
1.643913
1.628989
1.628989
1.639082
1.639082
1.639403
1.639403
1.638513
1.638513
1.641104
1.641104
1.630301
1.630301
1.643408
1.643408
1.630057
1.630057
1.636091
1.636091
1.647933
1.647933
1.637451
1.637451
1.635923
1.635923
1.638464
1.638464
1.648389
1.648389
1.621637
1.621637
1.625802
1.625802
1.635758
1.635758
1.634025
1.634025
1.647517
1.647517
1.642213
1.642213
1.639177
1.639177
1.632525
1.632525
1.644570
1.644570
1.633332
1.633332
1.633251
1.633251
1.632602
1.632602
1.641632
1.641632
1.632645
1.632645
1.634874
1.634874
1.642241
1.642241
1.632638
1.632638
1.630166
1.630166
1.636920
1.636920
1.646989
1.646989
1.635219
1.635219
1.636995
1.636995
1.640278
1.640278
1.643327
1.643327
1.633451
1.633451
1.625240
1.625240
1.623634
1.623634
1.646054
1.646054
1.635919
1.635919
1.639374
1.639374
1.635749
1.635749
1.631776
1.631776
1.639081
1.639081
1.613421
1.613421
1.645835
1.645835
1.653540
1.653540
1.634427
1.634427
1.640862
1.640862
1.637563
1.637563
1.619456
1.619456
1.650005
1.650005
1.635958
1.635958
1.625896
1.625896
1.629840
1.629840
1.637635
1.637635
1.652916
1.652916
1.630222
1.630222
1.637152
1.637152
1.642168
1.642168
1.635844
1.635844
1.632060
1.632060
1.641107
1.641107
1.629330
1.629330
1.631022
1.631022
1.638915
1.638915
1.637551
1.637551
1.623712
1.623712
1.630581
1.630581
1.634261
1.634261
1.639006
1.639006
1.652783
1.652783
1.631362
1.631362
1.638452
1.638452
1.628972
1.628972
1.656155
1.656155
1.617785
1.617785
1.638670
1.638670
1.637282
1.637282
1.625118
1.625118
1.634438
1.634438
1.641305
1.641305
1.643861
1.643861
1.633058
1.633058
1.627980
1.627980
1.633442
1.633442
1.637004
1.637004
1.625676
1.625676
1.630686
1.630686
1.642813
1.642813
1.638371
1.638371
1.637226
1.637226
1.642548
1.642548
1.639554
1.639554
1.624466
1.624466
1.630962
1.630962
1.636479
1.636479
1.632961
1.632961
1.640158
1.640158
1.622486
1.622486
1.640991
1.640991
1.636901
1.636901
1.630581
1.630581
1.645897
1.645897
1.626450
1.626450
1.632177
1.632177
1.638015
1.638015
1.642892
1.642892
1.626861
1.626861
1.629915
1.629915
1.631156
1.631156
1.642619
1.642619
1.635559
1.635559
1.630799
1.630799
1.639819
1.639819
1.632353
1.632353
1.632252
1.632252
1.637832
1.637832
1.634221
1.634221
1.644222
1.644222
1.621273
1.621273
1.632722
1.632722
1.633597
1.633597
1.636778
1.636778
1.633554
1.633554
1.626237
1.626237
1.641213
1.641213
1.637690
1.637690
1.629220
1.629220
1.642491
1.642491
1.626024
1.626024
1.633928
1.633928
1.636298
1.636298
1.638600
1.638600
1.643101
1.643101
1.625650
1.625650
1.622925
1.622925
1.635483
1.635483
1.643014
1.643014
1.624876
1.624876
1.623696
1.623696
1.642936
1.642936
1.646688
1.646688
1.622975
1.622975
1.622725
1.622725
1.629751
1.629751
1.648380
1.648380
1.630982
1.630982
1.631073
1.631073
1.642247
1.642247
1.639557
1.639557
1.620525
1.620525
1.648468
1.648468
1.632118
1.632118
1.636032
1.636032
1.622630
1.622630
1.625579
1.625579
1.624261
1.624261
1.641947
1.641947
1.625968
1.625968
1.642943
1.642943
1.630039
1.630039
1.642526
1.642526
1.618512
1.618512
1.637697
1.637697
1.634979
1.634979
1.631078
1.631078
1.647791
1.647791
1.623401
1.623401
1.631633
1.631633
1.623729
1.623729
1.639339
1.639339
1.631067
1.631067
1.643443
1.643443
1.632108
1.632108
1.633897
1.633897
1.621194
1.621194
1.636218
1.636218
1.631652
1.631652
1.633731
1.633731
1.638518
1.638518
1.620996
1.620996
1.642684
1.642684
1.633530
1.633530
1.628774
1.628774
1.619586
1.619586
1.639753
1.639753
1.635848
1.635848
1.615613
1.615613
1.640932
1.640932
1.647147
1.647147
1.620358
1.620358
1.637107
1.637107
1.642316
1.642316
1.626537
1.626537
1.628605
1.628605
1.625905
1.625905
1.644634
1.644634
1.637704
1.637704
1.620076
1.620076
1.623419
1.623419
1.636140
1.636140
1.638042
1.638042
1.620533
1.620533
1.624912
1.624912
1.639423
1.639423
1.639124
1.639124
1.634988
1.634988
1.626389
1.626389
1.631760
1.631760
1.630593
1.630593
1.637437
1.637437
1.643838
1.643838
1.616225
1.616225
1.636582
1.636582
1.635917
1.635917
1.625728
1.625728
1.626454
1.626454
1.628315
1.628315
1.639733
1.639733
1.643813
1.643813
1.617885
1.617885
1.637285
1.637285
1.635463
1.635463
1.634034
1.634034
1.623158
1.623158
1.627689
1.627689
1.634376
1.634376
1.626734
1.626734
1.623826
1.623826
1.628017
1.628017
1.648285
1.648285
1.620765
1.620765
1.629425
1.629425
1.639594
1.639594
1.641327
1.641327
1.624927
1.624927
1.627492
1.627492
1.646894
1.646894
1.631303
1.631303
1.630992
1.630992
1.617321
1.617321
1.628167
1.628167
1.626933
1.626933
1.636238
1.636238
1.632644
1.632644
1.632545
1.632545
1.635950
1.635950
1.637217
1.637217
1.620656
1.620656
1.634583
1.634583
1.626374
1.626374
1.630426
1.630426
1.636506
1.636506
1.623003
1.623003
1.636539
1.636539
1.628157
1.628157
1.634587
1.634587
1.631203
1.631203
1.617834
1.617834
1.639884
1.639884
1.631244
1.631244
1.617791
1.617791
1.632010
1.632010
1.634563
1.634563
1.640722
1.640722
1.628640
1.628640
1.629928
1.629928
1.624617
1.624617
1.656225
1.656225
1.615863
1.615863
1.626079
1.626079
1.635669
1.635669
1.631721
1.631721
1.640888
1.640888
1.624731
1.624731
1.617470
1.617470
1.632321
1.632321
1.619852
1.619852
1.641610
1.641610
1.639344
1.639344
1.616699
1.616699
1.631658
1.631658
1.649881
1.649881
1.627361
1.627361
1.619389
1.619389
1.622134
1.622134
1.623102
1.623102
1.630162
1.630162
1.644985
1.644985
1.624456
1.624456
1.628498
1.628498
1.621536
1.621536
1.629274
1.629274
1.628675
1.628675
1.627897
1.627897
1.647036
1.647036
1.637474
1.637474
1.627773
1.627773
1.626411
1.626411
1.627418
1.627418
1.631806
1.631806
1.614930
1.614930
1.645293
1.645293
1.632521
1.632521
1.630110
1.630110
1.626496
1.626496
1.617724
1.617724
1.627260
1.627260
1.631739
1.631739
1.644877
1.644877
1.627473
1.627473
1.619810
1.619810
1.630106
1.630106
1.636352
1.636352
1.629257
1.629257
1.634464
1.634464
1.624703
1.624703
1.634828
1.634828
1.632226
1.632226
1.627620
1.627620
1.629035
1.629035
1.624305
1.624305
1.639852
1.639852
1.623309
1.623309
1.635906
1.635906
1.623448
1.623448
1.640325
1.640325
1.624541
1.624541
1.633988
1.633988
1.627562
1.627562
1.619060
1.619060
1.632006
1.632006
1.630204
1.630204
1.621624
1.621624
1.626985
1.626985
1.637958
1.637958
1.624961
1.624961
1.641232
1.641232
1.614803
1.614803
1.629826
1.629826
1.637378
1.637378
1.615966
1.615966
1.631214
1.631214
1.635108
1.635108
1.635768
1.635768
1.627756
1.627756
1.632515
1.632515
1.626498
1.626498
1.626832
1.626832
1.626996
1.626996
1.633705
1.633705
1.639944
1.639944
1.621921
1.621921
1.618319
1.618319
1.631913
1.631913
1.634056
1.634056
1.630370
1.630370
1.636478
1.636478
1.629594
1.629594
1.628099
1.628099
1.617925
1.617925
1.621395
1.621395
1.631544
1.631544
1.627734
1.627734
1.627575
1.627575
1.637710
1.637710
1.628749
1.628749
1.613713
1.613713
1.649867
1.649867
1.624516
1.624516
1.626410
1.626410
1.635855
1.635855
1.626278
1.626278
1.631378
1.631378
1.624070
1.624070
1.624913
1.624913
1.644569
1.644569
1.638716
1.638716
1.618274
1.618274
1.624060
1.624060
1.614312
1.614312
1.631091
1.631091
1.619864
1.619864
1.636532
1.636532
1.623834
1.623834
1.631621
1.631621
1.634710
1.634710
1.632426
1.632426
1.628501
1.628501
1.634487
1.634487
1.607566
1.607566
1.614261
1.614261
1.632540
1.632540
1.635394
1.635394
1.631787
1.631787
1.627178
1.627178
1.618756
1.618756
1.626583
1.626583
1.627985
1.627985
1.639244
1.639244
1.628402
1.628402
1.624592
1.624592
1.618933
1.618933
1.636054
1.636054
1.631278
1.631278
1.629998
1.629998
1.620585
1.620585
1.632784
1.632784
1.616252
1.616252
1.631344
1.631344
1.641809
1.641809
1.633557
1.633557
1.615255
1.615255
1.635125
1.635125
1.629618
1.629618
1.625533
1.625533
1.633562
1.633562
1.621910
1.621910
1.629708
1.629708
1.624039
1.624039
1.630420
1.630420
1.623360
1.623360
1.622994
1.622994
1.636533
1.636533
1.631369
1.631369
1.623582
1.623582
1.637514
1.637514
1.633478
1.633478
1.612720
1.612720
1.628813
1.628813
1.625205
1.625205
1.618532
1.618532
1.627465
1.627465
1.642702
1.642702
1.626086
1.626086
1.621851
1.621851
1.628314
1.628314
1.619308
1.619308
1.623700
1.623700
1.628659
1.628659
1.639821
1.639821
1.623498
1.623498
1.633709
1.633709
1.627941
1.627941
1.624426
1.624426
1.627294
1.627294
1.631640
1.631640
1.631467
1.631467
1.612549
1.612549
1.629609
1.629609
1.632164
1.632164
1.620387
1.620387
1.621477
1.621477
1.635291
1.635291
1.627679
1.627679
1.632190
1.632190
1.634504
1.634504
1.639278
1.639278
1.617661
1.617661
1.632378
1.632378
1.607943
1.607943
1.630617
1.630617
1.612932
1.612932
1.628600
1.628600
1.630829
1.630829
1.633471
1.633471
1.635076
1.635076
1.630990
1.630990
1.619160
1.619160
1.627919
1.627919
1.620235
1.620235
1.636786
1.636786
1.618358
1.618358
1.627731
1.627731
1.628850
1.628850
1.621501
1.621501
1.624768
1.624768
1.629636
1.629636
1.626464
1.626464
1.627844
1.627844
1.624767
1.624767
1.638488
1.638488
1.621911
1.621911
1.619793
1.619793
1.626995
1.626995
1.626167
1.626167
1.615074
1.615074
1.627983
1.627983
1.627094
1.627094
1.622962
1.622962
1.643236
1.643236
1.623057
1.623057
1.645217
1.645217
1.616534
1.616534
1.628024
1.628024
1.618090
1.618090
1.614380
1.614380
1.633629
1.633629
1.629662
1.629662
1.616901
1.616901
1.640415
1.640415
1.624764
1.624764
1.638954
1.638954
1.624875
1.624875
1.624115
1.624115
1.617248
1.617248
1.615072
1.615072
1.635714
1.635714
1.621718
1.621718
1.628177
1.628177
1.631781
1.631781
1.610983
1.610983
1.621998
1.621998
1.646493
1.646493
1.627771
1.627771
1.623088
1.623088
1.633376
1.633376
1.630191
1.630191
1.633996
1.633996
1.616036
1.616036
1.614650
1.614650
1.623944
1.623944
1.614391
1.614391
1.623949
1.623949
1.632734
1.632734
1.637380
1.637380
1.614054
1.614054
1.619407
1.619407
1.630947
1.630947
1.627188
1.627188
1.641175
1.641175
1.614785
1.614785
1.629114
1.629114
1.634543
1.634543
1.624465
1.624465
1.626542
1.626542
1.623428
1.623428
1.645028
1.645028
1.621578
1.621578
1.622956
1.622956
1.613453
1.613453
1.616610
1.616610
1.635286
1.635286
1.626176
1.626176
1.620866
1.620866
1.630543
1.630543
1.625399
1.625399
1.623689
1.623689
1.642063
1.642063
1.618415
1.618415
1.616778
1.616778
1.625603
1.625603
1.630286
1.630286
1.624343
1.624343
1.625854
1.625854
1.620640
1.620640
1.616283
1.616283
1.633507
1.633507
1.622052
1.622052
1.619867
1.619867
1.638142
1.638142
1.629624
1.629624
1.632426
1.632426
1.624481
1.624481
1.622221
1.622221
1.616372
1.616372
1.624787
1.624787
1.618415
1.618415
1.629564
1.629564
1.618584
1.618584
1.637653
1.637653
1.632570
1.632570
1.621246
1.621246
1.632379
1.632379
1.622814
1.622814
1.615110
1.615110
1.635154
1.635154
1.619574
1.619574
1.618359
1.618359
1.620477
1.620477
1.633945
1.633945
1.616601
1.616601
1.622984
1.622984
1.632229
1.632229
1.635795
1.635795
1.615930
1.615930
1.624147
1.624147
1.623101
1.623101
1.626918
1.626918
1.608643
1.608643
1.646470
1.646470
1.628914
1.628914
1.630253
1.630253
1.625936
1.625936
1.620264
1.620264
1.617810
1.617810
1.622349
1.622349
1.613043
1.613043
1.622971
1.622971
1.632273
1.632273
1.635758
1.635758
1.636570
1.636570
1.630384
1.630384
1.624178
1.624178
1.619915
1.619915
1.609793
1.609793
1.630823
1.630823
1.626003
1.626003
1.611597
1.611597
1.618693
1.618693
1.639249
1.639249
1.636284
1.636284
1.620880
1.620880
1.615488
1.615488
1.626457
1.626457
1.623806
1.623806
1.626861
1.626861
1.632110
1.632110
1.625892
1.625892
1.618575
1.618575
1.617943
1.617943
1.631569
1.631569
1.624818
1.624818
1.621713
1.621713
1.617658
1.617658
1.627100
1.627100
1.629986
1.629986
1.621625
1.621625
1.628724
1.628724
1.625776
1.625776
1.613708
1.613708
1.629904
1.629904
1.629702
1.629702
1.620827
1.620827
1.631887
1.631887
1.605499
1.605499
1.622123
1.622123
1.623057
1.623057
1.622645
1.622645
1.619503
1.619503
1.636300
1.636300
1.618859
1.618859
1.621762
1.621762
1.624143
1.624143
1.624018
1.624018
1.634050
1.634050
1.627905
1.627905
1.624599
1.624599
1.623260
1.623260
1.613626
1.613626
1.632847
1.632847
1.631962
1.631962
1.631288
1.631288
1.630264
1.630264
1.604846
1.604846
1.621192
1.621192
1.619583
1.619583
1.620512
1.620512
1.626456
1.626456
1.629325
1.629325
1.623858
1.623858
1.624055
1.624055
1.618098
1.618098
1.617552
1.617552
1.643127
1.643127
1.614741
1.614741
1.616988
1.616988
1.634499
1.634499
1.610999
1.610999
1.635901
1.635901
1.619858
1.619858
1.627075
1.627075
1.624036
1.624036
1.615599
1.615599
1.630505
1.630505
1.620900
1.620900
1.624958
1.624958
1.624858
1.624858
1.609007
1.609007
1.631596
1.631596
1.628959
1.628959
1.606934
1.606934
1.634809
1.634809
1.631823
1.631823
1.632216
1.632216
1.609334
1.609334
1.632059
1.632059
1.637355
1.637355
1.606552
1.606552
1.611976
1.611976
1.631209
1.631209
1.618966
1.618966
1.610224
1.610224
1.635536
1.635536
1.622013
1.622013
1.632285
1.632285
1.607130
1.607130
1.618702
1.618702
1.645770
1.645770
1.628423
1.628423
1.615270
1.615270
1.627908
1.627908
1.624651
1.624651
1.627126
1.627126
1.625553
1.625553
1.608343
1.608343
1.621782
1.621782
1.623908
1.623908
1.628772
1.628772
1.629140
1.629140
1.609964
1.609964
1.627684
1.627684
1.624394
1.624394
1.617056
1.617056
1.622626
1.622626
1.624345
1.624345
1.628767
1.628767
1.622316
1.622316
1.626947
1.626947
1.622200
1.622200
1.613345
1.613345
1.625761
1.625761
1.630964
1.630964
1.624088
1.624088
1.609620
1.609620
1.625180
1.625180
1.615098
1.615098
1.622135
1.622135
1.624064
1.624064
1.629621
1.629621
1.624160
1.624160
1.631443
1.631443
1.619669
1.619669
1.622915
1.622915
1.608888
1.608888
1.633761
1.633761
1.628551
1.628551
1.620358
1.620358
1.621706
1.621706
1.624017
1.624017
1.618708
1.618708
1.630605
1.630605
1.617356
1.617356
1.630427
1.630427
1.625619
1.625619
1.606601
1.606601
1.614827
1.614827
1.621558
1.621558
1.629651
1.629651
1.620622
1.620622
1.627867
1.627867
1.629710
1.629710
1.619004
1.619004
1.617302
1.617302
1.622305
1.622305
1.625387
1.625387
1.614702
1.614702
1.619493
1.619493
1.633353
1.633353
1.629060
1.629060
1.614621
1.614621
1.621783
1.621783
1.623473
1.623473
1.617424
1.617424
1.617132
1.617132
1.635215
1.635215
1.623434
1.623434
1.637513
1.637513
1.614861
1.614861
1.618699
1.618699
1.616452
1.616452
1.622159
1.622159
1.634526
1.634526
1.628646
1.628646
1.611022
1.611022
1.613741
1.613741
1.620535
1.620535
1.619910
1.619910
1.623524
1.623524
1.622383
1.622383
1.625846
1.625846
1.625596
1.625596
1.622316
1.622316
1.636413
1.636413
1.604025
1.604025
1.622966
1.622966
1.626051
1.626051
1.605488
1.605488
1.626254
1.626254
1.629319
1.629319
1.624121
1.624121
1.618920
1.618920
1.621814
1.621814
1.619263
1.619263
1.617272
1.617272
1.636046
1.636046
1.620070
1.620070
1.617906
1.617906
1.622419
1.622419
1.625328
1.625328
1.625092
1.625092
1.620328
1.620328
1.621212
1.621212
1.616128
1.616128
1.632415
1.632415
1.619257
1.619257
1.626047
1.626047
1.629877
1.629877
1.614828
1.614828
1.606439
1.606439
1.634993
1.634993
1.620981
1.620981
1.621209
1.621209
1.613469
1.613469
1.624006
1.624006
1.631511
1.631511
1.615632
1.615632
1.614021
1.614021
1.616552
1.616552
1.642299
1.642299
1.620086
1.620086
1.616969
1.616969
1.624689
1.624689
1.607588
1.607588
1.629289
1.629289
1.632171
1.632171
1.614002
1.614002
1.627326
1.627326
1.613883
1.613883
1.633739
1.633739
1.618764
1.618764
1.622759
1.622759
1.620564
1.620564
1.629271
1.629271
1.617302
1.617302
1.617197
1.617197
1.626759
1.626759
1.627704
1.627704
1.608990
1.608990
1.628039
1.628039
1.614841
1.614841
1.612139
1.612139
1.625915
1.625915
1.618809
1.618809
1.625003
1.625003
1.626481
1.626481
1.619128
1.619128
1.607369
1.607369
1.628616
1.628616
1.630542
1.630542
1.621370
1.621370
1.625574
1.625574
1.621975
1.621975
1.625951
1.625951
1.613054
1.613054
1.619885
1.619885
1.627404
1.627404
1.614564
1.614564
1.619608
1.619608
1.621016
1.621016
1.624465
1.624465
1.625029
1.625029
1.622041
1.622041
1.611490
1.611490
1.622521
1.622521
1.625985
1.625985
1.621714
1.621714
1.620106
1.620106
1.627488
1.627488
1.620526
1.620526
1.614673
1.614673
1.618529
1.618529
1.602602
1.602602
1.626956
1.626956
1.638859
1.638859
1.617923
1.617923
1.626964
1.626964
1.624330
1.624330
1.611683
1.611683
1.620285
1.620285
1.622170
1.622170
1.635918
1.635918
1.625931
1.625931
1.617411
1.617411
1.616115
1.616115
1.606665
1.606665
1.622887
1.622887
1.605600
1.605600
1.630651
1.630651
1.623953
1.623953
1.621665
1.621665
1.622757
1.622757
1.627739
1.627739
1.611401
1.611401
1.633679
1.633679
1.605689
1.605689
1.610828
1.610828
1.626110
1.626110
1.621549
1.621549
1.624308
1.624308
1.621300
1.621300
1.614643
1.614643
1.615477
1.615477
1.634141
1.634141
1.617977
1.617977
1.621637
1.621637
1.625732
1.625732
1.617490
1.617490
1.613647
1.613647
1.623538
1.623538
1.623569
1.623569
1.614707
1.614707
1.621914
1.621914
1.624784
1.624784
1.618977
1.618977
1.623239
1.623239
1.611354
1.611354
1.616484
1.616484
1.627450
1.627450
1.620321
1.620321
1.628842
1.628842
1.617771
1.617771
1.625353
1.625353
1.624180
1.624180
1.614163
1.614163
1.621171
1.621171
1.626523
1.626523
1.619249
1.619249
1.622056
1.622056
1.618422
1.618422
1.614846
1.614846
1.630084
1.630084
1.618726
1.618726
1.599427
1.599427
1.627002
1.627002
1.628260
1.628260
1.623888
1.623888
1.627064
1.627064
1.618814
1.618814
1.616027
1.616027
1.614717
1.614717
1.613239
1.613239
1.628816
1.628816
1.617352
1.617352
1.629614
1.629614
1.610346
1.610346
1.607695
1.607695
1.634387
1.634387
1.616988
1.616988
1.623191
1.623191
1.618447
1.618447
1.613456
1.613456
1.623724
1.623724
1.619936
1.619936
1.611035
1.611035
1.635742
1.635742
1.614919
1.614919
1.619899
1.619899
1.623636
1.623636
1.626716
1.626716
1.614129
1.614129
1.623411
1.623411
1.608365
1.608365
1.611296
1.611296
1.623966
1.623966
1.636452
1.636452
1.615876
1.615876
1.624191
1.624191
1.623092
1.623092
1.621801
1.621801
1.613708
1.613708
1.625646
1.625646
1.619487
1.619487
1.623170
1.623170
1.615110
1.615110
1.615301
1.615301
1.622877
1.622877
1.618399
1.618399
1.607303
1.607303
1.623949
1.623949
1.628568
1.628568
1.622049
1.622049
1.616471
1.616471
1.626506
1.626506
1.616793
1.616793
1.616621
1.616621
1.624211
1.624211
1.608885
1.608885
1.622188
1.622188
1.627867
1.627867
1.614622
1.614622
1.621439
1.621439
1.621874
1.621874
1.623420
1.623420
1.613394
1.613394
1.618067
1.618067
1.621698
1.621698
1.618394
1.618394
1.604520
1.604520
1.631415
1.631415
1.622859
1.622859
1.626794
1.626794
1.607020
1.607020
1.640636
1.640636
1.609592
1.609592
1.612511
1.612511
1.604810
1.604810
1.618168
1.618168
1.617485
1.617485
1.638915
1.638915
1.618006
1.618006
1.621031
1.621031
1.611679
1.611679
1.619101
1.619101
1.623998
1.623998
1.622135
1.622135
1.626590
1.626590
1.635572
1.635572
1.606900
1.606900
1.622419
1.622419
1.602214
1.602214
1.626398
1.626398
1.609726
1.609726
1.618960
1.618960
1.621363
1.621363
1.620688
1.620688
1.617825
1.617825
1.620203
1.620203
1.619249
1.619249
1.624428
1.624428
1.613793
1.613793
1.618024
1.618024
1.618867
1.618867
1.638714
1.638714
1.602957
1.602957
1.617397
1.617397
1.625927
1.625927
1.608821
1.608821
1.622044
1.622044
1.618101
1.618101
1.621662
1.621662
1.628426
1.628426
1.612451
1.612451
1.613225
1.613225
1.619379
1.619379
1.623106
1.623106
1.622401
1.622401
1.625316
1.625316
1.616576
1.616576
1.615799
1.615799
1.614525
1.614525
1.618704
1.618704
1.606479
1.606479
1.624375
1.624375
1.614874
1.614874
1.633778
1.633778
1.629258
1.629258
1.608968
1.608968
1.612627
1.612627
1.613075
1.613075
1.634094
1.634094
1.625166
1.625166
1.610904
1.610904
1.615844
1.615844
1.618098
1.618098
1.626174
1.626174
1.635169
1.635169
1.604480
1.604480
1.604788
1.604788
1.624660
1.624660
1.627009
1.627009
1.611317
1.611317
1.609017
1.609017
1.630573
1.630573
1.621687
1.621687
1.622309
1.622309
1.628922
1.628922
1.613109
1.613109
1.614144
1.614144
1.616375
1.616375
1.622056
1.622056
1.616614
1.616614
1.606835
1.606835
1.618326
1.618326
1.622166
1.622166
1.632501
1.632501
1.612622
1.612622
1.621855
1.621855
1.628207
1.628207
1.619365
1.619365
1.609555
1.609555
1.633411
1.633411
1.615487
1.615487
1.624796
1.624796
1.601558
1.601558
1.617737
1.617737
1.626443
1.626443
1.626578
1.626578
1.614038
1.614038
1.608024
1.608024
1.617643
1.617643
1.634053
1.634053
1.610192
1.610192
1.618527
1.618527
1.602371
1.602371
1.629760
1.629760
1.622421
1.622421
1.624914
1.624914
1.604747
1.604747
1.617259
1.617259
1.624193
1.624193
1.621118
1.621118
1.608145
1.608145
1.625794
1.625794
1.621899
1.621899
1.614367
1.614367
1.633836
1.633836
1.617942
1.617942
1.619355
1.619355
1.614789
1.614789
1.602867
1.602867
1.627785
1.627785
1.600875
1.600875
1.607400
1.607400
1.635942
1.635942
1.619954
1.619954
1.612478
1.612478
1.612038
1.612038
1.623785
1.623785
1.625850
1.625850
1.616965
1.616965
1.621398
1.621398
1.630757
1.630757
1.603074
1.603074
1.624286
1.624286
1.609958
1.609958
1.611625
1.611625
1.640238
1.640238
1.608345
1.608345
1.620279
1.620279
1.608440
1.608440
1.609586
1.609586
1.613424
1.613424
1.617862
1.617862
1.637324
1.637324
1.611018
1.611018
1.615458
1.615458
1.621493
1.621493
1.613714
1.613714
1.609564
1.609564
1.633173
1.633173
1.622906
1.622906
1.625446
1.625446
1.608135
1.608135
1.615504
1.615504
1.618174
1.618174
1.614371
1.614371
1.617160
1.617160
1.626612
1.626612
1.618677
1.618677
1.611829
1.611829
1.626666
1.626666
1.611577
1.611577
1.620148
1.620148
1.615437
1.615437
1.615275
1.615275
1.610970
1.610970
1.618683
1.618683
1.612116
1.612116
1.634765
1.634765
1.611605
1.611605
1.624199
1.624199
1.620356
1.620356
1.628587
1.628587
1.608832
1.608832
1.604509
1.604509
1.611475
1.611475
1.610412
1.610412
1.626681
1.626681
1.625996
1.625996
1.613481
1.613481
1.612839
1.612839
1.617534
1.617534
1.612425
1.612425
1.621771
1.621771
1.625688
1.625688
1.611454
1.611454
1.623491
1.623491
1.612823
1.612823
1.617236
1.617236
1.624855
1.624855
1.605026
1.605026
1.623918
1.623918
1.611498
1.611498
1.621529
1.621529
1.628354
1.628354
1.633194
1.633194
1.620946
1.620946
1.609231
1.609231
1.611696
1.611696
1.611702
1.611702
1.610035
1.610035
1.617692
1.617692
1.633317
1.633317
1.616851
1.616851
1.607876
1.607876
1.616404
1.616404
1.620451
1.620451
1.625883
1.625883
1.613105
1.613105
1.610166
1.610166
1.630955
1.630955
1.611901
1.611901
1.607517
1.607517
1.612412
1.612412
1.626199
1.626199
1.613916
1.613916
1.622919
1.622919
1.621267
1.621267
1.605683
1.605683
1.624671
1.624671
1.624817
1.624817
1.623582
1.623582
1.615274
1.615274
1.611326
1.611326
1.610363
1.610363
1.619342
1.619342
1.613090
1.613090
1.621562
1.621562
1.616704
1.616704
1.615455
1.615455
1.614254
1.614254
1.606225
1.606225
1.622613
1.622613
1.624033
1.624033
1.619633
1.619633
1.609357
1.609357
1.620755
1.620755
1.623636
1.623636
1.615137
1.615137
1.617164
1.617164
1.618919
1.618919
1.617076
1.617076
1.616030
1.616030
1.615229
1.615229
1.618918
1.618918
1.622730
1.622730
1.605876
1.605876
1.621331
1.621331
1.615831
1.615831
1.620502
1.620502
1.625113
1.625113
1.617411
1.617411
1.618842
1.618842
1.614276
1.614276
1.607887
1.607887
1.609499
1.609499
1.599742
1.599742
1.618159
1.618159
1.620784
1.620784
1.641931
1.641931
1.608781
1.608781
1.616351
1.616351
1.625766
1.625766
1.616081
1.616081
1.618159
1.618159
1.615130
1.615130
1.613398
1.613398
1.626965
1.626965
1.613192
1.613192
1.615752
1.615752
1.610784
1.610784
1.624436
1.624436
1.616440
1.616440
1.615101
1.615101
1.617880
1.617880
1.623554
1.623554
1.621692
1.621692
1.617647
1.617647
1.614293
1.614293
1.604579
1.604579
1.626477
1.626477
1.613337
1.613337
1.608987
1.608987
1.611665
1.611665
1.625206
1.625206
1.612195
1.612195
1.617775
1.617775
1.609002
1.609002
1.615608
1.615608
1.632295
1.632295
1.618456
1.618456
1.609287
1.609287
1.619984
1.619984
1.615006
1.615006
1.621832
1.621832
1.621487
1.621487
1.616211
1.616211
1.611089
1.611089
1.615601
1.615601
1.619492
1.619492
1.612341
1.612341
1.609164
1.609164
1.618361
1.618361
1.628938
1.628938
1.613706
1.613706
1.617647
1.617647
1.619529
1.619529
1.612778
1.612778
1.621503
1.621503
1.610126
1.610126
1.608062
1.608062
1.607333
1.607333
1.617396
1.617396
1.620829
1.620829
1.632160
1.632160
1.622560
1.622560
1.626847
1.626847
1.616957
1.616957
1.604541
1.604541
1.610290
1.610290
1.629385
1.629385
1.620386
1.620386
1.622322
1.622322
1.603088
1.603088
1.604678
1.604678
1.621292
1.621292
1.621786
1.621786
1.615155
1.615155
1.614699
1.614699
1.607230
1.607230
1.616694
1.616694
1.612645
1.612645
1.623915
1.623915
1.619329
1.619329
1.607403
1.607403
1.618904
1.618904
1.607324
1.607324
1.610809
1.610809
1.632474
1.632474
1.610983
1.610983
1.603168
1.603168
1.616103
1.616103
1.616407
1.616407
1.616252
1.616252
1.632701
1.632701
1.622401
1.622401
1.619073
1.619073
1.620637
1.620637
1.604158
1.604158
1.614516
1.614516
1.622830
1.622830
1.614124
1.614124
1.608135
1.608135
1.620680
1.620680
1.614883
1.614883
1.617894
1.617894
1.613383
1.613383
1.608138
1.608138
1.616793
1.616793
1.626581
1.626581
1.620591
1.620591
1.607837
1.607837
1.615624
1.615624
1.612638
1.612638
1.625722
1.625722
1.599656
1.599656
1.643075
1.643075
1.610749
1.610749
1.609062
1.609062
1.618147
1.618147
1.621819
1.621819
1.611340
1.611340
1.610427
1.610427
1.617720
1.617720
1.619433
1.619433
1.623724
1.623724
1.613418
1.613418
1.613973
1.613973
1.609526
1.609526
1.620012
1.620012
1.619768
1.619768
1.611747
1.611747
1.610711
1.610711
1.613611
1.613611
1.625755
1.625755
1.612336
1.612336
1.601649
1.601649
1.624923
1.624923
1.622070
1.622070
1.619077
1.619077
1.606373
1.606373
1.626659
1.626659
1.614055
1.614055
1.619042
1.619042
1.612385
1.612385
1.616660
1.616660
1.621674
1.621674
1.614370
1.614370
1.609488
1.609488
1.617057
1.617057
1.616495
1.616495
1.610070
1.610070
1.616807
1.616807
1.617116
1.617116
1.618934
1.618934
1.623292
1.623292
1.604725
1.604725
1.622936
1.622936
1.613093
1.613093
1.614242
1.614242
1.603477
1.603477
1.643801
1.643801
1.610680
1.610680
1.607553
1.607553
1.612161
1.612161
1.625208
1.625208
1.612721
1.612721
1.622175
1.622175
1.595289
1.595289
1.624559
1.624559
1.615878
1.615878
1.604935
1.604935
1.617856
1.617856
1.632030
1.632030
1.605185
1.605185
1.604609
1.604609
1.620187
1.620187
1.622745
1.622745
1.610677
1.610677
1.620542
1.620542
1.618848
1.618848
1.625627
1.625627
1.605963
1.605963
1.612310
1.612310
1.614632
1.614632
1.614729
1.614729
1.616704
1.616704
1.624581
1.624581
1.610523
1.610523
1.609650
1.609650
1.613526
1.613526
1.607817
1.607817
1.606287
1.606287
1.630865
1.630865
1.619455
1.619455
1.613550
1.613550
1.618400
1.618400
1.617985
1.617985
1.623169
1.623169
1.600953
1.600953
1.619388
1.619388
1.620123
1.620123
1.621454
1.621454
1.611996
1.611996
1.600889
1.600889
1.613201
1.613201
1.610541
1.610541
1.616933
1.616933
1.605861
1.605861
1.633683
1.633683
1.612247
1.612247
1.615215
1.615215
1.620754
1.620754
1.621179
1.621179
1.604859
1.604859
1.611676
1.611676
1.624669
1.624669
1.620516
1.620516
1.604797
1.604797
1.614297
1.614297
1.618142
1.618142
1.607206
1.607206
1.621381
1.621381
1.614513
1.614513
1.614577
1.614577
1.614774
1.614774
1.623096
1.623096
1.611949
1.611949
1.609980
1.609980
1.616136
1.616136
1.609857
1.609857
1.621522
1.621522
1.619266
1.619266
1.604054
1.604054
1.622277
1.622277
1.612877
1.612877
1.615209
1.615209
1.609178
1.609178
1.618716
1.618716
1.620436
1.620436
1.606895
1.606895
1.612181
1.612181
1.616077
1.616077
1.622088
1.622088
1.618620
1.618620
1.619705
1.619705
1.610648
1.610648
1.621233
1.621233
1.613164
1.613164
1.609000
1.609000
1.616485
1.616485
1.610327
1.610327
1.605706
1.605706
1.618165
1.618165
1.626350
1.626350
1.609707
1.609707
1.610460
1.610460
1.622150
1.622150
1.615383
1.615383
1.617337
1.617337
1.605720
1.605720
1.613423
1.613423
1.609688
1.609688
1.622006
1.622006
1.625680
1.625680
1.621505
1.621505
1.611895
1.611895
1.611170
1.611170
1.612342
1.612342
1.617851
1.617851
1.615383
1.615383
1.608334
1.608334
1.615155
1.615155
1.619525
1.619525
1.615760
1.615760
1.620452
1.620452
1.603948
1.603948
1.618822
1.618822
1.617951
1.617951
1.612057
1.612057
1.611752
1.611752
1.605503
1.605503
1.634201
1.634201
1.605938
1.605938
1.616552
1.616552
1.614964
1.614964
1.625676
1.625676
1.612925
1.612925
1.605526
1.605526
1.614199
1.614199
1.610928
1.610928
1.621591
1.621591
1.611823
1.611823
1.614400
1.614400
1.614408
1.614408
1.604061
1.604061
1.598134
1.598134
1.623463
1.623463
1.626325
1.626325
1.622630
1.622630
1.608224
1.608224
1.628285
1.628285
1.627957
1.627957
1.599488
1.599488
1.607437
1.607437
1.632993
1.632993
1.605627
1.605627
1.610763
1.610763
1.617270
1.617270
1.603839
1.603839
1.615334
1.615334
1.625106
1.625106
1.614950
1.614950
1.606868
1.606868
1.609101
1.609101
1.612613
1.612613
1.618823
1.618823
1.603956
1.603956
1.618926
1.618926
1.618806
1.618806
1.616305
1.616305
1.608655
1.608655
1.602918
1.602918
1.615358
1.615358
1.632437
1.632437
1.613352
1.613352
1.621606
1.621606
1.607741
1.607741
1.606190
1.606190
1.625157
1.625157
1.601300
1.601300
1.620143
1.620143
1.610269
1.610269
1.626483
1.626483
1.613304
1.613304
1.626508
1.626508
1.619850
1.619850
1.612218
1.612218
1.602401
1.602401
1.609609
1.609609
1.619084
1.619084
1.613715
1.613715
1.608792
1.608792
1.612672
1.612672
1.617782
1.617782
1.604844
1.604844
1.611225
1.611225
1.617533
1.617533
1.630814
1.630814
1.604864
1.604864
1.614735
1.614735
1.622838
1.622838
1.621972
1.621972
1.612413
1.612413
1.595220
1.595220
1.608422
1.608422
1.605389
1.605389
1.617702
1.617702
1.624809
1.624809
1.614540
1.614540
1.607767
1.607767
1.619181
1.619181
1.622842
1.622842
1.614885
1.614885
1.603880
1.603880
1.611945
1.611945
1.602620
1.602620
1.621186
1.621186
1.618011
1.618011
1.617307
1.617307
1.609270
1.609270
1.616757
1.616757
1.613728
1.613728
1.608511
1.608511
1.623959
1.623959
1.612970
1.612970
1.604447
1.604447
1.613667
1.613667
1.624414
1.624414
1.614696
1.614696
1.604610
1.604610
1.622317
1.622317
1.608316
1.608316
1.604840
1.604840
1.633747
1.633747
1.622853
1.622853
1.614085
1.614085
1.605043
1.605043
1.618560
1.618560
1.607949
1.607949
1.615920
1.615920
1.609941
1.609941
1.601041
1.601041
1.618739
1.618739
1.626354
1.626354
1.610788
1.610788
1.616775
1.616775
1.611288
1.611288
1.612788
1.612788
1.618647
1.618647
1.624637
1.624637
1.611841
1.611841
1.606799
1.606799
1.613001
1.613001
1.612631
1.612631
1.615770
1.615770
1.618488
1.618488
1.611179
1.611179
1.619738
1.619738
1.601294
1.601294
1.612596
1.612596
1.611649
1.611649
1.619869
1.619869
1.609066
1.609066
1.616072
1.616072
1.619600
1.619600
1.603820
1.603820
1.613662
1.613662
1.630086
1.630086
1.598378
1.598378
1.609813
1.609813
1.610423
1.610423
1.616974
1.616974
1.617655
1.617655
1.613542
1.613542
1.615015
1.615015
1.620608
1.620608
1.612649
1.612649
1.607014
1.607014
1.612795
1.612795
1.608014
1.608014
1.618505
1.618505
1.612964
1.612964
1.605819
1.605819
1.625073
1.625073
1.626646
1.626646
1.613825
1.613825
1.604467
1.604467
1.608426
1.608426
1.614787
1.614787
1.609106
1.609106
1.617739
1.617739
1.610845
1.610845
1.619535
1.619535
1.609747
1.609747
1.616711
1.616711
1.616478
1.616478
1.606246
1.606246
1.616833
1.616833
1.610741
1.610741
1.627002
1.627002
1.622063
1.622063
1.607808
1.607808
1.601195
1.601195
1.608286
1.608286
1.596827
1.596827
1.588428
1.588428
1.635438
1.635438
1.625491
1.625491
1.622929
1.622929
1.619292
1.619292
1.610892
1.610892
1.600690
1.600690
1.615476
1.615476
1.622526
1.622526
1.607567
1.607567
1.614793
1.614793
1.611597
1.611597
1.618176
1.618176
1.615082
1.615082
1.613182
1.613182
1.616546
1.616546
1.617362
1.617362
1.608688
1.608688
1.610316
1.610316
1.605742
1.605742
1.605481
1.605481
1.622558
1.622558
1.613321
1.613321
1.620960
1.620960
1.620871
1.620871
1.613444
1.613444
1.607798
1.607798
1.612778
1.612778
1.611015
1.611015
1.615634
1.615634
1.611592
1.611592
1.607284
1.607284
1.606592
1.606592
1.628044
1.628044
1.609274
1.609274
1.616027
1.616027
1.614379
1.614379
1.615635
1.615635
1.610078
1.610078
1.607892
1.607892
1.615165
1.615165
1.608030
1.608030
1.615200
1.615200
1.621155
1.621155
1.612440
1.612440
1.631715
1.631715
1.595472
1.595472
1.622599
1.622599
1.601043
1.601043
1.611191
1.611191
1.610851
1.610851
1.621345
1.621345
1.608561
1.608561
1.613688
1.613688
1.612537
1.612537
1.616846
1.616846
1.615055
1.615055
1.605533
1.605533
1.615960
1.615960
1.607281
1.607281
1.610460
1.610460
1.620589
1.620589
1.611406
1.611406
1.616044
1.616044
1.616093
1.616093
1.612186
1.612186
1.611733
1.611733
1.628686
1.628686
1.592138
1.592138
1.615338
1.615338
1.619186
1.619186
1.619423
1.619423
1.602784
1.602784
1.606899
1.606899
1.617547
1.617547
1.612273
1.612273
1.611679
1.611679
1.613346
1.613346
1.609063
1.609063
1.611122
1.611122
1.614342
1.614342
1.617885
1.617885
1.609909
1.609909
1.610844
1.610844
1.609409
1.609409
1.616555
1.616555
1.609599
1.609599
1.611585
1.611585
1.618282
1.618282
1.609955
1.609955
1.620056
1.620056
1.611493
1.611493
1.606411
1.606411
1.617136
1.617136
1.608481
1.608481
1.605551
1.605551
1.614757
1.614757
1.615129
1.615129
1.621923
1.621923
1.627234
1.627234
1.603886
1.603886
1.597785
1.597785
1.614346
1.614346
1.622566
1.622566
1.609160
1.609160
1.607160
1.607160
1.620787
1.620787
1.609707
1.609707
1.617918
1.617918
1.610813
1.610813
1.616506
1.616506
1.612855
1.612855
1.616379
1.616379
1.605554
1.605554
1.612512
1.612512
1.608606
1.608606
1.613701
1.613701
1.615185
1.615185
1.613547
1.613547
1.606332
1.606332
1.614540
1.614540
1.610046
1.610046
1.618068
1.618068
1.614626
1.614626
1.604646
1.604646
1.614428
1.614428
1.617451
1.617451
1.614580
1.614580
1.611779
1.611779
1.624238
1.624238
1.613200
1.613200
1.613084
1.613084
1.604766
1.604766
1.606364
1.606364
1.620121
1.620121
1.608770
1.608770
1.598148
1.598148
1.630113
1.630113
1.603842
1.603842
1.611888
1.611888
1.613172
1.613172
1.615659
1.615659
1.603782
1.603782
1.619471
1.619471
1.612365
1.612365
1.616937
1.616937
1.611005
1.611005
1.615759
1.615759
1.604825
1.604825
1.603796
1.603796
1.613122
1.613122
1.601330
1.601330
1.617998
1.617998
1.629401
1.629401
1.600876
1.600876
1.625581
1.625581
1.607225
1.607225
1.616033
1.616033
1.612383
1.612383
1.612428
1.612428
1.610962
1.610962
1.608752
1.608752
1.618758
1.618758
1.610714
1.610714
1.615023
1.615023
1.623686
1.623686
1.602252
1.602252
1.602487
1.602487
1.619840
1.619840
1.607211
1.607211
1.619492
1.619492
1.609342
1.609342
1.619152
1.619152
1.604967
1.604967
1.612190
1.612190
1.615667
1.615667
1.606343
1.606343
1.624229
1.624229
1.600739
1.600739
1.615384
1.615384
1.606883
1.606883
1.615000
1.615000
1.613667
1.613667
1.609923
1.609923
1.608873
1.608873
1.620233
1.620233
1.606484
1.606484
1.610947
1.610947
1.615227
1.615227
1.611434
1.611434
1.612883
1.612883
1.614757
1.614757
1.607312
1.607312
1.615226
1.615226
1.613952
1.613952
1.623060
1.623060
1.613688
1.613688
1.609508
1.609508
1.597767
1.597767
1.615125
1.615125
1.607585
1.607585
1.610829
1.610829
1.622762
1.622762
1.602470
1.602470
1.614505
1.614505
1.610220
1.610220
1.613393
1.613393
1.607237
1.607237
1.615971
1.615971
1.616882
1.616882
1.592151
1.592151
1.619127
1.619127
1.619862
1.619862
1.612455
1.612455
1.604818
1.604818
1.612461
1.612461
1.613491
1.613491
1.623151
1.623151
1.604895
1.604895
1.611173
1.611173
1.615226
1.615226
1.622094
1.622094
1.601842
1.601842
1.609194
1.609194
1.617190
1.617190
1.608474
1.608474
1.611235
1.611235
1.607696
1.607696
1.616180
1.616180
1.606444
1.606444
1.601283
1.601283
1.628847
1.628847
1.611298
1.611298
1.611907
1.611907
1.612516
1.612516
1.618720
1.618720
1.607221
1.607221
1.613702
1.613702
1.606371
1.606371
1.619282
1.619282
1.608639
1.608639
1.619430
1.619430
1.600695
1.600695
1.611333
1.611333
1.608987
1.608987
1.611224
1.611224
1.624006
1.624006
1.612451
1.612451
1.600377
1.600377
1.611091
1.611091
1.618948
1.618948
1.607617
1.607617
1.608366
1.608366
1.613495
1.613495
1.612392
1.612392
1.601943
1.601943
1.612803
1.612803
1.621344
1.621344
1.610238
1.610238
1.598845
1.598845
1.621099
1.621099
1.614062
1.614062
1.611647
1.611647
1.613602
1.613602
1.606897
1.606897
1.617387
1.617387
1.601631
1.601631
1.610457
1.610457
1.625029
1.625029
1.611738
1.611738
1.602168
1.602168
1.609943
1.609943
1.620796
1.620796
1.614505
1.614505
1.610520
1.610520
1.612230
1.612230
1.617453
1.617453
1.603015
1.603015
1.616112
1.616112
1.606682
1.606682
1.606983
1.606983
1.612149
1.612149
1.610963
1.610963
1.623985
1.623985
1.613046
1.613046
1.611688
1.611688
1.607085
1.607085
1.618931
1.618931
1.606340
1.606340
1.618148
1.618148
1.604662
1.604662
1.618705
1.618705
1.613107
1.613107
1.601327
1.601327
1.617482
1.617482
1.622916
1.622916
1.602687
1.602687
1.596542
1.596542
1.619897
1.619897
1.600409
1.600409
1.612321
1.612321
1.606561
1.606561
1.621713
1.621713
1.618004
1.618004
1.609598
1.609598
1.610729
1.610729
1.613063
1.613063
1.611929
1.611929
1.612439
1.612439
1.594585
1.594585
1.623786
1.623786
1.616200
1.616200
1.611787
1.611787
1.610964
1.610964
1.606493
1.606493
1.602244
1.602244
1.607752
1.607752
1.621412
1.621412
1.621368
1.621368
1.607900
1.607900
1.624749
1.624749
1.602410
1.602410
1.625629
1.625629
1.592716
1.592716
1.615289
1.615289
1.609917
1.609917
1.607678
1.607678
1.617707
1.617707
1.605166
1.605166
1.608439
1.608439
1.609132
1.609132
1.605043
1.605043
1.613146
1.613146
1.623528
1.623528
1.624860
1.624860
1.619984
1.619984
1.608775
1.608775
1.597320
1.597320
1.604389
1.604389
1.616813
1.616813
1.605279
1.605279
1.602880
1.602880
1.599005
1.599005
1.637917
1.637917
1.627122
1.627122
1.618424
1.618424
1.595669
1.595669
1.613952
1.613952
1.598757
1.598757
1.613694
1.613694
1.621457
1.621457
1.605765
1.605765
1.605101
1.605101
1.610025
1.610025
1.595717
1.595717
1.611751
1.611751
1.610384
1.610384
1.621397
1.621397
1.618314
1.618314
1.606395
1.606395
1.614221
1.614221
1.615236
1.615236
1.619645
1.619645
1.597832
1.597832
1.617867
1.617867
1.616102
1.616102
1.617564
1.617564
1.601665
1.601665
1.600542
1.600542
1.607849
1.607849
1.604785
1.604785
1.605829
1.605829
1.624340
1.624340
1.613365
1.613365
1.609512
1.609512
1.606272
1.606272
1.621961
1.621961
1.603459
1.603459
1.615201
1.615201
1.604431
1.604431
1.617217
1.617217
1.600813
1.600813
1.620843
1.620843
1.612400
1.612400
1.619218
1.619218
1.601871
1.601871
1.620726
1.620726
1.609330
1.609330
1.602438
1.602438
1.618532
1.618532
1.615458
1.615458
1.612191
1.612191
1.604595
1.604595
1.602730
1.602730
1.609759
1.609759
1.597906
1.597906
1.617493
1.617493
1.613629
1.613629
1.617551
1.617551
1.621485
1.621485
1.594405
1.594405
1.604772
1.604772
1.619368
1.619368
1.615833
1.615833
1.618810
1.618810
1.598166
1.598166
1.608845
1.608845
1.619490
1.619490
1.609069
1.609069
1.613142
1.613142
1.616329
1.616329
1.611611
1.611611
1.604764
1.604764
1.608237
1.608237
1.614274
1.614274
1.610129
1.610129
1.605064
1.605064
1.608031
1.608031
1.618500
1.618500
1.599525
1.599525
1.605245
1.605245
1.617013
1.617013
1.613964
1.613964
1.620536
1.620536
1.609358
1.609358
1.612847
1.612847
1.608590
1.608590
1.613255
1.613255
1.609988
1.609988
1.600093
1.600093
1.618985
1.618985
1.622645
1.622645
1.602054
1.602054
1.610165
1.610165
1.604235
1.604235
1.609734
1.609734
1.604833
1.604833
1.618368
1.618368
1.618262
1.618262
1.610292
1.610292
1.608498
1.608498
1.612748
1.612748
1.611928
1.611928
1.610233
1.610233
1.605121
1.605121
1.620330
1.620330
1.619548
1.619548
1.600708
1.600708
1.607277
1.607277
1.623521
1.623521
1.606550
1.606550
1.608010
1.608010
1.607118
1.607118
1.607748
1.607748
1.600223
1.600223
1.600279
1.600279
1.609016
1.609016
1.622552
1.622552
1.624002
1.624002
1.609509
1.609509
1.619874
1.619874
1.610956
1.610956
1.607254
1.607254
1.604438
1.604438
1.618317
1.618317
1.603944
1.603944
1.602302
1.602302
1.610237
1.610237
1.620269
1.620269
1.611051
1.611051
1.609404
1.609404
1.607169
1.607169
1.607365
1.607365
1.619877
1.619877
1.614435
1.614435
1.609236
1.609236
1.622284
1.622284
1.616227
1.616227
1.585732
1.585732
1.607944
1.607944
1.604468
1.604468
1.613820
1.613820
1.611986
1.611986
1.615528
1.615528
1.607475
1.607475
1.616310
1.616310
1.614306
1.614306
1.604814
1.604814
1.609512
1.609512
1.624756
1.624756
1.612549
1.612549
1.615070
1.615070
1.606596
1.606596
1.589263
1.589263
1.607806
1.607806
1.610655
1.610655
1.618087
1.618087
1.602420
1.602420
1.614108
1.614108
1.620478
1.620478
1.619014
1.619014
1.608318
1.608318
1.609741
1.609741
1.590719
1.590719
1.619548
1.619548
1.620824
1.620824
1.611007
1.611007
1.596305
1.596305
1.602892
1.602892
1.621398
1.621398
1.608929
1.608929
1.607695
1.607695
1.610945
1.610945
1.601133
1.601133
1.615778
1.615778
1.626948
1.626948
1.603216
1.603216
1.601132
1.601132
1.603354
1.603354
1.606871
1.606871
1.611375
1.611375
1.604960
1.604960
1.613902
1.613902
1.615656
1.615656
1.613346
1.613346
1.598104
1.598104
1.625056
1.625056
1.604630
1.604630
1.610465
1.610465
1.608212
1.608212
1.602936
1.602936
1.620418
1.620418
1.594872
1.594872
1.628685
1.628685
1.606985
1.606985
1.601871
1.601871
1.609393
1.609393
1.608787
1.608787
1.627774
1.627774
1.615475
1.615475
1.607719
1.607719
1.610210
1.610210
1.606327
1.606327
1.611752
1.611752
1.616726
1.616726
1.603225
1.603225
1.602448
1.602448
1.616332
1.616332
1.612856
1.612856
1.599783
1.599783
1.615325
1.615325
1.620822
1.620822
1.607122
1.607122
1.607301
1.607301
1.621557
1.621557
1.604639
1.604639
1.615779
1.615779
1.600451
1.600451
1.607937
1.607937
1.610076
1.610076
1.615999
1.615999
1.619730
1.619730
1.601891
1.601891
1.601197
1.601197
1.609123
1.609123
1.614236
1.614236
1.605659
1.605659
1.613286
1.613286
1.607784
1.607784
1.613631
1.613631
1.593170
1.593170
1.626423
1.626423
1.611462
1.611462
1.604659
1.604659
1.608236
1.608236
1.615081
1.615081
1.617520
1.617520
1.598630
1.598630
1.611028
1.611028
1.597719
1.597719
1.614370
1.614370
1.614799
1.614799
1.607253
1.607253
1.617525
1.617525
1.605835
1.605835
1.621147
1.621147
1.605779
1.605779
1.606688
1.606688
1.610736
1.610736
1.606768
1.606768
1.614046
1.614046
1.604125
1.604125
1.608736
1.608736
1.617801
1.617801
1.608672
1.608672
1.619647
1.619647
1.610542
1.610542
1.618968
1.618968
1.587463
1.587463
1.613182
1.613182
1.600126
1.600126
1.611423
1.611423
1.606051
1.606051
1.621123
1.621123
1.588444
1.588444
1.609203
1.609203
1.621522
1.621522
1.628530
1.628530
1.599823
1.599823
1.609760
1.609760
1.623941
1.623941
1.606460
1.606460
1.605100
1.605100
1.602722
1.602722
1.620205
1.620205
1.588421
1.588421
1.612781
1.612781
1.623420
1.623420
1.603119
1.603119
1.596035
1.596035
1.616221
1.616221
1.612026
1.612026
1.612520
1.612520
1.613006
1.613006
1.612890
1.612890
1.608025
1.608025
1.601787
1.601787
1.621653
1.621653
1.603412
1.603412
1.612599
1.612599
1.621118
1.621118
1.608894
1.608894
1.601010
1.601010
1.604191
1.604191
1.619669
1.619669
1.605170
1.605170
1.598143
1.598143
1.621518
1.621518
1.602939
1.602939
1.608156
1.608156
1.606776
1.606776
1.600258
1.600258
1.608996
1.608996
1.628186
1.628186
1.605210
1.605210
1.629204
1.629204
1.605165
1.605165
1.612636
1.612636
1.593006
1.593006
1.612825
1.612825
1.595879
1.595879
1.605245
1.605245
1.611179
1.611179
1.626719
1.626719
1.593367
1.593367
1.625172
1.625172
1.608929
1.608929
1.607405
1.607405
1.614399
1.614399
1.608445
1.608445
1.625890
1.625890
1.610466
1.610466
1.598787
1.598787
1.603360
1.603360
1.614145
1.614145
1.613107
1.613107
1.604858
1.604858
1.610742
1.610742
1.604129
1.604129
1.610061
1.610061
1.619228
1.619228
1.614595
1.614595
1.603722
1.603722
1.598044
1.598044
1.613674
1.613674
1.611575
1.611575
1.616051
1.616051
1.605055
1.605055
1.599462
1.599462
1.608018
1.608018
1.605388
1.605388
1.614944
1.614944
1.609003
1.609003
1.610571
1.610571
1.610629
1.610629
1.611503
1.611503
1.608546
1.608546
1.603812
1.603812
1.614010
1.614010
1.598339
1.598339
1.616824
1.616824
1.607311
1.607311
1.604503
1.604503
1.623258
1.623258
1.597401
1.597401
1.619566
1.619566
1.615593
1.615593
1.610620
1.610620
1.602874
1.602874
1.602499
1.602499
1.606259
1.606259
1.616472
1.616472
1.612953
1.612953
1.608978
1.608978
1.608841
1.608841
1.606230
1.606230
1.606172
1.606172
1.611813
1.611813
1.615242
1.615242
1.617187
1.617187
1.606661
1.606661
1.600804
1.600804
1.608294
1.608294
1.615239
1.615239
1.602503
1.602503
1.618935
1.618935
1.611846
1.611846
1.608441
1.608441
1.604122
1.604122
1.601179
1.601179
1.597909
1.597909
1.618976
1.618976
1.613782
1.613782
1.616331
1.616331
1.605207
1.605207
1.602281
1.602281
1.619947
1.619947
1.613034
1.613034
1.605410
1.605410
1.606358
1.606358
1.610254
1.610254
1.612761
1.612761
1.611190
1.611190
1.605148
1.605148
1.600486
1.600486
1.608894
1.608894
1.614397
1.614397
1.616881
1.616881
1.604888
1.604888
1.625591
1.625591
1.604927
1.604927
1.613553
1.613553
1.600183
1.600183
1.600261
1.600261
1.608649
1.608649
1.623252
1.623252
1.601787
1.601787
1.603401
1.603401
1.609084
1.609084
1.614866
1.614866
1.617468
1.617468
1.594600
1.594600
1.609151
1.609151
1.610200
1.610200
1.618904
1.618904
1.599934
1.599934
1.616872
1.616872
1.602830
1.602830
1.606985
1.606985
1.603274
1.603274
1.609305
1.609305
1.613873
1.613873
1.610223
1.610223
1.609176
1.609176
1.616755
1.616755
1.614032
1.614032
1.613550
1.613550
1.604291
1.604291
1.594108
1.594108
1.607868
1.607868
1.620188
1.620188
1.602229
1.602229
1.605847
1.605847
1.609593
1.609593
1.601465
1.601465
1.615790
1.615790
1.601053
1.601053
1.616666
1.616666
1.610903
1.610903
1.602095
1.602095
1.609335
1.609335
1.619051
1.619051
1.609788
1.609788
1.604156
1.604156
1.606135
1.606135
1.610427
1.610427
1.602534
1.602534
1.617748
1.617748
1.608296
1.608296
1.609360
1.609360
1.608529
1.608529
1.615906
1.615906
1.606101
1.606101
1.604348
1.604348
1.620739
1.620739
1.613249
1.613249
1.601719
1.601719
1.607268
1.607268
1.600360
1.600360
1.597125
1.597125
1.601450
1.601450
1.613508
1.613508
1.619233
1.619233
1.614798
1.614798
1.604109
1.604109
1.608585
1.608585
1.613634
1.613634
1.615139
1.615139
1.601976
1.601976
1.614979
1.614979
1.606633
1.606633
1.611682
1.611682
1.602000
1.602000
1.609559
1.609559
1.616613
1.616613
1.606582
1.606582
1.614651
1.614651
1.598818
1.598818
1.607714
1.607714
1.610650
1.610650
1.616290
1.616290
1.602545
1.602545
1.611072
1.611072
1.602713
1.602713
1.618472
1.618472
1.596166
1.596166
1.604533
1.604533
1.614091
1.614091
1.611710
1.611710
1.602965
1.602965
1.605374
1.605374
1.625963
1.625963
1.604368
1.604368
1.604813
1.604813
1.616870
1.616870
1.611714
1.611714
1.606510
1.606510
1.604917
1.604917
1.603001
1.603001
1.601583
1.601583
1.617464
1.617464
1.599966
1.599966
1.611575
1.611575
1.614644
1.614644
1.614431
1.614431
1.606222
1.606222
1.596077
1.596077
1.614936
1.614936
1.613161
1.613161
1.602805
1.602805
1.632412
1.632412
1.601098
1.601098
1.605683
1.605683
1.600114
1.600114
1.608340
1.608340
1.600194
1.600194
1.614405
1.614405
1.603527
1.603527
1.619397
1.619397
1.597686
1.597686
1.610909
1.610909
1.610526
1.610526
1.610850
1.610850
1.614882
1.614882
1.602579
1.602579
1.626298
1.626298
1.612782
1.612782
1.591312
1.591312
1.610997
1.610997
1.604146
1.604146
1.609224
1.609224
1.606629
1.606629
1.616584
1.616584
1.606353
1.606353
1.607055
1.607055
1.632782
1.632782
1.597242
1.597242
1.590479
1.590479
1.617497
1.617497
1.616330
1.616330
1.604079
1.604079
1.599463
1.599463
1.604015
1.604015
1.621960
1.621960
1.605125
1.605125
1.607687
1.607687
1.618485
1.618485
1.614688
1.614688
1.594212
1.594212
1.595027
1.595027
1.602145
1.602145
1.618468
1.618468
1.613304
1.613304
1.615386
1.615386
1.610037
1.610037
1.602535
1.602535
1.618233
1.618233
1.611310
1.611310
1.598797
1.598797
1.607742
1.607742
1.613428
1.613428
1.606324
1.606324
1.617579
1.617579
1.594970
1.594970
1.631435
1.631435
1.596864
1.596864
1.597321
1.597321
1.613554
1.613554
1.602216
1.602216
1.611493
1.611493
1.594907
1.594907
1.605041
1.605041
1.611633
1.611633
1.622212
1.622212
1.595123
1.595123
1.604047
1.604047
1.609804
1.609804
1.625710
1.625710
1.607567
1.607567
1.609595
1.609595
1.608788
1.608788
1.599122
1.599122
1.613036
1.613036
1.612622
1.612622
1.614490
1.614490
1.594890
1.594890
1.618872
1.618872
1.606603
1.606603
1.607101
1.607101
1.614432
1.614432
1.604395
1.604395
1.617868
1.617868
1.604764
1.604764
1.598724
1.598724
1.595960
1.595960
1.606103
1.606103
1.598726
1.598726
1.627468
1.627468
1.615100
1.615100
1.611591
1.611591
1.604223
1.604223
1.598199
1.598199
1.614800
1.614800
1.614283
1.614283
1.608628
1.608628
1.616310
1.616310
1.608090
1.608090
1.607076
1.607076
1.600044
1.600044
1.612042
1.612042
1.607039
1.607039
1.608292
1.608292
1.612230
1.612230
1.600547
1.600547
1.603852
1.603852
1.610219
1.610219
1.612344
1.612344
1.614812
1.614812
1.598392
1.598392
1.597090
1.597090
1.602140
1.602140
1.615102
1.615102
1.609513
1.609513
1.619989
1.619989
1.616157
1.616157
1.616044
1.616044
1.614341
1.614341
1.599679
1.599679
1.591894
1.591894
1.607796
1.607796
1.608923
1.608923
1.606136
1.606136
1.606179
1.606179
1.613256
1.613256
1.612698
1.612698
1.615067
1.615067
1.598477
1.598477
1.604972
1.604972
1.610399
1.610399
1.611655
1.611655
1.602347
1.602347
1.610157
1.610157
1.599782
1.599782
1.619375
1.619375
1.619928
1.619928
1.612561
1.612561
1.601090
1.601090
1.606655
1.606655
1.598889
1.598889
1.613704
1.613704
1.597401
1.597401
1.602914
1.602914
1.622440
1.622440
1.603488
1.603488
1.607129
1.607129
1.607202
1.607202
1.608383
1.608383
1.620406
1.620406
1.595036
1.595036
1.600634
1.600634
1.619638
1.619638
1.606487
1.606487
1.608686
1.608686
1.604506
1.604506
1.608224
1.608224
1.615075
1.615075
1.607028
1.607028
1.611284
1.611284
1.596682
1.596682
1.615472
1.615472
1.589820
1.589820
1.618009
1.618009
1.606711
1.606711
1.611062
1.611062
1.609132
1.609132
1.603544
1.603544
1.602518
1.602518
1.616260
1.616260
1.609136
1.609136
1.611297
1.611297
1.607738
1.607738
1.593959
1.593959
1.622957
1.622957
1.603394
1.603394
1.604717
1.604717
1.597878
1.597878
1.611260
1.611260
1.621972
1.621972
1.603432
1.603432
1.603873
1.603873
1.606582
1.606582
1.621421
1.621421
1.603314
1.603314
1.604104
1.604104
1.606897
1.606897
1.605291
1.605291
1.606234
1.606234
1.612175
1.612175
1.609722
1.609722
1.605275
1.605275
1.606125
1.606125
1.602686
1.602686
1.616448
1.616448
1.609675
1.609675
1.598815
1.598815
1.604851
1.604851
1.607953
1.607953
1.606528
1.606528
1.625040
1.625040
1.615438
1.615438
1.595593
1.595593
1.609805
1.609805
1.607158
1.607158
1.612608
1.612608
1.606634
1.606634
1.612981
1.612981
1.612647
1.612647
1.602137
1.602137
1.604481
1.604481
1.608915
1.608915
1.600459
1.600459
1.602867
1.602867
1.613529
1.613529
1.615150
1.615150
1.605477
1.605477
1.599860
1.599860
1.611710
1.611710
1.598273
1.598273
1.628097
1.628097
1.609046
1.609046
1.595600
1.595600
1.608887
1.608887
1.613690
1.613690
1.613097
1.613097
1.616000
1.616000
1.600835
1.600835
1.606028
1.606028
1.600731
1.600731
1.617512
1.617512
1.618553
1.618553
1.599603
1.599603
1.605822
1.605822
1.605480
1.605480
1.610070
1.610070
1.606515
1.606515
1.607664
1.607664
1.599795
1.599795
1.611679
1.611679
1.614712
1.614712
1.596528
1.596528
1.605782
1.605782
1.606103
1.606103
1.618030
1.618030
1.613598
1.613598
1.605429
1.605429
1.599540
1.599540
1.612330
1.612330
1.598815
1.598815
1.626398
1.626398
1.609204
1.609204
1.609888
1.609888
1.597911
1.597911
1.602105
1.602105
1.622541
1.622541
1.603889
1.603889
1.615849
1.615849
1.606293
1.606293
1.607060
1.607060
1.604948
1.604948
1.613618
1.613618
1.598469
1.598469
1.611414
1.611414
1.604028
1.604028
1.611794
1.611794
1.610436
1.610436
1.601133
1.601133
1.606671
1.606671
1.604594
1.604594
1.617540
1.617540
1.618434
1.618434
1.604032
1.604032
1.606171
1.606171
1.607000
1.607000
1.601420
1.601420
1.615215
1.615215
1.605827
1.605827
1.597933
1.597933
1.625002
1.625002
1.590873
1.590873
1.611286
1.611286
1.609761
1.609761
1.606654
1.606654
1.603690
1.603690
1.606494
1.606494
1.601457
1.601457
1.615941
1.615941
1.608437
1.608437
1.610142
1.610142
1.600648
1.600648
1.623873
1.623873
1.609433
1.609433
1.624355
1.624355
1.583257
1.583257
1.594358
1.594358
1.610919
1.610919
1.602453
1.602453
1.605679
1.605679
1.617732
1.617732
1.599417
1.599417
1.593979
1.593979
1.610536
1.610536
1.612663
1.612663
1.609315
1.609315
1.612163
1.612163
1.597314
1.597314
1.618189
1.618189
1.600008
1.600008
1.611088
1.611088
1.611919
1.611919
1.611068
1.611068
1.607963
1.607963
1.609387
1.609387
1.603667
1.603667
1.604946
1.604946
1.605639
1.605639
1.611939
1.611939
1.597727
1.597727
1.612608
1.612608
1.610041
1.610041
1.601529
1.601529
1.621989
1.621989
1.594349
1.594349
1.613793
1.613793
1.605238
1.605238
1.618356
1.618356
1.601244
1.601244
1.608371
1.608371
1.594916
1.594916
1.616102
1.616102
1.610404
1.610404
1.598412
1.598412
1.612617
1.612617
1.613189
1.613189
1.601328
1.601328
1.601707
1.601707
1.609652
1.609652
1.602784
1.602784
1.617898
1.617898
1.604435
1.604435
1.611524
1.611524
1.600689
1.600689
1.605605
1.605605
1.610367
1.610367
1.609150
1.609150
1.608607
1.608607
1.597373
1.597373
1.617883
1.617883
1.608634
1.608634
1.603647
1.603647
1.613739
1.613739
1.603716
1.603716
1.610918
1.610918
1.610420
1.610420
1.595667
1.595667
1.603430
1.603430
1.613868
1.613868
1.588481
1.588481
1.607785
1.607785
1.627087
1.627087
1.592221
1.592221
1.621168
1.621168
1.610731
1.610731
1.597005
1.597005
1.617524
1.617524
1.612672
1.612672
1.610626
1.610626
1.600135
1.600135
1.610974
1.610974
1.600814
1.600814
1.604637
1.604637
1.613912
1.613912
1.605233
1.605233
1.609717
1.609717
1.601834
1.601834
1.611893
1.611893
1.619721
1.619721
1.612327
1.612327
1.599572
1.599572
1.589203
1.589203
1.621687
1.621687
1.600402
1.600402
1.598220
1.598220
1.600066
1.600066
1.618016
1.618016
1.605878
1.605878
1.599589
1.599589
1.602667
1.602667
1.621936
1.621936
1.605783
1.605783
1.605513
1.605513
1.616303
1.616303
1.607516
1.607516
1.611320
1.611320
1.592451
1.592451
1.609236
1.609236
1.601172
1.601172
1.591719
1.591719
1.607719
1.607719
1.630851
1.630851
1.617368
1.617368
1.604883
1.604883
1.610652
1.610652
1.596389
1.596389
1.606427
1.606427
1.600442
1.600442
1.605495
1.605495
1.611691
1.611691
1.614406
1.614406
1.602890
1.602890
1.606841
1.606841
1.603928
1.603928
1.612574
1.612574
1.597738
1.597738
1.616472
1.616472
1.605229
1.605229
1.614973
1.614973
1.601545
1.601545
1.605736
1.605736
1.608357
1.608357
1.594203
1.594203
1.601634
1.601634
1.614437
1.614437
1.608734
1.608734
1.618844
1.618844
1.611346
1.611346
1.614571
1.614571
1.605805
1.605805
1.601774
1.601774
1.600621
1.600621
1.599149
1.599149
1.609438
1.609438
1.616866
1.616866
1.612646
1.612646
1.594760
1.594760
1.620920
1.620920
1.605516
1.605516
1.597230
1.597230
1.604914
1.604914
1.606555
1.606555
1.607388
1.607388
1.614963
1.614963
1.616456
1.616456
1.604889
1.604889
1.587555
1.587555
1.609880
1.609880
1.618160
1.618160
1.606044
1.606044
1.609226
1.609226
1.587935
1.587935
1.599547
1.599547
1.604338
1.604338
1.606104
1.606104
1.606220
1.606220
1.621708
1.621708
1.609104
1.609104
1.588031
1.588031
1.607086
1.607086
1.626431
1.626431
1.603547
1.603547
1.615263
1.615263
1.602226
1.602226
1.598781
1.598781
1.619593
1.619593
1.596931
1.596931
1.599975
1.599975
1.603054
1.603054
1.606001
1.606001
1.620298
1.620298
1.604996
1.604996
1.597909
1.597909
1.626597
1.626597
1.603408
1.603408
1.600775
1.600775
1.605687
1.605687
1.610308
1.610308
1.596291
1.596291
1.609437
1.609437
1.611608
1.611608
1.606887
1.606887
1.611060
1.611060
1.612284
1.612284
1.604022
1.604022
1.611185
1.611185
1.593146
1.593146
1.613392
1.613392
1.608754
1.608754
1.597421
1.597421
1.611095
1.611095
1.602897
1.602897
1.594393
1.594393
1.621275
1.621275
1.606999
1.606999
1.613734
1.613734
1.595615
1.595615
1.614879
1.614879
1.613244
1.613244
1.601741
1.601741
1.593918
1.593918
1.611286
1.611286
1.605343
1.605343
1.611435
1.611435
1.598353
1.598353
1.613441
1.613441
1.605193
1.605193
1.614608
1.614608
1.598492
1.598492
1.595297
1.595297
1.618585
1.618585
1.607087
1.607087
1.603931
1.603931
1.611440
1.611440
1.606698
1.606698
1.607485
1.607485
1.603768
1.603768
1.612857
1.612857
1.621273
1.621273
1.603272
1.603272
1.599304
1.599304
1.594717
1.594717
1.610362
1.610362
1.598076
1.598076
1.613203
1.613203
1.610396
1.610396
1.600450
1.600450
1.614507
1.614507
1.608285
1.608285
1.599472
1.599472
1.604044
1.604044
1.607510
1.607510
1.618677
1.618677
1.597388
1.597388
1.607906
1.607906
1.608109
1.608109
1.600192
1.600192
1.599051
1.599051
1.581682
1.581682
1.631074
1.631074
1.607463
1.607463
1.616094
1.616094
1.599449
1.599449
1.607278
1.607278
1.612908
1.612908
1.601833
1.601833
1.613245
1.613245
1.606124
1.606124
1.622107
1.622107
1.601468
1.601468
1.606772
1.606772
1.594390
1.594390
1.614513
1.614513
1.601416
1.601416
1.606479
1.606479
1.605736
1.605736
1.604690
1.604690
1.611932
1.611932
1.597571
1.597571
1.605017
1.605017
1.604476
1.604476
1.616020
1.616020
1.593015
1.593015
1.603986
1.603986
1.619706
1.619706
1.616384
1.616384
1.598296
1.598296
1.614532
1.614532
1.596396
1.596396
1.604306
1.604306
1.603191
1.603191
1.616527
1.616527
1.605412
1.605412
1.603258
1.603258
1.613424
1.613424
1.608633
1.608633
1.601052
1.601052
1.610887
1.610887
1.595338
1.595338
1.615596
1.615596
1.594965
1.594965
1.618382
1.618382
1.603909
1.603909
1.601137
1.601137
1.619632
1.619632
1.595368
1.595368
1.614203
1.614203
1.599153
1.599153
1.609233
1.609233
1.618560
1.618560
1.614231
1.614231
1.587688
1.587688
1.602075
1.602075
1.601759
1.601759
1.612714
1.612714
1.612671
1.612671
1.602539
1.602539
1.594333
1.594333
1.627830
1.627830
1.603686
1.603686
1.602664
1.602664
1.603319
1.603319
1.605269
1.605269
1.598452
1.598452
1.612014
1.612014
1.607798
1.607798
1.609445
1.609445
1.605390
1.605390
1.600014
1.600014
1.611864
1.611864
1.610757
1.610757
1.603728
1.603728
1.614075
1.614075
1.599881
1.599881
1.599134
1.599134
1.601143
1.601143
1.620871
1.620871
1.605372
1.605372
1.603313
1.603313
1.609150
1.609150
1.607592
1.607592
1.606782
1.606782
1.607304
1.607304
1.591803
1.591803
1.611468
1.611468
1.607980
1.607980
1.615268
1.615268
1.607830
1.607830
1.601990
1.601990
1.614007
1.614007
1.599588
1.599588
1.609096
1.609096
1.601470
1.601470
1.609179
1.609179
1.605336
1.605336
1.614320
1.614320
1.600386
1.600386
1.604871
1.604871
1.612685
1.612685
1.596742
1.596742
1.606418
1.606418
1.612275
1.612275
1.606955
1.606955
1.600921
1.600921
1.607781
1.607781
1.598891
1.598891
1.619894
1.619894
1.605868
1.605868
1.603834
1.603834
1.612221
1.612221
1.605344
1.605344
1.603897
1.603897
1.608491
1.608491
1.604788
1.604788
1.596353
1.596353
1.607456
1.607456
1.616519
1.616519
1.600791
1.600791
1.606824
1.606824
1.620316
1.620316
1.609054
1.609054
1.591547
1.591547
1.606263
1.606263
1.600117
1.600117
1.601421
1.601421
1.615223
1.615223
1.608900
1.608900
1.609783
1.609783
1.596442
1.596442
1.601261
1.601261
1.606972
1.606972
1.619506
1.619506
1.603743
1.603743
1.605843
1.605843
1.607260
1.607260
1.611898
1.611898
1.601549
1.601549
1.611956
1.611956
1.601386
1.601386
1.606645
1.606645
1.604063
1.604063
1.607322
1.607322
1.614016
1.614016
1.606703
1.606703
1.600257
1.600257
1.603778
1.603778
1.606346
1.606346
1.604689
1.604689
1.595740
1.595740
1.604989
1.604989
1.615540
1.615540
1.610996
1.610996
1.606505
1.606505
1.599918
1.599918
1.611034
1.611034
1.602515
1.602515
1.612136
1.612136
