2.307809
2.307809
2.310555
2.310555
2.309699
2.309699
2.308374
2.308374
2.305772
2.305772
2.310462
2.310462
2.307297
2.307297
2.307196
2.307196
2.305717
2.305717
2.306368
2.306368
2.307997
2.307997
2.303066
2.303066
2.304276
2.304276
2.304775
2.304775
2.308329
2.308329
2.303442
2.303442
2.303483
2.303483
2.303398
2.303398
2.300474
2.300474
2.304566
2.304566
2.302829
2.302829
2.300998
2.300998
2.296540
2.296540
2.301792
2.301792
2.296759
2.296759
2.298017
2.298017
2.297547
2.297547
2.294580
2.294580
2.297876
2.297876
2.295232
2.295232
2.296538
2.296538
2.291447
2.291447
2.292686
2.292686
2.292639
2.292639
2.289235
2.289235
2.289574
2.289574
2.286311
2.286311
2.287704
2.287704
2.286102
2.286102
2.285550
2.285550
2.283134
2.283134
2.281010
2.281010
2.281178
2.281178
2.280126
2.280126
2.278832
2.278832
2.279127
2.279127
2.275242
2.275242
2.271836
2.271836
2.271544
2.271544
2.274291
2.274291
2.269323
2.269323
2.271295
2.271295
2.265698
2.265698
2.267581
2.267581
2.260343
2.260343
2.263792
2.263792
2.266432
2.266432
2.256256
2.256256
2.256564
2.256564
2.254636
2.254636
2.256542
2.256542
2.253344
2.253344
2.253564
2.253564
2.244433
2.244433
2.253067
2.253067
2.250466
2.250466
2.248892
2.248892
2.240111
2.240111
2.238589
2.238589
2.239208
2.239208
2.239937
2.239937
2.240602
2.240602
2.232118
2.232118
2.229516
2.229516
2.231417
2.231417
2.225440
2.225440
2.230574
2.230574
2.227295
2.227295
2.221431
2.221431
2.223143
2.223143
2.223607
2.223607
2.218112
2.218112
2.218983
2.218983
2.205993
2.205993
2.212734
2.212734
2.208047
2.208047
2.207813
2.207813
2.203734
2.203734
2.206748
2.206748
2.202353
2.202353
2.200582
2.200582
2.194903
2.194903
2.201090
2.201090
2.190371
2.190371
2.186684
2.186684
2.182558
2.182558
2.190264
2.190264
2.185958
2.185958
2.190259
2.190259
2.186763
2.186763
2.180055
2.180055
2.193760
2.193760
2.184806
2.184806
2.187144
2.187144
2.197989
2.197989
2.184028
2.184028
2.183648
2.183648
2.191054
2.191054
2.188864
2.188864
2.188530
2.188530
2.187565
2.187565
2.181969
2.181969
2.191403
2.191403
2.183677
2.183677
2.167682
2.167682
2.183562
2.183562
2.176026
2.176026
2.172066
2.172066
2.186260
2.186260
2.166214
2.166214
2.171760
2.171760
2.172386
2.172386
2.168527
2.168527
2.175164
2.175164
2.165974
2.165974
2.164240
2.164240
2.170862
2.170862
2.160599
2.160599
2.167494
2.167494
2.160242
2.160242
2.151055
2.151055
2.156543
2.156543
2.166168
2.166168
2.150445
2.150445
2.169533
2.169533
2.150939
2.150939
2.153021
2.153021
2.160908
2.160908
2.147515
2.147515
2.133790
2.133790
2.138958
2.138958
2.144714
2.144714
2.142901
2.142901
2.141858
2.141858
2.142745
2.142745
2.139237
2.139237
2.129743
2.129743
2.129710
2.129710
2.124776
2.124776
2.133699
2.133699
2.124813
2.124813
2.120632
2.120632
2.119173
2.119173
2.114897
2.114897
2.109237
2.109237
2.114928
2.114928
2.095842
2.095842
2.103590
2.103590
2.089969
2.089969
2.093633
2.093633
2.094493
2.094493
2.080365
2.080365
2.073241
2.073241
2.071540
2.071540
2.073227
2.073227
2.067729
2.067729
2.062565
2.062565
2.048150
2.048150
2.057464
2.057464
2.059897
2.059897
2.043127
2.043127
2.050670
2.050670
2.045946
2.045946
2.034967
2.034967
2.047120
2.047120
2.036321
2.036321
2.031711
2.031711
2.024774
2.024774
2.024559
2.024559
2.026877
2.026877
2.017024
2.017024
2.009387
2.009387
2.019481
2.019481
2.023267
2.023267
1.996440
1.996440
2.009557
2.009557
1.994410
1.994410
2.006352
2.006352
1.998530
1.998530
1.992225
1.992225
2.001232
2.001232
1.988002
1.988002
1.999384
1.999384
1.979007
1.979007
1.966349
1.966349
1.978682
1.978682
1.976292
1.976292
1.984221
1.984221
1.978139
1.978139
1.964921
1.964921
1.978831
1.978831
1.960778
1.960778
1.966073
1.966073
1.965738
1.965738
1.963303
1.963303
1.964380
1.964380
1.955867
1.955867
1.958833
1.958833
1.956936
1.956936
1.950613
1.950613
1.943760
1.943760
1.952147
1.952147
1.965820
1.965820
1.938509
1.938509
1.943481
1.943481
1.928513
1.928513
1.941985
1.941985
1.941243
1.941243
1.953120
1.953120
1.939350
1.939350
1.943326
1.943326
1.938546
1.938546
1.918184
1.918184
1.933773
1.933773
1.931749
1.931749
1.940525
1.940525
1.932388
1.932388
1.928773
1.928773
1.913412
1.913412
1.906795
1.906795
1.919325
1.919325
1.923039
1.923039
1.926541
1.926541
1.926075
1.926075
1.885428
1.885428
1.923162
1.923162
1.914569
1.914569
1.906253
1.906253
1.904754
1.904754
1.907389
1.907389
1.902764
1.902764
1.896688
1.896688
1.904059
1.904059
1.901591
1.901591
1.927017
1.927017
1.893710
1.893710
1.894409
1.894409
1.906706
1.906706
1.891035
1.891035
1.909548
1.909548
1.900139
1.900139
1.887713
1.887713
1.899441
1.899441
1.882243
1.882243
1.888719
1.888719
1.892451
1.892451
1.875546
1.875546
1.877442
1.877442
1.890854
1.890854
1.896973
1.896973
1.887967
1.887967
1.881788
1.881788
1.870732
1.870732
1.869695
1.869695
1.895556
1.895556
1.886979
1.886979
1.857696
1.857696
1.871097
1.871097
1.879288
1.879288
1.877837
1.877837
1.878535
1.878535
1.869925
1.869925
1.860375
1.860375
1.861854
1.861854
1.875337
1.875337
1.867763
1.867763
1.871771
1.871771
1.853245
1.853245
1.849927
1.849927
1.880624
1.880624
1.858404
1.858404
1.862225
1.862225
1.859222
1.859222
1.859978
1.859978
1.847365
1.847365
1.862921
1.862921
1.851089
1.851089
1.857906
1.857906
1.850179
1.850179
1.839328
1.839328
1.852748
1.852748
1.854964
1.854964
1.848582
1.848582
1.843897
1.843897
1.838540
1.838540
1.853450
1.853450
1.847529
1.847529
1.835402
1.835402
1.833953
1.833953
1.851740
1.851740
1.835466
1.835466
1.843678
1.843678
1.832740
1.832740
1.842516
1.842516
1.843447
1.843447
1.841576
1.841576
1.827825
1.827825
1.842106
1.842106
1.834592
1.834592
1.824520
1.824520
1.835283
1.835283
1.821840
1.821840
1.824757
1.824757
1.837970
1.837970
1.835979
1.835979
1.828777
1.828777
1.834503
1.834503
1.829535
1.829535
1.825074
1.825074
1.811104
1.811104
1.827215
1.827215
1.808975
1.808975
1.834072
1.834072
1.828405
1.828405
1.814700
1.814700
1.825516
1.825516
1.826438
1.826438
1.809511
1.809511
1.812505
1.812505
1.828061
1.828061
1.810987
1.810987
1.813496
1.813496
1.836042
1.836042
1.809205
1.809205
1.810485
1.810485
1.813533
1.813533
1.816428
1.816428
1.806810
1.806810
1.818520
1.818520
1.809945
1.809945
1.811018
1.811018
1.816531
1.816531
1.813319
1.813319
1.812211
1.812211
1.790582
1.790582
1.812350
1.812350
1.810290
1.810290
1.814450
1.814450
1.798926
1.798926
1.795536
1.795536
1.804564
1.804564
1.812510
1.812510
1.804586
1.804586
1.796715
1.796715
1.801868
1.801868
1.797688
1.797688
1.803170
1.803170
1.805842
1.805842
1.795902
1.795902
1.805529
1.805529
1.804800
1.804800
1.801981
1.801981
1.794011
1.794011
1.798235
1.798235
1.790274
1.790274
1.793418
1.793418
1.802944
1.802944
1.793792
1.793792
1.792750
1.792750
1.795550
1.795550
1.788270
1.788270
1.801957
1.801957
1.793740
1.793740
1.787615
1.787615
1.794802
1.794802
1.796847
1.796847
1.791637
1.791637
1.785729
1.785729
1.788041
1.788041
1.791726
1.791726
1.778274
1.778274
1.790655
1.790655
1.788154
1.788154
1.793451
1.793451
1.792748
1.792748
1.788352
1.788352
1.791701
1.791701
1.783311
1.783311
1.786457
1.786457
1.777281
1.777281
1.780471
1.780471
1.796456
1.796456
1.790248
1.790248
1.771688
1.771688
1.778227
1.778227
1.778338
1.778338
1.784983
1.784983
1.783112
1.783112
1.777727
1.777727
1.785761
1.785761
1.791010
1.791010
1.773269
1.773269
1.768283
1.768283
1.790036
1.790036
1.772529
1.772529
1.778630
1.778630
1.785068
1.785068
1.787613
1.787613
1.766535
1.766535
1.765631
1.765631
1.767473
1.767473
1.773157
1.773157
1.765758
1.765758
1.784335
1.784335
1.794127
1.794127
1.759215
1.759215
1.772761
1.772761
1.773523
1.773523
1.777351
1.777351
1.792897
1.792897
1.765317
1.765317
1.768790
1.768790
1.793249
1.793249
1.767041
1.767041
1.760623
1.760623
1.761380
1.761380
1.774865
1.774865
1.766900
1.766900
1.781578
1.781578
1.762227
1.762227
1.769264
1.769264
1.772635
1.772635
1.757335
1.757335
1.773835
1.773835
1.766863
1.766863
1.768201
1.768201
1.773890
1.773890
1.766359
1.766359
1.760353
1.760353
1.760231
1.760231
1.763214
1.763214
1.763283
1.763283
1.771168
1.771168
1.756005
1.756005
1.771206
1.771206
1.769426
1.769426
1.769112
1.769112
1.758093
1.758093
1.763080
1.763080
1.748480
1.748480
1.768426
1.768426
1.752675
1.752675
1.773249
1.773249
1.753341
1.753341
1.755210
1.755210
1.764182
1.764182
1.743513
1.743513
1.757538
1.757538
1.774009
1.774009
1.756441
1.756441
1.760260
1.760260
1.757853
1.757853
1.751226
1.751226
1.757405
1.757405
1.765181
1.765181
1.755358
1.755358
1.764856
1.764856
1.756183
1.756183
1.748054
1.748054
1.758390
1.758390
1.748489
1.748489
1.766430
1.766430
1.750976
1.750976
1.757686
1.757686
1.749327
1.749327
1.770495
1.770495
1.754960
1.754960
1.745286
1.745286
1.742988
1.742988
1.754473
1.754473
1.765962
1.765962
1.743709
1.743709
1.749715
1.749715
1.756941
1.756941
1.740059
1.740059
1.765922
1.765922
1.754530
1.754530
1.736008
1.736008
1.737205
1.737205
1.765898
1.765898
1.750219
1.750219
1.748945
1.748945
1.750407
1.750407
1.736372
1.736372
1.767577
1.767577
1.752059
1.752059
1.750004
1.750004
1.744685
1.744685
1.745819
1.745819
1.746642
1.746642
1.735924
1.735924
1.741774
1.741774
1.757790
1.757790
1.760957
1.760957
1.731094
1.731094
1.740207
1.740207
1.747667
1.747667
1.748938
1.748938
1.749234
1.749234
1.738357
1.738357
1.752503
1.752503
1.728426
1.728426
1.757941
1.757941
1.734274
1.734274
1.750632
1.750632
1.758471
1.758471
1.734601
1.734601
1.754950
1.754950
1.737029
1.737029
1.723802
1.723802
1.723837
1.723837
1.737197
1.737197
1.751066
1.751066
1.746789
1.746789
1.757558
1.757558
1.740345
1.740345
1.729245
1.729245
1.744407
1.744407
1.748701
1.748701
1.743314
1.743314
1.725820
1.725820
1.729654
1.729654
1.740058
1.740058
1.760854
1.760854
1.745159
1.745159
1.750154
1.750154
1.741206
1.741206
1.740591
1.740591
1.734926
1.734926
1.720080
1.720080
1.732205
1.732205
1.745619
1.745619
1.727734
1.727734
1.746470
1.746470
1.735759
1.735759
1.721889
1.721889
1.731650
1.731650
1.743631
1.743631
1.745564
1.745564
1.742943
1.742943
1.732787
1.732787
1.721004
1.721004
1.749579
1.749579
1.732226
1.732226
1.746786
1.746786
1.748561
1.748561
1.745072
1.745072
1.726603
1.726603
1.726638
1.726638
1.720822
1.720822
1.737885
1.737885
1.729764
1.729764
1.712793
1.712793
1.753860
1.753860
1.732546
1.732546
1.733063
1.733063
1.743194
1.743194
1.717043
1.717043
1.732251
1.732251
1.738895
1.738895
1.733216
1.733216
1.735706
1.735706
1.733176
1.733176
1.729201
1.729201
1.722191
1.722191
1.745506
1.745506
1.736134
1.736134
1.724582
1.724582
1.726923
1.726923
1.712086
1.712086
1.722949
1.722949
1.726668
1.726668
1.740917
1.740917
1.718847
1.718847
1.743214
1.743214
1.736895
1.736895
1.729580
1.729580
1.725385
1.725385
1.722707
1.722707
1.728444
1.728444
1.737309
1.737309
1.724775
1.724775
1.736887
1.736887
1.711185
1.711185
1.730356
1.730356
1.734695
1.734695
1.722307
1.722307
1.724353
1.724353
1.726597
1.726597
1.727502
1.727502
1.729076
1.729076
1.722062
1.722062
1.719614
1.719614
1.731829
1.731829
1.729552
1.729552
1.721990
1.721990
1.718533
1.718533
1.725441
1.725441
1.734702
1.734702
1.726350
1.726350
1.739047
1.739047
1.718562
1.718562
1.724892
1.724892
1.722002
1.722002
1.714301
1.714301
1.726616
1.726616
1.742397
1.742397
1.722292
1.722292
1.703614
1.703614
1.723994
1.723994
1.715756
1.715756
1.721340
1.721340
1.726247
1.726247
1.727863
1.727863
1.723789
1.723789
1.718900
1.718900
1.718687
1.718687
1.726225
1.726225
1.714782
1.714782
1.737885
1.737885
1.712284
1.712284
1.723037
1.723037
1.719222
1.719222
1.719467
1.719467
1.740316
1.740316
1.716345
1.716345
1.730562
1.730562
1.715631
1.715631
1.720689
1.720689
1.720959
1.720959
1.710050
1.710050
1.706384
1.706384
1.725029
1.725029
1.738307
1.738307
1.721647
1.721647
1.725488
1.725488
1.722815
1.722815
1.712873
1.712873
1.718602
1.718602
1.716023
1.716023
1.718002
1.718002
1.722137
1.722137
1.718229
1.718229
1.720424
1.720424
1.712146
1.712146
1.717443
1.717443
1.727539
1.727539
1.714850
1.714850
1.723933
1.723933
1.698376
1.698376
1.725493
1.725493
1.718582
1.718582
1.710476
1.710476
1.710714
1.710714
1.722511
1.722511
1.723559
1.723559
1.711393
1.711393
1.711474
1.711474
1.721305
1.721305
1.713778
1.713778
1.710511
1.710511
1.719054
1.719054
1.719276
1.719276
1.714415
1.714415
1.715833
1.715833
1.723964
1.723964
1.705068
1.705068
1.712511
1.712511
1.713347
1.713347
1.723802
1.723802
1.728115
1.728115
1.700575
1.700575
1.719229
1.719229
1.710802
1.710802
1.711638
1.711638
1.709082
1.709082
1.705665
1.705665
1.715478
1.715478
1.716934
1.716934
1.724388
1.724388
1.725854
1.725854
1.708807
1.708807
1.705453
1.705453
1.722495
1.722495
1.694661
1.694661
1.726308
1.726308
1.704631
1.704631
1.714061
1.714061
1.709794
1.709794
1.702294
1.702294
1.701816
1.701816
1.723704
1.723704
1.715121
1.715121
1.712100
1.712100
1.700571
1.700571
1.708079
1.708079
1.711257
1.711257
1.712811
1.712811
1.711746
1.711746
1.709814
1.709814
1.720679
1.720679
1.702009
1.702009
1.711750
1.711750
1.707034
1.707034
1.708218
1.708218
1.713158
1.713158
1.720731
1.720731
1.701713
1.701713
1.698126
1.698126
1.715895
1.715895
1.704317
1.704317
1.715248
1.715248
1.704717
1.704717
1.705479
1.705479
1.718144
1.718144
1.718396
1.718396
1.710310
1.710310
1.707287
1.707287
1.699597
1.699597
1.704955
1.704955
1.710117
1.710117
1.711845
1.711845
1.704636
1.704636
1.706954
1.706954
1.704236
1.704236
1.708283
1.708283
1.701896
1.701896
1.697222
1.697222
1.711855
1.711855
1.723073
1.723073
1.706720
1.706720
1.700863
1.700863
1.715381
1.715381
1.697148
1.697148
1.716936
1.716936
1.712343
1.712343
1.708647
1.708647
1.704995
1.704995
1.714664
1.714664
1.679642
1.679642
1.712571
1.712571
1.698115
1.698115
1.706122
1.706122
1.703151
1.703151
1.708530
1.708530
1.693828
1.693828
1.704809
1.704809
1.696494
1.696494
1.722531
1.722531
1.708184
1.708184
1.700416
1.700416
1.705979
1.705979
1.700443
1.700443
1.705125
1.705125
1.713197
1.713197
1.704399
1.704399
1.711381
1.711381
1.705502
1.705502
1.693803
1.693803
1.703938
1.703938
1.718081
1.718081
1.702827
1.702827
1.686960
1.686960
1.691059
1.691059
1.726090
1.726090
1.694453
1.694453
1.692964
1.692964
1.714078
1.714078
1.723357
1.723357
1.681394
1.681394
1.689788
1.689788
1.700208
1.700208
1.712402
1.712402
1.715837
1.715837
1.688184
1.688184
1.719103
1.719103
1.697676
1.697676
1.699235
1.699235
1.693344
1.693344
1.698459
1.698459
1.697675
1.697675
1.700178
1.700178
1.701098
1.701098
1.689546
1.689546
1.727810
1.727810
1.708802
1.708802
1.693251
1.693251
1.704293
1.704293
1.704594
1.704594
1.687869
1.687869
1.693026
1.693026
1.689147
1.689147
1.698755
1.698755
1.718581
1.718581
1.702937
1.702937
1.701134
1.701134
1.696479
1.696479
1.701872
1.701872
1.705226
1.705226
1.691149
1.691149
1.699134
1.699134
1.708402
1.708402
1.695650
1.695650
1.700656
1.700656
1.688857
1.688857
1.703623
1.703623
1.696487
1.696487
1.687786
1.687786
1.702699
1.702699
1.706307
1.706307
1.704985
1.704985
1.696155
1.696155
1.708582
1.708582
1.691435
1.691435
1.685672
1.685672
1.688078
1.688078
1.708260
1.708260
1.701170
1.701170
1.692608
1.692608
1.699111
1.699111
1.695247
1.695247
1.704247
1.704247
1.687319
1.687319
1.700508
1.700508
1.700127
1.700127
1.694157
1.694157
1.703874
1.703874
1.685614
1.685614
1.702486
1.702486
1.698794
1.698794
1.700238
1.700238
1.686607
1.686607
1.698982
1.698982
1.711575
1.711575
1.677163
1.677163
1.685649
1.685649
1.695460
1.695460
1.703363
1.703363
1.689740
1.689740
1.710609
1.710609
1.701159
1.701159
1.681926
1.681926
1.708558
1.708558
1.696817
1.696817
1.684391
1.684391
1.712116
1.712116
1.686865
1.686865
1.687904
1.687904
1.702959
1.702959
1.678254
1.678254
1.702473
1.702473
1.695627
1.695627
1.699078
1.699078
1.694133
1.694133
1.672232
1.672232
1.694915
1.694915
1.699962
1.699962
1.689039
1.689039
1.698521
1.698521
1.683130
1.683130
1.691887
1.691887
1.697575
1.697575
1.705102
1.705102
1.681493
1.681493
1.689829
1.689829
1.696492
1.696492
1.694677
1.694677
1.680629
1.680629
1.689818
1.689818
1.709403
1.709403
1.682160
1.682160
1.692946
1.692946
1.693832
1.693832
1.698122
1.698122
1.697553
1.697553
1.684205
1.684205
1.701623
1.701623
1.675759
1.675759
1.697329
1.697329
1.707868
1.707868
1.684459
1.684459
1.693080
1.693080
1.688857
1.688857
1.703429
1.703429
1.687608
1.687608
1.700339
1.700339
1.676834
1.676834
1.684494
1.684494
1.697064
1.697064
1.702823
1.702823
1.702211
1.702211
1.689967
1.689967
1.697216
1.697216
1.683715
1.683715
1.677563
1.677563
1.686721
1.686721
1.699762
1.699762
1.694384
1.694384
1.698234
1.698234
1.665642
1.665642
1.682397
1.682397
1.712735
1.712735
1.680515
1.680515
1.693003
1.693003
1.679774
1.679774
1.691631
1.691631
1.700802
1.700802
1.689938
1.689938
1.689964
1.689964
1.670893
1.670893
1.686229
1.686229
1.686623
1.686623
1.692130
1.692130
1.699938
1.699938
1.679881
1.679881
1.696309
1.696309
1.688636
1.688636
1.691540
1.691540
1.690064
1.690064
1.674640
1.674640
1.696603
1.696603
1.698893
1.698893
1.690552
1.690552
1.678318
1.678318
1.675141
1.675141
1.697740
1.697740
1.683887
1.683887
1.684924
1.684924
1.685667
1.685667
1.691308
1.691308
1.698004
1.698004
1.670428
1.670428
1.700461
1.700461
1.688023
1.688023
1.680448
1.680448
1.686351
1.686351
1.685769
1.685769
1.686109
1.686109
1.698137
1.698137
1.678397
1.678397
1.682917
1.682917
1.684616
1.684616
1.696701
1.696701
1.689077
1.689077
1.680477
1.680477
1.685901
1.685901
1.684463
1.684463
1.689837
1.689837
1.688453
1.688453
1.685312
1.685312
1.681912
1.681912
1.690333
1.690333
1.669749
1.669749
1.692961
1.692961
1.704699
1.704699
1.682716
1.682716
1.681936
1.681936
1.685617
1.685617
1.693301
1.693301
1.688169
1.688169
1.680840
1.680840
1.689517
1.689517
1.680121
1.680121
1.684152
1.684152
1.699847
1.699847
1.682480
1.682480
1.690036
1.690036
1.672260
1.672260
1.696326
1.696326
1.687653
1.687653
1.684052
1.684052
1.692783
1.692783
1.678712
1.678712
1.686087
1.686087
1.684712
1.684712
1.688648
1.688648
1.696115
1.696115
1.685002
1.685002
1.665909
1.665909
1.691787
1.691787
1.675990
1.675990
1.703965
1.703965
1.678660
1.678660
1.679852
1.679852
1.684422
1.684422
1.680009
1.680009
1.694160
1.694160
1.679944
1.679944
1.686190
1.686190
1.678635
1.678635
1.687689
1.687689
1.689432
1.689432
1.675102
1.675102
1.677279
1.677279
1.693480
1.693480
1.688315
1.688315
1.682718
1.682718
1.684564
1.684564
1.674118
1.674118
1.691150
1.691150
1.678467
1.678467
1.668687
1.668687
1.687391
1.687391
1.694780
1.694780
1.689909
1.689909
1.689427
1.689427
1.675844
1.675844
1.677256
1.677256
1.683617
1.683617
1.693153
1.693153
1.678453
1.678453
1.679331
1.679331
1.686644
1.686644
1.685328
1.685328
1.685049
1.685049
1.695944
1.695944
1.681904
1.681904
1.692618
1.692618
1.670901
1.670901
1.663754
1.663754
1.675951
1.675951
1.689193
1.689193
1.681762
1.681762
1.682176
1.682176
1.680700
1.680700
1.667748
1.667748
1.692482
1.692482
1.686225
1.686225
1.685664
1.685664
1.673904
1.673904
1.683599
1.683599
1.668705
1.668705
1.680548
1.680548
1.677998
1.677998
1.705816
1.705816
1.694756
1.694756
1.690705
1.690705
1.659878
1.659878
1.688806
1.688806
1.666674
1.666674
1.675229
1.675229
1.677288
1.677288
1.677125
1.677125
1.694779
1.694779
1.679548
1.679548
1.676270
1.676270
1.677612
1.677612
1.673377
1.673377
1.683191
1.683191
1.699460
1.699460
1.674672
1.674672
1.696233
1.696233
1.680053
1.680053
1.668414
1.668414
1.683021
1.683021
1.684991
1.684991
1.677905
1.677905
1.696416
1.696416
1.665538
1.665538
1.671761
1.671761
1.661562
1.661562
1.685826
1.685826
1.670283
1.670283
1.691675
1.691675
1.694653
1.694653
1.680108
1.680108
1.683744
1.683744
1.689128
1.689128
1.677931
1.677931
1.658290
1.658290
1.671056
1.671056
1.685819
1.685819
1.670462
1.670462
1.678060
1.678060
1.696990
1.696990
1.678025
1.678025
1.679045
1.679045
1.681916
1.681916
1.689401
1.689401
1.657944
1.657944
1.691453
1.691453
1.671105
1.671105
1.668260
1.668260
1.679556
1.679556
1.684146
1.684146
1.682368
1.682368
1.670601
1.670601
1.666785
1.666785
1.682010
1.682010
1.695521
1.695521
1.666746
1.666746
1.687584
1.687584
1.688075
1.688075
1.665121
1.665121
1.684255
1.684255
1.677032
1.677032
1.671968
1.671968
1.688105
1.688105
1.680820
1.680820
1.665443
1.665443
1.669025
1.669025
1.680183
1.680183
1.667667
1.667667
1.682089
1.682089
1.694054
1.694054
1.685111
1.685111
1.672374
1.672374
1.662955
1.662955
1.680715
1.680715
1.689107
1.689107
1.670475
1.670475
1.675731
1.675731
1.673134
1.673134
1.688686
1.688686
1.676249
1.676249
1.671661
1.671661
1.681213
1.681213
1.683539
1.683539
1.678053
1.678053
1.663700
1.663700
1.689914
1.689914
1.673976
1.673976
1.682056
1.682056
1.665464
1.665464
1.666240
1.666240
1.679958
1.679958
1.665959
1.665959
1.685148
1.685148
1.671788
1.671788
1.678222
1.678222
1.671927
1.671927
1.669974
1.669974
1.688507
1.688507
1.674096
1.674096
1.673760
1.673760
1.663086
1.663086
1.679391
1.679391
1.671990
1.671990
1.682145
1.682145
1.684369
1.684369
1.672370
1.672370
1.676759
1.676759
1.682004
1.682004
1.675761
1.675761
1.666092
1.666092
1.687304
1.687304
1.675378
1.675378
1.667130
1.667130
1.680248
1.680248
1.659070
1.659070
1.663066
1.663066
1.667177
1.667177
1.677875
1.677875
1.682750
1.682750
1.687579
1.687579
1.678585
1.678585
1.675519
1.675519
1.666960
1.666960
1.671599
1.671599
1.682627
1.682627
1.667076
1.667076
1.678058
1.678058
1.684379
1.684379
1.674770
1.674770
1.661775
1.661775
1.662282
1.662282
1.679083
1.679083
1.676711
1.676711
1.675470
1.675470
1.676810
1.676810
1.691648
1.691648
1.664581
1.664581
1.663522
1.663522
1.677463
1.677463
1.669140
1.669140
1.671171
1.671171
1.679336
1.679336
1.673147
1.673147
1.665228
1.665228
1.680954
1.680954
1.675187
1.675187
1.681860
1.681860
1.670610
1.670610
1.667335
1.667335
1.669370
1.669370
1.677907
1.677907
1.671587
1.671587
1.678285
1.678285
1.658421
1.658421
1.681774
1.681774
1.664437
1.664437
1.686095
1.686095
1.663212
1.663212
1.677772
1.677772
1.671757
1.671757
1.678387
1.678387
1.677495
1.677495
1.671201
1.671201
1.665810
1.665810
1.668300
1.668300
1.685841
1.685841
1.663011
1.663011
1.665878
1.665878
1.679552
1.679552
1.664702
1.664702
1.675519
1.675519
1.675274
1.675274
1.666366
1.666366
1.672056
1.672056
1.670827
1.670827
1.674996
1.674996
1.660117
1.660117
1.672516
1.672516
1.670012
1.670012
1.687014
1.687014
1.663246
1.663246
1.686666
1.686666
1.674690
1.674690
1.672037
1.672037
1.654979
1.654979
1.669544
1.669544
1.665932
1.665932
1.667607
1.667607
1.688113
1.688113
1.662019
1.662019
1.657882
1.657882
1.677269
1.677269
1.673016
1.673016
1.680278
1.680278
1.664854
1.664854
1.682288
1.682288
1.669332
1.669332
1.649271
1.649271
1.685483
1.685483
1.666493
1.666493
1.671026
1.671026
1.655540
1.655540
1.676566
1.676566
1.677934
1.677934
1.673084
1.673084
1.689087
1.689087
1.666962
1.666962
1.661814
1.661814
1.660866
1.660866
1.674718
1.674718
1.663644
1.663644
1.668365
1.668365
1.679158
1.679158
1.664895
1.664895
1.676915
1.676915
1.667693
1.667693
1.659655
1.659655
1.670099
1.670099
1.672306
1.672306
1.685378
1.685378
1.680526
1.680526
1.672740
1.672740
1.661539
1.661539
1.669931
1.669931
1.659918
1.659918
1.666934
1.666934
1.679050
1.679050
1.656134
1.656134
1.681424
1.681424
1.660255
1.660255
1.658280
1.658280
1.678071
1.678071
1.672825
1.672825
1.674203
1.674203
1.658909
1.658909
1.662650
1.662650
1.667894
1.667894
1.667612
1.667612
1.673833
1.673833
1.675727
1.675727
1.663179
1.663179
1.671595
1.671595
1.671982
1.671982
1.664978
1.664978
1.674601
1.674601
1.677154
1.677154
1.680807
1.680807
1.661281
1.661281
1.666076
1.666076
1.651229
1.651229
1.671409
1.671409
1.668329
1.668329
1.677513
1.677513
1.655104
1.655104
1.670274
1.670274
1.660112
1.660112
1.665422
1.665422
1.658250
1.658250
1.681160
1.681160
1.680398
1.680398
1.675234
1.675234
1.659092
1.659092
1.672556
1.672556
1.670156
1.670156
1.660112
1.660112
1.672802
1.672802
1.664575
1.664575
1.668755
1.668755
1.667104
1.667104
1.665213
1.665213
1.669602
1.669602
1.680896
1.680896
1.660243
1.660243
1.662663
1.662663
1.663696
1.663696
1.660369
1.660369
1.662421
1.662421
1.667705
1.667705
1.674869
1.674869
1.675205
1.675205
1.670852
1.670852
1.669762
1.669762
1.663241
1.663241
1.666850
1.666850
1.665270
1.665270
1.675571
1.675571
1.661731
1.661731
1.665618
1.665618
1.663003
1.663003
1.671393
1.671393
1.659056
1.659056
1.667104
1.667104
1.671856
1.671856
1.671839
1.671839
1.663896
1.663896
1.666970
1.666970
1.675731
1.675731
1.663818
1.663818
1.655822
1.655822
1.674586
1.674586
1.660287
1.660287
1.662749
1.662749
1.672794
1.672794
1.676963
1.676963
1.656077
1.656077
1.651302
1.651302
1.671520
1.671520
1.678334
1.678334
1.659390
1.659390
1.673920
1.673920
1.664149
1.664149
1.668986
1.668986
1.678461
1.678461
1.669358
1.669358
1.639942
1.639942
1.667730
1.667730
1.661479
1.661479
1.654795
1.654795
1.654017
1.654017
1.707325
1.707325
1.663308
1.663308
1.677559
1.677559
1.666728
1.666728
1.649963
1.649963
1.674837
1.674837
1.663998
1.663998
1.662670
1.662670
1.659973
1.659973
1.677595
1.677595
1.662953
1.662953
1.660676
1.660676
1.657226
1.657226
1.671460
1.671460
1.667409
1.667409
1.673447
1.673447
1.665761
1.665761
1.662815
1.662815
1.676115
1.676115
1.655171
1.655171
1.667074
1.667074
1.668447
1.668447
1.661437
1.661437
1.658427
1.658427
1.665025
1.665025
1.675850
1.675850
1.670357
1.670357
1.678751
1.678751
1.650534
1.650534
1.662028
1.662028
1.660690
1.660690
1.658658
1.658658
1.666936
1.666936
1.669546
1.669546
1.665373
1.665373
1.661015
1.661015
1.666572
1.666572
1.666623
1.666623
1.658929
1.658929
1.661638
1.661638
1.670554
1.670554
1.670342
1.670342
1.675208
1.675208
1.657792
1.657792
1.656589
1.656589
1.659650
1.659650
1.659994
1.659994
1.672542
1.672542
1.666559
1.666559
1.647711
1.647711
1.679165
1.679165
1.658591
1.658591
1.672491
1.672491
1.659807
1.659807
1.659601
1.659601
1.671833
1.671833
1.670867
1.670867
1.671289
1.671289
1.660320
1.660320
1.656472
1.656472
1.656952
1.656952
1.661665
1.661665
1.670405
1.670405
1.665860
1.665860
1.661832
1.661832
1.654149
1.654149
1.673080
1.673080
1.673073
1.673073
1.651297
1.651297
1.659991
1.659991
1.656779
1.656779
1.657675
1.657675
1.662091
1.662091
1.680053
1.680053
1.657305
1.657305
1.656139
1.656139
1.657551
1.657551
1.657354
1.657354
1.663177
1.663177
1.666246
1.666246
1.675054
1.675054
1.663530
1.663530
1.661609
1.661609
1.651232
1.651232
1.670989
1.670989
1.668943
1.668943
1.668348
1.668348
1.644930
1.644930
1.681589
1.681589
1.645258
1.645258
1.679761
1.679761
1.651157
1.651157
1.661969
1.661969
1.656074
1.656074
1.683820
1.683820
1.658326
1.658326
1.657918
1.657918
1.663518
1.663518
1.668046
1.668046
1.663755
1.663755
1.657003
1.657003
1.672197
1.672197
1.665141
1.665141
1.658552
1.658552
1.646311
1.646311
1.673617
1.673617
1.664928
1.664928
1.653623
1.653623
1.668945
1.668945
1.661195
1.661195
1.662275
1.662275
1.651880
1.651880
1.662058
1.662058
1.665519
1.665519
1.668635
1.668635
1.662322
1.662322
1.654238
1.654238
1.661253
1.661253
1.668297
1.668297
1.665950
1.665950
1.658711
1.658711
1.671236
1.671236
1.660859
1.660859
1.655614
1.655614
1.659900
1.659900
1.660780
1.660780
1.669353
1.669353
1.643088
1.643088
1.672180
1.672180
1.664514
1.664514
1.657028
1.657028
1.664178
1.664178
1.662015
1.662015
1.657432
1.657432
1.664670
1.664670
1.656931
1.656931
1.649924
1.649924
1.663634
1.663634
1.668397
1.668397
1.670446
1.670446
1.648930
1.648930
1.674944
1.674944
1.637875
1.637875
1.669592
1.669592
1.656936
1.656936
1.668423
1.668423
1.658383
1.658383
1.657406
1.657406
1.668927
1.668927
1.661401
1.661401
1.656534
1.656534
1.650567
1.650567
1.657994
1.657994
1.670000
1.670000
1.661314
1.661314
1.665120
1.665120
1.669458
1.669458
1.662325
1.662325
1.657459
1.657459
1.644304
1.644304
1.673911
1.673911
1.660976
1.660976
1.666747
1.666747
1.668159
1.668159
1.650603
1.650603
1.652401
1.652401
1.655481
1.655481
1.666534
1.666534
1.662070
1.662070
1.665033
1.665033
1.647238
1.647238
1.657322
1.657322
1.681715
1.681715
1.652275
1.652275
1.647335
1.647335
1.662836
1.662836
1.661300
1.661300
1.663604
1.663604
1.647484
1.647484
1.659113
1.659113
1.673075
1.673075
1.653320
1.653320
1.674062
1.674062
1.646332
1.646332
1.666484
1.666484
1.657471
1.657471
1.656003
1.656003
1.655364
1.655364
1.655582
1.655582
1.658562
1.658562
1.679818
1.679818
1.662972
1.662972
1.654993
1.654993
1.657828
1.657828
1.668864
1.668864
1.648322
1.648322
1.664180
1.664180
1.669432
1.669432
1.656086
1.656086
1.651467
1.651467
1.652929
1.652929
1.663626
1.663626
1.658198
1.658198
1.655984
1.655984
1.656040
1.656040
1.663619
1.663619
1.658596
1.658596
1.651323
1.651323
1.665506
1.665506
1.667387
1.667387
1.648279
1.648279
1.655104
1.655104
1.653899
1.653899
1.669608
1.669608
1.656228
1.656228
1.659993
1.659993
1.646173
1.646173
1.662149
1.662149
1.663635
1.663635
1.664462
1.664462
1.656327
1.656327
1.660343
1.660343
1.662798
1.662798
1.655021
1.655021
1.657482
1.657482
1.656957
1.656957
1.665083
1.665083
1.666369
1.666369
1.659359
1.659359
1.645651
1.645651
1.654797
1.654797
1.651496
1.651496
1.662040
1.662040
1.655074
1.655074
1.663404
1.663404
1.660733
1.660733
1.666733
1.666733
1.652275
1.652275
1.642008
1.642008
1.661679
1.661679
1.674306
1.674306
1.655212
1.655212
1.656134
1.656134
1.668389
1.668389
1.657630
1.657630
1.649792
1.649792
1.651852
1.651852
1.663051
1.663051
1.662743
1.662743
1.652193
1.652193
1.660871
1.660871
1.660109
1.660109
1.650612
1.650612
1.658259
1.658259
1.657629
1.657629
1.665414
1.665414
1.654037
1.654037
1.671775
1.671775
1.646237
1.646237
1.647496
1.647496
1.675877
1.675877
1.648351
1.648351
1.660758
1.660758
1.661219
1.661219
1.660241
1.660241
1.657213
1.657213
1.655184
1.655184
1.660570
1.660570
1.646390
1.646390
1.667328
1.667328
1.657762
1.657762
1.648334
1.648334
1.660357
1.660357
1.653992
1.653992
1.666131
1.666131
1.657427
1.657427
1.654268
1.654268
1.662439
1.662439
1.658551
1.658551
1.647492
1.647492
1.665697
1.665697
1.660269
1.660269
1.661570
1.661570
1.662496
1.662496
1.657278
1.657278
1.634736
1.634736
1.665177
1.665177
1.651242
1.651242
1.647528
1.647528
1.661593
1.661593
1.659440
1.659440
1.654634
1.654634
1.663284
1.663284
1.672233
1.672233
1.640111
1.640111
1.650868
1.650868
1.662949
1.662949
1.658482
1.658482
1.651578
1.651578
1.654620
1.654620
1.653874
1.653874
1.652908
1.652908
1.658699
1.658699
1.646696
1.646696
1.657967
1.657967
1.670862
1.670862
1.666120
1.666120
1.648235
1.648235
1.646821
1.646821
1.655257
1.655257
1.669547
1.669547
1.648692
1.648692
1.648410
1.648410
1.666198
1.666198
1.659943
1.659943
1.657070
1.657070
1.655242
1.655242
1.651728
1.651728
1.646336
1.646336
1.670591
1.670591
1.654666
1.654666
1.660841
1.660841
1.664717
1.664717
1.649781
1.649781
1.654477
1.654477
1.644066
1.644066
1.641164
1.641164
1.647188
1.647188
1.665205
1.665205
1.655631
1.655631
1.675985
1.675985
1.659317
1.659317
1.660552
1.660552
1.647735
1.647735
1.667291
1.667291
1.634468
1.634468
1.641365
1.641365
1.666228
1.666228
1.656312
1.656312
1.661222
1.661222
1.650010
1.650010
1.652290
1.652290
1.656244
1.656244
1.657358
1.657358
1.651825
1.651825
1.661424
1.661424
1.648240
1.648240
1.668853
1.668853
1.654757
1.654757
1.650985
1.650985
1.652789
1.652789
1.645761
1.645761
1.681001
1.681001
1.634851
1.634851
1.655784
1.655784
1.661021
1.661021
1.660807
1.660807
1.650668
1.650668
1.642253
1.642253
1.666268
1.666268
1.656451
1.656451
1.669140
1.669140
1.648766
1.648766
1.647922
1.647922
1.659597
1.659597
1.647514
1.647514
1.651647
1.651647
1.651651
1.651651
1.663344
1.663344
1.656153
1.656153
1.651455
1.651455
1.662592
1.662592
1.647159
1.647159
1.649790
1.649790
1.654521
1.654521
1.664575
1.664575
1.659704
1.659704
1.641682
1.641682
1.654112
1.654112
1.661805
1.661805
1.658489
1.658489
1.636770
1.636770
1.660468
1.660468
1.651379
1.651379
1.658042
1.658042
1.674402
1.674402
1.644779
1.644779
1.658632
1.658632
1.658272
1.658272
1.647791
1.647791
1.668730
1.668730
1.660157
1.660157
1.657741
1.657741
1.638521
1.638521
1.658325
1.658325
1.658981
1.658981
1.649646
1.649646
1.668608
1.668608
1.663068
1.663068
1.643278
1.643278
1.641776
1.641776
1.660845
1.660845
1.648473
1.648473
1.652876
1.652876
1.650735
1.650735
1.659191
1.659191
1.660228
1.660228
1.660299
1.660299
1.650608
1.650608
1.646690
1.646690
1.649933
1.649933
1.644565
1.644565
1.665629
1.665629
1.658920
1.658920
1.657533
1.657533
1.634690
1.634690
1.652893
1.652893
1.661338
1.661338
1.666548
1.666548
1.630621
1.630621
1.658492
1.658492
1.662656
1.662656
1.650457
1.650457
1.653421
1.653421
1.659507
1.659507
1.634446
1.634446
1.648385
1.648385
1.671236
1.671236
1.647652
1.647652
1.645526
1.645526
1.654785
1.654785
1.662156
1.662156
1.663597
1.663597
1.648456
1.648456
1.645431
1.645431
1.643489
1.643489
1.669484
1.669484
1.648402
1.648402
1.640789
1.640789
1.642996
1.642996
1.671574
1.671574
1.655142
1.655142
1.642519
1.642519
1.657842
1.657842
1.657343
1.657343
1.652943
1.652943
1.652409
1.652409
1.654696
1.654696
1.654297
1.654297
1.648802
1.648802
1.655995
1.655995
1.652360
1.652360
1.651018
1.651018
1.659475
1.659475
1.663515
1.663515
1.628914
1.628914
1.647319
1.647319
1.644041
1.644041
1.661028
1.661028
1.655113
1.655113
1.658077
1.658077
1.655126
1.655126
1.656490
1.656490
1.658355
1.658355
1.636218
1.636218
1.659533
1.659533
1.650713
1.650713
1.640462
1.640462
1.643124
1.643124
1.668750
1.668750
1.664035
1.664035
1.644820
1.644820
1.642656
1.642656
1.669138
1.669138
1.643115
1.643115
1.668663
1.668663
1.653207
1.653207
1.655082
1.655082
1.655541
1.655541
1.649346
1.649346
1.646481
1.646481
1.666633
1.666633
1.656054
1.656054
1.649224
1.649224
1.645672
1.645672
1.638897
1.638897
1.642851
1.642851
1.659440
1.659440
1.655613
1.655613
1.649917
1.649917
1.653314
1.653314
1.649830
1.649830
1.641109
1.641109
1.650337
1.650337
1.663152
1.663152
1.657776
1.657776
1.660179
1.660179
1.642371
1.642371
1.655236
1.655236
1.645874
1.645874
1.658272
1.658272
1.666355
1.666355
1.646044
1.646044
1.652543
1.652543
1.650260
1.650260
1.639158
1.639158
1.659659
1.659659
1.663141
1.663141
1.640836
1.640836
1.644651
1.644651
1.649369
1.649369
1.662975
1.662975
1.644764
1.644764
1.648174
1.648174
1.647108
1.647108
1.657005
1.657005
1.647608
1.647608
1.645857
1.645857
1.652273
1.652273
1.664028
1.664028
1.645572
1.645572
1.656164
1.656164
1.663010
1.663010
1.644393
1.644393
1.646036
1.646036
1.645354
1.645354
1.655259
1.655259
1.653918
1.653918
1.633462
1.633462
1.656083
1.656083
1.662057
1.662057
1.653526
1.653526
1.652706
1.652706
1.659645
1.659645
1.632542
1.632542
1.661651
1.661651
1.638955
1.638955
1.657014
1.657014
1.647157
1.647157
1.660319
1.660319
1.652558
1.652558
1.651228
1.651228
1.638919
1.638919
1.647164
1.647164
1.650399
1.650399
1.676475
1.676475
1.653611
1.653611
1.670018
1.670018
1.642991
1.642991
1.638131
1.638131
1.648299
1.648299
1.649086
1.649086
1.653640
1.653640
1.651096
1.651096
1.644705
1.644705
1.657207
1.657207
1.656752
1.656752
1.654627
1.654627
1.656551
1.656551
1.656624
1.656624
1.615018
1.615018
1.643157
1.643157
1.649240
1.649240
1.645224
1.645224
1.649362
1.649362
1.674155
1.674155
1.657659
1.657659
1.649247
1.649247
1.650895
1.650895
1.646049
1.646049
1.646023
1.646023
1.649265
1.649265
1.648622
1.648622
1.653487
1.653487
1.650081
1.650081
1.648687
1.648687
1.651241
1.651241
1.663852
1.663852
1.645157
1.645157
1.647518
1.647518
1.637680
1.637680
1.653296
1.653296
1.645971
1.645971
1.640579
1.640579
1.656435
1.656435
1.655347
1.655347
1.662934
1.662934
1.654314
1.654314
1.645874
1.645874
1.640492
1.640492
1.642868
1.642868
1.653215
1.653215
1.646510
1.646510
1.642274
1.642274
1.657052
1.657052
1.649394
1.649394
1.649224
1.649224
1.661165
1.661165
1.649083
1.649083
1.634649
1.634649
1.656526
1.656526
1.660916
1.660916
1.648670
1.648670
1.650522
1.650522
1.641564
1.641564
1.643573
1.643573
1.652984
1.652984
1.648656
1.648656
1.649190
1.649190
1.652302
1.652302
1.640306
1.640306
1.641892
1.641892
1.645343
1.645343
1.657544
1.657544
1.650071
1.650071
1.652185
1.652185
1.638716
1.638716
1.648537
1.648537
1.639854
1.639854
1.645981
1.645981
1.685613
1.685613
1.641419
1.641419
1.667880
1.667880
1.646859
1.646859
1.633051
1.633051
1.658899
1.658899
1.650451
1.650451
1.652968
1.652968
1.664823
1.664823
1.632527
1.632527
1.639632
1.639632
1.645274
1.645274
1.653675
1.653675
1.649587
1.649587
1.651893
1.651893
1.639596
1.639596
1.668706
1.668706
1.638994
1.638994
1.645373
1.645373
1.652892
1.652892
1.629933
1.629933
1.647518
1.647518
1.650726
1.650726
1.650101
1.650101
1.640156
1.640156
1.657297
1.657297
1.646712
1.646712
1.665648
1.665648
1.631563
1.631563
1.648114
1.648114
1.651520
1.651520
1.653100
1.653100
1.651185
1.651185
1.638528
1.638528
1.650860
1.650860
1.648161
1.648161
1.658362
1.658362
1.647432
1.647432
1.652253
1.652253
1.642282
1.642282
1.636133
1.636133
1.655552
1.655552
1.643769
1.643769
1.643595
1.643595
1.648090
1.648090
1.650126
1.650126
1.651875
1.651875
1.650433
1.650433
1.641990
1.641990
1.653810
1.653810
1.638717
1.638717
1.660108
1.660108
1.656040
1.656040
1.647033
1.647033
1.636522
1.636522
1.635936
1.635936
1.651108
1.651108
1.640429
1.640429
1.658380
1.658380
1.638416
1.638416
1.653464
1.653464
1.642395
1.642395
1.641745
1.641745
1.655924
1.655924
1.648930
1.648930
1.651619
1.651619
1.654874
1.654874
1.635925
1.635925
1.638472
1.638472
1.658561
1.658561
1.652554
1.652554
1.637626
1.637626
1.642168
1.642168
1.648499
1.648499
1.657221
1.657221
1.655322
1.655322
1.649140
1.649140
1.644417
1.644417
1.636794
1.636794
1.656516
1.656516
1.652381
1.652381
1.636914
1.636914
1.643160
1.643160
1.667202
1.667202
1.646121
1.646121
1.641528
1.641528
1.638426
1.638426
1.642485
1.642485
1.647873
1.647873
1.661626
1.661626
1.646317
1.646317
1.638764
1.638764
1.660729
1.660729
1.642267
1.642267
1.647167
1.647167
1.648528
1.648528
1.643237
1.643237
1.664144
1.664144
1.650228
1.650228
1.645252
1.645252
1.625660
1.625660
1.649251
1.649251
1.655862
1.655862
1.638608
1.638608
1.640416
1.640416
1.654774
1.654774
1.620247
1.620247
1.658784
1.658784
1.650598
1.650598
1.646383
1.646383
1.667307
1.667307
1.647362
1.647362
1.634888
1.634888
1.649974
1.649974
1.650845
1.650845
1.655580
1.655580
1.648464
1.648464
1.650906
1.650906
1.653821
1.653821
1.637928
1.637928
1.642185
1.642185
1.644453
1.644453
1.647950
1.647950
1.647455
1.647455
1.645274
1.645274
1.651278
1.651278
1.649163
1.649163
1.642180
1.642180
1.646094
1.646094
1.648658
1.648658
1.649448
1.649448
1.655605
1.655605
1.637692
1.637692
1.658238
1.658238
1.648268
1.648268
1.627358
1.627358
1.622504
1.622504
1.651650
1.651650
1.650930
1.650930
1.654676
1.654676
1.659144
1.659144
1.647603
1.647603
1.649950
1.649950
1.656921
1.656921
1.642908
1.642908
1.630604
1.630604
1.645837
1.645837
1.647913
1.647913
1.642305
1.642305
1.646683
1.646683
1.653260
1.653260
1.642939
1.642939
1.644360
1.644360
1.643676
1.643676
1.652020
1.652020
1.652068
1.652068
1.637404
1.637404
1.640323
1.640323
1.647379
1.647379
1.660398
1.660398
1.647293
1.647293
1.651849
1.651849
1.643116
1.643116
1.639260
1.639260
1.652734
1.652734
1.644251
1.644251
1.646134
1.646134
1.650500
1.650500
1.642608
1.642608
1.644240
1.644240
1.649068
1.649068
1.649393
1.649393
1.636477
1.636477
1.647410
1.647410
1.649608
1.649608
1.649642
1.649642
1.643849
1.643849
1.652172
1.652172
1.649242
1.649242
1.638681
1.638681
1.647419
1.647419
1.638902
1.638902
1.651210
1.651210
1.642904
1.642904
1.650129
1.650129
1.648167
1.648167
1.654618
1.654618
1.628489
1.628489
1.644760
1.644760
1.651124
1.651124
1.653930
1.653930
1.644302
1.644302
1.645821
1.645821
1.649331
1.649331
1.650255
1.650255
1.635888
1.635888
1.659434
1.659434
1.651338
1.651338
1.639075
1.639075
1.638057
1.638057
1.638235
1.638235
1.646784
1.646784
1.643809
1.643809
1.643631
1.643631
1.656172
1.656172
1.633818
1.633818
1.639250
1.639250
1.633949
1.633949
1.653493
1.653493
1.662175
1.662175
1.636046
1.636046
1.634780
1.634780
1.655847
1.655847
1.631449
1.631449
1.648336
1.648336
1.665129
1.665129
1.647729
1.647729
1.632806
1.632806
1.653554
1.653554
1.642647
1.642647
1.654535
1.654535
1.644634
1.644634
1.643995
1.643995
1.656837
1.656837
1.645197
1.645197
1.632038
1.632038
1.658790
1.658790
1.633207
1.633207
1.642776
1.642776
1.646096
1.646096
1.647536
1.647536
1.653381
1.653381
1.637538
1.637538
1.643466
1.643466
1.653882
1.653882
1.635460
1.635460
1.638236
1.638236
1.651090
1.651090
1.647897
1.647897
1.653563
1.653563
1.631058
1.631058
1.649954
1.649954
1.659140
1.659140
1.632909
1.632909
1.637220
1.637220
1.648736
1.648736
1.647585
1.647585
1.656245
1.656245
1.642961
1.642961
1.640820
1.640820
1.634276
1.634276
1.630282
1.630282
1.650855
1.650855
1.636980
1.636980
1.662498
1.662498
1.644607
1.644607
1.643346
1.643346
1.650679
1.650679
1.636612
1.636612
1.652788
1.652788
1.639355
1.639355
1.648012
1.648012
1.642911
1.642911
1.639800
1.639800
1.635125
1.635125
1.666779
1.666779
1.642243
1.642243
1.648158
1.648158
1.638456
1.638456
1.657394
1.657394
1.633961
1.633961
1.652912
1.652912
1.633272
1.633272
1.651106
1.651106
1.644780
1.644780
1.640124
1.640124
1.634948
1.634948
1.660325
1.660325
1.638625
1.638625
1.652623
1.652623
1.632309
1.632309
1.642453
1.642453
1.652457
1.652457
1.634074
1.634074
1.643123
1.643123
1.654744
1.654744
1.647841
1.647841
1.641798
1.641798
1.641271
1.641271
1.648004
1.648004
1.643436
1.643436
1.644764
1.644764
1.644242
1.644242
1.655545
1.655545
1.635683
1.635683
1.640776
1.640776
1.642783
1.642783
1.643801
1.643801
1.651415
1.651415
1.641281
1.641281
1.641554
1.641554
1.654678
1.654678
1.641682
1.641682
1.652784
1.652784
1.642026
1.642026
1.621793
1.621793
1.654693
1.654693
1.630958
1.630958
1.638860
1.638860
1.654511
1.654511
1.640221
1.640221
1.641487
1.641487
1.639684
1.639684
1.637069
1.637069
1.650307
1.650307
1.656358
1.656358
1.647863
1.647863
1.645586
1.645586
1.638041
1.638041
1.649781
1.649781
1.635654
1.635654
1.635363
1.635363
1.637806
1.637806
1.647974
1.647974
1.647527
1.647527
1.655044
1.655044
1.638092
1.638092
1.654406
1.654406
1.637858
1.637858
1.646921
1.646921
1.640538
1.640538
1.633634
1.633634
1.657874
1.657874
1.644724
1.644724
1.637769
1.637769
1.645222
1.645222
1.641520
1.641520
1.647822
1.647822
1.643006
1.643006
1.645128
1.645128
1.638927
1.638927
1.639108
1.639108
1.656234
1.656234
1.636008
1.636008
1.644357
1.644357
1.640490
1.640490
1.639953
1.639953
1.635791
1.635791
1.651985
1.651985
1.648516
1.648516
1.638672
1.638672
1.646464
1.646464
1.639593
1.639593
1.641961
1.641961
1.637676
1.637676
1.654462
1.654462
1.644932
1.644932
1.638641
1.638641
1.640566
1.640566
1.653085
1.653085
1.634947
1.634947
1.642960
1.642960
1.632235
1.632235
1.664391
1.664391
1.638541
1.638541
1.632460
1.632460
1.643775
1.643775
1.646260
1.646260
1.641394
1.641394
1.644297
1.644297
1.635225
1.635225
1.647102
1.647102
1.647626
1.647626
1.642366
1.642366
1.640515
1.640515
1.631680
1.631680
1.655680
1.655680
1.636167
1.636167
1.626799
1.626799
1.638963
1.638963
1.663451
1.663451
1.645691
1.645691
1.645122
1.645122
1.640297
1.640297
1.635787
1.635787
1.648584
1.648584
1.642701
1.642701
1.645481
1.645481
1.647709
1.647709
1.640883
1.640883
1.632765
1.632765
1.640260
1.640260
1.615333
1.615333
1.647727
1.647727
1.653377
1.653377
1.664676
1.664676
1.644468
1.644468
1.644960
1.644960
1.637699
1.637699
1.646404
1.646404
1.637523
1.637523
1.633876
1.633876
1.647388
1.647388
1.647998
1.647998
1.638712
1.638712
1.645725
1.645725
1.646767
1.646767
1.653147
1.653147
1.636548
1.636548
1.635503
1.635503
1.638834
1.638834
1.638513
1.638513
1.654258
1.654258
1.643377
1.643377
1.641297
1.641297
1.629729
1.629729
1.637730
1.637730
1.657312
1.657312
1.648074
1.648074
1.629355
1.629355
1.637144
1.637144
1.651126
1.651126
1.644541
1.644541
1.643442
1.643442
1.625412
1.625412
1.649294
1.649294
1.647564
1.647564
1.637477
1.637477
1.629735
1.629735
1.650536
1.650536
1.647529
1.647529
1.650620
1.650620
1.625707
1.625707
1.657692
1.657692
1.642083
1.642083
1.629523
1.629523
1.635609
1.635609
1.648519
1.648519
1.637478
1.637478
1.637871
1.637871
1.655331
1.655331
1.634916
1.634916
1.663354
1.663354
1.639278
1.639278
1.638853
1.638853
1.628053
1.628053
1.636409
1.636409
1.647895
1.647895
1.650264
1.650264
1.644619
1.644619
1.623582
1.623582
1.636272
1.636272
1.638720
1.638720
1.642350
1.642350
1.643488
1.643488
1.652482
1.652482
1.645435
1.645435
1.658700
1.658700
1.638516
1.638516
1.632867
1.632867
1.628455
1.628455
1.642726
1.642726
1.644458
1.644458
1.634791
1.634791
1.646130
1.646130
1.639618
1.639618
1.632160
1.632160
1.638876
1.638876
1.640246
1.640246
1.658875
1.658875
1.635907
1.635907
1.634017
1.634017
1.652660
1.652660
1.641673
1.641673
1.636586
1.636586
1.643959
1.643959
1.641575
1.641575
1.639218
1.639218
1.638954
1.638954
1.648803
1.648803
1.637755
1.637755
1.642915
1.642915
1.638588
1.638588
1.641303
1.641303
1.646997
1.646997
1.635178
1.635178
1.643595
1.643595
1.647300
1.647300
1.643057
1.643057
1.641435
1.641435
1.625732
1.625732
1.647684
1.647684
1.622558
1.622558
1.641757
1.641757
1.636940
1.636940
1.667358
1.667358
1.640369
1.640369
1.650126
1.650126
1.638411
1.638411
1.636658
1.636658
1.640337
1.640337
1.643022
1.643022
1.631060
1.631060
1.642670
1.642670
1.659778
1.659778
1.622128
1.622128
1.641322
1.641322
1.639932
1.639932
1.650004
1.650004
1.642383
1.642383
1.626093
1.626093
1.636414
1.636414
1.648214
1.648214
1.645806
1.645806
1.634188
1.634188
1.639955
1.639955
1.634200
1.634200
1.626633
1.626633
1.638017
1.638017
1.656003
1.656003
1.655023
1.655023
1.643980
1.643980
1.655407
1.655407
1.639191
1.639191
1.626092
1.626092
1.638903
1.638903
1.630580
1.630580
1.641980
1.641980
1.639276
1.639276
1.646558
1.646558
1.648474
1.648474
1.635521
1.635521
1.649822
1.649822
1.642023
1.642023
1.647362
1.647362
1.622292
1.622292
1.647396
1.647396
1.640729
1.640729
1.622892
1.622892
1.646793
1.646793
1.648965
1.648965
1.640243
1.640243
1.638923
1.638923
1.646326
1.646326
1.634264
1.634264
1.645329
1.645329
1.634582
1.634582
1.644340
1.644340
1.646461
1.646461
1.634783
1.634783
1.644265
1.644265
1.660846
1.660846
1.636638
1.636638
1.640648
1.640648
1.631170
1.631170
1.629251
1.629251
1.646196
1.646196
1.635700
1.635700
1.635938
1.635938
1.636862
1.636862
1.652088
1.652088
1.647348
1.647348
1.636715
1.636715
1.632690
1.632690
1.659520
1.659520
1.617440
1.617440
1.633223
1.633223
1.628020
1.628020
1.660604
1.660604
1.635967
1.635967
1.646705
1.646705
1.644586
1.644586
1.640403
1.640403
1.634190
1.634190
1.643048
1.643048
1.639387
1.639387
1.636074
1.636074
1.631899
1.631899
1.638622
1.638622
1.633318
1.633318
1.674641
1.674641
1.629733
1.629733
1.647074
1.647074
1.649514
1.649514
1.634233
1.634233
1.641457
1.641457
1.643991
1.643991
1.636363
1.636363
1.658321
1.658321
1.628269
1.628269
1.630947
1.630947
1.643403
1.643403
1.646542
1.646542
1.644995
1.644995
1.635189
1.635189
1.625759
1.625759
1.628045
1.628045
1.657687
1.657687
1.639348
1.639348
1.641681
1.641681
1.630779
1.630779
1.644357
1.644357
1.641489
1.641489
1.648794
1.648794
1.642570
1.642570
1.613607
1.613607
1.653307
1.653307
1.630971
1.630971
1.648159
1.648159
1.639052
1.639052
1.622162
1.622162
1.639140
1.639140
1.631458
1.631458
1.633930
1.633930
1.647313
1.647313
1.652594
1.652594
1.634684
1.634684
1.616932
1.616932
1.664522
1.664522
1.646775
1.646775
1.634141
1.634141
1.643288
1.643288
1.636321
1.636321
1.644496
1.644496
1.635428
1.635428
1.639192
1.639192
1.632545
1.632545
1.629507
1.629507
1.649024
1.649024
1.649801
1.649801
1.636971
1.636971
1.642949
1.642949
1.648153
1.648153
1.631320
1.631320
1.623996
1.623996
1.659710
1.659710
1.623753
1.623753
1.640807
1.640807
1.643248
1.643248
1.644856
1.644856
1.649488
1.649488
1.637792
1.637792
1.621821
1.621821
1.645803
1.645803
1.649986
1.649986
1.645209
1.645209
1.665792
1.665792
1.649125
1.649125
1.630404
1.630404
1.623777
1.623777
1.623256
1.623256
1.646530
1.646530
1.630200
1.630200
1.642931
1.642931
1.639231
1.639231
1.639142
1.639142
1.628573
1.628573
1.635475
1.635475
1.651489
1.651489
1.641929
1.641929
1.640828
1.640828
1.633584
1.633584
1.646538
1.646538
1.643302
1.643302
1.638739
1.638739
1.632627
1.632627
1.635045
1.635045
1.647063
1.647063
1.623810
1.623810
1.652283
1.652283
1.638465
1.638465
1.638418
1.638418
1.631312
1.631312
1.638972
1.638972
1.643286
1.643286
1.648187
1.648187
1.644491
1.644491
1.647488
1.647488
1.637833
1.637833
1.632081
1.632081
1.632076
1.632076
1.624364
1.624364
1.646226
1.646226
1.637569
1.637569
1.650800
1.650800
1.636217
1.636217
1.638338
1.638338
1.639354
1.639354
1.639862
1.639862
1.643121
1.643121
1.632870
1.632870
1.639952
1.639952
1.625772
1.625772
1.632721
1.632721
1.645877
1.645877
1.658613
1.658613
1.647828
1.647828
1.630057
1.630057
1.644750
1.644750
1.635092
1.635092
1.636972
1.636972
1.643342
1.643342
1.652919
1.652919
1.642259
1.642259
1.630632
1.630632
1.618236
1.618236
1.637941
1.637941
1.635788
1.635788
1.643455
1.643455
1.627568
1.627568
1.656769
1.656769
1.622707
1.622707
1.648539
1.648539
1.645995
1.645995
1.636670
1.636670
1.641760
1.641760
1.645354
1.645354
1.631265
1.631265
1.637619
1.637619
1.637305
1.637305
1.645164
1.645164
1.625703
1.625703
1.631029
1.631029
1.640505
1.640505
1.647396
1.647396
1.655670
1.655670
1.632618
1.632618
1.637251
1.637251
1.641058
1.641058
1.644774
1.644774
1.637218
1.637218
1.646428
1.646428
1.632613
1.632613
1.639015
1.639015
1.637488
1.637488
1.636993
1.636993
1.651274
1.651274
1.624007
1.624007
1.640172
1.640172
1.635952
1.635952
1.642608
1.642608
1.627151
1.627151
1.648252
1.648252
1.639415
1.639415
1.640034
1.640034
1.635950
1.635950
1.639557
1.639557
1.635732
1.635732
1.642938
1.642938
1.638716
1.638716
1.631860
1.631860
1.644285
1.644285
1.633489
1.633489
1.632291
1.632291
1.644043
1.644043
1.635700
1.635700
1.649258
1.649258
1.624156
1.624156
1.631600
1.631600
1.628643
1.628643
1.667598
1.667598
1.641539
1.641539
1.645184
1.645184
1.631296
1.631296
1.638907
1.638907
1.629843
1.629843
1.651065
1.651065
1.630684
1.630684
1.627759
1.627759
1.645994
1.645994
1.631755
1.631755
1.638328
1.638328
1.643638
1.643638
1.632966
1.632966
1.635937
1.635937
1.638692
1.638692
1.638657
1.638657
1.639766
1.639766
1.627251
1.627251
1.637920
1.637920
1.649812
1.649812
1.633518
1.633518
1.633012
1.633012
1.645076
1.645076
1.640496
1.640496
1.636097
1.636097
1.627350
1.627350
1.632923
1.632923
1.645772
1.645772
1.638815
1.638815
1.647836
1.647836
1.636183
1.636183
1.640925
1.640925
1.639368
1.639368
1.625072
1.625072
1.652916
1.652916
1.632884
1.632884
1.642545
1.642545
1.639685
1.639685
1.641676
1.641676
1.628394
1.628394
1.636442
1.636442
1.640453
1.640453
1.643857
1.643857
1.628696
1.628696
1.639511
1.639511
1.636480
1.636480
1.632011
1.632011
1.638269
1.638269
1.643230
1.643230
1.638311
1.638311
1.660587
1.660587
1.631593
1.631593
1.631296
1.631296
1.636243
1.636243
1.622741
1.622741
1.642119
1.642119
1.635847
1.635847
1.637794
1.637794
1.638435
1.638435
1.631536
1.631536
1.627338
1.627338
1.656656
1.656656
1.625736
1.625736
1.643782
1.643782
1.632735
1.632735
1.640209
1.640209
1.633751
1.633751
1.636858
1.636858
1.641223
1.641223
1.634961
1.634961
1.625210
1.625210
1.646303
1.646303
1.633623
1.633623
1.639960
1.639960
1.645634
1.645634
1.634036
1.634036
1.647114
1.647114
1.634861
1.634861
1.640989
1.640989
1.626278
1.626278
1.625683
1.625683
1.645971
1.645971
1.636754
1.636754
1.637141
1.637141
1.644115
1.644115
1.645812
1.645812
1.647954
1.647954
1.625623
1.625623
1.636500
1.636500
1.627086
1.627086
1.652913
1.652913
1.633466
1.633466
1.627274
1.627274
1.641150
1.641150
1.628070
1.628070
1.635684
1.635684
1.632645
1.632645
1.643420
1.643420
1.628607
1.628607
1.650605
1.650605
1.638134
1.638134
1.649522
1.649522
1.637269
1.637269
1.638722
1.638722
1.612926
1.612926
1.633339
1.633339
1.631977
1.631977
1.644746
1.644746
1.632251
1.632251
1.646589
1.646589
1.631960
1.631960
1.636171
1.636171
1.634899
1.634899
1.643603
1.643603
1.639386
1.639386
1.650093
1.650093
1.639175
1.639175
1.633886
1.633886
1.637981
1.637981
1.615914
1.615914
1.644160
1.644160
1.635400
1.635400
1.642034
1.642034
1.623899
1.623899
1.640207
1.640207
1.639419
1.639419
1.630674
1.630674
1.643447
1.643447
1.631208
1.631208
1.640604
1.640604
1.636740
1.636740
1.624226
1.624226
1.642496
1.642496
1.636088
1.636088
1.648188
1.648188
1.642555
1.642555
1.629679
1.629679
1.646250
1.646250
1.632881
1.632881
1.628989
1.628989
1.630874
1.630874
1.638550
1.638550
1.646018
1.646018
1.643522
1.643522
1.616767
1.616767
1.634992
1.634992
1.633635
1.633635
1.638870
1.638870
1.650135
1.650135
1.618594
1.618594
1.647238
1.647238
1.634706
1.634706
1.631342
1.631342
1.640884
1.640884
1.623682
1.623682
1.637832
1.637832
1.647506
1.647506
1.637570
1.637570
1.630479
1.630479
1.624832
1.624832
1.625514
1.625514
1.637136
1.637136
1.638778
1.638778
1.633989
1.633989
1.653613
1.653613
1.646990
1.646990
1.636350
1.636350
1.630438
1.630438
1.636814
1.636814
1.629238
1.629238
1.642803
1.642803
1.634440
1.634440
1.637488
1.637488
1.623770
1.623770
1.648280
1.648280
1.646373
1.646373
1.638989
1.638989
1.628737
1.628737
1.634479
1.634479
1.632080
1.632080
1.632439
1.632439
1.639851
1.639851
1.635854
1.635854
1.647392
1.647392
1.620757
1.620757
1.635966
1.635966
1.644994
1.644994
1.645000
1.645000
1.627453
1.627453
1.623878
1.623878
1.632257
1.632257
1.639119
1.639119
1.643161
1.643161
1.626029
1.626029
1.644158
1.644158
1.630279
1.630279
1.618916
1.618916
1.643923
1.643923
1.651276
1.651276
1.637775
1.637775
1.642622
1.642622
1.627565
1.627565
1.634540
1.634540
1.629925
1.629925
1.653076
1.653076
1.646554
1.646554
1.625016
1.625016
1.636478
1.636478
1.624241
1.624241
1.656639
1.656639
1.641031
1.641031
1.639522
1.639522
1.632231
1.632231
1.635842
1.635842
1.629876
1.629876
1.646240
1.646240
1.618337
1.618337
1.637899
1.637899
1.634320
1.634320
1.647915
1.647915
1.649004
1.649004
1.625462
1.625462
1.638744
1.638744
1.629717
1.629717
1.637374
1.637374
1.655876
1.655876
1.626906
1.626906
1.640149
1.640149
1.619061
1.619061
1.638517
1.638517
1.623630
1.623630
1.646291
1.646291
1.646267
1.646267
1.632189
1.632189
1.628170
1.628170
1.622361
1.622361
1.633987
1.633987
1.640296
1.640296
1.641773
1.641773
1.643863
1.643863
1.617364
1.617364
1.635730
1.635730
1.634625
1.634625
1.645825
1.645825
1.651534
1.651534
1.622517
1.622517
1.642935
1.642935
1.637902
1.637902
1.644097
1.644097
1.628809
1.628809
1.634623
1.634623
1.629915
1.629915
1.637109
1.637109
1.637961
1.637961
1.640641
1.640641
1.640332
1.640332
1.627854
1.627854
1.633312
1.633312
1.644790
1.644790
1.629667
1.629667
1.622285
1.622285
1.636100
1.636100
1.642975
1.642975
1.642545
1.642545
1.633260
1.633260
1.630408
1.630408
1.638786
1.638786
1.634107
1.634107
1.630817
1.630817
1.648694
1.648694
1.637180
1.637180
1.647886
1.647886
1.620866
1.620866
1.633207
1.633207
1.640630
1.640630
1.638533
1.638533
1.635960
1.635960
1.630475
1.630475
1.635062
1.635062
1.638544
1.638544
1.640270
1.640270
1.630138
1.630138
1.628605
1.628605
1.660127
1.660127
1.607466
1.607466
1.624591
1.624591
1.640630
1.640630
1.635479
1.635479
1.641983
1.641983
1.633221
1.633221
1.626857
1.626857
1.643247
1.643247
1.644041
1.644041
1.631497
1.631497
1.627994
1.627994
1.641572
1.641572
1.628975
1.628975
1.629554
1.629554
1.629308
1.629308
1.653379
1.653379
1.656406
1.656406
1.615653
1.615653
1.637263
1.637263
1.634146
1.634146
1.630706
1.630706
1.635885
1.635885
1.636635
1.636635
1.650746
1.650746
1.631087
1.631087
1.612977
1.612977
1.640942
1.640942
1.633049
1.633049
1.641667
1.641667
1.624224
1.624224
1.635584
1.635584
1.624195
1.624195
1.627967
1.627967
1.634506
1.634506
1.646504
1.646504
1.645933
1.645933
1.633448
1.633448
1.632170
1.632170
1.641006
1.641006
1.639153
1.639153
1.625315
1.625315
1.625408
1.625408
1.638300
1.638300
1.644346
1.644346
1.630997
1.630997
1.635376
1.635376
1.616186
1.616186
1.630123
1.630123
1.652889
1.652889
1.629029
1.629029
1.651967
1.651967
1.628792
1.628792
1.644461
1.644461
1.629395
1.629395
1.641236
1.641236
1.626602
1.626602
1.618958
1.618958
1.645296
1.645296
1.640514
1.640514
1.636288
1.636288
1.631111
1.631111
1.634757
1.634757
1.628833
1.628833
1.636982
1.636982
1.641560
1.641560
1.629262
1.629262
1.629735
1.629735
1.629067
1.629067
1.632925
1.632925
1.635881
1.635881
1.652224
1.652224
1.624721
1.624721
1.639698
1.639698
1.638999
1.638999
1.635208
1.635208
1.634801
1.634801
1.649302
1.649302
1.639151
1.639151
1.624811
1.624811
1.628940
1.628940
1.628991
1.628991
1.639853
1.639853
1.627632
1.627632
1.631501
1.631501
1.641862
1.641862
1.630594
1.630594
1.626033
1.626033
1.631942
1.631942
1.642777
1.642777
1.636405
1.636405
1.635702
1.635702
1.643572
1.643572
1.640667
1.640667
1.631198
1.631198
1.625115
1.625115
1.629510
1.629510
1.645257
1.645257
1.622179
1.622179
1.628868
1.628868
1.640265
1.640265
1.635406
1.635406
1.627483
1.627483
1.632582
1.632582
1.642899
1.642899
1.637731
1.637731
1.628614
1.628614
1.634905
1.634905
1.629044
1.629044
1.646836
1.646836
1.634874
1.634874
1.620711
1.620711
1.647098
1.647098
1.630741
1.630741
1.647198
1.647198
1.619949
1.619949
1.622290
1.622290
1.634828
1.634828
1.627814
1.627814
1.641659
1.641659
1.639871
1.639871
1.623547
1.623547
1.634670
1.634670
1.632375
1.632375
1.638153
1.638153
1.640501
1.640501
1.620928
1.620928
1.634126
1.634126
1.625239
1.625239
1.636972
1.636972
1.634240
1.634240
1.644875
1.644875
1.631419
1.631419
1.631022
1.631022
1.646977
1.646977
1.627772
1.627772
1.634169
1.634169
1.632051
1.632051
1.638921
1.638921
1.634511
1.634511
1.631471
1.631471
1.634282
1.634282
1.634493
1.634493
1.633975
1.633975
1.622574
1.622574
1.638963
1.638963
1.645095
1.645095
1.628389
1.628389
1.637294
1.637294
1.637552
1.637552
1.631486
1.631486
1.637701
1.637701
1.634905
1.634905
1.635166
1.635166
1.625489
1.625489
1.640171
1.640171
1.636225
1.636225
1.656753
1.656753
1.614097
1.614097
1.635139
1.635139
1.641075
1.641075
1.618290
1.618290
1.645340
1.645340
1.631243
1.631243
1.629167
1.629167
1.623981
1.623981
1.645906
1.645906
1.628869
1.628869
1.637234
1.637234
1.631222
1.631222
1.642072
1.642072
1.630414
1.630414
1.615681
1.615681
1.647793
1.647793
1.637915
1.637915
1.636439
1.636439
1.632532
1.632532
1.626512
1.626512
1.625529
1.625529
1.656542
1.656542
1.635677
1.635677
1.622058
1.622058
1.637190
1.637190
1.636617
1.636617
1.631635
1.631635
1.635728
1.635728
1.626618
1.626618
1.629704
1.629704
1.632342
1.632342
1.637747
1.637747
1.635817
1.635817
1.635273
1.635273
1.623194
1.623194
1.633116
1.633116
1.635212
1.635212
1.640293
1.640293
1.641098
1.641098
1.638968
1.638968
1.627070
1.627070
1.651250
1.651250
1.626745
1.626745
1.620830
1.620830
1.639651
1.639651
1.634354
1.634354
1.621115
1.621115
1.643196
1.643196
1.629792
1.629792
1.644035
1.644035
1.628509
1.628509
1.626604
1.626604
1.630329
1.630329
1.643905
1.643905
1.643539
1.643539
1.631652
1.631652
1.623943
1.623943
1.633476
1.633476
1.638707
1.638707
1.641489
1.641489
1.632053
1.632053
1.641560
1.641560
1.625297
1.625297
1.626117
1.626117
1.634213
1.634213
1.636870
1.636870
1.637477
1.637477
1.626109
1.626109
1.635022
1.635022
1.638311
1.638311
1.635732
1.635732
1.629276
1.629276
1.633997
1.633997
1.630341
1.630341
1.639936
1.639936
1.643981
1.643981
1.628744
1.628744
1.633803
1.633803
1.614915
1.614915
1.632393
1.632393
1.637958
1.637958
1.629195
1.629195
1.632300
1.632300
1.637914
1.637914
1.634797
1.634797
1.644352
1.644352
1.633292
1.633292
1.633446
1.633446
1.615343
1.615343
1.642693
1.642693
1.628669
1.628669
1.633327
1.633327
1.632756
1.632756
1.628462
1.628462
1.626570
1.626570
1.637469
1.637469
1.629459
1.629459
1.649413
1.649413
1.619063
1.619063
1.633427
1.633427
1.639123
1.639123
1.629235
1.629235
1.634672
1.634672
1.628716
1.628716
1.632863
1.632863
1.633422
1.633422
1.643827
1.643827
1.624565
1.624565
1.631237
1.631237
1.627055
1.627055
1.634069
1.634069
1.625073
1.625073
1.646074
1.646074
1.634862
1.634862
1.618043
1.618043
1.643297
1.643297
1.638449
1.638449
1.641207
1.641207
1.620706
1.620706
1.630840
1.630840
1.628391
1.628391
1.635175
1.635175
1.635231
1.635231
1.638375
1.638375
1.634968
1.634968
1.637923
1.637923
1.614352
1.614352
1.639642
1.639642
1.642192
1.642192
1.636208
1.636208
1.634326
1.634326
1.621895
1.621895
1.646806
1.646806
1.622172
1.622172
1.643270
1.643270
1.620165
1.620165
1.639213
1.639213
1.634096
1.634096
1.625954
1.625954
1.628469
1.628469
1.635069
1.635069
1.629701
1.629701
1.632464
1.632464
1.643101
1.643101
1.620160
1.620160
1.625535
1.625535
1.644553
1.644553
1.639988
1.639988
1.635290
1.635290
1.627835
1.627835
1.651253
1.651253
1.634156
1.634156
1.618805
1.618805
1.631603
1.631603
1.623918
1.623918
1.640432
1.640432
1.630860
1.630860
1.636441
1.636441
1.631369
1.631369
1.630134
1.630134
1.652548
1.652548
1.626811
1.626811
1.620872
1.620872
1.632377
1.632377
1.633610
1.633610
1.634112
1.634112
1.617054
1.617054
1.646653
1.646653
1.629544
1.629544
1.622958
1.622958
1.631281
1.631281
1.638054
1.638054
1.635798
1.635798
1.634241
1.634241
1.630187
1.630187
1.616522
1.616522
1.640080
1.640080
1.642312
1.642312
1.632447
1.632447
1.636303
1.636303
1.630815
1.630815
1.638344
1.638344
1.621377
1.621377
1.635822
1.635822
1.616775
1.616775
1.644756
1.644756
1.643549
1.643549
1.621467
1.621467
1.635840
1.635840
1.628060
1.628060
1.631526
1.631526
1.632400
1.632400
1.636316
1.636316
1.632681
1.632681
1.640907
1.640907
1.630960
1.630960
1.617326
1.617326
1.635067
1.635067
1.639131
1.639131
1.639825
1.639825
1.635194
1.635194
1.613009
1.613009
1.640930
1.640930
1.631639
1.631639
1.643829
1.643829
1.633989
1.633989
1.635563
1.635563
1.630424
1.630424
1.608210
1.608210
1.617665
1.617665
1.634140
1.634140
1.637839
1.637839
1.638268
1.638268
1.634070
1.634070
1.643645
1.643645
1.630306
1.630306
1.638054
1.638054
1.623969
1.623969
1.621715
1.621715
1.627887
1.627887
1.643900
1.643900
1.632228
1.632228
1.632131
1.632131
1.621776
1.621776
1.631208
1.631208
1.635671
1.635671
1.628432
1.628432
1.629234
1.629234
1.640251
1.640251
1.630515
1.630515
1.623823
1.623823
1.641553
1.641553
1.636184
1.636184
1.628349
1.628349
1.632704
1.632704
1.623522
1.623522
1.646917
1.646917
1.634681
1.634681
1.619106
1.619106
1.640524
1.640524
1.627242
1.627242
1.624983
1.624983
1.628199
1.628199
1.645707
1.645707
1.626049
1.626049
1.636499
1.636499
1.624592
1.624592
1.633688
1.633688
1.645668
1.645668
1.626000
1.626000
1.636316
1.636316
1.620786
1.620786
1.638799
1.638799
1.643897
1.643897
1.644416
1.644416
1.639107
1.639107
1.620610
1.620610
1.629537
1.629537
1.624882
1.624882
1.631118
1.631118
1.633190
1.633190
1.627396
1.627396
1.635567
1.635567
1.634874
1.634874
1.618572
1.618572
1.630324
1.630324
1.641324
1.641324
1.618052
1.618052
1.664783
1.664783
1.613914
1.613914
1.639927
1.639927
1.632543
1.632543
1.641289
1.641289
1.633383
1.633383
1.622371
1.622371
1.637178
1.637178
1.631921
1.631921
1.627082
1.627082
1.647487
1.647487
1.629123
1.629123
1.618354
1.618354
1.655914
1.655914
1.624374
1.624374
1.632242
1.632242
1.622721
1.622721
1.639706
1.639706
1.637477
1.637477
1.620412
1.620412
1.643575
1.643575
1.633162
1.633162
1.631434
1.631434
1.623233
1.623233
1.646291
1.646291
1.620945
1.620945
1.641860
1.641860
1.641011
1.641011
1.626257
1.626257
1.626526
1.626526
1.618165
1.618165
1.627571
1.627571
1.635113
1.635113
1.628987
1.628987
1.636406
1.636406
1.630274
1.630274
1.628966
1.628966
1.638778
1.638778
1.619460
1.619460
1.634781
1.634781
1.640105
1.640105
1.640440
1.640440
1.621684
1.621684
1.624198
1.624198
1.643229
1.643229
1.628199
1.628199
1.626988
1.626988
1.633391
1.633391
1.636648
1.636648
1.621249
1.621249
1.645875
1.645875
1.618628
1.618628
1.640215
1.640215
1.632004
1.632004
1.638505
1.638505
1.628010
1.628010
1.640118
1.640118
1.631424
1.631424
1.622249
1.622249
1.637948
1.637948
1.624045
1.624045
1.650205
1.650205
1.625155
1.625155
1.646318
1.646318
1.628071
1.628071
1.595279
1.595279
1.645207
1.645207
1.628686
1.628686
1.623885
1.623885
1.621881
1.621881
1.643599
1.643599
1.624498
1.624498
1.624121
1.624121
1.637330
1.637330
1.635747
1.635747
1.640568
1.640568
1.626779
1.626779
1.639892
1.639892
1.620448
1.620448
1.635034
1.635034
1.639446
1.639446
1.638812
1.638812
1.638032
1.638032
1.626207
1.626207
1.623993
1.623993
1.631299
1.631299
1.629771
1.629771
1.629058
1.629058
1.631507
1.631507
1.630070
1.630070
1.641557
1.641557
1.632604
1.632604
1.622630
1.622630
1.633706
1.633706
1.635510
1.635510
1.634470
1.634470
1.637921
1.637921
1.627907
1.627907
1.624910
1.624910
1.636354
1.636354
1.629437
1.629437
1.640267
1.640267
1.630019
1.630019
1.617311
1.617311
1.637268
1.637268
1.632752
1.632752
1.635007
1.635007
1.633875
1.633875
1.635448
1.635448
1.618342
1.618342
1.636229
1.636229
1.627379
1.627379
1.639365
1.639365
1.630551
1.630551
1.628362
1.628362
1.631556
1.631556
1.637577
1.637577
1.614636
1.614636
1.631851
1.631851
1.626309
1.626309
1.655712
1.655712
1.628444
1.628444
1.636581
1.636581
1.639546
1.639546
1.625559
1.625559
1.623749
1.623749
1.613066
1.613066
1.635374
1.635374
1.636728
1.636728
1.634533
1.634533
1.640133
1.640133
1.635167
1.635167
1.631233
1.631233
1.638548
1.638548
1.628643
1.628643
1.618201
1.618201
1.641584
1.641584
1.619189
1.619189
1.641506
1.641506
1.629887
1.629887
1.620466
1.620466
1.632420
1.632420
1.634374
1.634374
1.633217
1.633217
1.630116
1.630116
1.623589
1.623589
1.633602
1.633602
1.620075
1.620075
1.630840
1.630840
1.628866
1.628866
1.649986
1.649986
1.636606
1.636606
1.626094
1.626094
1.630061
1.630061
1.637541
1.637541
1.622486
1.622486
1.624451
1.624451
1.634984
1.634984
1.632685
1.632685
1.635092
1.635092
1.626704
1.626704
1.630634
1.630634
1.632502
1.632502
1.634664
1.634664
1.631006
1.631006
1.623530
1.623530
1.622595
1.622595
1.632645
1.632645
1.636270
1.636270
1.633694
1.633694
1.628586
1.628586
1.631506
1.631506
1.623630
1.623630
1.628028
1.628028
1.624749
1.624749
1.655921
1.655921
1.636951
1.636951
1.630775
1.630775
1.610926
1.610926
1.641738
1.641738
1.635712
1.635712
1.626362
1.626362
1.644204
1.644204
1.624521
1.624521
1.632132
1.632132
1.624619
1.624619
1.629425
1.629425
1.632742
1.632742
1.621323
1.621323
1.634680
1.634680
1.639029
1.639029
1.636517
1.636517
1.625468
1.625468
1.629032
1.629032
1.640050
1.640050
1.618351
1.618351
1.624655
1.624655
1.642780
1.642780
1.624977
1.624977
1.633857
1.633857
1.625482
1.625482
1.619704
1.619704
1.629821
1.629821
1.650319
1.650319
1.626389
1.626389
1.625013
1.625013
1.629230
1.629230
1.621750
1.621750
1.634691
1.634691
1.635594
1.635594
1.632301
1.632301
1.629596
1.629596
1.629702
1.629702
1.618781
1.618781
1.646453
1.646453
1.626516
1.626516
1.625555
1.625555
1.637870
1.637870
1.626100
1.626100
1.638806
1.638806
1.619686
1.619686
1.635775
1.635775
1.620983
1.620983
1.633592
1.633592
1.634529
1.634529
1.624296
1.624296
1.617142
1.617142
1.623937
1.623937
1.645915
1.645915
1.637761
1.637761
1.623813
1.623813
1.630227
1.630227
1.630216
1.630216
1.631005
1.631005
1.630101
1.630101
1.628704
1.628704
1.634238
1.634238
1.608631
1.608631
1.638250
1.638250
1.638488
1.638488
1.631762
1.631762
1.623309
1.623309
1.629657
1.629657
1.638139
1.638139
1.635253
1.635253
1.620907
1.620907
1.626307
1.626307
1.631068
1.631068
1.621291
1.621291
1.633835
1.633835
1.642962
1.642962
1.630414
1.630414
1.631379
1.631379
1.630788
1.630788
1.632578
1.632578
1.622727
1.622727
1.629951
1.629951
1.636706
1.636706
1.628706
1.628706
1.630269
1.630269
1.622007
1.622007
1.624364
1.624364
1.632805
1.632805
1.630372
1.630372
1.629117
1.629117
1.636047
1.636047
1.640451
1.640451
1.629930
1.629930
1.636043
1.636043
1.619996
1.619996
1.620058
1.620058
1.637687
1.637687
1.643877
1.643877
1.613839
1.613839
1.619734
1.619734
1.637959
1.637959
1.625532
1.625532
1.627557
1.627557
1.634977
1.634977
1.631500
1.631500
1.631004
1.631004
1.625440
1.625440
1.625311
1.625311
1.632875
1.632875
1.638717
1.638717
1.626264
1.626264
1.626979
1.626979
1.637761
1.637761
1.631818
1.631818
1.626894
1.626894
1.623921
1.623921
1.641668
1.641668
1.620277
1.620277
1.646474
1.646474
1.628330
1.628330
1.601809
1.601809
1.623786
1.623786
1.637235
1.637235
1.626768
1.626768
1.626905
1.626905
1.636542
1.636542
1.632118
1.632118
1.622300
1.622300
1.641825
1.641825
1.612340
1.612340
1.646400
1.646400
1.621740
1.621740
1.636847
1.636847
1.627285
1.627285
1.627798
1.627798
1.638402
1.638402
1.644641
1.644641
1.630445
1.630445
1.639845
1.639845
1.616429
1.616429
1.610272
1.610272
1.631638
1.631638
1.640486
1.640486
1.637860
1.637860
1.611863
1.611863
1.625524
1.625524
1.619733
1.619733
1.627197
1.627197
1.625812
1.625812
1.642834
1.642834
1.635161
1.635161
1.634477
1.634477
1.627092
1.627092
1.623648
1.623648
1.631097
1.631097
1.633769
1.633769
1.634545
1.634545
1.621857
1.621857
1.640028
1.640028
1.626600
1.626600
1.622909
1.622909
1.618372
1.618372
1.645953
1.645953
1.624930
1.624930
1.632081
1.632081
1.625202
1.625202
1.627783
1.627783
1.631145
1.631145
1.631562
1.631562
1.635814
1.635814
1.616573
1.616573
1.634753
1.634753
1.627271
1.627271
1.632932
1.632932
1.620017
1.620017
1.634465
1.634465
1.617934
1.617934
1.629531
1.629531
1.626832
1.626832
1.643516
1.643516
1.630023
1.630023
1.638199
1.638199
1.626636
1.626636
1.622342
1.622342
1.627633
1.627633
1.635196
1.635196
1.650819
1.650819
1.625498
1.625498
1.626811
1.626811
1.622341
1.622341
1.618341
1.618341
1.614940
1.614940
1.631574
1.631574
1.626153
1.626153
1.627412
1.627412
1.659073
1.659073
1.636776
1.636776
1.626980
1.626980
1.625035
1.625035
1.627156
1.627156
1.633842
1.633842
1.635535
1.635535
1.629872
1.629872
1.633420
1.633420
1.622306
1.622306
1.625279
1.625279
1.615992
1.615992
1.628805
1.628805
1.636154
1.636154
1.637282
1.637282
1.629362
1.629362
1.639029
1.639029
1.628663
1.628663
1.613097
1.613097
1.635267
1.635267
1.632254
1.632254
1.635466
1.635466
1.636927
1.636927
1.617372
1.617372
1.621992
1.621992
1.638715
1.638715
1.632053
1.632053
1.623475
1.623475
1.623822
1.623822
1.628358
1.628358
1.644801
1.644801
1.629996
1.629996
1.624739
1.624739
1.630654
1.630654
1.624912
1.624912
1.640206
1.640206
1.627309
1.627309
1.622519
1.622519
1.632313
1.632313
1.644402
1.644402
1.613931
1.613931
1.641337
1.641337
1.633180
1.633180
1.622863
1.622863
1.617507
1.617507
1.631886
1.631886
1.622618
1.622618
1.631096
1.631096
1.631269
1.631269
1.627542
1.627542
1.635233
1.635233
1.628673
1.628673
1.636114
1.636114
1.619707
1.619707
1.633394
1.633394
1.626504
1.626504
1.631930
1.631930
1.624062
1.624062
1.621658
1.621658
1.627872
1.627872
1.645995
1.645995
1.625345
1.625345
1.621133
1.621133
1.649110
1.649110
1.619903
1.619903
1.629887
1.629887
1.648724
1.648724
1.627692
1.627692
1.623736
1.623736
1.618019
1.618019
1.625415
1.625415
1.612448
1.612448
1.643978
1.643978
1.621487
1.621487
1.629364
1.629364
1.642522
1.642522
1.619748
1.619748
1.622250
1.622250
1.648131
1.648131
1.624941
1.624941
1.629916
1.629916
1.628164
1.628164
1.622499
1.622499
1.632827
1.632827
1.618560
1.618560
1.650493
1.650493
1.631233
1.631233
1.629921
1.629921
1.630966
1.630966
1.622753
1.622753
1.629662
1.629662
1.625570
1.625570
1.631341
1.631341
1.625716
1.625716
1.625267
1.625267
1.640199
1.640199
1.629859
1.629859
1.629443
1.629443
1.627294
1.627294
1.629238
1.629238
1.627252
1.627252
1.648240
1.648240
1.631975
1.631975
1.622898
1.622898
1.612851
1.612851
1.627020
1.627020
1.626049
1.626049
1.621213
1.621213
1.643751
1.643751
1.624323
1.624323
1.627816
1.627816
1.624618
1.624618
1.623665
1.623665
1.636208
1.636208
1.632770
1.632770
1.624654
1.624654
1.629121
1.629121
1.630271
1.630271
1.629541
1.629541
1.626266
1.626266
1.627834
1.627834
1.633724
1.633724
1.634554
1.634554
1.622828
1.622828
1.631506
1.631506
1.615452
1.615452
1.628935
1.628935
1.611090
1.611090
1.649044
1.649044
1.622458
1.622458
1.632739
1.632739
1.618317
1.618317
1.635618
1.635618
1.637715
1.637715
1.627683
1.627683
1.620276
1.620276
1.623649
1.623649
1.618214
1.618214
1.638062
1.638062
1.633502
1.633502
1.629453
1.629453
1.631823
1.631823
1.630428
1.630428
1.622601
1.622601
1.624873
1.624873
1.635203
1.635203
1.637793
1.637793
1.617652
1.617652
1.636303
1.636303
1.625533
1.625533
1.623179
1.623179
1.629303
1.629303
1.618311
1.618311
1.629841
1.629841
1.634065
1.634065
1.632334
1.632334
1.620507
1.620507
1.636762
1.636762
1.637419
1.637419
1.624884
1.624884
1.619631
1.619631
1.638918
1.638918
1.637913
1.637913
1.621092
1.621092
1.619878
1.619878
1.622607
1.622607
1.626767
1.626767
1.635680
1.635680
1.624910
1.624910
1.621176
1.621176
1.637184
1.637184
1.632737
1.632737
1.634126
1.634126
1.616799
1.616799
1.618709
1.618709
1.646685
1.646685
1.625512
1.625512
1.632373
1.632373
1.622918
1.622918
1.629387
1.629387
1.634383
1.634383
1.626252
1.626252
1.628561
1.628561
1.629281
1.629281
1.624457
1.624457
1.637563
1.637563
1.630060
1.630060
1.629947
1.629947
1.622362
1.622362
1.633415
1.633415
1.626203
1.626203
1.624232
1.624232
1.637890
1.637890
1.625904
1.625904
1.632050
1.632050
1.619084
1.619084
1.640782
1.640782
1.618087
1.618087
1.621614
1.621614
1.617971
1.617971
1.653334
1.653334
1.635798
1.635798
1.631446
1.631446
1.627088
1.627088
1.628002
1.628002
1.615009
1.615009
1.624302
1.624302
1.630039
1.630039
1.620339
1.620339
1.641437
1.641437
1.624641
1.624641
1.636105
1.636105
1.633695
1.633695
1.619475
1.619475
1.634284
1.634284
1.612700
1.612700
1.627631
1.627631
1.620893
1.620893
1.628926
1.628926
1.649015
1.649015
1.608235
1.608235
1.625787
1.625787
1.632429
1.632429
1.633020
1.633020
1.629750
1.629750
1.616977
1.616977
1.626351
1.626351
1.633368
1.633368
1.624845
1.624845
1.636349
1.636349
1.616834
1.616834
1.635118
1.635118
1.627370
1.627370
1.618205
1.618205
1.623800
1.623800
1.642600
1.642600
1.634441
1.634441
1.629369
1.629369
1.629506
1.629506
1.622208
1.622208
1.624715
1.624715
1.632524
1.632524
1.624762
1.624762
1.625286
1.625286
1.620590
1.620590
1.644261
1.644261
1.642096
1.642096
1.634040
1.634040
1.612344
1.612344
1.624631
1.624631
1.628133
1.628133
1.616113
1.616113
1.634278
1.634278
1.631305
1.631305
1.637471
1.637471
1.618021
1.618021
1.613419
1.613419
1.631021
1.631021
1.638437
1.638437
1.633433
1.633433
1.622104
1.622104
1.628958
1.628958
1.632910
1.632910
1.638256
1.638256
1.623041
1.623041
1.610701
1.610701
1.618541
1.618541
1.622423
1.622423
1.638737
1.638737
1.627572
1.627572
1.635532
1.635532
1.632417
1.632417
1.630223
1.630223
1.625738
1.625738
1.616635
1.616635
1.638479
1.638479
1.620270
1.620270
1.629058
1.629058
1.633948
1.633948
1.629012
1.629012
1.626061
1.626061
1.618793
1.618793
1.640360
1.640360
1.622364
1.622364
1.624910
1.624910
1.634545
1.634545
1.627919
1.627919
1.627327
1.627327
1.631722
1.631722
1.626238
1.626238
1.623073
1.623073
1.616618
1.616618
1.631368
1.631368
1.634907
1.634907
1.621757
1.621757
1.636277
1.636277
1.626746
1.626746
1.632300
1.632300
1.626665
1.626665
1.623623
1.623623
1.628505
1.628505
1.629105
1.629105
1.629758
1.629758
1.615861
1.615861
1.632498
1.632498
1.631491
1.631491
1.627296
1.627296
1.638255
1.638255
1.635422
1.635422
1.615615
1.615615
1.616268
1.616268
1.634772
1.634772
1.632323
1.632323
1.634318
1.634318
1.611131
1.611131
1.622659
1.622659
1.626606
1.626606
1.625533
1.625533
1.631676
1.631676
1.632961
1.632961
1.615927
1.615927
1.621223
1.621223
1.630035
1.630035
1.621627
1.621627
1.631297
1.631297
1.636061
1.636061
1.623791
1.623791
1.624528
1.624528
1.635705
1.635705
1.623398
1.623398
1.631056
1.631056
1.637802
1.637802
1.606151
1.606151
1.634631
1.634631
1.628574
1.628574
1.631497
1.631497
1.615102
1.615102
1.609976
1.609976
1.648865
1.648865
1.633463
1.633463
1.630912
1.630912
1.626555
1.626555
1.626886
1.626886
1.629027
1.629027
1.626703
1.626703
1.627917
1.627917
1.619270
1.619270
1.623942
1.623942
1.628893
1.628893
1.631458
1.631458
1.636483
1.636483
1.631810
1.631810
1.634726
1.634726
1.619391
1.619391
1.632787
1.632787
1.612056
1.612056
1.630360
1.630360
1.627183
1.627183
1.638707
1.638707
1.611291
1.611291
1.629822
1.629822
1.634798
1.634798
1.633951
1.633951
1.625221
1.625221
1.625473
1.625473
1.610877
1.610877
1.623078
1.623078
1.622838
1.622838
1.620420
1.620420
1.642339
1.642339
1.628489
1.628489
1.630564
1.630564
1.623606
1.623606
1.634378
1.634378
1.632827
1.632827
1.608229
1.608229
1.627137
1.627137
1.628493
1.628493
1.628379
1.628379
1.617786
1.617786
1.639389
1.639389
1.613676
1.613676
1.644447
1.644447
1.628244
1.628244
1.623767
1.623767
1.626095
1.626095
1.636008
1.636008
1.609453
1.609453
1.630812
1.630812
1.626606
1.626606
1.638072
1.638072
1.617430
1.617430
1.623777
1.623777
1.628230
1.628230
1.638207
1.638207
1.631055
1.631055
1.616309
1.616309
1.635130
1.635130
1.616804
1.616804
1.637562
1.637562
1.634574
1.634574
1.620513
1.620513
1.627872
1.627872
1.616522
1.616522
1.640815
1.640815
1.635094
1.635094
1.617578
1.617578
1.630367
1.630367
1.635334
1.635334
1.623644
1.623644
1.633304
1.633304
1.624736
1.624736
1.614964
1.614964
1.639755
1.639755
1.636479
1.636479
1.618950
1.618950
1.624145
1.624145
1.624763
1.624763
1.623232
1.623232
1.644279
1.644279
1.618122
1.618122
1.632452
1.632452
1.620980
1.620980
1.616598
1.616598
1.633631
1.633631
1.638065
1.638065
1.627962
1.627962
1.633883
1.633883
1.627832
1.627832
1.626635
1.626635
1.617558
1.617558
1.630328
1.630328
1.635838
1.635838
1.634541
1.634541
1.620234
1.620234
1.609807
1.609807
1.631488
1.631488
1.629660
1.629660
1.619498
1.619498
1.625004
1.625004
1.633817
1.633817
1.629500
1.629500
1.628569
1.628569
1.628899
1.628899
1.623519
1.623519
1.625717
1.625717
1.615922
1.615922
1.642076
1.642076
1.629430
1.629430
1.618011
1.618011
1.633312
1.633312
1.614425
1.614425
1.625921
1.625921
1.636122
1.636122
1.630210
1.630210
1.631296
1.631296
1.648263
1.648263
1.630067
1.630067
1.615310
1.615310
1.621937
1.621937
1.616798
1.616798
1.632101
1.632101
1.622813
1.622813
1.615127
1.615127
1.635180
1.635180
1.632613
1.632613
1.606067
1.606067
1.649403
1.649403
1.627692
1.627692
1.626459
1.626459
1.625072
1.625072
1.625712
1.625712
1.630736
1.630736
1.634253
1.634253
1.623806
1.623806
1.616870
1.616870
1.619986
1.619986
1.631145
1.631145
1.628676
1.628676
1.630820
1.630820
1.622655
1.622655
1.637932
1.637932
1.618077
1.618077
1.630107
1.630107
1.621064
1.621064
1.627812
1.627812
1.634103
1.634103
1.616034
1.616034
1.631473
1.631473
1.625601
1.625601
1.627099
1.627099
1.627831
1.627831
1.628585
1.628585
1.620183
1.620183
1.625620
1.625620
1.634631
1.634631
1.631646
1.631646
1.628513
1.628513
1.627815
1.627815
1.621614
1.621614
1.622619
1.622619
1.615326
1.615326
1.634230
1.634230
1.615230
1.615230
1.643477
1.643477
1.624677
1.624677
1.632894
1.632894
1.622454
1.622454
1.626538
1.626538
1.613251
1.613251
1.645547
1.645547
1.622537
1.622537
1.629250
1.629250
1.628847
1.628847
1.622399
1.622399
1.632840
1.632840
1.633561
1.633561
1.625955
1.625955
1.630612
1.630612
1.621290
1.621290
1.619254
1.619254
1.634310
1.634310
1.626072
1.626072
1.633840
1.633840
1.619363
1.619363
1.615675
1.615675
1.631224
1.631224
1.621656
1.621656
1.636996
1.636996
1.628077
1.628077
1.608559
1.608559
1.624586
1.624586
1.625482
1.625482
1.630961
1.630961
1.632259
1.632259
1.615950
1.615950
1.628258
1.628258
1.623426
1.623426
1.633587
1.633587
1.629546
1.629546
1.613527
1.613527
1.634123
1.634123
1.617402
1.617402
1.619549
1.619549
1.624089
1.624089
1.644821
1.644821
1.638061
1.638061
1.631078
1.631078
1.631864
1.631864
1.612342
1.612342
1.616267
1.616267
1.628379
1.628379
1.621695
1.621695
1.623271
1.623271
1.627557
1.627557
1.636405
1.636405
1.618055
1.618055
1.623030
1.623030
1.614341
1.614341
1.642814
1.642814
1.640792
1.640792
1.614949
1.614949
1.623837
1.623837
1.636582
1.636582
1.623937
1.623937
1.639114
1.639114
1.630750
1.630750
1.610685
1.610685
1.623459
1.623459
1.632008
1.632008
1.642854
1.642854
1.626342
1.626342
1.625679
1.625679
1.637609
1.637609
1.614445
1.614445
1.631139
1.631139
1.624920
1.624920
1.630693
1.630693
1.624228
1.624228
1.627091
1.627091
1.626293
1.626293
1.611269
1.611269
1.639434
1.639434
1.633065
1.633065
1.619150
1.619150
1.632342
1.632342
1.628326
1.628326
1.630961
1.630961
1.623507
1.623507
1.627540
1.627540
1.620300
1.620300
1.636640
1.636640
1.632322
1.632322
1.617369
1.617369
1.621829
1.621829
1.623430
1.623430
1.635454
1.635454
1.625186
1.625186
1.613249
1.613249
1.633335
1.633335
1.624254
1.624254
1.619602
1.619602
1.623803
1.623803
1.625093
1.625093
1.636765
1.636765
1.626656
1.626656
1.616050
1.616050
1.632995
1.632995
1.616586
1.616586
1.630878
1.630878
1.639743
1.639743
1.624198
1.624198
1.646446
1.646446
1.621586
1.621586
1.621612
1.621612
1.611184
1.611184
1.624495
1.624495
1.635461
1.635461
1.617402
1.617402
1.626997
1.626997
1.625544
1.625544
1.618752
1.618752
1.649638
1.649638
1.611719
1.611719
1.638547
1.638547
1.602190
1.602190
1.625893
1.625893
1.625538
1.625538
1.631986
1.631986
1.632811
1.632811
1.605686
1.605686
1.623515
1.623515
1.640571
1.640571
1.610761
1.610761
1.636457
1.636457
1.613265
1.613265
1.633903
1.633903
1.626553
1.626553
1.626265
1.626265
1.627598
1.627598
1.608461
1.608461
1.644974
1.644974
1.621281
1.621281
1.625198
1.625198
1.616569
1.616569
1.618541
1.618541
1.621654
1.621654
1.632233
1.632233
1.641566
1.641566
1.616887
1.616887
1.611798
1.611798
1.627679
1.627679
1.634726
1.634726
1.617814
1.617814
1.629255
1.629255
1.616569
1.616569
1.627319
1.627319
1.623624
1.623624
1.632092
1.632092
1.621337
1.621337
1.624725
1.624725
1.633638
1.633638
1.633906
1.633906
1.623796
1.623796
1.619517
1.619517
1.614442
1.614442
1.622612
1.622612
1.627795
1.627795
1.615709
1.615709
1.634846
1.634846
1.629817
1.629817
1.627799
1.627799
1.619265
1.619265
1.641103
1.641103
1.619402
1.619402
1.618910
1.618910
1.634044
1.634044
1.620978
1.620978
1.634167
1.634167
1.618374
1.618374
1.618434
1.618434
1.627870
1.627870
1.622361
1.622361
1.621308
1.621308
1.634347
1.634347
1.620605
1.620605
1.627930
1.627930
1.626352
1.626352
1.633219
1.633219
1.621708
1.621708
1.614980
1.614980
1.605091
1.605091
1.627697
1.627697
1.633724
1.633724
1.625219
1.625219
1.642807
1.642807
1.617504
1.617504
1.620077
1.620077
1.627435
1.627435
1.633215
1.633215
1.632204
1.632204
1.630838
1.630838
1.624517
1.624517
1.626780
1.626780
1.615606
1.615606
1.632873
1.632873
1.628977
1.628977
1.627777
1.627777
1.623852
1.623852
1.623454
1.623454
1.622821
1.622821
1.630085
1.630085
1.634523
1.634523
1.622005
1.622005
1.613780
1.613780
1.628767
1.628767
1.618917
1.618917
1.631647
1.631647
1.612445
1.612445
1.637091
1.637091
1.629477
1.629477
1.630227
1.630227
1.621027
1.621027
1.629793
1.629793
1.616708
1.616708
1.633327
1.633327
1.637164
1.637164
1.633569
1.633569
1.625107
1.625107
1.616570
1.616570
1.610204
1.610204
1.641527
1.641527
1.613174
1.613174
1.624034
1.624034
1.616549
1.616549
1.637792
1.637792
1.633684
1.633684
1.627231
1.627231
1.624597
1.624597
1.622417
1.622417
1.617708
1.617708
1.626876
1.626876
1.631040
1.631040
1.628792
1.628792
1.615968
1.615968
1.626077
1.626077
1.628672
1.628672
1.631053
1.631053
1.620218
1.620218
1.623169
1.623169
1.625373
1.625373
1.633252
1.633252
1.630816
1.630816
1.619558
1.619558
1.627398
1.627398
1.612646
1.612646
1.629291
1.629291
1.624071
1.624071
1.627592
1.627592
1.620753
1.620753
1.627743
1.627743
1.626561
1.626561
1.624532
1.624532
1.624456
1.624456
1.630532
1.630532
1.620760
1.620760
1.619186
1.619186
1.634699
1.634699
1.625482
1.625482
1.621745
1.621745
1.628639
1.628639
1.620099
1.620099
1.625077
1.625077
1.639396
1.639396
1.623659
1.623659
1.617414
1.617414
1.621701
1.621701
1.625895
1.625895
1.625022
1.625022
1.631078
1.631078
1.624768
1.624768
1.622717
1.622717
1.630318
1.630318
1.629496
1.629496
1.626536
1.626536
1.615953
1.615953
1.613883
1.613883
1.643280
1.643280
1.625092
1.625092
1.618459
1.618459
1.628944
1.628944
1.624356
1.624356
1.636223
1.636223
1.629025
1.629025
1.616250
1.616250
1.620330
1.620330
1.626714
1.626714
1.624311
1.624311
1.621320
1.621320
1.639813
1.639813
1.610010
1.610010
1.621771
1.621771
1.641993
1.641993
1.623333
1.623333
1.624475
1.624475
1.610588
1.610588
1.626446
1.626446
1.620881
1.620881
1.632305
1.632305
1.621524
1.621524
1.626569
1.626569
1.637478
1.637478
1.614479
1.614479
1.627089
1.627089
1.622382
1.622382
1.625928
1.625928
1.625562
1.625562
1.618909
1.618909
1.626779
1.626779
1.629002
1.629002
1.627610
1.627610
1.621094
1.621094
1.625398
1.625398
1.629470
1.629470
1.634183
1.634183
1.611548
1.611548
1.636045
1.636045
1.630857
1.630857
1.616145
1.616145
1.621119
1.621119
1.620899
1.620899
1.630310
1.630310
1.619741
1.619741
1.631664
1.631664
1.624145
1.624145
1.618192
1.618192
1.622974
1.622974
1.629846
1.629846
1.612233
1.612233
1.624530
1.624530
1.644021
1.644021
1.638407
1.638407
1.618180
1.618180
1.624676
1.624676
1.622867
1.622867
1.620557
1.620557
1.622701
1.622701
1.632526
1.632526
1.619930
1.619930
1.628539
1.628539
1.621079
1.621079
1.622175
1.622175
1.632321
1.632321
1.627781
1.627781
1.617374
1.617374
1.627400
1.627400
1.616557
1.616557
1.623357
1.623357
1.620646
1.620646
1.641492
1.641492
1.623395
1.623395
1.631357
1.631357
1.621757
1.621757
1.615973
1.615973
1.626659
1.626659
1.633284
1.633284
1.621056
1.621056
1.621697
1.621697
1.633519
1.633519
1.623705
1.623705
1.626418
1.626418
1.614095
1.614095
1.625521
1.625521
1.620116
1.620116
1.638183
1.638183
1.629627
1.629627
1.632880
1.632880
1.644035
1.644035
1.611925
1.611925
1.613400
1.613400
1.622925
1.622925
1.625815
1.625815
1.619500
1.619500
1.632209
1.632209
1.630237
1.630237
1.614583
1.614583
1.632447
1.632447
1.616862
1.616862
1.621513
1.621513
1.626320
1.626320
1.631784
1.631784
1.619166
1.619166
1.619191
1.619191
1.617767
1.617767
1.641022
1.641022
1.631767
1.631767
1.631368
1.631368
1.622668
1.622668
1.638910
1.638910
1.610438
1.610438
1.621598
1.621598
1.624985
1.624985
1.632785
1.632785
1.614730
1.614730
1.627729
1.627729
1.626090
1.626090
1.621486
1.621486
1.631878
1.631878
1.623750
1.623750
1.630229
1.630229
1.614323
1.614323
1.619791
1.619791
1.627572
1.627572
1.630186
1.630186
1.627048
1.627048
1.618278
1.618278
1.616693
1.616693
1.619471
1.619471
1.641739
1.641739
1.620056
1.620056
1.628510
1.628510
1.620813
1.620813
1.626515
1.626515
1.620617
1.620617
1.621497
1.621497
1.641737
1.641737
1.622692
1.622692
1.626018
1.626018
1.618636
1.618636
1.626904
1.626904
1.633587
1.633587
1.622202
1.622202
1.601057
1.601057
1.642040
1.642040
1.635665
1.635665
1.622503
1.622503
1.635010
1.635010
1.614604
1.614604
1.620552
1.620552
1.634241
1.634241
1.616786
1.616786
1.621701
1.621701
1.626212
1.626212
1.614303
1.614303
1.631644
1.631644
1.633389
1.633389
1.628394
1.628394
1.609807
1.609807
1.619311
1.619311
1.632089
1.632089
1.640038
1.640038
1.615811
1.615811
1.637134
1.637134
1.606957
1.606957
1.637959
1.637959
1.626512
1.626512
1.611122
1.611122
1.641920
1.641920
1.626943
1.626943
1.620225
1.620225
1.622248
1.622248
1.623284
1.623284
1.614183
1.614183
1.634274
1.634274
1.621174
1.621174
1.633725
1.633725
1.620563
1.620563
1.625679
1.625679
1.631066
1.631066
1.625875
1.625875
1.617731
1.617731
1.623246
1.623246
1.638077
1.638077
1.629331
1.629331
1.610464
1.610464
1.621778
1.621778
1.613031
1.613031
1.627159
1.627159
1.621940
1.621940
1.618956
1.618956
1.654289
1.654289
1.624782
1.624782
1.618938
1.618938
1.631904
1.631904
1.628850
1.628850
1.617262
1.617262
1.617723
1.617723
1.629957
1.629957
1.612009
1.612009
1.645004
1.645004
1.616891
1.616891
1.632414
1.632414
1.623556
1.623556
1.614899
1.614899
1.631200
1.631200
1.621030
1.621030
1.634593
1.634593
1.617886
1.617886
1.618064
1.618064
1.630912
1.630912
1.621871
1.621871
1.622096
1.622096
1.620134
1.620134
1.627414
1.627414
1.622872
1.622872
1.635532
1.635532
1.630439
1.630439
1.626386
1.626386
1.626530
1.626530
1.619542
1.619542
1.618428
1.618428
1.624983
1.624983
1.626713
1.626713
1.619069
1.619069
1.626439
1.626439
1.627165
1.627165
1.643899
1.643899
1.608724
1.608724
1.627415
1.627415
1.625593
1.625593
1.613628
1.613628
1.618857
1.618857
1.636743
1.636743
1.625659
1.625659
1.611158
1.611158
1.634497
1.634497
1.636322
1.636322
1.620571
1.620571
1.624992
1.624992
1.621674
1.621674
1.616665
1.616665
1.629520
1.629520
1.623488
1.623488
1.626811
1.626811
1.622347
1.622347
1.619023
1.619023
1.630195
1.630195
1.623590
1.623590
1.615894
1.615894
1.631660
1.631660
1.620654
1.620654
1.612791
1.612791
1.628147
1.628147
1.638322
1.638322
1.615005
1.615005
1.632405
1.632405
1.624982
1.624982
1.617297
1.617297
1.628776
1.628776
1.630370
1.630370
1.621270
1.621270
1.620691
1.620691
1.643190
1.643190
1.615209
1.615209
1.624341
1.624341
1.617948
1.617948
1.634436
1.634436
1.629176
1.629176
1.614334
1.614334
1.614380
1.614380
1.635639
1.635639
1.623016
1.623016
1.629686
1.629686
1.623087
1.623087
1.619539
1.619539
1.630409
1.630409
1.631933
1.631933
1.623938
1.623938
1.640697
1.640697
1.602279
1.602279
1.624271
1.624271
1.617134
1.617134
1.628867
1.628867
1.635300
1.635300
1.626864
1.626864
1.608940
1.608940
1.629178
1.629178
1.624002
1.624002
1.629639
1.629639
1.619102
1.619102
1.618560
1.618560
1.622124
1.622124
1.641993
1.641993
1.618692
1.618692
1.614679
1.614679
1.625488
1.625488
1.627194
1.627194
1.624066
1.624066
1.629809
1.629809
1.616190
1.616190
1.625587
1.625587
1.627280
1.627280
1.622507
1.622507
1.621710
1.621710
1.633417
1.633417
1.613498
1.613498
1.639697
1.639697
1.610414
1.610414
1.618212
1.618212
1.621536
1.621536
1.637437
1.637437
1.607785
1.607785
1.629739
1.629739
1.625644
1.625644
1.626292
1.626292
1.637946
1.637946
1.620952
1.620952
1.604330
1.604330
1.629190
1.629190
1.641442
1.641442
1.627742
1.627742
1.628984
1.628984
1.627018
1.627018
1.611182
1.611182
1.638249
1.638249
1.612871
1.612871
1.626511
1.626511
1.614048
1.614048
1.627362
1.627362
1.627529
1.627529
1.628947
1.628947
1.621938
1.621938
1.635374
1.635374
1.625084
1.625084
1.616998
1.616998
1.622894
1.622894
1.635043
1.635043
1.619248
1.619248
1.619763
1.619763
1.633086
1.633086
1.610383
1.610383
1.617753
1.617753
1.622079
1.622079
1.620301
1.620301
1.642817
1.642817
1.616857
1.616857
1.628811
1.628811
1.617055
1.617055
1.626316
1.626316
1.623585
1.623585
1.628198
1.628198
1.619862
1.619862
1.619440
1.619440
1.627724
1.627724
1.636222
1.636222
1.616018
1.616018
1.624774
1.624774
1.628035
1.628035
1.614618
1.614618
1.631812
1.631812
1.622024
1.622024
1.616995
1.616995
1.629185
1.629185
1.620383
1.620383
1.621297
1.621297
1.639836
1.639836
1.617506
1.617506
1.620540
1.620540
1.630259
1.630259
1.630872
1.630872
1.621611
1.621611
1.623326
1.623326
1.626805
1.626805
1.629851
1.629851
1.624302
1.624302
1.613332
1.613332
1.625852
1.625852
1.624886
1.624886
1.633191
1.633191
1.615374
1.615374
1.621106
1.621106
1.604877
1.604877
1.640829
1.640829
1.626691
1.626691
1.627333
1.627333
1.620301
1.620301
