0.0960
0.1040
0.1130
0.1160
0.1025
0.1180
0.1100
0.1310
0.1070
0.1075
0.1310
0.1100
0.1410
0.1260
0.1363
0.1360
0.1470
0.1380
0.1580
0.1150
0.1320
0.1460
0.1620
0.1800
0.1888
0.1790
0.1920
0.1640
0.1890
0.1862
0.2000
0.2080
0.2070
0.2240
0.2213
0.2360
0.2520
0.2440
0.2610
0.2550
0.2930
0.2640
0.2800
0.2890
0.2550
0.3130
0.3080
0.3000
0.3190
0.3113
0.3190
0.3200
0.3510
0.3430
0.3387
0.3610
0.3520
0.3440
0.3450
0.3438
0.3410
0.3780
0.3680
0.3990
0.3638
0.3630
0.3620
0.3810
0.4200
0.3750
0.3620
0.4070
0.3700
0.4240
0.4113
0.4120
0.4070
0.4120
0.4070
0.4050
0.4190
0.4270
0.4180
0.4350
0.4238
0.4390
0.4510
0.4240
0.4440
0.4275
0.4360
0.4520
0.4830
0.4500
0.4462
0.4640
0.4910
0.4630
0.4640
0.4725
0.4730
0.4760
0.4780
0.4840
0.5175
0.5140
0.4830
0.5030
0.4990
0.5175
0.5110
0.5090
0.5320
0.5230
0.5487
0.5410
0.5340
0.5390
0.5520
0.5487
0.5490
0.5550
0.5520
0.5810
0.5837
0.5620
0.6010
0.6000
0.5880
0.5600
0.5940
0.5920
0.6010
0.6170
0.5962
0.6130
0.6050
0.5960
0.6210
0.6425
0.6170
0.6100
0.6340
0.6380
0.6375
0.6500
0.6390
0.6400
0.6340
0.6262
0.6500
0.6440
0.6340
0.6980
0.6212
0.6770
0.6450
0.6380
0.6680
0.6500
0.6730
0.6760
0.6410
0.6450
0.6737
0.6480
0.6640
0.6950
0.6580
0.6725
0.6650
0.6670
0.6720
0.6790
0.6713
0.6650
0.6680
0.6940
0.6840
0.6625
0.6840
0.6620
0.6970
0.6880
0.6475
0.6830
0.6770
0.6800
0.6950
0.6887
0.6990
0.6710
0.6830
0.7020
0.7063
0.6990
0.7000
0.7010
0.7010
0.6950
0.7130
0.6890
0.7070
0.7120
0.7163
0.7060
0.7290
0.7080
0.7280
0.7100
0.7380
0.7320
0.7310
0.7150
0.7100
0.7450
0.7390
0.7350
0.7170
0.7400
0.7320
0.7400
0.7190
0.7590
0.7550
0.7370
0.7630
0.7350
0.7530
0.7412
0.7480
0.7690
0.7470
0.7310
0.7538
0.7440
0.7610
0.7390
0.7460
0.7800
0.7560
0.7430
0.7640
0.7610
0.7412
0.7790
0.7480
0.7640
0.7440
0.7362
0.7560
0.7350
0.7570
0.7780
0.7575
0.7600
0.7800
0.7420
0.7490
0.7562
0.7490
0.7430
0.7890
0.7420
0.7775
0.7540
0.7780
0.7430
0.7680
0.7575
0.7610
0.7370
0.7850
0.7470
0.7788
0.7600
0.7810
0.7520
0.7420
0.7825
0.7580
0.7510
0.7750
0.7730
0.7638
0.7360
0.7740
0.7850
0.7700
0.7538
0.7790
0.7660
0.7660
0.7610
0.7500
0.7550
0.7560
0.7880
0.7560
0.7750
0.7690
0.7450
0.7460
0.7830
0.7987
0.7410
0.7520
0.7930
0.7690
0.7887
0.7690
0.7610
0.7720
0.7650
0.7775
0.7460
0.7710
0.7780
0.7670
0.7875
0.7640
0.7640
0.7810
0.7600
0.7825
0.7540
0.7600
0.7840
0.7740
0.7887
0.7760
0.7540
0.7830
0.7550
0.7987
0.7750
0.7770
0.7660
0.7730
0.7762
0.7630
0.7890
0.7870
0.7640
0.7688
0.8040
0.7710
0.7610
0.7750
0.7575
0.7710
0.7910
0.7560
0.7750
0.7875
0.7860
0.7720
0.7870
0.7810
0.7512
0.7800
0.7690
0.7730
0.7720
0.8000
0.7780
0.7680
0.8000
0.7820
0.7662
0.7700
0.7710
0.7930
0.7830
0.7825
0.7680
0.7890
0.7810
0.7790
0.7850
0.7830
0.7780
0.7760
0.7850
0.7800
0.7740
0.7650
0.8050
0.7840
0.7762
0.7610
0.7730
0.7970
0.7820
0.8063
0.7890
0.7740
0.7880
0.7860
0.7812
0.7830
0.7760
0.7930
0.7670
0.8063
0.7780
0.7960
0.7940
0.7570
0.8050
0.8180
0.7650
0.7680
0.7850
0.7937
0.7940
0.7700
0.8020
0.7770
0.7987
0.7970
0.7870
0.7790
0.7860
0.8050
0.7870
0.7910
0.7950
0.7800
0.8087
0.7910
0.7990
0.7980
0.7780
0.7987
0.7800
0.8100
0.7770
0.8100
0.8000
0.7950
0.8050
0.7830
0.7900
0.8125
0.8110
0.7900
0.7970
0.7960
0.7925
0.8140
0.7840
0.7860
0.8130
0.7913
0.7940
0.7910
0.7900
0.8180
0.8025
0.8090
0.7810
0.8080
0.8060
0.8075
0.8130
0.7950
0.8150
0.7880
0.8063
0.8000
0.7900
0.7980
0.8140
0.8263
0.8000
0.7870
0.8100
0.8230
0.8113
0.8250
0.8140
0.7870
0.8000
0.8137
0.8190
0.7940
0.8090
0.8160
0.8125
0.8010
0.8170
0.8220
0.8170
0.8000
0.8270
0.8130
0.8020
0.8080
0.8163
0.8030
0.8220
0.8120
0.8310
0.8025
0.8170
0.8140
0.8170
0.8180
0.8150
0.8130
0.7970
0.8330
0.8220
0.8275
0.8250
0.8320
0.8090
0.8180
0.8137
0.8280
0.8090
0.8140
0.8320
0.8213
0.8180
0.8020
0.8300
0.8310
0.8313
0.8170
0.8320
0.8250
0.8340
0.8025
0.8070
0.8390
0.8320
0.8230
0.8125
0.8310
0.8140
0.8070
0.8470
0.8200
0.8490
0.8140
0.8190
0.8270
0.8187
0.8240
0.8370
0.8320
0.8120
0.8300
0.8270
0.8430
0.8270
0.8130
0.8325
0.8310
0.8270
0.8150
0.8350
0.8375
0.8350
0.8220
0.8290
0.8400
0.8187
0.8160
0.8410
0.8300
0.8560
0.8025
0.8480
0.8240
0.8170
0.8380
0.8275
0.8390
0.8430
0.8280
0.8270
0.8213
0.8350
0.8300
0.8310
0.8300
0.8363
0.8410
0.8260
0.8210
0.8440
0.8325
0.8110
0.8380
0.8390
0.8340
0.8425
0.8410
0.8270
0.8260
0.8480
0.8213
0.8310
0.8070
0.8400
0.8510
0.8462
0.8320
0.8290
0.8510
0.8290
0.8337
0.8350
0.8250
0.8420
0.8320
0.8488
0.8340
0.8350
0.8280
0.8520
0.8337
0.8450
0.8300
0.8260
0.8390
0.8512
0.8420
0.8580
0.8260
0.8440
0.8187
0.8200
0.8380
0.8460
0.8450
0.8475
0.8380
0.8450
0.8520
0.8270
0.8337
0.8460
0.8580
0.8250
0.8430
0.8263
0.8420
0.8460
0.8330
0.8360
0.8488
0.8590
0.8570
0.8300
0.8290
0.8300
0.8350
0.8390
0.8530
0.8420
0.8450
0.8160
0.8560
0.8550
0.8460
0.8450
0.8410
0.8480
0.8370
0.8540
0.8387
0.8060
0.8660
0.8430
0.8530
0.8575
0.8540
0.8300
0.8400
0.8450
0.8575
0.8360
0.8620
0.8380
0.8510
0.8387
0.8660
0.8350
0.8510
0.8300
0.8450
0.8480
0.8350
0.8500
0.8580
0.8350
0.8350
0.8420
0.8590
0.8430
0.8512
0.8480
0.8470
0.8590
0.8550
0.8200
0.8500
0.8440
0.8310
0.8680
0.8425
0.8540
0.8320
0.8590
0.8480
0.8425
0.8450
0.8380
0.8510
0.8530
0.8512
0.8500
0.8450
0.8460
0.8510
0.8475
0.8570
0.8410
0.8520
0.8470
0.8438
0.8540
0.8620
0.8540
0.8300
0.8400
0.8410
0.8620
0.8420
0.8510
0.8450
0.8550
0.8670
0.8170
0.8520
0.8562
0.8420
0.8410
0.8520
0.8620
0.8525
0.8520
0.8470
0.8600
0.8370
0.8550
0.8480
0.8700
0.8540
0.8400
0.8363
0.8420
0.8560
0.8660
0.8340
0.8538
0.8620
0.8420
0.8600
0.8420
0.8475
0.8570
0.8630
0.8460
0.8380
0.8512
0.8570
0.8380
0.8530
0.8540
0.8575
0.8480
0.8560
0.8480
0.8530
0.8538
0.8510
0.8530
0.8640
0.8250
0.8700
0.8510
0.8770
0.8420
0.8460
0.8400
0.8560
0.8700
0.8460
0.8450
0.8400
0.8460
0.8430
0.8480
0.8630
0.8650
0.8430
0.8670
0.8550
0.8580
0.8413
0.8500
0.8570
0.8740
0.8520
0.8313
0.8640
0.8670
0.8510
0.8450
0.8413
0.8540
0.8460
0.8480
0.8610
0.8625
0.8760
0.8590
0.8570
0.8350
0.8400
0.8670
0.8600
0.8420
0.8640
0.8350
0.8600
0.8680
0.8530
0.8560
0.8337
0.8460
0.8590
0.8740
0.8370
0.8600
0.8510
0.8450
0.8660
0.8550
0.8625
0.8690
0.8500
0.8460
0.8630
0.8475
0.8610
0.8510
0.8640
0.8510
0.8525
0.8650
0.8480
0.8500
0.8590
0.8600
0.8590
0.8570
0.8570
0.8490
0.8625
0.8430
0.8690
0.8640
0.8510
0.8575
0.8710
0.8350
0.8590
0.8680
0.8512
0.8520
0.8680
0.8470
0.8590
0.8612
0.8530
0.8620
0.8630
0.8480
0.8638
0.8670
0.8700
0.8700
0.8250
0.8562
0.8670
0.8470
0.8520
0.8560
0.8700
0.8690
0.8600
0.8620
0.8550
0.8400
0.8590
0.8460
0.8700
0.8650
0.8475
0.8640
0.8460
0.8560
0.8690
0.8575
0.8580
0.8550
0.8710
0.8560
0.8525
0.8570
0.8830
0.8380
0.8500
0.8688
0.8620
0.8510
0.8640
0.8480
0.8725
0.8700
0.8770
0.8630
0.8320
0.8538
0.8490
0.8560
0.8650
0.8670
0.8600
0.8710
0.8460
0.8740
0.8580
0.8462
0.8490
0.8560
0.8600
0.8660
0.8700
0.8680
0.8560
0.8380
0.8630
0.8762
0.8530
0.8510
0.8640
0.8670
0.8675
0.8500
0.8580
0.8560
0.8770
0.8600
0.8630
0.8620
0.8700
0.8530
0.8550
0.8610
0.8680
0.8570
0.8610
0.8575
0.8490
0.8730
0.8610
0.8690
0.8525
0.8560
0.8700
0.8450
0.8700
0.8688
0.8790
0.8590
0.8520
0.8490
0.8712
0.8650
0.8540
0.8520
0.8730
0.8650
0.8680
0.8550
0.8660
0.8680
0.8512
0.8480
0.8740
0.8670
0.8620
0.8588
0.8710
0.8680
0.8640
0.8340
0.8775
0.8660
0.8790
0.8560
0.8700
0.8387
0.8550
0.8550
0.8570
0.8850
0.8638
0.8640
0.8930
0.8540
0.8540
0.8488
0.8540
0.8670
0.8610
0.8660
0.8700
0.8640
0.8570
0.8510
0.8760
0.8700
0.8510
0.8620
0.8720
0.8670
0.8675
0.8560
0.8530
0.8760
0.8680
0.8688
0.8470
0.8720
0.8670
0.8750
0.8600
0.8660
0.8740
0.8710
0.8570
0.8550
0.8680
0.8520
0.8660
0.8760
0.8662
0.8670
0.8740
0.8560
0.8600
0.8712
0.8730
0.8530
0.8520
0.8710
0.8812
0.8630
0.8640
0.8610
0.8760
0.8638
0.8680
0.8690
0.8700
0.8460
0.8775
0.8470
0.8830
0.8830
0.8640
0.8488
0.8580
0.8670
0.8630
0.8780
0.8650
0.8470
0.8650
0.8730
0.8790
0.8712
0.8640
0.8850
0.8640
0.8590
0.8625
0.8650
0.8770
0.8650
0.8580
0.8712
0.8690
0.8600
0.8520
0.8680
0.8925
0.8650
0.8630
0.8730
0.8680
0.8700
0.8520
0.8620
0.8870
0.8630
0.8775
0.8550
0.8700
0.8700
0.8740
0.8700
0.9000
0.8600
0.8680
0.8480
0.8638
0.8610
0.8560
0.8820
0.8730
0.8688
0.8720
0.8620
0.8800
0.8610
0.8650
0.8750
0.8580
0.8770
0.8840
0.8425
0.8630
0.8720
0.8740
0.8640
0.8712
0.8730
0.8790
0.8630
0.8710
0.8575
0.8790
0.8670
0.8630
0.8610
0.8788
0.8720
0.8710
0.8730
0.8520
0.8812
0.8700
0.8770
0.8530
0.8680
0.8812
0.8770
0.8470
0.8840
0.8850
0.8525
0.8770
0.8600
0.8700
0.8750
0.8662
0.8780
0.8630
0.8740
0.8630
0.8725
0.8590
0.8700
0.8860
0.8620
0.8738
0.8530
0.8900
0.8560
0.8770
0.8775
0.8790
0.8580
0.8860
0.8630
0.8662
0.8660
0.8610
0.8830
0.8850
0.8575
0.8830
0.8690
0.8650
0.8660
0.8725
0.8810
0.8740
0.8870
0.8700
0.8375
0.8810
0.8600
0.8620
0.8720
0.8825
0.8650
0.8690
0.8740
0.8770
0.8712
0.8970
0.8480
0.8670
0.8700
0.8762
0.8610
0.8880
0.8690
0.8670
0.8738
0.8760
0.8690
0.8550
0.8790
0.8825
0.8680
0.8910
0.8570
0.8670
0.8775
0.8720
0.8630
0.8780
0.8670
0.8812
0.8770
0.8600
0.8730
0.8710
0.8812
0.8810
0.8580
0.8800
0.8640
0.8800
0.8760
0.8710
0.8800
0.8760
0.8538
0.8680
0.8880
0.8730
0.8540
0.8800
0.8630
0.8900
0.8670
0.8820
0.8575
0.8790
0.8950
0.8550
0.8460
0.8925
0.8870
0.8580
0.8710
0.8700
0.8788
0.8770
0.8830
0.8620
0.8800
0.8588
0.8790
0.8690
0.8740
0.8710
0.8700
0.8960
0.8870
0.8550
0.8630
0.8600
0.8520
0.8730
0.8800
0.8790
0.8825
0.8720
0.8760
0.8790
0.8600
0.8788
0.8660
0.8870
0.8570
0.8600
0.9000
0.8680
0.8740
0.8770
0.8790
0.8662
0.8800
0.8760
0.8730
0.8730
0.8612
0.8730
0.8670
0.8860
0.8630
0.8775
0.8660
0.8860
0.8700
0.8730
0.8688
0.8870
0.8690
0.8630
0.8710
0.8762
0.8710
0.8700
0.8810
0.8700
0.8762
0.8760
0.8650
0.8840
0.8680
0.8762
0.8800
0.8820
0.8570
0.8780
0.8725
0.8820
0.8810
0.8740
0.8710
0.8600
0.8620
0.8680
0.8870
0.8840
0.8675
0.8720
0.8820
0.8740
0.8790
0.8612
0.8690
0.8880
0.8670
0.8800
0.8650
0.8670
0.8750
0.8730
0.8920
0.8612
0.8870
0.8820
0.8730
0.8580
0.8700
0.8840
0.8750
0.8640
0.8630
0.8888
0.8810
0.8770
0.8700
0.8740
0.8688
0.8740
0.8770
0.8820
0.8640
0.8750
0.8840
0.8780
0.8810
0.8610
0.8675
0.8810
0.8660
0.8790
0.8760
0.8700
0.8790
0.8560
0.8690
0.8830
0.8900
0.8790
0.8810
0.8590
0.8940
0.8575
0.8820
0.8660
0.8600
0.8900
0.8762
0.8770
0.8710
0.8680
0.8830
0.8762
0.8730
0.8740
0.8770
0.8740
0.8788
0.8810
0.8630
0.8680
0.8700
0.8988
0.8770
0.8560
0.8730
0.8970
0.8725
0.8870
0.8720
0.8840
0.8660
0.8650
0.8950
0.8560
0.8770
0.8650
0.8850
0.8720
0.8710
0.8870
0.8970
0.8425
0.8690
0.8690
0.8780
0.8890
0.8712
0.8930
0.8730
0.8730
0.8780
0.8562
0.8820
0.8830
0.8650
0.8680
0.8800
0.8790
0.8790
0.8550
0.8880
0.8775
0.8720
0.8770
0.8880
0.8760
0.8625
0.8720
0.8820
0.8720
0.8700
0.8838
0.8770
0.8680
0.8720
0.8820
0.8800
0.8570
0.8600
0.8900
0.8820
0.8925
0.8670
0.8820
0.8830
0.8710
0.8750
0.8610
0.8830
0.8790
0.8790
0.8762
0.8870
0.8820
0.8730
0.8670
0.8675
0.8720
0.8700
0.8670
0.8940
0.8738
0.8920
0.8840
0.8690
0.8570
0.8750
0.8640
0.8740
0.8810
0.8790
0.8800
0.8690
0.8820
0.8830
0.8690
0.8738
0.8580
0.8750
0.8910
0.8770
0.8762
0.8620
0.8670
0.8890
0.8760
0.8838
0.8640
0.8880
0.8880
0.8590
0.8775
0.8680
0.8790
0.8720
0.8790
0.8800
0.8930
0.8660
0.8580
0.8820
0.8788
0.8670
0.8840
0.8780
0.8730
0.8750
0.8920
0.8800
0.8710
0.8580
0.8762
0.8870
0.8820
0.8860
0.8550
0.8688
0.8880
0.8860
0.8780
0.8650
0.8612
0.8760
0.8860
0.8800
0.8640
0.8750
0.8660
0.8800
0.8930
0.8630
0.8788
0.8760
0.8810
0.8740
0.8760
0.8725
0.8720
0.8830
0.8760
0.8680
0.8825
0.8610
0.8630
0.8810
0.8880
0.8900
0.8640
0.8700
0.8850
0.8790
0.8850
0.8730
0.8720
0.8740
0.8790
0.8850
0.8770
0.8810
0.8690
0.8750
0.8812
0.8600
0.8540
0.8810
0.9020
0.8875
0.8750
0.8690
0.8780
0.8770
0.8838
0.8860
0.8650
0.8890
0.8750
0.8638
0.8790
0.8730
0.8680
0.8860
0.8750
0.8840
0.8680
0.8770
0.8740
0.8788
0.8790
0.8710
0.8680
0.8840
0.8800
0.8740
0.8790
0.8660
0.8810
0.8838
0.8960
0.8710
0.8790
0.8740
0.8588
0.8870
0.8840
0.8580
0.8830
0.8688
0.8650
0.8790
0.8830
0.8790
0.8775
0.8860
0.8740
0.8760
0.8630
0.8888
0.8680
0.8920
0.8850
0.8680
0.8712
0.8560
0.8820
0.8720
0.8890
0.8888
0.8770
0.8920
0.8730
0.8790
0.8600
0.8830
0.8690
0.8740
0.8870
0.8700
0.8850
0.8740
0.8590
0.8810
0.8888
0.8780
0.8730
0.8710
0.8810
0.8850
0.8880
0.8830
0.8680
0.8800
0.8662
0.8630
0.8900
0.8700
0.8760
0.8925
0.8810
0.8950
0.8570
0.8790
0.8775
0.8740
0.8690
0.8610
0.9030
0.8850
0.8810
0.8880
0.8610
0.8730
0.8900
0.8680
0.8840
0.8890
0.8620
0.8900
0.8770
0.8810
0.8810
0.8810
0.8688
0.8900
0.8660
0.8640
0.8770
0.8975
0.8640
0.8820
0.8860
0.8840
0.8750
0.8830
0.8840
0.8600
0.8830
0.8825
0.8680
0.8770
0.8870
0.8780
0.8825
0.8760
0.8950
0.8870
0.8740
0.8550
0.8680
0.8790
0.8640
0.8910
0.8925
0.8790
0.8820
0.8840
0.8580
0.8912
0.8860
0.8810
0.8700
0.8750
0.8800
0.8740
0.8740
0.8890
0.8660
0.8925
0.8910
0.8850
0.8640
0.8790
0.8738
0.8710
0.8580
0.8760
0.8870
0.9075
0.8790
0.8710
0.8860
0.8840
0.8725
0.8910
0.8740
0.8790
0.8760
0.8725
0.8800
0.8790
0.8700
0.8880
0.8775
0.8850
0.8640
0.8700
0.8880
0.8900
0.8690
0.8980
0.8760
0.8690
0.8850
0.8910
0.8740
0.8670
0.8780
0.8862
0.8750
0.8870
0.8770
0.8710
0.8850
0.8740
0.8800
0.8770
0.8730
0.8938
0.8740
0.8920
0.8660
0.8780
0.8862
0.8790
0.8880
0.8810
0.8650
0.8825
0.8900
0.8760
0.8770
0.8660
0.8875
0.8820
0.8920
0.8790
0.8660
0.8750
0.8620
0.8830
0.8910
0.8720
0.8900
0.8600
0.8810
0.8790
0.8970
0.8800
0.8900
0.8720
0.8850
0.8840
0.8625
0.8840
0.8620
0.8840
0.8810
0.8888
0.8790
0.8910
0.8700
0.8780
0.8800
0.8810
0.8600
0.8910
0.8850
0.8825
0.8980
0.8790
0.8600
0.8740
0.8900
0.8860
0.8860
0.8650
0.8740
0.8900
0.8760
0.8980
0.8790
0.8700
0.8762
0.8770
0.8720
0.8830
0.8880
0.8812
0.8760
0.8960
0.8830
0.8740
0.8700
0.8780
0.8740
0.8840
0.8940
0.8688
0.8880
0.8690
0.8810
0.8830
0.8800
0.8700
0.8860
0.8830
0.8900
0.8700
0.8940
0.8930
0.8560
0.8720
0.8875
0.8830
0.8840
0.8770
0.8730
0.8862
0.8810
0.8810
0.8840
0.8810
0.8738
0.8720
0.8810
0.8830
0.8830
0.8825
0.8860
0.8650
0.8940
0.8790
0.8762
0.8880
0.8830
0.8770
0.8770
0.8750
0.8910
0.8900
0.8740
0.8800
0.8612
0.8770
0.8710
0.8840
0.9010
0.8662
0.8780
0.8780
0.8890
0.8700
0.8888
0.8760
0.8900
0.8730
0.8580
0.9113
0.8770
0.8790
0.8830
0.8760
0.8888
0.8850
0.8780
0.8890
0.8790
0.8688
0.8810
0.8940
0.8750
0.8610
0.8950
0.8750
0.8760
0.8880
0.8780
0.8875
0.8700
0.8920
0.8810
0.8760
0.8850
0.8860
0.8840
0.8830
0.8770
0.8712
0.8740
0.8800
0.8840
0.8800
0.8850
0.8780
0.8840
0.8840
0.8820
0.8738
0.8790
0.8780
0.8840
0.8850
0.8750
0.8820
0.8660
0.8750
0.8920
0.8912
0.8740
0.8820
0.8720
0.8900
0.8888
0.8890
0.8820
0.8810
0.8680
0.8862
0.8910
0.8740
0.8740
0.8780
0.8888
0.8900
0.8830
0.8790
0.8760
0.8750
0.9080
0.8690
0.8780
0.8610
0.8900
0.8750
0.8890
0.8730
0.8900
0.8762
0.8790
0.8850
0.8800
0.8840
0.8762
0.8860
0.8680
0.8770
0.8870
0.8888
0.8980
0.8670
0.8860
0.8840
0.8662
0.8910
0.8880
0.8850
0.8640
0.8750
0.8730
0.8810
0.8910
0.8860
0.8725
0.8900
0.8740
0.8590
0.8860
0.9000
0.8890
0.8730
0.8760
0.8930
0.8725
0.8770
0.8680
0.8860
0.8990
0.8750
0.8920
0.8720
0.8780
0.8840
0.8800
0.8750
0.8760
0.8830
0.8880
0.8850
0.8810
0.8730
0.8800
0.8880
0.8838
0.8820
0.8830
0.8830
0.8710
0.8875
0.8880
0.8810
0.8770
0.8770
0.8825
0.8790
0.8990
0.8620
0.8800
0.8875
0.8830
0.8840
0.8900
0.8720
0.8750
0.8830
0.8870
0.8710
0.8840
0.8812
0.8900
0.8730
0.8690
0.8840
0.8912
0.8690
0.8710
0.8860
0.8950
0.8850
0.8920
0.8730
0.8790
0.8900
0.8688
0.8680
0.8760
0.8770
0.8900
0.8975
0.8770
0.8900
0.8730
0.8730
0.8950
0.8790
0.8710
0.8830
0.8910
0.8838
0.8700
0.8720
0.8820
0.8970
0.8875
0.8810
0.8730
0.8860
0.8890
0.8762
0.8880
0.8730
0.8650
0.8960
0.8850
0.8820
0.8660
0.8930
0.8900
0.8750
0.8820
0.8930
0.8730
0.8700
0.8925
0.8920
0.8730
0.8830
0.8780
0.8825
0.8710
0.8790
0.8930
0.8940
0.8688
0.8840
0.8890
0.8720
0.8820
0.8812
0.8690
0.8870
0.8890
0.8940
0.8662
0.8840
0.8740
0.8840
0.8800
0.8875
0.8820
0.8920
0.8720
0.8810
0.8838
0.8690
0.8970
0.8810
0.8760
0.8888
0.8860
0.8770
0.8810
0.8820
0.8850
0.8850
0.8820
0.8960
0.8630
0.8850
0.8950
0.8910
0.8820
0.8720
0.8675
0.9010
0.8860
0.8750
0.8680
0.8800
0.8810
0.8750
0.8820
0.8920
0.8800
0.8580
0.8980
0.8600
0.8990
0.9000
0.8690
0.8850
0.8940
0.8930
0.8700
0.8950
0.8660
0.8850
0.8900
0.8762
0.8900
0.8910
0.8760
0.8750
0.8800
0.8770
0.8700
0.9140
0.8890
0.8588
0.8940
0.8660
0.8620
0.8970
0.8988
0.8880
0.8710
0.8840
0.8950
0.8750
0.8620
0.8840
0.8850
0.8980
0.8875
0.8670
0.8990
0.8980
0.8760
0.8738
0.8800
0.8980
0.8880
0.8540
0.8988
0.8740
0.9060
0.8840
0.8770
0.8725
0.8900
0.8860
0.8780
0.8740
0.8900
0.8840
0.8790
0.8720
0.8970
0.8850
0.8860
0.8750
0.8840
0.8880
0.8838
0.8760
0.8920
0.8680
0.8810
0.9050
0.8770
0.8800
0.8780
0.8980
0.8850
0.8720
0.8880
0.8930
0.8900
0.8725
0.8830
0.8870
0.9010
0.8790
0.8638
0.8990
0.8680
0.8750
0.8820
0.8962
0.8780
0.8850
0.8850
0.8880
0.8812
0.8810
0.8970
0.8730
0.8780
0.8912
0.8790
0.8680
0.8840
0.9010
0.8888
0.8660
0.8820
0.8860
0.8860
0.9038
0.8940
0.8890
0.8730
0.8840
0.8788
0.8800
0.8770
0.9000
0.8730
0.8912
0.8970
0.8860
0.8740
0.8840
0.8775
0.8830
0.8820
0.8840
0.8880
0.8825
0.8800
0.8950
0.8940
0.8700
0.8800
0.8800
0.8860
0.8860
0.8710
0.9000
0.8940
0.9010
0.8680
0.8890
0.8650
0.8970
0.8880
0.8610
0.8870
0.8888
0.8890
0.8750
0.8880
0.8810
0.8900
0.8880
0.8850
0.8820
0.8760
0.8925
0.8950
0.8800
0.8870
0.8800
0.8788
0.8840
0.8800
0.8900
0.8850
0.8825
0.8930
0.8710
0.8820
0.8880
0.8888
0.8860
0.8820
0.9000
0.8880
0.8612
0.8950
0.8740
0.8850
0.8920
0.8738
0.8760
0.8860
0.8990
0.8820
0.8775
0.8810
0.8780
0.8840
0.9030
0.8750
0.8840
0.8940
0.8860
0.8870
0.8688
0.8880
0.8800
0.8740
0.8930
0.8888
0.8870
0.8760
0.8980
0.8870
0.8725
0.8670
0.8940
0.8860
0.9040
0.8688
0.9010
0.8830
0.8730
0.8690
0.9000
0.8730
0.8820
0.8790
0.8940
0.8975
0.8760
0.8880
0.8870
0.8840
0.8875
0.8830
0.8950
0.8800
0.8900
0.8725
0.8790
0.8930
0.9010
0.8820
0.8650
0.8850
0.8880
0.8820
0.8870
0.8812
0.8870
0.8690
0.8930
0.8910
0.8838
0.8910
0.8990
0.8740
0.8620
0.9025
0.8880
0.9000
0.8810
0.8870
0.8650
0.8930
0.8850
0.8820
0.8750
0.8938
0.8750
0.8890
0.8880
0.8810
0.8975
0.8770
0.8820
0.8910
0.8960
0.8800
0.8950
0.8910
0.8830
0.8870
0.8675
0.8840
0.8940
0.8890
0.8760
0.8838
0.8860
0.8920
0.8750
0.8860
0.8888
0.8860
0.8820
0.8990
0.8800
0.8788
0.8750
0.8790
0.9060
0.8970
0.8675
0.8890
0.8850
0.8840
0.8910
0.8775
0.8810
0.8760
0.8920
0.9100
0.8650
0.9000
0.8750
0.8820
0.8930
0.8762
0.8860
0.8890
0.9010
0.8690
0.8825
0.8920
0.8890
0.8760
0.8890
0.8812
0.8810
0.8570
0.8990
0.8930
0.9012
0.8730
0.8850
0.8870
0.8900
0.8938
0.9010
0.8890
0.8800
0.8800
0.8750
0.8880
0.8670
0.8880
0.8810
0.9087
0.8760
0.8860
0.8960
0.8810
0.8900
0.8840
0.8770
0.8800
0.8840
0.9087
0.8870
0.8800
0.8760
0.8970
0.8912
0.8890
0.8670
0.8860
0.8940
0.8962
0.8880
0.8900
0.8840
0.8860
0.8812
0.8860
0.8840
0.8870
0.8820
0.8925
0.8830
0.8880
0.8830
0.8990
0.8750
0.8960
0.8750
0.8780
0.8820
0.9025
0.8890
0.8800
0.8920
0.8910
0.8762
0.8920
0.8920
0.8710
0.8890
0.8862
0.8740
0.8790
0.8820
0.8890
0.9113
0.9000
0.8770
0.8860
0.8820
0.8850
0.8880
0.8800
0.8910
0.8870
0.8838
0.9040
0.8870
0.8750
0.8930
0.8675
0.8930
0.8690
0.8620
0.9010
0.9100
0.8940
0.8810
0.8680
0.9010
0.8875
0.8930
0.8750
0.8860
0.8880
0.8900
0.8820
0.8910
0.8960
0.8760
0.8862
0.8940
0.8860
0.8850
0.8890
0.8750
0.8960
0.8820
0.8730
0.8840
0.8988
0.8870
0.8790
0.8810
0.8850
0.9025
0.8830
0.8880
0.8890
0.8720
0.9025
0.8850
0.9030
0.8960
0.8760
0.8675
0.8970
0.8750
0.8850
0.8870
0.8875
0.8890
0.8800
0.8870
0.8810
0.8962
0.8810
0.9010
0.8780
0.8790
0.8938
0.8830
0.9010
0.8810
0.8890
0.8750
0.8820
0.8970
0.8960
0.8730
0.8825
0.8760
0.8950
0.8740
0.8980
0.8888
0.8860
0.8990
0.8890
0.8740
0.8825
0.8840
0.8950
0.8990
0.8690
0.8838
0.8980
0.8820
0.8820
0.8910
0.8788
0.8860
0.8960
0.8710
0.8880
0.8938
0.8910
0.8770
0.8970
0.8780
0.8925
0.8850
0.8920
0.8770
0.8870
0.8950
0.8850
0.9030
0.8840
0.8730
0.8900
0.8800
0.8740
0.9070
0.8820
0.8925
0.8870
0.8870
0.8820
0.8920
0.8862
0.8820
0.8820
0.8880
0.9030
0.8788
0.8930
0.8770
0.8990
0.8760
0.8912
0.8970
0.8710
0.8770
0.8970
0.8950
0.8810
0.8780
0.8950
0.8950
0.8875
0.8900
0.8750
0.9040
0.9000
0.8625
0.9060
0.8740
0.9010
0.8760
0.8775
0.8790
0.8960
0.8740
0.8830
0.9087
0.8730
0.8890
0.9010
0.8870
0.8850
0.8990
0.8850
0.8840
0.8940
0.8700
0.8810
0.8960
0.8890
0.8700
0.9025
0.8820
0.8940
0.8900
0.8840
0.8850
0.8830
0.8920
0.8790
0.8970
0.8850
0.8820
0.8890
0.8930
0.8940
0.8762
0.8840
0.8890
0.9060
0.8780
0.8775
0.8810
0.8870
0.8840
0.8940
0.8925
0.8970
0.8880
0.8910
0.8940
0.8625
0.8860
0.8780
0.8950
0.8940
0.8838
0.8930
0.8750
0.8840
0.9070
0.8762
0.8990
0.8920
0.8860
0.8790
0.8800
0.8890
0.9000
0.8880
0.8710
0.8900
0.8740
0.8920
0.8920
0.8970
0.8812
0.8920
0.8780
0.8810
0.8970
0.8900
0.8850
0.8780
0.8960
0.8820
0.8988
0.8690
0.8870
0.9070
0.8740
0.9038
0.8870
0.9010
0.8810
0.8830
0.8850
0.8770
0.8800
0.8930
0.8870
0.9038
0.8850
0.8980
0.8700
0.8890
0.8975
0.9020
0.8900
0.8810
0.8890
0.8725
0.8890
0.8830
0.8910
0.8890
0.8850
0.8920
0.8760
0.8850
0.8920
0.8938
0.8800
0.8970
0.8850
0.8770
0.9012
0.8740
0.8890
0.8960
0.8900
0.8912
0.8980
0.8930
0.8870
0.8780
0.8825
0.8960
0.8880
0.8880
0.8760
0.8925
0.8740
0.9130
0.8680
0.8880
0.8988
0.8790
0.9010
0.8920
0.8710
0.8988
0.8860
0.8830
0.8920
0.8970
0.8800
0.8750
0.8890
0.8880
0.8900
0.9000
0.8760
0.9010
0.8840
0.9000
0.8762
0.8910
0.8870
0.9090
0.8730
0.8800
0.8830
0.9000
0.8910
0.8820
0.8850
0.8830
0.8940
0.8880
0.8840
0.8938
0.8730
0.8900
0.8820
0.8890
0.9125
0.8860
0.8860
0.8950
0.8820
0.8938
0.9010
0.8810
0.8920
0.8800
0.8875
0.8940
0.9000
0.8820
0.8790
0.8862
0.8940
0.8790
0.8900
0.8910
0.8875
0.8870
0.8910
0.8850
0.8840
0.8962
0.8920
0.8800
0.8820
0.9060
0.8800
0.9020
0.8790
0.8850
0.8840
0.8925
0.8890
0.8890
0.8680
0.8990
0.8988
0.8820
0.9080
0.8720
0.8870
0.8950
0.8800
0.8850
0.8930
0.8990
0.8850
0.8750
0.9020
0.8890
0.8950
0.8800
0.8910
0.8920
0.8820
0.8980
0.8788
0.8920
0.8920
0.8790
0.8970
0.8825
0.8860
0.8860
0.8890
0.8920
0.8912
0.8980
0.8930
0.8870
0.8770
0.8900
0.8980
0.8870
0.8900
0.8910
0.8762
0.8800
0.8840
0.8810
0.9030
0.8988
0.8990
0.8860
0.8980
0.8870
0.8712
0.8820
0.8930
0.8840
0.8940
0.8925
0.8950
0.8890
0.8850
0.8820
0.8950
0.8690
0.8930
0.9030
0.8980
0.8800
0.8770
0.8830
0.8990
0.8880
0.8988
0.8810
0.8850
0.9010
0.8780
0.9012
0.8810
0.8900
0.9030
0.8850
0.8838
0.8960
0.8860
0.8850
0.8860
0.8912
0.8790
0.8870
0.8970
0.8870
0.8950
0.8800
0.8750
0.8910
0.8970
0.9038
0.9020
0.8890
0.8930
0.8900
0.8650
0.8850
0.8950
0.8830
0.8810
0.9025
0.8910
0.8910
0.8860
0.8890
0.8850
0.8880
0.8860
0.9020
0.8800
0.8862
0.8910
0.8830
0.8810
0.8900
0.9000
0.8830
0.8750
0.8920
0.8910
0.9050
0.8900
0.8870
0.8720
0.8950
0.9012
0.8830
0.8970
0.8860
0.8850
0.8925
0.9110
0.8690
0.8890
0.8880
0.8850
0.8930
0.8900
0.8880
0.8820
0.8900
0.8970
0.8930
0.8870
0.8850
0.8800
0.8960
0.8880
0.8880
0.9000
0.8688
0.8920
0.8770
0.8970
0.8910
0.8875
0.8760
0.9030
0.8890
0.8820
0.8962
0.8900
0.8850
0.8930
0.8950
0.8800
0.8940
0.8900
0.8900
0.8880
0.8812
0.9040
0.8860
0.8890
0.8880
0.8750
0.8900
0.8820
0.9010
0.8990
0.8688
0.8870
0.9050
0.8950
0.8780
0.8788
0.8920
0.8860
0.9020
0.8890
0.8738
0.8890
0.9000
0.8680
0.9000
0.8875
0.8960
0.8940
0.8760
0.8890
0.8900
0.8890
0.8830
0.8870
0.8980
0.8875
0.8980
0.8850
0.8860
0.8820
0.8950
0.8960
0.9030
0.8740
0.8770
0.8962
0.8850
0.8850
0.8960
0.8920
0.8862
0.8930
0.8680
0.8960
0.8980
0.8900
0.8730
0.8830
0.9040
0.8890
0.8975
0.8720
0.9050
0.8800
0.8950
0.8938
0.9010
0.8830
0.8980
0.8730
0.8900
0.8920
0.8880
0.8960
0.8820
0.8875
0.9010
0.8900
0.8710
0.9030
0.8788
0.8890
0.8840
0.8890
0.8950
0.8888
0.8920
0.8880
0.8860
0.8810
0.9012
0.9090
0.8830
0.8890
0.8660
0.9025
0.8890
0.8940
0.8950
0.8750
0.8950
0.8800
0.8970
0.8920
0.8800
0.9000
0.8840
0.8910
0.8830
0.8960
0.8938
0.9010
0.8710
0.9000
0.8860
0.8888
0.8840
0.8860
0.8970
0.8830
0.8988
0.8950
0.8780
0.8790
0.8960
0.9012
0.8890
0.8800
0.8940
0.8910
0.8938
0.8840
0.8880
0.8960
0.8830
0.8988
0.8850
0.9080
0.8850
0.8780
0.8925
0.8990
0.8850
0.8800
0.8910
0.8938
0.8960
0.9150
0.8720
0.8850
0.8775
0.9000
0.8820
0.8940
0.8660
0.9100
0.8850
0.8960
0.8730
0.9010
0.8950
0.8870
0.8830
0.8860
0.8950
0.9000
0.8800
0.8760
0.9220
0.8900
0.8788
0.8810
0.9070
0.9000
0.8760
0.8838
0.8830
0.8900
0.9030
0.8880
0.8838
0.8850
0.8890
0.8870
0.8980
0.8900
0.8880
0.8970
0.8830
0.8810
0.9038
0.8900
0.8910
0.8770
0.9000
0.8925
0.8950
0.8930
0.8930
0.8810
0.8875
0.8970
0.8920
0.8800
0.8870
0.8950
0.8640
0.9100
0.8900
0.8910
0.8988
0.8870
0.8850
0.8940
0.8950
0.8912
0.8870
0.8960
0.8950
0.8940
0.8775
0.8770
0.8950
0.8910
0.8930
0.8975
0.8830
0.8980
0.8770
0.8900
0.9075
0.8800
0.8950
0.8870
0.8830
0.9113
0.8910
0.8960
0.8840
0.8840
0.9000
0.8880
0.8950
0.8950
0.8870
0.8888
0.8860
0.9210
0.8880
0.8650
0.8950
0.8860
0.8960
0.8880
0.8960
0.8875
0.8960
0.8910
0.8830
0.8880
0.8975
0.8730
0.9000
0.9030
0.9070
0.8662
0.8900
0.8870
0.8870
0.8940
0.8975
0.8910
0.8850
0.8880
0.8980
0.8925
0.9030
0.8850
0.8880
0.8920
0.8850
0.8850
0.8870
0.9090
0.8790
0.8950
0.8960
0.8870
0.9040
0.8920
0.8712
0.8890
0.8890
0.8910
0.8860
0.9012
0.8760
0.9010
0.8980
0.8960
0.8812
0.8970
0.8930
0.8680
0.8800
0.9225
0.8810
0.9000
0.8830
0.8950
0.8975
0.8810
0.8990
0.8870
0.8940
0.8950
0.8800
0.8880
0.9020
0.8900
0.8962
0.8980
0.9050
0.8770
0.8870
0.8875
0.8790
0.9010
0.8840
0.9000
0.8912
0.8790
0.8930
0.8970
0.9030
0.8825
0.8960
0.8850
0.8900
0.8980
0.8862
0.9030
0.8950
0.8920
0.8870
0.8762
0.8760
0.8840
0.8890
0.8980
0.9125
0.9000
0.9080
0.8860
0.8840
0.8750
0.8910
0.8870
0.8850
0.8890
0.9075
0.8820
0.8970
0.8930
0.8980
0.8862
0.8990
0.8890
0.8900
0.9070
0.8650
0.8830
0.8940
0.8880
0.8800
0.9163
0.9040
0.8870
0.8910
0.8990
0.8712
0.9030
0.8760
0.8950
0.8810
0.9038
0.8940
0.8960
0.8930
0.8860
0.8862
0.8790
0.9000
0.8930
0.8940
0.8900
0.8910
0.8930
0.8850
0.8880
0.9012
0.8810
0.8810
0.9040
0.8930
0.8988
0.8910
0.9110
0.8900
0.8890
0.8712
0.8930
0.8840
0.9050
0.8870
0.8875
0.8910
0.8860
0.9020
0.8880
0.8900
0.9000
0.8980
0.8920
0.8850
0.8800
0.8920
0.8970
0.8920
0.8920
0.8825
0.9000
0.8750
0.8850
0.9040
0.8962
0.8810
0.8870
0.9000
0.9090
0.8812
0.8870
0.8970
0.8790
0.8930
0.9075
0.9040
0.8950
0.8890
0.8940
0.8750
0.8970
0.8840
0.8970
0.8870
0.8962
0.8910
0.8900
0.8850
0.9020
0.8925
0.8970
0.8900
0.8840
0.8910
0.9000
0.8910
0.9070
0.9000
0.8790
0.8812
0.8860
0.8840
0.9030
0.8830
0.9087
0.9020
0.8950
0.8840
0.8900
0.8900
0.9020
0.8820
0.8940
0.8820
0.9038
0.8900
0.8800
0.8900
0.9040
0.8988
0.8860
0.8870
0.9000
0.8890
0.9012
0.8910
0.8870
0.9010
0.8920
0.8900
0.8970
0.8990
0.8860
0.8970
0.8800
0.8720
0.8930
0.9040
0.8950
0.8988
0.8870
0.8970
0.8880
0.9020
0.8862
0.8950
0.8990
0.8790
0.8950
0.8925
0.9000
0.8990
0.8850
0.8950
0.8788
0.8890
0.8940
0.8940
0.8950
0.8875
0.8800
0.8880
0.8930
0.8960
0.9062
0.8990
0.8860
0.8980
0.8990
0.8750
0.8870
0.8920
0.8880
0.9020
0.8912
0.8870
0.8980
0.8940
0.8910
0.8900
0.8960
0.8910
0.8990
0.8860
0.8888
0.8750
0.8860
0.8940
0.9110
0.8962
0.8990
0.9000
0.8870
0.8990
0.8725
0.8870
0.9020
0.8850
0.9010
0.8850
0.8940
0.8840
0.8980
0.8930
0.8925
0.8850
0.8910
0.8880
0.8920
0.9087
0.9070
0.8840
0.8860
0.8820
0.9050
0.8840
0.8880
0.9030
0.9050
0.8788
0.8910
0.8780
0.9030
0.8910
0.9000
0.8950
0.8850
0.9010
0.8790
0.9038
0.8930
0.8840
0.9080
0.8810
0.8962
0.8920
0.8840
0.8960
0.8900
0.9012
0.8920
0.8960
0.8790
0.8910
0.9062
0.8940
0.8960
0.8990
0.8800
0.8950
0.8910
0.8920
0.9130
0.8830
0.8825
0.8910
0.9050
0.8860
0.8980
0.8812
0.9030
0.8810
0.8870
0.8890
0.9062
0.9030
0.8960
0.8830
0.8930
0.8875
0.9000
0.8910
0.8820
0.8840
0.9100
0.8900
0.9010
0.8940
0.8990
0.8762
0.8940
0.8900
0.8920
0.8920
0.8962
0.9050
0.8940
0.8830
0.8940
0.8862
0.9020
0.8900
0.8770
0.9030
0.8912
0.8820
0.8960
0.8900
0.9020
0.8938
0.8970
0.8970
0.8860
0.8820
0.9038
0.8840
0.9000
0.8920
0.8860
0.9038
0.8890
0.9000
0.8910
0.9000
0.8812
0.8860
0.8900
0.9000
0.8980
0.8888
0.9030
0.9030
0.8850
0.8920
0.8775
0.8870
0.9050
0.8900
0.9030
0.8750
0.8910
0.9000
0.8860
0.8820
0.9075
0.8790
0.8970
0.9000
0.8950
0.8925
0.8910
0.9000
0.8870
0.8970
0.8875
0.8840
0.9000
0.8900
0.8920
0.8988
0.8750
0.9040
0.8910
0.9030
0.8900
0.9000
0.9000
0.8700
0.9070
0.8850
0.8960
0.8800
0.9010
0.8920
0.8950
0.8740
0.8920
0.8960
0.8940
0.9113
0.8800
0.9140
0.8880
0.8900
0.8912
0.8930
0.8800
0.9010
0.9010
0.8875
0.9050
0.8820
0.8830
0.9040
0.8900
0.8960
0.8950
0.8870
0.8890
0.8988
0.8970
0.9000
0.8890
0.8980
0.8775
0.8900
0.8870
0.8970
0.8860
0.9075
0.8950
0.9100
0.8780
0.8930
0.8875
0.8970
0.8880
0.9060
0.8940
0.8762
0.8930
0.8900
0.8880
0.9050
0.8875
0.8870
0.8990
0.9000
0.9070
0.8675
0.8990
0.8830
0.9090
0.8830
0.8912
0.8870
0.9000
0.9110
0.8840
0.8812
0.8880
0.9060
0.8720
0.8960
0.9062
0.9020
0.8920
0.8930
0.8880
0.8912
0.8930
0.8920
0.9080
0.8770
0.8975
0.8930
0.9080
0.8700
0.9030
0.8925
0.8860
0.9140
0.8770
0.8940
0.8962
0.8900
0.8870
0.8960
0.8980
0.8962
0.8810
0.9020
0.8950
0.8960
0.8925
0.9030
0.8900
0.8960
0.8960
0.8788
0.8780
0.9060
0.8960
0.8970
0.8888
0.8860
0.8980
0.9000
0.8880
0.8950
0.8780
0.8910
0.8940
0.9100
0.8938
0.8960
0.9080
0.8740
0.8930
0.8962
0.8870
0.8940
0.8950
0.9040
0.8850
0.8980
0.9080
0.8850
0.8940
0.8788
0.8860
0.8800
0.8930
0.8960
0.9163
0.8870
0.8920
0.9060
0.8990
0.8812
0.8890
0.8950
0.8930
0.9030
0.8862
0.8850
0.8940
0.9150
0.8920
0.8788
0.8820
0.8960
0.9080
0.9040
0.8738
0.9140
0.8920
0.8870
0.8800
0.8950
0.8870
0.8970
0.8840
0.9050
0.8950
0.8980
0.8970
0.8760
0.8990
0.8988
0.8750
0.9190
0.8880
0.8830
0.9050
0.8870
0.8940
0.8870
0.9010
0.9000
0.8900
0.9000
0.8860
0.8940
0.8988
0.9010
0.8840
0.8920
0.9000
0.8888
0.8950
0.8980
0.8800
0.8920
0.9038
0.8930
0.9040
0.9030
0.8770
0.8888
0.9220
0.8800
0.8870
0.8940
0.8812
0.9020
0.8960
0.8960
0.8890
0.8812
0.8970
0.8930
0.8790
0.8980
0.9012
0.8960
0.8980
0.8790
0.9040
0.8888
0.9060
0.8990
0.8820
0.8880
0.8925
0.9070
0.8890
0.8940
0.8970
0.8788
0.8900
0.8790
0.8960
0.9050
0.9000
0.8800
0.9040
0.8870
0.8900
0.9113
0.8840
0.8940
0.8940
0.9030
0.8938
0.8990
0.8950
0.8910
0.9000
0.8812
0.9170
0.8910
0.8870
0.8900
0.8812
0.8890
0.8720
0.9060
0.9110
0.8900
0.8880
0.8840
0.8970
0.8960
0.9075
0.8770
0.8870
0.9030
0.9060
0.8962
0.8980
0.8930
0.8800
0.9040
0.8938
0.9040
0.8880
0.8920
0.8990
0.8838
0.8870
0.9060
0.8830
0.9030
0.8900
0.8860
0.9060
0.8950
0.8870
0.8975
0.9080
0.8960
0.8950
0.8800
0.8900
0.8950
0.8880
0.8900
0.8870
0.9137
0.8860
0.8920
0.8930
0.8980
0.9025
0.9050
0.8870
0.8970
0.8930
0.8862
0.8800
0.8900
0.9250
0.8930
0.8788
0.8920
0.8980
0.8920
0.8970
0.8900
0.8810
0.8990
0.8850
0.9110
0.8950
0.8830
0.8890
0.9070
0.8930
0.8988
0.8830
0.8950
0.9110
0.8930
0.8862
0.8820
0.8940
0.9050
0.8910
0.8988
0.8820
0.9160
0.8850
0.8910
0.8962
0.8930
0.9070
0.8880
0.8850
0.8988
0.8880
0.8950
0.8950
0.9040
0.8875
0.8920
0.8980
0.9120
0.8890
0.8762
0.8920
0.9010
0.8830
0.9050
0.8888
0.8940
0.9070
0.8900
0.8940
0.8838
0.9110
0.8810
0.8920
0.8980
0.8875
0.8960
0.8880
0.8900
0.8970
0.9012
0.8880
0.8900
0.9050
0.8860
0.9038
0.9090
0.8870
0.8740
0.8960
0.9075
0.9040
0.8950
0.8790
0.8980
0.8950
0.9060
0.8800
0.8900
0.8990
0.8962
0.8990
0.8900
0.8870
0.8950
0.9025
0.9070
0.8980
0.8800
0.8940
0.8938
0.9000
0.8800
0.8860
0.9080
0.9000
0.8940
0.9000
0.8980
0.8980
0.8800
0.9050
0.9020
0.8860
0.8910
0.8875
0.8880
0.9060
0.8880
0.9050
0.8838
0.8980
0.8830
0.8970
0.8870
0.9113
0.9010
0.8940
0.9040
0.8820
0.8912
0.8980
0.8960
0.8730
0.9000
0.9100
0.8930
0.9020
0.8850
0.8910
0.9050
0.8870
0.8990
0.8970
0.8970
0.8938
0.8810
0.9010
0.8920
0.9020
0.8988
0.9060
0.8950
0.8770
0.8980
0.8988
0.8900
0.8940
0.9130
0.8830
0.8938
0.8770
0.9020
0.9010
0.9010
0.8938
0.8930
0.9040
0.8920
0.8850
0.9012
0.8930
0.8920
0.8980
0.8950
0.8962
0.8930
0.9010
0.8840
0.8980
0.9000
0.9150
0.8950
0.8830
0.8970
0.8838
0.9050
0.8990
0.8920
0.8810
0.9000
0.8940
0.8980
0.8880
0.8980
0.8988
0.8870
0.9050
0.8950
0.8970
0.8912
0.8870
0.8860
0.9000
0.9060
0.8975
0.9020
0.8790
0.8920
0.8950
0.9113
0.8850
0.9020
0.8810
0.8980
0.9137
0.8790
0.9040
0.8980
0.8980
0.8975
0.9160
0.8890
0.8890
0.8860
0.8962
0.8910
0.8950
0.8950
0.8990
0.8962
0.9120
0.8730
0.8890
0.8990
0.9050
0.8950
0.8960
0.9010
0.8820
0.9038
0.8860
0.9060
0.8910
0.8900
0.9050
0.8870
0.8990
0.8940
0.9040
0.8912
0.8980
0.8920
0.8960
0.8970
0.8925
0.8940
0.8850
0.9070
0.8950
0.8950
0.8920
0.8820
0.9100
0.8910
0.9025
0.9040
0.9090
0.8870
0.8860
0.8888
0.9000
0.9000
0.8910
0.8880
0.8975
0.8980
0.8930
0.8870
0.8890
0.9125
0.8840
0.8910
0.9060
0.9030
0.8912
0.8970
0.9160
0.8820
0.8940
0.8850
0.8880
0.9030
0.8940
0.8940
0.8975
0.8820
0.9030
0.8930
0.8960
0.9038
0.8860
0.9050
0.9040
0.8940
0.8850
0.8950
0.8990
0.9060
0.8800
0.8962
0.8890
0.9020
0.8860
0.9090
0.8888
0.9080
0.8770
0.9030
0.8990
0.8875
0.8890
0.8890
0.8980
0.8960
0.9075
0.8820
0.8990
0.8940
0.9000
0.9038
0.9050
0.8870
0.8960
0.8810
0.9100
0.8890
0.9060
0.8800
0.9010
0.9025
0.8840
0.9040
0.8990
0.9010
0.8875
0.8960
0.8970
0.8770
0.8940
0.9175
0.9000
0.8910
0.8920
0.8960
0.8988
0.8790
0.8990
0.9070
0.9020
0.8875
0.8990
0.8960
0.8930
0.9010
0.8850
0.8990
0.8940
0.9080
0.8850
0.8888
0.8880
0.8970
0.8850
0.8990
0.9100
0.8900
0.9000
0.8930
0.8970
0.8962
0.8960
0.8920
0.8920
0.8950
0.9025
0.8930
0.9010
0.9050
0.8820
0.8950
0.8830
0.8960
0.9010
0.8950
0.9025
0.8970
0.9100
0.8900
0.8930
0.8838
0.8940
0.9000
0.9080
0.8770
0.8975
0.8950
0.9000
0.8960
0.8900
0.8950
0.9060
0.8830
0.8850
0.8890
0.9175
0.9150
0.8880
0.8820
0.9050
0.8838
0.8800
0.9110
0.8900
0.8900
0.9075
0.8910
0.8930
0.9020
0.9020
0.8862
0.8980
0.8930
0.8780
0.9130
0.8938
0.8860
0.8930
0.8980
0.8930
0.9087
0.8890
0.8950
0.8910
0.9110
0.8888
0.9050
0.8950
0.9110
0.8940
0.8650
0.8910
0.8830
0.9060
0.9030
0.8925
0.8920
0.9010
0.9060
0.8830
0.8950
0.8840
0.9110
0.9000
0.8920
0.8888
0.9000
0.9040
0.8950
0.8800
0.8988
0.8930
0.8920
0.8930
0.8970
0.9038
0.9080
0.8940
0.8700
0.9060
0.9000
0.8940
0.8960
0.8920
0.8980
0.8975
0.8760
0.9010
0.9030
0.9030
0.8938
0.8920
0.9000
0.8930
0.8850
0.9100
0.8990
0.9040
0.8830
0.8940
0.8975
0.8980
0.8980
0.8910
0.8930
0.8975
0.8810
0.9000
0.9060
0.8940
0.8962
0.8850
0.8800
0.9030
0.9080
0.9025
0.8940
0.8940
0.9020
0.8840
0.9050
0.8880
0.8950
0.8980
0.9070
0.8875
0.8900
0.8950
0.8980
0.9030
0.8900
0.9050
0.8920
0.9030
0.8880
0.8875
0.9200
0.8880
0.9000
0.8760
0.8938
0.8920
0.9020
0.8970
0.9010
0.8838
0.9010
0.9090
0.8860
0.8960
0.8838
0.9080
0.8960
0.8870
0.8950
0.8912
0.8940
0.9060
0.8880
0.9010
0.8875
0.8990
0.8840
0.8980
0.9030
0.8938
0.8970
0.9020
0.8920
0.8910
0.8962
0.8920
0.8940
0.9170
0.8770
0.8988
0.8860
0.8950
0.8940
0.9010
0.9038
0.9060
0.8940
0.8840
0.8970
0.8975
0.9030
0.8830
0.8930
0.8920
0.9100
0.8890
0.9080
0.8920
0.8940
0.8950
0.8870
0.8860
0.9130
0.8900
0.9038
0.9130
0.9010
0.8870
0.8860
0.8900
0.8880
0.8830
0.9120
0.8980
0.8975
0.8900
0.9010
0.9050
0.8850
0.8975
0.9030
0.8900
0.8990
0.8850
0.9025
0.9120
0.8930
0.8910
0.9040
0.8738
0.8990
0.8990
0.8850
0.8900
0.9075
0.9040
0.8880
0.8890
0.8910
0.9087
0.8990
0.8920
0.8960
0.8970
0.8938
0.8980
0.8840
0.8970
0.8880
0.9150
0.8850
0.8880
0.9140
0.8930
0.8988
0.8670
0.8990
0.9020
0.9030
0.9100
0.8990
0.8700
0.9160
0.8970
0.8962
0.8990
0.8740
0.8920
0.9100
0.9050
0.8990
0.9020
0.8910
0.8820
0.9062
0.8850
0.9020
0.9030
0.8770
0.9150
0.8860
0.8930
0.8870
0.9050
0.9100
0.8830
0.9070
0.8970
0.8820
0.9125
0.9010
0.8950
0.8930
0.8880
0.9025
0.9130
0.8900
0.8910
0.8950
0.8875
0.9030
0.8900
0.8880
0.8980
0.9012
0.8960
0.8960
0.8850
0.8940
0.9113
0.9070
0.8850
0.9040
0.8910
0.8912
0.8960
0.8940
0.9010
0.9020
0.8838
0.9140
0.8820
0.8960
0.9040
0.8800
0.9060
0.9020
0.8770
0.9050
0.8875
