0.4908
0.5088
0.4229
0.4283
0.3469
0.4147
0.3590
0.3520
0.4236
0.3981
0.3437
0.3454
0.3896
0.3708
0.3796
0.3734
0.3045
0.3626
0.3713
0.3656
0.3107
0.3507
0.3144
0.4007
0.3838
0.4040
0.3353
0.3005
0.3349
0.3701
0.3284
0.3225
0.3711
0.2927
0.2924
0.3369
0.3260
0.3288
0.3691
0.3309
0.3650
0.3271
0.3274
0.3377
0.3615
0.3531
0.4008
0.3436
0.3101
0.3749
0.2953
0.3015
0.2747
0.3357
0.3286
0.3694
0.3602
0.3617
0.3327
0.3163
0.3178
0.2973
0.3526
0.3574
0.3178
0.3247
0.3108
0.3136
0.3165
0.3319
0.3524
0.3014
0.2936
0.3164
0.2760
