1.9533
3.4838
3.4014
3.2953
3.0250
2.3154
2.2069
2.1289
1.9497
1.8641
1.5848
2.0408
1.1548
1.4815
1.7868
1.5805
1.6102
1.0255
1.3065
0.6602
0.7109
0.6590
0.6994
0.7674
0.8134
0.9038
0.7248
0.8916
0.6443
0.8021
0.4735
0.7472
0.7756
0.7782
0.9841
1.2235
1.0400
0.6115
0.8886
0.8302
0.9366
1.2213
0.8290
0.7471
0.8446
0.8932
0.9151
0.8979
0.9548
0.5870
0.8688
0.6658
0.7036
0.7725
0.9529
0.5532
1.1026
0.9951
1.1061
1.2344
1.1065
1.1122
1.0311
1.1468
0.9881
0.8566
0.9781
0.7252
1.0990
0.9925
0.8633
0.9438
1.1447
1.2500
1.3358
