0.7429
1.1290
0.9273
0.9033
0.8510
0.7784
0.6282
0.7914
0.7556
0.8639
0.8366
0.9257
0.8093
0.7296
0.7455
0.6707
0.6541
0.9238
0.7914
0.5885
0.7994
0.8084
0.6652
0.6587
0.8005
0.7901
0.7170
0.7083
0.7170
0.7508
0.6324
0.9020
0.7332
0.7622
0.7366
0.7317
0.7109
0.7012
0.6416
0.6425
0.6212
0.8816
0.6415
0.7589
0.6061
0.6418
0.6408
0.7533
0.7037
0.6762
0.8082
0.6366
0.6860
0.6671
0.5985
0.8521
0.7414
0.9302
0.8078
0.6068
0.8432
0.6965
0.7272
0.6387
0.5797
0.6829
0.6592
0.7870
0.6535
0.7198
0.5784
0.6884
0.7216
0.6756
0.7577
