3.0443
3.2928
6.1504
8.8878
10.4937
11.5709
12.9035
14.5267
14.9368
17.7329
19.9247
16.0005
18.0796
24.5389
18.7421
37.2288
46.7011
41.0279
30.0669
26.8920
28.9622
24.9217
24.6433
35.0315
21.0426
24.5944
32.6893
33.7872
37.0506
38.0721
25.5281
30.2999
30.7342
30.0334
32.3245
20.6388
38.4496
39.6010
31.6121
33.7710
29.1054
33.7489
48.9676
39.1516
31.0995
27.7069
36.0127
43.0360
33.2126
41.2056
58.5430
51.3898
26.3539
44.0125
37.7695
37.2614
34.9097
27.7640
39.8404
50.4725
33.0711
37.1912
33.5630
41.8784
38.8900
55.8656
50.5360
31.0377
56.1409
43.9125
62.1863
44.5387
87.4406
60.4324
61.5364
44.5795
37.3954
29.7256
43.0217
34.2572
47.5200
30.7641
33.8220
27.6855
20.7323
28.2557
22.6131
22.2246
22.0438
19.3003
35.4363
33.9266
21.7498
28.7199
37.6856
32.5410
28.5403
27.2307
32.6829
46.9790
