1.8459
4.3757
3.0160
2.7598
2.6755
3.0244
2.1104
2.1233
2.2710
2.5314
2.1877
2.1331
2.4201
1.9889
1.8401
1.7518
1.7612
1.7758
1.6695
1.5844
2.0485
1.9178
1.5862
1.5464
1.4580
1.7168
1.4764
1.5389
1.4532
1.1087
1.5983
1.3828
1.9055
1.7092
1.6868
1.7406
1.2199
1.4439
1.3680
1.4117
1.6010
1.3829
1.3279
1.6136
1.3367
1.6351
1.6593
1.4618
1.4616
1.1867
1.3712
1.4635
1.2943
1.2951
1.1421
1.5867
1.3770
1.1875
1.2012
1.4360
1.2937
1.0458
0.9824
1.1927
1.3277
1.2200
1.5055
1.2167
0.9544
1.0009
1.5470
1.2916
0.8809
1.5504
1.5270
