2.3905
2.0832
2.4310
2.5964
2.6290
2.7438
2.8483
3.0829
3.2063
3.3640
3.2025
3.0756
3.1501
3.1707
3.0054
3.3387
3.4403
3.4684
3.4936
3.3308
3.5138
3.6691
3.8125
3.5356
3.4309
3.4820
4.0624
3.8564
3.8994
3.9378
3.7271
4.0837
3.9436
3.6183
4.1326
4.0606
4.5483
4.5005
4.5312
4.3791
4.0268
4.1611
3.8486
4.5989
3.9207
4.9061
4.0567
4.5304
4.7405
4.6988
5.3353
5.3833
4.6245
5.2695
5.0828
5.2725
4.5800
5.3735
5.4661
5.1732
5.3007
5.3123
5.3364
6.2451
6.1779
6.2827
6.1667
5.4390
6.2750
5.9556
6.3654
6.0942
7.0774
5.5164
5.6441
6.1713
5.2332
5.1999
7.4909
5.7303
7.4623
5.9822
6.3119
6.4093
7.0006
6.9759
6.9285
6.7257
6.8810
6.7991
6.0909
8.1612
6.9856
8.7748
6.8953
6.9771
6.5000
7.4769
7.5712
7.7230
