0.0610
0.0620
0.0460
0.0600
0.0630
0.0620
0.0491
0.0570
0.0570
0.0620
0.0630
0.0680
0.0730
0.0601
0.0810
0.0640
0.0710
0.0710
0.0700
0.0600
0.0601
0.0700
0.0730
0.0880
0.0710
0.0760
0.0820
0.0854
0.0810
0.0910
0.0910
0.0830
0.0830
0.0840
0.0965
0.0860
0.0960
0.0990
0.0840
0.0910
0.1120
0.1203
0.0970
0.1050
0.1200
0.1030
0.1070
0.1160
0.1028
0.1210
0.1060
0.1090
0.1180
0.1190
0.1160
0.1076
0.1280
0.1210
0.1160
0.1250
0.1170
0.1240
0.1313
0.1180
0.1230
0.1440
0.1290
0.1270
0.1350
0.1377
0.1470
0.1310
0.1580
0.1260
0.1260
0.1440
0.1408
0.1410
0.1580
0.1400
0.1490
0.1380
0.1590
0.1456
0.1500
0.1630
0.1520
0.1580
0.1520
0.1540
0.1582
0.1710
0.1530
0.1570
0.1580
0.1870
0.1750
0.1741
0.1760
0.1800
0.1860
0.1780
0.1620
0.1880
0.1487
0.1910
0.1820
0.1760
0.1830
0.2010
0.1670
0.1804
0.1920
0.1810
0.1800
0.2170
0.1930
0.1770
0.1820
0.1910
0.1970
0.1870
0.2200
0.2100
0.1880
0.1994
0.2030
0.2230
0.2100
0.1930
0.2280
0.2060
0.2104
0.2240
0.2140
0.2330
0.2130
0.2430
0.2440
0.2310
0.2340
0.2390
0.2390
0.2520
0.2490
0.2490
0.2769
0.2630
0.2590
0.2530
0.2640
0.2830
0.2810
0.2864
0.2880
0.2970
0.2730
0.2940
0.2770
0.2930
0.2959
0.2930
0.2830
0.3130
0.3020
0.3280
0.3300
0.3212
0.3370
0.3000
0.3270
0.3220
0.3500
0.3270
0.3544
0.3670
0.3330
0.3270
0.3460
0.3450
0.3730
0.3782
0.3580
0.3570
0.3790
0.3770
0.3770
0.3810
0.3924
0.3630
0.3940
0.3870
0.4140
0.3860
0.4090
0.3956
0.3930
0.4290
0.4360
0.4060
0.4130
0.4200
0.4035
0.4330
0.4480
0.4110
0.4170
0.4500
0.4410
0.4557
0.4440
0.4400
0.4300
0.4830
0.4530
0.4720
0.4778
0.4630
0.4640
0.4790
0.4860
0.4780
0.4740
0.4905
0.4850
0.5020
0.4960
0.4830
0.5040
0.5150
0.5079
0.4990
0.5080
0.5330
0.5070
0.5040
0.5410
0.5459
0.5510
0.5320
0.5250
0.5390
0.5180
0.5590
0.5443
0.5660
0.5620
0.5600
0.5610
0.5160
0.5580
0.5949
0.5740
0.5570
0.5960
0.5590
0.5860
0.5710
0.5997
0.5810
0.5810
0.5680
0.6160
0.5840
0.6100
0.6282
0.5920
0.5910
0.5950
0.6190
0.6360
0.6170
0.5791
0.6120
0.6090
0.6240
0.6250
0.6310
0.6150
0.6551
0.6310
0.6450
0.6050
0.6310
0.6440
0.6560
0.6313
0.6380
0.6350
0.6350
0.6510
0.6490
0.6910
0.6250
0.6490
0.6830
0.6540
0.6220
0.6780
0.6720
0.6472
0.6600
0.6690
0.6810
0.6640
0.6440
0.6700
0.6994
0.6850
0.6770
0.6840
0.6780
0.6480
0.6860
0.7025
0.6820
0.6930
0.6710
0.6810
0.6950
0.6900
0.7247
0.6990
0.6960
0.6720
0.6930
0.7120
0.6920
0.7089
0.6780
0.6820
0.7030
0.7180
0.7100
0.7020
0.7104
0.7130
0.6880
0.7280
0.7110
0.7030
0.7000
0.6915
0.7190
0.7130
0.7120
0.6950
0.7170
0.7250
0.7073
0.7140
0.6870
0.7380
0.7190
0.7260
0.7310
0.7215
0.7220
0.7000
0.7060
0.7490
0.7380
0.7250
0.7326
0.7390
0.7440
0.7210
0.7110
0.7230
0.7260
0.7199
0.7230
0.7370
0.7180
0.7410
0.7430
0.7260
0.7373
0.7430
0.7460
0.7200
0.7340
0.7270
0.7290
0.7611
0.7800
0.7180
0.7390
0.7400
0.7200
0.7370
0.7516
0.7380
0.7600
0.7310
0.7370
0.7370
0.7700
0.7294
0.7480
0.7480
0.7510
0.7260
0.7490
0.7610
0.7421
0.7730
0.7270
0.7520
0.7430
0.7680
0.7340
0.7453
0.7210
0.7640
0.7360
0.7550
0.7660
0.7490
0.7911
0.7420
0.7420
0.7570
0.7630
0.7640
0.7680
0.7579
0.7280
0.7790
0.7590
0.7670
0.7750
0.7300
0.7737
0.7570
0.7610
0.7440
0.7720
0.7600
0.7630
0.7658
0.7900
0.7550
0.7650
0.7520
0.7710
0.7670
0.7358
0.7570
0.7740
0.7740
0.7670
0.7530
0.7670
0.7753
0.7630
0.7810
0.7680
0.7820
0.7680
0.7520
0.7500
0.7780
0.7680
0.7610
0.7650
0.7730
0.7810
0.7516
0.7980
0.7780
0.7620
0.7530
0.7800
0.7570
0.7642
0.7610
0.7650
0.7750
0.7950
0.7840
0.7560
0.7706
0.7730
0.7550
0.7940
0.7670
0.7570
0.7880
0.7991
0.7750
0.7610
0.7940
0.7710
0.7760
0.7840
0.7753
0.7720
0.7890
0.7920
0.7680
0.7840
0.7560
0.7959
0.8060
0.7870
0.7700
0.7810
0.7580
0.7970
0.7532
0.7900
0.7770
0.7700
0.7820
0.7920
0.7690
0.7959
0.8040
0.7810
0.7730
0.7910
0.7810
0.7790
0.7611
0.8120
0.7750
0.7660
0.7930
0.7800
0.7860
0.7690
0.7720
0.7930
0.7780
0.7850
0.7840
0.8190
0.7532
0.7890
0.7920
0.7970
0.7840
0.7650
0.7900
0.7880
0.7730
0.8040
0.7830
0.7800
0.7680
0.8100
0.7975
0.8020
0.8030
0.7990
0.7670
0.7890
0.7580
0.8101
0.7850
0.7980
0.7930
0.7870
0.7880
0.8030
0.7690
0.7990
0.7900
0.8100
0.7850
0.7830
0.7890
0.7737
0.8010
0.8040
0.7880
0.7730
0.7960
0.8060
0.7579
0.7980
0.7870
0.7960
0.7880
0.7920
0.7990
0.7785
0.7970
0.7900
0.7770
0.8000
0.7960
0.8030
0.7816
0.7960
0.7760
0.7840
0.8060
0.8030
0.8060
0.7880
0.8070
0.7710
0.7970
0.7990
0.7980
0.7970
0.7975
0.7650
0.7780
0.8210
0.8000
0.8060
0.8000
0.8038
0.7820
0.8100
0.7830
0.8010
0.7940
0.7970
0.8149
0.8020
0.7940
0.7790
0.8030
0.7900
0.8190
0.7959
0.8090
0.8030
0.7940
0.8050
0.8020
0.7830
0.7880
0.7920
0.7930
0.7970
0.8110
0.8110
0.7920
0.7896
0.7990
0.8100
0.8170
0.7870
0.7920
0.7950
0.7943
0.8130
0.8050
0.7920
0.7730
0.7910
0.8280
0.7943
0.7960
0.8040
0.8040
0.8040
0.7890
0.8090
0.7927
0.7950
0.8030
0.8040
0.8110
0.7910
0.8020
0.8070
0.8070
0.8010
0.8200
0.8010
0.7920
0.7990
0.7911
0.8110
0.7990
0.8100
0.8010
0.8130
0.7940
0.7816
0.7930
0.8250
0.7860
0.7910
0.8200
0.8090
0.7943
0.8040
0.8010
0.8040
0.8150
0.7830
0.8100
0.8101
0.8000
0.8000
0.8000
0.7990
0.8080
0.8130
0.8101
0.8310
0.8200
0.8000
0.7870
0.7870
0.7980
0.8070
0.8040
0.7860
0.7970
0.8030
0.8100
0.8220
0.8149
0.8090
0.8230
0.8080
0.7930
0.7890
0.8200
0.8006
0.8030
0.8340
0.7940
0.8070
0.8100
0.7990
0.7959
0.7930
0.8130
0.8250
0.7980
0.8260
0.7990
0.7880
0.8190
0.7930
0.8180
0.8120
0.7990
0.8130
0.7959
0.8030
0.8090
0.8340
0.8140
0.8210
0.7820
0.7896
0.8110
0.8280
0.8080
0.7910
0.8000
0.8110
0.8117
0.8180
0.8300
0.8070
0.7890
0.7970
0.8220
0.7991
0.8180
0.8050
0.8120
0.8080
0.7940
0.8100
0.8275
0.8120
0.8130
0.8010
0.8210
0.8200
0.7800
0.8339
0.8220
0.8060
0.8080
0.8030
0.8110
0.8140
0.8180
0.8250
0.8100
0.8090
0.8190
0.8000
0.8110
0.8101
0.8090
0.8270
0.8000
0.8060
0.8410
0.7820
0.8259
0.8350
0.8060
0.8020
0.8220
0.8060
0.7890
0.8354
0.8030
0.8120
0.8140
0.8250
0.8010
0.8220
0.8180
0.8170
0.8200
0.8010
0.8460
0.8170
0.7810
0.8149
0.8110
0.7980
0.8330
0.8060
0.8120
0.8210
0.8212
0.8050
0.8350
0.8200
0.8010
0.8170
0.8140
0.8117
0.8000
0.8220
0.8120
0.8200
0.8110
0.8130
0.8354
0.8160
0.8210
0.8120
0.8080
0.8420
0.8150
0.7848
0.8160
0.8120
0.8210
0.8270
0.8250
0.8100
0.8006
0.8340
0.8070
0.7950
0.8360
0.8100
0.8220
0.8165
0.8360
0.8190
0.8300
0.8080
0.8010
0.8150
0.8117
0.8210
0.8390
0.8300
0.8000
0.8160
0.8010
0.8259
0.8250
0.8230
0.8070
0.8160
0.8270
0.8140
0.8228
0.8220
0.8130
0.8230
0.8290
0.8020
0.8290
0.8149
0.8260
0.8050
0.8190
0.8340
0.8230
0.8080
0.8228
0.8180
0.8200
0.7980
0.8280
0.8300
0.8190
0.8275
0.8110
0.8330
0.8380
0.8100
0.8270
0.8210
0.7880
0.8110
0.8290
0.8260
0.8370
0.8150
0.8090
0.8117
0.8080
0.8220
0.8330
0.8180
0.8200
0.8140
0.8370
0.8260
0.8290
0.8070
0.8120
0.8290
0.8190
0.8291
0.8230
0.8280
0.8100
0.8320
0.8280
0.8090
0.8196
0.8180
0.8330
0.8280
0.8180
0.8220
0.8300
0.8022
0.8210
0.8220
0.8110
0.8290
0.8260
0.8150
0.8449
0.8120
0.8200
0.8310
0.8410
0.8160
0.8000
0.8639
0.8140
0.7990
0.8080
0.8340
0.8230
0.8480
0.8623
0.8270
0.8420
0.8150
0.8170
0.8290
0.8300
0.8133
0.7880
0.8230
0.8530
0.8340
0.8290
0.8140
0.8465
0.8320
0.8420
0.8250
0.8030
0.8330
0.8180
0.8275
0.8290
0.8170
0.8220
0.8340
0.8290
0.8200
0.8339
0.8240
0.8330
0.7990
0.8260
0.8420
0.8150
0.8497
0.8060
0.8410
0.8330
0.8220
0.8400
0.8180
0.8149
0.8130
0.8330
0.8070
0.8250
0.8430
0.8340
0.8228
0.8100
0.8320
0.8330
0.8180
0.8270
0.8550
0.7975
0.8230
0.8170
0.8270
0.8490
0.8040
0.8260
0.8465
0.8410
0.8240
0.8220
0.8280
0.8280
0.8270
0.8101
0.8340
0.8310
0.8200
0.8270
0.8170
0.8210
0.8418
0.8480
0.8200
0.8110
0.8410
0.8040
0.8260
0.8497
0.8180
0.8470
0.8340
0.8240
0.8060
0.8250
0.8449
0.8230
0.8180
0.8250
0.8400
0.8420
0.8330
0.8085
0.8200
0.8250
0.8190
0.8420
0.8300
0.8230
0.8481
0.8230
0.8330
0.8230
0.8270
0.8440
0.8160
0.8418
0.8280
0.8450
0.8210
0.8270
0.8280
0.8240
0.8323
0.8290
0.8330
0.8350
0.8190
0.8260
0.8450
0.8133
0.8380
0.8130
0.8390
0.8450
0.8330
0.8210
0.8149
0.8430
0.7980
0.8180
0.8420
0.8400
0.8430
0.8291
0.8330
0.8420
0.8230
0.8400
0.8200
0.8200
0.8449
0.8300
0.8450
0.8420
0.8400
0.8120
0.8200
0.8339
0.8300
0.8180
0.8470
0.8390
0.8360
0.8200
0.8323
0.8260
0.8460
0.8230
0.8320
0.8280
0.8340
0.8354
0.8290
0.8330
0.8420
0.8440
0.8170
0.8190
0.8449
0.8460
0.8230
0.8360
0.8270
0.8240
0.8250
0.8513
0.8300
0.8300
0.8390
0.8380
0.8350
0.8280
0.8259
0.8350
0.7990
0.8490
0.8230
0.8300
0.8520
0.8497
0.8400
0.8310
0.8280
0.8420
0.8280
0.8310
0.8339
0.8440
0.8230
0.8430
0.8300
0.8360
0.8380
0.8149
0.8260
0.8140
0.8490
0.8360
0.8420
0.8350
0.8354
0.8500
0.8370
0.8160
0.8290
0.8350
0.8460
0.8212
0.8490
0.8220
0.8310
0.8220
0.8370
0.8350
0.8481
0.8360
0.8170
0.8570
0.8390
0.8220
0.8360
0.8323
0.8370
0.8340
0.8280
0.8240
0.8500
0.8520
0.8085
0.8240
0.8370
0.8460
0.8280
0.8360
0.8370
0.8402
0.8300
0.8440
0.8270
0.8510
0.8500
0.8270
0.8133
0.8440
0.8310
0.8310
0.8360
0.8420
0.8380
0.8259
0.8250
0.8050
0.8560
0.8340
0.8530
0.8410
0.8402
0.8500
0.8470
0.8310
0.8420
0.8360
0.8150
0.8291
0.8460
0.8270
0.8200
0.8430
0.8330
0.8530
0.8307
0.8200
0.8260
0.8520
0.8450
0.8230
0.8430
0.8544
0.8280
0.8330
0.8580
0.8260
0.8180
0.8530
0.8449
0.8470
0.8520
0.8320
0.8260
0.8340
0.8390
0.8259
0.8450
0.8490
0.8530
0.8360
0.8340
0.8220
0.8149
0.8480
0.8200
0.8320
0.8580
0.8340
0.8300
0.8434
0.8420
0.8540
0.8300
0.8350
0.8390
0.8270
0.8370
0.8390
0.8270
0.8270
0.8490
0.8440
0.8460
0.8259
0.8490
0.8350
0.8470
0.8200
0.8460
0.8260
0.8386
0.8420
0.8360
0.8430
0.8210
0.8450
0.8380
0.8354
0.8440
0.8400
0.8290
0.8380
0.8390
0.8470
0.8196
0.8340
0.8510
0.8480
0.8400
0.8420
0.8200
0.8259
0.8410
0.8380
0.8270
0.8360
0.8490
0.8350
0.8402
0.8530
0.8280
0.8250
0.8420
0.8370
0.8400
0.8465
0.8310
0.8360
0.8360
0.8340
0.8470
0.8350
0.8623
0.8440
0.8400
0.8380
0.8430
0.8220
0.8450
0.8449
0.8380
0.8440
0.8290
0.8320
0.8480
0.8400
0.8465
0.8450
0.8320
0.8500
0.8440
0.8250
0.8370
0.8434
0.8300
0.8590
0.8420
0.8310
0.8410
0.8380
0.8323
0.8380
0.8700
0.8330
0.8330
0.8280
0.8360
0.8418
0.8430
0.8400
0.8360
0.8490
0.8440
0.8380
0.8244
0.8500
0.8250
0.8410
0.8500
0.8390
0.8420
0.8307
0.8480
0.8620
0.8360
0.8150
0.8490
0.8340
0.8370
0.8440
0.8550
0.8430
0.8510
0.8370
0.8270
0.8180
0.8440
0.8320
0.8260
0.8380
0.8410
0.8440
0.8687
0.8320
0.8420
0.8460
0.8330
0.8380
0.8510
0.8465
0.8630
0.8400
0.8520
0.8250
0.8370
0.8370
0.8275
0.8450
0.8450
0.8360
0.8580
0.8440
0.8400
0.8085
0.8260
0.8600
0.8340
0.8290
0.8420
0.8530
0.8497
0.8160
0.8390
0.8450
0.8560
0.8550
0.8360
0.8465
0.8510
0.8270
0.8330
0.8360
0.8560
0.8470
0.8434
0.8430
0.8670
0.8510
0.8410
0.8370
0.8200
0.8323
0.8510
0.8400
0.8390
0.8500
0.8300
0.8530
0.8307
0.8270
0.8420
0.8310
0.8620
0.8600
0.8330
0.8465
0.8530
0.8470
0.8510
0.8530
0.8440
0.8140
0.8386
0.8330
0.8490
0.8450
0.8510
0.8310
0.8350
0.8703
0.8340
0.8500
0.8540
0.8470
0.8560
0.8330
0.8244
0.8320
0.8510
0.8340
0.8660
0.8270
0.8420
0.8608
0.8350
0.8620
0.8440
0.8300
0.8440
0.8420
0.8528
0.8370
0.8380
0.8330
0.8660
0.8540
0.8470
0.8259
0.8460
0.8440
0.8470
0.8500
0.8320
0.8450
0.8434
0.8620
0.8360
0.8380
0.8500
0.8400
0.8580
0.8165
0.8510
0.8220
0.8470
0.8630
0.8440
0.8480
0.8307
0.8350
0.8390
0.8330
0.8640
0.8360
0.8660
0.8370
0.8470
0.8540
0.8500
0.8450
0.8290
0.8500
0.8354
0.8310
0.8410
0.8490
0.8540
0.8420
0.8550
0.8418
0.8410
0.8560
0.8620
0.8400
0.8400
0.8240
0.8576
0.8420
0.8540
0.8450
0.8440
0.8690
0.8340
0.8180
0.8340
0.8580
0.8510
0.8470
0.8440
0.8400
0.8386
0.8440
0.8380
0.8500
0.8530
0.8520
0.8380
0.8449
0.8630
0.8260
0.8180
0.8540
0.8590
0.8340
0.8782
0.8430
0.8420
0.8470
0.8280
0.8690
0.8490
0.8402
0.8570
0.8500
0.8320
0.8550
0.8420
0.8400
0.8434
0.8360
0.8280
0.8280
0.8480
0.8620
0.8530
0.8782
0.8370
0.8440
0.8430
0.8570
0.8330
0.8580
0.8544
0.8630
0.8600
0.8410
0.8490
0.8220
0.8420
0.8481
0.8320
0.8530
0.8490
0.8550
0.8430
0.8360
0.8655
0.8250
0.8330
0.8580
0.8450
0.8570
0.8570
0.8560
0.8470
0.8600
0.8490
0.8180
0.8510
0.8460
0.8608
0.8560
0.8320
0.8460
0.8640
0.8580
0.8380
0.8275
0.8340
0.8590
0.8400
0.8650
0.8490
0.8350
0.8481
0.8360
0.8500
0.8540
0.8530
0.8440
0.8450
0.8528
0.8500
0.8350
0.8580
0.8400
0.8390
0.8530
0.8623
0.8360
0.8440
0.8280
0.8610
0.8460
0.8630
0.8608
0.8330
0.8300
0.8580
0.8710
0.8420
0.8670
0.8244
0.8410
0.8370
0.8600
0.8540
0.8530
0.8480
0.8354
0.8550
0.8490
0.8350
0.8360
0.8610
0.8450
0.8544
0.8530
0.8320
0.8490
0.8350
0.8610
0.8390
0.8734
0.8470
0.8410
0.8530
0.8570
0.8460
0.8360
0.8576
0.8790
0.8500
0.8260
0.8380
0.8480
0.8480
0.8449
0.8500
0.8410
0.8640
0.8550
0.8460
0.8360
0.8449
0.8500
0.8580
0.8450
0.8430
0.8490
0.8360
0.8623
0.8500
0.8370
0.8570
0.8430
0.8410
0.8520
0.8639
0.8280
0.8740
0.8400
0.8630
0.8590
0.8370
0.8386
0.8540
0.8460
0.8460
0.8400
0.8690
0.8450
0.8434
0.8630
0.8360
0.8320
0.8590
0.8570
0.8560
0.8386
0.8490
0.8430
0.8480
0.8460
0.8580
0.8580
0.8402
0.8600
0.8420
0.8550
0.8300
0.8370
0.8650
0.8639
0.8480
0.8510
0.8450
0.8740
0.8370
0.8500
0.8354
0.8600
0.8550
0.8360
0.8440
0.8350
0.8580
0.8639
0.8450
0.8640
0.8470
0.8510
0.8670
0.8430
0.8212
0.8320
0.8640
0.8410
0.8560
0.8430
0.8550
0.8592
0.8330
0.8510
0.8460
0.8630
0.8430
0.8560
0.8623
0.8530
0.8540
0.8450
0.8420
0.8510
0.8490
0.8623
0.8680
0.8410
0.8470
0.8450
0.8610
0.8280
0.8687
0.8410
0.8520
0.8490
0.8540
0.8470
0.8500
0.8639
0.8470
0.8410
0.8530
0.8430
0.8560
0.8490
0.8703
0.8560
0.8520
0.8470
0.8640
0.8450
0.8550
0.8212
0.8340
0.8510
0.8370
0.8630
0.8770
0.8370
0.8513
0.8410
0.8510
0.8580
0.8450
0.8410
0.8550
0.8639
0.8400
0.8570
0.8370
0.8390
0.8560
0.8660
0.8608
0.8610
0.8360
0.8380
0.8550
0.8500
0.8690
0.8386
0.8440
0.8490
0.8470
0.8650
0.8480
0.8410
0.8639
0.8660
0.8590
0.8350
0.8360
0.8560
0.8450
0.8592
0.8380
0.8590
0.8500
0.8320
0.8570
0.8650
0.8576
0.8420
0.8520
0.8590
0.8620
0.8500
0.8470
0.8402
0.8600
0.8550
0.8440
0.8550
0.8530
0.8490
0.8339
0.8480
0.8510
0.8450
0.8430
0.8450
0.8640
0.8687
0.8440
0.8660
0.8540
0.8630
0.8510
0.8300
0.8513
0.8710
0.8460
0.8550
0.8290
0.8460
0.8540
0.8639
0.8390
0.8460
0.8670
0.8520
0.8500
0.8530
0.8544
0.8570
0.8580
0.8310
0.8510
0.8480
0.8620
0.8497
0.8530
0.8450
0.8470
0.8550
0.8520
0.8550
0.8528
0.8460
0.8540
0.8320
0.8610
0.8480
0.8520
0.8766
0.8700
0.8510
0.8450
0.8520
0.8660
0.8410
0.8275
0.8710
0.8440
0.8390
0.8710
0.8320
0.8520
0.8497
0.8760
0.8440
0.8580
0.8620
0.8430
0.8400
0.8275
0.8570
0.8480
0.8520
0.8560
0.8580
0.8480
0.8354
0.8440
0.8610
0.8600
0.8670
0.8420
0.8560
0.8165
0.8500
0.8440
0.8490
0.8600
0.8510
0.8480
0.8639
0.8570
0.8680
0.8620
0.8630
0.8210
0.8380
0.8544
0.8450
0.8590
0.8560
0.8450
0.8560
0.8420
0.8655
0.8480
0.8430
0.8500
0.8520
0.8550
0.8640
0.8513
0.8510
0.8560
0.8440
0.8590
0.8570
0.8460
0.8528
0.8620
0.8630
0.8460
0.8270
0.8560
0.8610
0.8528
0.8650
0.8460
0.8590
0.8380
0.8530
0.8530
0.8544
0.8630
0.8480
0.8570
0.8420
0.8480
0.8400
0.8797
0.8560
0.8330
0.8410
0.8580
0.8720
0.8570
0.8513
0.8490
0.8560
0.8660
0.8410
0.8520
0.8550
0.8513
0.8630
0.8380
0.8540
0.8590
0.8470
0.8650
0.8449
0.8360
0.8460
0.8450
0.8630
0.8530
0.8680
0.8703
0.8570
0.8500
0.8650
0.8510
0.8640
0.8480
0.8339
0.8660
0.8570
0.8440
0.8350
0.8510
0.8650
0.8608
0.8230
0.8530
0.8550
0.8550
0.8600
0.8700
0.8639
0.8550
0.8510
0.8480
0.8540
0.8600
0.8440
0.8703
0.8660
0.8550
0.8510
0.8380
0.8570
0.8570
0.8528
0.8560
0.8480
0.8640
0.8510
0.8650
0.8490
0.8386
0.8380
0.8560
0.8480
0.8650
0.8630
0.8550
0.8528
0.8590
0.8670
0.8530
0.8450
0.8680
0.8390
0.8418
0.8600
0.8510
0.8630
0.8450
0.8600
0.8610
0.8291
0.8450
0.8550
0.8510
0.8730
0.8510
0.8460
0.8608
0.8450
0.8540
0.8450
0.8730
0.8560
0.8680
0.8307
0.8570
0.8330
0.8580
0.8530
0.8640
0.8640
0.8513
0.8640
0.8530
0.8410
0.8620
0.8590
0.8440
0.8608
0.8550
0.8530
0.8690
0.8340
0.8510
0.8490
0.8813
0.8710
0.8540
0.8330
0.8730
0.8580
0.8460
0.8449
0.8440
0.8530
0.8640
0.8500
0.8520
0.8660
0.8544
0.8400
0.8630
0.8590
0.8630
0.8440
0.8580
0.8592
0.8420
0.8480
0.8330
0.8610
0.8690
0.8630
0.8750
0.8340
0.8630
0.8490
0.8610
0.8660
0.8560
0.8560
0.8510
0.8410
0.8600
0.8580
0.8560
0.8640
0.8576
0.8500
0.8510
0.8500
0.8680
0.8530
0.8570
0.8592
0.8480
0.8620
0.8790
0.8620
0.8460
0.8500
0.8307
0.8540
0.8400
0.8480
0.8550
0.8550
0.8630
0.8813
0.8410
0.8530
0.8590
0.8570
0.8560
0.8610
0.8671
0.8850
0.8480
0.8530
0.8490
0.8420
0.8490
0.8687
0.8510
0.8560
0.8490
0.8560
0.8560
0.8510
0.8797
0.8630
0.8570
0.8650
0.8640
0.8480
0.8410
0.8544
0.8420
0.8670
0.8360
0.8570
0.8670
0.8480
0.8892
0.8610
0.8530
0.8580
0.8570
0.8610
0.8520
0.8513
0.8510
0.8560
0.8570
0.8630
0.8560
0.8610
0.8481
0.8520
0.8670
0.8540
0.8670
0.8470
0.8580
0.8497
0.8510
0.8540
0.8640
0.8450
0.8640
0.8550
0.8703
0.8570
0.8640
0.8280
0.8560
0.8630
0.8680
0.8655
0.8530
0.8710
0.8430
0.8440
0.8660
0.8460
0.8845
0.8590
0.8560
0.8570
0.8650
0.8450
0.8570
0.8623
0.8530
0.8760
0.8540
0.8490
0.8620
0.8510
0.8544
0.8660
0.8520
0.8590
0.8600
0.8500
0.8600
0.8513
0.8690
0.8570
0.8390
0.8810
0.8510
0.8540
0.8449
0.8460
0.8540
0.8470
0.8680
0.8600
0.8620
0.8655
0.8600
0.8580
0.8630
0.8520
0.8530
0.8610
0.8481
0.8690
0.8500
0.8580
0.8600
0.8490
0.8530
0.8592
0.8510
0.8500
0.8510
0.8580
0.8630
0.8550
0.8750
0.8460
0.8610
0.8540
0.8640
0.8740
0.8520
0.8386
0.8480
0.8570
0.8590
0.8600
0.8600
0.8500
0.8671
0.8420
0.8460
0.8720
0.8590
0.8540
0.8690
0.8544
0.8640
0.8580
0.8420
0.8520
0.8710
0.8580
0.8560
0.8530
0.8780
0.8560
0.8570
0.8610
0.8310
0.8703
0.8550
0.8660
0.8450
0.8670
0.8410
0.8660
0.8639
0.8540
0.8530
0.8600
0.8620
0.8570
0.8590
0.8560
0.8480
0.8500
0.8600
0.8680
0.8660
0.8510
0.8608
0.8660
0.8470
0.8560
0.8660
0.8610
0.8500
0.8576
0.8540
0.8580
0.8540
0.8720
0.8500
0.8510
0.8718
0.8530
0.8540
0.8540
0.8670
0.8560
0.8650
0.8592
0.8560
0.8450
0.8710
0.8570
0.8510
0.8730
0.8544
0.8520
0.8640
0.8660
0.8450
0.8740
0.8460
0.8655
0.8560
0.8740
0.8600
0.8640
0.8480
0.8520
0.8560
0.8660
0.8640
0.8410
0.8560
0.8530
0.8740
0.8576
0.8640
0.8450
0.8540
0.8550
0.8720
0.8710
0.8481
0.8450
0.8530
0.8490
0.8690
0.8820
0.8590
0.8560
0.8670
0.8450
0.8560
0.8600
0.8580
0.8740
0.8513
0.8550
0.8620
0.8660
0.8640
0.8570
0.8560
0.8528
0.8780
0.8630
0.8710
0.8540
0.8530
0.8500
0.8402
0.8620
0.8520
0.8610
0.8800
0.8600
0.8450
0.8544
0.8790
0.8750
0.8480
0.8280
0.8460
0.8760
0.8671
0.8650
0.8620
0.8720
0.8740
0.8460
0.8380
0.8592
0.8680
0.8520
0.8710
0.8720
0.8440
0.8590
0.8481
0.8670
0.8570
0.8430
0.8640
0.8690
0.8520
0.8718
0.8550
0.8470
0.8750
0.8610
0.8590
0.8600
0.8703
0.8720
0.8640
0.8670
0.8500
0.8520
0.8560
0.8655
0.8650
0.8550
0.8640
0.8700
0.8460
0.8720
0.8481
0.8760
0.8640
0.8720
0.8370
0.8620
0.8570
0.8560
0.8730
0.8750
0.8500
0.8480
0.8720
0.8510
0.8576
0.8710
0.8510
0.8690
0.8480
0.8590
0.8720
0.8560
0.8610
0.8730
0.8490
0.8600
0.8640
0.8660
0.8497
0.8800
0.8620
0.8540
0.8570
0.8760
0.8420
0.8528
0.8640
0.8680
0.8480
0.8490
0.8720
0.8720
0.8497
0.8590
0.8600
0.8670
0.8620
0.8480
0.8730
0.8576
0.8530
0.8440
0.8730
0.8680
0.8710
0.8530
0.8703
0.8650
0.8480
0.8620
0.8530
0.8570
0.8780
0.8671
0.8720
0.8720
0.8670
0.8440
0.8570
0.8600
0.8528
0.8580
0.8650
0.8510
0.8480
0.8790
0.8600
0.8687
0.8620
0.8730
0.8590
0.8640
0.8630
0.8570
0.8418
0.8550
0.8730
0.8670
0.8420
0.8610
0.8530
0.8845
0.8630
0.8640
0.8680
0.8470
0.8490
0.8630
0.8797
0.8530
0.8490
0.8630
0.8740
0.8820
0.8530
0.8497
0.8720
0.8470
0.8560
0.8670
0.8480
0.8680
0.8750
0.8650
0.8690
0.8500
0.8440
0.8740
0.8720
0.8497
0.8410
0.8610
0.8670
0.8620
0.8680
0.8640
0.8671
0.8730
0.8590
0.8710
0.8560
0.8570
0.8630
0.8418
0.8700
0.8560
0.8360
0.8720
0.8650
0.8670
0.8623
0.8730
0.8500
0.8570
0.8690
0.8780
0.8530
0.8434
0.8840
0.8660
0.8570
0.8420
0.8510
0.8660
0.8671
0.8710
0.8550
0.8650
0.8570
0.8600
0.8520
0.8766
0.8620
0.8710
0.8570
0.8710
0.8540
0.8530
0.8639
0.8630
0.8420
0.8720
0.8570
0.8720
0.8560
0.8734
0.8650
0.8700
0.8610
0.8580
0.8500
0.8660
0.8639
0.8710
0.8570
0.8600
0.8630
0.8620
0.8660
0.8481
0.8690
0.8560
0.8490
0.8640
0.8710
0.8600
0.8655
0.8510
0.8690
0.8850
0.8630
0.8620
0.8490
0.8528
0.8660
0.8670
0.8670
0.8540
0.8660
0.8550
0.8608
0.8420
0.8820
0.8580
0.8580
0.8680
0.8660
0.8639
0.8600
0.8570
0.8800
0.8630
0.8500
0.8700
0.8544
0.8480
0.8700
0.8780
0.8620
0.8680
0.8470
0.8655
0.8720
0.8720
0.8570
0.8690
0.8470
0.8680
0.8465
0.8740
0.8650
0.8490
0.8530
0.8570
0.8710
0.8718
0.8710
0.8790
0.8650
0.8470
0.8590
0.8390
0.8877
0.8600
0.8730
0.8630
0.8630
0.8540
0.8550
0.8750
0.8740
0.8510
0.8690
0.8490
0.8710
0.8640
0.8592
0.8770
0.8590
0.8560
0.8570
0.8700
0.8690
0.8418
0.8690
0.8480
0.8770
0.8770
0.8560
0.8640
0.8386
0.8650
0.8710
0.8580
0.8560
0.8580
0.8700
0.8623
0.8750
0.8630
0.8620
0.8540
0.8590
0.8700
0.8544
0.8590
0.8770
0.8430
0.8710
0.8630
0.8500
0.8845
0.8640
0.8570
0.8660
0.8570
0.8590
0.8560
0.8908
0.8580
0.8550
0.8750
0.8620
0.8620
0.8590
0.8734
0.8620
0.8610
0.8710
0.8620
0.8670
0.8630
0.8497
0.8550
0.8650
0.8750
0.8540
0.8620
0.8670
0.8639
0.8610
0.8620
0.8790
0.8600
0.8560
0.8620
0.8608
0.8580
0.8680
0.8590
0.8640
0.8660
0.8610
0.8718
0.8590
0.8780
0.8720
0.8650
0.8700
0.8450
0.8528
0.8620
0.8610
0.8630
0.8870
0.8550
0.8580
0.8576
0.8590
0.8550
0.8770
0.8800
0.8620
0.8530
0.8576
0.8730
0.8750
0.8650
0.8520
0.8560
0.8670
0.8592
0.8600
0.8580
0.8690
0.8650
0.8550
0.8660
0.8829
0.8690
0.8450
0.8890
0.8610
0.8600
0.8720
0.8481
0.8650
0.8740
0.8750
0.8760
0.8430
0.8650
0.8449
0.8730
0.8750
0.8670
0.8610
0.8580
0.8640
0.8449
0.8720
0.8550
0.8500
0.8620
0.8780
0.8580
0.8813
0.8790
0.8490
0.8590
0.8710
0.8690
0.8460
0.8861
0.8730
0.8510
0.8680
0.8580
0.8730
0.8660
0.8608
0.8530
0.8690
0.8650
0.8570
0.8750
0.8510
0.8924
0.8570
0.8680
0.8690
0.8710
0.8460
0.8710
0.8734
0.8690
0.8780
0.8570
0.8540
0.8560
0.8820
0.8497
0.8590
0.8550
0.8680
0.8670
0.8640
0.8680
0.8750
0.8840
0.8820
0.8600
0.8500
0.8580
0.8660
0.8449
0.8490
0.8660
0.8720
0.8640
0.8640
0.8630
0.8813
0.8690
0.8660
0.8650
0.8690
0.8540
0.8600
0.8750
0.8670
0.8580
0.8650
0.8500
0.8690
0.8680
0.8829
0.8580
0.8600
0.8750
0.8650
0.8590
0.8720
0.8639
0.8750
0.8560
0.8630
0.8710
0.8710
0.8690
0.8386
0.8790
0.8440
0.8540
0.8590
0.8770
0.8710
0.8734
0.8750
0.8690
0.8560
0.8610
0.8620
0.8640
0.8671
0.8680
0.8560
0.8540
0.8600
0.8660
0.8850
0.8655
0.8530
0.8830
0.8680
0.8710
0.8500
0.8550
0.8782
0.8610
0.8490
0.8760
0.8570
0.8720
0.8770
0.8608
0.8500
0.8800
0.8820
0.8460
0.8700
0.8540
0.8829
0.8590
0.8630
0.8500
0.8760
0.8790
0.8630
0.8703
0.8640
0.8660
0.8680
0.8720
0.8650
0.8690
0.8497
0.8490
0.8510
0.8940
0.8740
0.8580
0.8750
0.8513
0.8880
0.8640
0.8420
0.8870
0.8600
0.8520
0.8639
0.8890
0.8630
0.8690
0.8630
0.8500
0.8720
0.8449
0.8710
0.8340
0.8720
0.8610
0.8590
0.8810
0.8877
0.8540
0.8590
0.8510
0.8620
0.8770
0.8700
0.8956
0.8790
0.8670
0.8620
0.8630
0.8710
0.8530
0.8592
0.8790
0.8610
0.8470
0.8690
0.8610
0.8760
0.8639
0.8580
0.8780
0.8610
0.8750
0.8600
0.8730
0.8449
0.8660
0.8590
0.8630
0.8590
0.8640
0.8790
0.8687
0.8620
0.8690
0.8510
0.8730
0.8700
0.8620
0.8718
0.8660
0.8600
0.8590
0.8610
0.8580
0.8770
0.8813
0.8680
0.8600
0.8680
0.8690
0.8690
0.8620
0.8576
0.8700
0.8550
0.8650
0.8520
0.8720
0.8810
0.8592
0.8620
0.8650
0.8710
0.8650
0.8770
0.8590
0.8544
0.8940
0.8640
0.8690
0.8670
0.8590
0.8570
0.8402
0.8690
0.8640
0.8450
0.8670
0.8730
0.8710
0.8750
0.8730
0.8610
0.8620
0.8580
0.8750
0.8670
0.8639
0.8690
0.8560
0.8700
0.8800
0.8630
0.8720
0.8434
0.8780
0.8760
0.8740
0.8360
0.8730
0.8710
0.8465
0.8740
0.8530
0.8670
0.8690
0.8660
0.8650
0.8687
0.8630
0.8680
0.8580
0.8790
0.8580
0.8630
0.8782
0.8630
0.8600
0.8820
0.8710
0.8710
0.8570
0.8544
0.8680
0.8720
0.8730
0.8590
0.8730
0.8670
0.8418
0.8830
0.8540
0.8550
0.8820
0.8730
0.8630
0.8465
0.8560
0.8650
0.8770
0.8830
0.8700
0.8580
0.8497
0.8670
0.8610
0.8750
0.8700
0.8590
0.8810
0.8465
0.8530
0.8650
0.8640
0.8640
0.8700
0.8810
0.8734
0.8670
0.8630
0.8730
0.8730
0.8670
0.8570
0.8687
0.8700
0.8680
0.8380
0.8710
0.8800
0.8720
0.8718
0.8740
0.8680
0.8740
0.8670
0.8690
0.8550
0.8623
0.8700
0.8710
0.8660
0.8700
0.8540
0.8820
0.8560
0.8770
0.8580
0.8880
0.8620
0.8590
0.8550
0.8829
0.8570
0.8600
0.8700
0.8760
0.8640
0.8750
0.8766
0.8830
0.8640
0.8700
0.8490
0.8630
0.8820
0.8623
0.8570
0.8790
0.8580
0.8770
0.8530
0.8800
0.8750
0.8710
0.8630
0.8490
0.8760
0.8850
0.8680
0.8623
0.8710
0.8690
0.8500
0.8670
0.8800
0.8610
0.8813
0.8880
0.8690
0.8620
0.8790
0.8590
0.8460
0.8718
0.8690
0.8580
0.8650
0.8590
0.8680
0.8800
0.8766
0.8670
0.8670
0.8530
0.8630
0.8790
0.8670
0.8782
0.8570
0.8650
0.8680
0.8740
0.8870
0.8560
0.8639
0.8780
0.8790
0.8470
0.8740
0.8650
0.8590
0.8718
0.8480
0.8720
0.8840
0.8690
0.8660
0.8580
0.8797
0.8690
0.8780
0.8600
0.8590
0.8650
0.8750
0.8671
0.8710
0.8560
0.8570
0.8700
0.8730
0.8810
0.8655
0.8390
0.8760
0.8530
0.8830
0.8670
0.8810
0.8829
0.8650
0.8700
0.8720
0.8630
0.8840
0.8680
0.8497
0.8600
0.8700
0.8840
0.8710
0.8870
0.8420
0.8623
0.8740
0.8490
0.8660
0.8630
0.8640
0.8810
0.8892
0.8540
0.8620
0.8790
0.8790
0.8550
0.8680
0.8892
0.8730
0.8750
0.8830
0.8630
0.8700
0.8610
0.8481
0.8540
0.8750
0.8700
0.8770
0.8640
0.8700
0.8750
0.8830
0.8700
0.8740
0.8820
0.8540
0.8450
0.8782
0.8530
0.8670
0.8850
0.8700
0.8650
0.8730
0.8687
0.8570
0.8660
0.8780
0.8640
0.8810
0.8750
0.8560
0.8490
0.8860
0.8740
0.8770
0.8550
0.8770
0.8592
0.8540
0.8660
0.8700
0.8560
0.9010
0.8700
0.8592
0.8870
0.8750
0.8640
0.8600
0.8670
0.8670
0.8560
0.8690
0.8720
0.8630
0.8860
0.8680
0.8560
0.8655
0.8700
0.8620
0.8660
0.8750
0.8700
0.8640
0.8766
0.8740
0.8670
0.8680
0.8680
0.8780
0.8580
0.8703
0.8620
0.8760
0.8640
0.8820
0.8500
0.8700
0.8829
0.8620
0.8830
0.8630
0.8510
0.8610
0.8940
0.8671
0.8620
0.8700
0.8770
0.8710
0.8510
0.8740
0.8813
0.8730
0.8620
0.8720
0.8600
0.8680
0.8770
0.8703
0.8470
0.8610
0.8630
0.8850
0.8790
0.8660
0.8892
0.8680
0.8860
0.8700
0.8770
0.8510
0.8630
0.8687
0.8740
0.8550
0.8700
0.8660
0.8850
0.8690
0.8623
0.8710
0.8730
0.8540
0.8770
0.8670
0.8660
0.8829
0.8590
0.8730
0.8650
0.8800
0.8630
0.8640
0.8877
0.8690
0.8570
0.8760
0.8730
0.8860
0.8720
0.8434
0.8620
0.8610
0.8790
0.8650
0.8740
0.8680
0.8829
0.8540
0.8750
0.8550
0.8890
0.8670
0.8800
0.8655
0.8690
0.8810
0.8920
0.8560
0.8730
0.8590
0.8528
0.8720
0.8730
0.8630
0.8770
0.8550
0.8760
0.8750
0.8740
0.8730
0.8700
0.8640
0.8720
0.8570
0.8845
0.8730
0.8790
0.8690
0.8580
0.8830
0.8730
0.8449
0.8620
0.8690
0.8790
0.8590
0.8710
0.8660
0.8892
0.8690
0.8740
0.8510
0.8570
0.8780
0.8720
0.9019
0.8610
0.8780
0.8750
0.8760
0.8690
0.8650
0.8655
0.8700
0.8660
0.8620
0.8790
0.8590
0.8880
0.8655
0.8590
0.8920
0.8700
0.8690
0.8550
0.8750
0.8734
0.8670
0.8760
0.8660
0.8670
0.8630
0.8820
0.8734
0.8780
0.8700
0.8680
0.8790
0.8670
0.8710
0.8544
0.8740
0.8740
0.8690
0.8640
0.8740
0.8690
0.8687
0.8570
0.8950
0.8770
0.8770
0.8620
0.8610
0.8608
0.8690
0.8580
0.8820
0.8770
0.8600
0.8760
0.8718
0.8780
0.8620
0.8670
0.8710
0.8630
0.8810
0.8703
0.8660
0.8860
0.8490
0.8820
0.8910
0.8540
0.8592
0.8750
0.8680
0.8720
0.8690
0.8710
0.8740
0.8576
0.8820
0.8590
0.8730
0.8770
0.8710
0.8600
0.8671
0.8640
0.8730
0.8580
0.8780
0.8690
0.8760
0.8718
0.8720
0.8780
0.8650
0.8700
0.8660
0.8590
0.8877
0.8680
0.8590
0.8720
0.8760
0.8740
0.8750
0.8671
0.8750
0.8760
0.8650
0.8680
0.8890
0.8510
0.8687
0.8770
0.8770
0.8780
0.8660
0.8710
0.8500
0.8766
0.8620
0.8600
0.8770
0.8570
0.8750
0.8930
0.8671
0.8750
0.8640
0.8700
0.8730
0.8840
0.8570
0.8671
0.8630
0.8770
0.8630
0.8850
0.8750
0.8640
0.8608
0.8820
0.8710
0.8790
0.8580
0.8640
0.8820
0.8465
0.8650
0.8700
0.8710
0.8720
0.8720
0.8720
0.8687
0.8730
0.8680
0.8630
0.8850
0.8680
0.8700
0.8639
0.8550
0.8800
0.8680
0.8880
0.8680
0.8720
0.8592
0.8640
0.8730
0.8700
0.8830
0.8710
0.8540
0.8861
0.8770
0.8620
0.8970
0.8710
0.8600
0.8670
0.8576
0.8580
0.8740
0.8670
0.8580
0.8750
0.8880
0.8813
0.8770
0.8750
0.8690
0.8920
0.8570
0.8590
0.8671
0.8720
0.8660
0.8740
0.8620
0.8750
0.8780
0.8687
0.8750
0.8720
0.8670
0.8680
0.8780
0.8670
0.8687
0.8720
0.8750
0.8660
0.8770
0.8680
0.8780
0.8544
0.8480
0.8830
0.8700
0.8750
0.8700
0.8800
0.8703
0.8630
0.8700
0.8630
0.8780
0.8780
0.8790
0.8639
0.8690
0.8570
0.8710
0.8630
0.8830
0.8800
0.8797
0.8660
0.8720
0.8920
0.8460
0.8760
0.8660
0.8861
0.8780
0.8840
0.8620
0.8690
0.8760
0.8740
0.8481
0.8620
0.8800
0.8790
0.8600
0.8800
0.8810
0.8497
0.8770
0.8710
0.8700
0.8820
0.8640
0.8650
0.8718
0.8490
0.8880
0.8600
0.8750
0.8810
0.8740
0.8750
0.8820
0.8700
0.8620
0.8740
0.8690
0.8650
0.8877
0.8680
0.8700
0.8730
0.8920
0.8610
0.8640
0.8766
0.8770
0.8690
0.8780
0.8480
0.8930
0.8570
0.8877
0.8700
0.8770
0.8680
0.8470
0.8900
0.8680
0.8892
0.8750
0.8670
0.8650
0.8730
0.8730
0.8690
0.8892
0.8590
0.8680
0.8720
0.8700
0.8730
0.8900
0.8766
0.8720
0.8850
0.8630
0.8930
0.8710
0.8550
0.8608
0.8640
0.8830
0.8710
0.8630
0.8730
0.8680
0.8861
0.8770
0.8790
0.8670
0.8640
0.8880
0.8530
0.8782
0.8730
0.8650
0.8900
0.8730
0.8630
0.8600
0.8892
0.8700
0.8790
0.8710
0.8830
0.8680
0.8660
0.8718
0.8700
0.8800
0.8610
0.8850
0.8660
0.8830
0.8592
0.8650
0.8810
0.8740
0.8770
0.8670
0.8620
0.8877
0.8880
0.8720
0.8720
0.8720
0.8720
0.8680
0.8608
0.8680
0.8750
0.8750
0.8760
0.8870
0.8730
0.8481
0.8650
0.8760
0.8920
0.8770
0.8720
0.8610
0.8655
0.8610
0.8800
0.8780
0.8840
0.8740
0.8830
0.8402
0.8740
0.8800
0.8800
0.8620
0.8670
0.8790
0.8687
0.8760
0.8780
0.8820
0.8660
0.8710
0.8770
0.8560
0.8760
0.8850
0.8750
0.8710
0.8620
0.8730
0.8703
0.8660
0.8710
0.8770
0.8800
0.8750
0.8640
0.8877
0.8610
0.8990
0.8790
0.8710
0.8680
0.8760
0.8544
0.8630
0.8810
0.8690
0.8830
0.8690
0.8830
0.8639
0.8590
0.8750
0.8530
0.8820
0.8780
0.8820
0.8940
0.8610
0.8700
0.8800
0.8680
0.8840
0.8710
0.8861
0.8710
0.8810
0.8780
0.8580
0.8570
0.8940
0.8797
0.8700
0.8460
0.8890
0.8820
0.8730
0.8810
0.8766
0.8770
0.8580
0.8770
0.8750
0.8650
0.8920
0.8718
0.8890
0.8620
0.8840
0.8630
0.8780
0.8670
0.8750
0.8580
0.8780
0.8640
0.8890
0.8740
0.8800
0.8766
0.8720
0.8570
0.8710
0.8860
0.8750
0.8800
0.8829
0.8720
0.8800
0.8930
0.8660
0.8810
0.8640
0.8592
0.8720
0.8600
0.8820
0.8750
0.8620
0.8980
0.8703
0.8760
0.8660
0.8800
0.8690
0.8800
0.8750
0.8750
0.8640
0.8820
0.8840
0.8770
0.8710
0.8750
0.8639
0.8710
0.8620
0.8730
0.8660
0.8750
0.8950
0.8813
0.8680
0.8830
0.8830
0.8850
0.8720
0.8600
0.8639
0.8680
0.8770
0.8650
0.8600
0.8880
0.8760
0.8877
0.8570
0.8810
0.8590
0.8700
0.8850
0.8900
0.8734
0.8860
0.8710
0.8670
0.8660
0.8850
0.8720
0.8655
0.8760
0.8530
0.8790
0.8850
0.8720
0.8910
0.8481
0.8600
0.8860
0.8740
0.8750
0.8750
0.8700
0.8734
0.8610
0.8830
0.8700
0.8730
0.8730
0.8710
0.8877
0.8680
0.8760
0.8680
0.8690
0.8730
0.8830
0.8797
0.8750
0.8820
0.8690
0.8670
0.8750
0.8720
0.8766
0.8710
0.8850
0.8610
0.8720
0.8650
0.8730
0.9003
0.8790
0.8680
0.8840
0.8670
0.8670
0.8700
0.8877
0.8710
0.8790
0.8770
0.8620
0.8800
0.8730
0.8782
0.8670
0.8680
0.8810
0.8740
0.8790
0.8780
0.8718
0.8760
0.8700
0.8650
0.8790
0.8790
0.8810
0.8671
0.8740
0.9040
0.8650
0.8670
0.8640
0.8720
0.8718
0.8730
0.8870
0.8760
0.8820
0.8580
0.8730
0.8671
0.8750
0.8840
0.8730
0.8670
0.8830
0.8660
0.8671
0.8810
0.8820
0.8830
0.8640
0.8650
0.8780
0.8592
0.8650
0.8730
0.8920
0.8780
0.8690
0.8790
0.8560
0.8690
0.8780
0.8590
0.8750
0.8910
0.8660
0.8845
0.8730
0.8730
0.8690
0.8900
0.8760
0.8660
0.8703
0.8710
0.8740
0.8790
0.8670
0.8720
0.8880
0.8655
0.8890
0.8790
0.8570
0.8770
0.8670
0.8790
0.8718
0.8630
0.8590
0.8720
0.8800
0.8740
0.8820
0.8972
0.8860
0.8690
0.8790
0.8730
0.8750
0.8690
0.8671
0.8640
0.8890
0.8730
0.8520
0.8720
0.8860
0.8908
0.8800
0.8650
0.8750
0.8730
0.8630
0.8970
0.8623
0.8780
0.8760
0.8760
0.8620
0.8750
0.8910
0.8560
0.8530
0.8690
0.8800
0.8820
0.8780
0.8870
0.8718
0.8750
0.8800
0.8800
0.8600
0.8750
0.8790
0.8718
0.8570
0.8910
0.8780
0.8710
0.8840
0.8680
0.8734
0.8730
0.8910
0.9000
0.8700
0.8620
0.8670
0.8560
0.8790
0.8720
0.8470
0.8750
0.8850
0.8760
0.9035
0.8800
0.8720
0.8760
0.8850
0.8590
0.8790
0.8782
0.8640
0.8720
0.8740
0.8960
0.8600
0.8860
0.8782
0.8730
0.8950
0.8670
0.8620
0.8920
0.8760
0.8544
0.8790
0.8840
0.8980
0.8570
0.8640
0.8780
0.8623
0.8660
0.8760
0.8880
0.8870
0.8680
0.8810
0.8481
0.8820
0.8810
0.8820
0.8750
0.8560
0.8700
0.8797
0.8600
0.8800
0.8780
0.8950
0.8620
0.8670
0.8861
0.8790
0.8650
0.8700
0.8750
0.8810
0.8680
0.8972
0.8770
0.8740
0.8810
0.8750
0.8730
0.8750
0.8703
0.8810
0.8610
0.8890
0.8800
0.8850
0.8610
0.8671
0.8760
0.8780
0.8740
0.8680
0.8760
0.8770
0.8845
0.8910
0.8770
0.8670
0.8880
0.8730
0.8740
0.8513
0.8700
0.8810
0.8800
0.8790
0.8780
0.8700
0.8703
0.8880
0.8680
0.8810
0.8700
0.8800
0.8790
0.8576
0.8900
0.8750
0.8710
0.8680
0.8800
0.8690
0.8766
0.8720
0.8950
0.8810
0.8570
0.8840
0.8730
0.8639
0.8820
0.8580
0.8810
0.8830
0.8730
0.8750
0.8797
0.8840
0.8810
0.8750
0.8730
0.8740
0.8810
0.8544
0.8690
0.8740
0.8690
0.8850
0.8720
0.8820
0.8813
0.8610
0.8940
0.8550
0.8780
0.8800
0.8930
0.8671
0.8860
0.8780
0.8680
0.8730
0.8760
0.8810
0.8639
0.8840
0.8750
0.8570
0.8780
0.8820
0.8890
0.8592
0.8620
0.8720
0.8750
0.8790
0.8830
0.8750
0.8892
0.8820
0.8830
0.8720
0.8660
0.8740
0.8720
0.8845
0.8780
0.8830
0.8620
0.8700
0.8900
0.8730
0.8750
0.8690
0.8760
0.8870
0.8750
0.8700
0.8770
0.8782
0.8750
0.8780
0.8740
0.8750
0.8710
0.8870
0.8703
0.8690
0.8930
0.8790
0.8780
0.8760
0.8670
0.8655
0.8680
0.8560
0.8810
0.8870
0.8820
0.8870
0.8671
0.8670
0.8920
0.8710
0.8650
0.8930
0.8580
0.8924
0.8840
0.8800
0.8590
0.8770
0.8820
0.8740
0.8766
0.8590
0.8800
0.8740
0.8680
0.8800
0.8870
0.8892
0.8870
0.8830
0.8750
0.8710
0.8840
0.8580
0.8734
0.8810
0.8820
0.8780
0.8660
0.8730
0.8760
0.8766
0.8730
0.8950
0.8730
0.8700
0.8600
0.8830
0.8797
0.8530
0.8780
0.8830
0.8810
0.8860
0.8840
0.8623
0.8740
0.8650
0.8820
0.8860
0.8800
0.8750
0.8671
0.9000
0.8670
0.8700
0.8850
0.8670
0.8690
0.8734
0.8810
0.8640
0.8850
0.8790
0.8900
0.8640
0.8671
0.8900
0.8590
0.8740
0.8950
0.8790
0.8570
0.8813
0.8710
0.8850
0.8660
0.8680
0.8780
0.8840
0.8861
0.8750
0.8830
0.8770
0.8870
0.8710
0.8640
0.8797
0.8740
0.8710
0.8910
0.8710
0.8540
0.8810
0.9035
0.8900
0.8680
0.8710
0.8840
0.8600
0.8770
0.8892
0.8820
0.8660
0.8900
0.8720
0.8790
0.8730
0.8703
0.8810
0.8880
0.8820
0.8640
0.8790
0.8620
0.8813
0.8930
0.8580
0.8780
0.8800
0.8930
0.8710
0.8528
0.8640
0.8920
0.8740
0.8920
0.8720
0.8730
0.8623
0.8700
0.8730
0.8800
0.8720
0.8850
0.8720
0.8861
0.8760
0.8640
0.8760
0.8810
0.8780
0.8950
0.8592
0.8830
0.8550
0.8900
0.8770
0.8910
0.8620
0.8782
0.8710
0.8810
0.8770
0.8760
0.8620
0.8850
0.8877
0.8800
0.8760
0.8790
0.8600
0.8680
0.8870
0.8908
0.8750
0.8980
0.8730
0.8720
0.8740
0.8690
0.8734
0.8770
0.8800
0.8610
0.8920
0.8800
0.8620
0.8877
0.8590
0.9030
0.8810
0.8730
0.8780
0.8680
0.8718
0.8700
0.8950
0.8600
0.8770
0.8800
0.8800
0.8718
0.8700
0.8790
0.8900
0.8800
0.8750
0.8660
0.8750
0.8790
0.8690
0.8730
0.8770
0.8750
0.8830
0.8797
0.8780
0.8910
0.8770
0.8580
0.8980
0.8710
0.8528
0.8790
0.8670
0.8890
0.8630
0.8620
0.8890
0.8908
0.8590
0.8780
0.8670
0.8860
0.8690
0.8880
0.8940
0.8680
0.8740
0.8760
0.8790
0.8570
0.8890
0.8987
0.8770
0.8800
0.8790
0.8580
0.8750
0.8730
0.8972
0.8880
0.8820
0.8770
0.8830
0.8610
0.8820
0.8481
0.8920
0.8590
0.8810
0.8750
0.8600
0.8800
0.8892
0.8710
0.8890
0.8710
0.8770
0.8790
0.8680
0.8766
0.8750
0.8790
0.8690
0.8660
0.8860
0.8960
0.8528
0.8690
0.8730
0.8630
0.8900
0.8730
0.8840
0.8813
0.8850
0.8660
0.8810
0.8670
0.8850
0.8730
0.8766
0.8840
0.8850
0.8820
0.8700
0.8760
0.8690
0.8608
0.8630
0.8690
0.8780
0.8830
0.8760
0.8850
0.8797
0.8660
0.8800
0.8530
0.8810
0.9030
0.8780
0.8671
0.8830
0.8620
0.8800
0.8850
0.8820
0.8690
0.8687
0.8720
0.8810
0.8790
0.8780
0.8730
0.8920
0.8497
0.8770
0.8700
0.8810
0.8910
0.8740
0.8690
0.8718
0.8880
0.8880
0.8580
0.8700
0.8740
0.8830
0.8750
0.8790
0.8760
0.8830
0.8700
0.8720
0.8830
0.8718
0.8910
0.8740
0.8760
0.8830
0.8700
0.8670
0.8766
0.8650
0.8690
