0.1050
0.1230
0.1340
0.1227
0.1280
0.1260
0.1100
0.1546
0.1300
0.1450
0.1370
0.1395
0.1700
0.1450
0.1450
0.1529
0.1670
0.1780
0.1780
0.1815
0.2070
0.1980
0.2070
0.1966
0.2300
0.2320
0.2350
0.2252
0.2700
0.2470
0.2750
0.2924
0.2870
0.3100
0.3010
0.3277
0.3370
0.3430
0.3460
0.3546
0.3700
0.3910
0.3900
0.3782
0.4210
0.4110
0.4220
0.4319
0.4770
0.4370
0.4410
0.4454
0.4720
0.4720
0.4780
0.4840
0.5020
0.4640
0.5070
0.5143
0.4930
0.5200
0.5040
0.5176
0.5320
0.5270
0.5120
0.5261
0.5330
0.5250
0.5400
0.5765
0.5550
0.5160
0.5580
0.5916
0.5540
0.5690
0.5570
0.5832
0.5780
0.5690
0.5750
0.5681
0.5790
0.5690
0.5930
0.6067
0.6140
0.5920
0.5950
0.5664
0.5990
0.5970
0.5940
0.6370
0.6080
0.6320
0.6150
0.6000
0.6100
0.6330
0.6440
0.6017
0.6430
0.6370
0.6330
0.6269
0.6510
0.6250
0.6570
0.6672
0.6530
0.6670
0.6630
0.6303
0.6530
0.6490
0.6660
0.7059
0.6710
0.6800
0.6770
0.6605
0.6910
0.6660
0.6970
0.6655
0.6810
0.6900
0.7060
0.6924
0.7020
0.6820
0.6740
0.7378
0.6870
0.7170
0.6920
0.7092
0.6830
0.7280
0.7000
0.7193
0.6860
0.7220
0.7180
0.7395
0.7210
0.6960
0.7260
0.7597
0.7310
0.7560
0.6830
0.7546
0.7330
0.7310
0.7390
0.7311
0.7530
0.7420
0.7310
0.7143
0.7400
0.7390
0.7350
0.7782
0.7340
0.7560
0.7570
0.7496
0.7490
0.7600
0.7660
0.7445
0.7570
0.7570
0.7490
0.7849
0.7670
0.7700
0.7670
0.7328
0.7480
0.7640
0.7700
0.7815
0.7650
0.7680
0.7800
0.7445
0.7660
0.7630
0.7740
0.7714
0.7620
0.7650
0.7720
0.7782
0.7690
0.7590
0.7680
0.7849
0.7730
0.7720
0.7690
0.7563
0.7710
0.7720
0.7560
0.7782
0.7590
0.7700
0.7670
0.7798
0.7650
0.7850
0.7660
0.7697
0.7850
0.7630
0.7620
0.7849
0.7770
0.7950
0.7580
0.7580
0.7800
0.7590
0.8020
0.7664
0.7890
0.7720
0.7710
0.8000
0.8040
0.7680
0.7760
0.7899
0.7780
0.7780
0.7930
0.7983
0.7770
0.7900
0.7900
0.7983
0.7730
0.7860
0.8060
0.8017
0.7920
0.7970
0.8030
0.7697
0.7960
0.8040
0.7920
0.7815
0.7880
0.8000
0.8050
0.7782
0.7880
0.8080
0.7810
0.8151
0.8090
0.7950
0.7980
0.7832
0.7900
0.8150
0.8140
0.7664
0.7990
0.7930
0.8040
0.8084
0.8040
0.7950
0.8090
0.7966
0.7800
0.7960
0.8180
0.8252
0.8000
0.7990
0.8100
0.8067
0.8060
0.8200
0.7940
0.7983
0.8170
0.7900
0.8110
0.8017
0.8120
0.8050
0.7990
0.8101
0.7970
0.8140
0.8160
0.8034
0.8240
0.8050
0.7970
0.8151
0.8130
0.8020
0.8110
0.8269
0.8120
0.8130
0.8130
0.8118
0.8140
0.8080
0.8330
0.7933
0.8190
0.8140
0.8110
0.8168
0.8250
0.8160
0.8050
0.8202
0.8190
0.8120
0.8010
0.8504
0.8200
0.8040
0.8310
0.8168
0.8300
0.8310
0.8070
0.8067
0.8340
0.8070
0.8080
0.8420
0.8360
0.8270
0.8030
0.8134
0.8430
0.8160
0.8160
0.7983
0.8140
0.8250
0.8130
0.8437
0.8250
0.8230
0.8380
0.7933
0.8270
0.8190
0.8330
0.8050
0.8400
0.8370
0.8010
0.8067
0.8350
0.8180
0.8280
0.8101
0.8060
0.8350
0.8330
0.8336
0.8260
0.8260
0.8350
0.8134
0.8210
0.8400
0.8280
0.8084
0.8290
0.8220
0.8200
0.8420
0.8250
0.8280
0.8250
0.8319
0.8300
0.8210
0.8230
0.8370
0.8330
0.8330
0.8030
0.8521
0.8330
0.8280
0.8340
0.8067
0.8250
0.8170
0.8390
0.8286
0.8220
0.8180
0.8450
0.8218
0.8180
0.8330
0.8350
0.8252
0.8160
0.8270
0.8370
0.8403
0.8260
0.8310
0.8320
0.8269
0.8250
0.8190
0.8200
0.8689
0.8070
0.8460
0.8210
0.8571
0.8260
0.8130
0.8310
0.8672
0.8440
0.8300
0.8170
0.8319
0.8330
0.8260
0.8300
0.8319
0.8400
0.8350
0.8160
0.8286
0.8310
0.8210
0.8380
0.8303
0.8250
0.8280
0.8370
0.8353
0.8300
0.8430
0.8260
0.8218
0.8140
0.8350
0.8360
0.8487
0.8380
0.8210
0.8350
0.8403
0.8410
0.8330
0.8220
0.8403
0.8310
0.8380
0.8380
0.8235
0.8240
0.8300
0.8340
0.8588
0.8350
0.8350
0.8360
0.8286
0.8290
0.8220
0.8590
0.8269
0.8500
0.8250
0.8360
0.8269
0.8370
0.8300
0.8360
0.8454
0.7990
0.8520
0.8540
0.8487
0.8360
0.8510
0.8220
0.8437
0.8360
0.8460
0.8390
0.8269
0.8280
0.8520
0.8240
0.8588
0.8490
0.8320
0.8360
0.8387
0.8470
0.8280
0.8410
0.8437
0.8350
0.8280
0.8450
0.8588
0.8330
0.8280
0.8490
0.8588
0.8390
0.8640
0.8440
0.7983
0.8390
0.8440
0.8310
0.8521
0.8280
0.8640
0.8310
0.8403
0.8530
0.8230
0.8450
0.8504
0.8570
0.8460
0.8390
0.8185
0.8190
0.8510
0.8630
0.8336
0.8360
0.8410
0.8430
0.8605
0.8330
0.8550
0.8470
0.8370
0.8600
0.8440
0.8270
0.8437
0.8320
0.8490
0.8470
0.8521
0.8460
0.8410
0.8350
0.8622
0.8480
0.8530
0.8410
0.8319
0.8520
0.8370
0.8390
0.8555
0.8420
0.8460
0.8520
0.8353
0.8500
0.8450
0.8430
0.8387
0.8270
0.8540
0.8560
0.8437
0.8460
0.8510
0.8410
0.8437
0.8500
0.8380
0.8510
0.8454
0.8430
0.8520
0.8400
0.8521
0.8330
0.8460
0.8690
0.8336
0.8550
0.8390
0.8500
0.8387
0.8430
0.8440
0.8370
0.8723
0.8530
0.8500
0.8520
0.8218
0.8380
0.8600
0.8440
0.8437
0.8570
0.8440
0.8510
0.8286
0.8500
0.8540
0.8350
0.8538
0.8310
0.8590
0.8520
0.8504
0.8450
0.8310
0.8620
0.8588
0.8230
0.8580
0.8680
0.8403
0.8450
0.8530
0.8470
0.8471
0.8520
0.8400
0.8540
0.8454
0.8550
0.8540
0.8370
0.8454
0.8370
0.8480
0.8590
0.8487
0.8420
0.8510
0.8470
0.8555
0.8530
0.8360
0.8590
0.8420
0.8500
0.8420
0.8520
0.8538
0.8510
0.8350
0.8660
0.8403
0.8680
0.8290
0.8460
0.8588
0.8600
0.8350
0.8520
0.8521
0.8610
0.8570
0.8470
0.8218
0.8590
0.8530
0.8430
0.8403
0.8460
0.8450
0.8380
0.8840
0.8590
0.8580
0.8400
0.8403
0.8480
0.8480
0.8540
0.8521
0.8470
0.8380
0.8590
0.8655
0.8500
0.8660
0.8470
0.8353
0.8380
0.8630
0.8540
0.8487
0.8530
0.8550
0.8490
0.8504
0.8540
0.8580
0.8440
0.8521
0.8670
0.8360
0.8390
0.8756
0.8550
0.8570
0.8490
0.8437
0.8440
0.8640
0.8560
0.8387
0.8620
0.8440
0.8520
0.8487
0.8490
0.8270
0.8670
0.8790
0.8440
0.8630
0.8480
0.8639
0.8570
0.8490
0.8510
0.8622
0.8550
0.8560
0.8520
0.8521
0.8520
0.8440
0.8530
0.8756
0.8660
0.8510
0.8500
0.8437
0.8600
0.8540
0.8390
0.8689
0.8570
0.8620
0.8490
0.8437
0.8510
0.8450
0.8570
0.8689
0.8540
0.8480
0.8470
0.8756
0.8620
0.8530
0.8440
0.8588
0.8540
0.8590
0.8500
0.8521
0.8760
0.8430
0.8390
0.8605
0.8600
0.8420
0.8500
0.8723
0.8340
0.8610
0.8580
0.8723
0.8440
0.8610
0.8550
0.8622
0.8490
0.8580
0.8530
0.8639
0.8360
0.8620
0.8680
0.8588
0.8470
0.8670
0.8500
0.8639
0.8780
0.8440
0.8530
0.8471
0.8450
0.8560
0.8670
0.8622
0.8750
0.8650
0.8430
0.8370
0.8440
0.8630
0.8580
0.8689
0.8460
0.8660
0.8540
0.8689
0.8560
0.8640
0.8520
0.8588
0.8580
0.8460
0.8610
0.8739
0.8590
0.8510
0.8580
0.8689
0.8590
0.8640
0.8490
0.8622
0.8580
0.8630
0.8470
0.8689
0.8530
0.8640
0.8590
0.8555
0.8610
0.8550
0.8600
0.8555
0.8680
0.8500
0.8590
0.8538
0.8730
0.8610
0.8520
0.8387
0.8500
0.8850
0.8380
0.8622
0.8380
0.8650
0.8680
0.8655
0.8540
0.8520
0.8620
0.8689
0.8580
0.8550
0.8550
0.8706
0.8680
0.8570
0.8450
0.8672
0.8700
0.8540
0.8500
0.8639
0.8490
0.8460
0.8640
0.8891
0.8650
0.8430
0.8590
0.8756
0.8470
0.8670
0.8540
0.8756
0.8710
0.8640
0.8470
0.8521
0.8550
0.8640
0.8560
0.8639
0.8610
0.8480
0.8660
0.8622
0.8490
0.8760
0.8630
0.8420
0.8610
0.8560
0.8630
0.8571
0.8560
0.8520
0.8570
0.8807
0.8450
0.8810
0.8540
0.8538
0.8670
0.8670
0.8610
0.8269
0.8630
0.8530
0.8570
0.8639
0.8450
0.8660
0.8610
0.8639
0.8600
0.8490
0.8680
0.8571
0.8540
0.8520
0.8730
0.8538
0.8700
0.8600
0.8450
0.8605
0.8700
0.8490
0.8610
0.8521
0.8570
0.8850
0.8400
0.8521
0.8830
0.8400
0.8620
0.8487
0.8510
0.8540
0.8660
0.8739
0.8630
0.8590
0.8690
0.8403
0.8580
0.8580
0.8580
0.8706
0.8590
0.8610
0.8580
0.8639
0.8740
0.8560
0.8460
0.8689
0.8670
0.8380
0.8780
0.8571
0.8660
0.8710
0.8510
0.8504
0.8350
0.8710
0.8740
0.8672
0.8710
0.8600
0.8590
0.8504
0.8650
0.8560
0.8640
0.8588
0.8610
0.8540
0.8710
0.8555
0.8660
0.8560
0.8590
0.8639
0.8550
0.8530
0.8660
0.8756
0.8540
0.8630
0.8600
0.8706
0.8580
0.8640
0.8600
0.8639
0.8530
0.8650
0.8650
0.8622
0.8630
0.8500
0.8570
0.8874
0.8740
0.8590
0.8510
0.8639
0.8640
0.8830
0.8460
0.8487
0.8580
0.8690
0.8640
0.8538
0.8640
0.8590
0.8690
0.8555
0.8810
0.8310
0.8650
0.8807
0.8840
0.8700
0.8430
0.8471
0.8680
0.8540
0.8610
0.8723
0.8500
0.8770
0.8620
0.8622
0.8600
0.8700
0.8600
0.8605
0.8620
0.8520
0.8680
0.8739
0.8560
0.8620
0.8690
0.8655
0.8580
0.8720
0.8580
0.8639
0.8660
0.8680
0.8580
0.8571
0.8640
0.8630
0.8670
0.8555
0.8630
0.8700
0.8490
0.8756
0.8700
0.8520
0.8750
0.8504
0.8860
0.8500
0.8470
0.8739
0.8640
0.8640
0.8630
0.8639
0.8700
0.8580
0.8670
0.8571
0.8620
0.8650
0.8590
0.8723
0.8750
0.8500
0.8610
0.8723
0.8500
0.8780
0.8440
0.8958
0.8740
0.8560
0.8640
0.8605
0.8660
0.8700
0.8500
0.8773
0.8490
0.8640
0.8680
0.8857
0.8680
0.8690
0.8690
0.8437
0.8580
0.8760
0.8580
0.8672
0.8710
0.8560
0.8680
0.8622
0.8620
0.8570
0.8690
0.8739
0.8660
0.8800
0.8370
0.8824
0.8550
0.8740
0.8670
0.8622
0.8640
0.8530
0.8770
0.8672
0.8720
0.8610
0.8680
0.8571
0.8620
0.8770
0.8590
0.8622
0.8710
0.8660
0.8630
0.8605
0.8690
0.8650
0.8620
0.8689
0.8520
0.8840
0.8660
0.8588
0.8730
0.8800
0.8510
0.8571
0.8490
0.8680
0.8740
0.8773
0.8700
0.8540
0.8680
0.8756
0.8720
0.8570
0.8710
0.8622
0.8730
0.8670
0.8490
0.8807
0.8790
0.8670
0.8520
0.8672
0.8790
0.8580
0.8580
0.8739
0.8530
0.8870
0.8610
0.8622
0.8650
0.8710
0.8660
0.8605
0.8700
0.8550
0.8790
0.8571
0.8670
0.8700
0.8570
0.8739
0.8720
0.8590
0.8600
0.8807
0.8810
0.8790
0.8450
0.8571
0.8770
0.8520
0.8770
0.8571
0.8780
0.8620
0.8660
0.8571
0.8590
0.8730
0.8770
0.8521
0.8700
0.8780
0.8590
0.8538
0.8560
0.8710
0.8730
0.8655
0.8750
0.8510
0.8800
0.8555
0.8790
0.8750
0.8540
0.8538
0.8670
0.8740
0.8700
0.8471
0.8740
0.8620
0.8590
0.8739
0.8650
0.8510
0.8740
0.8824
0.8680
0.8630
0.8670
0.8689
0.8780
0.8670
0.8610
0.8555
0.8790
0.8440
0.8830
0.8571
0.8540
0.8730
0.8660
0.8807
0.8650
0.8590
0.8680
0.8807
0.8800
0.8700
0.8660
0.8403
0.8610
0.8730
0.8570
0.8824
0.8620
0.8760
0.8640
0.8655
0.8720
0.8590
0.8650
0.8756
0.8640
0.8710
0.8560
0.8840
0.8650
0.8590
0.8770
0.8672
0.8780
0.8640
0.8530
0.8756
0.8770
0.8500
0.8740
0.8672
0.8710
0.8460
0.8790
0.8756
0.8690
0.8630
0.8760
0.8555
0.8840
0.8570
0.8610
0.8672
0.8810
0.8700
0.8630
0.8471
0.8620
0.8600
0.8810
0.8672
0.8760
0.8800
0.8510
0.8605
0.8710
0.8800
0.8420
0.8840
0.8660
0.8870
0.8390
0.8874
0.8670
0.8520
0.8800
0.8790
0.8680
0.8680
0.8670
0.8723
0.8510
0.8740
0.8670
0.8908
0.8760
0.8700
0.8620
0.8639
0.8780
0.8570
0.8660
0.8756
0.8760
0.8820
0.8560
0.8538
0.8680
0.8620
0.8790
0.8605
0.8590
0.8740
0.8630
0.8824
0.8690
0.8640
0.8820
0.8504
0.8570
0.8660
0.8720
0.8840
0.8840
0.8610
0.8590
0.8689
0.8720
0.8740
0.8620
0.8622
0.8630
0.8710
0.8740
0.8605
0.8890
0.8410
0.8710
0.8756
0.8650
0.8680
0.8720
0.8689
0.8590
0.8710
0.8670
0.8824
0.8660
0.8670
0.8720
0.8689
0.8900
0.8760
0.8680
0.8202
0.8810
0.8530
0.8670
0.8756
0.8620
0.8840
0.8620
0.8655
0.8630
0.8750
0.8720
0.8639
0.8670
0.8710
0.8840
0.8454
0.8660
0.8820
0.8670
0.8571
0.8700
0.8760
0.8610
0.8723
0.8650
0.8720
0.8680
0.8773
0.8810
0.8660
0.8660
0.8639
0.8550
0.8740
0.8600
0.9025
0.8810
0.8620
0.8680
0.8672
0.8620
0.8840
0.8670
0.8639
0.8690
0.8720
0.8730
0.8622
0.8680
0.8680
0.8760
0.8672
0.8670
0.8660
0.8710
0.8807
0.8660
0.8850
0.8540
0.8790
0.8620
0.8780
0.8690
0.8706
0.8670
0.8740
0.8790
0.8538
0.8790
0.8620
0.8660
0.8773
0.8700
0.8720
0.8830
0.8471
0.8660
0.8800
0.8710
0.8588
0.8630
0.8730
0.8720
0.8739
0.8600
0.8700
0.8740
0.8807
0.8720
0.8720
0.8670
0.8689
0.8810
0.8500
0.8780
0.8739
0.8670
0.8610
0.8710
0.8924
0.8810
0.8760
0.8630
0.8555
0.8660
0.8790
0.8640
0.8739
0.8720
0.8680
0.8610
0.8874
0.8640
0.8780
0.8670
0.8756
0.8820
0.8740
0.8690
0.8504
0.8780
0.8620
0.8840
0.8538
0.8640
0.8610
0.8930
0.8639
0.8690
0.8560
0.8830
0.8807
0.8620
0.8730
0.8800
0.8689
0.8660
0.8790
0.8770
0.8571
0.8600
0.8860
0.8660
0.8739
0.8670
0.8760
0.8710
0.8706
0.8760
0.8710
0.8740
0.8605
0.8640
0.8740
0.8770
0.8706
0.8750
0.8680
0.8730
0.8689
0.8810
0.8650
0.8690
0.8706
0.8670
0.8830
0.8610
0.8773
0.8530
0.8700
0.8910
0.8723
0.8640
0.8700
0.8760
0.8790
0.8960
0.8590
0.8690
0.8555
0.8650
0.8680
0.8830
0.8689
0.8790
0.8710
0.8710
0.8605
0.8640
0.8780
0.8650
0.8840
0.8880
0.8690
0.8590
0.8689
0.8790
0.8730
0.8590
0.8790
0.8660
0.8730
0.8680
0.8857
0.8810
0.8770
0.8630
0.8622
0.8500
0.8760
0.8840
0.8807
0.8730
0.8650
0.8800
0.8672
0.8690
0.8760
0.8780
0.8588
0.8780
0.8690
0.8690
0.8706
0.8570
0.8850
0.8810
0.8588
0.8720
0.8870
0.8500
0.8824
0.8680
0.8600
0.8710
0.9008
0.8470
0.8770
0.8720
0.9059
0.8720
0.8690
0.8940
0.8437
0.8760
0.8790
0.8650
0.8689
0.8740
0.8730
0.8720
0.8706
0.8770
0.8750
0.8740
0.8588
0.8730
0.8750
0.8720
0.8689
0.8830
0.8730
0.8620
0.8739
0.8620
0.8790
0.8760
0.8756
0.8720
0.8740
0.8700
0.8773
0.8820
0.8630
0.8670
0.8840
0.8940
0.8710
0.8730
0.8403
0.8920
0.8680
0.8640
0.8655
0.8680
0.8670
0.8900
0.8639
0.8730
0.8750
0.8690
0.8773
0.8880
0.8770
0.8660
0.8538
0.8910
0.8680
0.8660
0.8639
0.8700
0.8930
0.8750
0.8437
0.8800
0.8710
0.8710
0.8706
0.8640
0.8810
0.8540
0.9092
0.8680
0.8670
0.8770
0.8874
0.8600
0.8810
0.8790
0.8773
0.8690
0.8800
0.8710
0.8773
0.8730
0.8720
0.8750
0.8756
0.8810
0.8610
0.8840
0.8655
0.8760
0.8830
0.8590
0.8790
0.8700
0.8800
0.8820
0.8555
0.8860
0.8670
0.8780
0.8571
0.8750
0.8810
0.8620
0.8807
0.8770
0.8710
0.8680
0.8840
0.8680
0.8670
0.8870
0.8739
0.8730
0.8900
0.8570
0.8773
0.8650
0.8750
0.8650
0.9042
0.8710
0.8770
0.8900
0.8487
0.8770
0.8610
0.8860
0.8723
0.8920
0.8600
0.8750
0.8672
0.8560
0.8720
0.8970
0.8723
0.8700
0.8750
0.8800
0.8723
0.8630
0.8740
0.8810
0.8840
0.8790
0.8780
0.8630
0.8807
0.8750
0.8680
0.8780
0.8773
0.8780
0.8680
0.8830
0.8639
0.8750
0.8690
0.8720
0.8857
0.8840
0.8710
0.8740
0.8639
0.8770
0.8690
0.8880
0.8571
0.8780
0.8620
0.8800
0.8807
0.8690
0.8720
0.8850
0.8706
0.8770
0.8760
0.8730
0.8706
0.8710
0.8780
0.8680
0.8857
0.8780
0.8710
0.8720
0.8790
0.8670
0.8720
0.8810
0.8824
0.8730
0.8740
0.8810
0.8706
0.8780
0.8760
0.8720
0.8739
0.8710
0.8860
0.8650
0.8807
0.8590
0.8930
0.8710
0.8790
0.8750
0.8820
0.8750
0.8622
0.8840
0.8670
0.8780
0.8672
0.8690
0.8750
0.8750
0.8840
0.8760
0.8860
0.8700
0.8622
0.8770
0.8580
0.8780
0.8941
0.8740
0.8860
0.8740
0.8605
0.8750
0.8870
0.8770
0.8521
0.8710
0.8630
0.8880
0.8807
0.8700
0.8690
0.8810
0.8857
0.8890
0.8730
0.8730
0.8622
0.8750
0.8780
0.8690
0.8840
0.8680
0.8870
0.8720
0.8756
0.8690
0.8810
0.8710
0.8840
0.8740
0.8880
0.8690
0.8672
0.8730
0.8750
0.8840
0.8655
0.8680
0.8860
0.8800
0.8622
0.8810
0.8770
0.8830
0.8504
0.8590
0.8760
0.8810
0.8924
0.8730
0.8730
0.8860
0.8655
0.8800
0.8690
0.8750
0.8790
0.8730
0.8830
0.8760
0.8655
0.8800
0.8730
0.8760
0.8689
0.8710
0.8800
0.8780
0.8689
0.8630
0.8710
0.8940
0.8706
0.8590
0.8710
0.8820
0.8975
0.8830
0.8620
0.8720
0.8891
0.8800
0.8810
0.8750
0.8571
0.8730
0.8730
0.8810
0.8723
0.8690
0.8860
0.8800
0.8588
0.8640
0.8820
0.8770
0.8790
0.8840
0.8670
0.8860
0.8555
0.8820
0.8780
0.8620
0.8807
0.8680
0.8840
0.8900
0.8471
0.8750
0.8930
0.8590
0.8723
0.8780
0.8710
0.8780
0.8723
0.8830
0.8620
0.8800
0.8756
0.8710
0.8710
0.8850
0.8723
0.8760
0.8890
0.8540
0.8874
0.8650
0.8780
0.8730
0.8924
0.8900
0.8690
0.8700
0.8723
0.8870
0.8660
0.8680
0.8857
0.8740
0.8820
0.8690
0.8790
0.8730
0.8730
0.8730
0.8874
0.8700
0.8810
0.8820
0.8639
0.8640
0.8780
0.8940
0.8622
0.8670
0.8770
0.8810
0.8824
0.8900
0.8740
0.8720
0.8639
0.8400
0.8810
0.8940
0.8992
0.8720
0.8730
0.8750
0.8908
0.8700
0.8710
0.8990
0.8571
0.8760
0.8590
0.8930
0.8773
0.8840
0.8840
0.8580
0.8824
0.8790
0.8890
0.8620
0.8756
0.8740
0.8880
0.8700
0.8723
0.8790
0.8790
0.8670
0.8840
0.8800
0.8720
0.8760
0.8790
0.8800
0.8760
0.8850
0.8571
0.8840
0.8650
0.8780
0.8807
0.8760
0.8790
0.8600
0.9025
0.8870
0.8810
0.8670
0.8689
0.8730
0.8830
0.8710
0.8824
0.8930
0.8640
0.8720
0.8790
0.8760
0.8880
0.8780
0.8571
0.8670
0.8770
0.8840
0.8807
0.8810
0.8840
0.8710
0.8672
0.8750
0.8790
0.8840
0.8639
0.8720
0.8820
0.8630
0.8992
0.8840
0.8810
0.8570
0.8908
0.8830
0.8600
0.8770
0.8941
0.8790
0.8670
0.8800
0.8824
0.8710
0.8800
0.8850
0.8655
0.8860
0.8620
0.8850
0.8706
0.8690
0.8750
0.8810
0.8857
0.8850
0.8840
0.8700
0.8622
0.8950
0.8670
0.8730
0.8689
0.8780
0.8890
0.8720
0.8639
0.8810
0.8620
0.8860
0.8807
0.8780
0.8800
0.8860
0.8555
0.8870
0.8770
0.8860
0.8454
0.9000
0.8630
0.8670
0.8790
0.8470
0.8970
0.8790
0.8908
0.8700
0.9020
0.8620
0.8723
0.8810
0.8800
0.8690
0.8807
0.8730
0.8740
0.8830
0.8807
0.8730
0.8800
0.8730
0.8874
0.8820
0.8680
0.8830
0.8756
0.8890
0.8640
0.8880
0.8639
0.8700
0.8770
0.8780
0.8941
0.8810
0.8810
0.8790
0.8672
0.8660
0.8840
0.8700
0.9025
0.8740
0.8940
0.8640
0.8824
0.8700
0.8810
0.8820
0.8807
0.8800
0.8840
0.8730
0.8723
0.8850
0.8840
0.8640
0.8790
0.8740
0.8810
0.8770
0.8807
0.8690
0.8710
0.8840
0.8941
0.8660
0.8770
0.8980
0.8672
0.8780
0.8620
0.8850
0.8941
0.8900
0.8700
0.8660
0.8924
0.8650
0.8840
0.8740
0.8975
0.8850
0.8820
0.8710
0.8739
0.8820
0.8830
0.8540
0.9059
0.8640
0.8880
0.8770
0.8891
0.8690
0.8900
0.8740
0.8824
0.8830
0.8690
0.8980
0.8538
0.8860
0.8650
0.8840
0.8773
0.8760
0.8810
0.8730
0.8857
0.8840
0.8770
0.8820
0.8639
0.8850
0.8870
0.8620
0.8790
0.8760
0.8780
0.8860
0.8706
0.8850
0.8730
0.8910
0.8555
0.8760
0.8650
0.8830
0.8975
0.8670
0.8770
0.8840
0.8908
0.8930
0.8780
0.8730
0.8639
0.8760
0.8780
0.8770
0.8857
0.8700
0.8810
0.8830
0.8807
0.8560
0.8970
0.8940
0.8588
0.8790
0.8820
0.8680
0.8891
0.8880
0.8670
0.8720
0.8941
0.8810
0.8770
0.8840
0.8689
0.8850
0.8750
0.8800
0.8723
0.8910
0.8700
0.8770
0.8756
0.8850
0.8650
0.8800
0.8891
0.8650
0.8930
0.8750
0.8840
0.8710
0.8810
0.8770
0.8908
0.8830
0.8760
0.8840
0.8672
0.8870
0.8710
0.8790
0.8773
0.8770
0.8840
0.8800
0.8706
0.8790
0.8890
0.8790
0.8605
0.8920
0.8830
0.8590
0.8824
0.8890
0.8500
0.8890
0.8941
0.8810
0.8950
0.8680
0.8672
0.8770
0.8780
0.8810
0.8807
0.8840
0.8790
0.8850
0.8605
0.8810
0.8640
0.8750
0.9076
0.8750
0.8870
0.8840
0.8639
0.8740
0.8860
0.8730
0.8857
0.8700
0.8910
0.8750
0.8807
0.8790
0.8840
0.8890
0.8538
0.8860
0.8870
0.8810
0.8504
0.8760
0.8840
0.8700
0.8924
0.8670
0.8860
0.8920
0.8672
0.8920
0.8640
0.8800
0.8824
0.8780
0.8720
0.8850
0.8857
0.8710
0.8940
0.8810
0.8655
0.8860
0.8640
0.8860
0.8824
0.8680
0.8890
0.8750
0.8891
0.8750
0.8760
0.8810
0.8891
0.8680
0.8900
0.8750
0.8857
0.8840
0.8860
0.8660
0.8824
0.8730
0.8810
0.8720
0.8992
0.8700
0.8750
0.8990
0.8689
0.8850
0.8770
0.8780
0.8756
0.8790
0.8780
0.8770
0.8857
0.8940
0.8790
0.8660
0.8773
0.8770
0.8840
0.8870
0.8639
0.8770
0.8880
0.8790
0.8706
0.8900
0.8760
0.8760
0.8739
0.8800
0.8830
0.8680
0.8924
0.8690
0.8950
0.8710
0.8857
0.8780
0.8810
0.8730
0.8908
0.8890
0.8750
0.8720
0.8857
0.8840
0.8730
0.8850
0.8756
0.8770
0.8770
0.8860
0.8790
0.8770
0.8800
0.8790
0.8857
0.8670
0.8930
0.8790
0.8807
0.8840
0.8730
0.8880
0.8706
0.8760
0.8780
0.8780
0.8924
0.8940
0.8720
0.8860
0.8588
0.8760
0.8860
0.8730
0.8874
0.8680
0.8740
0.8980
0.8773
0.8780
0.8730
0.8860
0.8824
0.8770
0.8980
0.8630
0.8824
0.8860
0.8780
0.8840
0.8655
0.8700
0.8750
0.8750
0.9126
0.8880
0.8880
0.8800
0.8521
0.8940
0.8860
0.8580
0.8840
0.8730
0.8810
0.8870
0.8790
0.8630
0.8920
0.8880
0.8756
0.8770
0.8730
0.8900
0.8807
0.8830
0.8820
0.8750
0.8824
0.8880
0.8880
0.8790
0.8571
0.8590
0.8890
0.8850
0.8941
0.8780
0.9050
0.8710
0.8588
0.8980
0.8680
0.8760
0.8790
0.8790
0.8960
0.8630
0.8857
0.8730
0.8850
0.8890
0.8706
0.8850
0.8690
0.8840
0.8857
0.8770
0.8820
0.8840
0.8790
0.8850
0.8750
0.8710
0.8992
0.8810
0.8810
0.8750
0.8891
0.8870
0.8830
0.8660
0.8924
0.8950
0.8730
0.8670
0.8941
0.8860
0.8790
0.8780
0.8807
0.8780
0.8840
0.8830
0.8773
0.8710
0.8820
0.8790
0.8992
0.8910
0.8690
0.8900
0.8689
0.8810
0.8780
0.8840
0.8807
0.8880
0.8710
0.8820
0.8840
0.8830
0.8770
0.8790
0.8874
0.8730
0.8780
0.8800
0.9008
0.8830
0.8860
0.8760
0.8773
0.8760
0.8890
0.8840
0.8723
0.8740
0.8620
0.9070
0.8807
0.8740
0.8870
0.8820
0.8807
0.8940
0.8860
0.8650
0.8773
0.8990
0.8650
0.8800
0.8790
0.8760
0.8810
0.8790
0.8924
0.8900
0.8780
0.8700
0.8891
0.8690
0.8940
0.8730
0.8924
0.8870
0.8620
0.8860
0.8958
0.8890
0.8710
0.8740
0.8975
0.8860
0.8810
0.8730
0.8874
0.8730
0.8930
0.8670
0.8992
0.8880
0.8810
0.8690
0.8908
0.8780
0.8820
0.8950
0.8622
0.8810
0.8720
0.8890
0.8840
0.8820
0.8810
0.8830
0.8773
0.8860
0.8780
0.8770
0.8857
0.8750
0.8740
0.8770
0.9109
0.8880
0.8780
0.8870
0.8672
0.8820
0.8810
0.8820
0.8807
0.8830
0.8840
0.8820
0.8739
0.8710
0.8940
0.8680
0.9008
0.8760
0.8840
0.8830
0.8857
0.8850
0.8850
0.8780
0.8773
0.8950
0.8930
0.8740
0.8538
0.8820
0.8870
0.8810
0.8739
0.8950
0.8870
0.8710
0.8689
0.8840
0.8680
0.8910
0.8857
0.8890
0.8850
0.8740
0.8773
0.8940
0.8830
0.8860
0.8538
0.8850
0.8660
0.9010
0.8723
0.8850
0.8760
0.8830
0.8857
0.8830
0.8910
0.8780
0.8723
0.8910
0.8890
0.8760
0.8655
0.8780
0.8740
0.8900
0.8891
0.8840
0.8820
0.8840
0.8773
0.8840
0.8950
0.8700
0.8790
0.8760
0.8810
0.8860
0.8891
0.8750
0.8810
0.8800
0.9008
0.8920
0.8720
0.8870
0.8756
0.8900
0.8770
0.8800
0.8824
0.8860
0.8800
0.8840
0.8773
0.8890
0.8810
0.8780
0.8807
0.8970
0.8830
0.8780
0.8639
0.8980
0.8790
0.8800
0.8655
0.8860
0.8900
0.8700
0.8840
0.8730
0.8550
0.9040
0.9076
0.8880
0.8760
0.8800
0.8874
0.8790
0.8840
0.8860
0.8790
0.8780
0.8900
0.8780
0.8840
0.8940
0.8790
0.8760
0.8790
0.8860
0.8810
0.8920
0.8622
0.8890
0.8870
0.8660
0.8908
0.8870
0.8820
0.8860
0.8689
0.8860
0.8940
0.8740
0.8723
0.8890
0.8830
0.8830
0.8706
0.8860
0.8820
0.8870
0.8706
0.8910
0.8850
0.8720
0.8824
0.8840
0.8840
0.8830
0.8773
0.8730
0.9010
0.8770
0.8773
0.8910
0.8690
0.8880
0.8824
0.8770
0.8870
0.8900
0.8706
0.8770
0.8850
0.8750
0.8992
0.8810
0.8820
0.8910
0.8706
0.8720
0.8730
0.8890
0.9042
0.8860
0.8960
0.8750
0.8655
0.8920
0.8790
0.8890
0.8605
0.8910
0.8860
0.8720
0.8790
0.8770
0.8890
0.8690
0.9025
0.8890
0.8860
0.8730
0.8824
0.8890
0.9020
0.8500
0.8941
0.8790
0.8920
0.8790
0.8790
0.8810
0.8980
0.8770
0.8689
0.8830
0.8830
0.8750
0.8941
0.8940
0.8870
0.8920
0.8403
0.8830
0.9010
0.8640
0.8840
0.8870
0.8710
0.9000
0.8672
0.8850
0.8730
0.8870
0.8891
0.8820
0.8760
0.8790
0.9025
0.8720
0.8910
0.8930
0.8706
0.8980
0.8720
0.8750
0.8891
0.8950
0.8820
0.8630
0.8975
0.8890
0.8810
0.8700
0.8975
0.8860
0.8730
0.8860
0.8891
0.8710
0.8980
0.8820
0.8807
0.8500
0.8920
0.8940
0.9059
0.8800
0.8780
0.8820
0.8992
0.8870
0.8860
0.8750
0.8857
0.8870
0.8790
0.8730
0.9008
0.8660
0.8900
0.8820
0.9008
0.8860
0.8860
0.8760
0.8840
0.8870
0.8850
0.8770
0.8840
0.8780
0.8910
0.8690
0.9042
0.8750
0.8880
0.9000
0.8622
0.8720
0.8830
0.8940
0.8857
0.8960
0.8830
0.8660
0.8924
0.8870
0.8820
0.8810
0.8840
0.8910
0.8890
0.8820
0.8639
0.8690
0.9030
0.8810
0.8807
0.8830
0.8750
0.8900
0.8891
0.8950
0.8750
0.8750
0.8941
0.8790
0.8970
0.8790
0.8773
0.8700
0.8890
0.8780
0.9092
0.8810
0.8780
0.8900
0.8908
0.8840
0.8800
0.8770
0.9042
0.9000
0.8710
0.8860
0.8773
0.8850
0.8950
0.8800
0.8739
0.8960
0.8700
0.8890
0.8824
0.8830
0.9060
0.8730
0.8706
0.8920
0.8800
0.8810
0.8857
0.8860
0.8800
0.8730
0.9076
0.8880
0.8770
0.8840
0.8908
0.8960
0.8920
0.8780
0.8622
0.8690
0.8880
0.8910
0.8924
0.8920
0.8790
0.8790
0.8891
0.8880
0.8820
0.8870
0.8773
0.8940
0.8790
0.8970
0.8555
0.8860
0.8860
0.8820
0.8824
0.8840
0.8910
0.8820
0.8773
0.8760
0.8880
0.8790
0.9025
0.8830
0.8620
0.9000
0.8992
0.8890
0.8970
0.8770
0.8689
0.8960
0.9050
0.8570
0.8773
0.8820
0.8640
0.9060
0.8874
0.8870
0.8860
0.8880
0.8723
0.8850
0.8830
0.8880
0.8807
0.8740
0.8930
0.8840
0.8924
0.8860
0.8790
0.8840
0.8941
0.8910
0.8860
0.8850
0.8723
0.8850
0.8830
0.8830
0.8941
0.8890
0.8780
0.8970
0.8739
0.8720
0.8890
0.8970
0.8840
0.8880
0.8830
0.8880
0.8824
0.8790
0.8980
0.8810
0.8840
0.8970
0.8960
0.8760
0.8639
0.8820
0.8970
0.8700
0.8975
0.8790
0.8830
0.8900
0.8924
0.8740
0.8970
0.8830
0.8891
0.8950
0.8850
0.8740
0.8891
0.8920
0.8810
0.8800
0.8908
0.8880
0.8770
0.8870
0.8924
0.8830
0.8680
0.9120
0.8739
0.8830
0.8780
0.8950
0.8857
0.9010
0.8870
0.8750
0.8739
0.8770
0.8800
0.9010
0.8807
0.8760
0.8890
0.8920
0.8824
0.8830
0.8770
0.9000
0.8773
0.8810
0.8840
0.8930
0.8840
0.8760
0.8830
0.8890
0.9008
0.8760
0.8890
0.8910
0.8874
0.8880
0.8910
0.8920
0.8622
0.8850
0.8830
0.8900
0.8840
0.8760
0.8870
0.8980
0.8790
0.8960
0.8860
0.8850
0.8689
0.8880
0.8930
0.8810
0.8773
0.8930
0.8800
0.8650
0.9176
0.8880
0.8750
0.8910
0.8908
0.8960
0.8860
0.8830
0.8723
0.8820
0.8810
0.8840
0.9025
0.9000
0.9040
0.8620
0.8723
0.8910
0.8860
0.8740
0.8975
0.8850
0.8810
0.8890
0.8908
0.8850
0.8790
0.8940
0.8857
0.8930
0.8880
0.8820
0.8773
0.8760
0.8920
0.8940
0.8790
0.8950
0.8870
0.8870
0.8672
0.8920
0.8990
0.8770
0.8689
0.8780
0.8950
0.8730
0.9076
0.8970
0.8750
0.8860
0.8891
0.8830
0.8950
0.8840
0.8824
0.8700
0.8940
0.8910
0.8941
0.8930
0.8870
0.8860
0.8756
0.8870
0.8800
0.8820
0.9042
0.8860
0.8910
0.8830
0.8857
0.8930
0.8840
0.8890
0.8756
0.8910
0.8870
0.8750
0.8975
0.8810
0.8890
0.8900
0.8857
0.8930
0.8740
0.8900
0.8908
0.8920
0.8970
0.8730
0.8824
0.8900
0.8870
0.8790
0.8924
0.8780
0.8900
0.8940
0.8824
0.8780
0.8820
0.8990
0.8874
0.8860
0.8840
0.8890
0.8874
0.9060
0.8900
0.8770
0.8655
0.8880
0.8850
0.8900
0.8840
0.8770
0.8910
0.8890
0.8941
0.8820
0.8910
0.8860
0.8908
0.8850
0.8930
0.8990
0.8605
0.8770
0.8840
0.8880
0.9076
0.9000
0.8800
0.8870
0.8773
0.8840
0.8870
0.8920
0.8840
0.8850
0.8960
0.8910
0.8689
0.8740
0.8890
0.8940
0.8941
0.8970
0.8830
0.8820
0.8857
0.8870
0.8930
0.8790
0.8908
0.8850
0.8950
0.8800
0.8908
0.8830
0.8870
0.8910
0.8891
0.8930
0.8880
0.8830
0.8840
0.9090
0.8790
0.8740
0.8874
0.8800
0.8880
0.8790
0.9126
0.9040
0.8840
0.8720
0.8908
0.9000
0.8780
0.8830
0.8908
0.8840
0.8970
0.8850
0.8824
0.8950
0.8990
0.8700
0.8857
0.8880
0.8950
0.8750
0.8958
0.8970
0.8840
0.8920
0.8723
0.8980
0.8840
0.8820
0.8874
0.8790
0.8840
0.9050
0.8807
0.8830
0.8930
0.8930
0.8790
0.8860
0.8930
0.9000
0.8639
0.8970
0.8740
0.8950
0.8874
0.9010
0.8900
0.8760
0.8857
0.8640
0.8950
0.8990
0.9008
0.9010
0.8890
0.8860
0.8706
0.8890
0.8810
0.8980
0.8840
0.8790
0.8980
0.8760
0.9109
0.8850
0.8920
0.8870
0.8924
0.9060
0.8970
0.8650
0.8857
0.8910
0.8930
0.8800
0.8924
0.8830
0.8890
0.8900
0.8958
0.8920
0.8930
0.8880
0.8773
0.8750
0.8890
0.9030
0.8891
0.8900
0.9030
0.8720
0.8941
0.8830
0.8930
0.8980
0.8790
0.8850
0.8970
0.8860
0.8891
0.8920
0.8710
0.8930
0.9092
0.8880
0.8880
0.8960
0.8824
0.8850
0.8810
0.8960
0.8992
0.8890
0.8890
0.8910
0.8874
0.8840
0.8820
0.8970
0.8975
0.8910
0.8870
0.8880
0.8924
0.8870
0.8820
0.8930
0.8992
0.8910
0.8920
0.8770
0.9008
0.8790
0.8860
0.8930
0.9042
0.8880
0.8880
0.8920
0.8874
0.8820
0.9010
0.8890
0.8824
0.9010
0.8910
0.8820
0.8790
0.9010
0.8840
0.8850
0.8874
0.8770
0.8990
0.8870
0.9025
0.8820
0.8990
0.8870
0.8941
0.8820
0.9140
0.8860
0.8723
0.8980
0.8910
0.8940
0.8706
0.8980
0.8920
0.8830
0.8874
0.8980
0.8770
0.8880
0.9025
0.8830
0.9020
0.8880
0.8857
0.8940
0.8870
0.8880
0.8908
0.9000
0.8850
0.8900
0.8824
0.8910
0.8810
0.9020
0.8840
0.8760
0.8930
0.8910
0.9076
0.8920
0.8760
0.8900
0.9109
0.8860
0.8960
0.8840
0.8975
0.8960
0.8890
0.8860
0.8891
0.8870
0.9070
0.8780
0.8874
0.9000
0.8880
0.8760
0.9008
0.8940
0.8810
0.8920
0.8975
0.8920
0.8860
0.8890
0.8975
0.8770
0.8910
0.8890
0.9143
0.8890
0.8910
0.8820
0.9076
0.8860
0.8920
0.8980
0.8840
0.9000
0.8820
0.8880
0.8941
0.8860
0.8930
0.8840
0.9059
0.9040
0.8830
0.8840
0.8924
0.9000
0.8920
0.8790
0.8941
0.8880
0.8830
0.8980
0.8975
0.8850
0.8840
0.8950
0.9059
0.8980
0.8750
0.8920
0.9042
0.8910
0.9030
0.8770
0.8941
0.8910
0.9010
0.8830
0.8874
0.8830
0.8890
0.8930
0.9042
0.8870
0.8850
0.8970
0.8992
0.8960
0.8830
0.8930
0.8941
0.8880
0.9040
0.8830
0.8891
0.8970
0.8820
0.9030
0.8773
0.8950
0.8950
0.8790
0.8992
0.8900
0.8880
0.8940
0.8941
0.8860
0.8960
0.8930
0.8891
0.8860
0.8920
0.8930
0.8958
0.8970
0.8780
0.9030
0.8840
0.8800
0.9000
0.8820
0.9109
0.8840
0.8970
0.8960
0.8874
0.8980
0.8900
0.8790
0.9042
0.8880
0.8870
0.8960
0.8958
0.8900
0.9010
0.8950
0.8706
0.8860
0.8900
0.9000
0.8891
0.8850
0.8820
0.9020
0.9008
0.9050
0.8860
0.8840
0.8891
0.8920
0.8840
0.8980
0.8908
0.8720
0.9080
0.8860
0.9042
0.8880
0.8920
0.8810
0.9109
0.8910
0.8870
0.9000
0.8840
0.8970
0.8820
0.8900
0.8992
0.8870
0.8820
0.8970
0.9042
0.8760
0.9030
0.8960
0.8891
0.8870
0.8930
0.8900
0.8975
0.8990
0.9050
0.8790
0.8756
0.8870
0.9040
0.8910
0.8773
0.8830
0.8710
0.9020
0.9210
0.8870
0.8940
0.8990
0.8807
0.8870
0.9000
0.8910
0.8840
0.8810
0.8950
0.8940
0.8975
0.8830
0.8900
0.9000
0.8924
0.8870
0.8870
0.8980
0.8941
0.8830
0.8890
0.9100
0.8773
0.8940
0.9000
0.8900
0.8739
0.8880
0.9030
0.8990
0.8639
0.9000
0.8810
0.8880
0.8992
0.8970
0.8910
0.8950
0.8756
0.8850
0.8870
0.9020
0.8924
0.8820
0.8940
0.8960
0.8958
0.9020
0.8710
0.8910
0.9109
0.9050
0.8860
0.8910
0.8824
0.8840
0.9060
0.8910
0.8840
0.8700
0.9130
0.8890
0.8992
0.8820
0.8960
0.9010
0.8908
0.9030
0.8740
0.8960
0.9008
0.8920
0.8900
0.8960
0.8924
0.8990
0.8880
0.8980
0.8807
0.8990
0.8900
0.8890
0.8924
0.9100
0.8820
0.8920
0.8824
0.8930
0.8910
0.8970
0.8874
0.8960
0.8970
0.8900
0.8857
0.8880
0.8940
0.8840
0.9143
0.9020
0.8970
0.8880
0.8790
0.8990
0.9050
0.8880
0.8706
0.8960
0.9080
0.8640
0.9109
0.8800
0.9030
0.8880
0.9059
0.8840
0.8930
0.9030
0.8908
0.9100
0.8860
0.8980
0.8672
0.8800
0.8990
0.8990
0.8941
0.9080
0.9030
0.8840
0.8655
0.8960
0.9060
0.8930
0.8655
0.8870
0.8970
0.8820
0.9143
0.8840
0.8910
0.8970
0.9042
0.8770
0.8940
0.9060
0.8958
0.9000
0.8870
0.8950
0.8874
0.8980
0.8860
0.8890
0.9025
0.8890
0.8990
0.8990
0.8790
0.8940
0.8960
0.8910
0.8891
0.8930
0.8980
0.8910
0.8874
0.8990
0.8940
0.8880
0.8891
0.8920
0.9000
0.8820
0.9008
0.8930
0.8700
0.9040
0.9126
0.8890
0.8940
0.8910
0.9008
0.9040
0.8930
0.8890
0.8807
0.8970
0.8910
0.8920
0.8908
0.8940
0.8930
0.8780
0.9160
0.8760
0.8940
0.9040
0.9008
0.8950
0.8930
0.8890
0.8958
0.8810
0.8880
0.9100
0.8924
0.8890
0.8970
0.8920
0.8924
0.8900
0.9030
0.8870
0.8891
0.8870
0.9010
0.8910
0.8908
0.8950
0.8780
0.9030
0.8975
0.8840
0.8800
0.9040
0.9109
0.8830
0.9150
0.8810
0.8924
0.8840
0.9050
0.8950
0.8840
0.8970
0.8930
0.8960
0.8807
0.9030
0.8890
0.8870
0.8924
0.8960
0.8940
0.8900
0.8908
0.8860
0.8870
0.9030
0.8975
0.8910
0.8960
0.8950
0.8874
0.8850
0.8960
0.9010
0.8874
0.8890
0.9010
0.8830
0.9025
0.8760
0.8840
0.9030
0.9193
0.8750
0.8970
0.9160
0.8773
0.8960
0.8760
0.8840
0.9311
0.8940
0.8900
0.8980
0.8874
0.8820
0.8960
0.8880
0.9143
0.8920
0.8990
0.8850
0.8975
0.8940
0.8950
0.8920
0.8891
0.8960
0.8880
0.8890
0.9025
0.9010
0.9040
0.8870
0.8706
0.8930
0.8790
0.8960
0.9109
0.8830
0.8970
0.9030
0.8874
0.8990
0.8840
0.8920
0.9008
0.8950
0.8910
0.8970
0.8874
0.9180
0.8900
0.8750
0.8874
0.8990
0.8910
0.8860
0.8992
0.8980
0.8790
0.9020
0.8941
0.8980
0.8980
0.8820
0.8975
0.8890
0.9000
0.8880
0.8992
0.9070
0.9000
0.8770
0.8874
0.9080
0.8830
0.8760
0.9160
0.8920
0.9040
0.8770
0.9042
0.8950
0.9000
0.8730
0.9143
0.9020
0.8920
0.8910
0.8874
0.8820
0.9020
0.8930
0.9008
0.8940
0.8830
0.8960
0.9076
0.9020
0.8920
0.8780
0.9092
0.8880
0.8930
0.8980
0.8975
0.8950
0.8900
0.8910
0.9025
0.8830
0.8980
0.8960
0.9008
0.8830
0.9120
0.8850
0.8958
0.8980
0.9050
0.8730
0.9042
0.8930
0.8970
0.8890
0.8992
0.9070
0.8820
0.8950
0.8908
0.8970
0.8820
0.9010
0.8975
0.8930
0.9020
0.8870
0.8941
0.9130
0.8760
0.8880
0.9025
0.8940
0.8930
0.9000
0.8857
0.8910
0.9050
0.8790
0.9059
0.8980
0.9000
0.8840
0.8941
0.8900
0.9010
0.8890
0.8975
0.8920
0.8920
0.8940
0.9008
0.8870
0.9000
0.8970
0.8908
0.8970
0.8930
0.8930
0.8924
0.9100
0.8910
0.8800
0.8958
0.8970
0.8930
0.8910
0.8958
0.8910
0.8930
0.9010
0.8891
0.9080
0.8720
0.8980
0.9008
0.8910
0.9030
0.8970
0.8790
0.9150
0.8820
0.8910
0.8857
0.8820
0.8930
0.9030
0.9025
0.8900
0.8970
0.8960
0.8941
0.9120
0.8860
0.8790
0.9042
0.8820
0.8980
0.9000
0.8992
0.9030
0.9010
0.8910
0.8739
0.8890
0.8930
0.9010
0.8941
0.8870
0.8760
0.9020
0.9244
0.8900
0.9000
0.8850
0.9076
0.9040
0.8990
0.8930
0.8723
0.8920
0.8960
0.8880
0.9059
0.9040
0.8950
0.8780
0.9042
0.9070
0.9000
0.8850
0.8790
0.8890
0.8970
0.8990
0.8908
0.8920
0.9030
0.8820
0.9042
0.8870
0.9020
0.8870
0.9059
0.8930
0.8960
0.8880
0.9042
0.8870
0.8990
0.8900
0.9076
0.8940
0.8900
0.9020
0.8908
0.9000
0.8900
0.8960
0.8908
0.8940
0.9030
0.8990
0.8739
0.8960
0.8920
0.8960
0.8941
0.9060
0.8960
0.8810
0.8958
0.8880
0.8940
0.9030
0.8924
0.9070
0.8850
0.8990
0.8824
0.8860
0.9100
0.8850
0.8992
0.8970
0.8920
0.8920
0.8992
0.8930
0.8960
0.8920
0.8975
0.9050
0.8820
0.8950
0.8958
0.8990
0.8850
0.8840
0.9193
0.8930
0.8910
0.8900
0.9092
0.9010
0.8910
0.8880
0.8992
0.9000
0.8970
0.8920
0.8840
0.8950
0.8920
0.8830
0.9176
0.8990
0.8900
0.8940
0.8958
0.8900
0.9000
0.8930
0.8958
0.8800
0.8870
0.9090
0.9076
0.8840
0.8890
0.8990
0.9143
0.8910
0.8930
0.8940
0.9042
0.8930
0.8980
0.8930
0.8941
0.9000
0.8870
0.9070
0.8773
0.8870
0.8950
0.9040
0.8908
0.8970
0.9000
0.8930
0.8840
0.8860
0.9020
0.9000
0.8874
0.8950
0.8990
0.8920
0.8891
0.9040
0.8950
0.8930
0.8790
0.8900
0.8950
0.8920
0.9042
0.8980
0.8960
0.8920
0.8924
0.8850
0.9000
0.8960
0.9008
0.8900
0.9000
0.8870
0.9059
0.8960
0.8970
0.8980
0.8824
0.8960
0.8890
0.8970
0.8975
0.8990
0.8930
0.8890
0.8992
0.8900
0.9010
0.8880
0.9025
0.8850
0.9010
0.8900
0.9076
0.9020
0.8790
0.9060
0.8891
0.8910
0.9040
0.8850
0.9008
0.8960
0.8950
0.8900
0.8992
0.8830
0.9060
0.8940
0.8958
0.9060
0.8820
0.8950
0.8958
0.8810
0.9000
0.8970
0.9042
0.9020
0.8920
0.8970
0.8824
0.8850
0.8970
0.9040
0.8908
0.8910
0.9130
0.8850
0.8857
0.8960
0.9050
0.8910
0.8807
0.8920
0.8890
0.9010
0.8975
0.9030
0.8950
0.8940
0.8807
0.9060
0.8950
0.8900
0.8824
0.8810
0.9080
0.8950
0.8941
0.9190
0.8840
0.8810
0.8941
0.8850
0.8950
0.9030
0.8958
0.8980
0.8880
0.8970
0.8958
0.8950
0.8940
0.8930
0.8975
0.8820
0.9140
0.8840
0.9008
0.8930
0.9110
0.8810
0.8924
0.8910
0.9020
0.8910
0.8941
0.8940
0.9070
0.8900
0.8807
0.9070
0.9020
0.8780
0.8874
0.9010
0.8940
0.8890
0.8924
0.9020
0.8910
0.8910
0.8924
0.9000
0.9070
0.8730
0.9008
0.8800
0.9050
0.9000
0.8924
0.9130
0.8940
0.8770
0.8941
0.8910
0.8890
0.8950
0.9092
0.9070
0.8740
0.8950
0.9076
0.8900
0.8820
0.9070
0.9025
0.8950
0.9160
0.8860
0.8723
0.8980
0.8900
0.9070
0.8756
0.8930
0.8880
0.9010
0.8975
0.8910
0.8940
0.8980
0.8958
0.8860
0.8980
0.9110
0.8756
0.8900
0.9060
0.8930
0.8857
0.9010
0.8990
0.8800
0.9008
0.8970
0.8800
0.8980
0.9092
0.8940
0.9040
0.8780
0.9059
0.8920
0.8900
0.8930
0.9076
0.8950
0.8930
0.8910
0.9008
0.9010
0.8800
0.9020
0.8941
0.8820
0.8920
0.9010
0.9076
0.8880
0.9150
0.8780
0.8975
0.8930
0.9050
0.9060
0.8588
0.8970
0.8970
0.9010
0.8756
0.9010
0.8880
0.8910
0.9008
0.9040
0.8940
0.8900
0.8874
0.8990
0.8950
0.8850
0.9025
0.8820
0.8990
0.8940
0.9092
0.9050
0.8910
0.8940
0.8840
0.8940
0.8970
0.9040
0.8756
0.8950
0.8940
0.8920
0.8992
0.9010
0.8890
0.8920
0.8975
0.9000
0.8760
0.9020
0.9042
0.8860
0.9010
0.8950
0.8975
0.8900
0.9000
0.8910
0.8992
0.9050
0.8750
0.8970
0.9059
0.8860
0.8930
0.8940
0.9126
0.9140
0.8910
0.9040
0.8521
0.8910
0.8880
0.9010
0.9008
0.8860
0.8980
0.8900
0.9109
0.8990
0.9020
0.8880
0.8857
0.8870
0.8920
0.8900
0.9193
0.9110
0.8950
0.8870
0.8790
0.9010
0.8900
0.9070
0.8706
0.8960
0.8930
0.8900
0.9025
0.9020
0.8790
0.8930
0.9109
0.8990
0.9010
0.8900
0.8857
0.8860
0.8960
0.8980
0.9025
0.8940
0.8980
0.8830
0.9092
0.9110
0.8860
0.8980
0.8756
0.9000
0.8840
0.9010
0.8924
0.8980
0.8850
0.8970
0.9008
0.8760
0.8960
0.9060
0.9042
0.8920
0.8980
0.8920
0.9008
0.8950
0.8930
0.9030
0.8874
0.9010
0.8990
0.8960
0.8790
0.9110
0.8820
0.8990
0.8857
0.8870
0.8930
0.8960
0.9092
0.8960
0.8880
0.8910
0.9126
0.8990
0.8940
0.9010
0.8807
0.8850
0.8970
0.8890
0.9193
0.8940
0.8950
0.8890
0.9076
0.8900
0.8980
0.9000
0.8908
0.8950
0.9040
0.8920
0.8874
0.8970
0.8920
0.9050
0.8840
0.9060
0.8900
0.8860
0.9042
0.8930
0.9000
0.8960
0.8924
0.9050
0.8850
0.9000
0.8891
0.9000
0.9150
0.8800
0.8807
0.8970
0.8950
0.8960
0.8924
0.8830
0.9020
0.9050
0.8891
0.8810
0.9070
0.8940
0.9008
0.8910
0.8820
0.9070
0.9042
0.9000
0.8960
0.8850
0.9025
0.8920
0.8950
0.8970
0.8958
0.8980
0.8940
0.8930
0.8941
0.8900
0.8870
0.9040
0.9008
0.8980
0.8950
0.8870
0.9042
0.8830
0.8990
0.9000
0.9008
0.8930
0.8900
0.8910
0.9143
0.9050
0.8840
0.8980
0.8924
0.8930
0.8930
0.8980
0.8975
0.8910
0.8870
0.9070
0.8958
0.8970
0.8950
0.8850
0.9092
0.9050
0.8970
0.8870
0.8891
0.8900
0.8870
0.9040
0.9025
