1.8942
2.2786
2.3861
2.0950
2.1986
2.4982
2.6078
2.9031
3.3473
4.0271
4.1409
4.8853
5.7509
6.3510
7.0720
6.5595
6.8758
8.4026
11.0949
8.4243
9.7644
10.3510
10.5893
10.6523
10.5296
10.7891
12.5855
19.1222
18.4886
103.1738
7.2171
8.9786
9.7134
10.3407
12.4940
11.6893
14.3375
12.7818
13.1411
15.4980
21.6675
10.0561
17.5731
14.0702
14.2258
15.1751
14.4467
14.9227
14.3688
11.5380
16.1009
17.9557
20.0647
17.4740
17.7791
16.6449
20.9945
21.2884
21.4814
21.1043
19.0561
17.1045
14.5278
15.6941
16.6912
17.6658
19.9136
27.9174
12.9456
18.3248
20.6307
22.5153
16.9044
17.9620
15.4848
21.1170
16.1709
14.8118
16.8699
20.8544
19.5393
25.1869
19.5311
20.3563
62.5398
6.8602
9.2728
7.8434
9.9345
11.8973
9.0223
10.4723
9.6794
8.1547
12.1312
9.2931
12.1880
15.3685
18.9969
120.3200
