1.5022
1.8768
2.1976
1.8097
1.6600
1.9538
1.7252
1.9093
1.9558
1.5790
2.2024
1.5756
2.1888
1.6526
1.7406
1.5571
1.9588
1.9782
1.7562
1.6991
1.7255
2.2038
1.7865
1.4366
1.5168
2.0633
1.6096
1.9060
1.6003
1.7629
2.4617
1.9072
2.6049
2.5070
1.6925
1.9362
2.0862
1.9529
1.7056
2.4746
2.1488
2.4929
2.2474
2.2008
2.7339
2.3199
2.2301
2.2862
2.6784
3.2006
2.7471
1.9038
2.2875
2.1071
2.7457
2.3344
1.5459
2.1183
2.4484
2.7203
2.6543
2.7519
2.7353
2.9316
2.4690
2.9729
2.0986
3.5310
2.8935
3.7765
2.5183
2.7278
4.4704
4.5678
4.4082
2.8773
2.5650
2.5027
2.8093
2.3047
3.1543
4.1486
4.5556
2.5245
2.9606
3.0450
4.1894
2.2458
4.0172
3.0808
2.8957
3.4992
2.9477
4.5537
2.4728
2.6734
7.1566
2.8997
3.1616
3.2086
