2.4996
4.1421
3.7628
3.3862
2.8371
3.0242
2.8185
2.5463
2.1367
2.4123
2.2245
2.5005
2.5214
1.7714
1.8741
2.2713
1.9997
2.0214
2.2974
1.6011
2.2069
2.1124
1.7349
1.7676
1.8187
1.9385
1.7048
2.2159
2.1079
1.8099
1.4711
1.6780
1.4951
1.9657
1.3205
1.5639
1.6434
1.8149
1.5309
1.8803
1.7190
1.2542
1.1454
2.1460
1.5270
1.4329
1.4044
1.4080
1.1618
1.8384
1.7433
1.0212
1.1668
1.8000
1.6311
1.6239
1.1283
1.6040
1.4049
1.1418
1.2502
1.5917
1.4263
1.3936
1.6501
1.1311
1.2899
1.2237
1.6111
1.5323
1.4251
1.2614
1.7142
1.2351
1.4858
