0.1050
0.0930
0.0840
0.1246
0.0880
0.1040
0.1060
0.1094
0.1000
0.1270
0.0990
0.1277
0.1250
0.1210
0.1270
0.0881
0.1290
0.1400
0.1310
0.1398
0.1290
0.1510
0.1540
0.1459
0.1570
0.1580
0.1820
0.1641
0.1770
0.1660
0.1880
0.2128
0.1880
0.2050
0.1970
0.2067
0.2140
0.2020
0.2150
0.2036
0.2220
0.2210
0.2210
0.2584
0.2320
0.2440
0.2340
0.2340
0.2440
0.2350
0.2710
0.2371
0.2690
0.2450
0.2860
0.2584
0.2700
0.2810
0.2740
0.2857
0.2830
0.2870
0.2870
0.3100
0.3160
0.2850
0.2940
0.3131
0.3030
0.2990
0.3180
0.3435
0.3100
0.3380
0.3150
0.2918
0.3130
0.3230
0.3610
0.3040
0.3330
0.3510
0.3430
0.3617
0.3530
0.3540
0.3800
0.3739
0.3650
0.3660
0.4130
0.3921
0.4030
0.3740
0.3900
0.4073
0.3900
0.3960
0.3830
0.3951
0.4020
0.3820
0.4180
0.3799
0.4020
0.3980
0.4250
0.3921
0.4240
0.4000
0.4240
0.3921
0.4410
0.4310
0.4080
0.4438
0.4260
0.4400
0.4620
0.4650
0.4550
0.4540
0.4570
0.4650
0.4760
0.4800
0.4520
0.4620
0.4940
0.4760
0.4850
0.5076
0.4910
0.5180
0.5000
0.4954
0.5040
0.5310
0.5260
0.4985
0.5250
0.5360
0.5110
0.5593
0.5460
0.5290
0.5340
0.5562
0.5390
0.5550
0.5580
0.5502
0.5370
0.5680
0.5790
0.6170
0.5550
0.5970
0.5980
0.5775
0.5840
0.5860
0.6210
0.6292
0.5940
0.6100
0.6000
0.6201
0.6040
0.5840
0.6130
0.6505
0.6110
0.5880
0.6050
0.6292
0.6100
0.5990
0.6170
0.5866
0.6270
0.5930
0.6010
0.6140
0.5990
0.6110
0.6140
0.6261
0.6140
0.6130
0.6130
0.5866
0.6080
0.6070
0.6200
0.6383
0.6080
0.6420
0.6100
0.5988
0.6400
0.6330
0.6140
0.5927
0.6050
0.6370
0.6360
0.6413
0.6530
0.6180
0.6280
0.6261
0.6550
0.6250
0.6450
0.6079
0.6550
0.6270
0.6450
0.6383
0.6500
0.6600
0.6250
0.6717
0.6480
0.6630
0.6480
0.6687
0.6700
0.6370
0.6700
0.6596
0.6480
0.6630
0.6770
0.6687
0.6650
0.6560
0.6820
0.7052
0.6930
0.6790
0.6710
0.6565
0.6880
0.6890
0.6860
0.6748
0.7070
0.6900
0.6940
0.6687
0.6920
0.7070
0.6980
0.6900
0.7190
0.7000
0.7130
0.6474
0.6900
0.7140
0.7200
0.6900
0.6900
0.7270
0.7280
0.6657
0.7080
0.7190
0.7140
0.7143
0.7210
0.7220
0.7170
0.6991
0.7050
0.7270
0.7290
0.7112
0.7260
0.7290
0.7270
0.6839
0.7100
0.7400
0.7280
0.7356
0.7540
0.7220
0.7220
0.7143
0.7360
0.7210
0.7430
0.7477
0.7340
0.7530
0.7290
0.7264
0.7280
0.7330
0.7530
0.7599
0.7350
0.7480
0.7410
0.7508
0.7570
0.7290
0.7490
0.7416
0.7300
0.7580
0.7400
0.7690
0.7240
0.7380
0.7560
0.8085
0.7580
0.7400
0.7490
0.7264
0.7530
0.7510
0.7430
0.7538
0.7540
0.7380
0.7780
0.7143
0.7640
0.7480
0.7450
0.7690
0.7400
0.7570
0.7560
0.7933
0.7400
0.7570
0.7700
0.7720
0.7560
0.7890
0.7450
0.7112
0.7630
0.7590
0.7680
0.7325
0.7600
0.7650
0.7570
0.7842
0.7550
0.7740
0.7630
0.7690
0.7540
0.7770
0.7710
0.7508
0.7550
0.7500
0.7910
0.7660
0.7670
0.7580
0.7710
0.7751
0.7920
0.7620
0.7600
0.7356
0.7850
0.7680
0.7650
0.7477
0.7440
0.7950
0.7620
0.8146
0.7700
0.7780
0.7760
0.7690
0.7770
0.7800
0.7850
0.7264
0.7620
0.7770
0.7820
0.7933
0.7770
0.7820
0.7740
0.7660
0.7760
0.7620
0.7880
0.7933
0.7730
0.7680
0.7910
0.7933
0.7820
0.7790
0.7770
0.7781
0.7820
0.7950
0.7810
0.7356
0.7810
0.7740
0.8000
0.7568
0.7800
0.7880
0.7830
0.7781
0.7830
0.7910
0.7740
0.7903
0.7870
0.7840
0.7840
0.7751
0.7910
0.7910
0.7750
0.7751
0.7920
0.7680
0.8030
0.7629
0.7890
0.8040
0.7780
0.7416
0.7740
0.7820
0.7900
0.8207
0.7870
0.8010
0.7730
0.7842
0.7750
0.7850
0.7990
0.7994
0.7940
0.8130
0.7680
0.7629
0.8000
0.7870
0.7790
0.7994
0.7810
0.8020
0.7930
0.7812
0.7850
0.7850
0.7950
0.8237
0.7870
0.7880
0.7960
0.8085
0.7910
0.7860
0.7960
0.8024
0.7740
0.8060
0.8020
0.7751
0.8000
0.7880
0.7930
0.7933
0.7810
0.7900
0.8130
0.7842
0.7730
0.8100
0.7900
0.8116
0.7940
0.7890
0.8030
0.7781
0.8070
0.7840
0.7860
0.8055
0.7950
0.7930
0.7890
0.8207
0.7980
0.7930
0.8040
0.7720
0.7730
0.7860
0.8310
0.7933
0.7890
0.7940
0.8090
0.7903
0.7900
0.8110
0.7900
0.7964
0.8030
0.8030
0.7940
0.7690
0.8190
0.7690
0.8050
0.7933
0.8170
0.7860
0.7990
0.7660
0.8070
0.7990
0.7930
0.7781
0.8000
0.8010
0.8020
0.7751
0.8000
0.8110
0.7910
0.7842
0.8060
0.7920
0.8010
0.7964
0.8080
0.8050
0.7770
0.8267
0.7870
0.8140
0.7920
0.8237
0.7980
0.8000
0.8100
0.7781
0.7930
0.7970
0.8080
0.8176
0.8050
0.8280
0.7780
0.7842
0.7950
0.8110
0.7800
0.8602
0.8060
0.7930
0.7990
0.8298
0.7910
0.8050
0.8050
0.8207
0.8030
0.8100
0.7960
0.7994
0.8020
0.8220
0.7890
0.7933
0.8270
0.7850
0.7980
0.8024
0.8150
0.8070
0.8030
0.7720
0.8210
0.7950
0.8090
0.7751
0.8120
0.8160
0.7910
0.7964
0.7990
0.7990
0.8300
0.7720
0.8020
0.7940
0.8160
0.8207
0.8070
0.8030
0.8030
0.8237
0.7820
0.8230
0.8160
0.7994
0.7990
0.7980
0.8090
0.8450
0.8080
0.8060
0.8010
0.8237
0.8050
0.8060
0.8170
0.7842
0.7940
0.8150
0.8140
0.7994
0.8020
0.7990
0.8190
0.8116
0.8330
0.7890
0.7940
0.8298
0.8190
0.7900
0.8160
0.8024
0.8080
0.8060
0.8070
0.8176
0.8070
0.8130
0.8000
0.8207
0.8050
0.7940
0.8250
0.8055
0.8110
0.8140
0.8150
0.7629
0.8110
0.8150
0.8040
0.7964
0.8130
0.8010
0.8090
0.8176
0.8290
0.8030
0.8070
0.7781
0.8030
0.7900
0.8390
0.7994
0.7980
0.8140
0.8140
0.8237
0.8060
0.8130
0.8180
0.7933
0.7740
0.8420
0.8090
0.8328
0.8170
0.8070
0.8260
0.7568
0.7900
0.8290
0.8130
0.8116
0.8200
0.8180
0.8030
0.7903
0.8070
0.8160
0.8060
0.8298
0.8200
0.7920
0.8290
0.7964
0.8280
0.7980
0.8140
0.7994
0.8150
0.8050
0.8250
0.7872
0.7930
0.8230
0.8230
0.8085
0.8180
0.8030
0.8150
0.8237
0.8000
0.8210
0.8190
0.8176
0.8020
0.8000
0.8210
0.8723
0.8130
0.8210
0.8030
0.8389
0.8040
0.8320
0.8070
0.8237
0.8170
0.8140
0.8080
0.8359
0.8270
0.7960
0.8290
0.7964
0.8200
0.8160
0.8110
0.8146
0.8070
0.8270
0.8200
0.7994
0.8210
0.8030
0.8240
0.8176
0.7930
0.8320
0.8200
0.8267
0.8370
0.8040
0.8160
0.7903
0.8130
0.8080
0.8210
0.8389
0.7940
0.8230
0.8220
0.8480
0.8150
0.8240
0.8180
0.7933
0.8240
0.8070
0.8270
0.7933
0.8190
0.8010
0.8350
0.8055
0.8310
0.8260
0.8020
0.7964
0.8170
0.8300
0.7950
0.8511
0.8000
0.8030
0.8480
0.8298
0.8270
0.7980
0.8280
0.8267
0.8110
0.8290
0.8230
0.7933
0.8280
0.8070
0.8160
0.8298
0.8070
0.8090
0.8310
0.8419
0.8150
0.8210
0.8160
0.8267
0.8360
0.8140
0.8030
0.8207
0.8140
0.8120
0.8200
0.8450
0.8290
0.8060
0.8100
0.8480
0.8260
0.8170
0.8210
0.7994
0.8290
0.8130
0.8090
0.8389
0.8290
0.8120
0.8170
0.8207
0.8370
0.8130
0.7980
0.8511
0.8360
0.8150
0.8110
0.8146
0.8200
0.8280
0.8020
0.8571
0.8080
0.8240
0.8230
0.8419
0.8300
0.8110
0.8290
0.8024
0.8410
0.8070
0.8160
0.8237
0.8160
0.8220
0.8300
0.8116
0.8170
0.8140
0.8300
0.8328
0.8050
0.8280
0.8250
0.8419
0.8110
0.8220
0.8300
0.8298
0.8270
0.8240
0.8150
0.8207
0.8150
0.8540
0.8090
0.7872
0.8250
0.8200
0.8160
0.8389
0.7990
0.8390
0.8330
0.8116
0.8290
0.8180
0.8170
0.8328
0.8040
0.8310
0.8380
0.8055
0.8140
0.8310
0.8220
0.8237
0.8380
0.8150
0.8120
0.8267
0.8190
0.8340
0.8180
0.8085
0.8340
0.8120
0.8220
0.8207
0.8180
0.8130
0.8250
0.8571
0.8210
0.8190
0.8250
0.8328
0.8210
0.8150
0.8130
0.8784
0.8330
0.8300
0.8180
0.7842
0.8250
0.8200
0.8240
0.8237
0.8080
0.8370
0.8260
0.8237
0.8200
0.8260
0.8230
0.8298
0.8170
0.8310
0.8280
0.8146
0.8220
0.8190
0.8420
0.7933
0.8290
0.8280
0.8240
0.7994
0.8300
0.8120
0.8290
0.8298
0.8380
0.8190
0.8190
0.8146
0.8140
0.8270
0.8100
0.8906
0.8280
0.8130
0.8300
0.8298
0.8180
0.8230
0.8340
0.8267
0.8110
0.8350
0.8390
0.7964
0.8260
0.8370
0.8120
0.8267
0.8340
0.8270
0.8190
0.8085
0.8400
0.8170
0.8210
0.8176
0.8320
0.8140
0.8330
0.8176
0.8330
0.8050
0.8310
0.8419
0.8280
0.8230
0.8180
0.8419
0.8360
0.8240
0.8260
0.7903
0.8260
0.8150
0.8190
0.8693
0.8330
0.8130
0.8160
0.8663
0.8210
0.8450
0.8100
0.8207
0.8340
0.8130
0.8240
0.8359
0.8240
0.8310
0.8200
0.8237
0.8200
0.8250
0.8160
0.8693
0.8130
0.8250
0.8390
0.8207
0.8370
0.8100
0.8260
0.8359
0.8200
0.8210
0.8310
0.8389
0.8160
0.8290
0.8330
0.8207
0.8250
0.8320
0.8090
0.8571
0.8200
0.8380
0.8200
0.8207
0.8190
0.8250
0.8300
0.8328
0.8490
0.8300
0.8050
0.8055
0.8290
0.8200
0.8380
0.7994
0.8230
0.8350
0.8190
0.8328
0.8200
0.8510
0.8070
0.8328
0.8260
0.8130
0.8470
0.8085
0.8360
0.8350
0.8210
0.7903
0.8230
0.8220
0.8350
0.8267
0.8250
0.8280
0.8240
0.8389
0.8400
0.8130
0.8280
0.8298
0.8200
0.8360
0.8280
0.8207
0.8410
0.8370
0.8160
0.7903
0.8280
0.8320
0.8220
0.8267
0.8480
0.8130
0.8300
0.8024
0.8400
0.8100
0.8270
0.8419
0.8430
0.8200
0.8190
0.8298
0.8390
0.8180
0.8340
0.8055
0.8400
0.8380
0.8140
0.7994
0.8160
0.8350
0.8250
0.8480
0.8320
0.8300
0.8240
0.8176
0.8330
0.8360
0.8140
0.8267
0.8340
0.8500
0.8120
0.7964
0.8360
0.8360
0.8110
0.8359
0.8270
0.8220
0.8360
0.8328
0.8370
0.8280
0.8270
0.8146
0.8400
0.8190
0.8290
0.8267
0.8370
0.8200
0.8310
0.8267
0.8380
0.8430
0.8140
0.8055
0.8240
0.8520
0.8140
0.8267
0.8490
0.8130
0.8320
0.8146
0.8120
0.8400
0.8350
0.8419
0.8400
0.8260
0.8160
0.8571
0.8310
0.8440
0.8160
0.8298
0.8390
0.8270
0.8240
0.8359
0.8410
0.8200
0.8360
0.8146
0.8150
0.8270
0.8370
0.8693
0.8420
0.8170
0.8430
0.7994
0.8240
0.8310
0.8370
0.8298
0.8210
0.8400
0.8350
0.8176
0.8240
0.8300
0.8360
0.8328
0.8470
0.8330
0.8130
0.8267
0.8350
0.8310
0.8360
0.7994
0.8350
0.8330
0.8240
0.8328
0.8120
0.8430
0.8340
0.8450
0.8180
0.8610
0.8190
0.8176
0.8430
0.8190
0.8310
0.8298
0.8220
0.8340
0.8420
0.8176
0.8380
0.8320
0.8200
0.8419
0.8320
0.8280
0.8300
0.8419
0.8490
0.8290
0.8320
0.7812
0.8180
0.8320
0.8340
0.8602
0.8390
0.8130
0.8500
0.8116
0.8210
0.8420
0.8320
0.8328
0.8240
0.8270
0.8370
0.8541
0.8510
0.8150
0.8260
0.8419
0.8260
0.8300
0.8400
0.8298
0.8490
0.8330
0.8210
0.8085
0.8200
0.8390
0.8390
0.8237
0.8350
0.8310
0.8300
0.8298
0.8370
0.8270
0.8330
0.8267
0.8350
0.8370
0.8230
0.8298
0.8370
0.8390
0.8260
0.8116
0.8380
0.8110
0.8450
0.8389
0.8410
0.8330
0.8340
0.7933
0.8430
0.8330
0.8230
0.8207
0.8150
0.8370
0.8310
0.8723
0.8230
0.8390
0.8380
0.8207
0.8300
0.8460
0.8220
0.8267
0.8270
0.8280
0.8400
0.8359
0.8470
0.8460
0.8130
0.8024
0.8170
0.8350
0.8410
0.8419
0.8270
0.8400
0.8290
0.8328
0.8470
0.8290
0.8220
0.8298
0.8290
0.8360
0.8340
0.8298
0.8190
0.8430
0.8420
0.8146
0.8410
0.8400
0.8200
0.8267
0.8400
0.8340
0.8280
0.8207
0.8200
0.8290
0.8360
0.8723
0.8280
0.8200
0.8400
0.8663
0.8250
0.8390
0.8250
0.8632
0.8300
0.8300
0.8270
0.8693
0.8330
0.8350
0.8350
0.8207
0.8290
0.8420
0.8340
0.8176
0.8260
0.8400
0.8360
0.8267
0.8260
0.8390
0.8380
0.8267
0.8460
0.8140
0.8390
0.8389
0.8460
0.8260
0.8330
0.8207
0.8280
0.8280
0.8450
0.8328
0.8310
0.8370
0.8350
0.8267
0.8200
0.8530
0.8310
0.8267
0.8340
0.8320
0.8360
0.8328
0.8410
0.8340
0.8310
0.8207
0.8150
0.8440
0.8390
0.8480
0.8360
0.8530
0.8230
0.8116
0.8380
0.8250
0.8400
0.8389
0.8390
0.8410
0.8260
0.8298
0.8370
0.8310
0.8370
0.8328
0.8240
0.8480
0.8390
0.8116
0.8190
0.8430
0.8480
0.8176
0.8470
0.8290
0.8300
0.8298
0.8410
0.8360
0.8270
0.8419
0.8320
0.8270
0.8470
0.8359
0.8430
0.8450
0.8300
0.7994
0.8370
0.8410
0.8330
0.8207
0.8410
0.8360
0.8280
0.8359
0.8370
0.8320
0.8350
0.8389
0.8330
0.8450
0.8180
0.8632
0.8560
0.8060
0.8410
0.8419
0.8400
0.8400
0.8220
0.8511
0.8330
0.8370
0.8360
0.8389
0.8360
0.8360
0.8320
0.8450
0.8460
0.8370
0.8250
0.8328
0.8480
0.8450
0.8250
0.8055
0.8260
0.8470
0.8310
0.8480
0.8420
0.8270
0.8340
0.8511
0.8400
0.8280
0.8340
0.8571
0.8380
0.8260
0.8370
0.8602
0.8400
0.8430
0.8260
0.8359
0.8340
0.8360
0.8420
0.8267
0.8280
0.8440
0.8340
0.8450
0.8220
0.8470
0.8420
0.8298
0.8320
0.8440
0.8270
0.8541
0.8380
0.8330
0.8320
0.8541
0.8450
0.8330
0.8340
0.8298
0.8230
0.8500
0.8380
0.8328
0.8270
0.8510
0.8330
0.8298
0.8360
0.8320
0.8380
0.8450
0.8350
0.8390
0.8360
0.8328
0.8410
0.8270
0.8410
0.8359
0.8450
0.8210
0.8400
0.8450
0.8410
0.8270
0.8370
0.8480
0.8250
0.8440
0.8500
0.8024
0.8210
0.8430
0.8390
0.8511
0.8340
0.8490
0.8160
0.8632
0.8350
0.8520
0.8230
0.8298
0.8540
0.8280
0.8320
0.8176
0.8210
0.8450
0.8420
0.8389
0.8460
0.8210
0.8410
0.8389
0.8280
0.8490
0.8280
0.8511
0.8230
0.8410
0.8410
0.8541
0.8230
0.8450
0.8440
0.8328
0.8380
0.8400
0.8350
0.8298
0.8300
0.8420
0.8410
0.8267
0.8490
0.8280
0.8340
0.8328
0.8310
0.8520
0.8400
0.7964
0.8320
0.8350
0.8410
0.8419
0.8360
0.8320
0.8410
0.8450
0.8200
0.8470
0.8450
0.8359
0.8220
0.8400
0.8400
0.8663
0.8660
0.8230
0.8320
0.8085
0.8240
0.8330
0.8460
0.8663
0.8460
0.8440
0.8210
0.8389
0.8620
0.8350
0.8150
0.8389
0.8420
0.8300
0.8450
0.8267
0.8430
0.8420
0.8360
0.8146
0.8120
0.8640
0.8410
0.8298
0.8410
0.8290
0.8410
0.8450
0.8220
0.8540
0.8320
0.8511
0.8290
0.8310
0.8450
0.8632
0.8440
0.8430
0.8310
0.8207
0.8180
0.8420
0.8500
0.8450
0.8310
0.8510
0.8250
0.8541
0.8150
0.8430
0.8510
0.8450
0.8360
0.8360
0.8320
0.8602
0.8410
0.8340
0.8400
0.8267
0.8510
0.8430
0.8300
0.8024
0.8590
0.8270
0.8330
0.8176
0.8420
0.8350
0.8300
0.8541
0.8340
0.8270
0.8500
0.8389
0.8520
0.8280
0.8260
0.8541
0.8420
0.8380
0.8260
0.8571
0.8320
0.8420
0.8450
0.8176
0.8330
0.8520
0.8370
0.8085
0.8360
0.8470
0.8310
0.8328
0.8480
0.8260
0.8380
0.8359
0.8380
0.8260
0.8470
0.8389
0.8280
0.8630
0.8260
0.8207
0.8450
0.8270
0.8480
0.8116
0.8450
0.8290
0.8320
0.8541
0.8290
0.8440
0.8430
0.8298
0.8460
0.8280
0.8300
0.8663
0.8690
0.8290
0.8140
0.8419
0.8420
0.8360
0.8400
0.8237
0.8510
0.8340
0.8260
0.8450
0.8180
0.8520
0.8430
0.8359
0.8490
0.8280
0.8350
0.8389
0.8340
0.8400
0.8280
0.8693
0.8420
0.8520
0.8230
0.8237
0.8260
0.8400
0.8460
0.8419
0.8250
0.8570
0.8310
0.8389
0.8260
0.8280
0.8550
0.8511
0.8350
0.8470
0.8230
0.8632
0.8310
0.8320
0.8410
0.8693
0.8360
0.8380
0.8550
0.7933
0.8280
0.8440
0.8500
0.8176
0.8350
0.8360
0.8410
0.8480
0.8320
0.8600
0.8240
0.8389
0.8520
0.8460
0.8290
0.8055
0.8410
0.8380
0.8330
0.8480
0.8530
0.8440
0.8230
0.8237
0.8360
0.8370
0.8400
0.8419
0.8360
0.8180
0.8530
0.8602
0.8230
0.8420
0.8450
0.8480
0.8480
0.8410
0.8210
0.8511
0.8260
0.8290
0.8540
0.8541
0.8420
0.8270
0.8590
0.8024
0.8400
0.8520
0.8250
0.8359
0.8270
0.8400
0.8460
0.8480
0.8260
0.8360
0.8480
0.8602
0.8180
0.8410
0.8580
0.8389
0.8350
0.8370
0.8350
0.8693
0.8420
0.8490
0.8320
0.8207
0.8250
0.8510
0.8410
0.8359
0.8420
0.8400
0.8320
0.8450
0.8400
0.8400
0.8370
0.8359
0.8460
0.8430
0.8300
0.8298
0.8340
0.8440
0.8400
0.8328
0.8410
0.8430
0.8370
0.8237
0.8340
0.8480
0.8370
0.8298
0.8560
0.8400
0.8280
0.8176
0.8430
0.8360
0.8240
0.8815
0.8380
0.8420
0.8480
0.8055
0.8220
0.8620
0.8330
0.8419
0.8280
0.8450
0.8480
0.8298
0.8480
0.8350
0.8340
0.8419
0.8510
0.8370
0.8330
0.8298
0.8390
0.8500
0.8260
0.8480
0.8530
0.8440
0.8180
0.8480
0.8590
0.8390
0.8200
0.8389
0.8510
0.8410
0.8360
0.8055
0.8580
0.8280
0.8320
0.8359
0.8350
0.8310
0.8440
0.8602
0.8170
0.8380
0.8580
0.8541
0.8250
0.8610
0.8310
0.8419
0.8400
0.8340
0.8450
0.8359
0.8510
0.8310
0.8390
0.8267
0.8250
0.8430
0.8430
0.8571
0.8370
0.8360
0.8440
0.8389
0.8370
0.8460
0.8370
0.8389
0.8540
0.8250
0.8380
0.8480
0.8390
0.8320
0.8480
0.8419
0.8430
0.8330
0.8460
0.8359
0.8420
0.8390
0.8470
0.8176
0.8360
0.8540
0.8370
0.8207
0.8430
0.8600
0.8180
0.8389
0.8570
0.8390
0.8260
0.8389
0.8620
0.8390
0.8300
0.8116
0.8440
0.8410
0.8340
0.8480
0.8420
0.8510
0.8300
0.8359
0.8340
0.8430
0.8430
0.8419
0.8560
0.8280
0.8310
0.8602
0.8680
0.8350
0.8210
0.8328
0.8390
0.8560
0.8230
0.8541
0.8500
0.8460
0.8220
0.8541
0.8490
0.8430
0.8200
0.8723
0.8320
0.8430
0.8430
0.8541
0.8440
0.8390
0.8400
0.8359
0.8490
0.8390
0.8380
0.8298
0.8370
0.8510
0.8370
0.8328
0.8470
0.8470
0.8300
0.8359
0.8330
0.8350
0.8510
0.8480
0.8300
0.8360
0.8610
0.8267
0.8580
0.8370
0.8330
0.8298
0.8410
0.8280
0.8550
0.8450
0.8340
0.8580
0.8320
0.8450
0.8410
0.8530
0.8400
0.8146
0.8370
0.8370
0.8410
0.8723
0.8430
0.8260
0.8590
0.8328
0.8420
0.8370
0.8510
0.8267
0.8400
0.8290
0.8540
0.8480
0.8470
0.8360
0.8520
0.8146
0.8490
0.8330
0.8450
0.8389
0.8270
0.8370
0.8620
0.8389
0.8580
0.8470
0.8320
0.8024
0.8370
0.8370
0.8490
0.8480
0.8300
0.8430
0.8500
0.8511
0.8380
0.8160
0.8600
0.8784
0.8370
0.8510
0.8340
0.8693
0.8550
0.8460
0.8350
0.8359
0.8550
0.8520
0.8380
0.8207
0.8380
0.8370
0.8580
0.8541
0.8430
0.8450
0.8480
0.8480
0.8470
0.8490
0.8410
0.8480
0.8480
0.8510
0.8490
0.8267
0.8540
0.8410
0.8490
0.8389
0.8360
0.8510
0.8620
0.8267
0.8460
0.8400
0.8500
0.8693
0.8470
0.8540
0.8400
0.8571
0.8470
0.8410
0.8510
0.8693
0.8510
0.8440
0.8490
0.8541
0.8550
0.8500
0.8420
0.8389
0.8400
0.8570
0.8450
0.8602
0.8530
0.8410
0.8460
0.8663
0.8610
0.8490
0.8470
0.8237
0.8620
0.8430
0.8500
0.8298
0.8440
0.8540
0.8610
0.8176
0.8450
0.8540
0.8510
0.8480
0.8460
0.8600
0.8500
0.8328
0.8520
0.8430
0.8470
0.8784
0.8380
0.8570
0.8580
0.8450
0.8560
0.8400
0.8510
0.8632
0.8480
0.8430
0.8510
0.8815
0.8470
0.8550
0.8480
0.8602
0.8380
0.8540
0.8650
0.8419
0.8540
0.8460
0.8470
0.8723
0.8460
0.8630
0.8490
0.8480
0.8660
0.8340
0.8540
0.8602
0.8560
0.8430
0.8500
0.8754
0.8620
0.8570
0.8410
0.8419
0.8280
0.8600
0.8550
0.8967
0.8580
0.8650
0.8410
0.8328
0.8530
0.8480
0.8530
0.8632
0.8550
0.8670
0.8450
0.8267
0.8510
0.8530
0.8450
0.8815
0.8540
0.8640
0.8480
0.8389
0.8480
0.8620
0.8580
0.8389
0.8470
0.8360
0.8760
0.8723
0.8690
0.8230
0.8760
0.8541
0.8720
0.8560
0.8440
0.8419
0.8430
0.8550
0.8750
0.8389
0.8400
0.8700
0.8480
0.8936
0.8690
0.8510
0.8480
0.8632
0.8620
0.8520
0.8680
0.8207
0.8430
0.8580
0.8620
0.8815
0.8560
0.8440
0.8600
0.8906
0.8660
0.8610
0.8490
0.8450
0.8520
0.8610
0.8560
0.8663
0.8520
0.8600
0.8600
0.8632
0.8560
0.8460
0.8690
0.8693
0.8600
0.8540
0.8590
0.8632
0.8650
0.8630
0.8490
0.8511
0.8630
0.8570
0.8460
0.8845
0.8680
0.8540
0.8560
0.8480
0.8620
0.8630
0.8450
0.8723
0.8530
0.8620
0.8630
0.8480
0.8770
0.8390
0.8660
0.8359
0.8540
0.8580
0.8620
0.8602
0.8520
0.8750
0.8560
0.8328
0.8500
0.8600
0.8560
0.8845
0.8670
0.8440
0.8650
0.8571
0.8630
0.8610
0.8470
0.8723
0.8540
0.8690
0.8560
0.8480
0.8530
0.8650
0.8580
0.8571
0.8670
0.8640
0.8570
0.8207
0.8530
0.8490
0.8700
0.8693
0.8580
0.8700
0.8490
0.8571
0.8630
0.8630
0.8550
0.8480
0.8540
0.8550
0.8690
0.8571
0.8680
0.8620
0.8570
0.8298
0.8570
0.8470
0.8720
0.8632
0.8550
0.8670
0.8650
0.8298
0.8760
0.8470
0.8650
0.8267
0.8710
0.8490
0.8560
0.8723
0.8540
0.8630
0.8570
0.8815
0.8600
0.8700
0.8520
0.8571
0.8650
0.8620
0.8520
0.8663
0.8570
0.8590
0.8580
0.8784
0.8610
0.8590
0.8540
0.8815
0.8640
0.8760
0.8550
0.8176
0.8690
0.8690
0.8480
0.8480
0.8870
0.8500
0.8460
0.8571
0.8730
0.8440
0.8650
0.8602
0.8810
0.8600
0.8500
0.8328
0.8530
0.8780
0.8560
0.8450
0.8520
0.8670
0.8580
0.8754
0.8630
0.8670
0.8600
0.8359
0.8420
0.8690
0.8760
0.8450
0.8650
0.8570
0.8590
0.8693
0.8600
0.8630
0.8640
0.8511
0.8630
0.8500
0.8650
0.8784
0.8540
0.8660
0.8620
0.8663
0.8760
0.8560
0.8590
0.8389
0.8580
0.8550
0.8690
0.8723
0.8690
0.8750
0.8500
0.8359
0.8740
0.8670
0.8490
0.8480
0.8570
0.8520
0.8770
0.8602
0.8760
0.8490
0.8690
0.8359
0.8490
0.8710
0.8670
0.8571
0.8750
0.8650
0.8380
0.8845
0.8560
0.8550
0.8820
0.8419
0.8690
0.8560
0.8650
0.8511
0.8510
0.8870
0.8460
0.8723
0.8500
0.8690
0.8640
0.8754
0.8640
0.8670
0.8570
0.8602
0.8700
0.8550
0.8620
0.8663
0.8620
0.8600
0.8800
0.8207
0.8590
0.8670
0.8660
0.8541
0.8690
0.8630
0.8610
0.8480
0.8570
0.8560
0.8720
0.8723
0.8710
0.8580
0.8670
0.8419
0.8740
0.8620
0.8590
0.8511
0.8530
0.8780
0.8690
0.8389
0.8660
0.8540
0.8690
0.8754
0.8540
0.8760
0.8720
0.8419
0.8710
0.8640
0.8590
0.8663
0.8750
0.8380
0.8790
0.8723
0.8630
0.8720
0.8570
0.8723
0.8660
0.8600
0.8700
0.8632
0.8550
0.8700
0.8680
0.8723
0.8400
0.8850
0.8660
0.8784
0.8590
0.8520
0.8820
0.8754
0.8730
0.8640
0.8580
0.8693
0.8730
0.8670
0.8530
0.8815
0.8630
0.8630
0.8780
0.8480
0.8530
0.8700
0.8760
0.8632
0.8600
0.8590
0.8840
0.8511
0.8720
0.8590
0.8660
0.8693
0.8680
0.8690
0.8620
0.8632
0.8830
0.8740
0.8470
0.8480
0.8690
0.8670
0.8610
0.8693
0.8680
0.8680
0.8660
0.8541
0.8600
0.8670
0.8670
0.8784
0.8650
0.8880
0.8440
0.8693
0.8670
0.8580
0.8730
0.8663
0.8570
0.8720
0.8740
0.8511
0.8650
0.8580
0.8730
0.8723
0.8740
0.8630
0.8740
0.8267
0.8660
0.8650
0.8780
0.8328
0.8770
0.8770
0.8470
0.8571
0.8630
0.8770
0.8480
0.8967
0.8480
0.8750
0.8790
0.8511
0.8590
0.8610
0.8710
0.8845
0.8570
0.8690
0.8640
0.8906
0.8590
0.8700
0.8590
0.8997
0.8640
0.8740
0.8670
0.8480
0.8660
0.8780
0.8550
0.8663
0.8600
0.8680
0.8680
0.8754
0.8810
0.8570
0.8600
0.8693
0.8640
0.8670
0.8670
0.8723
0.8650
0.8620
0.8800
0.8450
0.8890
0.8480
0.8610
0.8784
0.8720
0.8630
0.8600
0.8875
0.8620
0.8730
0.8650
0.8723
0.8760
0.8470
0.8740
0.8815
0.8780
0.8700
0.8630
0.8389
0.8580
0.8670
0.8830
0.8480
0.8490
0.8750
0.8700
0.8875
0.8700
0.8600
0.8700
0.8693
0.8650
0.8530
0.8780
0.8815
0.8740
0.8600
0.8730
0.8480
0.8660
0.8640
0.8710
0.8663
0.8790
0.8650
0.8560
0.8693
0.8690
0.8490
0.8720
0.8997
0.8710
0.8670
0.8710
0.8419
0.8660
0.8750
0.8570
0.8784
0.8570
0.8690
0.8710
0.8815
0.8670
0.8740
0.8630
0.8602
0.8760
0.8670
0.8640
0.8511
0.8700
0.8660
0.8620
0.8784
0.8850
0.8730
0.8620
0.8116
0.8720
0.8600
0.8560
0.9088
0.8790
0.8580
0.8770
0.8328
0.8670
0.8610
0.8740
0.8693
0.8570
0.8840
0.8650
0.8602
0.8640
0.8580
0.8840
0.8602
0.8690
0.8640
0.8740
0.8571
0.8690
0.8670
0.8640
0.8784
0.8610
0.8600
0.8890
0.8480
0.8720
0.8780
0.8530
0.8723
0.8580
0.8810
0.8710
0.8511
0.8650
0.8690
0.8710
0.8663
0.8740
0.8630
0.8730
0.8511
0.8710
0.8640
0.8640
0.8845
0.8730
0.8590
0.8700
0.8754
0.8570
0.8820
0.8720
0.8480
0.8740
0.8700
0.8630
0.8602
0.8700
0.8620
0.8770
0.8571
0.8690
0.8660
0.8670
0.8815
0.8810
0.8560
0.8660
0.8784
0.8700
0.8600
0.8790
0.8602
0.8470
0.8790
0.8710
0.8997
0.8700
0.8740
0.8570
0.8875
0.8650
0.8630
0.8760
0.8784
0.8580
0.8690
0.8770
0.8784
0.8790
0.8550
0.8720
0.8723
0.8770
0.8630
0.8670
0.8693
0.8720
0.8830
0.8590
0.8480
0.8620
0.8640
0.8770
0.8815
0.8760
0.8570
0.8670
0.8906
0.8680
0.8730
0.8680
0.8632
0.8680
0.8490
0.8860
0.8815
0.8740
0.8610
0.8720
0.8754
0.8840
0.8630
0.8600
0.8723
0.8680
0.8690
0.8790
0.8450
0.8810
0.8610
0.8620
0.8815
0.8860
0.8830
0.8550
0.8267
0.8780
0.8790
0.8560
0.8602
0.8840
0.8590
0.8660
0.8723
0.8670
0.8710
0.8690
0.8815
0.8700
0.8820
0.8600
0.8693
0.8750
0.8750
0.8690
0.8450
0.8660
0.8780
0.8560
0.9027
0.8740
0.8660
0.8700
0.8723
0.8640
0.8740
0.8700
0.8784
0.8830
0.8730
0.8590
0.8571
0.8690
0.8770
0.8740
0.8450
0.8600
0.8740
0.8720
0.8875
0.8710
0.8710
0.8760
0.8511
0.8620
0.8840
0.8690
0.8571
0.8800
0.8740
0.8650
0.8450
0.8840
0.8650
0.8510
0.9088
0.8750
0.8580
0.8640
0.9179
0.8610
0.8760
0.8840
0.8450
0.8720
0.8750
0.8750
0.8419
0.8640
0.8830
0.8640
0.8754
0.8560
0.8690
0.8840
0.8815
0.8760
0.8780
0.8580
0.8754
0.8620
0.8780
0.8760
0.8632
0.8840
0.8680
0.8670
0.8632
0.8760
0.8830
0.8580
0.8693
0.8790
0.8630
0.8600
0.9149
0.8710
0.8680
0.8750
0.8784
0.8840
0.8610
0.8670
0.8845
0.8770
0.8630
0.8820
0.8541
0.8710
0.8670
0.8670
0.9058
0.8720
0.8780
0.8680
0.8663
0.8830
0.8550
0.8870
0.8450
0.8690
0.8730
0.8770
0.8663
0.8770
0.8700
0.8700
0.8723
0.8730
0.8780
0.8680
0.8663
0.8770
0.8750
0.8640
0.8723
0.8820
0.8660
0.8670
0.8754
0.8760
0.8640
0.8720
0.8875
0.8640
0.8710
0.8760
0.8906
0.8630
0.8720
0.8870
0.8571
0.8800
0.8490
0.8920
0.8602
0.8630
0.8760
0.8810
0.8602
0.8780
0.8860
0.8510
0.8784
0.8850
0.8690
0.8630
0.8723
0.8840
0.8660
0.8630
0.8845
0.8710
0.8680
0.8760
0.8784
0.8750
0.8730
0.8630
0.8906
0.8600
0.8860
0.8760
0.8571
0.8860
0.8740
0.8610
0.8602
0.8750
0.8730
0.8630
0.8906
0.8850
0.8620
0.8820
0.8359
0.8700
0.8820
0.8680
0.8632
0.8740
0.8700
0.8650
0.8967
0.8830
0.8760
0.8680
0.8419
0.8730
0.8710
0.8750
0.8663
0.8650
0.8790
0.8840
0.8389
0.8740
0.8720
0.8670
0.8845
0.8710
0.8660
0.8830
0.8632
0.8640
0.8690
0.8710
0.9119
0.8680
0.8680
0.8710
0.9027
0.8790
0.8790
0.8660
0.8511
0.8610
0.8790
0.8720
0.8875
0.8800
0.8730
0.8660
0.8663
0.8750
0.8650
0.8760
0.8754
0.8740
0.8860
0.8590
0.8663
0.8670
0.8790
0.8710
0.8784
0.8840
0.8750
0.8650
0.8571
0.8640
0.8820
0.8650
0.8967
0.8620
0.8650
0.8830
0.8997
0.8820
0.8600
0.8690
0.8967
0.8720
0.8710
0.8670
0.8997
0.8740
0.8780
0.8620
0.8875
0.8620
0.8790
0.8740
0.8845
0.8660
0.8680
0.8840
0.8784
0.8830
0.8800
0.8580
0.8693
0.8690
0.8720
0.8830
0.8602
0.8690
0.8690
0.8790
0.8815
0.8870
0.8550
0.8730
0.8875
0.8860
0.8580
0.8690
0.8936
0.8740
0.8770
0.8690
0.8723
0.8770
0.8710
0.8740
0.8693
0.8700
0.8800
0.8750
0.8602
0.8750
0.8550
0.8820
0.8997
0.8630
0.8830
0.8750
0.8723
0.8690
0.8860
0.8710
0.8571
0.8670
0.8750
0.8790
0.8723
0.8870
0.8710
0.8590
0.8875
0.8750
0.8570
0.8940
0.8602
0.8810
0.8760
0.8750
0.8419
0.8680
0.8830
0.8650
0.8906
0.8720
0.8680
0.8890
0.8511
0.8730
0.8700
0.8750
0.8845
0.8730
0.8780
0.8720
0.8693
0.8820
0.8820
0.8670
0.8450
0.8660
0.8820
0.8790
0.8571
0.8700
0.8840
0.8800
0.8359
0.8780
0.8730
0.8690
0.8784
0.8810
0.8670
0.8770
0.8632
0.8540
0.8810
0.8770
0.9027
0.8660
0.8830
0.8730
0.8754
0.8680
0.8940
0.8580
0.8845
0.8800
0.8800
0.8670
0.8632
0.8570
0.8750
0.8940
0.8663
0.8790
0.8630
0.8750
0.8936
0.8780
0.8900
0.8580
0.8693
0.8790
0.8690
0.8730
0.8845
0.8610
0.8740
0.8840
0.8906
0.8800
0.8640
0.8870
0.8541
0.8760
0.8820
0.8710
0.8602
0.8790
0.8700
0.8850
0.8450
0.8690
0.8740
0.8740
0.8967
0.8710
0.8780
0.8670
0.8997
0.8690
0.8750
0.8780
0.8784
0.8700
0.8800
0.8680
0.8906
0.8770
0.8780
0.8660
0.8845
0.8830
0.8630
0.8910
0.8359
0.8810
0.8670
0.8790
0.8663
0.8770
0.8640
0.8830
0.8784
0.8720
0.8750
0.8770
0.8784
0.8570
0.8900
0.8870
0.8480
0.8900
0.8810
0.8660
0.8389
0.8700
0.8700
0.8860
0.8723
0.8810
0.8650
0.8850
0.8571
0.8650
0.8810
0.8690
0.9058
0.8790
0.8830
0.8760
0.8359
0.8770
0.8650
0.8730
0.9058
0.8690
0.8760
0.8730
0.8967
0.8680
0.8780
0.8760
0.8875
0.8840
0.8630
0.8820
0.8663
0.8850
0.8720
0.8740
0.8602
0.8850
0.8610
0.8740
0.8936
0.8840
0.8710
0.8700
0.8784
0.8980
0.8770
0.8600
0.8480
0.8780
0.8730
0.8690
0.8936
0.8860
0.8770
0.8620
0.8784
0.8680
0.8850
0.8710
0.8815
0.8670
0.8820
0.8780
0.8723
0.8640
0.8760
0.8860
0.8754
0.8660
0.8710
0.8900
0.8723
0.8870
0.8780
0.8570
0.8875
0.8680
0.8890
0.8720
0.8663
0.8840
0.8710
0.8710
0.8754
0.8810
0.8790
0.8610
0.8906
0.8650
0.8870
0.8760
0.8693
0.8760
0.8690
0.8800
0.8784
0.8790
0.8650
0.8750
0.8967
0.8860
0.8710
0.8710
0.8693
0.8830
0.8660
0.8760
0.8784
0.8810
0.8660
0.8770
0.8815
0.8700
0.8720
0.8850
0.8723
0.8840
0.8610
0.8860
0.8602
0.8860
0.8660
0.8820
0.8511
0.8910
0.8650
0.8740
0.8663
0.8570
0.8810
0.8860
0.8845
0.8820
0.8560
0.8810
0.8997
0.8840
0.8660
0.8770
0.8754
0.8910
0.8570
0.8810
0.8693
0.8740
0.8690
0.8960
0.8389
0.8800
0.8650
0.8760
0.8936
0.8890
0.8790
0.8600
0.8754
0.8670
0.8870
0.8720
0.8815
0.8830
0.8690
0.8840
0.8511
0.8740
0.8650
0.8890
0.8754
0.8710
0.8690
0.8800
0.8997
0.8710
0.8760
0.8830
0.8693
0.8750
0.8850
0.8680
0.8784
0.8690
0.8860
0.8780
0.8632
0.8660
0.8920
0.8770
0.8571
0.8870
0.8790
0.8660
0.8632
0.8860
0.8670
0.8730
0.8815
0.8680
0.8850
0.8750
0.8754
0.8660
0.8730
0.8820
0.8967
0.8700
0.8710
0.8810
0.8936
0.8710
0.8770
0.8810
0.8723
0.8820
0.8830
0.8670
0.8632
0.8920
0.8790
0.8550
0.8815
0.8730
0.8670
0.8810
0.8967
0.8680
0.8730
0.8890
0.8693
0.8840
0.8630
0.8800
0.8784
0.8820
0.8630
0.8770
0.8936
0.8700
0.8860
0.8760
0.8632
0.8580
0.8790
0.8960
0.8602
0.8700
0.8780
0.8900
0.8480
0.8720
0.8890
0.8660
0.8815
0.8690
0.8810
0.8710
0.8997
0.8880
0.8710
0.8660
0.8875
0.8890
0.8780
0.8630
0.8723
0.8960
0.8700
0.8710
0.8541
0.8710
0.8790
0.8830
0.8663
0.8530
0.8770
0.8920
0.8997
0.8830
0.8910
0.8580
0.8693
0.8790
0.8720
0.8770
0.8815
0.8720
0.8780
0.8800
0.8754
0.8720
0.8760
0.8780
0.8875
0.8540
0.8930
0.8880
0.8602
0.8830
0.8770
0.8840
0.8328
0.8880
0.8650
0.8740
0.8845
0.8920
0.8740
0.8700
0.8602
0.8910
0.8700
0.8720
0.8693
0.8780
0.8640
0.8850
0.8875
0.8760
0.8780
0.8850
0.8480
0.8780
0.8860
0.8730
0.8541
0.8640
0.8710
0.8950
0.8754
0.8780
0.8770
0.8770
0.8723
0.8660
0.8750
0.8800
0.9058
0.8930
0.8540
0.8800
0.8875
0.8810
0.8730
0.8750
0.8815
0.8800
0.8850
0.8610
0.8906
0.8730
0.8780
0.8710
0.9058
0.8790
0.8790
0.8870
0.8359
0.8810
0.8790
0.8740
0.8723
0.8830
0.8780
0.8700
0.8784
0.8660
0.8860
0.8750
0.8906
0.8820
0.8780
0.8740
0.8693
0.8810
0.8830
0.8670
0.8784
0.8690
0.8770
0.8900
0.8632
0.8840
0.8790
0.8740
0.8602
0.8690
0.8910
0.8700
0.8815
0.8720
0.8790
0.8820
0.8723
0.8800
0.8730
0.8850
0.8571
0.8850
0.8780
0.8740
0.8632
0.8710
0.8810
0.8840
0.8632
0.8880
0.8700
0.8720
0.8815
0.8860
0.8670
0.8790
0.8754
0.8840
0.8740
0.8730
0.8784
0.8630
0.8890
0.8780
0.8815
0.8860
0.8780
0.8640
0.8875
0.8750
0.8700
0.8860
0.8784
0.8930
0.8790
0.8510
0.9027
0.8810
0.8810
0.8720
0.8693
0.8710
0.8940
0.8620
0.8906
0.8820
0.8760
0.8790
0.8632
0.8650
0.8770
0.8800
0.9088
0.8760
0.8810
0.8710
0.8936
0.8860
0.8780
0.8690
0.8815
0.8740
0.8960
0.8560
0.9027
0.8850
0.8820
0.8730
0.8602
0.8850
0.8700
0.8840
0.8632
0.8820
0.8730
0.8760
0.8875
0.8830
0.8670
0.8840
0.8784
0.8810
0.8670
0.8730
0.9179
0.8870
0.8860
0.8630
0.8723
0.8840
0.8820
0.8840
0.8298
0.8780
0.8810
0.8890
0.8359
0.8750
0.8880
0.8780
0.8541
0.8710
0.8790
0.8860
0.8723
0.8790
0.8710
0.8780
0.8997
0.8820
0.8830
0.8720
0.8754
0.8750
0.8850
0.8750
0.8845
0.8830
0.8800
0.8680
0.8967
0.8770
0.8670
0.8880
0.8936
0.8700
0.8860
0.8760
0.8936
0.8800
0.8750
0.8840
0.8723
0.8770
0.8760
0.8810
0.8875
0.8710
0.8640
0.8830
0.9362
0.8740
0.8690
0.8900
0.8906
0.8840
0.8800
0.8720
0.8815
0.8770
0.8800
0.8820
0.8723
0.8840
0.8860
0.8730
0.8602
0.8870
0.8830
0.8640
0.8875
0.8570
0.8920
0.8920
0.8663
0.8890
0.8800
0.8780
0.8480
0.8860
0.8610
0.8880
0.8875
0.8780
0.8820
0.8710
0.8997
0.8780
0.8670
0.8830
0.9088
0.8690
0.8720
0.8950
0.8845
0.8740
0.8820
0.8770
0.8936
0.8930
0.8660
0.8810
0.8754
0.8830
0.8740
0.8780
0.8906
0.8760
0.8910
0.8670
0.8936
0.8800
0.8920
0.8650
0.8845
0.8800
0.8730
0.8770
0.9058
0.8820
0.8770
0.8760
0.8906
0.8830
0.8790
0.8860
0.8511
0.8820
0.8740
0.8840
0.8754
0.8720
0.8690
0.8900
0.9027
0.8760
0.8890
0.8750
0.8754
0.8820
0.8860
0.8730
0.8754
0.8890
0.8680
0.8790
0.8906
0.8750
0.8830
0.8770
0.8936
0.8850
0.8820
0.8820
0.8511
0.8860
0.8630
0.8860
0.8936
0.8870
0.8770
0.8720
0.8906
0.8770
0.8930
0.8700
0.8784
0.8830
0.8900
0.8660
0.8815
0.8750
0.8760
0.8850
0.8906
0.8760
0.8790
0.8810
0.8906
0.8770
0.8690
0.8910
0.8875
0.8800
0.8640
0.8950
0.8815
0.8810
0.8780
0.8770
0.8906
0.8870
0.8800
0.8620
0.9119
0.8730
0.8810
0.8810
0.8936
0.8840
0.8710
0.8910
0.8602
0.8950
0.8710
0.8730
0.8845
0.8670
0.8800
0.8840
0.9088
0.8910
0.8770
0.8730
0.8784
0.8890
0.8650
0.8860
0.8845
0.8800
0.9010
0.8630
0.8723
0.8880
0.8810
0.8710
0.8845
0.8800
0.8770
0.8840
0.8815
0.8950
0.8730
0.8780
0.8663
0.8730
0.8860
0.8970
0.8389
0.8750
0.8780
0.8830
0.8997
0.8760
0.8760
0.8860
0.8906
0.8880
0.8790
0.8730
0.8845
0.8790
0.8800
0.8820
0.8815
0.8740
0.9000
0.8680
0.8784
0.8830
0.8760
0.8800
0.8875
0.8790
0.8880
0.8730
0.8845
0.8910
0.8820
0.8690
0.8784
0.8710
0.8830
0.8880
0.8815
0.8700
0.8960
0.8830
0.8602
0.8930
0.8630
0.8780
0.9058
0.9010
0.8750
0.8690
0.8693
0.8900
0.8730
0.8830
0.8663
0.8880
0.8890
0.8700
0.8632
0.8930
0.8660
0.8820
0.8815
0.8770
0.8750
0.8860
0.8936
0.8770
0.8770
0.8820
0.8997
0.8900
0.8690
0.8750
0.9027
0.8870
0.8810
0.8800
0.8571
0.8800
0.8840
0.8810
0.8663
0.8840
0.8810
0.8750
0.8815
0.8760
0.8810
0.8840
0.8845
0.8720
0.8900
0.8760
0.8936
0.8860
0.8710
0.8830
0.8875
0.8810
0.8840
0.8870
0.8511
0.8940
0.8740
0.8780
0.8693
0.8960
0.8770
0.8750
0.8632
0.8920
0.8750
0.8770
0.8754
0.8830
0.8830
0.8790
0.8723
0.8950
0.8690
0.8820
0.8693
0.8890
0.8600
0.8900
0.8906
0.8810
0.8800
0.8880
0.8602
0.8670
0.8950
0.8800
0.8815
0.8740
0.8760
0.8900
0.8875
0.8790
0.8710
0.8860
0.8997
0.8830
0.8940
0.8780
0.8419
0.8780
0.8890
0.8840
0.8541
0.8920
0.8730
0.8730
0.8936
0.8770
0.8820
0.8850
0.8754
0.8870
0.8740
0.8840
0.8723
0.8830
0.8700
0.8910
0.8754
0.8720
0.8860
0.8830
0.8815
0.8730
0.8810
0.8860
0.8845
0.8960
0.8690
0.8820
0.8632
0.8830
0.8870
0.8650
0.8997
0.8740
0.8940
0.8650
0.9027
0.8860
0.8690
0.8870
0.8784
0.8770
0.8870
0.8720
0.8967
0.8770
0.8840
0.8750
0.8997
0.8910
0.8770
0.8820
0.8541
0.8760
0.8830
0.8800
0.8906
0.8990
0.8930
0.8580
0.8571
0.8910
0.8800
0.8800
0.8541
0.8730
0.8800
0.8860
0.8875
0.8680
0.8850
0.8870
0.8845
0.8820
0.8760
0.8830
0.8815
0.8840
0.8760
0.8810
0.8815
0.8830
0.8570
0.8950
0.8997
0.8850
0.8750
0.8800
0.8845
0.8930
0.8700
0.8800
0.8754
0.8920
0.8790
0.8730
0.8723
0.8900
0.8670
0.8740
0.9119
0.8730
0.8890
0.8790
0.8815
0.8720
0.8760
0.8880
0.8967
0.8850
0.8780
0.8780
0.8815
0.8740
0.8910
0.8800
0.8723
0.8830
0.8940
0.8700
0.8663
0.8950
0.8720
0.8690
0.8997
0.8620
0.8920
0.8860
0.8875
0.8860
0.8760
0.8780
0.8875
0.8850
0.8870
0.8720
0.8754
0.8830
0.8790
0.8800
0.8815
0.8820
0.8940
0.8750
0.8541
0.8820
0.8720
0.8910
0.8723
0.8760
0.8780
0.8870
0.8845
0.8730
0.8790
0.8810
0.9088
0.8880
0.8670
0.8940
0.8602
0.8810
0.8710
0.8860
0.8967
0.8910
0.8620
0.8880
0.8875
0.8790
0.8770
0.8790
0.9058
0.8840
0.8760
0.8810
0.8875
0.8690
0.8880
0.8780
0.9058
0.8720
0.8630
0.8940
0.9240
0.8630
0.8950
0.8860
0.8784
0.8760
0.8860
0.8850
0.8693
0.8900
0.8690
0.8910
0.8602
0.8730
0.8850
0.8800
0.8967
0.8880
0.8810
0.8780
0.8693
0.8840
0.8820
0.8810
0.8693
0.8750
0.8940
0.8810
0.8602
0.8820
0.8790
0.8830
0.8784
0.8750
0.8720
0.8930
0.8906
0.8840
0.8920
0.8600
0.9027
0.8790
0.8680
0.8930
0.8875
0.8740
0.8820
0.8800
0.8997
0.8870
0.8880
0.8770
0.8541
0.8800
0.8930
0.8710
0.8784
0.8790
0.8820
0.8770
0.8967
0.8800
0.8860
0.8650
0.9149
0.8820
0.8820
0.8790
0.8815
0.8860
0.8830
0.8790
0.8663
0.8760
0.8790
0.8860
0.8845
0.8730
0.8790
0.8880
0.8906
0.8840
0.8860
0.8740
0.8784
0.8660
0.8970
0.8780
0.8875
0.8910
0.8810
0.8630
0.9058
0.8800
0.8790
0.8770
0.9027
0.8860
0.8870
0.8710
0.8784
0.8780
0.8880
0.8720
0.8967
0.8800
0.8860
0.8800
0.8723
0.8950
0.8670
0.8790
0.8875
0.8710
0.8880
0.8910
0.8602
0.8780
0.8800
0.8890
0.8693
0.8860
0.8900
0.8750
0.8571
0.8790
0.8740
0.8830
0.8997
0.8800
0.8730
0.8910
0.8754
0.8860
0.8730
0.8820
0.8875
0.8830
0.8910
0.8720
0.8723
0.8630
0.9040
0.8720
0.8936
0.8610
0.8870
0.8890
0.8997
0.8810
0.8830
0.8890
0.8511
0.8820
0.8780
0.8860
0.8723
0.8800
0.8950
0.8740
0.8632
0.8850
0.8850
0.8740
0.8815
0.8940
0.8750
0.8780
0.8723
0.8940
0.8930
0.8670
0.8511
0.8700
0.8890
0.8760
0.9088
0.8740
0.8720
0.8900
0.9058
0.8850
0.8730
0.8860
0.8845
0.8860
0.8870
0.8690
0.8906
0.8720
0.8650
0.8900
0.9362
0.8930
0.8890
0.8670
0.8693
0.8680
0.8860
0.8870
0.8936
0.8630
0.8930
0.8840
0.8967
0.8780
0.8890
0.8820
0.8693
0.8790
0.8820
0.8790
0.8967
0.8850
0.8800
0.8860
0.8632
0.8760
0.8770
0.8920
0.8815
0.8830
0.8720
0.8870
0.8906
0.8910
0.8730
0.8760
0.8967
0.8860
0.8920
0.8750
0.8571
0.8820
0.8800
0.8860
0.8723
0.8790
0.8720
0.9020
0.8571
0.8930
0.8740
0.8780
0.8815
0.8850
0.8830
0.8750
0.8875
0.8760
0.8920
0.8720
0.8997
0.8810
0.8790
0.8900
0.8693
0.8700
0.8900
0.8910
0.8663
0.8850
0.8900
0.8780
0.8602
0.8690
0.8950
0.8780
0.8906
0.8690
0.8910
0.8810
0.8967
0.8840
0.8790
0.8800
0.8906
0.8700
0.8760
0.8930
0.8997
0.8700
0.8850
0.8880
0.8875
0.8880
0.8860
0.8670
0.8936
0.8950
0.8770
0.8750
0.8754
0.8950
0.8890
0.8610
0.8815
0.8790
0.8650
0.8970
0.8936
0.8850
0.8860
0.8780
0.8693
0.8750
0.8880
0.8870
0.8663
0.8910
0.8770
0.8760
0.8845
0.8700
0.8990
0.8810
0.8663
0.8590
0.8880
0.9020
0.8693
0.8870
0.8940
0.8620
0.8875
0.8880
0.8910
0.8680
0.8754
0.8690
0.8870
0.8850
0.8936
0.8740
0.8860
0.8770
0.9058
0.8830
0.8790
0.8750
0.9058
0.8840
0.8800
0.8790
0.8875
0.8890
0.8830
0.8840
0.8480
0.8910
0.8930
0.8730
0.8450
0.8840
0.8680
0.8900
0.8906
0.8730
0.8780
0.8910
0.8936
0.8760
0.8890
0.8760
0.8967
0.8810
0.8920
0.8780
0.8663
0.8790
0.8880
0.8740
0.8967
0.8820
0.8870
0.8730
0.8936
0.8870
0.8600
0.8940
0.8967
0.8830
0.8910
0.8780
0.8632
0.8880
0.8860
0.8750
0.8723
0.8760
0.8850
0.8850
0.8815
0.8670
0.8900
0.8880
0.8845
0.8610
0.8960
0.8880
0.8845
0.8820
0.8720
0.8950
0.8723
0.8900
0.8760
0.8890
0.8541
0.8820
0.8790
0.8850
0.8815
0.8890
0.8880
0.8730
0.8693
0.8890
0.8800
0.8750
0.8875
0.8760
0.8920
0.8850
0.8602
0.8690
0.8840
0.8910
0.8875
0.8700
0.8950
0.8840
0.8723
0.8750
0.8730
0.8940
0.8936
0.8930
0.8810
0.8710
0.8845
0.8780
0.8840
0.8840
0.8815
0.8840
0.8820
0.8820
0.8754
