0.0530
0.0640
0.0600
0.0600
0.0730
0.0741
0.0690
0.0720
0.0730
0.0700
0.0780
0.0556
0.0900
0.0920
0.0840
0.0970
0.0950
0.1111
0.1260
0.1380
0.1280
0.1230
0.1510
0.1481
0.1750
0.2100
0.2090
0.2200
0.2070
0.2037
0.2580
0.2860
0.3050
0.3090
0.3270
0.3333
0.3240
0.3680
0.3800
0.4030
0.3850
0.5185
0.4190
0.4170
0.4130
0.3830
0.4260
0.4259
0.4270
0.4310
0.4180
0.4550
0.4640
0.4815
0.4590
0.4620
0.4650
0.4450
0.4710
0.3704
0.4740
0.4910
0.4500
0.5080
0.4620
0.5370
0.4980
0.4910
0.4890
0.4780
0.5030
0.4815
0.4920
0.4960
0.5060
0.4990
0.5290
0.5000
0.4910
0.5220
0.5280
0.4910
0.5350
0.5370
0.5430
0.5050
0.5240
0.5410
0.5060
0.5000
0.5260
0.5350
0.5460
0.5280
0.5360
0.5000
0.5370
0.5730
0.5340
0.5690
0.5890
0.5185
0.5740
0.5950
0.5900
0.5960
0.5740
0.6111
0.5900
0.5990
0.6240
0.6350
0.6200
0.6481
0.6290
0.6510
0.6700
0.6790
0.6440
0.7407
0.6930
0.6910
0.6800
0.6930
0.7120
0.6111
0.7080
0.7380
0.7340
0.7580
0.7530
0.8148
0.7720
0.7930
0.7930
0.7910
0.7520
0.7222
0.8100
0.8070
0.8150
0.8080
0.8210
0.8333
0.8320
0.8130
0.8440
0.8270
0.8540
0.8333
0.8500
0.8580
0.8460
0.8370
0.8660
0.8704
0.8680
0.8400
0.8620
0.8710
0.8610
0.9259
0.8580
0.8630
0.8450
0.8870
0.8690
0.8148
0.8760
0.8610
0.8760
0.8610
0.8540
0.9074
0.8680
0.8750
0.8660
0.8670
0.8620
0.9815
0.8910
0.8430
0.8750
0.8660
0.8650
0.9630
0.8710
0.8780
0.8680
0.8740
0.8650
0.8333
0.8740
0.8930
0.8660
0.8630
0.8660
0.8704
0.8670
0.8880
0.8720
0.8660
0.8760
0.8519
0.8760
0.8850
0.8720
0.8740
0.8630
0.8704
0.8710
0.8800
0.8700
0.8800
0.8840
0.8148
0.8740
0.8820
0.8820
0.8630
0.8820
0.9444
0.8970
0.8650
0.8840
0.8770
0.8750
0.8333
0.8860
0.8750
0.8680
0.8730
0.8960
0.9444
0.8770
0.8770
0.8950
0.8770
0.8780
0.9259
0.8800
0.9100
0.9000
0.8630
0.8610
0.8889
0.8870
0.8820
0.8790
0.8800
0.8890
0.8889
0.8720
0.8990
0.8800
0.8800
0.8910
0.9074
0.8700
0.8870
0.8800
0.8890
0.9020
0.8889
0.8840
0.8860
0.8910
0.8880
0.8820
0.9259
0.9020
0.8880
0.8690
0.8890
0.8930
0.9074
0.8820
0.8810
0.8940
0.8900
0.8950
0.8519
0.8850
0.8940
0.8750
0.8890
0.8990
0.9259
0.8840
0.9040
0.8860
0.8810
0.8900
0.9259
0.8810
0.8940
0.8890
0.8960
0.8890
0.8889
0.8980
0.8750
0.8970
0.8890
0.8920
0.9259
0.8760
0.8920
0.8970
0.8940
0.9000
0.8148
0.8950
0.8810
0.8940
0.8860
0.9020
0.9259
0.8980
0.8850
0.8890
0.8970
0.8980
0.7963
0.8970
0.8990
0.8740
0.8910
0.9010
0.9074
0.9000
0.8880
0.9070
0.8830
0.8850
0.9444
0.9010
0.8980
0.8970
0.8910
0.8860
0.8333
0.8880
0.9050
0.8930
0.8950
0.8920
0.8704
0.9100
0.8790
0.8780
0.9070
0.9090
0.7778
0.8830
0.8870
0.9040
0.8990
0.9030
0.8889
0.8900
0.8840
0.8950
0.8970
0.9070
0.9444
0.8920
0.8870
0.8970
0.9090
0.8890
0.9444
0.9000
0.8810
0.8880
0.9030
0.9030
0.9259
0.9260
0.8860
0.8970
0.8950
0.8800
0.8333
0.8920
0.8880
0.9000
0.9030
0.9010
0.9259
0.9030
0.8870
0.9050
0.8900
0.9020
0.9444
0.8850
0.9060
0.8890
0.9070
0.9060
0.8704
0.9010
0.8810
0.9090
0.8960
0.9070
0.8333
0.8910
0.9020
0.9060
0.9090
0.8830
0.8704
0.9060
0.8800
0.8950
0.8910
0.9160
0.9444
0.9010
0.9010
0.9090
0.8930
0.8880
0.9259
0.8870
0.8970
0.9140
0.8980
0.8990
0.9074
0.8900
0.9080
0.9120
0.8960
0.8890
0.9259
0.8870
0.9060
0.8930
0.9150
0.8980
0.9074
0.9040
0.8970
0.8900
0.9080
0.9020
0.8889
0.8830
0.9090
0.9020
0.8920
0.9120
0.9074
0.8960
0.9140
0.8900
0.8900
0.9070
0.9259
0.9100
0.8930
0.9150
0.8750
0.9060
0.9259
0.9020
0.9170
0.8960
0.8940
0.8960
0.8704
0.8980
0.8930
0.8960
0.9180
0.9010
0.8704
0.8850
0.9000
0.9110
0.9070
0.8990
0.9444
0.9010
0.9040
0.9010
0.9000
0.8960
0.9815
0.8870
0.9150
0.9040
0.9070
0.8930
0.8704
0.8960
0.8970
0.9020
0.8970
0.9180
0.8519
0.8910
0.9050
0.9000
0.9080
0.9090
0.8519
0.9100
0.8980
0.9120
0.9070
0.8850
0.8889
0.8990
0.8950
0.9190
0.9050
0.8980
0.8519
0.8820
0.9120
0.9130
0.9050
0.9070
0.8148
0.9140
0.8980
0.9040
0.9130
0.8870
0.9259
0.9110
0.9090
0.8970
0.8960
0.9070
0.8704
0.9160
0.8910
0.9100
0.8960
0.9000
1.0000
0.9050
0.8990
0.9070
0.9080
0.8980
0.9259
0.9000
0.9150
0.9040
0.9010
0.8970
0.9630
0.8900
0.9030
0.9110
0.9020
0.9130
0.9630
0.9120
0.9080
0.9060
0.8930
0.9020
0.9630
0.9050
0.9090
0.9090
0.9080
0.8920
0.9444
0.9040
0.8990
0.9110
0.9140
0.9040
0.8148
0.8970
0.9070
0.9020
0.9120
0.9110
0.8704
0.9010
0.9150
0.9090
0.9030
0.9050
0.8333
0.9040
0.9090
0.8950
0.9140
0.9110
0.8704
0.9160
0.9070
0.9030
0.9000
0.9110
0.8333
0.9150
0.9080
0.8840
0.9030
0.9210
0.9630
0.9120
0.9090
0.9070
0.8970
0.9110
0.8704
0.9120
0.9090
0.9090
0.9090
0.8930
0.9444
0.8920
0.9030
0.9150
0.9160
0.9040
0.9444
0.8960
0.8960
0.9120
0.9150
0.9150
0.9074
0.9030
0.8940
0.9050
0.9200
0.9120
0.9074
0.9060
0.9020
0.9040
0.9140
0.9150
0.8148
0.8960
0.9260
0.8960
0.9080
0.9060
1.0000
0.9230
0.9030
0.9010
0.8980
0.9140
0.9074
0.8930
0.9030
0.9120
0.9140
0.9140
0.9444
0.9080
0.9120
0.9060
0.9130
0.9000
0.9444
0.9060
0.9120
0.9050
0.9040
0.9170
0.8519
0.9040
0.9230
0.9140
0.8970
0.9040
0.9259
0.9130
0.9300
0.8970
0.9120
0.8990
0.8148
0.9110
0.9220
0.9090
0.9080
0.8980
0.8704
0.9140
0.9010
0.9100
0.9040
0.9170
0.9074
0.9040
0.9040
0.8980
0.9160
0.9240
0.9259
0.9060
0.9150
0.9130
0.9020
0.9140
0.8704
0.9130
0.9110
0.8950
0.9190
0.9090
0.9815
0.8970
0.9070
0.9140
0.9170
0.9150
0.9444
0.9180
0.9230
0.9140
0.9050
0.8920
0.9074
0.9180
0.9250
0.9000
0.8990
0.9130
0.8704
0.9070
0.9190
0.9060
0.9190
0.9010
0.9074
0.9030
0.9240
0.8940
0.9180
0.9110
0.9630
0.9060
0.9190
0.9000
0.9110
0.9180
0.8889
0.9150
0.9010
0.9080
0.9070
0.9260
0.8333
0.9210
0.9040
0.9170
0.9070
0.9040
0.9259
0.9170
0.9170
0.8900
0.9100
0.9190
0.9259
0.9010
0.9110
0.9020
0.9250
0.9120
0.9630
0.8970
0.9250
0.9310
0.8990
0.9040
0.8519
0.9160
0.9100
0.8920
0.9190
0.9120
0.9630
0.9170
0.9160
0.9040
0.9170
0.9020
0.8333
0.9070
0.8980
0.9180
0.9130
0.9160
0.8889
0.9200
0.9030
0.9030
0.9140
0.9130
0.9074
0.9130
0.9130
0.9090
0.9080
0.9070
0.9444
0.9060
0.9080
0.9310
0.8990
0.9060
0.9444
0.9150
0.9000
0.9190
0.9040
0.9150
0.8889
0.9020
0.9200
0.9070
0.9070
0.9140
0.9444
0.8920
0.9100
0.9340
0.9000
0.9170
0.8889
0.9200
0.9010
0.8990
0.9200
0.9140
0.8704
0.9060
0.9090
0.9190
0.9030
0.9140
0.9259
0.9060
0.9140
0.8950
0.9070
0.9300
0.9074
0.9140
0.9100
0.9200
0.9100
0.8980
0.9074
0.9050
0.9000
0.9210
0.9190
0.9080
0.9074
0.9190
0.9280
0.8940
0.9130
0.8960
0.9630
0.9210
0.9160
0.9070
0.9080
0.9010
0.9074
0.8970
0.9080
0.9090
0.9260
0.9130
0.9259
0.9130
0.9170
0.9110
0.9160
0.8990
0.9074
0.9140
0.9130
0.9110
0.9050
0.9110
0.9444
0.9160
0.9240
0.9060
0.9090
0.9000
0.9444
0.9250
0.9190
0.8840
0.9140
0.9200
0.7963
0.9150
0.9070
0.9100
0.9180
0.9100
0.8704
0.9060
0.9160
0.9090
0.9070
0.9200
0.9259
0.9180
0.8980
0.9150
0.9090
0.9140
0.9630
0.9150
0.9260
0.9100
0.9060
0.8990
0.9259
0.9170
0.9130
0.9090
0.9030
0.9180
0.8704
0.9030
0.9110
0.9060
0.9060
0.9310
0.9259
0.9120
0.9170
0.8970
0.9270
0.9060
0.8889
0.9100
0.9160
0.9270
0.9100
0.8970
0.8889
0.9130
0.9070
0.9080
0.9160
0.9180
0.8519
0.9010
0.9030
0.9270
0.9050
0.9230
0.9074
0.9040
0.9160
0.9130
0.9120
0.9150
0.8704
0.8960
0.9080
0.9210
0.9150
0.9180
0.9259
0.9050
0.9190
0.9130
0.9050
0.9170
0.9259
0.9090
0.9130
0.9190
0.9060
0.9130
0.9259
0.9020
0.9090
0.9160
0.9100
0.9260
0.8889
0.9110
0.9260
0.9030
0.9220
0.9050
0.8333
0.9220
0.9170
0.9070
0.9090
0.9130
0.8333
0.9130
0.9050
0.9190
0.9090
0.9210
0.8704
0.9010
0.9150
0.9290
0.9130
0.9090
0.8704
0.9180
0.9110
0.9010
0.9190
0.9180
0.8889
0.8930
0.9200
0.9340
0.9220
0.8960
0.9259
0.9190
0.9040
0.9090
0.9150
0.9180
0.9074
0.9160
0.9080
0.9100
0.9130
0.9170
0.9444
0.9050
0.9210
0.9060
0.9150
0.9180
0.9444
0.9080
0.9350
0.9110
0.8960
0.9150
0.9444
0.9200
0.9180
0.9080
0.8930
0.9260
0.9259
0.9100
0.9050
0.9160
0.9200
0.9150
0.9074
0.9070
0.9220
0.9200
0.9150
0.9020
0.9074
0.9120
0.9080
0.9120
0.9190
0.9170
0.8704
0.9020
0.8980
0.9270
0.9080
0.9280
0.9444
0.9260
0.9030
0.9190
0.9110
0.9050
0.9259
0.9070
0.9080
0.9270
0.9190
0.9050
0.8889
0.9140
0.9320
0.9110
0.8880
0.9200
0.9259
0.9200
0.9070
0.9070
0.9230
0.9150
0.8148
0.9080
0.9070
0.9160
0.9100
0.9280
0.8889
0.9150
0.9100
0.9080
0.9200
0.9200
0.8333
0.9210
0.9130
0.9080
0.9170
0.9110
0.8889
0.9160
0.9150
0.9060
0.9090
0.9190
0.9630
0.9080
0.9280
0.9060
0.9160
0.9070
0.9815
0.9190
0.9030
0.9130
0.9110
0.9240
0.9074
0.9100
0.9290
0.8940
0.9160
0.9200
0.9259
0.9260
0.9020
0.9140
0.9180
0.9130
0.8704
0.9190
0.9200
0.9030
0.9090
0.9190
0.9444
0.9070
0.9170
0.9070
0.9100
0.9300
0.9259
0.9150
0.9180
0.9010
0.9250
0.9120
0.9444
0.9140
0.9050
0.9190
0.9130
0.9240
0.8889
0.9150
0.9240
0.9060
0.9120
0.9190
0.8889
0.9210
0.9170
0.9100
0.9150
0.9120
0.9074
0.9030
0.9090
0.9180
0.9250
0.9190
0.9259
0.9110
0.9070
0.9150
0.9230
0.9210
0.8889
0.9260
0.9100
0.9110
0.9150
0.9110
0.9630
0.9230
0.8970
0.9110
0.9140
0.9330
0.8704
0.9340
0.9270
0.8990
0.9130
0.9020
0.9259
0.9320
0.9150
0.8950
0.9220
0.9080
0.9815
0.9230
0.9090
0.9240
0.9120
0.9100
0.8889
0.8880
0.9130
0.9310
0.9340
0.9110
0.8889
0.9200
0.9130
0.9130
0.9060
0.9220
0.9444
0.9270
0.9030
0.9290
0.9020
0.9130
0.9259
0.9260
0.9050
0.9180
0.9040
0.9190
0.9630
0.9140
0.9170
0.9150
0.9140
0.9160
0.8889
0.9090
0.9190
0.9240
0.9140
0.9080
0.9444
0.9160
0.9110
0.9160
0.9180
0.9150
0.9444
0.9140
0.9220
0.9120
0.9140
0.9130
0.9630
0.9040
0.9030
0.9330
0.9120
0.9240
0.9815
0.9210
0.9130
0.9030
0.9150
0.9260
0.9444
0.9160
0.9230
0.9120
0.9110
0.9160
0.9444
0.9090
0.9130
0.9300
0.9070
0.9190
0.9444
0.9170
0.9120
0.9220
0.9110
0.9160
0.9444
0.9150
0.9130
0.9070
0.9240
0.9210
0.9074
0.9040
0.9210
0.9090
0.9230
0.9240
0.8889
0.9110
0.9110
0.9200
0.9150
0.9230
0.9074
0.9200
0.9270
0.9070
0.9090
0.9140
0.9630
0.9270
0.9240
0.9190
0.9140
0.8970
0.8889
0.9170
0.9180
0.9130
0.9120
0.9190
0.9259
0.9090
0.9120
0.9170
0.9150
0.9290
0.8704
0.9320
0.9150
0.9060
0.9090
0.9130
0.9630
0.9220
0.9140
0.9220
0.9130
0.9050
0.9444
0.9010
0.9240
0.9230
0.9190
0.9130
0.8889
0.9290
0.9220
0.9160
0.9090
0.9000
0.9630
0.9150
0.9110
0.9180
0.9150
0.9170
0.9630
0.9160
0.9170
0.9270
0.9070
0.9110
0.9444
0.9140
0.9190
0.9090
0.9210
0.9160
0.9444
0.9150
0.9040
0.9190
0.9240
0.9160
0.9630
0.9140
0.8990
0.9130
0.9240
0.9300
0.9074
0.9250
0.9040
0.9240
0.9150
0.9150
0.8704
0.9330
0.9210
0.9140
0.9120
0.9040
0.8519
0.9030
0.9240
0.9210
0.9160
0.9150
0.9630
0.9140
0.9360
0.9200
0.9060
0.9040
0.9444
0.9130
0.9160
0.9150
0.9300
0.9040
0.9630
0.9170
0.9110
0.9180
0.9270
0.9080
0.9074
0.9160
0.9070
0.9210
0.9080
0.9270
0.9444
0.9050
0.9290
0.9040
0.9220
0.9210
0.9074
0.9190
0.9220
0.9260
0.8950
0.9180
0.9259
0.9330
0.9070
0.9100
0.9160
0.9150
0.9259
0.9230
0.9270
0.9070
0.9030
0.9230
0.8889
0.9240
0.9080
0.9190
0.9190
0.9110
0.9259
0.9190
0.9080
0.9210
0.9170
0.9150
0.9444
0.9240
0.9160
0.9140
0.9160
0.9120
0.9259
0.9090
0.9110
0.9230
0.9210
0.9190
0.9259
0.9380
0.9150
0.9170
0.9040
0.9080
0.9444
0.9220
0.9320
0.9200
0.9130
0.8950
0.9444
0.9310
0.9060
0.9220
0.9190
0.9030
0.9630
0.9190
0.9200
0.9340
0.9060
0.9040
0.9444
0.9180
0.9300
0.9070
0.9250
0.9070
0.8704
0.9180
0.9140
0.9330
0.8990
0.9200
0.9444
0.9120
0.9070
0.9110
0.9420
0.9150
0.8889
0.9100
0.9100
0.9270
0.9200
0.9210
0.8704
0.9130
0.9100
0.9220
0.9160
0.9280
0.8704
0.9190
0.9200
0.9170
0.9060
0.9260
0.9074
0.9180
0.9070
0.9140
0.9190
0.9270
0.9444
0.9020
0.9230
0.9260
0.9210
0.9160
0.9074
0.9250
0.9030
0.9230
0.9180
0.9190
0.9074
0.9260
0.9070
0.9120
0.9260
0.9210
0.8519
0.9290
0.9210
0.9190
0.9030
0.9230
0.8148
0.9300
0.9140
0.9050
0.9170
0.9220
0.9444
0.9200
0.9200
0.9130
0.9140
0.9200
0.9630
0.9160
0.9140
0.9210
0.9190
0.9220
0.8704
0.9170
0.9220
0.9270
0.9150
0.9050
0.9815
0.9070
0.9190
0.9120
0.9220
0.9280
0.9444
0.9240
0.9110
0.9170
0.9150
0.9220
0.9444
0.9150
0.9200
0.9240
0.9170
0.9180
0.8704
0.9330
0.9090
0.9290
0.8990
0.9220
0.9259
0.9250
0.9180
0.9030
0.9210
0.9250
0.9074
0.9190
0.9340
0.9110
0.9100
0.9150
0.9630
0.9100
0.9270
0.9150
0.9060
0.9330
0.9444
0.9210
0.9140
0.9210
0.9160
0.9190
0.9444
0.9250
0.9160
0.9170
0.9200
0.9130
0.9444
0.9150
0.9190
0.9240
0.9170
0.9180
0.9074
0.9150
0.9190
0.9190
0.9200
0.9180
0.9259
0.9220
0.9300
0.9270
0.9130
0.9070
0.7778
0.9350
0.9240
0.9100
0.9210
0.9040
0.8889
0.9200
0.9170
0.9260
0.9200
0.9120
0.9259
0.9260
0.9140
0.9060
0.9280
0.9230
0.8889
0.9290
0.9180
0.9100
0.9210
0.9190
0.9074
0.9190
0.9180
0.9160
0.9220
0.9220
0.9074
0.9120
0.9110
0.9250
0.9180
0.9300
0.9259
0.9240
0.9180
0.9150
0.9170
0.9190
0.9815
0.9240
0.9170
0.9200
0.9140
0.9230
0.8889
0.9180
0.9210
0.9230
0.9140
0.9250
0.8333
0.9250
0.9140
0.9280
0.9110
0.9170
0.9259
0.9170
0.9220
0.9090
0.9250
0.9210
0.9444
0.9280
0.9110
0.9270
0.9180
0.9150
0.8519
0.9100
0.9240
0.9090
0.9320
0.9190
0.9444
0.9320
0.9190
0.9130
0.8960
0.9330
0.9630
0.9110
0.9280
0.9190
0.9080
0.9330
0.8519
0.9210
0.9170
0.9070
0.9240
0.9270
0.9074
0.9030
0.9270
0.9290
0.9250
0.9120
0.9444
0.9220
0.9180
0.9230
0.9220
0.9180
0.8519
0.9140
0.9130
0.9160
0.9280
0.9270
0.9444
0.9170
0.9230
0.9230
0.9160
0.9200
0.9444
0.9210
0.9170
0.9190
0.9110
0.9300
0.9630
0.9200
0.9130
0.9190
0.9080
0.9390
0.9444
0.9190
0.9300
0.9230
0.9180
0.9090
0.9444
0.9230
0.9140
0.9260
0.9280
0.9080
0.9074
0.9220
0.9300
0.9090
0.9170
0.9230
0.8704
0.9250
0.9220
0.9200
0.9150
0.9180
0.9259
0.9130
0.9180
0.9290
0.9150
0.9260
0.9074
0.9180
0.9310
0.9170
0.9220
0.9160
0.8519
0.9240
0.9240
0.9140
0.9190
0.9160
0.9815
0.9140
0.9310
0.9180
0.9320
0.9060
0.9259
0.9260
0.9210
0.9190
0.9070
0.9270
0.9444
0.9240
0.9310
0.9180
0.9180
0.9100
0.9259
0.9080
0.9190
0.9410
0.9130
0.9210
0.9074
0.9300
0.9080
0.9150
0.9210
0.9260
0.9444
0.9230
0.9200
0.9210
0.9120
0.9230
0.9630
0.9090
0.9290
0.9130
0.9360
0.9190
0.8148
0.9140
0.9190
0.9210
0.9130
0.9320
0.9444
0.9100
0.9080
0.9340
0.9170
0.9300
0.9444
0.9330
0.9140
0.9160
0.9010
0.9380
0.9074
0.9200
0.9160
0.9190
0.9160
0.9260
1.0000
0.9080
0.9360
0.9280
0.9190
0.9120
0.9074
0.9140
0.9220
0.9190
0.9210
0.9250
0.9444
0.9260
0.9230
0.9230
0.9150
0.9110
0.9815
0.9150
0.9270
0.9190
0.9280
0.9110
0.9444
0.9100
0.9270
0.9230
0.9260
0.9140
0.9630
0.9170
0.9280
0.9210
0.9240
0.9110
0.9444
0.9230
0.9140
0.9250
0.9190
0.9190
0.9630
0.9330
0.9110
0.9180
0.9170
0.9230
0.9074
0.9240
0.9170
0.9160
0.9160
0.9350
0.8333
0.9170
0.9180
0.9020
0.9400
0.9250
0.9444
0.9120
0.9230
0.9200
0.9130
0.9330
0.9630
0.9220
0.9240
0.9210
0.9210
0.9150
0.9259
0.9200
0.9090
0.9220
0.9400
0.9130
0.9074
0.9240
0.9240
0.9130
0.9180
0.9200
0.9815
0.9220
0.9340
0.9150
0.9220
0.9120
0.8889
0.9260
0.9270
0.9020
0.9210
0.9250
0.9444
0.9240
0.9230
0.9300
0.9140
0.9080
0.9444
0.9170
0.9210
0.9250
0.9060
0.9280
0.9444
0.9260
0.9260
0.9180
0.9110
0.9170
0.9444
0.9100
0.9170
0.9250
0.9240
0.9260
0.9074
0.9180
0.9070
0.9220
0.9180
0.9400
0.8704
0.9250
0.9170
0.9080
0.9190
0.9320
0.9259
0.9130
0.9130
0.9120
0.9330
0.9300
0.9444
0.9250
0.9310
0.9080
0.9220
0.9180
0.8889
0.9210
0.9180
0.9170
0.9290
0.9180
0.9074
0.9090
0.9150
0.9360
0.9170
0.9240
0.9444
0.9110
0.9260
0.9210
0.9240
0.9190
0.9815
0.9220
0.9230
0.9250
0.9150
0.9190
0.9259
0.9170
0.9250
0.9100
0.9290
0.9240
0.9074
0.9170
0.9220
0.9310
0.9080
0.9250
0.9444
0.9270
0.9190
0.9190
0.9190
0.9210
0.9259
0.9200
0.9100
0.9270
0.9190
0.9260
0.9259
0.9310
0.9030
0.9260
0.9080
0.9310
0.9074
0.9340
0.9140
0.9140
0.9160
0.9180
0.9444
0.9130
0.9200
0.9130
0.9180
0.9320
0.9259
0.9150
0.9160
0.9250
0.9160
0.9230
0.9630
0.9310
0.9120
0.9110
0.9150
0.9280
0.9444
0.9310
0.9130
0.9220
0.9190
0.9180
0.8704
0.9090
0.9160
0.9260
0.9340
0.9190
0.9444
0.9230
0.9280
0.9010
0.9180
0.9350
0.9815
0.9100
0.9190
0.9200
0.9260
0.9290
0.8889
0.9090
0.9130
0.9180
0.9210
0.9370
0.9444
0.9140
0.9300
0.9150
0.9100
0.9310
0.9074
0.9130
0.9110
0.9220
0.9210
0.9270
0.9815
0.9160
0.9130
0.9270
0.9130
0.9270
0.9444
0.9240
0.9150
0.9190
0.9220
0.9190
0.8889
0.9240
0.9030
0.9230
0.9110
0.9330
0.9630
0.9170
0.9130
0.9170
0.9270
0.9260
0.9074
0.9180
0.9160
0.9210
0.9170
0.9280
0.8704
0.9280
0.9130
0.9160
0.9230
0.9190
0.9444
0.9160
0.9280
0.9160
0.9270
0.9110
0.9630
0.9240
0.9100
0.9250
0.9310
0.9090
0.9259
0.9210
0.9310
0.8980
0.9180
0.9320
0.9259
0.9120
0.9320
0.9270
0.9310
0.9000
0.9074
0.9110
0.9220
0.9280
0.9170
0.9290
0.8519
0.9320
0.9050
0.9240
0.9260
0.9160
0.9444
0.9220
0.9220
0.9290
0.9220
0.9110
0.8889
0.9270
0.9230
0.9120
0.9220
0.9210
0.9074
0.9100
0.9290
0.9320
0.9070
0.9270
0.9074
0.9300
0.9280
0.9250
0.9130
0.9120
0.8889
0.9080
0.9340
0.9210
0.9300
0.9140
0.9259
0.9240
0.9400
0.9200
0.9120
0.9140
0.8889
0.9230
0.9270
0.9200
0.9250
0.9100
0.9444
0.9260
0.9160
0.9280
0.9120
0.9260
0.8889
0.9130
0.9240
0.9250
0.9220
0.9220
0.9444
0.9230
0.9250
0.9220
0.9220
0.9140
0.9630
0.9150
0.9160
0.9230
0.9300
0.9250
0.9259
0.9050
0.9280
0.9290
0.9240
0.9200
0.9815
0.9300
0.9300
0.9240
0.9160
0.9120
0.8889
0.9240
0.9360
0.9220
0.9160
0.9120
0.9259
0.9380
0.9190
0.9140
0.9070
0.9310
0.9444
0.9100
0.9160
0.9300
0.9210
0.9310
0.9630
0.9090
0.9210
0.9390
0.9220
0.9190
0.9444
0.9230
0.9170
0.9280
0.9280
0.9140
0.9444
0.9080
0.9180
0.9360
0.9210
0.9310
0.8704
0.9070
0.9270
0.9140
0.9270
0.9380
0.9074
0.9310
0.9130
0.9300
0.9260
0.9130
0.9259
0.9260
0.9170
0.9100
0.9350
0.9250
0.9444
0.9180
0.9250
0.9270
0.9240
0.9220
0.8889
0.9220
0.9210
0.9280
0.9280
0.9160
0.9074
0.9230
0.9240
0.9200
0.9310
0.9160
0.9259
0.9170
0.9320
0.9220
0.9310
0.9140
0.8889
0.9380
0.9200
0.9210
0.9200
0.9140
0.9444
0.9240
0.9180
0.9290
0.9130
0.9320
0.8889
0.9220
0.9280
0.9210
0.9250
0.9170
0.9444
0.9060
0.9340
0.9100
0.9300
0.9310
0.9815
0.9210
0.9200
0.9090
0.9270
0.9350
0.9444
0.9290
0.9230
0.9200
0.9230
0.9200
0.9074
0.9200
0.9140
0.9230
0.9230
0.9350
0.9259
0.9260
0.9070
0.9240
0.9390
0.9160
0.9815
0.9190
0.9200
0.9220
0.9120
0.9430
0.9074
0.9270
0.9160
0.9150
0.9230
0.9360
0.9074
0.9380
0.9160
0.9160
0.9190
0.9270
0.9259
0.9270
0.9210
0.9190
0.9200
0.9280
0.9444
0.9270
0.9090
0.9250
0.9270
0.9270
0.9444
0.9280
0.9250
0.9280
0.9260
0.9110
0.8889
0.9210
0.9260
0.9180
0.9250
0.9270
0.9074
0.9170
0.9340
0.9020
0.9360
0.9260
0.9444
0.9250
0.9230
0.9150
0.9270
0.9250
0.9444
0.9270
0.9210
0.9160
0.9240
0.9290
0.9074
0.9180
0.9210
0.9220
0.9310
0.9250
0.9259
0.9210
0.9140
0.9180
0.9320
0.9300
0.9815
0.9280
0.9240
0.9260
0.9140
0.9240
0.9630
0.9270
0.9140
0.9260
0.9270
0.9270
0.8704
0.9000
0.9330
0.9360
0.9180
0.9300
0.9444
0.9200
0.9190
0.9220
0.9260
0.9320
0.9074
0.9290
0.9230
0.9210
0.9180
0.9250
0.9630
0.9250
0.9290
0.9270
0.9130
0.9200
1.0000
0.9160
0.9280
0.9230
0.9330
0.9210
0.8889
0.9270
0.9220
0.9240
0.9140
0.9310
0.9444
0.9230
0.9350
0.9320
0.9010
0.9290
0.9444
0.9130
0.9250
0.9270
0.9220
0.9340
0.9259
0.9240
0.9490
0.9180
0.9150
0.9120
0.9815
0.9200
0.9290
0.9210
0.9180
0.9330
0.9259
0.9170
0.9290
0.9200
0.9230
0.9350
0.8704
0.9300
0.9180
0.9300
0.9200
0.9290
0.8333
0.9290
0.9090
0.9210
0.9340
0.9300
0.9259
0.9200
0.9270
0.9200
0.9320
0.9280
0.8519
0.9320
0.9240
0.9180
0.9240
0.9260
0.9074
0.9180
0.9270
0.9330
0.9200
0.9250
0.9259
0.9260
0.9290
0.9280
0.9300
0.9150
0.8704
0.9320
0.9230
0.9290
0.9170
0.9210
0.9815
0.9310
0.9300
0.9170
0.9310
0.9170
0.9259
0.9340
0.9210
0.9310
0.9140
0.9240
0.9815
0.9290
0.9160
0.9280
0.9320
0.9250
0.9074
0.9130
0.9290
0.9290
0.9310
0.9270
0.9074
0.9330
0.9200
0.9220
0.9230
0.9310
0.9259
0.9240
0.9200
0.9380
0.9220
0.9230
0.9630
0.9090
0.9330
0.9150
0.9470
0.9220
0.9444
0.9240
0.9350
0.9230
0.9260
0.9180
0.9630
0.9280
0.9290
0.9300
0.9130
0.9270
0.9444
0.9310
0.9190
0.9250
0.9250
0.9270
0.9259
0.9260
0.9360
0.9200
0.9120
0.9320
0.9444
0.9300
0.9200
0.9250
0.9200
0.9340
0.8889
0.9360
0.9340
0.9230
0.9230
0.9150
0.8889
0.9200
0.9350
0.9130
0.9360
0.9300
0.8333
0.9170
0.9380
0.9230
0.9210
0.9280
0.9630
0.9300
0.9300
0.9270
0.9220
0.9220
0.8889
0.9320
0.9350
0.9190
0.9220
0.9210
0.9444
0.9130
0.9370
0.9290
0.9230
0.9280
0.9259
0.9350
0.9320
0.9260
0.9120
0.9260
0.9074
0.9320
0.9260
0.9140
0.9310
0.9240
0.9815
0.9390
0.9270
0.9260
0.9150
0.9250
0.8889
0.9230
0.9360
0.9290
0.9230
0.9190
0.9259
0.9260
0.9220
0.9330
0.9270
0.9230
0.9259
0.9300
0.9430
0.9200
0.9170
0.9220
0.9444
0.9130
0.9300
0.9470
0.9190
0.9290
0.8519
0.9180
0.9340
0.9150
0.9300
0.9370
0.9259
0.9290
0.9220
0.9270
0.9370
0.9170
0.9630
0.9230
0.9330
0.9300
0.9390
0.9080
0.9444
0.9150
0.9430
0.9220
0.9210
0.9340
0.9259
0.9230
0.9270
0.9320
0.9240
0.9300
0.9074
0.9300
0.9320
0.9240
0.9190
0.9270
0.9815
0.9240
0.9390
0.9190
0.9260
0.9250
0.9630
0.9320
0.9090
0.9380
0.9320
0.9260
0.8889
0.9320
0.9220
0.9210
0.9310
0.9260
0.9630
0.9370
0.9280
0.9230
0.9240
0.9210
0.9444
0.9290
0.9360
0.9200
0.9220
0.9320
0.8519
0.9390
0.9350
0.9210
0.9190
0.9200
0.9444
0.9360
0.9230
0.9190
0.9250
0.9330
0.9259
0.9240
0.9210
0.9310
0.9290
0.9290
0.9630
0.9180
0.9230
0.9330
0.9340
0.9260
0.9630
0.9160
0.9220
0.9240
0.9340
0.9370
0.9815
0.9440
0.9220
0.9220
0.9240
0.9250
0.9074
0.9120
0.9380
0.9260
0.9270
0.9320
0.9444
0.9290
0.9230
0.9290
0.9120
0.9430
0.9630
0.9220
0.9200
0.9300
0.9370
0.9320
0.8889
0.9300
0.9390
0.9250
0.9140
0.9310
0.9259
0.9320
0.9240
0.9300
0.9310
0.9240
0.9074
0.9190
0.9380
0.9300
0.9270
0.9240
0.9630
0.9230
0.9280
0.9210
0.9290
0.9410
0.8889
0.9210
0.9330
0.9190
0.9350
0.9310
0.9444
0.9380
0.9340
0.9080
0.9240
0.9350
0.9444
0.9220
0.9290
0.9340
0.9380
0.9240
0.7963
0.9260
0.9310
0.9380
0.9190
0.9250
0.9259
0.9260
0.9420
0.9130
0.9310
0.9270
0.9259
0.9320
0.9150
0.9270
0.9370
0.9280
0.9259
0.9270
0.9280
0.9280
0.9250
0.9320
0.8889
0.9430
0.9240
0.9350
0.9130
0.9230
0.9259
0.9260
0.9240
0.9210
0.9360
0.9280
0.9815
0.9230
0.9170
0.9320
0.9250
0.9410
0.9259
0.9250
0.9290
0.9290
0.9200
0.9370
0.8704
0.9330
0.9340
0.9230
0.9110
0.9350
0.9444
0.9310
0.9320
0.9300
0.9150
0.9320
0.8889
0.9390
0.9250
0.9240
0.9200
0.9310
0.9074
0.9160
0.9310
0.9370
0.9240
0.9290
0.9630
0.9170
0.9340
0.9280
0.9330
0.9270
0.9259
0.9330
0.9270
0.9260
0.9280
0.9240
0.9444
0.9280
0.9390
0.9170
0.9290
0.9280
0.8889
0.9200
0.9320
0.9200
0.9310
0.9340
0.9630
0.9220
0.9350
0.9330
0.9300
0.9190
0.9259
0.9250
0.9270
0.9320
0.9170
0.9390
0.9074
0.9210
0.9380
0.9340
0.9240
0.9210
0.9444
0.9370
0.9280
0.9280
0.9270
0.9160
0.9815
0.9270
0.9290
0.9370
0.9230
0.9220
0.9630
0.9320
0.9260
0.9270
0.9260
0.9280
0.9444
0.9320
0.9360
0.9320
0.9200
0.9180
0.9630
0.9280
0.9320
0.9240
0.9380
0.9190
0.9259
0.9310
0.9340
0.9280
0.9200
0.9300
0.8889
0.9320
0.9340
0.9210
0.9180
0.9340
0.9630
0.9260
0.9300
0.9470
0.9200
0.9210
0.8704
0.9290
0.9410
0.9220
0.9240
0.9260
0.9259
0.9260
0.9150
0.9290
0.9410
0.9300
0.9444
0.9300
0.9220
0.9410
0.9310
0.9160
0.9630
0.9240
0.9230
0.9260
0.9350
0.9340
0.9444
0.9230
0.9290
0.9300
0.9280
0.9350
0.9074
0.9260
0.9270
0.9330
0.9260
0.9310
0.9444
0.9290
0.9270
0.9470
0.9220
0.9170
0.9630
0.9280
0.9310
0.9320
0.9250
0.9260
0.9630
0.9320
0.9190
0.9260
0.9380
0.9280
0.9630
0.9290
0.9280
0.9410
0.9180
0.9310
0.9074
0.9270
0.9370
0.9370
0.9120
0.9340
0.9259
0.9380
0.9320
0.9260
0.9210
0.9270
0.9815
0.9200
0.9220
0.9470
0.9370
0.9250
0.8519
0.9180
0.9390
0.9190
0.9380
0.9300
0.9815
0.9260
0.9370
0.9210
0.9390
0.9240
0.9259
0.9250
0.9280
0.9270
0.9390
0.9280
0.9259
0.9330
0.9220
0.9390
0.9270
0.9240
0.9444
0.9320
0.9300
0.9320
0.9260
0.9290
0.8704
0.9420
0.9100
0.9320
0.9280
0.9300
1.0000
0.9330
0.9200
0.9320
0.9200
0.9390
0.9630
0.9190
0.9340
0.9270
0.9360
0.9290
0.9444
0.9270
0.9360
0.9190
0.9290
0.9340
0.9444
0.9440
0.9250
0.9270
0.9240
0.9260
0.9074
0.9500
0.9390
0.9290
0.9090
0.9190
0.9259
0.9200
0.9380
0.9200
0.9360
0.9280
1.0000
0.9330
0.9330
0.9260
0.9180
0.9370
0.9074
0.9210
0.9310
0.9250
0.9380
0.9350
0.8704
0.9320
0.9330
0.9360
0.9290
0.9170
0.9259
0.9310
0.9250
0.9250
0.9340
0.9290
0.9815
0.9180
0.9260
0.9290
0.9340
0.9400
0.9259
0.9310
0.9370
0.9220
0.9270
0.9280
0.9630
0.9360
0.9320
0.9260
0.9240
0.9280
0.9630
0.9340
0.9420
0.9270
0.9300
0.9140
0.9444
0.9270
0.9260
0.9320
0.9310
0.9310
0.9444
0.9290
0.9300
0.9240
0.9270
0.9340
1.0000
0.9350
0.9260
0.9230
0.9330
0.9310
0.9259
0.9430
0.9310
0.9240
0.9290
0.9200
0.9444
0.9360
0.9270
0.9300
0.9250
0.9300
0.9259
0.9220
0.9340
0.9200
0.9370
0.9330
0.9630
0.9280
0.9300
0.9280
0.9280
0.9330
0.9444
0.9260
0.9120
0.9490
0.9210
0.9410
0.9074
0.9140
0.9360
0.9340
0.9320
0.9370
0.8519
0.9200
0.9360
0.9260
0.9370
0.9310
0.9074
0.9180
0.9350
0.9150
0.9480
0.9320
0.9630
0.9380
0.9290
0.9300
0.9180
0.9320
0.9815
0.9230
0.9380
0.9370
0.9230
0.9250
0.9815
0.9230
0.9470
0.9230
0.9260
0.9280
0.9630
0.9360
0.9310
0.9300
0.9360
0.9170
0.9444
0.9190
0.9270
0.9330
0.9450
0.9280
0.8889
0.9120
0.9350
0.9380
0.9330
0.9310
0.9444
0.9270
0.9360
0.9190
0.9240
0.9420
0.9630
0.9270
0.9280
0.9370
0.9270
0.9290
0.9630
0.9330
0.9300
0.9260
0.9260
0.9340
0.9444
0.9180
0.9290
0.9160
0.9480
0.9410
0.8889
0.9340
0.9230
0.9310
0.9270
0.9370
0.8889
0.9190
0.9310
0.9280
0.9380
0.9350
0.9259
0.9170
0.9360
0.9350
0.9320
0.9310
0.9259
0.9310
0.9320
0.9380
0.9230
0.9270
0.9259
0.9410
0.9260
0.9180
0.9390
0.9280
0.9074
0.9310
0.9340
0.9290
0.9260
0.9320
0.9074
0.9450
0.9340
0.9350
0.9220
0.9180
0.8889
0.9370
0.9250
0.9340
0.9210
0.9370
0.9074
0.9260
0.9380
0.9170
0.9260
0.9420
1.0000
0.9330
0.9210
0.9240
0.9340
0.9400
0.9444
0.9410
0.9390
0.9250
0.9330
0.9140
0.9444
0.9370
0.9400
0.9320
0.9160
0.9270
0.9444
0.9350
0.9230
0.9300
0.9350
0.9310
0.9074
0.9390
0.9320
0.9240
0.9280
0.9280
0.9630
0.9330
0.9300
0.9250
0.9300
0.9360
0.9074
0.9370
0.9310
0.9300
0.9320
0.9240
0.9074
0.9340
0.9370
0.9320
0.9330
0.9150
0.9630
0.9250
0.9310
0.9310
0.9330
0.9310
0.9630
0.9300
0.9160
0.9340
0.9380
0.9360
0.9074
0.9340
0.9310
0.9350
0.9390
0.9180
0.8519
0.9260
0.9340
0.9280
0.9320
0.9300
0.9630
0.9220
0.9370
0.9300
0.9300
0.9320
0.9630
0.9320
0.9380
0.9240
0.9360
0.9210
0.9630
0.9210
0.9380
0.9350
0.9340
0.9260
0.9074
0.9230
0.9360
0.9290
0.9270
0.9340
0.9815
0.9290
0.9210
0.9410
0.9300
0.9340
0.8889
0.9240
0.9340
0.9290
0.9270
0.9380
0.9444
0.9400
0.9230
0.9280
0.9280
0.9340
0.9259
0.9430
0.9290
0.9250
0.9260
0.9310
0.9259
0.9290
0.9290
0.9400
0.9350
0.9240
0.8704
0.9290
0.9420
0.9380
0.9260
0.9220
0.8889
0.9300
0.9480
0.9300
0.9350
0.9150
0.8704
0.9250
0.9340
0.9280
0.9390
0.9310
0.9074
0.9320
0.9190
0.9330
0.9310
0.9410
0.9259
0.9330
0.9260
0.9260
0.9360
0.9360
0.9259
0.9300
0.9320
0.9310
0.9440
0.9180
0.9630
0.9380
0.9290
0.9340
0.9250
0.9280
0.9630
0.9250
0.9400
0.9280
0.9310
0.9310
0.9444
0.9320
0.9360
0.9230
0.9410
0.9250
0.9074
0.9320
0.9200
0.9310
0.9410
0.9320
0.9259
0.9280
0.9310
0.9380
0.9330
0.9260
0.9259
0.9370
0.9250
0.9300
0.9340
0.9330
0.8889
0.9240
0.9240
0.9210
0.9380
0.9480
0.9815
0.9300
0.9300
0.9430
0.9240
0.9320
0.9074
0.9400
0.9280
0.9240
0.9270
0.9370
0.9444
0.9240
0.9430
0.9430
0.9320
0.9130
0.9630
0.9290
0.9330
0.9370
0.9330
0.9250
0.9259
0.9220
0.9370
0.9300
0.9300
0.9380
0.9259
0.9320
0.9310
0.9270
0.9420
0.9280
0.8889
0.9350
0.9400
0.9350
0.9290
0.9180
0.9630
0.9270
0.9280
0.9270
0.9370
0.9380
0.9630
0.9260
0.9440
0.9280
0.9280
0.9340
0.9074
0.9350
0.9340
0.9330
0.9310
0.9280
0.9074
0.9330
0.9220
0.9320
0.9420
0.9320
0.9074
0.9280
0.9370
0.9370
0.9320
0.9240
0.9630
0.9310
0.9420
0.9220
0.9340
0.9310
0.9259
0.9390
0.9280
0.9180
0.9360
0.9420
0.9074
0.9330
0.9400
0.9390
0.9280
0.9240
0.9074
0.9310
0.9430
0.9330
0.9210
0.9350
0.9259
0.9340
0.9190
0.9340
0.9420
0.9320
0.9630
0.9330
0.9220
0.9380
0.9240
0.9470
0.9074
0.9380
0.9360
0.9360
0.9230
0.9300
0.9259
0.9190
0.9340
0.9350
0.9250
0.9480
0.9630
0.9270
0.9340
0.9440
0.9190
0.9380
0.9259
0.9400
0.9330
0.9160
0.9400
0.9330
0.9074
0.9470
0.9270
0.9240
0.9390
0.9230
0.9444
0.9410
0.9290
0.9260
0.9390
0.9290
0.8889
0.9330
0.9450
0.9370
0.9150
0.9320
0.9259
0.9400
0.9270
0.9320
0.9360
0.9260
0.9444
0.9420
0.9310
0.9190
0.9370
0.9330
0.9259
0.9400
0.9320
0.9330
0.9290
0.9290
0.9074
0.9300
0.9400
0.9290
0.9240
0.9400
0.9074
0.9390
0.9260
0.9410
0.9280
0.9320
0.8519
0.9220
0.9380
0.9190
0.9410
0.9400
0.9630
0.9390
0.9170
0.9310
0.9380
0.9380
0.9074
0.9370
0.9310
0.9330
0.9330
0.9270
0.9444
0.9290
0.9300
0.9340
0.9320
0.9360
0.9444
0.9260
0.9340
0.9200
0.9310
0.9490
0.9630
0.9290
0.9340
0.9200
0.9490
0.9310
0.9259
0.9290
0.9360
0.9420
0.9230
0.9330
0.9259
0.9420
0.9200
0.9310
0.9420
0.9270
0.9444
0.9440
0.9350
0.9260
0.9330
0.9250
0.8889
0.9360
0.9270
0.9300
0.9240
0.9410
0.9815
0.9270
0.9340
0.9290
0.9330
0.9350
0.9815
0.9300
0.9280
0.9310
0.9350
0.9360
0.9630
0.9420
0.9390
0.9260
0.9350
0.9240
0.8519
0.9400
0.9230
0.9280
0.9460
0.9260
0.9074
0.9300
0.9280
0.9340
0.9310
0.9400
0.9074
0.9230
0.9350
0.9300
0.9440
0.9310
0.9259
0.9350
0.9190
0.9410
0.9340
0.9330
0.9259
0.9250
0.9350
0.9370
0.9310
0.9330
0.9630
0.9280
0.9280
0.9360
0.9380
0.9330
0.9259
0.9210
0.9420
0.9330
0.9340
0.9330
0.9259
0.9450
0.9230
0.9250
0.9390
0.9270
0.9259
0.9220
0.9300
0.9350
0.9370
0.9340
0.9444
0.9130
0.9340
0.9550
0.9320
0.9280
0.8704
0.9340
0.9330
0.9220
0.9340
0.9340
0.9630
0.9330
0.9190
0.9380
0.9350
0.9350
0.9074
0.9370
0.9180
0.9350
0.9410
0.9300
0.9074
0.9420
0.9270
0.9360
0.9340
0.9250
0.8519
0.9360
0.9320
0.9280
0.9400
0.9240
0.9259
0.9290
0.9320
0.9280
0.9400
0.9320
0.9074
0.9360
0.9350
0.9260
0.9330
0.9280
0.9630
0.9320
0.9320
0.9350
0.9270
0.9320
0.9444
0.9150
0.9290
0.9410
0.9280
0.9420
1.0000
0.9350
0.9380
0.9450
0.9210
0.9210
0.9074
0.9330
0.9300
0.9260
0.9360
0.9310
0.9815
0.9320
0.9280
0.9200
0.9390
0.9390
0.9630
0.9310
0.9360
0.9290
0.9320
0.9350
0.8704
0.9270
0.9430
0.9230
0.9390
0.9260
0.9630
0.9170
0.9380
0.9300
0.9350
0.9410
0.9074
0.9290
0.9390
0.9280
0.9350
0.9300
0.9074
0.9240
0.9480
0.9170
0.9340
0.9340
0.9815
0.9380
0.9220
0.9500
0.9180
0.9300
0.9630
0.9300
0.9230
0.9400
0.9300
0.9370
0.9259
0.9370
0.9300
0.9250
0.9340
0.9360
0.8889
0.9350
0.9380
0.9380
0.9330
0.9150
0.9444
0.9280
0.9310
0.9430
0.9340
0.9240
0.9259
0.9070
0.9480
0.9410
0.9340
0.9300
0.9259
0.9260
0.9300
0.9360
0.9320
0.9370
0.9074
0.9330
0.9380
0.9310
0.9350
0.9240
0.9259
0.9300
0.9400
0.9270
0.9320
0.9320
0.9259
0.9310
0.9390
0.9310
0.9190
0.9420
0.9074
0.9230
0.9350
0.9340
0.9390
0.9320
0.9074
0.9380
0.9230
0.9320
0.9300
0.9410
0.8704
0.9250
0.9420
0.9340
0.9290
0.9320
0.9074
0.9340
0.9200
0.9360
0.9390
0.9320
0.9259
0.9420
0.9260
0.9280
0.9360
0.9300
0.9444
0.9330
0.9390
0.9270
0.9320
0.9300
0.9630
0.9400
0.9340
0.9290
0.9240
0.9330
0.9630
0.9330
0.9310
0.9390
0.9350
0.9240
0.9444
0.9300
0.9350
0.9290
0.9410
0.9310
0.8889
0.9250
0.9380
0.9340
0.9330
0.9340
0.9259
0.9400
0.9290
0.9210
0.9310
0.9400
0.9815
0.9290
0.9240
0.9290
0.9490
0.9320
0.9444
0.9340
0.9360
0.9430
0.9270
0.9260
0.8889
0.9210
0.9410
0.9410
0.9220
0.9380
0.9259
0.9290
0.9270
0.9310
0.9420
0.9350
0.9259
0.9420
0.9230
0.9330
0.9340
0.9310
0.9444
0.9330
0.9310
0.9330
0.9290
0.9380
0.9259
0.9300
0.9410
0.9340
0.9360
0.9230
0.9444
0.9390
0.9280
0.9290
0.9320
0.9380
0.9074
0.9440
0.9340
0.9420
0.9330
0.9170
0.8333
0.9320
0.9310
0.9420
0.9290
0.9330
0.8889
0.9370
0.9440
0.9260
0.9230
0.9330
0.9630
0.9390
0.9310
0.9360
0.9420
0.9200
0.9074
0.9350
0.9470
0.9200
0.9330
0.9300
0.9444
0.9260
0.9370
0.9410
0.9240
0.9360
0.9630
0.9340
0.9290
0.9350
0.9270
0.9400
0.9444
0.9250
0.9350
0.9320
0.9280
0.9470
0.8889
0.9380
0.9380
0.9140
0.9410
0.9330
0.9630
0.9150
0.9280
0.9340
0.9520
0.9380
0.9074
0.9290
0.9350
0.9390
0.9280
0.9320
0.9815
0.9240
0.9380
0.9360
0.9420
0.9300
0.8704
0.9160
0.9310
0.9300
0.9570
0.9320
0.9630
0.9390
0.9320
0.9330
0.9340
0.9280
0.9630
0.9270
0.9290
0.9450
0.9400
0.9260
0.9444
0.9330
0.9320
0.9330
0.9340
0.9380
0.8889
0.9310
0.9260
0.9400
0.9440
0.9260
0.9444
0.9400
0.9350
0.9220
0.9210
0.9490
0.9444
0.9190
0.9440
0.9380
0.9400
0.9250
0.9630
0.9300
0.9400
0.9370
0.9280
0.9320
0.9444
0.9350
0.9340
0.9300
0.9360
0.9330
0.9259
0.9450
0.9200
0.9470
0.9340
0.9210
0.9444
0.9480
0.9340
0.9220
0.9290
0.9350
0.9259
0.9310
0.9300
0.9300
0.9300
0.9430
1.0000
0.9230
0.9310
0.9310
0.9480
0.9330
0.9630
0.9330
0.9400
0.9380
0.9260
0.9330
0.8704
0.9380
0.9320
0.9490
0.9260
0.9210
0.9630
0.9070
0.9460
0.9350
0.9400
0.9400
0.9259
0.9180
0.9490
0.9340
0.9280
0.9370
0.9630
0.9220
0.9490
0.9270
0.9290
0.9410
0.9259
0.9320
0.9340
0.9390
0.9290
0.9310
1.0000
0.9290
0.9420
0.9370
0.9350
0.9260
0.9444
0.9410
0.9360
0.9270
0.9360
0.9290
0.9444
0.9420
0.9470
0.9240
0.9260
0.9300
0.9444
0.9250
0.9360
0.9310
0.9360
0.9400
0.9630
0.9310
0.9420
0.9270
0.9280
0.9410
0.9259
0.9330
0.9280
0.9370
0.9370
0.9330
0.9444
0.9230
0.9320
0.9380
0.9310
0.9470
0.8889
0.9280
0.9290
0.9460
0.9360
0.9300
0.9259
0.9370
0.9440
0.9220
0.9190
0.9440
0.9815
0.9310
0.9260
0.9260
0.9520
0.9330
0.9444
0.9410
0.9360
0.9200
0.9430
0.9290
0.9259
0.9390
0.9370
0.9220
0.9310
0.9380
0.9815
0.9250
0.9370
0.9460
0.9310
0.9300
0.9259
0.9260
0.9400
0.9380
0.9280
0.9350
0.9815
0.9230
0.9400
0.9420
0.9360
0.9270
0.9630
0.9400
0.9230
0.9390
0.9300
0.9370
0.9444
0.9330
0.9240
0.9310
0.9430
0.9360
0.9815
0.9420
0.9310
0.9300
0.9260
0.9400
0.9444
0.9320
0.9420
0.9280
0.9330
0.9320
0.9630
0.9370
0.9380
0.9300
0.9340
0.9290
0.9444
0.9360
0.9350
0.9340
0.9370
0.9270
0.9259
0.9230
0.9440
0.9240
0.9440
0.9330
0.9444
0.9300
0.9390
0.9330
0.9210
0.9440
0.9444
0.9380
0.9340
0.9260
0.9410
0.9300
0.9074
0.9420
0.9300
0.9300
0.9310
0.9360
0.9074
0.9170
0.9360
0.9450
0.9310
0.9380
0.9444
0.9400
0.9280
0.9330
0.9330
0.9340
0.9259
0.9240
0.9310
0.9420
0.9350
0.9370
0.9444
0.9320
0.9260
0.9400
0.9340
0.9370
0.9444
0.9350
0.9370
0.9240
0.9320
0.9420
0.9259
0.9200
0.9320
0.9290
0.9470
0.9440
0.9074
0.9420
0.9220
0.9380
0.9320
0.9360
0.9444
0.9350
0.9340
0.9440
0.9380
0.9230
0.8889
0.9310
0.9320
0.9440
0.9330
0.9290
0.9444
0.9440
0.9360
0.9380
0.9230
0.9260
0.9815
0.9350
0.9510
0.9280
0.9250
0.9300
0.9630
0.9260
0.9350
0.9360
0.9390
0.9360
0.9444
0.9400
0.9230
0.9320
0.9360
0.9420
0.9259
0.9210
0.9410
0.9410
0.9330
0.9360
0.9444
0.9320
0.9340
0.9220
0.9440
0.9380
0.9815
0.9370
0.9250
0.9390
0.9410
0.9290
0.9630
0.9410
0.9270
0.9480
0.9230
0.9310
0.9815
0.9370
0.9340
0.9360
0.9270
0.9360
0.9630
0.9290
0.9400
0.9300
0.9250
0.9480
0.9074
0.9350
0.9350
0.9180
0.9400
0.9410
0.9630
0.9290
0.9490
0.9360
0.9290
0.9270
0.9444
0.9300
0.9340
0.9260
0.9380
0.9420
0.9444
0.9340
0.9440
0.9330
0.9270
0.9320
0.9444
0.9310
0.9400
0.9210
0.9360
0.9420
0.9444
0.9380
0.9250
0.9450
0.9290
0.9320
0.9630
0.9280
0.9370
0.9360
0.9370
0.9360
0.8889
0.9330
0.9330
0.9390
0.9210
0.9450
0.9444
0.9210
0.9460
0.9200
0.9390
0.9440
0.9630
0.9430
0.9170
0.9370
0.9340
0.9410
0.9259
0.9400
0.9400
0.9380
0.9280
0.9260
0.9259
0.9350
0.9370
0.9370
0.9260
0.9400
0.8889
0.9410
0.9420
0.9400
0.9150
0.9330
0.9630
0.9280
0.9340
0.9320
0.9410
0.9400
0.8889
0.9410
0.9400
0.9440
0.9240
0.9240
0.9259
0.9350
0.9360
0.9250
0.9300
0.9470
0.9259
0.9270
0.9390
0.9350
0.9500
0.9230
0.9074
0.9360
0.9320
0.9400
0.9380
0.9270
0.9444
0.9430
0.9270
0.9340
0.9360
0.9320
0.9630
0.9450
0.9330
0.9260
0.9280
0.9390
0.9815
0.9400
0.9250
0.9430
0.9340
0.9320
0.9259
0.9360
0.9350
0.9350
0.9410
0.9280
0.9074
0.9350
0.9370
0.9450
0.9190
0.9390
0.9074
0.9440
0.9370
0.9280
0.9280
0.9370
0.9259
0.9340
0.9520
0.9340
0.9260
0.9300
0.8889
0.9440
0.9270
0.9290
0.9320
0.9390
0.9815
0.9390
0.9240
0.9400
0.9330
0.9360
0.9630
0.9380
0.9370
0.9290
0.9380
0.9290
0.9815
0.9260
0.9300
0.9540
0.9360
0.9280
0.9259
0.9410
0.9290
0.9450
0.9380
0.9220
0.9074
0.9500
0.9320
0.9300
0.9420
0.9210
0.9074
0.9370
0.9370
0.9300
0.9360
0.9300
1.0000
0.9240
0.9370
0.9430
0.9330
0.9370
0.9259
0.9390
0.9300
0.9450
0.9370
0.9210
0.9630
0.9200
0.9410
0.9470
0.9260
0.9400
0.9444
0.9350
0.9360
0.9240
0.9360
0.9440
0.9259
0.9410
0.9360
0.9250
0.9430
0.9290
0.9259
0.9410
0.9320
0.9360
0.9230
0.9420
0.9259
0.9260
0.9290
0.9480
0.9370
0.9340
0.9259
0.9450
0.9320
