2.2477
3.6987
2.2256
1.1978
1.3639
1.1897
1.1832
0.9667
1.1348
1.0278
0.9760
1.3093
0.9823
0.8050
0.8353
0.8638
0.9844
0.7541
0.9407
1.1224
0.7891
1.2330
0.6800
0.8449
0.8397
1.0852
0.8623
1.0330
0.9532
1.1028
1.2761
0.7893
0.8225
0.9600
0.7934
1.0087
0.9591
0.9879
0.9455
1.1918
1.6982
0.7536
1.2562
1.0034
0.5879
0.6818
0.8445
0.5833
1.3003
0.8472
1.0223
1.2130
0.9191
0.6438
0.7891
1.0095
1.2490
0.7409
1.2097
1.2395
0.8193
1.1864
0.8764
0.5442
0.6918
0.7476
1.1333
1.0880
0.6016
0.9459
0.9147
0.6089
0.9661
0.7169
0.8477
