0.7563
1.3649
1.4658
1.2836
1.3131
1.0306
0.9815
1.1068
0.9676
0.8477
0.8019
0.8962
0.8641
0.7907
0.6808
0.8181
0.6731
0.7725
0.6962
0.6655
0.6824
0.6654
0.8118
1.0113
0.6265
0.7347
0.7936
0.6613
0.5675
0.6152
0.5391
0.7274
0.6845
0.5747
0.8100
0.8862
0.6431
0.5802
0.5650
0.7314
0.7871
0.6685
0.6069
0.7814
0.6597
0.6466
0.7689
0.6222
0.5217
0.6691
0.5485
0.8577
0.6504
0.7444
0.6492
0.6016
0.9182
0.6560
0.6887
0.6916
0.6876
0.5800
0.4663
0.5695
0.7068
0.6030
0.8029
0.4960
0.5733
0.4786
0.4519
0.5672
0.5432
0.4788
0.4391
