2.328358
2.328358
2.329520
2.329520
2.330949
2.330949
2.328475
2.328475
2.329810
2.329810
2.321296
2.321296
2.328138
2.328138
2.328132
2.328132
2.328027
2.328027
2.326183
2.326183
2.325506
2.325506
2.313915
2.313915
2.325722
2.325722
2.323694
2.323694
2.323493
2.323493
2.322637
2.322637
2.322072
2.322072
2.320654
2.320654
2.320132
2.320132
2.319783
2.319783
2.318894
2.318894
2.319016
2.319016
2.317653
2.317653
2.314866
2.314866
2.317400
2.317400
2.312989
2.312989
2.312514
2.312514
2.313014
2.313014
2.314470
2.314470
2.315311
2.315311
2.310682
2.310682
2.309288
2.309288
2.309779
2.309779
2.306226
2.306226
2.306496
2.306496
2.313710
2.313710
2.304763
2.304763
2.303998
2.303998
2.301188
2.301188
2.301085
2.301085
2.300305
2.300305
2.273634
2.273634
2.296679
2.296679
2.297035
2.297035
2.294652
2.294652
2.294793
2.294793
2.291697
2.291697
2.282189
2.282189
2.287803
2.287803
2.288610
2.288610
2.287547
2.287547
2.287554
2.287554
2.281204
2.281204
2.284765
2.284765
2.279879
2.279879
2.277383
2.277383
2.277733
2.277733
2.275277
2.275277
2.275385
2.275385
2.259879
2.259879
2.267098
2.267098
2.266522
2.266522
2.267165
2.267165
2.266698
2.266698
2.264441
2.264441
2.289028
2.289028
2.260500
2.260500
2.252804
2.252804
2.253879
2.253879
2.251448
2.251448
2.252549
2.252549
2.286767
2.286767
2.245816
2.245816
2.242637
2.242637
2.241515
2.241515
2.239959
2.239959
2.230906
2.230906
2.245826
2.245826
2.229452
2.229452
2.222217
2.222217
2.224821
2.224821
2.221936
2.221936
2.218245
2.218245
2.216293
2.216293
2.207447
2.207447
2.208539
2.208539
2.200688
2.200688
2.199313
2.199313
2.195688
2.195688
2.258146
2.258146
2.187310
2.187310
2.186590
2.186590
2.171615
2.171615
2.173783
2.173783
2.168472
2.168472
2.128870
2.128870
2.156793
2.156793
2.154465
2.154465
2.147806
2.147806
2.146800
2.146800
2.134465
2.134465
2.066761
2.066761
2.118047
2.118047
2.118396
2.118396
2.115124
2.115124
2.112059
2.112059
2.102119
2.102119
2.246922
2.246922
2.087115
2.087115
2.085327
2.085327
2.079769
2.079769
2.072475
2.072475
2.052579
2.052579
2.040922
2.040922
2.044841
2.044841
2.045141
2.045141
2.038642
2.038642
2.032194
2.032194
2.015668
2.015668
2.170222
2.170222
2.005249
2.005249
2.007276
2.007276
1.984169
1.984169
1.999137
1.999137
1.976625
1.976625
2.189028
2.189028
1.972696
1.972696
1.955929
1.955929
1.956712
1.956712
1.946955
1.946955
1.948256
1.948256
1.846392
1.846392
1.933267
1.933267
1.921722
1.921722
1.924427
1.924427
1.911816
1.911816
1.903594
1.903594
1.809990
1.809990
1.898844
1.898844
1.883933
1.883933
1.882140
1.882140
1.879030
1.879030
1.875226
1.875226
2.096572
2.096572
1.860043
1.860043
1.844068
1.844068
1.858832
1.858832
1.859805
1.859805
1.849743
1.849743
1.982181
1.982181
1.822960
1.822960
1.838889
1.838889
1.832343
1.832343
1.838496
1.838496
1.821322
1.821322
1.633258
1.633258
1.804029
1.804029
1.812882
1.812882
1.813146
1.813146
1.815513
1.815513
1.809843
1.809843
1.701367
1.701367
1.788889
1.788889
1.794201
1.794201
1.801414
1.801414
1.797801
1.797801
1.790045
1.790045
1.675718
1.675718
1.776365
1.776365
1.781671
1.781671
1.794333
1.794333
1.767322
1.767322
1.782692
1.782692
2.103791
2.103791
1.783380
1.783380
1.766539
1.766539
1.759251
1.759251
1.767319
1.767319
1.771842
1.771842
1.974548
1.974548
1.764053
1.764053
1.761686
1.761686
1.763510
1.763510
1.762797
1.762797
1.751527
1.751527
1.965922
1.965922
1.766703
1.766703
1.744604
1.744604
1.766786
1.766786
1.745393
1.745393
1.742462
1.742462
1.868572
1.868572
1.759570
1.759570
1.735572
1.735572
1.744764
1.744764
1.738721
1.738721
1.754060
1.754060
1.703141
1.703141
1.745897
1.745897
1.732610
1.732610
1.737992
1.737992
1.750073
1.750073
1.737569
1.737569
2.046030
2.046030
1.739629
1.739629
1.735756
1.735756
1.731197
1.731197
1.735212
1.735212
1.738742
1.738742
1.748995
1.748995
1.728168
1.728168
1.736492
1.736492
1.735918
1.735918
1.716848
1.716848
1.738695
1.738695
1.793105
1.793105
1.736277
1.736277
1.734614
1.734614
1.716623
1.716623
1.719241
1.719241
1.727980
1.727980
1.830161
1.830161
1.733468
1.733468
1.726406
1.726406
1.717645
1.717645
1.719635
1.719635
1.716175
1.716175
1.775854
1.775854
1.727333
1.727333
1.713712
1.713712
1.709088
1.709088
1.719783
1.719783
1.721897
1.721897
1.775428
1.775428
1.707790
1.707790
1.710403
1.710403
1.713660
1.713660
1.718902
1.718902
1.716940
1.716940
1.597206
1.597206
1.709979
1.709979
1.708111
1.708111
1.708122
1.708122
1.713064
1.713064
1.704015
1.704015
1.631099
1.631099
1.710624
1.710624
1.700045
1.700045
1.703817
1.703817
1.704759
1.704759
1.703399
1.703399
1.677449
1.677449
1.703295
1.703295
1.698687
1.698687
1.703383
1.703383
1.701348
1.701348
1.695983
1.695983
1.848977
1.848977
1.690542
1.690542
1.702085
1.702085
1.699463
1.699463
1.691468
1.691468
1.703315
1.703315
1.788348
1.788348
1.682536
1.682536
1.697752
1.697752
1.697669
1.697669
1.703242
1.703242
1.690286
1.690286
1.625489
1.625489
1.680122
1.680122
1.690928
1.690928
1.689910
1.689910
1.701765
1.701765
1.691736
1.691736
1.883381
1.883381
1.691351
1.691351
1.684024
1.684024
1.690588
1.690588
1.685455
1.685455
1.687759
1.687759
1.713150
1.713150
1.697679
1.697679
1.685647
1.685647
1.678818
1.678818
1.680258
1.680258
1.678627
1.678627
1.752363
1.752363
1.670579
1.670579
1.686563
1.686563
1.686883
1.686883
1.671805
1.671805
1.687937
1.687937
1.737437
1.737437
1.681214
1.681214
1.688729
1.688729
1.672295
1.672295
1.663028
1.663028
1.680767
1.680767
1.719419
1.719419
1.667618
1.667618
1.679017
1.679017
1.671184
1.671184
1.683700
1.683700
1.668439
1.668439
1.786346
1.786346
1.678930
1.678930
1.683201
1.683201
1.663064
1.663064
1.656577
1.656577
1.673156
1.673156
1.601692
1.601692
1.664374
1.664374
1.673754
1.673754
1.678682
1.678682
1.663154
1.663154
1.658338
1.658338
1.679827
1.679827
1.646417
1.646417
1.671698
1.671698
1.669477
1.669477
1.676642
1.676642
1.662565
1.662565
1.727216
1.727216
1.659223
1.659223
1.654131
1.654131
1.668400
1.668400
1.677373
1.677373
1.660933
1.660933
1.576944
1.576944
1.664380
1.664380
1.653181
1.653181
1.672387
1.672387
1.660917
1.660917
1.662631
1.662631
1.645240
1.645240
1.674526
1.674526
1.658942
1.658942
1.654752
1.654752
1.655976
1.655976
1.660986
1.660986
1.626555
1.626555
1.651601
1.651601
1.665132
1.665132
1.659178
1.659178
1.659983
1.659983
1.658132
1.658132
1.638012
1.638012
1.654371
1.654371
1.661614
1.661614
1.645557
1.645557
1.660607
1.660607
1.661362
1.661362
1.551864
1.551864
1.666675
1.666675
1.652028
1.652028
1.659482
1.659482
1.643032
1.643032
1.653885
1.653885
1.539987
1.539987
1.657143
1.657143
1.653091
1.653091
1.655385
1.655385
1.649301
1.649301
1.651715
1.651715
1.978783
1.978783
1.652257
1.652257
1.651656
1.651656
1.647822
1.647822
1.648719
1.648719
1.661775
1.661775
1.510900
1.510900
1.655980
1.655980
1.649078
1.649078
1.649468
1.649468
1.639790
1.639790
1.662355
1.662355
1.518334
1.518334
1.648678
1.648678
1.637892
1.637892
1.650722
1.650722
1.650963
1.650963
1.662240
1.662240
1.821669
1.821669
1.651913
1.651913
1.648164
1.648164
1.657264
1.657264
1.635586
1.635586
1.650593
1.650593
1.816338
1.816338
1.646051
1.646051
1.651187
1.651187
1.644685
1.644685
1.645314
1.645314
1.646680
1.646680
1.479960
1.479960
1.645486
1.645486
1.649078
1.649078
1.640070
1.640070
1.644847
1.644847
1.644694
1.644694
1.568503
1.568503
1.644916
1.644916
1.641400
1.641400
1.640621
1.640621
1.649896
1.649896
1.640427
1.640427
1.556513
1.556513
1.642480
1.642480
1.640007
1.640007
1.637819
1.637819
1.652328
1.652328
1.637023
1.637023
1.642636
1.642636
1.631438
1.631438
1.647430
1.647430
1.623410
1.623410
1.656962
1.656962
1.643870
1.643870
1.611207
1.611207
1.629390
1.629390
1.639957
1.639957
1.640686
1.640686
1.649377
1.649377
1.636607
1.636607
1.711369
1.711369
1.644408
1.644408
1.633408
1.633408
1.650357
1.650357
1.630215
1.630215
1.630838
1.630838
1.744762
1.744762
1.636863
1.636863
1.633652
1.633652
1.632509
1.632509
1.637102
1.637102
1.644338
1.644338
1.584523
1.584523
1.621641
1.621641
1.645619
1.645619
1.642872
1.642872
1.634276
1.634276
1.634995
1.634995
1.685957
1.685957
1.637023
1.637023
1.636869
1.636869
1.622788
1.622788
1.638668
1.638668
1.637193
1.637193
1.729899
1.729899
1.635520
1.635520
1.638737
1.638737
1.639422
1.639422
1.632048
1.632048
1.618540
1.618540
1.546418
1.546418
1.628086
1.628086
1.636836
1.636836
1.632526
1.632526
1.628381
1.628381
1.629195
1.629195
1.880263
1.880263
1.628276
1.628276
1.625079
1.625079
1.632663
1.632663
1.631170
1.631170
1.629489
1.629489
1.804959
1.804959
1.613238
1.613238
1.633008
1.633008
1.626174
1.626174
1.621993
1.621993
1.642393
1.642393
1.491130
1.491130
1.627152
1.627152
1.622737
1.622737
1.633884
1.633884
1.619575
1.619575
1.624871
1.624871
1.560712
1.560712
1.623734
1.623734
1.632512
1.632512
1.615523
1.615523
1.632406
1.632406
1.619276
1.619276
1.483085
1.483085
1.629089
1.629089
1.620268
1.620268
1.619889
1.619889
1.622310
1.622310
1.628146
1.628146
1.711539
1.711539
1.623441
1.623441
1.624797
1.624797
1.618588
1.618588
1.625559
1.625559
1.625796
1.625796
1.612992
1.612992
1.624913
1.624913
1.625751
1.625751
1.622272
1.622272
1.632521
1.632521
1.610364
1.610364
1.576081
1.576081
1.625249
1.625249
1.621617
1.621617
1.622729
1.622729
1.617121
1.617121
1.626020
1.626020
1.679282
1.679282
1.630162
1.630162
1.608710
1.608710
1.636629
1.636629
1.619155
1.619155
1.615576
1.615576
1.499533
1.499533
1.624068
1.624068
1.632386
1.632386
1.609795
1.609795
1.620613
1.620613
1.620031
1.620031
1.570879
1.570879
1.611199
1.611199
1.614522
1.614522
1.631343
1.631343
1.618721
1.618721
1.627247
1.627247
1.619104
1.619104
1.612978
1.612978
1.612297
1.612297
1.622009
1.622009
1.614323
1.614323
1.635357
1.635357
1.854001
1.854001
1.619799
1.619799
1.612081
1.612081
1.624210
1.624210
1.611512
1.611512
1.624893
1.624893
1.650098
1.650098
1.623533
1.623533
1.607833
1.607833
1.604820
1.604820
1.623398
1.623398
1.626728
1.626728
1.732966
1.732966
1.602908
1.602908
1.628223
1.628223
1.619960
1.619960
1.611466
1.611466
1.619232
1.619232
1.515058
1.515058
1.633312
1.633312
1.605459
1.605459
1.627036
1.627036
1.606593
1.606593
1.605072
1.605072
1.726806
1.726806
1.621283
1.621283
1.616598
1.616598
1.615389
1.615389
1.606995
1.606995
1.614976
1.614976
1.565741
1.565741
1.607215
1.607215
1.614690
1.614690
1.619542
1.619542
1.613927
1.613927
1.616966
1.616966
1.719757
1.719757
1.615101
1.615101
1.618972
1.618972
1.613210
1.613210
1.611278
1.611278
1.613965
1.613965
1.495289
1.495289
1.622255
1.622255
1.598549
1.598549
1.612687
1.612687
1.619297
1.619297
1.619364
1.619364
1.571138
1.571138
1.609252
1.609252
1.620925
1.620925
1.613255
1.613255
1.606726
1.606726
1.620478
1.620478
1.692613
1.692613
1.604900
1.604900
1.612215
1.612215
1.619271
1.619271
1.621549
1.621549
1.610423
1.610423
1.718656
1.718656
1.612916
1.612916
1.616720
1.616720
1.606762
1.606762
1.611953
1.611953
1.615751
1.615751
1.801389
1.801389
1.617716
1.617716
1.623352
1.623352
1.600642
1.600642
1.610074
1.610074
1.606983
1.606983
1.504704
1.504704
1.611700
1.611700
1.608666
1.608666
1.604419
1.604419
1.606180
1.606180
1.621341
1.621341
1.679552
1.679552
1.608184
1.608184
1.597198
1.597198
1.622103
1.622103
1.613647
1.613647
1.606466
1.606466
1.574602
1.574602
1.605144
1.605144
1.613198
1.613198
1.605602
1.605602
1.609990
1.609990
1.607661
1.607661
1.616156
1.616156
1.602165
1.602165
1.599811
1.599811
1.613281
1.613281
1.612714
1.612714
1.607870
1.607870
1.619493
1.619493
1.608583
1.608583
1.600279
1.600279
1.615195
1.615195
1.605257
1.605257
1.602202
1.602202
1.484013
1.484013
1.604867
1.604867
1.621709
1.621709
1.593804
1.593804
1.603117
1.603117
1.604087
1.604087
1.827628
1.827628
1.600797
1.600797
1.601031
1.601031
1.604426
1.604426
1.606425
1.606425
1.613083
1.613083
1.598700
1.598700
1.589314
1.589314
1.612384
1.612384
1.608643
1.608643
1.613125
1.613125
1.598269
1.598269
1.659177
1.659177
1.601678
1.601678
1.608948
1.608948
1.609934
1.609934
1.601548
1.601548
1.597350
1.597350
1.468496
1.468496
1.602561
1.602561
1.600780
1.600780
1.612774
1.612774
1.602146
1.602146
1.599165
1.599165
1.776053
1.776053
1.616758
1.616758
1.607398
1.607398
1.600990
1.600990
1.600353
1.600353
1.592814
1.592814
1.500372
1.500372
1.599274
1.599274
1.603004
1.603004
1.614261
1.614261
1.600680
1.600680
1.600734
1.600734
1.497459
1.497459
1.602049
1.602049
1.601675
1.601675
1.602488
1.602488
1.604584
1.604584
1.606672
1.606672
1.700992
1.700992
1.601048
1.601048
1.595927
1.595927
1.606756
1.606756
1.615194
1.615194
1.598617
1.598617
1.533475
1.533475
1.605969
1.605969
1.595318
1.595318
1.590283
1.590283
1.615921
1.615921
1.608296
1.608296
1.555272
1.555272
1.616958
1.616958
1.590273
1.590273
1.602738
1.602738
1.608117
1.608117
1.594211
1.594211
1.722431
1.722431
1.603725
1.603725
1.600907
1.600907
1.603763
1.603763
1.593860
1.593860
1.608397
1.608397
1.477401
1.477401
1.610107
1.610107
1.616675
1.616675
1.584944
1.584944
1.598480
1.598480
1.598692
1.598692
1.654229
1.654229
1.609119
1.609119
1.604007
1.604007
1.588670
1.588670
1.602038
1.602038
1.602883
1.602883
1.707569
1.707569
1.610188
1.610188
1.597915
1.597915
1.595302
1.595302
1.598697
1.598697
1.603360
1.603360
1.488696
1.488696
1.610471
1.610471
1.594732
1.594732
1.596253
1.596253
1.600103
1.600103
1.601798
1.601798
1.744092
1.744092
1.596979
1.596979
1.594356
1.594356
1.599394
1.599394
1.601624
1.601624
1.610074
1.610074
1.532034
1.532034
1.595273
1.595273
1.588891
1.588891
1.604211
1.604211
1.609186
1.609186
1.602465
1.602465
1.482226
1.482226
1.592628
1.592628
1.605662
1.605662
1.598167
1.598167
1.605140
1.605140
1.596920
1.596920
1.472241
1.472241
1.594470
1.594470
1.606655
1.606655
1.593184
1.593184
1.598735
1.598735
1.604003
1.604003
1.821506
1.821506
1.602780
1.602780
1.593258
1.593258
1.589188
1.589188
1.608916
1.608916
1.601559
1.601559
1.687916
1.687916
1.603736
1.603736
1.586832
1.586832
1.599730
1.599730
1.598630
1.598630
1.604561
1.604561
1.553636
1.553636
1.603269
1.603269
1.607412
1.607412
1.583513
1.583513
1.604852
1.604852
1.591928
1.591928
1.492296
1.492296
1.595013
1.595013
1.604086
1.604086
1.583393
1.583393
1.604282
1.604282
1.601723
1.601723
1.549079
1.549079
1.594140
1.594140
1.592930
1.592930
1.599045
1.599045
1.589043
1.589043
1.610771
1.610771
1.695437
1.695437
1.602114
1.602114
1.598271
1.598271
1.593636
1.593636
1.591078
1.591078
1.599539
1.599539
1.477105
1.477105
1.600328
1.600328
1.595548
1.595548
1.590392
1.590392
1.603227
1.603227
1.594001
1.594001
1.474683
1.474683
1.585608
1.585608
1.596236
1.596236
1.609909
1.609909
1.590821
1.590821
1.599791
1.599791
1.787929
1.787929
1.606815
1.606815
1.591167
1.591167
1.591402
1.591402
1.595064
1.595064
1.598172
1.598172
1.511354
1.511354
1.606493
1.606493
1.594983
1.594983
1.583903
1.583903
1.591515
1.591515
1.604008
1.604008
1.548003
1.548003
1.592004
1.592004
1.603723
1.603723
1.581855
1.581855
1.593084
1.593084
1.608245
1.608245
1.496352
1.496352
1.598340
1.598340
1.589936
1.589936
1.598183
1.598183
1.612249
1.612249
1.577146
1.577146
1.698456
1.698456
1.596152
1.596152
1.593251
1.593251
1.594803
1.594803
1.591342
1.591342
1.597951
1.597951
1.544678
1.544678
1.586056
1.586056
1.608251
1.608251
1.588403
1.588403
1.598821
1.598821
1.588232
1.588232
1.582878
1.582878
1.602175
1.602175
1.591094
1.591094
1.586486
1.586486
1.592374
1.592374
1.594327
1.594327
1.502520
1.502520
1.588748
1.588748
1.588255
1.588255
1.603782
1.603782
1.593571
1.593571
1.589096
1.589096
1.572227
1.572227
1.593451
1.593451
1.585878
1.585878
1.597681
1.597681
1.598861
1.598861
1.584559
1.584559
1.755141
1.755141
1.602704
1.602704
1.569930
1.569930
1.584662
1.584662
1.596299
1.596299
1.605194
1.605194
1.733288
1.733288
1.595377
1.595377
1.591233
1.591233
1.587754
1.587754
1.586586
1.586586
1.597663
1.597663
1.502853
1.502853
1.590685
1.590685
1.604017
1.604017
1.590315
1.590315
1.584340
1.584340
1.588090
1.588090
1.720458
1.720458
1.596873
1.596873
1.591904
1.591904
1.590068
1.590068
1.590160
1.590160
1.587490
1.587490
1.759035
1.759035
1.583533
1.583533
1.598247
1.598247
1.601663
1.601663
1.580792
1.580792
1.591238
1.591238
1.537823
1.537823
1.588558
1.588558
1.594352
1.594352
1.589576
1.589576
1.594108
1.594108
1.587076
1.587076
1.532598
1.532598
1.579366
1.579366
1.597476
1.597476
1.599703
1.599703
1.595231
1.595231
1.580468
1.580468
1.526056
1.526056
1.580825
1.580825
1.589334
1.589334
1.595680
1.595680
1.585215
1.585215
1.599915
1.599915
1.588345
1.588345
1.590902
1.590902
1.592947
1.592947
1.578539
1.578539
1.596903
1.596903
1.590260
1.590260
1.504172
1.504172
1.584792
1.584792
1.587357
1.587357
1.592418
1.592418
1.589460
1.589460
1.593838
1.593838
1.468956
1.468956
1.581913
1.581913
1.588203
1.588203
1.590570
1.590570
1.592909
1.592909
1.593904
1.593904
1.494109
1.494109
1.581003
1.581003
1.584428
1.584428
1.597037
1.597037
1.586090
1.586090
1.598563
1.598563
1.677698
1.677698
1.587481
1.587481
1.586573
1.586573
1.593205
1.593205
1.581782
1.581782
1.598097
1.598097
1.790497
1.790497
1.578826
1.578826
1.589220
1.589220
1.594578
1.594578
1.588781
1.588781
1.595618
1.595618
1.596821
1.596821
1.581935
1.581935
1.600680
1.600680
1.582062
1.582062
1.599470
1.599470
1.580770
1.580770
1.552816
1.552816
1.582543
1.582543
1.584899
1.584899
1.590977
1.590977
1.591517
1.591517
1.593031
1.593031
1.492996
1.492996
1.581228
1.581228
1.592409
1.592409
1.586757
1.586757
1.589731
1.589731
1.591304
1.591304
1.569612
1.569612
1.593131
1.593131
1.579966
1.579966
1.577238
1.577238
1.596179
1.596179
1.592874
1.592874
1.762741
1.762741
1.573584
1.573584
1.582060
1.582060
1.596496
1.596496
1.594290
1.594290
1.591109
1.591109
1.841863
1.841863
1.581051
1.581051
1.594420
1.594420
1.574260
1.574260
1.595132
1.595132
1.591607
1.591607
1.708160
1.708160
1.586567
1.586567
1.599171
1.599171
1.581416
1.581416
1.580203
1.580203
1.586634
1.586634
1.466042
1.466042
1.591087
1.591087
1.591613
1.591613
1.575613
1.575613
1.594133
1.594133
1.578699
1.578699
1.473224
1.473224
1.587689
1.587689
1.582653
1.582653
1.586927
1.586927
1.592402
1.592402
1.580211
1.580211
1.689202
1.689202
1.576238
1.576238
1.589465
1.589465
1.590439
1.590439
1.593700
1.593700
1.581540
1.581540
1.491744
1.491744
1.588849
1.588849
1.596017
1.596017
1.588983
1.588983
1.580251
1.580251
1.578379
1.578379
1.490215
1.490215
1.585630
1.585630
1.581716
1.581716
1.586175
1.586175
1.593248
1.593248
1.586904
1.586904
1.473231
1.473231
1.584243
1.584243
1.591266
1.591266
1.585471
1.585471
1.580356
1.580356
1.592871
1.592871
1.621011
1.621011
1.587628
1.587628
1.586749
1.586749
1.590360
1.590360
1.581144
1.581144
1.587718
1.587718
1.783814
1.783814
1.585238
1.585238
1.575990
1.575990
1.584183
1.584183
1.585942
1.585942
1.602184
1.602184
1.489576
1.489576
1.598425
1.598425
1.582264
1.582264
1.582457
1.582457
1.586896
1.586896
1.581654
1.581654
1.633699
1.633699
1.600075
1.600075
1.588031
1.588031
1.590472
1.590472
1.571946
1.571946
1.579117
1.579117
1.616653
1.616653
1.577014
1.577014
1.584473
1.584473
1.590802
1.590802
1.589538
1.589538
1.585051
1.585051
1.477616
1.477616
1.573861
1.573861
1.590113
1.590113
1.576629
1.576629
1.587648
1.587648
1.595978
1.595978
1.556839
1.556839
1.586900
1.586900
1.583189
1.583189
1.575250
1.575250
1.584725
1.584725
1.592595
1.592595
1.479811
1.479811
1.584927
1.584927
1.575843
1.575843
1.591543
1.591543
1.585852
1.585852
1.583078
1.583078
1.492724
1.492724
1.581346
1.581346
1.585853
1.585853
1.584050
1.584050
1.583502
1.583502
1.585046
1.585046
1.792206
1.792206
1.599073
1.599073
1.588840
1.588840
1.575381
1.575381
1.576954
1.576954
1.579815
1.579815
1.506837
1.506837
1.590029
1.590029
1.570258
1.570258
1.601953
1.601953
1.584921
1.584921
1.571704
1.571704
1.543175
1.543175
1.581143
1.581143
1.582263
1.582263
1.583895
1.583895
1.590544
1.590544
1.580205
1.580205
1.473355
1.473355
1.582546
1.582546
1.588045
1.588045
1.591384
1.591384
1.575885
1.575885
1.578956
1.578956
1.646111
1.646111
1.581489
1.581489
1.590000
1.590000
1.577283
1.577283
1.571574
1.571574
1.594567
1.594567
1.726330
1.726330
1.577971
1.577971
1.587227
1.587227
1.590216
1.590216
1.590624
1.590624
1.567953
1.567953
1.499845
1.499845
1.587646
1.587646
1.592919
1.592919
1.573454
1.573454
1.574810
1.574810
1.584747
1.584747
1.472463
1.472463
1.591400
1.591400
1.575867
1.575867
1.575718
1.575718
1.592947
1.592947
1.576792
1.576792
1.746256
1.746256
1.599459
1.599459
1.565222
1.565222
1.584345
1.584345
1.579350
1.579350
1.583784
1.583784
1.672338
1.672338
1.598253
1.598253
1.572319
1.572319
1.586019
1.586019
1.578601
1.578601
1.575797
1.575797
1.503509
1.503509
1.583746
1.583746
1.580848
1.580848
1.580136
1.580136
1.584823
1.584823
1.580125
1.580125
1.528856
1.528856
1.585906
1.585906
1.587239
1.587239
1.566564
1.566564
1.580254
1.580254
1.587999
1.587999
1.682257
1.682257
1.576975
1.576975
1.593828
1.593828
1.579788
1.579788
1.570679
1.570679
1.586483
1.586483
1.562725
1.562725
1.592882
1.592882
1.574276
1.574276
1.584008
1.584008
1.573597
1.573597
1.581903
1.581903
1.551663
1.551663
1.587047
1.587047
1.575935
1.575935
1.583526
1.583526
1.579588
1.579588
1.578540
1.578540
1.587354
1.587354
1.589187
1.589187
1.570269
1.570269
1.581250
1.581250
1.580526
1.580526
1.581594
1.581594
1.488442
1.488442
1.570991
1.570991
1.581854
1.581854
1.586877
1.586877
1.577503
1.577503
1.583149
1.583149
1.714200
1.714200
1.578798
1.578798
1.584162
1.584162
1.583298
1.583298
1.575847
1.575847
1.577908
1.577908
1.735624
1.735624
1.578773
1.578773
1.582430
1.582430
1.577386
1.577386
1.581041
1.581041
1.579154
1.579154
1.671351
1.671351
1.574756
1.574756
1.579611
1.579611
1.586983
1.586983
1.588446
1.588446
1.566045
1.566045
1.462242
1.462242
1.569727
1.569727
1.586385
1.586385
1.584857
1.584857
1.580906
1.580906
1.570449
1.570449
1.675408
1.675408
1.593669
1.593669
1.561147
1.561147
1.572681
1.572681
1.571890
1.571890
1.593208
1.593208
1.473359
1.473359
1.570747
1.570747
1.581052
1.581052
1.576265
1.576265
1.581158
1.581158
1.582926
1.582926
1.719999
1.719999
1.575698
1.575698
1.577402
1.577402
1.584044
1.584044
1.577332
1.577332
1.579237
1.579237
1.614367
1.614367
1.578215
1.578215
1.577618
1.577618
1.574789
1.574789
1.584178
1.584178
1.580101
1.580101
1.484434
1.484434
1.580568
1.580568
1.571233
1.571233
1.584965
1.584965
1.574930
1.574930
1.583735
1.583735
1.467893
1.467893
1.591415
1.591415
1.568302
1.568302
1.573995
1.573995
1.587565
1.587565
1.574946
1.574946
1.487534
1.487534
1.587917
1.587917
1.575940
1.575940
1.577862
1.577862
1.570675
1.570675
1.584168
1.584168
1.667951
1.667951
1.565957
1.565957
1.583989
1.583989
1.576591
1.576591
1.589954
1.589954
1.579720
1.579720
1.466410
1.466410
1.591550
1.591550
1.574375
1.574375
1.569713
1.569713
1.581816
1.581816
1.576563
1.576563
1.612422
1.612422
1.574112
1.574112
1.572358
1.572358
1.582519
1.582519
1.572742
1.572742
1.591011
1.591011
1.477121
1.477121
1.586909
1.586909
1.574111
1.574111
1.574935
1.574935
1.573238
1.573238
1.581779
1.581779
1.487390
1.487390
1.595575
1.595575
1.575495
1.575495
1.573424
1.573424
1.572239
1.572239
1.573006
1.573006
1.691854
1.691854
1.580589
1.580589
1.579988
1.579988
1.576421
1.576421
1.578248
1.578248
1.575533
1.575533
1.480985
1.480985
1.569177
1.569177
1.576139
1.576139
1.583762
1.583762
1.577066
1.577066
1.584512
1.584512
1.645325
1.645325
1.581435
1.581435
1.573318
1.573318
1.569114
1.569114
1.587902
1.587902
1.578846
1.578846
1.775172
1.775172
1.562372
1.562372
1.576024
1.576024
1.588563
1.588563
1.573812
1.573812
1.590559
1.590559
1.465877
1.465877
1.594346
1.594346
1.580456
1.580456
1.558092
1.558092
1.563881
1.563881
1.593205
1.593205
1.722895
1.722895
1.565511
1.565511
1.575234
1.575234
1.576321
1.576321
1.581058
1.581058
1.592054
1.592054
1.499979
1.499979
1.575059
1.575059
1.572424
1.572424
1.578694
1.578694
1.577965
1.577965
1.585011
1.585011
1.469681
1.469681
1.569957
1.569957
1.578335
1.578335
1.569745
1.569745
1.579192
1.579192
1.591658
1.591658
1.467515
1.467515
1.593960
1.593960
1.568637
1.568637
1.579307
1.579307
1.581011
1.581011
1.566411
1.566411
1.493762
1.493762
1.576422
1.576422
1.574238
1.574238
1.579513
1.579513
1.585206
1.585206
1.574605
1.574605
1.490260
1.490260
1.565702
1.565702
1.586986
1.586986
1.576213
1.576213
1.569392
1.569392
1.591237
1.591237
1.731237
1.731237
1.574806
1.574806
1.576309
1.576309
1.586481
1.586481
1.573031
1.573031
1.577992
1.577992
1.704722
1.704722
1.584207
1.584207
1.572286
1.572286
1.579982
1.579982
1.581040
1.581040
1.570535
1.570535
1.512735
1.512735
1.588367
1.588367
1.558759
1.558759
1.593850
1.593850
1.563882
1.563882
1.581747
1.581747
1.702012
1.702012
1.574945
1.574945
1.594476
1.594476
1.573188
1.573188
1.571180
1.571180
1.573409
1.573409
1.487562
1.487562
1.577454
1.577454
1.582771
1.582771
1.571727
1.571727
1.575521
1.575521
1.579745
1.579745
1.491114
1.491114
1.583687
1.583687
1.588097
1.588097
1.559982
1.559982
1.580522
1.580522
1.575096
1.575096
1.462841
1.462841
1.577297
1.577297
1.588813
1.588813
1.570495
1.570495
1.573114
1.573114
1.577627
1.577627
1.588329
1.588329
1.581182
1.581182
1.573520
1.573520
1.589963
1.589963
1.563257
1.563257
1.579820
1.579820
1.493361
1.493361
1.575251
1.575251
1.579441
1.579441
1.575123
1.575123
1.571496
1.571496
1.585011
1.585011
1.721976
1.721976
1.578853
1.578853
1.587888
1.587888
1.572530
1.572530
1.569201
1.569201
1.576263
1.576263
1.482230
1.482230
1.566273
1.566273
1.585467
1.585467
1.584655
1.584655
1.572008
1.572008
1.573462
1.573462
1.477762
1.477762
1.582281
1.582281
1.577973
1.577973
1.581860
1.581860
1.571488
1.571488
1.567125
1.567125
1.474217
1.474217
1.581264
1.581264
1.572804
1.572804
1.591179
1.591179
1.574774
1.574774
1.560089
1.560089
1.578140
1.578140
1.573089
1.573089
1.579917
1.579917
1.571595
1.571595
1.571676
1.571676
1.583399
1.583399
1.486982
1.486982
1.574449
1.574449
1.585006
1.585006
1.567536
1.567536
1.574941
1.574941
1.576314
1.576314
1.592759
1.592759
1.575438
1.575438
1.564723
1.564723
1.584465
1.584465
1.576358
1.576358
1.575659
1.575659
1.690389
1.690389
1.574439
1.574439
1.578504
1.578504
1.567843
1.567843
1.580981
1.580981
1.573669
1.573669
1.586043
1.586043
1.566533
1.566533
1.582196
1.582196
1.583995
1.583995
1.571788
1.571788
1.568767
1.568767
1.599437
1.599437
1.574702
1.574702
1.580300
1.580300
1.575891
1.575891
1.567467
1.567467
1.573051
1.573051
1.513261
1.513261
1.572845
1.572845
1.574273
1.574273
1.575163
1.575163
1.566440
1.566440
1.581352
1.581352
1.463512
1.463512
1.572873
1.572873
1.576596
1.576596
1.584142
1.584142
1.569035
1.569035
1.567024
1.567024
1.472915
1.472915
1.572258
1.572258
1.569726
1.569726
1.570649
1.570649
1.577723
1.577723
1.579940
1.579940
1.481352
1.481352
1.573808
1.573808
1.572421
1.572421
1.573692
1.573692
1.574212
1.574212
1.576149
1.576149
1.712912
1.712912
1.563808
1.563808
1.570239
1.570239
1.575832
1.575832
1.581874
1.581874
1.579199
1.579199
1.676213
1.676213
1.570062
1.570062
1.572574
1.572574
1.562046
1.562046
1.584592
1.584592
1.582085
1.582085
1.498479
1.498479
1.581184
1.581184
1.572887
1.572887
1.568270
1.568270
1.576995
1.576995
1.571412
1.571412
1.514589
1.514589
1.574875
1.574875
1.574371
1.574371
1.561834
1.561834
1.570601
1.570601
1.588167
1.588167
1.470961
1.470961
1.576212
1.576212
1.579522
1.579522
1.567777
1.567777
1.574949
1.574949
1.570574
1.570574
1.501282
1.501282
1.559980
1.559980
1.571627
1.571627
1.568643
1.568643
1.584351
1.584351
1.583929
1.583929
1.564543
1.564543
1.570745
1.570745
1.579509
1.579509
1.578722
1.578722
1.574655
1.574655
1.564296
1.564296
1.596056
1.596056
1.574768
1.574768
1.575884
1.575884
1.573179
1.573179
1.565802
1.565802
1.577085
1.577085
1.487463
1.487463
1.566723
1.566723
1.568054
1.568054
1.570965
1.570965
1.576138
1.576138
1.583398
1.583398
1.487296
1.487296
1.575862
1.575862
1.557070
1.557070
1.577797
1.577797
1.574737
1.574737
1.579331
1.579331
1.473928
1.473928
1.568289
1.568289
1.566607
1.566607
1.575842
1.575842
1.577192
1.577192
1.576955
1.576955
1.463245
1.463245
1.568194
1.568194
1.562291
1.562291
1.584205
1.584205
1.581497
1.581497
1.568603
1.568603
1.682995
1.682995
1.580377
1.580377
1.572577
1.572577
1.573601
1.573601
1.570006
1.570006
1.569942
1.569942
1.489729
1.489729
1.578591
1.578591
1.579354
1.579354
1.570238
1.570238
1.574600
1.574600
1.564204
1.564204
1.554944
1.554944
1.574080
1.574080
1.578351
1.578351
1.571343
1.571343
1.578706
1.578706
1.563836
1.563836
1.675960
1.675960
1.565664
1.565664
1.583261
1.583261
1.561711
1.561711
1.576741
1.576741
1.577685
1.577685
1.678551
1.678551
1.580157
1.580157
1.572071
1.572071
1.565145
1.565145
1.580658
1.580658
1.566127
1.566127
1.612382
1.612382
1.571816
1.571816
1.568343
1.568343
1.578566
1.578566
1.577567
1.577567
1.566295
1.566295
1.505730
1.505730
1.573928
1.573928
1.585047
1.585047
1.561828
1.561828
1.574483
1.574483
1.565120
1.565120
1.505446
1.505446
1.567924
1.567924
1.582067
1.582067
1.556408
1.556408
1.580315
1.580315
1.571970
1.571970
1.626981
1.626981
1.576830
1.576830
1.572337
1.572337
1.558616
1.558616
1.577451
1.577451
1.571509
1.571509
1.585936
1.585936
1.571658
1.571658
1.570022
1.570022
1.568892
1.568892
1.570962
1.570962
1.572414
1.572414
1.495526
1.495526
1.561329
1.561329
1.579165
1.579165
1.571619
1.571619
1.575220
1.575220
1.564462
1.564462
1.505783
1.505783
1.564455
1.564455
1.566118
1.566118
1.565074
1.565074
1.569253
1.569253
1.585242
1.585242
1.663939
1.663939
1.571262
1.571262
1.569406
1.569406
1.577394
1.577394
1.568179
1.568179
1.564338
1.564338
1.464657
1.464657
1.577672
1.577672
1.572123
1.572123
1.563569
1.563569
1.566467
1.566467
1.571025
1.571025
1.496096
1.496096
1.575304
1.575304
1.562611
1.562611
1.577628
1.577628
1.571959
1.571959
1.563447
1.563447
1.698363
1.698363
1.561324
1.561324
1.574037
1.574037
1.572517
1.572517
1.571847
1.571847
1.572123
1.572123
1.678179
1.678179
1.562991
1.562991
1.564099
1.564099
1.575653
1.575653
1.573156
1.573156
1.576390
1.576390
1.657772
1.657772
1.570927
1.570927
1.585235
1.585235
1.562209
1.562209
1.570483
1.570483
1.563232
1.563232
1.685145
1.685145
1.561609
1.561609
1.577454
1.577454
1.571460
1.571460
1.571594
1.571594
1.568115
1.568115
1.920716
1.920716
1.578637
1.578637
1.565091
1.565091
1.572292
1.572292
1.574086
1.574086
1.559023
1.559023
1.839611
1.839611
1.575058
1.575058
1.570467
1.570467
1.571033
1.571033
1.565511
1.565511
1.567004
1.567004
1.482301
1.482301
1.563647
1.563647
1.579432
1.579432
1.564302
1.564302
1.576219
1.576219
1.563602
1.563602
1.730852
1.730852
1.562612
1.562612
1.577049
1.577049
1.570291
1.570291
1.564498
1.564498
1.571236
1.571236
1.600386
1.600386
1.569490
1.569490
1.571286
1.571286
1.569478
1.569478
1.574937
1.574937
1.558230
1.558230
1.461406
1.461406
1.571803
1.571803
1.566550
1.566550
1.566949
1.566949
1.558802
1.558802
1.577581
1.577581
1.611082
1.611082
1.572191
1.572191
1.563929
1.563929
1.571191
1.571191
1.561498
1.561498
1.571362
1.571362
1.881491
1.881491
1.564653
1.564653
1.556001
1.556001
1.573747
1.573747
1.570727
1.570727
1.575105
1.575105
1.515879
1.515879
1.569053
1.569053
1.561269
1.561269
1.565167
1.565167
1.571540
1.571540
1.571913
1.571913
1.478672
1.478672
1.563544
1.563544
1.570768
1.570768
1.561096
1.561096
1.572893
1.572893
1.569350
1.569350
1.718028
1.718028
1.573412
1.573412
1.576384
1.576384
1.566941
1.566941
1.559580
1.559580
1.561898
1.561898
1.712137
1.712137
1.574943
1.574943
1.569197
1.569197
1.562287
1.562287
1.563779
1.563779
1.569215
1.569215
1.488098
1.488098
1.555375
1.555375
1.577887
1.577887
1.566704
1.566704
1.569768
1.569768
1.570158
1.570158
1.482809
1.482809
1.562581
1.562581
1.561737
1.561737
1.576441
1.576441
1.571750
1.571750
1.568350
1.568350
1.469897
1.469897
1.570524
1.570524
1.575954
1.575954
1.570825
1.570825
1.551362
1.551362
1.573037
1.573037
1.554705
1.554705
1.571331
1.571331
1.565190
1.565190
1.562456
1.562456
1.568516
1.568516
1.575284
1.575284
1.468731
1.468731
1.571702
1.571702
1.566621
1.566621
1.555990
1.555990
1.582075
1.582075
1.566047
1.566047
1.722174
1.722174
1.571621
1.571621
1.572069
1.572069
1.565903
1.565903
1.562789
1.562789
1.569322
1.569322
1.724683
1.724683
1.571859
1.571859
1.562103
1.562103
1.572345
1.572345
1.563307
1.563307
1.571297
1.571297
1.491778
1.491778
1.579022
1.579022
1.575537
1.575537
1.551729
1.551729
1.555907
1.555907
1.576067
1.576067
1.880544
1.880544
1.566566
1.566566
1.560524
1.560524
1.569320
1.569320
1.573244
1.573244
1.568208
1.568208
1.844225
1.844225
1.565948
1.565948
1.561078
1.561078
1.566199
1.566199
1.577713
1.577713
1.567064
1.567064
1.490417
1.490417
1.560177
1.560177
1.574548
1.574548
1.564640
1.564640
1.565376
1.565376
1.572195
1.572195
1.466255
1.466255
1.574141
1.574141
1.569237
1.569237
1.568842
1.568842
1.560190
1.560190
1.563196
1.563196
1.816447
1.816447
1.574594
1.574594
1.566184
1.566184
1.568507
1.568507
1.569116
1.569116
1.558031
1.558031
1.484791
1.484791
1.554691
1.554691
1.572882
1.572882
1.569496
1.569496
1.570239
1.570239
1.568507
1.568507
1.469223
1.469223
1.560305
1.560305
1.566596
1.566596
1.566741
1.566741
1.563031
1.563031
1.578272
1.578272
1.792640
1.792640
1.568185
1.568185
1.566947
1.566947
1.566430
1.566430
1.560430
1.560430
1.572929
1.572929
1.520039
1.520039
1.564721
1.564721
1.564769
1.564769
1.556475
1.556475
1.569755
1.569755
1.577156
1.577156
1.539456
1.539456
1.551179
1.551179
1.561818
1.561818
1.564752
1.564752
1.575219
1.575219
1.578653
1.578653
1.510167
1.510167
1.566718
1.566718
1.558018
1.558018
1.567268
1.567268
1.575408
1.575408
1.563246
1.563246
1.524449
1.524449
1.564885
1.564885
1.570833
1.570833
1.564309
1.564309
1.568022
1.568022
1.561194
1.561194
1.704387
1.704387
1.573591
1.573591
1.549903
1.549903
1.569539
1.569539
1.564661
1.564661
1.571500
1.571500
1.698060
1.698060
1.567751
1.567751
1.560106
1.560106
1.566696
1.566696
1.574953
1.574953
1.561447
1.561447
1.462846
1.462846
1.563170
1.563170
1.564199
1.564199
1.566914
1.566914
1.567227
1.567227
1.570809
1.570809
1.474567
1.474567
1.563397
1.563397
1.569245
1.569245
1.562196
1.562196
1.566961
1.566961
1.571908
1.571908
1.529367
1.529367
1.564405
1.564405
1.567231
1.567231
1.560180
1.560180
1.571393
1.571393
1.571216
1.571216
1.481247
1.481247
1.580682
1.580682
1.566972
1.566972
1.563381
1.563381
1.562842
1.562842
1.559721
1.559721
1.708042
1.708042
1.574701
1.574701
1.568616
1.568616
1.554635
1.554635
1.574178
1.574178
1.563164
1.563164
1.465471
1.465471
1.569098
1.569098
1.567508
1.567508
1.576017
1.576017
1.559679
1.559679
1.564192
1.564192
1.471971
1.471971
1.562424
1.562424
1.568474
1.568474
1.565058
1.565058
1.570737
1.570737
1.571139
1.571139
1.487853
1.487853
1.568224
1.568224
1.565126
1.565126
1.570029
1.570029
1.569678
1.569678
1.564212
1.564212
1.888183
1.888183
1.564781
1.564781
1.556546
1.556546
1.572669
1.572669
1.564018
1.564018
1.579637
1.579637
1.524230
1.524230
1.568872
1.568872
1.572150
1.572150
1.566354
1.566354
1.563006
1.563006
1.564042
1.564042
1.788159
1.788159
1.565144
1.565144
1.563545
1.563545
1.571451
1.571451
1.565857
1.565857
1.567340
1.567340
1.479645
1.479645
1.562545
1.562545
1.561283
1.561283
1.572990
1.572990
1.569928
1.569928
1.564750
1.564750
1.498799
1.498799
1.566795
1.566795
1.569154
1.569154
1.564390
1.564390
1.568999
1.568999
1.561420
1.561420
1.512092
1.512092
1.553952
1.553952
1.565521
1.565521
1.579589
1.579589
1.561527
1.561527
1.569777
1.569777
1.481419
1.481419
1.568347
1.568347
1.568665
1.568665
1.570210
1.570210
1.552787
1.552787
1.569932
1.569932
1.548412
1.548412
1.565991
1.565991
1.563357
1.563357
1.564668
1.564668
1.563947
1.563947
1.571631
1.571631
1.464737
1.464737
1.555341
1.555341
1.564687
1.564687
1.566110
1.566110
1.561585
1.561585
1.581288
1.581288
1.488798
1.488798
1.566775
1.566775
1.567426
1.567426
1.577706
1.577706
1.559594
1.559594
1.556929
1.556929
1.637952
1.637952
1.560448
1.560448
1.575822
1.575822
1.567379
1.567379
1.567255
1.567255
1.557762
1.557762
1.489868
1.489868
1.577606
1.577606
1.560554
1.560554
1.571346
1.571346
1.552024
1.552024
1.566832
1.566832
1.492844
1.492844
1.569645
1.569645
1.561273
1.561273
1.557607
1.557607
1.571877
1.571877
1.567974
1.567974
1.493791
1.493791
1.563086
1.563086
1.566682
1.566682
1.557230
1.557230
1.570161
1.570161
1.570005
1.570005
1.745763
1.745763
1.566041
1.566041
1.563274
1.563274
1.565537
1.565537
1.567342
1.567342
1.565133
1.565133
1.471553
1.471553
1.566522
1.566522
1.565514
1.565514
1.562792
1.562792
1.561672
1.561672
1.570121
1.570121
1.495682
1.495682
1.559751
1.559751
1.560294
1.560294
1.572046
1.572046
1.563985
1.563985
1.569921
1.569921
1.685447
1.685447
1.563889
1.563889
1.563167
1.563167
1.567467
1.567467
1.568676
1.568676
1.562980
1.562980
1.686504
1.686504
1.551043
1.551043
1.559929
1.559929
1.555835
1.555835
1.582306
1.582306
1.578031
1.578031
1.470234
1.470234
1.563880
1.563880
1.563716
1.563716
1.569366
1.569366
1.564574
1.564574
1.565938
1.565938
1.493131
1.493131
1.566203
1.566203
1.566577
1.566577
1.559671
1.559671
1.565821
1.565821
1.569754
1.569754
1.473782
1.473782
1.572043
1.572043
1.573305
1.573305
1.553096
1.553096
1.575499
1.575499
1.554802
1.554802
1.464269
1.464269
1.567566
1.567566
1.571563
1.571563
1.562765
1.562765
1.560673
1.560673
1.567195
1.567195
1.474447
1.474447
1.562608
1.562608
1.563076
1.563076
1.569034
1.569034
1.574982
1.574982
1.561243
1.561243
1.464092
1.464092
1.572769
1.572769
1.563893
1.563893
1.559928
1.559928
1.564623
1.564623
1.570179
1.570179
1.640930
1.640930
1.568475
1.568475
1.564300
1.564300
1.558628
1.558628
1.568112
1.568112
1.573024
1.573024
1.466667
1.466667
1.560246
1.560246
1.570175
1.570175
1.560803
1.560803
1.575080
1.575080
1.566380
1.566380
1.492887
1.492887
1.551888
1.551888
1.571176
1.571176
1.574637
1.574637
1.568870
1.568870
1.566495
1.566495
1.464405
1.464405
1.569023
1.569023
1.573399
1.573399
1.550760
1.550760
1.578963
1.578963
1.561112
1.561112
1.518540
1.518540
1.563051
1.563051
1.557179
1.557179
1.569651
1.569651
1.576748
1.576748
1.565765
1.565765
1.749741
1.749741
1.562091
1.562091
1.566018
1.566018
1.567578
1.567578
1.572299
1.572299
1.564825
1.564825
1.482740
1.482740
1.569852
1.569852
1.564731
1.564731
1.564301
1.564301
1.554269
1.554269
1.578204
1.578204
1.711318
1.711318
1.564328
1.564328
1.568208
1.568208
1.566362
1.566362
1.569676
1.569676
1.563756
1.563756
1.470477
1.470477
1.567709
1.567709
1.563404
1.563404
1.570965
1.570965
1.569141
1.569141
1.561015
1.561015
1.562415
1.562415
1.576115
1.576115
1.563399
1.563399
1.569336
1.569336
1.562280
1.562280
1.560569
1.560569
1.578787
1.578787
1.575331
1.575331
1.564431
1.564431
1.559123
1.559123
1.557263
1.557263
1.573839
1.573839
1.702126
1.702126
1.558357
1.558357
1.555458
1.555458
1.571392
1.571392
1.569638
1.569638
1.572615
1.572615
1.654133
1.654133
1.578211
1.578211
1.563366
1.563366
1.568094
1.568094
1.562645
1.562645
1.552400
1.552400
1.561892
1.561892
1.562051
1.562051
1.559210
1.559210
1.565034
1.565034
1.569305
1.569305
1.566667
1.566667
1.545426
1.545426
1.565503
1.565503
1.557793
1.557793
1.565809
1.565809
1.572985
1.572985
1.558638
1.558638
1.488803
1.488803
1.558855
1.558855
1.564193
1.564193
1.577345
1.577345
1.561532
1.561532
1.557427
1.557427
1.659495
1.659495
1.565882
1.565882
1.566283
1.566283
1.572805
1.572805
1.557968
1.557968
1.554734
1.554734
1.689873
1.689873
1.562762
1.562762
1.557546
1.557546
1.558806
1.558806
1.567415
1.567415
1.569706
1.569706
1.520263
1.520263
1.564241
1.564241
1.558618
1.558618
1.572923
1.572923
1.560554
1.560554
1.558495
1.558495
1.504466
1.504466
1.567753
1.567753
1.570567
1.570567
1.551572
1.551572
1.569009
1.569009
1.554333
1.554333
1.682562
1.682562
1.570205
1.570205
1.560215
1.560215
1.551546
1.551546
1.569871
1.569871
1.561356
1.561356
1.645996
1.645996
1.556861
1.556861
1.563992
1.563992
1.560697
1.560697
1.569834
1.569834
1.560770
1.560770
1.663418
1.663418
1.555969
1.555969
1.569441
1.569441
1.560642
1.560642
1.558089
1.558089
1.567365
1.567365
1.462129
1.462129
1.564605
1.564605
1.559651
1.559651
1.571734
1.571734
1.558074
1.558074
1.556742
1.556742
1.580222
1.580222
1.554525
1.554525
1.568787
1.568787
1.559018
1.559018
1.566472
1.566472
1.562020
1.562020
1.579116
1.579116
1.557191
1.557191
1.557383
1.557383
1.569026
1.569026
1.563213
1.563213
1.563455
1.563455
1.466510
1.466510
1.562041
1.562041
1.554450
1.554450
1.563797
1.563797
1.561799
1.561799
1.566241
1.566241
1.815581
1.815581
1.570992
1.570992
1.555999
1.555999
1.557738
1.557738
1.562371
1.562371
1.561339
1.561339
1.610748
1.610748
1.560410
1.560410
1.560148
1.560148
1.566471
1.566471
1.561510
1.561510
1.559201
1.559201
1.469569
1.469569
1.562788
1.562788
1.555304
1.555304
1.565998
1.565998
1.569594
1.569594
1.552724
1.552724
1.715409
1.715409
1.568515
1.568515
1.556570
1.556570
1.550501
1.550501
1.565362
1.565362
1.566855
1.566855
1.529125
1.529125
1.560898
1.560898
1.570320
1.570320
1.552564
1.552564
1.564800
1.564800
1.559665
1.559665
1.471124
1.471124
1.565600
1.565600
1.565600
1.565600
1.563979
1.563979
1.553635
1.553635
1.559660
1.559660
1.473022
1.473022
1.561636
1.561636
1.561929
1.561929
1.562122
1.562122
1.559131
1.559131
1.564506
1.564506
1.480523
1.480523
1.561760
1.561760
1.570604
1.570604
1.556789
1.556789
1.564133
1.564133
1.556605
1.556605
1.573357
1.573357
1.567709
1.567709
1.554498
1.554498
1.564144
1.564144
1.557892
1.557892
1.564877
1.564877
1.710855
1.710855
1.563250
1.563250
1.554355
1.554355
1.567581
1.567581
1.563183
1.563183
1.561290
1.561290
1.500726
1.500726
1.565239
1.565239
1.564683
1.564683
1.568221
1.568221
1.553130
1.553130
1.557615
1.557615
1.718213
1.718213
1.563824
1.563824
1.561197
1.561197
1.564569
1.564569
1.553391
1.553391
1.567031
1.567031
1.523461
1.523461
1.558826
1.558826
1.568031
1.568031
1.556698
1.556698
1.568524
1.568524
1.558105
1.558105
1.501516
1.501516
1.562490
1.562490
1.560793
1.560793
1.564877
1.564877
1.564489
1.564489
1.557140
1.557140
1.507387
1.507387
1.555363
1.555363
1.561083
1.561083
1.564201
1.564201
1.573478
1.573478
1.555271
1.555271
1.462993
1.462993
1.569327
1.569327
1.557559
1.557559
1.549308
1.549308
1.565835
1.565835
1.567301
1.567301
1.485063
1.485063
1.571673
1.571673
1.568786
1.568786
1.554464
1.554464
1.551879
1.551879
1.562338
1.562338
1.708143
1.708143
1.562602
1.562602
1.558357
1.558357
1.548985
1.548985
1.575499
1.575499
1.565410
1.565410
1.512554
1.512554
1.553290
1.553290
1.562600
1.562600
1.565894
1.565894
1.560381
1.560381
1.569430
1.569430
1.465966
1.465966
1.564021
1.564021
1.565875
1.565875
1.568215
1.568215
1.550842
1.550842
1.562549
1.562549
1.637071
1.637071
1.555702
1.555702
1.574070
1.574070
1.560808
1.560808
1.558257
1.558257
1.561644
1.561644
1.589396
1.589396
1.567475
1.567475
1.550981
1.550981
1.566014
1.566014
1.550037
1.550037
1.572818
1.572818
1.744844
1.744844
1.573156
1.573156
1.565051
1.565051
1.567536
1.567536
1.549861
1.549861
1.550713
1.550713
1.551183
1.551183
1.556504
1.556504
1.572902
1.572902
1.560751
1.560751
1.560024
1.560024
1.554774
1.554774
1.491557
1.491557
1.566269
1.566269
1.559408
1.559408
1.554609
1.554609
1.556408
1.556408
1.566838
1.566838
1.591062
1.591062
1.553286
1.553286
1.557015
1.557015
1.565286
1.565286
1.564999
1.564999
1.562318
1.562318
1.462577
1.462577
1.554269
1.554269
1.564158
1.564158
1.557976
1.557976
1.560186
1.560186
1.564729
1.564729
1.706161
1.706161
1.557690
1.557690
1.559750
1.559750
1.566153
1.566153
1.559247
1.559247
1.558488
1.558488
1.477684
1.477684
1.552977
1.552977
1.552293
1.552293
1.566157
1.566157
1.568963
1.568963
1.559914
1.559914
1.493883
1.493883
1.571097
1.571097
1.552830
1.552830
1.565050
1.565050
1.559480
1.559480
1.550961
1.550961
1.706777
1.706777
1.564915
1.564915
1.550713
1.550713
1.564551
1.564551
1.558623
1.558623
1.561271
1.561271
1.501479
1.501479
1.562522
1.562522
1.560200
1.560200
1.552822
1.552822
1.565092
1.565092
1.559645
1.559645
1.472117
1.472117
1.565144
1.565144
1.564892
1.564892
1.554761
1.554761
1.556847
1.556847
1.559467
1.559467
1.478197
1.478197
1.551259
1.551259
1.564338
1.564338
1.568071
1.568071
1.561882
1.561882
1.556597
1.556597
1.499517
1.499517
1.565056
1.565056
1.564284
1.564284
1.562429
1.562429
1.560633
1.560633
1.550665
1.550665
1.478283
1.478283
1.566344
1.566344
1.561237
1.561237
1.548846
1.548846
1.566991
1.566991
1.559862
1.559862
1.620524
1.620524
1.566687
1.566687
1.558342
1.558342
1.561830
1.561830
1.554836
1.554836
1.560942
1.560942
1.689111
1.689111
1.555052
1.555052
1.567358
1.567358
1.553676
1.553676
1.569213
1.569213
1.556190
1.556190
1.497350
1.497350
1.557496
1.557496
1.560152
1.560152
1.557496
1.557496
1.563807
1.563807
1.560849
1.560849
1.520252
1.520252
1.558860
1.558860
1.550228
1.550228
1.568103
1.568103
1.558774
1.558774
1.561984
1.561984
1.751493
1.751493
1.540746
1.540746
1.572614
1.572614
1.566486
1.566486
1.564462
1.564462
1.553589
1.553589
1.617442
1.617442
1.558439
1.558439
1.549312
1.549312
1.559818
1.559818
1.565590
1.565590
1.564290
1.564290
1.482198
1.482198
1.553868
1.553868
1.568125
1.568125
1.554240
1.554240
1.555812
1.555812
1.564758
1.564758
1.462839
1.462839
1.566320
1.566320
1.557340
1.557340
1.546992
1.546992
1.573890
1.573890
1.552436
1.552436
1.499876
1.499876
1.548154
1.548154
1.564276
1.564276
1.557818
1.557818
1.566983
1.566983
1.560336
1.560336
1.529654
1.529654
1.562602
1.562602
1.566570
1.566570
1.555412
1.555412
1.556981
1.556981
1.556018
1.556018
1.486511
1.486511
1.561049
1.561049
1.557752
1.557752
1.551926
1.551926
1.567698
1.567698
1.558774
1.558774
1.505412
1.505412
1.553737
1.553737
1.561053
1.561053
1.559055
1.559055
1.553902
1.553902
1.569297
1.569297
1.563463
1.563463
1.550136
1.550136
1.550817
1.550817
1.554136
1.554136
1.573380
1.573380
1.568584
1.568584
1.464557
1.464557
1.567538
1.567538
1.558394
1.558394
1.565863
1.565863
1.553880
1.553880
1.551240
1.551240
1.474688
1.474688
1.563202
1.563202
1.547888
1.547888
1.567382
1.567382
1.554475
1.554475
1.563465
1.563465
1.796110
1.796110
1.553815
1.553815
1.551914
1.551914
1.556885
1.556885
1.553534
1.553534
1.580472
1.580472
1.498261
1.498261
1.552143
1.552143
1.563702
1.563702
1.560869
1.560869
1.556848
1.556848
1.561394
1.561394
1.473465
1.473465
1.552801
1.552801
1.570204
1.570204
1.560195
1.560195
1.555357
1.555357
1.555293
1.555293
1.589450
1.589450
1.555706
1.555706
1.553818
1.553818
1.558311
1.558311
1.568217
1.568217
1.556878
1.556878
1.701993
1.701993
1.558994
1.558994
1.566339
1.566339
1.561241
1.561241
1.551834
1.551834
1.554719
1.554719
1.498870
1.498870
1.561831
1.561831
1.558745
1.558745
1.559874
1.559874
1.554965
1.554965
1.557524
1.557524
1.492937
1.492937
1.548046
1.548046
1.560260
1.560260
1.558519
1.558519
1.562515
1.562515
1.563869
1.563869
1.486215
1.486215
1.564897
1.564897
1.565489
1.565489
1.555777
1.555777
1.553143
1.553143
1.554234
1.554234
1.531171
1.531171
1.563878
1.563878
1.555583
1.555583
1.553318
1.553318
1.557726
1.557726
1.563598
1.563598
1.483115
1.483115
1.556350
1.556350
1.569882
1.569882
1.555715
1.555715
1.553237
1.553237
1.559269
1.559269
1.501964
1.501964
1.557724
1.557724
1.571274
1.571274
1.557242
1.557242
1.548308
1.548308
1.560298
1.560298
1.525726
1.525726
1.551055
1.551055
1.561182
1.561182
1.560194
1.560194
1.554367
1.554367
1.567598
1.567598
1.687820
1.687820
1.565329
1.565329
1.556573
1.556573
1.560894
1.560894
1.554865
1.554865
1.557345
1.557345
1.522877
1.522877
1.566828
1.566828
1.559152
1.559152
1.556824
1.556824
1.558152
1.558152
1.553830
1.553830
1.499442
1.499442
1.558528
1.558528
1.558169
1.558169
1.563705
1.563705
1.555956
1.555956
1.558336
1.558336
1.462291
1.462291
1.557406
1.557406
1.555578
1.555578
1.559199
1.559199
1.554731
1.554731
1.567967
1.567967
1.508344
1.508344
1.560652
1.560652
1.554903
1.554903
1.559463
1.559463
1.565406
1.565406
1.553356
1.553356
1.945441
1.945441
1.553958
1.553958
1.557732
1.557732
1.555592
1.555592
1.572161
1.572161
1.556702
1.556702
1.470103
1.470103
1.560629
1.560629
1.569016
1.569016
1.553888
1.553888
1.552230
1.552230
1.560988
1.560988
1.481609
1.481609
1.562721
1.562721
1.554044
1.554044
1.553297
1.553297
1.567474
1.567474
1.559973
1.559973
1.465572
1.465572
1.557430
1.557430
1.554395
1.554395
1.560801
1.560801
1.560831
1.560831
1.564566
1.564566
1.547802
1.547802
1.565693
1.565693
1.557410
1.557410
1.549288
1.549288
1.569196
1.569196
1.557019
1.557019
1.583800
1.583800
1.549696
1.549696
1.550810
1.550810
1.558502
1.558502
1.571394
1.571394
1.567443
1.567443
1.595920
1.595920
1.566722
1.566722
1.563259
1.563259
1.554172
1.554172
1.557559
1.557559
1.554822
1.554822
1.463434
1.463434
1.567782
1.567782
1.556778
1.556778
1.557871
1.557871
1.549362
1.549362
1.563473
1.563473
1.537232
1.537232
1.561028
1.561028
1.555005
1.555005
1.568186
1.568186
1.553699
1.553699
1.557433
1.557433
1.471794
1.471794
1.569010
1.569010
1.557630
1.557630
1.568453
1.568453
1.551567
1.551567
1.548867
1.548867
1.466168
1.466168
1.565678
1.565678
1.552478
1.552478
1.566680
1.566680
1.551583
1.551583
1.559775
1.559775
1.476363
1.476363
1.551010
1.551010
1.557214
1.557214
1.566559
1.566559
1.556057
1.556057
1.566272
1.566272
1.472092
1.472092
1.564399
1.564399
1.567723
1.567723
1.553321
1.553321
1.559154
1.559154
1.552978
1.552978
1.584274
1.584274
1.559777
1.559777
1.566833
1.566833
1.558931
1.558931
1.555129
1.555129
1.556704
1.556704
1.585191
1.585191
1.560723
1.560723
1.567425
1.567425
1.570821
1.570821
1.546319
1.546319
1.550886
1.550886
1.511946
1.511946
1.557137
1.557137
1.556856
1.556856
1.553523
1.553523
1.561356
1.561356
1.564985
1.564985
1.658359
1.658359
1.542877
1.542877
1.554380
1.554380
1.553330
1.553330
1.564608
1.564608
1.577644
1.577644
1.498769
1.498769
1.558799
1.558799
1.554876
1.554876
1.558967
1.558967
1.564839
1.564839
1.554331
1.554331
1.479033
1.479033
1.552189
1.552189
1.564912
1.564912
1.565502
1.565502
1.546863
1.546863
1.562151
1.562151
1.475410
1.475410
1.573744
1.573744
1.563349
1.563349
1.553829
1.553829
1.546043
1.546043
1.554440
1.554440
1.626822
1.626822
1.553710
1.553710
1.565233
1.565233
1.548993
1.548993
1.568463
1.568463
1.555343
1.555343
1.465627
1.465627
1.553328
1.553328
1.539070
1.539070
1.567968
1.567968
1.560893
1.560893
1.568976
1.568976
1.791777
1.791777
1.556586
1.556586
1.561352
1.561352
1.556915
1.556915
1.554106
1.554106
1.562032
1.562032
1.482327
1.482327
1.555993
1.555993
1.554853
1.554853
1.559715
1.559715
1.564270
1.564270
1.554936
1.554936
1.639175
1.639175
1.550168
1.550168
1.552679
1.552679
1.566649
1.566649
1.552521
1.552521
1.567332
1.567332
1.495663
1.495663
1.558417
1.558417
1.551393
1.551393
1.548697
1.548697
1.563176
1.563176
1.566570
1.566570
1.518366
1.518366
1.554552
1.554552
1.559163
1.559163
1.563250
1.563250
1.553238
1.553238
1.557812
1.557812
1.502022
1.502022
1.552119
1.552119
1.563325
1.563325
1.553624
1.553624
1.566636
1.566636
1.552056
1.552056
1.487670
1.487670
1.559950
1.559950
1.554538
1.554538
1.565881
1.565881
1.551128
1.551128
1.556174
1.556174
1.461349
1.461349
1.564152
1.564152
1.557006
1.557006
1.557570
1.557570
1.549962
1.549962
1.558682
1.558682
1.686623
1.686623
1.561356
1.561356
1.551760
1.551760
1.559625
1.559625
1.556617
1.556617
1.559085
1.559085
1.502064
1.502064
1.562639
1.562639
1.556488
1.556488
1.557580
1.557580
1.551349
1.551349
1.560302
1.560302
1.485840
1.485840
1.555427
1.555427
1.562723
1.562723
1.553788
1.553788
1.548791
1.548791
1.567762
1.567762
1.462427
1.462427
1.562734
1.562734
1.541941
1.541941
1.557532
1.557532
1.562690
1.562690
1.563422
1.563422
1.669993
1.669993
1.546876
1.546876
1.559311
1.559311
1.566608
1.566608
1.549468
1.549468
1.565707
1.565707
1.666547
1.666547
1.556430
1.556430
1.549976
1.549976
1.554986
1.554986
1.572460
1.572460
1.552818
1.552818
1.695196
1.695196
1.552629
1.552629
1.548354
1.548354
1.565293
1.565293
1.561783
1.561783
1.558158
1.558158
1.696762
1.696762
1.563101
1.563101
1.554431
1.554431
1.548362
1.548362
1.566385
1.566385
1.553934
1.553934
1.466310
1.466310
1.549977
1.549977
1.560216
1.560216
1.559670
1.559670
1.564280
1.564280
1.551232
1.551232
1.482515
1.482515
1.548864
1.548864
1.562711
1.562711
1.565296
1.565296
1.561538
1.561538
1.546950
1.546950
1.509869
1.509869
1.551954
1.551954
1.553511
1.553511
1.560599
1.560599
1.561266
1.561266
1.557811
1.557811
1.647781
1.647781
1.567092
1.567092
1.557365
1.557365
1.547483
1.547483
1.562397
1.562397
1.551363
1.551363
1.474390
1.474390
1.560261
1.560261
1.556954
1.556954
1.547790
1.547790
1.558944
1.558944
1.561872
1.561872
1.461685
1.461685
1.561230
1.561230
1.557149
1.557149
1.561606
1.561606
1.560427
1.560427
1.546111
1.546111
1.488884
1.488884
1.561021
1.561021
1.552159
1.552159
1.559367
1.559367
1.561475
1.561475
1.552758
1.552758
1.585992
1.585992
1.553105
1.553105
1.551008
1.551008
1.561205
1.561205
1.563671
1.563671
1.556547
1.556547
1.862483
1.862483
1.548728
1.548728
1.554882
1.554882
1.557220
1.557220
1.562793
1.562793
1.562554
1.562554
1.501019
1.501019
1.551346
1.551346
1.556981
1.556981
1.558124
1.558124
1.566860
1.566860
1.551007
1.551007
1.782939
1.782939
1.563198
1.563198
1.565184
1.565184
1.548172
1.548172
1.553800
1.553800
1.553837
1.553837
1.475479
1.475479
1.548922
1.548922
1.561516
1.561516
1.558548
1.558548
1.554953
1.554953
1.558184
1.558184
1.711762
1.711762
1.574984
1.574984
1.554000
1.554000
1.548886
1.548886
1.557689
1.557689
1.546101
1.546101
1.600554
1.600554
1.550516
1.550516
1.560877
1.560877
1.550558
1.550558
1.553931
1.553931
1.563625
1.563625
1.713899
1.713899
1.549978
1.549978
1.549432
1.549432
1.559127
1.559127
1.562482
1.562482
1.558451
1.558451
1.466710
1.466710
1.563718
1.563718
1.548620
1.548620
1.553311
1.553311
1.552390
1.552390
1.561639
1.561639
1.465560
1.465560
1.559349
1.559349
1.558080
1.558080
1.561334
1.561334
1.547798
1.547798
1.552683
1.552683
1.808751
1.808751
1.542422
1.542422
1.554605
1.554605
1.552406
1.552406
1.563227
1.563227
1.566609
1.566609
1.700025
1.700025
1.562734
1.562734
1.557547
1.557547
1.556890
1.556890
1.552231
1.552231
1.548269
1.548269
1.635710
1.635710
1.555614
1.555614
1.545186
1.545186
1.547845
1.547845
1.562883
1.562883
1.563587
1.563587
1.697072
1.697072
1.554288
1.554288
1.552399
1.552399
1.556644
1.556644
1.546407
1.546407
1.563862
1.563862
1.599824
1.599824
1.569932
1.569932
1.553743
1.553743
1.542436
1.542436
1.555665
1.555665
1.549506
1.549506
1.677593
1.677593
1.553513
1.553513
1.566984
1.566984
1.558076
1.558076
1.545291
1.545291
1.545676
1.545676
1.571087
1.571087
1.549476
1.549476
1.554674
1.554674
1.556770
1.556770
1.553402
1.553402
1.553396
1.553396
1.616570
1.616570
1.549909
1.549909
1.559300
1.559300
1.550887
1.550887
1.565916
1.565916
1.540254
1.540254
1.464414
1.464414
1.543246
1.543246
1.548893
1.548893
1.568226
1.568226
1.555588
1.555588
1.549185
1.549185
1.466721
1.466721
1.550338
1.550338
1.552579
1.552579
1.555533
1.555533
1.548536
1.548536
1.558785
1.558785
1.463235
1.463235
1.550010
1.550010
1.548528
1.548528
1.557614
1.557614
1.560740
1.560740
1.549986
1.549986
1.574080
1.574080
1.559597
1.559597
1.549947
1.549947
1.567417
1.567417
1.540923
1.540923
1.550628
1.550628
1.466473
1.466473
1.553465
1.553465
1.545745
1.545745
1.553837
1.553837
1.557817
1.557817
1.558765
1.558765
1.465087
1.465087
1.551438
1.551438
1.565234
1.565234
1.545400
1.545400
1.558239
1.558239
1.550569
1.550569
1.572102
1.572102
1.540398
1.540398
1.551022
1.551022
1.564990
1.564990
1.562563
1.562563
1.553040
1.553040
1.559449
1.559449
1.550887
1.550887
1.561385
1.561385
1.555969
1.555969
1.558571
1.558571
1.545825
1.545825
1.476309
1.476309
1.557558
1.557558
1.551136
1.551136
1.558115
1.558115
1.555489
1.555489
1.550903
1.550903
1.463750
1.463750
1.547981
1.547981
1.556357
1.556357
1.554803
1.554803
1.551209
1.551209
1.564076
1.564076
1.469052
1.469052
1.551140
1.551140
1.559458
1.559458
1.565204
1.565204
1.546168
1.546168
1.553949
1.553949
1.479142
1.479142
1.552897
1.552897
1.552744
1.552744
1.547721
1.547721
1.565425
1.565425
1.558613
1.558613
1.468066
1.468066
1.555562
1.555562
1.556013
1.556013
1.556151
1.556151
1.550091
1.550091
1.560741
1.560741
1.520231
1.520231
1.560589
1.560589
1.558101
1.558101
1.548532
1.548532
1.549949
1.549949
1.562443
1.562443
1.514583
1.514583
1.557097
1.557097
1.554451
1.554451
1.554250
1.554250
1.560881
1.560881
1.553206
1.553206
1.500818
1.500818
1.559778
1.559778
1.559644
1.559644
1.552294
1.552294
1.546705
1.546705
1.559768
1.559768
1.901033
1.901033
1.564359
1.564359
1.558559
1.558559
1.552624
1.552624
1.548674
1.548674
1.555337
1.555337
1.529839
1.529839
1.549647
1.549647
1.554340
1.554340
1.561731
1.561731
1.572768
1.572768
1.539470
1.539470
1.841667
1.841667
1.558743
1.558743
1.559147
1.559147
1.558110
1.558110
1.549657
1.549657
1.552578
1.552578
1.463861
1.463861
1.550948
1.550948
1.560500
1.560500
1.555325
1.555325
1.549000
1.549000
1.561529
1.561529
1.469576
1.469576
1.558743
1.558743
1.554529
1.554529
1.550704
1.550704
1.553913
1.553913
1.559760
1.559760
1.466640
1.466640
1.547959
1.547959
1.564029
1.564029
1.556312
1.556312
1.553946
1.553946
1.555332
1.555332
1.724331
1.724331
1.551454
1.551454
1.566703
1.566703
1.552894
1.552894
1.559045
1.559045
1.548578
1.548578
1.695734
1.695734
1.561203
1.561203
1.557432
1.557432
1.558227
1.558227
1.551904
1.551904
1.551489
1.551489
1.495368
1.495368
1.561227
1.561227
1.556255
1.556255
1.556571
1.556571
1.558035
1.558035
1.549015
1.549015
1.465466
1.465466
1.562374
1.562374
1.555872
1.555872
1.556283
1.556283
1.545291
1.545291
1.562093
1.562093
1.505909
1.505909
1.546705
1.546705
1.567560
1.567560
1.558165
1.558165
1.558280
1.558280
1.551152
1.551152
1.693522
1.693522
1.553685
1.553685
1.551877
1.551877
1.553357
1.553357
1.573057
1.573057
1.549909
1.549909
1.831548
1.831548
1.543947
1.543947
1.557548
1.557548
1.553629
1.553629
1.567902
1.567902
1.559204
1.559204
1.616772
1.616772
1.551445
1.551445
1.560831
1.560831
1.563879
1.563879
1.553122
1.553122
1.551427
1.551427
1.463620
1.463620
1.547563
1.547563
1.558615
1.558615
1.559534
1.559534
1.547211
1.547211
1.566170
1.566170
1.475729
1.475729
1.564520
1.564520
1.558856
1.558856
1.546514
1.546514
1.545152
1.545152
1.563299
1.563299
1.615010
1.615010
1.550271
1.550271
1.553244
1.553244
1.569083
1.569083
1.563223
1.563223
1.542462
1.542462
1.590085
1.590085
1.559249
1.559249
1.561803
1.561803
1.558229
1.558229
1.550811
1.550811
1.547962
1.547962
1.471910
1.471910
1.546179
1.546179
1.559023
1.559023
1.559327
1.559327
1.558101
1.558101
1.554709
1.554709
1.568288
1.568288
1.560459
1.560459
1.550263
1.550263
1.549359
1.549359
1.558414
1.558414
1.558849
1.558849
1.493722
1.493722
1.549075
1.549075
1.552982
1.552982
1.563329
1.563329
1.560209
1.560209
1.551120
1.551120
1.557374
1.557374
1.561866
1.561866
1.563797
1.563797
1.557863
1.557863
1.549921
1.549921
1.543507
1.543507
1.485534
1.485534
1.551920
1.551920
1.553460
1.553460
1.552239
1.552239
1.561956
1.561956
1.557675
1.557675
1.469929
1.469929
1.560446
1.560446
1.560035
1.560035
1.549302
1.549302
1.554599
1.554599
1.553215
1.553215
1.547241
1.547241
1.560863
1.560863
1.555294
1.555294
1.551031
1.551031
1.559546
1.559546
1.551434
1.551434
1.476843
1.476843
1.555060
1.555060
1.556786
1.556786
1.555004
1.555004
1.554934
1.554934
1.555925
1.555925
1.620558
1.620558
1.557341
1.557341
1.554152
1.554152
1.554385
1.554385
1.549440
1.549440
1.561135
1.561135
1.947845
1.947845
1.549119
1.549119
1.566034
1.566034
1.563267
1.563267
1.556099
1.556099
1.542049
1.542049
1.608710
1.608710
1.552359
1.552359
1.560310
1.560310
1.552837
1.552837
1.558859
1.558859
1.550577
1.550577
1.462099
1.462099
1.546205
1.546205
1.558702
1.558702
1.547746
1.547746
1.559290
1.559290
1.560144
1.560144
1.885579
1.885579
1.550605
1.550605
1.548746
1.548746
1.554911
1.554911
1.557794
1.557794
1.560556
1.560556
1.503308
1.503308
1.560868
1.560868
1.549571
1.549571
1.553157
1.553157
1.554070
1.554070
1.553887
1.553887
1.464842
1.464842
1.548548
1.548548
1.550027
1.550027
1.551563
1.551563
1.553230
1.553230
1.566440
1.566440
1.860238
1.860238
1.554093
1.554093
1.556377
1.556377
1.549523
1.549523
1.549633
1.549633
1.559859
1.559859
1.472535
1.472535
1.554528
1.554528
1.552244
1.552244
1.552665
1.552665
1.549936
1.549936
1.557593
1.557593
1.520579
1.520579
1.544136
1.544136
1.561385
1.561385
1.553759
1.553759
1.545900
1.545900
1.560214
1.560214
1.670416
1.670416
1.537467
1.537467
1.556557
1.556557
1.571429
1.571429
1.550322
1.550322
1.549698
1.549698
1.475269
1.475269
1.551190
1.551190
1.551245
1.551245
1.549611
1.549611
1.562272
1.562272
1.550372
1.550372
1.647904
1.647904
1.543714
1.543714
1.559387
1.559387
1.556992
1.556992
1.554988
1.554988
1.550388
1.550388
1.497505
1.497505
1.543364
1.543364
1.555437
1.555437
1.555762
1.555762
1.559873
1.559873
1.551256
1.551256
1.503053
1.503053
1.540781
1.540781
1.558747
1.558747
1.555707
1.555707
1.560513
1.560513
1.549421
1.549421
1.733830
1.733830
1.552969
1.552969
1.551693
1.551693
1.551369
1.551369
1.553609
1.553609
1.557006
1.557006
1.472131
1.472131
1.552981
1.552981
1.544135
1.544135
1.557297
1.557297
1.559102
1.559102
1.552980
1.552980
1.712580
1.712580
1.550850
1.550850
1.550900
1.550900
1.560449
1.560449
1.559078
1.559078
1.546466
1.546466
1.710704
1.710704
1.552103
1.552103
1.555766
1.555766
1.557120
1.557120
1.551498
1.551498
1.553291
1.553291
1.468779
1.468779
1.552536
1.552536
1.552214
1.552214
1.562721
1.562721
1.542001
1.542001
1.561352
1.561352
1.467771
1.467771
1.547685
1.547685
1.560482
1.560482
1.552056
1.552056
1.559807
1.559807
1.551907
1.551907
1.529230
1.529230
1.557870
1.557870
1.550877
1.550877
1.547507
1.547507
1.559764
1.559764
1.556981
1.556981
1.469920
1.469920
1.563327
1.563327
1.551957
1.551957
1.556710
1.556710
1.557261
1.557261
1.544074
1.544074
1.561507
1.561507
1.545445
1.545445
1.555644
1.555644
1.557949
1.557949
1.558304
1.558304
1.556519
1.556519
1.499064
1.499064
1.549427
1.549427
1.556115
1.556115
1.551250
1.551250
1.555127
1.555127
1.559989
1.559989
1.934237
1.934237
1.552521
1.552521
1.559775
1.559775
1.554015
1.554015
1.542951
1.542951
1.564398
1.564398
1.521329
1.521329
1.548099
1.548099
1.558248
1.558248
1.549832
1.549832
1.557761
1.557761
1.559566
1.559566
1.581614
1.581614
1.547640
1.547640
1.562644
1.562644
1.563643
1.563643
1.542906
1.542906
1.556319
1.556319
1.464910
1.464910
1.554155
1.554155
1.560840
1.560840
1.556802
1.556802
1.555351
1.555351
1.545421
1.545421
1.461428
1.461428
1.549207
1.549207
1.551998
1.551998
1.568149
1.568149
1.555993
1.555993
1.547646
1.547646
1.472491
1.472491
1.552591
1.552591
1.550878
1.550878
1.561590
1.561590
1.556399
1.556399
1.552444
1.552444
1.474242
1.474242
1.552206
1.552206
1.561792
1.561792
1.559966
1.559966
1.549413
1.549413
1.550953
1.550953
1.610654
1.610654
1.550443
1.550443
1.566287
1.566287
1.550408
1.550408
1.545548
1.545548
1.561997
1.561997
1.524725
1.524725
1.555054
1.555054
1.548339
1.548339
1.557791
1.557791
1.554896
1.554896
1.557292
1.557292
1.633700
1.633700
1.542490
1.542490
1.559734
1.559734
1.555506
1.555506
1.556771
1.556771
1.558168
1.558168
1.525849
1.525849
1.546279
1.546279
1.555706
1.555706
1.552384
1.552384
1.552712
1.552712
1.564087
1.564087
1.583827
1.583827
1.557118
1.557118
1.548909
1.548909
1.552289
1.552289
1.552230
1.552230
1.559416
1.559416
1.465100
1.465100
1.572968
1.572968
1.547622
1.547622
1.552221
1.552221
1.546751
1.546751
1.549076
1.549076
1.557961
1.557961
1.557203
1.557203
1.562532
1.562532
1.557064
1.557064
1.544151
1.544151
1.546733
1.546733
1.495908
1.495908
1.542301
1.542301
1.551958
1.551958
1.554693
1.554693
1.561331
1.561331
1.555755
1.555755
1.575153
1.575153
1.555907
1.555907
1.567195
1.567195
1.548108
1.548108
1.555208
1.555208
1.538769
1.538769
1.510836
1.510836
1.549876
1.549876
1.553868
1.553868
1.554795
1.554795
1.565524
1.565524
1.539260
1.539260
1.707753
1.707753
1.553479
1.553479
1.563976
1.563976
1.539813
1.539813
1.549180
1.549180
1.555574
1.555574
1.616242
1.616242
1.560835
1.560835
1.546592
1.546592
1.557539
1.557539
1.542930
1.542930
1.552700
1.552700
1.472731
1.472731
1.552598
1.552598
1.560340
1.560340
1.545894
1.545894
1.551047
1.551047
1.548896
1.548896
1.713493
1.713493
1.557590
1.557590
1.555301
1.555301
1.546255
1.546255
1.548066
1.548066
1.553014
1.553014
1.467193
1.467193
1.543062
1.543062
1.556073
1.556073
1.553530
1.553530
1.550522
1.550522
1.558047
1.558047
1.518748
1.518748
1.546197
1.546197
1.549987
1.549987
1.546205
1.546205
1.558034
1.558034
1.561954
1.561954
1.467682
1.467682
1.549456
1.549456
1.550616
1.550616
1.553113
1.553113
1.550956
1.550956
1.558934
1.558934
1.519278
1.519278
1.556933
1.556933
1.555554
1.555554
1.548867
1.548867
1.550495
1.550495
1.551788
1.551788
1.481168
1.481168
1.560523
1.560523
1.549804
1.549804
1.560606
1.560606
1.542374
1.542374
1.550598
1.550598
1.463148
1.463148
1.551069
1.551069
1.555715
1.555715
1.551206
1.551206
1.548847
1.548847
1.557797
1.557797
1.500210
1.500210
1.553460
1.553460
1.544892
1.544892
1.561089
1.561089
1.552715
1.552715
1.553380
1.553380
1.463591
1.463591
1.546957
1.546957
1.553582
1.553582
1.550945
1.550945
1.560886
1.560886
1.553936
1.553936
1.476622
1.476622
1.556244
1.556244
1.541946
1.541946
1.542112
1.542112
1.561821
1.561821
1.565167
1.565167
1.484895
1.484895
1.568937
1.568937
1.548509
1.548509
1.555737
1.555737
1.548546
1.548546
1.546265
1.546265
1.554365
1.554365
1.554750
1.554750
1.557287
1.557287
1.561039
1.561039
1.554471
1.554471
1.540579
1.540579
1.482415
1.482415
1.553250
1.553250
1.549892
1.549892
1.557228
1.557228
1.553202
1.553202
1.553990
1.553990
1.524017
1.524017
1.545863
1.545863
1.555282
1.555282
1.553017
1.553017
1.556777
1.556777
1.556578
1.556578
1.491992
1.491992
1.551982
1.551982
1.555018
1.555018
1.554378
1.554378
1.555759
1.555759
1.550434
1.550434
1.462127
1.462127
1.552547
1.552547
1.554179
1.554179
1.542411
1.542411
1.568726
1.568726
1.550207
1.550207
1.461540
1.461540
1.561054
1.561054
1.543643
1.543643
1.549659
1.549659
1.554544
1.554544
1.560056
1.560056
1.524040
1.524040
1.550374
1.550374
1.550853
1.550853
1.560447
1.560447
1.552466
1.552466
1.555660
1.555660
1.467520
1.467520
1.552156
1.552156
1.549190
1.549190
1.555019
1.555019
1.550677
1.550677
1.563105
1.563105
1.490393
1.490393
1.556238
1.556238
1.564803
1.564803
1.551699
1.551699
1.536870
1.536870
1.561167
1.561167
1.461916
1.461916
1.553469
1.553469
1.562646
1.562646
1.547515
1.547515
1.558088
1.558088
1.549337
1.549337
1.583444
1.583444
1.549084
1.549084
1.556622
1.556622
1.555653
1.555653
1.553383
1.553383
1.556309
1.556309
1.580699
1.580699
1.548253
1.548253
1.566269
1.566269
1.549320
1.549320
1.549635
1.549635
1.557117
1.557117
1.475885
1.475885
1.543858
1.543858
1.568556
1.568556
1.556701
1.556701
1.553563
1.553563
1.546726
1.546726
1.647565
1.647565
1.550269
1.550269
1.549902
1.549902
1.564448
1.564448
1.556974
1.556974
1.548304
1.548304
1.464896
1.464896
1.560293
1.560293
1.556040
1.556040
1.555734
1.555734
1.546973
1.546973
1.550780
1.550780
1.515546
1.515546
1.557113
1.557113
1.562765
1.562765
1.551547
1.551547
1.544830
1.544830
1.553034
1.553034
1.744119
1.744119
1.557017
1.557017
1.555795
1.555795
1.553872
1.553872
1.553612
1.553612
1.549229
1.549229
1.468589
1.468589
1.561614
1.561614
1.556951
1.556951
1.547070
1.547070
1.549374
1.549374
1.553397
1.553397
1.502275
1.502275
1.557053
1.557053
1.543139
1.543139
1.560446
1.560446
1.558088
1.558088
1.549584
1.549584
1.464753
1.464753
1.560714
1.560714
1.544128
1.544128
1.557857
1.557857
1.548182
1.548182
1.557402
1.557402
1.531100
1.531100
1.551117
1.551117
1.559617
1.559617
1.549881
1.549881
1.559787
1.559787
1.547795
1.547795
1.620204
1.620204
1.557221
1.557221
1.550498
1.550498
1.543957
1.543957
1.559591
1.559591
1.556834
1.556834
1.548627
1.548627
1.552285
1.552285
1.558580
1.558580
1.561365
1.561365
1.540174
1.540174
1.554171
1.554171
1.727388
1.727388
1.553095
1.553095
1.554222
1.554222
1.549384
1.549384
1.555698
1.555698
1.551744
1.551744
1.916280
1.916280
1.548620
1.548620
1.551503
1.551503
1.545943
1.545943
1.554077
1.554077
1.562518
1.562518
1.492975
1.492975
1.558099
1.558099
1.540174
1.540174
1.558241
1.558241
1.544851
1.544851
1.557636
1.557636
1.729451
1.729451
1.554580
1.554580
1.543766
1.543766
1.543081
1.543081
1.559968
1.559968
1.557491
1.557491
1.473388
1.473388
1.544392
1.544392
1.548889
1.548889
1.546905
1.546905
1.560701
1.560701
1.557115
1.557115
1.669780
1.669780
1.562485
1.562485
1.546685
1.546685
1.553313
1.553313
1.551129
1.551129
1.545239
1.545239
1.504825
1.504825
1.546972
1.546972
1.552784
1.552784
1.558730
1.558730
1.551179
1.551179
1.548614
1.548614
1.701634
1.701634
1.553384
1.553384
1.548572
1.548572
1.551929
1.551929
1.553814
1.553814
1.550595
1.550595
1.758319
1.758319
1.557941
1.557941
1.559184
1.559184
1.544574
1.544574
1.546868
1.546868
1.550708
1.550708
1.485891
1.485891
1.549816
1.549816
1.558330
1.558330
1.548279
1.548279
1.552778
1.552778
1.549348
1.549348
1.648228
1.648228
1.547645
1.547645
1.542807
1.542807
1.559017
1.559017
1.545340
1.545340
1.563554
1.563554
1.462633
1.462633
1.553823
1.553823
1.553713
1.553713
1.551301
1.551301
1.548177
1.548177
1.550568
1.550568
1.479692
1.479692
1.544008
1.544008
1.559193
1.559193
1.546957
1.546957
1.550677
1.550677
1.556900
1.556900
1.536584
1.536584
1.550993
1.550993
1.546185
1.546185
1.557707
1.557707
1.554668
1.554668
1.548808
1.548808
1.530772
1.530772
1.544052
1.544052
1.559772
1.559772
1.555969
1.555969
1.540642
1.540642
1.558575
1.558575
1.473772
1.473772
1.549071
1.549071
1.553394
1.553394
1.548327
1.548327
1.558715
1.558715
1.548489
1.548489
1.862482
1.862482
1.554273
1.554273
1.545692
1.545692
1.552471
1.552471
1.548040
1.548040
1.558051
1.558051
1.761013
1.761013
1.543176
1.543176
1.547649
1.547649
1.546267
1.546267
1.567407
1.567407
1.554717
1.554717
1.504390
1.504390
1.536797
1.536797
1.561000
1.561000
1.549459
1.549459
1.560946
1.560946
1.550901
1.550901
1.489792
1.489792
1.546960
1.546960
1.554311
1.554311
1.559231
1.559231
1.547365
1.547365
1.551347
1.551347
1.461665
1.461665
1.545983
1.545983
1.559145
1.559145
1.553448
1.553448
1.548483
1.548483
1.552325
1.552325
1.553933
1.553933
1.546670
1.546670
1.560524
1.560524
1.554233
1.554233
1.544357
1.544357
1.554297
1.554297
1.494055
1.494055
1.552894
1.552894
1.549307
1.549307
1.558151
1.558151
1.554738
1.554738
1.544970
1.544970
1.484668
1.484668
1.562545
1.562545
1.551022
1.551022
1.552165
1.552165
1.547770
1.547770
1.546739
1.546739
1.467006
1.467006
1.551924
1.551924
1.545397
1.545397
1.557842
1.557842
1.554742
1.554742
1.550497
1.550497
1.578613
1.578613
1.548605
1.548605
1.554391
1.554391
1.551976
1.551976
1.544709
1.544709
1.561514
1.561514
1.462054
1.462054
1.553720
1.553720
1.550453
1.550453
1.547506
1.547506
1.552276
1.552276
1.557429
1.557429
1.503245
1.503245
1.558786
1.558786
1.557164
1.557164
1.545992
1.545992
1.555822
1.555822
1.544138
1.544138
1.465541
1.465541
1.552948
1.552948
1.568426
1.568426
1.550194
1.550194
1.545432
1.545432
1.545197
1.545197
1.497710
1.497710
1.555104
1.555104
1.551385
1.551385
1.553142
1.553142
1.547390
1.547390
1.555939
1.555939
1.478025
1.478025
1.544294
1.544294
1.547018
1.547018
1.553800
1.553800
1.553906
1.553906
1.564684
1.564684
1.461752
1.461752
1.550094
1.550094
1.548277
1.548277
1.547033
1.547033
1.558622
1.558622
1.560478
1.560478
1.467923
1.467923
1.560296
1.560296
1.550843
1.550843
1.552944
1.552944
1.543499
1.543499
1.557800
1.557800
1.497634
1.497634
1.557697
1.557697
1.558463
1.558463
1.538914
1.538914
1.557237
1.557237
1.553921
1.553921
1.463209
1.463209
1.559189
1.559189
1.547662
1.547662
1.557754
1.557754
1.554134
1.554134
1.547252
1.547252
1.685695
1.685695
1.551777
1.551777
1.556398
1.556398
1.545182
1.545182
1.564152
1.564152
1.550167
1.550167
1.467585
1.467585
1.547566
1.547566
1.556589
1.556589
1.552684
1.552684
1.562765
1.562765
1.548617
1.548617
1.525014
1.525014
1.549805
1.549805
1.544597
1.544597
1.553694
1.553694
1.565158
1.565158
1.555639
1.555639
1.475041
1.475041
1.558103
1.558103
1.566285
1.566285
1.538040
1.538040
1.546391
1.546391
1.560387
1.560387
1.469526
1.469526
1.559686
1.559686
1.552755
1.552755
1.556865
1.556865
1.545575
1.545575
1.553519
1.553519
1.794759
1.794759
1.559382
1.559382
1.547258
1.547258
1.550381
1.550381
1.548914
1.548914
1.563167
1.563167
1.478382
1.478382
1.563646
1.563646
1.548267
1.548267
1.550917
1.550917
1.550251
1.550251
1.555017
1.555017
1.481767
1.481767
1.562833
1.562833
1.551420
1.551420
1.550062
1.550062
1.541932
1.541932
1.560585
1.560585
1.715417
1.715417
1.551595
1.551595
1.556131
1.556131
1.557008
1.557008
1.548553
1.548553
1.552226
1.552226
1.495570
1.495570
1.551955
1.551955
1.548888
1.548888
1.551654
1.551654
1.557542
1.557542
1.552669
1.552669
1.486913
1.486913
1.538570
1.538570
1.555328
1.555328
1.550569
1.550569
1.556630
1.556630
1.560159
1.560159
1.506567
1.506567
1.559232
1.559232
1.538238
1.538238
1.551654
1.551654
1.553746
1.553746
1.557100
1.557100
1.663634
1.663634
1.542102
1.542102
1.550319
1.550319
1.549662
1.549662
1.553243
1.553243
1.564106
1.564106
1.509589
1.509589
1.558097
1.558097
1.542528
1.542528
1.545712
1.545712
1.558300
1.558300
1.553453
1.553453
1.567122
1.567122
1.558905
1.558905
1.552721
1.552721
1.544634
1.544634
1.549950
1.549950
1.550923
1.550923
1.484154
1.484154
1.545205
1.545205
1.564616
1.564616
1.546535
1.546535
1.556068
1.556068
1.543504
1.543504
1.498465
1.498465
1.560442
1.560442
1.551178
1.551178
1.551258
1.551258
1.543095
1.543095
1.549672
1.549672
1.468589
1.468589
1.553497
1.553497
1.546047
1.546047
1.556567
1.556567
1.551315
1.551315
1.548121
1.548121
1.559798
1.559798
1.546901
1.546901
1.550306
1.550306
1.557137
1.557137
1.547945
1.547945
1.553443
1.553443
1.666071
1.666071
1.548954
1.548954
1.550793
1.550793
1.558856
1.558856
1.554254
1.554254
1.543416
1.543416
1.526814
1.526814
1.552066
1.552066
1.542379
1.542379
1.565681
1.565681
1.539020
1.539020
1.556568
1.556568
1.525757
1.525757
1.540151
1.540151
1.560651
1.560651
1.542057
1.542057
1.556290
1.556290
1.555489
1.555489
1.621920
1.621920
1.554462
1.554462
1.544789
1.544789
1.551502
1.551502
1.551359
1.551359
1.552056
1.552056
1.492139
1.492139
1.563146
1.563146
1.549638
1.549638
1.555614
1.555614
1.545065
1.545065
1.540189
1.540189
1.461595
1.461595
1.547699
1.547699
1.550327
1.550327
1.559610
1.559610
1.551443
1.551443
1.544727
1.544727
1.528072
1.528072
1.560989
1.560989
1.541844
1.541844
1.550118
1.550118
1.548751
1.548751
1.552416
1.552416
1.489998
1.489998
1.556055
1.556055
1.551200
1.551200
1.552141
1.552141
1.545231
1.545231
1.548143
1.548143
1.803825
1.803825
1.553299
1.553299
1.550518
1.550518
1.550251
1.550251
1.547656
1.547656
1.551252
1.551252
1.622118
1.622118
1.559647
1.559647
1.553192
1.553192
1.552768
1.552768
1.543919
1.543919
1.542972
1.542972
1.471804
1.471804
1.551546
1.551546
1.549945
1.549945
1.547377
1.547377
1.554773
1.554773
1.547802
1.547802
1.616109
1.616109
1.564835
1.564835
1.552888
1.552888
1.545801
1.545801
1.547336
1.547336
1.539723
1.539723
1.671746
1.671746
1.548754
1.548754
1.549622
1.549622
1.543061
1.543061
1.555897
1.555897
1.553215
1.553215
1.491338
1.491338
1.555686
1.555686
1.540354
1.540354
1.552585
1.552585
1.555759
1.555759
1.546212
1.546212
1.463670
1.463670
1.542402
1.542402
1.555642
1.555642
1.558828
1.558828
1.546396
1.546396
1.547590
1.547590
1.557374
1.557374
1.552870
1.552870
1.549758
1.549758
1.553195
1.553195
1.545266
1.545266
1.550585
1.550585
1.463731
1.463731
1.550344
1.550344
1.554664
1.554664
1.538215
1.538215
1.545067
1.545067
1.563893
1.563893
1.467531
1.467531
1.559112
1.559112
1.553606
1.553606
1.547216
1.547216
1.542992
1.542992
1.550286
1.550286
1.473084
1.473084
1.560752
1.560752
1.551374
1.551374
1.541732
1.541732
1.555593
1.555593
1.544565
1.544565
1.559845
1.559845
1.546304
1.546304
1.549886
1.549886
1.553461
1.553461
1.553483
1.553483
1.551927
1.551927
1.464387
1.464387
1.544177
1.544177
1.559722
1.559722
1.553700
1.553700
1.546819
1.546819
1.550588
1.550588
1.620288
1.620288
1.558017
1.558017
1.546866
1.546866
1.551425
1.551425
1.548057
1.548057
1.551034
1.551034
1.570709
1.570709
1.544694
1.544694
1.548914
1.548914
1.551606
1.551606
1.552186
1.552186
1.557452
1.557452
1.465853
1.465853
1.559205
1.559205
1.548203
1.548203
1.545138
1.545138
1.539356
1.539356
1.562235
1.562235
1.494872
1.494872
1.554788
1.554788
1.543781
1.543781
1.553789
1.553789
1.552790
1.552790
1.549183
1.549183
1.475366
1.475366
1.556027
1.556027
1.558676
1.558676
1.552028
1.552028
1.542731
1.542731
1.544532
1.544532
1.672418
1.672418
1.552287
1.552287
1.544424
1.544424
1.552284
1.552284
1.550781
1.550781
1.555422
1.555422
1.520859
1.520859
1.563978
1.563978
1.549714
1.549714
1.553208
1.553208
1.534508
1.534508
1.554092
1.554092
1.466711
1.466711
1.550595
1.550595
1.546634
1.546634
1.558100
1.558100
1.542787
1.542787
1.557600
1.557600
1.462171
1.462171
1.552871
1.552871
1.552505
1.552505
1.550230
1.550230
1.544722
1.544722
1.556123
1.556123
1.485457
1.485457
1.556147
1.556147
1.552820
1.552820
1.541794
1.541794
1.553472
1.553472
1.553206
1.553206
1.461826
1.461826
1.551800
1.551800
1.544201
1.544201
1.555467
1.555467
1.551916
1.551916
1.554063
1.554063
1.707643
1.707643
1.559762
1.559762
1.549000
1.549000
1.550142
1.550142
1.549495
1.549495
1.548450
1.548450
1.682606
1.682606
1.544506
1.544506
1.550491
1.550491
1.549809
1.549809
1.554704
1.554704
1.556147
1.556147
1.481381
1.481381
1.551595
1.551595
1.546691
1.546691
1.553909
1.553909
1.553592
1.553592
1.548719
1.548719
1.465559
1.465559
1.549166
1.549166
1.549382
1.549382
1.550702
1.550702
1.556176
1.556176
1.548573
1.548573
1.563593
1.563593
1.561653
1.561653
1.554237
1.554237
1.548142
1.548142
1.551433
1.551433
1.538803
1.538803
1.506162
1.506162
1.561707
1.561707
1.555820
1.555820
1.548174
1.548174
1.544447
1.544447
1.543109
1.543109
1.696352
1.696352
1.544094
1.544094
1.556986
1.556986
1.542739
1.542739
1.556691
1.556691
1.553640
1.553640
1.461712
1.461712
1.554135
1.554135
1.549505
1.549505
1.555655
1.555655
1.542636
1.542636
1.552176
1.552176
1.610401
1.610401
1.546431
1.546431
1.553484
1.553484
1.540419
1.540419
1.558080
1.558080
1.556350
1.556350
1.526045
1.526045
1.541736
1.541736
1.561056
1.561056
1.550028
1.550028
1.552761
1.552761
1.548432
1.548432
1.578933
1.578933
1.547603
1.547603
1.545248
1.545248
1.547075
1.547075
1.563405
1.563405
1.549587
1.549587
1.469530
1.469530
1.546365
1.546365
1.537040
1.537040
1.550864
1.550864
1.562110
1.562110
1.555507
1.555507
1.477814
1.477814
1.532952
1.532952
1.558708
1.558708
1.552192
1.552192
1.552144
1.552144
1.555249
1.555249
1.645075
1.645075
1.549735
1.549735
1.548940
1.548940
1.542808
1.542808
1.543806
1.543806
1.565263
1.565263
1.704666
1.704666
1.554729
1.554729
1.553357
1.553357
1.549838
1.549838
1.545909
1.545909
1.547164
1.547164
1.464460
1.464460
1.558577
1.558577
1.549907
1.549907
1.545400
1.545400
1.541873
1.541873
1.555098
1.555098
1.614547
1.614547
1.554332
1.554332
1.551146
1.551146
1.542568
1.542568
1.557093
1.557093
1.545843
1.545843
1.605577
1.605577
1.549539
1.549539
1.557975
1.557975
1.545251
1.545251
1.543264
1.543264
1.555000
1.555000
1.479717
1.479717
1.557647
1.557647
1.548032
1.548032
1.537754
1.537754
1.553672
1.553672
1.552655
1.552655
1.741519
1.741519
1.551444
1.551444
1.541752
1.541752
1.552055
1.552055
1.552491
1.552491
1.552480
1.552480
1.668908
1.668908
1.553466
1.553466
1.555839
1.555839
1.535583
1.535583
1.544440
1.544440
1.560241
1.560241
1.685779
1.685779
1.545345
1.545345
1.543436
1.543436
1.553391
1.553391
1.558086
1.558086
1.549016
1.549016
1.589985
1.589985
1.548939
1.548939
1.547794
1.547794
1.560280
1.560280
1.538014
1.538014
1.553999
1.553999
1.542022
1.542022
1.547702
1.547702
1.547398
1.547398
1.551177
1.551177
1.548886
1.548886
1.552568
1.552568
1.666304
1.666304
1.543776
1.543776
1.551276
1.551276
1.545098
1.545098
1.561469
1.561469
1.543869
1.543869
1.856698
1.856698
1.554475
1.554475
1.558894
1.558894
1.543696
1.543696
1.546741
1.546741
1.541424
1.541424
1.466684
1.466684
1.561187
1.561187
1.537419
1.537419
1.544916
1.544916
1.557743
1.557743
1.542951
1.542951
1.513110
1.513110
1.551165
1.551165
1.555437
1.555437
1.533884
1.533884
1.553973
1.553973
1.549683
1.549683
1.470136
1.470136
1.546892
1.546892
1.542371
1.542371
1.554888
1.554888
1.551497
1.551497
1.548275
1.548275
1.564958
1.564958
1.549844
1.549844
1.552236
1.552236
1.547322
1.547322
1.551643
1.551643
1.543468
1.543468
1.466307
1.466307
1.559368
1.559368
1.545032
1.545032
1.543593
1.543593
1.550738
1.550738
1.546154
1.546154
1.478225
1.478225
1.546998
1.546998
1.551379
1.551379
1.553458
1.553458
1.545639
1.545639
1.547740
1.547740
1.611358
1.611358
1.553411
1.553411
1.532778
1.532778
1.550496
1.550496
1.558530
1.558530
1.550957
1.550957
1.546888
1.546888
1.544028
1.544028
1.562237
1.562237
1.550481
1.550481
1.546548
1.546548
1.542408
1.542408
1.711966
1.711966
1.547787
1.547787
1.553354
1.553354
1.542527
1.542527
1.554300
1.554300
1.549081
1.549081
1.491504
1.491504
1.541177
1.541177
1.559160
1.559160
1.550910
1.550910
1.551147
1.551147
1.545438
1.545438
1.478250
1.478250
1.553187
1.553187
1.553820
1.553820
1.549880
1.549880
1.539798
1.539798
1.550061
1.550061
1.933496
1.933496
1.547909
1.547909
1.542791
1.542791
1.558355
1.558355
1.553377
1.553377
1.547069
1.547069
1.465401
1.465401
1.551070
1.551070
1.549335
1.549335
1.560160
1.560160
1.542209
1.542209
1.547763
1.547763
1.482894
1.482894
1.553669
1.553669
1.551201
1.551201
1.547204
1.547204
1.550062
1.550062
1.547952
1.547952
1.823085
1.823085
1.548579
1.548579
1.553144
1.553144
1.552967
1.552967
1.545656
1.545656
1.549873
1.549873
1.779634
1.779634
1.560486
1.560486
1.539171
1.539171
1.547423
1.547423
1.553838
1.553838
1.549647
1.549647
1.477108
1.477108
1.545887
1.545887
1.550279
1.550279
1.546512
1.546512
1.557419
1.557419
1.550067
1.550067
1.470899
1.470899
1.540987
1.540987
1.557439
1.557439
1.549260
1.549260
1.551891
1.551891
1.550878
1.550878
1.474796
1.474796
1.538187
1.538187
1.547281
1.547281
1.552767
1.552767
1.559235
1.559235
1.553489
1.553489
1.518123
1.518123
1.547233
1.547233
1.554469
1.554469
1.545299
1.545299
1.547959
1.547959
1.556136
1.556136
1.527385
1.527385
1.539147
1.539147
1.554727
1.554727
1.543998
1.543998
1.558765
1.558765
1.553733
1.553733
1.517230
1.517230
1.547437
1.547437
1.551723
1.551723
1.543538
1.543538
1.541116
1.541116
1.565030
1.565030
1.666514
1.666514
1.546686
1.546686
1.552311
1.552311
1.550396
1.550396
1.545995
1.545995
1.553131
1.553131
1.542092
1.542092
1.548405
1.548405
1.537845
1.537845
1.564448
1.564448
1.550568
1.550568
1.546619
1.546619
1.465208
1.465208
1.551687
1.551687
1.545651
1.545651
1.554247
1.554247
1.552017
1.552017
1.543688
1.543688
1.534448
1.534448
1.541257
1.541257
1.533984
1.533984
1.566807
1.566807
1.549747
1.549747
1.554904
1.554904
1.702158
1.702158
1.541360
1.541360
1.559193
1.559193
1.546897
1.546897
1.558872
1.558872
1.540673
1.540673
1.739302
1.739302
1.554290
1.554290
1.551816
1.551816
1.539882
1.539882
1.553342
1.553342
1.548380
1.548380
1.478293
1.478293
1.544876
1.544876
1.551403
1.551403
1.552793
1.552793
1.548435
1.548435
1.549715
1.549715
1.466267
1.466267
1.540884
1.540884
1.554677
1.554677
1.549823
1.549823
1.552188
1.552188
1.549950
1.549950
1.485837
1.485837
1.543984
1.543984
1.552105
1.552105
1.544573
1.544573
1.554440
1.554440
1.553107
1.553107
1.475153
1.475153
1.551404
1.551404
1.549161
1.549161
1.549936
1.549936
1.541857
1.541857
1.556632
1.556632
1.464779
1.464779
1.550078
1.550078
1.551561
1.551561
1.542777
1.542777
1.548435
1.548435
1.556950
1.556950
1.535715
1.535715
1.548216
1.548216
1.543301
1.543301
1.552545
1.552545
1.551114
1.551114
1.555436
1.555436
1.492279
1.492279
1.549829
1.549829
1.549650
1.549650
1.547837
1.547837
1.564093
1.564093
1.537880
1.537880
1.876896
1.876896
1.553199
1.553199
1.554670
1.554670
1.554844
1.554844
1.538785
1.538785
1.549159
1.549159
1.582262
1.582262
1.550493
1.550493
1.533223
1.533223
1.545989
1.545989
1.553913
1.553913
1.566902
1.566902
1.467032
1.467032
1.556485
1.556485
1.548585
1.548585
1.558918
1.558918
1.542897
1.542897
1.542150
1.542150
1.690448
1.690448
1.546138
1.546138
1.540382
1.540382
1.559856
1.559856
1.557612
1.557612
1.545048
1.545048
1.598509
1.598509
1.543722
1.543722
1.542471
1.542471
1.551045
1.551045
1.558087
1.558087
1.553364
1.553364
1.463228
1.463228
1.550402
1.550402
1.557667
1.557667
1.541216
1.541216
1.545525
1.545525
1.552498
1.552498
1.728695
1.728695
1.546876
1.546876
1.547675
1.547675
1.552044
1.552044
1.553367
1.553367
1.547685
1.547685
1.468017
1.468017
1.552170
1.552170
1.550314
1.550314
1.545480
1.545480
1.548980
1.548980
1.549119
1.549119
1.692627
1.692627
1.541893
1.541893
1.553144
1.553144
1.550787
1.550787
1.547797
1.547797
1.553592
1.553592
1.468680
1.468680
1.552060
1.552060
1.551307
1.551307
1.555485
1.555485
1.552529
1.552529
1.536482
1.536482
1.504709
1.504709
1.553819
1.553819
1.547993
1.547993
1.544229
1.544229
1.555257
1.555257
1.546982
1.546982
1.557917
1.557917
1.545405
1.545405
1.552435
1.552435
1.545791
1.545791
1.546788
1.546788
1.557709
1.557709
1.499492
1.499492
1.559221
1.559221
1.548858
1.548858
1.545772
1.545772
1.546102
1.546102
1.547670
1.547670
1.466269
1.466269
1.551128
1.551128
1.558852
1.558852
1.551030
1.551030
1.542218
1.542218
1.544499
1.544499
1.464849
1.464849
1.550614
1.550614
1.548544
1.548544
1.550572
1.550572
1.552126
1.552126
1.545973
1.545973
1.628022
1.628022
1.550238
1.550238
1.557313
1.557313
1.545948
1.545948
1.546723
1.546723
1.547541
1.547541
1.744981
1.744981
1.544423
1.544423
1.544491
1.544491
1.562805
1.562805
1.555039
1.555039
1.541555
1.541555
1.601331
1.601331
1.536766
1.536766
1.542049
1.542049
1.549173
1.549173
1.561425
1.561425
1.557882
1.557882
1.680004
1.680004
1.552337
1.552337
1.547564
1.547564
1.555272
1.555272
1.547101
1.547101
1.544989
1.544989
1.474970
1.474970
1.553009
1.553009
1.551813
1.551813
1.549176
1.549176
1.547653
1.547653
1.545302
1.545302
1.497580
1.497580
1.540347
1.540347
1.546844
1.546844
1.564240
1.564240
1.551871
1.551871
1.543822
1.543822
1.480947
1.480947
1.548091
1.548091
1.556277
1.556277
1.548507
1.548507
1.547268
1.547268
1.546902
1.546902
1.551189
1.551189
1.551400
1.551400
1.557255
1.557255
1.539751
1.539751
1.549294
1.549294
1.549158
1.549158
1.476296
1.476296
1.546757
1.546757
1.552756
1.552756
1.546554
1.546554
1.551898
1.551898
1.548412
1.548412
1.467349
1.467349
1.559409
1.559409
1.558062
1.558062
1.552204
1.552204
1.540190
1.540190
1.536894
1.536894
1.466451
1.466451
1.545045
1.545045
1.540253
1.540253
1.548389
1.548389
1.556334
1.556334
1.557557
1.557557
1.493134
1.493134
1.553289
1.553289
1.546093
1.546093
1.545773
1.545773
1.565322
1.565322
1.536281
1.536281
1.903383
1.903383
1.546515
1.546515
1.555023
1.555023
1.549941
1.549941
1.546080
1.546080
1.550965
1.550965
1.490729
1.490729
1.546340
1.546340
1.550343
1.550343
1.550741
1.550741
1.555148
1.555148
1.545564
1.545564
1.544891
1.544891
1.556219
1.556219
1.545825
1.545825
1.549704
1.549704
1.547698
1.547698
1.548773
1.548773
1.481300
1.481300
1.537395
1.537395
1.548310
1.548310
1.543261
1.543261
1.557948
1.557948
1.561486
1.561486
1.472708
1.472708
1.543508
1.543508
1.545963
1.545963
1.552823
1.552823
1.554543
1.554543
1.552042
1.552042
1.495790
1.495790
1.552097
1.552097
1.552063
1.552063
1.554848
1.554848
1.550987
1.550987
1.539278
1.539278
1.505286
1.505286
1.541801
1.541801
1.552381
1.552381
1.552582
1.552582
1.553040
1.553040
1.549808
1.549808
1.464382
1.464382
1.548770
1.548770
1.544727
1.544727
1.552267
1.552267
1.547623
1.547623
1.556585
1.556585
1.500110
1.500110
1.548590
1.548590
1.528284
1.528284
1.563270
1.563270
1.548928
1.548928
1.560797
1.560797
1.653957
1.653957
1.545166
1.545166
1.547644
1.547644
1.547688
1.547688
1.549678
1.549678
1.560554
1.560554
1.476484
1.476484
1.559464
1.559464
1.565298
1.565298
1.538362
1.538362
1.541942
1.541942
1.544950
1.544950
1.701020
1.701020
1.550016
1.550016
1.548408
1.548408
1.549098
1.549098
1.555871
1.555871
1.548003
1.548003
1.499108
1.499108
1.546556
1.546556
1.554445
1.554445
1.549906
1.549906
1.551840
1.551840
1.549357
1.549357
1.465422
1.465422
1.543206
1.543206
1.566349
1.566349
1.548405
1.548405
1.550327
1.550327
1.544319
1.544319
1.461750
1.461750
1.556404
1.556404
1.555387
1.555387
1.541683
1.541683
1.545647
1.545647
1.554297
1.554297
1.471679
1.471679
1.545127
1.545127
1.547360
1.547360
1.557852
1.557852
1.562894
1.562894
1.541088
1.541088
1.482017
1.482017
1.558275
1.558275
1.535466
1.535466
1.560180
1.560180
1.556324
1.556324
1.544816
1.544816
1.474892
1.474892
1.543715
1.543715
1.555159
1.555159
1.553102
1.553102
1.552730
1.552730
1.551025
1.551025
1.464109
1.464109
1.545293
1.545293
1.553117
1.553117
1.550295
1.550295
1.555600
1.555600
1.552072
1.552072
1.480278
1.480278
1.546674
1.546674
1.549819
1.549819
1.550148
1.550148
1.551638
1.551638
1.558873
1.558873
1.467363
1.467363
1.543829
1.543829
1.556724
1.556724
1.553174
1.553174
1.550838
1.550838
1.553035
1.553035
1.509651
1.509651
1.559937
1.559937
1.548936
1.548936
1.556811
1.556811
1.539548
1.539548
1.551908
1.551908
1.685342
1.685342
1.555139
1.555139
1.545490
1.545490
1.555275
1.555275
1.552093
1.552093
1.548625
1.548625
1.498692
1.498692
1.547788
1.547788
1.558604
1.558604
1.541119
1.541119
1.549411
1.549411
1.558177
1.558177
1.463607
1.463607
1.547211
1.547211
1.550517
1.550517
1.555143
1.555143
1.549492
1.549492
1.552192
1.552192
1.476939
1.476939
1.544046
1.544046
1.549962
1.549962
1.557826
1.557826
1.553888
1.553888
1.548920
1.548920
1.481725
1.481725
1.551405
1.551405
1.551790
1.551790
1.547137
1.547137
1.553060
1.553060
1.551495
1.551495
1.502561
1.502561
1.558239
1.558239
1.548005
1.548005
1.556216
1.556216
1.541075
1.541075
1.550406
1.550406
1.707466
1.707466
1.556624
1.556624
1.547459
1.547459
1.549437
1.549437
1.557334
1.557334
1.543203
1.543203
1.566077
1.566077
1.548489
1.548489
1.549955
1.549955
1.554186
1.554186
1.550796
1.550796
1.549811
1.549811
1.471189
1.471189
1.549765
1.549765
1.558538
1.558538
1.550102
1.550102
1.540555
1.540555
1.552905
1.552905
1.516725
1.516725
1.543796
1.543796
1.549584
1.549584
1.555721
1.555721
1.544176
1.544176
1.557662
1.557662
1.610837
1.610837
1.545752
1.545752
1.545959
1.545959
1.541820
1.541820
1.564921
1.564921
1.552109
1.552109
1.474873
1.474873
1.545484
1.545484
1.556677
1.556677
1.545466
1.545466
1.552067
1.552067
1.550045
1.550045
1.480320
1.480320
1.559663
1.559663
1.542010
1.542010
1.544567
1.544567
1.549416
1.549416
1.553594
1.553594
1.560263
1.560263
1.543191
1.543191
1.549974
1.549974
1.541909
1.541909
1.548972
1.548972
1.564115
1.564115
1.746137
1.746137
1.554506
1.554506
1.546497
1.546497
