5.0447
7.3366
15.6040
28.0700
53.1269
102.2259
103.7568
105.6147
146.1774
42.7437
113.7949
44.6126
55.9514
111.3125
97.9780
51.4758
116.5394
88.7345
143.1096
61.6008
131.0931
50.1424
145.1485
45.8127
110.7571
46.8103
121.5784
32.6644
119.6541
66.8828
144.6468
67.9644
110.6255
131.0211
43.7292
169.2030
96.3230
46.8855
160.1852
64.2766
90.6722
133.1473
58.8425
144.0176
64.8006
144.2477
81.1383
159.8326
90.7876
167.9706
82.0807
156.7140
118.4693
79.6840
102.4073
154.1182
101.8759
125.6667
112.5044
138.6241
61.2448
118.8170
75.4042
97.1630
153.4307
115.6534
158.3441
121.4628
81.9806
99.8621
139.9660
86.6908
122.3776
162.9336
161.9725
74.1781
188.3056
77.3903
161.3711
83.8256
96.8097
96.6595
69.6614
135.7938
89.5394
165.9428
82.5522
122.9127
156.2697
151.2439
120.9752
64.9384
41.2111
167.6797
107.0665
60.8899
158.8511
127.1155
76.2449
113.3453
