5.2399
5.5883
5.5945
5.7152
6.6576
6.1968
5.9393
5.9109
6.1937
5.7210
6.0750
6.4892
5.7574
6.1614
5.6457
5.9256
5.9605
5.8473
5.7086
5.8544
6.5416
5.3848
5.8070
5.7465
5.6686
6.1563
5.5815
5.7479
6.1494
5.9020
6.3428
6.3018
6.0304
6.0340
5.5307
5.6634
6.1651
5.8620
5.8790
5.8479
5.7285
6.1427
5.8235
6.0493
6.1424
6.1770
5.8248
5.4664
5.7520
6.2282
5.9181
5.9295
6.3118
6.1066
5.5132
5.8576
5.9114
5.9433
6.3581
5.6898
6.3873
6.0292
5.7082
5.5470
6.5698
5.4970
6.0654
5.8984
5.6623
5.5512
6.0290
6.8002
6.1990
5.9262
5.6961
6.7339
5.9118
6.0498
6.3658
5.7676
6.2092
5.8829
6.3091
6.2757
5.8063
5.9562
6.2407
5.6511
6.0098
5.9006
6.3311
7.4224
5.9020
5.8384
6.9187
6.0771
5.8824
6.3625
6.0520
6.5305
