0.4205
0.7491
0.7506
0.7436
0.6734
0.7465
0.6537
0.7626
0.7047
0.6644
0.7228
0.7268
0.8601
0.6341
0.5871
0.6241
0.5657
0.5838
0.6090
0.6695
0.6033
0.6744
0.5354
0.6193
0.6878
0.6419
0.5007
0.6513
0.6312
0.5944
0.6085
0.6045
0.6810
0.5828
0.5444
0.6660
0.7425
0.5214
0.6121
0.5673
0.5157
0.6371
0.5937
0.4944
0.6496
0.5450
0.6206
0.5154
0.5609
0.5329
0.4452
0.4562
0.5748
0.5174
0.4910
0.5499
0.4446
0.6058
0.5394
0.4430
0.4659
0.6860
0.4502
0.5161
0.6243
0.6234
0.6189
0.5690
0.6288
0.6094
0.6211
0.4540
0.5479
0.4871
0.5964
