0.5612
0.6151
0.6176
0.6461
0.5569
0.5533
0.5979
0.4933
0.4904
0.4891
0.4829
0.6434
0.5147
0.5157
0.4303
0.5185
0.5304
0.4826
0.5322
0.4474
0.5114
0.4834
0.5642
0.5441
0.5493
0.4127
0.4909
0.5686
0.4976
0.5519
0.4878
0.5220
0.5874
0.5113
0.5744
0.4466
0.4819
0.4277
0.4727
0.4474
0.5040
0.5302
0.4797
0.4746
0.5137
0.5111
0.5158
0.4525
0.5079
0.5698
0.4761
0.5000
0.4989
0.5879
0.5220
0.5299
0.5360
0.4780
0.5061
0.5663
0.5433
0.5557
0.5332
0.5977
0.5697
0.5205
0.5438
0.5080
0.4845
0.5305
0.4800
0.5778
0.5384
0.4862
0.5692
