1.0067
1.6683
1.5708
1.4744
1.2026
1.1133
0.9338
1.1928
1.0123
0.9428
0.8980
1.0395
1.0713
0.7600
1.0234
0.9125
0.8497
1.2410
0.7815
1.0099
1.3488
0.8660
0.8709
0.7674
0.5874
0.7721
0.6967
0.8552
0.9997
0.8475
0.8307
0.6716
0.8586
0.8525
0.8728
0.6110
0.7877
0.7019
0.7245
0.8570
0.6915
0.8085
1.0000
0.7245
0.7096
0.7999
0.6219
0.6630
0.8503
0.6100
0.7422
0.8364
0.5440
0.6205
0.7297
0.5494
0.7480
0.7039
0.7072
0.7035
0.6481
0.6744
0.7075
0.6122
0.8999
0.9185
0.5820
0.8719
0.7050
0.7587
0.6557
0.6767
0.7510
0.6303
0.5860
