1.8674
3.5792
2.7090
2.5988
2.1610
2.3878
2.4629
2.2450
2.2203
3.1318
2.2159
2.2409
1.7934
2.6050
2.3912
2.1858
1.9813
2.1599
2.5044
2.3366
1.9299
1.6739
1.4186
1.9761
1.9111
1.8391
1.5491
1.4340
1.5093
1.6616
1.9909
1.7874
1.8630
1.3327
1.5581
1.8709
1.0485
1.6309
1.0301
1.4985
1.3266
1.6041
1.3729
1.3880
1.5454
1.1896
1.4970
1.1154
1.2543
1.3051
1.1093
1.3743
0.8354
1.3455
1.4931
1.4128
1.3161
1.0361
1.5734
1.3478
1.4590
1.3440
1.4381
0.8873
1.0898
1.2178
1.0797
1.3471
1.4891
1.0561
1.0411
0.8888
1.0743
1.2669
1.3248
