0.4914
1.0951
0.9654
0.6934
0.7932
0.7488
0.7197
0.8789
0.7518
0.7452
0.7584
0.7447
0.6716
0.5578
0.6249
0.6230
0.6866
0.7082
0.4900
0.6251
0.5627
0.6807
0.5853
0.5775
0.5281
0.5504
0.5232
0.7355
0.8831
0.5666
0.7714
0.6206
0.6206
0.5813
0.6899
0.5060
0.5271
0.6407
0.6697
0.7626
0.4453
0.7889
0.5898
0.6229
0.6470
0.5645
0.5311
0.6532
0.7589
0.5547
0.4726
0.6213
0.4622
0.5279
0.5493
0.6737
0.5765
0.5361
0.4728
0.5352
0.5412
0.5636
0.4980
0.5814
0.5667
0.4734
0.6509
0.5608
0.5551
0.4465
0.5051
0.5392
0.5225
0.4743
0.5300
