1.6409
2.2523
3.2868
3.2128
3.9754
3.8719
5.0363
5.2840
4.5604
3.5694
3.4434
3.6470
3.8969
4.6183
3.8959
3.5837
4.2758
3.9418
3.7446
7.5845
5.5126
5.2357
6.7466
4.1130
5.3569
4.6385
4.3222
4.2473
5.9809
3.6790
6.7972
5.6189
5.5676
6.1012
4.3006
4.5226
7.0561
4.8519
6.1683
4.8640
7.0353
6.4335
6.9760
5.5473
7.8133
8.3867
5.9394
7.6171
6.8191
8.4000
6.1114
6.0162
7.1141
6.7747
6.9982
6.5624
7.7161
8.2758
6.2509
8.0357
8.7848
6.2971
10.7359
7.5205
6.7026
8.2842
7.3738
8.1296
7.1471
8.9969
6.2601
10.8046
12.7861
6.9132
12.2096
9.5340
8.7211
10.7347
9.7469
9.0642
6.4859
13.6755
17.8508
8.0944
7.5140
9.0831
9.0376
9.4077
17.1160
9.9985
13.1521
12.5872
11.7805
11.7124
10.7864
10.2162
21.1703
9.6648
9.1836
8.5706
