1.9533
3.0243
2.1509
2.2716
1.7935
1.5802
1.3260
1.6247
1.7957
1.3720
1.2452
1.6184
1.5882
1.1966
1.1705
1.2148
0.7243
1.1141
1.0015
0.8657
0.9724
1.0307
1.3043
0.8036
0.9052
0.8428
1.0519
0.9249
1.1233
1.0225
0.9043
1.0288
0.8033
0.8518
1.0067
0.9506
0.8411
0.9989
0.7119
0.7051
0.8713
0.6847
0.8725
0.7886
0.8486
1.1726
1.0508
0.8674
0.7640
0.7532
0.8327
1.4108
0.7074
0.6794
0.7796
1.3018
0.7138
0.9876
0.7511
0.6267
0.7241
0.6786
1.0245
0.6504
0.8445
0.5122
0.8849
0.7168
0.7170
0.8753
1.1532
0.7148
0.7985
0.5465
0.7498
