2.4996
3.1599
2.0283
1.7856
1.0254
1.3094
0.9237
1.0784
1.0155
0.9550
1.2519
1.3081
0.6878
0.9162
1.1464
0.7000
0.6048
1.3798
0.6449
0.5855
0.8239
0.4599
0.7542
0.3595
0.3628
0.7393
0.6380
0.3583
0.7044
0.4855
0.5515
0.8472
0.5145
0.4300
0.5426
0.5346
0.2525
0.3562
0.5168
0.5564
0.3138
0.3578
0.4667
0.3811
0.3438
0.3681
0.2885
0.5173
0.8158
0.3775
0.4055
0.4153
0.5490
0.4261
0.3709
0.3819
0.4032
0.3205
0.5081
0.4126
0.5919
0.4304
0.3004
0.5664
0.4498
0.3750
0.2898
0.3429
0.2740
0.3868
0.3754
0.4042
0.2854
0.3548
0.3002
