2.301131
2.301131
2.304958
2.304958
2.302562
2.302562
2.301843
2.301843
2.304880
2.304880
2.303941
2.303941
2.300889
2.300889
2.297978
2.297978
2.301403
2.301403
2.301453
2.301453
2.297754
2.297754
2.297516
2.297516
2.301773
2.301773
2.295504
2.295504
2.296501
2.296501
2.296136
2.296136
2.293007
2.293007
2.294289
2.294289
2.292039
2.292039
2.292212
2.292212
2.290435
2.290435
2.288108
2.288108
2.289858
2.289858
2.287459
2.287459
2.285520
2.285520
2.285561
2.285561
2.284472
2.284472
2.279377
2.279377
2.284220
2.284220
2.277114
2.277114
2.276772
2.276772
2.279267
2.279267
2.277422
2.277422
2.274811
2.274811
2.268342
2.268342
2.270236
2.270236
2.270887
2.270887
2.267951
2.267951
2.263932
2.263932
2.266204
2.266204
2.259628
2.259628
2.261342
2.261342
2.263731
2.263731
2.254692
2.254692
2.255833
2.255833
2.253701
2.253701
2.249206
2.249206
2.249240
2.249240
2.246008
2.246008
2.248478
2.248478
2.243487
2.243487
2.239520
2.239520
2.236132
2.236132
2.238945
2.238945
2.232613
2.232613
2.230070
2.230070
2.225007
2.225007
2.227724
2.227724
2.224400
2.224400
2.225060
2.225060
2.220476
2.220476
2.215655
2.215655
2.212596
2.212596
2.208215
2.208215
2.214835
2.214835
2.206196
2.206196
2.211615
2.211615
2.204960
2.204960
2.195913
2.195913
2.189149
2.189149
2.194992
2.194992
2.191756
2.191756
2.181719
2.181719
2.193625
2.193625
2.190681
2.190681
2.190537
2.190537
2.189811
2.189811
2.173585
2.173585
2.173095
2.173095
2.166822
2.166822
2.175126
2.175126
2.170957
2.170957
2.168906
2.168906
2.165212
2.165212
2.161125
2.161125
2.171288
2.171288
2.159857
2.159857
2.169204
2.169204
2.146184
2.146184
2.138453
2.138453
2.148246
2.148246
2.158938
2.158938
2.145250
2.145250
2.145471
2.145471
2.134516
2.134516
2.142946
2.142946
2.124883
2.124883
2.144774
2.144774
2.135329
2.135329
2.133132
2.133132
2.130095
2.130095
2.125579
2.125579
2.120921
2.120921
2.125555
2.125555
2.124776
2.124776
2.117648
2.117648
2.121173
2.121173
2.124512
2.124512
2.100045
2.100045
2.107081
2.107081
2.109141
2.109141
2.098099
2.098099
2.103356
2.103356
2.104480
2.104480
2.100924
2.100924
2.092052
2.092052
2.086864
2.086864
2.093251
2.093251
2.097258
2.097258
2.090347
2.090347
2.087037
2.087037
2.078448
2.078448
2.086206
2.086206
2.077865
2.077865
2.071059
2.071059
2.074165
2.074165
2.066281
2.066281
2.074914
2.074914
2.071990
2.071990
2.053449
2.053449
2.063914
2.063914
2.066562
2.066562
2.045760
2.045760
2.060753
2.060753
2.044924
2.044924
2.039088
2.039088
2.050480
2.050480
2.036622
2.036622
2.053059
2.053059
2.044805
2.044805
2.033411
2.033411
2.043540
2.043540
2.028491
2.028491
2.035360
2.035360
2.020357
2.020357
2.019645
2.019645
2.016180
2.016180
2.033463
2.033463
2.029782
2.029782
2.000230
2.000230
2.023416
2.023416
2.004824
2.004824
2.013233
2.013233
2.009114
2.009114
1.989865
1.989865
2.004341
2.004341
1.998948
1.998948
2.003348
2.003348
2.000560
2.000560
1.976417
1.976417
1.998332
1.998332
1.981680
1.981680
1.991509
1.991509
1.987807
1.987807
1.971312
1.971312
1.967422
1.967422
1.978109
1.978109
1.985630
1.985630
1.979267
1.979267
1.970693
1.970693
1.958217
1.958217
1.967984
1.967984
1.970376
1.970376
1.969462
1.969462
1.968020
1.968020
1.944144
1.944144
1.975382
1.975382
1.940619
1.940619
1.960169
1.960169
1.970309
1.970309
1.948767
1.948767
1.943182
1.943182
1.946411
1.946411
1.953258
1.953258
1.953673
1.953673
1.948821
1.948821
1.936032
1.936032
1.934380
1.934380
1.941060
1.941060
1.942467
1.942467
1.937953
1.937953
1.947937
1.947937
1.931463
1.931463
1.918594
1.918594
1.925127
1.925127
1.917780
1.917780
1.926894
1.926894
1.922745
1.922745
1.931877
1.931877
1.922760
1.922760
1.918231
1.918231
1.924040
1.924040
1.925232
1.925232
1.909169
1.909169
1.904094
1.904094
1.898085
1.898085
1.927989
1.927989
1.905598
1.905598
1.906695
1.906695
1.905014
1.905014
1.912180
1.912180
1.894285
1.894285
1.901610
1.901610
1.896004
1.896004
1.901615
1.901615
1.895757
1.895757
1.893973
1.893973
1.893132
1.893132
1.889569
1.889569
1.894976
1.894976
1.891419
1.891419
1.887773
1.887773
1.878136
1.878136
1.880862
1.880862
1.892700
1.892700
1.887666
1.887666
1.868897
1.868897
1.875476
1.875476
1.882887
1.882887
1.878606
1.878606
1.869312
1.869312
1.874861
1.874861
1.864359
1.864359
1.874245
1.874245
1.878683
1.878683
1.879931
1.879931
1.861485
1.861485
1.863495
1.863495
1.859125
1.859125
1.864633
1.864633
1.864635
1.864635
1.854662
1.854662
1.854981
1.854981
1.864803
1.864803
1.861711
1.861711
1.858572
1.858572
1.866897
1.866897
1.847524
1.847524
1.845673
1.845673
1.855220
1.855220
1.849163
1.849163
1.845275
1.845275
1.864813
1.864813
1.844259
1.844259
1.844798
1.844798
1.848531
1.848531
1.843949
1.843949
1.845636
1.845636
1.850004
1.850004
1.836296
1.836296
1.848919
1.848919
1.850847
1.850847
1.831773
1.831773
1.837534
1.837534
1.833904
1.833904
1.837963
1.837963
1.828840
1.828840
1.829471
1.829471
1.844881
1.844881
1.844185
1.844185
1.830623
1.830623
1.829556
1.829556
1.826595
1.826595
1.841242
1.841242
1.837064
1.837064
1.832512
1.832512
1.818722
1.818722
1.825451
1.825451
1.832987
1.832987
1.837776
1.837776
1.837258
1.837258
1.816981
1.816981
1.832723
1.832723
1.828524
1.828524
1.809176
1.809176
1.832477
1.832477
1.822043
1.822043
1.806464
1.806464
1.830006
1.830006
1.819583
1.819583
1.816866
1.816866
1.823654
1.823654
1.824980
1.824980
1.798816
1.798816
1.833621
1.833621
1.834396
1.834396
1.813880
1.813880
1.813487
1.813487
1.814008
1.814008
1.800972
1.800972
1.829265
1.829265
1.811027
1.811027
1.809340
1.809340
1.806771
1.806771
1.807491
1.807491
1.809380
1.809380
1.799585
1.799585
1.810751
1.810751
1.813373
1.813373
1.819942
1.819942
1.803721
1.803721
1.808705
1.808705
1.801191
1.801191
1.811224
1.811224
1.814139
1.814139
1.804399
1.804399
1.801847
1.801847
1.811777
1.811777
1.805591
1.805591
1.800115
1.800115
1.798940
1.798940
1.795464
1.795464
1.798605
1.798605
1.809402
1.809402
1.811904
1.811904
1.779206
1.779206
1.799167
1.799167
1.818663
1.818663
1.801919
1.801919
1.801926
1.801926
1.806745
1.806745
1.787260
1.787260
1.795557
1.795557
1.803910
1.803910
1.795032
1.795032
1.764831
1.764831
1.813630
1.813630
1.807321
1.807321
1.795429
1.795429
1.797097
1.797097
1.797238
1.797238
1.803925
1.803925
1.796663
1.796663
1.785278
1.785278
1.782019
1.782019
1.787924
1.787924
1.809027
1.809027
1.791425
1.791425
1.782783
1.782783
1.784526
1.784526
1.784620
1.784620
1.791708
1.791708
1.812862
1.812862
1.781426
1.781426
1.773379
1.773379
1.787455
1.787455
1.786038
1.786038
1.779573
1.779573
1.781878
1.781878
1.806553
1.806553
1.780074
1.780074
1.773056
1.773056
1.790323
1.790323
1.801699
1.801699
1.782556
1.782556
1.780642
1.780642
1.793206
1.793206
1.769858
1.769858
1.796214
1.796214
1.778281
1.778281
1.783260
1.783260
1.773750
1.773750
1.777690
1.777690
1.787182
1.787182
1.790446
1.790446
1.778207
1.778207
1.777649
1.777649
1.774850
1.774850
1.791426
1.791426
1.779947
1.779947
1.777414
1.777414
1.773311
1.773311
1.789413
1.789413
1.765591
1.765591
1.790606
1.790606
1.766724
1.766724
1.781307
1.781307
1.784636
1.784636
1.778463
1.778463
1.774285
1.774285
1.772929
1.772929
1.773907
1.773907
1.787223
1.787223
1.769947
1.769947
1.773942
1.773942
1.780902
1.780902
1.787503
1.787503
1.759747
1.759747
1.760760
1.760760
1.783784
1.783784
1.771007
1.771007
1.766862
1.766862
1.769420
1.769420
1.781651
1.781651
1.774962
1.774962
1.775219
1.775219
1.758538
1.758538
1.763010
1.763010
1.780750
1.780750
1.780756
1.780756
1.760254
1.760254
1.770579
1.770579
1.772642
1.772642
1.768785
1.768785
1.779029
1.779029
1.781461
1.781461
1.778483
1.778483
1.768450
1.768450
1.755842
1.755842
1.755925
1.755925
1.752004
1.752004
1.763497
1.763497
1.776017
1.776017
1.774560
1.774560
1.770718
1.770718
1.759593
1.759593
1.783479
1.783479
1.774149
1.774149
1.755306
1.755306
1.754947
1.754947
1.762900
1.762900
1.772054
1.772054
1.757318
1.757318
1.774090
1.774090
1.755155
1.755155
1.754661
1.754661
1.773769
1.773769
1.767430
1.767430
1.768406
1.768406
1.750392
1.750392
1.773503
1.773503
1.749792
1.749792
1.775201
1.775201
1.757817
1.757817
1.753163
1.753163
1.771267
1.771267
1.758315
1.758315
1.778768
1.778768
1.751633
1.751633
1.741580
1.741580
1.761230
1.761230
1.771138
1.771138
1.752303
1.752303
1.751986
1.751986
1.763889
1.763889
1.762267
1.762267
1.752213
1.752213
1.759615
1.759615
1.762734
1.762734
1.756973
1.756973
1.752366
1.752366
1.757744
1.757744
1.759176
1.759176
1.757268
1.757268
1.763226
1.763226
1.761323
1.761323
1.765715
1.765715
1.761733
1.761733
1.749563
1.749563
1.742073
1.742073
1.759173
1.759173
1.755697
1.755697
1.770028
1.770028
1.738878
1.738878
1.753982
1.753982
1.743883
1.743883
1.767450
1.767450
1.759180
1.759180
1.745858
1.745858
1.757051
1.757051
1.743577
1.743577
1.772293
1.772293
1.747326
1.747326
1.754543
1.754543
1.749328
1.749328
1.762024
1.762024
1.734949
1.734949
1.762266
1.762266
1.759551
1.759551
1.742121
1.742121
1.753666
1.753666
1.753771
1.753771
1.753095
1.753095
1.743601
1.743601
1.754615
1.754615
1.741514
1.741514
1.756755
1.756755
1.746444
1.746444
1.759783
1.759783
1.748485
1.748485
1.751453
1.751453
1.740441
1.740441
1.749206
1.749206
1.760296
1.760296
1.746713
1.746713
1.754423
1.754423
1.748049
1.748049
1.758050
1.758050
1.729119
1.729119
1.755936
1.755936
1.772556
1.772556
1.728659
1.728659
1.747817
1.747817
1.754270
1.754270
1.733445
1.733445
1.742219
1.742219
1.751733
1.751733
1.754057
1.754057
1.752464
1.752464
1.731606
1.731606
1.741019
1.741019
1.747524
1.747524
1.756015
1.756015
1.727958
1.727958
1.761306
1.761306
1.738149
1.738149
1.741227
1.741227
1.741884
1.741884
1.757379
1.757379
1.748562
1.748562
1.740438
1.740438
1.748228
1.748228
1.745675
1.745675
1.744160
1.744160
1.743653
1.743653
1.747375
1.747375
1.727000
1.727000
1.744585
1.744585
1.765154
1.765154
1.731623
1.731623
1.761061
1.761061
1.750631
1.750631
1.728144
1.728144
1.737345
1.737345
1.735323
1.735323
1.727575
1.727575
1.751068
1.751068
1.748559
1.748559
1.743155
1.743155
1.738993
1.738993
1.741367
1.741367
1.735442
1.735442
1.745424
1.745424
1.742958
1.742958
1.740688
1.740688
1.743168
1.743168
1.744600
1.744600
1.719892
1.719892
1.739945
1.739945
1.757908
1.757908
1.747420
1.747420
1.750819
1.750819
1.735130
1.735130
1.742826
1.742826
1.717505
1.717505
1.742501
1.742501
1.749156
1.749156
1.735855
1.735855
1.738145
1.738145
1.726036
1.726036
1.730741
1.730741
1.750424
1.750424
1.734568
1.734568
1.735035
1.735035
1.740057
1.740057
1.727206
1.727206
1.731377
1.731377
1.741791
1.741791
1.728063
1.728063
1.763380
1.763380
1.745541
1.745541
1.744640
1.744640
1.723469
1.723469
1.733884
1.733884
1.734977
1.734977
1.731082
1.731082
1.741935
1.741935
1.723745
1.723745
1.740324
1.740324
1.743575
1.743575
1.721359
1.721359
1.727165
1.727165
1.743697
1.743697
1.731695
1.731695
1.755597
1.755597
1.727990
1.727990
1.735620
1.735620
1.737473
1.737473
1.750923
1.750923
1.716046
1.716046
1.727768
1.727768
1.723182
1.723182
1.750983
1.750983
1.724851
1.724851
1.743173
1.743173
1.729965
1.729965
1.725921
1.725921
1.725647
1.725647
1.737438
1.737438
1.748495
1.748495
1.730274
1.730274
1.735279
1.735279
1.734861
1.734861
1.740443
1.740443
1.716783
1.716783
1.737397
1.737397
1.735767
1.735767
1.718403
1.718403
1.751914
1.751914
1.709150
1.709150
1.727188
1.727188
1.733623
1.733623
1.729598
1.729598
1.728302
1.728302
1.735693
1.735693
1.737503
1.737503
1.717751
1.717751
1.743278
1.743278
1.725254
1.725254
1.724938
1.724938
1.736465
1.736465
1.740446
1.740446
1.740645
1.740645
1.717974
1.717974
1.706008
1.706008
1.727180
1.727180
1.727573
1.727573
1.747220
1.747220
1.717562
1.717562
1.721522
1.721522
1.743666
1.743666
1.720461
1.720461
1.731428
1.731428
1.729558
1.729558
1.710170
1.710170
1.721540
1.721540
1.735665
1.735665
1.728866
1.728866
1.717648
1.717648
1.732404
1.732404
1.734053
1.734053
1.734956
1.734956
1.721131
1.721131
1.723256
1.723256
1.715942
1.715942
1.708989
1.708989
1.750841
1.750841
1.729966
1.729966
1.715452
1.715452
1.721477
1.721477
1.724705
1.724705
1.715845
1.715845
1.722803
1.722803
1.730711
1.730711
1.730898
1.730898
1.710504
1.710504
1.722340
1.722340
1.741846
1.741846
1.718939
1.718939
1.726827
1.726827
1.711544
1.711544
1.734150
1.734150
1.719289
1.719289
1.722493
1.722493
1.729874
1.729874
1.709010
1.709010
1.720090
1.720090
1.720956
1.720956
1.733091
1.733091
1.730439
1.730439
1.731254
1.731254
1.711118
1.711118
1.715755
1.715755
1.722840
1.722840
1.728497
1.728497
1.724611
1.724611
1.730180
1.730180
1.709665
1.709665
1.725046
1.725046
1.712938
1.712938
1.723009
1.723009
1.717488
1.717488
1.710958
1.710958
1.720715
1.720715
1.729615
1.729615
1.732543
1.732543
1.717217
1.717217
1.708137
1.708137
1.726005
1.726005
1.709970
1.709970
1.716396
1.716396
1.713201
1.713201
1.710363
1.710363
1.729625
1.729625
1.722877
1.722877
1.720191
1.720191
1.704355
1.704355
1.715043
1.715043
1.727443
1.727443
1.720962
1.720962
1.710807
1.710807
1.730699
1.730699
1.711558
1.711558
1.721329
1.721329
1.706635
1.706635
1.715544
1.715544
1.707005
1.707005
1.718151
1.718151
1.719963
1.719963
1.718803
1.718803
1.688921
1.688921
1.717741
1.717741
1.713730
1.713730
1.722215
1.722215
1.736404
1.736404
1.715910
1.715910
1.716073
1.716073
1.718112
1.718112
1.710197
1.710197
1.709139
1.709139
1.707261
1.707261
1.713731
1.713731
1.707065
1.707065
1.721846
1.721846
1.717095
1.717095
1.704103
1.704103
1.723052
1.723052
1.714594
1.714594
1.707834
1.707834
1.712604
1.712604
1.711514
1.711514
1.726309
1.726309
1.713437
1.713437
1.708430
1.708430
1.695067
1.695067
1.718256
1.718256
1.699659
1.699659
1.704424
1.704424
1.721510
1.721510
1.710019
1.710019
1.709824
1.709824
1.719711
1.719711
1.711028
1.711028
1.706524
1.706524
1.701139
1.701139
1.705952
1.705952
1.713794
1.713794
1.695496
1.695496
1.708441
1.708441
1.725631
1.725631
1.715050
1.715050
1.699063
1.699063
1.706719
1.706719
1.714340
1.714340
1.706787
1.706787
1.719278
1.719278
1.703895
1.703895
1.701087
1.701087
1.700086
1.700086
1.716005
1.716005
1.708664
1.708664
1.709899
1.709899
1.711455
1.711455
1.698847
1.698847
1.705798
1.705798
1.704462
1.704462
1.705458
1.705458
1.707528
1.707528
1.719495
1.719495
1.691396
1.691396
1.711402
1.711402
1.717358
1.717358
1.702114
1.702114
1.706174
1.706174
1.687189
1.687189
1.704102
1.704102
1.703133
1.703133
1.697847
1.697847
1.728784
1.728784
1.687051
1.687051
1.697664
1.697664
1.695328
1.695328
1.712754
1.712754
1.704637
1.704637
1.712220
1.712220
1.704507
1.704507
1.694578
1.694578
1.715568
1.715568
1.709905
1.709905
1.690662
1.690662
1.690589
1.690589
1.718139
1.718139
1.699419
1.699419
1.695954
1.695954
1.712358
1.712358
1.697034
1.697034
1.701554
1.701554
1.702834
1.702834
1.706773
1.706773
1.703376
1.703376
1.704465
1.704465
1.700052
1.700052
1.699950
1.699950
1.704271
1.704271
1.698963
1.698963
1.687473
1.687473
1.693049
1.693049
1.702839
1.702839
1.700724
1.700724
1.725941
1.725941
1.707673
1.707673
1.699287
1.699287
1.702805
1.702805
1.696830
1.696830
1.694217
1.694217
1.688909
1.688909
1.704466
1.704466
1.703897
1.703897
1.702131
1.702131
1.699612
1.699612
1.682642
1.682642
1.699025
1.699025
1.714303
1.714303
1.701952
1.701952
1.697854
1.697854
1.697233
1.697233
1.697459
1.697459
1.689433
1.689433
1.702744
1.702744
1.708023
1.708023
1.723189
1.723189
1.681541
1.681541
1.686529
1.686529
1.692405
1.692405
1.708544
1.708544
1.701473
1.701473
1.692111
1.692111
1.706805
1.706805
1.695656
1.695656
1.689571
1.689571
1.686558
1.686558
1.695017
1.695017
1.695762
1.695762
1.710814
1.710814
1.696095
1.696095
1.693657
1.693657
1.691249
1.691249
1.691271
1.691271
1.691790
1.691790
1.717857
1.717857
1.687303
1.687303
1.689458
1.689458
1.706925
1.706925
1.697925
1.697925
1.697458
1.697458
1.682467
1.682467
1.698835
1.698835
1.690189
1.690189
1.701054
1.701054
1.705408
1.705408
1.689288
1.689288
1.698622
1.698622
1.688103
1.688103
1.702247
1.702247
1.695030
1.695030
1.691853
1.691853
1.699914
1.699914
1.689418
1.689418
1.687985
1.687985
1.703104
1.703104
1.695789
1.695789
1.691658
1.691658
1.695530
1.695530
1.683057
1.683057
1.703779
1.703779
1.687647
1.687647
1.691971
1.691971
1.702429
1.702429
1.694046
1.694046
1.687993
1.687993
1.710558
1.710558
1.689423
1.689423
1.682180
1.682180
1.691736
1.691736
1.687529
1.687529
1.694795
1.694795
1.676438
1.676438
1.702878
1.702878
1.699930
1.699930
1.684259
1.684259
1.696989
1.696989
1.681550
1.681550
1.696929
1.696929
1.684999
1.684999
1.698109
1.698109
1.688618
1.688618
1.691278
1.691278
1.672940
1.672940
1.705950
1.705950
1.697134
1.697134
1.683289
1.683289
1.693213
1.693213
1.691513
1.691513
1.687394
1.687394
1.698266
1.698266
1.693338
1.693338
1.674389
1.674389
1.688871
1.688871
1.699257
1.699257
1.694727
1.694727
1.697757
1.697757
1.682778
1.682778
1.691727
1.691727
1.689412
1.689412
1.684444
1.684444
1.683041
1.683041
1.691306
1.691306
1.694829
1.694829
1.684661
1.684661
1.691278
1.691278
1.693192
1.693192
1.687893
1.687893
1.676162
1.676162
1.692446
1.692446
1.693515
1.693515
1.690774
1.690774
1.690702
1.690702
1.698821
1.698821
1.689325
1.689325
1.665700
1.665700
1.686252
1.686252
1.678161
1.678161
1.684525
1.684525
1.690700
1.690700
1.700298
1.700298
1.689886
1.689886
1.690566
1.690566
1.678022
1.678022
1.683150
1.683150
1.694994
1.694994
1.682529
1.682529
1.685005
1.685005
1.680537
1.680537
1.706056
1.706056
1.676548
1.676548
1.693057
1.693057
1.683475
1.683475
1.683470
1.683470
1.684393
1.684393
1.685910
1.685910
1.683079
1.683079
1.693804
1.693804
1.678511
1.678511
1.679975
1.679975
1.694425
1.694425
1.678837
1.678837
1.695716
1.695716
1.679464
1.679464
1.687487
1.687487
1.684013
1.684013
1.697452
1.697452
1.681646
1.681646
1.673586
1.673586
1.689062
1.689062
1.681046
1.681046
1.698659
1.698659
1.689074
1.689074
1.688798
1.688798
1.669696
1.669696
1.672752
1.672752
1.684644
1.684644
1.700265
1.700265
1.687283
1.687283
1.667893
1.667893
1.677775
1.677775
1.684413
1.684413
1.688825
1.688825
1.684592
1.684592
1.680330
1.680330
1.677551
1.677551
1.688495
1.688495
1.686184
1.686184
1.675533
1.675533
1.676396
1.676396
1.689355
1.689355
1.683560
1.683560
1.690278
1.690278
1.672489
1.672489
1.678059
1.678059
1.689546
1.689546
1.691139
1.691139
1.663595
1.663595
1.691896
1.691896
1.692364
1.692364
1.668695
1.668695
1.688452
1.688452
1.671851
1.671851
1.677271
1.677271
1.680988
1.680988
1.691752
1.691752
1.670979
1.670979
1.686045
1.686045
1.684870
1.684870
1.693003
1.693003
1.668762
1.668762
1.668499
1.668499
1.683667
1.683667
1.681813
1.681813
1.689104
1.689104
1.681090
1.681090
1.676852
1.676852
1.680535
1.680535
1.690013
1.690013
1.679083
1.679083
1.674349
1.674349
1.676304
1.676304
1.669268
1.669268
1.686351
1.686351
1.683976
1.683976
1.685116
1.685116
1.687952
1.687952
1.680225
1.680225
1.681602
1.681602
1.676102
1.676102
1.670249
1.670249
1.682181
1.682181
1.669631
1.669631
1.684183
1.684183
1.681760
1.681760
1.677987
1.677987
1.686439
1.686439
1.676128
1.676128
1.678483
1.678483
1.679067
1.679067
1.672634
1.672634
1.676956
1.676956
1.677404
1.677404
1.662907
1.662907
1.690536
1.690536
1.685686
1.685686
1.683096
1.683096
1.669472
1.669472
1.676199
1.676199
1.683553
1.683553
1.677703
1.677703
1.671393
1.671393
1.669075
1.669075
1.678917
1.678917
1.688917
1.688917
1.680377
1.680377
1.686411
1.686411
1.675050
1.675050
1.671984
1.671984
1.678695
1.678695
1.673309
1.673309
1.671263
1.671263
1.682314
1.682314
1.674290
1.674290
1.676588
1.676588
1.680667
1.680667
1.686914
1.686914
1.673236
1.673236
1.677078
1.677078
1.675224
1.675224
1.668373
1.668373
1.674923
1.674923
1.670983
1.670983
1.686410
1.686410
1.664850
1.664850
1.685255
1.685255
1.671398
1.671398
1.667492
1.667492
1.677806
1.677806
1.676302
1.676302
1.688275
1.688275
1.677672
1.677672
1.666940
1.666940
1.681352
1.681352
1.668582
1.668582
1.684129
1.684129
1.668355
1.668355
1.674605
1.674605
1.676198
1.676198
1.676343
1.676343
1.680748
1.680748
1.684272
1.684272
1.668971
1.668971
1.670248
1.670248
1.678847
1.678847
1.670057
1.670057
1.675751
1.675751
1.685788
1.685788
1.667339
1.667339
1.674779
1.674779
1.666277
1.666277
1.688129
1.688129
1.656896
1.656896
1.674451
1.674451
1.675308
1.675308
1.675230
1.675230
1.662385
1.662385
1.675924
1.675924
1.673786
1.673786
1.671026
1.671026
1.687682
1.687682
1.677383
1.677383
1.676975
1.676975
1.661234
1.661234
1.677582
1.677582
1.673092
1.673092
1.663955
1.663955
1.678863
1.678863
1.674182
1.674182
1.673915
1.673915
1.673777
1.673777
1.671303
1.671303
1.656213
1.656213
1.669440
1.669440
1.686575
1.686575
1.680969
1.680969
1.673455
1.673455
1.682018
1.682018
1.671875
1.671875
1.670422
1.670422
1.661149
1.661149
1.668579
1.668579
1.678670
1.678670
1.673238
1.673238
1.675399
1.675399
1.661474
1.661474
1.669226
1.669226
1.681475
1.681475
1.662322
1.662322
1.677839
1.677839
1.665766
1.665766
1.670816
1.670816
1.676134
1.676134
1.665503
1.665503
1.686736
1.686736
1.653375
1.653375
1.667758
1.667758
1.675323
1.675323
1.671878
1.671878
1.659919
1.659919
1.681823
1.681823
1.669050
1.669050
1.676701
1.676701
1.657556
1.657556
1.680413
1.680413
1.668810
1.668810
1.669891
1.669891
1.662954
1.662954
1.672159
1.672159
1.674760
1.674760
1.671800
1.671800
1.680815
1.680815
1.666864
1.666864
1.667901
1.667901
1.665352
1.665352
1.668440
1.668440
1.678248
1.678248
1.660570
1.660570
1.670101
1.670101
1.662786
1.662786
1.678052
1.678052
1.662886
1.662886
1.683101
1.683101
1.669736
1.669736
1.658723
1.658723
1.672742
1.672742
1.661651
1.661651
1.686188
1.686188
1.663394
1.663394
1.664334
1.664334
1.669501
1.669501
1.668821
1.668821
1.664475
1.664475
1.667959
1.667959
1.667039
1.667039
1.676720
1.676720
1.666608
1.666608
1.666709
1.666709
1.672667
1.672667
1.680557
1.680557
1.652051
1.652051
1.664976
1.664976
1.665470
1.665470
1.670748
1.670748
1.676200
1.676200
1.661710
1.661710
1.675628
1.675628
1.656275
1.656275
1.669861
1.669861
1.674708
1.674708
1.661042
1.661042
1.668457
1.668457
1.674081
1.674081
1.668949
1.668949
1.669958
1.669958
1.653025
1.653025
1.666643
1.666643
1.666430
1.666430
1.664549
1.664549
1.663809
1.663809
1.676242
1.676242
1.660929
1.660929
1.667378
1.667378
1.680299
1.680299
1.652507
1.652507
1.674862
1.674862
1.676116
1.676116
1.651454
1.651454
1.672874
1.672874
1.662499
1.662499
1.670809
1.670809
1.677640
1.677640
1.676586
1.676586
1.651726
1.651726
1.677037
1.677037
1.644059
1.644059
1.679786
1.679786
1.646880
1.646880
1.679215
1.679215
1.661053
1.661053
1.662374
1.662374
1.662160
1.662160
1.678917
1.678917
1.660825
1.660825
1.667987
1.667987
1.656969
1.656969
1.666896
1.666896
1.663050
1.663050
1.668961
1.668961
1.658065
1.658065
1.671430
1.671430
1.662380
1.662380
1.669355
1.669355
1.657439
1.657439
1.666295
1.666295
1.671623
1.671623
1.667216
1.667216
1.664804
1.664804
1.672826
1.672826
1.663378
1.663378
1.653993
1.653993
1.665801
1.665801
1.670600
1.670600
1.663876
1.663876
1.666052
1.666052
1.654692
1.654692
1.666698
1.666698
1.671932
1.671932
1.660234
1.660234
1.670124
1.670124
1.649738
1.649738
1.656110
1.656110
1.678988
1.678988
1.660090
1.660090
1.667363
1.667363
1.656196
1.656196
1.664479
1.664479
1.665298
1.665298
1.667704
1.667704
1.657032
1.657032
1.664597
1.664597
1.657801
1.657801
1.666673
1.666673
1.659643
1.659643
1.672826
1.672826
1.659954
1.659954
1.668952
1.668952
1.669255
1.669255
1.659407
1.659407
1.655185
1.655185
1.663553
1.663553
1.661310
1.661310
1.668955
1.668955
1.665204
1.665204
1.663663
1.663663
1.654040
1.654040
1.658553
1.658553
1.677733
1.677733
1.665753
1.665753
1.649993
1.649993
1.661380
1.661380
1.676594
1.676594
1.653504
1.653504
1.659695
1.659695
1.658547
1.658547
1.664441
1.664441
1.675918
1.675918
1.662864
1.662864
1.663831
1.663831
1.658078
1.658078
1.647431
1.647431
1.671261
1.671261
1.659143
1.659143
1.661962
1.661962
1.659869
1.659869
1.656480
1.656480
1.653831
1.653831
1.678542
1.678542
1.663261
1.663261
1.663604
1.663604
1.646186
1.646186
1.662186
1.662186
1.670314
1.670314
1.650350
1.650350
1.647538
1.647538
1.680769
1.680769
1.662622
1.662622
1.660079
1.660079
1.665417
1.665417
1.665252
1.665252
1.650577
1.650577
1.672266
1.672266
1.659788
1.659788
1.662239
1.662239
1.649467
1.649467
1.661062
1.661062
1.670951
1.670951
1.668291
1.668291
1.660783
1.660783
1.651771
1.651771
1.649595
1.649595
1.670264
1.670264
1.666977
1.666977
1.655248
1.655248
1.650587
1.650587
1.659032
1.659032
1.661117
1.661117
1.657421
1.657421
1.652246
1.652246
1.666341
1.666341
1.665021
1.665021
1.655329
1.655329
1.659698
1.659698
1.665807
1.665807
1.656365
1.656365
1.663477
1.663477
1.663388
1.663388
1.654961
1.654961
1.649967
1.649967
1.672256
1.672256
1.657850
1.657850
1.651158
1.651158
1.666632
1.666632
1.657316
1.657316
1.659156
1.659156
1.664308
1.664308
1.642161
1.642161
1.671088
1.671088
1.673931
1.673931
1.654430
1.654430
1.653733
1.653733
1.658050
1.658050
1.663303
1.663303
1.653886
1.653886
1.664540
1.664540
1.654631
1.654631
1.668040
1.668040
1.659700
1.659700
1.670991
1.670991
1.639460
1.639460
1.655237
1.655237
1.664542
1.664542
1.666430
1.666430
1.638575
1.638575
1.653981
1.653981
1.672180
1.672180
1.652256
1.652256
1.660826
1.660826
1.657560
1.657560
1.657526
1.657526
1.665049
1.665049
1.655827
1.655827
1.661940
1.661940
1.653437
1.653437
1.655010
1.655010
1.666157
1.666157
1.653608
1.653608
1.635663
1.635663
1.655742
1.655742
1.672135
1.672135
1.676140
1.676140
1.656281
1.656281
1.663822
1.663822
1.656912
1.656912
1.654338
1.654338
1.657072
1.657072
1.669726
1.669726
1.655540
1.655540
1.653219
1.653219
1.650369
1.650369
1.658882
1.658882
1.662157
1.662157
1.665144
1.665144
1.647686
1.647686
1.670264
1.670264
1.637084
1.637084
1.673990
1.673990
1.657323
1.657323
1.641234
1.641234
1.650959
1.650959
1.662953
1.662953
1.658017
1.658017
1.651923
1.651923
1.663603
1.663603
1.665372
1.665372
1.642421
1.642421
1.659337
1.659337
1.647289
1.647289
1.660020
1.660020
1.655015
1.655015
1.662704
1.662704
1.660280
1.660280
1.657740
1.657740
1.662636
1.662636
1.654496
1.654496
1.644557
1.644557
1.656480
1.656480
1.649988
1.649988
1.663446
1.663446
1.653357
1.653357
1.658156
1.658156
1.649000
1.649000
1.653812
1.653812
1.650131
1.650131
1.660568
1.660568
1.669108
1.669108
1.670593
1.670593
1.644740
1.644740
1.651539
1.651539
1.664124
1.664124
1.646014
1.646014
1.647645
1.647645
1.654240
1.654240
1.658026
1.658026
1.658422
1.658422
1.660608
1.660608
1.664787
1.664787
1.658002
1.658002
1.647966
1.647966
1.650684
1.650684
1.655523
1.655523
1.651269
1.651269
1.660004
1.660004
1.653572
1.653572
1.649519
1.649519
1.663152
1.663152
1.664450
1.664450
1.652529
1.652529
1.643833
1.643833
1.651730
1.651730
1.664224
1.664224
1.669628
1.669628
1.650817
1.650817
1.651298
1.651298
1.659578
1.659578
1.639548
1.639548
1.657311
1.657311
1.647623
1.647623
1.657822
1.657822
1.658378
1.658378
1.651118
1.651118
1.639077
1.639077
1.659993
1.659993
1.657387
1.657387
1.664722
1.664722
1.649865
1.649865
1.667804
1.667804
1.646830
1.646830
1.644606
1.644606
1.662115
1.662115
1.648492
1.648492
1.648712
1.648712
1.666803
1.666803
1.650538
1.650538
1.645324
1.645324
1.659806
1.659806
1.642517
1.642517
1.653516
1.653516
1.668788
1.668788
1.664769
1.664769
1.635901
1.635901
1.654375
1.654375
1.664696
1.664696
1.649202
1.649202
1.646515
1.646515
1.653231
1.653231
1.664830
1.664830
1.637868
1.637868
1.648309
1.648309
1.658903
1.658903
1.658211
1.658211
1.656071
1.656071
1.639957
1.639957
1.663648
1.663648
1.651959
1.651959
1.654914
1.654914
1.643552
1.643552
1.659398
1.659398
1.663675
1.663675
1.649368
1.649368
1.648356
1.648356
1.645921
1.645921
1.662112
1.662112
1.639833
1.639833
1.660436
1.660436
1.656857
1.656857
1.645817
1.645817
1.649614
1.649614
1.660371
1.660371
1.659075
1.659075
1.647533
1.647533
1.651945
1.651945
1.656699
1.656699
1.644968
1.644968
1.653370
1.653370
1.656314
1.656314
1.660572
1.660572
1.659382
1.659382
1.657591
1.657591
1.633787
1.633787
1.649803
1.649803
1.668568
1.668568
1.648484
1.648484
1.646411
1.646411
1.648633
1.648633
1.647769
1.647769
1.659280
1.659280
1.644998
1.644998
1.645627
1.645627
1.648391
1.648391
1.663950
1.663950
1.653411
1.653411
1.637334
1.637334
1.647675
1.647675
1.668872
1.668872
1.651637
1.651637
1.646061
1.646061
1.663259
1.663259
1.656163
1.656163
1.637796
1.637796
1.655591
1.655591
1.657268
1.657268
1.650116
1.650116
1.654973
1.654973
1.646507
1.646507
1.647566
1.647566
1.655104
1.655104
1.647162
1.647162
1.658826
1.658826
1.645301
1.645301
1.649620
1.649620
1.664979
1.664979
1.638375
1.638375
1.638786
1.638786
1.660531
1.660531
1.653232
1.653232
1.660725
1.660725
1.657759
1.657759
1.652604
1.652604
1.648359
1.648359
1.631214
1.631214
1.632252
1.632252
1.654615
1.654615
1.660469
1.660469
1.647268
1.647268
1.661255
1.661255
1.645425
1.645425
1.660638
1.660638
1.651089
1.651089
1.641715
1.641715
1.654920
1.654920
1.656237
1.656237
1.651838
1.651838
1.656499
1.656499
1.641545
1.641545
1.644856
1.644856
1.643317
1.643317
1.657116
1.657116
1.643470
1.643470
1.656040
1.656040
1.651544
1.651544
1.647902
1.647902
1.662520
1.662520
1.654015
1.654015
1.649155
1.649155
1.633511
1.633511
1.653455
1.653455
1.663951
1.663951
1.640499
1.640499
1.652477
1.652477
1.636528
1.636528
1.649238
1.649238
1.638105
1.638105
1.659590
1.659590
1.653800
1.653800
1.647611
1.647611
1.652061
1.652061
1.649325
1.649325
1.645481
1.645481
1.641124
1.641124
1.662565
1.662565
1.632295
1.632295
1.646416
1.646416
1.664314
1.664314
1.653681
1.653681
1.650695
1.650695
1.648169
1.648169
1.656109
1.656109
1.642624
1.642624
1.645797
1.645797
1.654756
1.654756
1.656274
1.656274
1.651256
1.651256
1.645756
1.645756
1.658344
1.658344
1.630136
1.630136
1.651170
1.651170
1.652528
1.652528
1.629032
1.629032
1.644996
1.644996
1.671561
1.671561
1.660063
1.660063
1.653011
1.653011
1.648629
1.648629
1.635936
1.635936
1.645748
1.645748
1.637013
1.637013
1.649334
1.649334
1.638137
1.638137
1.664132
1.664132
1.656082
1.656082
1.651978
1.651978
1.641264
1.641264
1.646379
1.646379
1.659629
1.659629
1.641863
1.641863
1.658764
1.658764
1.649502
1.649502
1.649899
1.649899
1.630957
1.630957
1.653599
1.653599
1.638505
1.638505
1.660349
1.660349
1.640878
1.640878
1.648580
1.648580
1.653672
1.653672
1.649227
1.649227
1.660339
1.660339
1.639475
1.639475
1.631552
1.631552
1.662426
1.662426
1.646890
1.646890
1.641875
1.641875
1.646331
1.646331
1.659031
1.659031
1.644597
1.644597
1.657741
1.657741
1.639493
1.639493
1.654446
1.654446
1.645153
1.645153
1.640321
1.640321
1.648353
1.648353
1.631334
1.631334
1.665590
1.665590
1.652595
1.652595
1.638119
1.638119
1.651897
1.651897
1.635661
1.635661
1.647910
1.647910
1.649518
1.649518
1.653340
1.653340
1.656304
1.656304
1.653997
1.653997
1.632258
1.632258
1.642823
1.642823
1.651958
1.651958
1.662443
1.662443
1.630128
1.630128
1.659839
1.659839
1.638236
1.638236
1.644512
1.644512
1.645409
1.645409
1.651771
1.651771
1.640267
1.640267
1.642341
1.642341
1.657211
1.657211
1.640391
1.640391
1.649356
1.649356
1.647878
1.647878
1.649074
1.649074
1.647702
1.647702
1.660814
1.660814
1.647265
1.647265
1.639778
1.639778
1.643827
1.643827
1.640603
1.640603
1.650510
1.650510
1.658480
1.658480
1.641664
1.641664
1.640836
1.640836
1.639998
1.639998
1.651057
1.651057
1.643640
1.643640
1.640457
1.640457
1.651235
1.651235
1.645519
1.645519
1.661306
1.661306
1.633777
1.633777
1.646575
1.646575
1.643709
1.643709
1.645949
1.645949
1.648188
1.648188
1.652770
1.652770
1.633736
1.633736
1.649891
1.649891
1.646086
1.646086
1.648039
1.648039
1.646900
1.646900
1.636831
1.636831
1.660012
1.660012
1.636253
1.636253
1.641492
1.641492
1.642628
1.642628
1.648164
1.648164
1.647405
1.647405
1.650552
1.650552
1.649170
1.649170
1.634818
1.634818
1.651028
1.651028
1.646723
1.646723
1.647152
1.647152
1.645601
1.645601
1.652256
1.652256
1.634500
1.634500
1.636509
1.636509
1.662423
1.662423
1.638555
1.638555
1.641331
1.641331
1.651442
1.651442
1.644722
1.644722
1.652629
1.652629
1.638516
1.638516
1.654406
1.654406
1.651147
1.651147
1.645740
1.645740
1.634618
1.634618
1.635444
1.635444
1.661359
1.661359
1.634663
1.634663
1.636108
1.636108
1.661616
1.661616
1.639546
1.639546
1.644463
1.644463
1.645815
1.645815
1.645231
1.645231
1.651455
1.651455
1.648617
1.648617
1.637814
1.637814
1.645875
1.645875
1.643197
1.643197
1.650091
1.650091
1.643696
1.643696
1.646590
1.646590
1.646625
1.646625
1.642582
1.642582
1.644320
1.644320
1.632728
1.632728
1.648447
1.648447
1.646697
1.646697
1.637012
1.637012
1.661791
1.661791
1.650423
1.650423
1.630373
1.630373
1.663967
1.663967
1.644875
1.644875
1.630068
1.630068
1.650473
1.650473
1.654408
1.654408
1.638787
1.638787
1.631201
1.631201
1.647749
1.647749
1.640996
1.640996
1.641939
1.641939
1.654018
1.654018
1.636282
1.636282
1.649012
1.649012
1.650413
1.650413
1.647091
1.647091
1.620307
1.620307
1.659376
1.659376
1.643299
1.643299
1.657281
1.657281
1.650493
1.650493
1.640477
1.640477
1.632089
1.632089
1.638618
1.638618
1.642425
1.642425
1.638471
1.638471
1.656454
1.656454
1.650424
1.650424
1.628547
1.628547
1.633937
1.633937
1.651095
1.651095
1.638791
1.638791
1.646285
1.646285
1.649889
1.649889
1.640493
1.640493
1.645359
1.645359
1.634760
1.634760
1.644030
1.644030
1.655951
1.655951
1.633671
1.633671
1.641964
1.641964
1.650414
1.650414
1.639315
1.639315
1.654317
1.654317
1.635430
1.635430
1.643096
1.643096
1.630812
1.630812
1.658018
1.658018
1.651078
1.651078
1.648692
1.648692
1.640023
1.640023
1.627189
1.627189
1.652856
1.652856
1.648583
1.648583
1.654078
1.654078
1.634556
1.634556
1.641998
1.641998
1.639763
1.639763
1.645803
1.645803
1.626924
1.626924
1.660329
1.660329
1.659801
1.659801
1.627650
1.627650
1.639690
1.639690
1.641109
1.641109
1.643865
1.643865
1.627242
1.627242
1.662483
1.662483
1.638964
1.638964
1.648948
1.648948
1.643858
1.643858
1.636686
1.636686
1.645058
1.645058
1.638431
1.638431
1.647526
1.647526
1.637185
1.637185
1.637815
1.637815
1.649840
1.649840
1.640433
1.640433
1.635601
1.635601
1.642915
1.642915
1.640835
1.640835
1.653881
1.653881
1.638628
1.638628
1.639851
1.639851
1.643942
1.643942
1.639531
1.639531
1.647055
1.647055
1.641477
1.641477
1.630738
1.630738
1.642254
1.642254
1.647360
1.647360
1.642410
1.642410
1.650291
1.650291
1.635133
1.635133
1.636452
1.636452
1.644264
1.644264
1.641572
1.641572
1.656270
1.656270
1.626622
1.626622
1.655598
1.655598
1.646847
1.646847
1.640566
1.640566
1.640308
1.640308
1.641842
1.641842
1.639658
1.639658
1.653173
1.653173
1.639637
1.639637
1.633755
1.633755
1.627550
1.627550
1.643586
1.643586
1.639095
1.639095
1.654029
1.654029
1.645628
1.645628
1.638259
1.638259
1.641091
1.641091
1.640138
1.640138
1.646340
1.646340
1.642979
1.642979
1.627272
1.627272
1.665179
1.665179
1.632771
1.632771
1.637407
1.637407
1.646302
1.646302
1.639803
1.639803
1.637627
1.637627
1.646684
1.646684
1.635506
1.635506
1.649386
1.649386
1.632267
1.632267
1.640029
1.640029
1.641037
1.641037
1.644675
1.644675
1.650717
1.650717
1.641029
1.641029
1.641883
1.641883
1.630262
1.630262
1.648509
1.648509
1.645455
1.645455
1.637651
1.637651
1.624454
1.624454
1.650349
1.650349
1.653159
1.653159
1.639873
1.639873
1.633597
1.633597
1.636277
1.636277
1.654270
1.654270
1.641716
1.641716
1.638891
1.638891
1.628697
1.628697
1.638534
1.638534
1.634366
1.634366
1.659853
1.659853
1.643740
1.643740
1.649206
1.649206
1.641698
1.641698
1.640769
1.640769
1.639956
1.639956
1.630356
1.630356
1.640725
1.640725
1.648376
1.648376
1.628860
1.628860
1.640850
1.640850
1.645728
1.645728
1.643432
1.643432
1.631268
1.631268
1.643705
1.643705
1.642814
1.642814
1.642059
1.642059
1.646439
1.646439
1.641678
1.641678
1.634680
1.634680
1.634951
1.634951
1.645752
1.645752
1.640594
1.640594
1.638022
1.638022
1.651358
1.651358
1.640755
1.640755
1.628878
1.628878
1.630277
1.630277
1.652346
1.652346
1.639179
1.639179
1.637542
1.637542
1.642462
1.642462
1.628677
1.628677
1.638821
1.638821
1.636643
1.636643
1.637406
1.637406
1.664068
1.664068
1.640402
1.640402
1.655511
1.655511
1.627762
1.627762
1.629415
1.629415
1.649000
1.649000
1.644516
1.644516
1.645372
1.645372
1.649557
1.649557
1.621457
1.621457
1.638618
1.638618
1.639181
1.639181
1.642413
1.642413
1.639438
1.639438
1.636131
1.636131
1.642655
1.642655
1.632740
1.632740
1.647004
1.647004
1.644228
1.644228
1.630851
1.630851
1.644948
1.644948
1.643130
1.643130
1.636064
1.636064
1.641811
1.641811
1.633893
1.633893
1.644242
1.644242
1.640345
1.640345
1.642244
1.642244
1.630069
1.630069
1.637129
1.637129
1.650004
1.650004
1.629074
1.629074
1.644154
1.644154
1.643065
1.643065
1.642453
1.642453
1.638174
1.638174
1.639899
1.639899
1.641356
1.641356
1.641786
1.641786
1.640607
1.640607
1.631437
1.631437
1.626068
1.626068
1.649286
1.649286
1.651214
1.651214
1.634668
1.634668
1.633856
1.633856
1.632799
1.632799
1.647532
1.647532
1.638238
1.638238
1.637551
1.637551
1.639632
1.639632
1.645464
1.645464
1.630995
1.630995
1.632251
1.632251
1.636285
1.636285
1.652938
1.652938
1.646539
1.646539
1.643399
1.643399
1.634288
1.634288
1.631177
1.631177
1.639312
1.639312
1.630332
1.630332
1.656439
1.656439
1.622157
1.622157
1.637263
1.637263
1.650228
1.650228
1.641634
1.641634
1.648142
1.648142
1.635429
1.635429
1.635528
1.635528
1.631467
1.631467
1.634312
1.634312
1.637098
1.637098
1.641158
1.641158
1.641696
1.641696
1.638961
1.638961
1.649422
1.649422
1.645233
1.645233
1.624923
1.624923
1.639102
1.639102
1.632859
1.632859
1.630776
1.630776
1.637577
1.637577
1.653376
1.653376
1.633281
1.633281
1.636858
1.636858
1.632145
1.632145
1.620972
1.620972
1.651110
1.651110
1.645763
1.645763
1.642541
1.642541
1.645021
1.645021
1.650419
1.650419
1.644771
1.644771
1.633076
1.633076
1.612840
1.612840
1.633238
1.633238
1.639492
1.639492
1.637855
1.637855
1.640869
1.640869
1.639551
1.639551
1.641939
1.641939
1.629985
1.629985
1.653373
1.653373
1.619570
1.619570
1.647216
1.647216
1.638042
1.638042
1.641555
1.641555
1.630742
1.630742
1.648166
1.648166
1.629603
1.629603
1.632643
1.632643
1.643622
1.643622
1.622446
1.622446
1.647292
1.647292
1.644655
1.644655
1.618420
1.618420
1.641650
1.641650
1.631361
1.631361
1.645955
1.645955
1.654871
1.654871
1.625389
1.625389
1.643129
1.643129
1.649794
1.649794
1.622730
1.622730
1.649740
1.649740
1.641287
1.641287
1.645695
1.645695
1.636208
1.636208
1.641310
1.641310
1.619854
1.619854
1.625030
1.625030
1.642075
1.642075
1.638373
1.638373
1.637331
1.637331
1.646403
1.646403
1.624835
1.624835
1.639678
1.639678
1.645043
1.645043
1.636145
1.636145
1.642236
1.642236
1.634332
1.634332
1.645012
1.645012
1.642094
1.642094
1.632234
1.632234
1.631714
1.631714
1.632232
1.632232
1.646127
1.646127
1.622766
1.622766
1.638060
1.638060
1.649262
1.649262
1.631096
1.631096
1.640126
1.640126
1.642256
1.642256
1.630547
1.630547
1.642669
1.642669
1.644237
1.644237
1.637093
1.637093
1.641315
1.641315
1.626140
1.626140
1.636181
1.636181
1.630527
1.630527
1.635648
1.635648
1.635098
1.635098
1.643378
1.643378
1.640788
1.640788
1.621841
1.621841
1.635558
1.635558
1.628721
1.628721
1.654431
1.654431
1.645374
1.645374
1.639668
1.639668
1.635281
1.635281
1.634395
1.634395
1.639272
1.639272
1.634760
1.634760
1.638341
1.638341
1.639492
1.639492
1.641202
1.641202
1.628348
1.628348
1.635762
1.635762
1.625664
1.625664
1.641998
1.641998
1.646936
1.646936
1.629088
1.629088
1.639847
1.639847
1.630143
1.630143
1.634181
1.634181
1.637604
1.637604
1.642575
1.642575
1.638306
1.638306
1.632664
1.632664
1.636941
1.636941
1.648205
1.648205
1.625841
1.625841
1.638833
1.638833
1.630312
1.630312
1.645168
1.645168
1.633786
1.633786
1.636444
1.636444
1.635735
1.635735
1.642910
1.642910
1.636280
1.636280
1.640143
1.640143
1.631674
1.631674
1.628594
1.628594
1.630860
1.630860
1.641249
1.641249
1.629354
1.629354
1.641670
1.641670
1.637911
1.637911
1.633650
1.633650
1.643955
1.643955
1.631443
1.631443
1.625656
1.625656
1.647918
1.647918
1.629765
1.629765
1.642696
1.642696
1.645832
1.645832
1.630833
1.630833
1.629382
1.629382
1.641131
1.641131
1.624937
1.624937
1.631878
1.631878
1.637925
1.637925
1.645435
1.645435
1.638097
1.638097
1.634737
1.634737
1.628461
1.628461
1.635777
1.635777
1.643413
1.643413
1.636879
1.636879
1.628077
1.628077
1.643858
1.643858
1.634232
1.634232
1.635437
1.635437
1.637233
1.637233
1.648019
1.648019
1.645956
1.645956
1.620295
1.620295
1.624369
1.624369
1.641190
1.641190
1.630772
1.630772
1.629357
1.629357
1.638508
1.638508
1.638452
1.638452
1.640015
1.640015
1.625561
1.625561
1.638160
1.638160
1.636218
1.636218
1.637796
1.637796
1.644538
1.644538
1.639460
1.639460
1.638396
1.638396
1.621083
1.621083
1.632891
1.632891
1.639700
1.639700
1.630865
1.630865
1.622686
1.622686
1.630966
1.630966
1.656470
1.656470
1.650009
1.650009
1.625960
1.625960
1.627598
1.627598
1.639145
1.639145
1.632854
1.632854
1.634779
1.634779
1.623317
1.623317
1.627372
1.627372
1.646700
1.646700
1.645535
1.645535
1.634264
1.634264
1.631137
1.631137
1.635258
1.635258
1.632608
1.632608
1.643672
1.643672
1.637352
1.637352
1.624254
1.624254
1.620170
1.620170
1.642830
1.642830
1.654017
1.654017
1.638337
1.638337
1.630829
1.630829
1.654641
1.654641
1.621858
1.621858
1.627203
1.627203
1.630707
1.630707
1.627906
1.627906
1.635326
1.635326
1.636824
1.636824
1.645341
1.645341
1.630205
1.630205
1.634064
1.634064
1.630103
1.630103
1.633976
1.633976
1.647875
1.647875
1.633712
1.633712
1.633973
1.633973
1.630364
1.630364
1.634316
1.634316
1.642360
1.642360
1.641580
1.641580
1.640619
1.640619
1.641091
1.641091
1.631152
1.631152
1.614294
1.614294
1.639940
1.639940
1.629769
1.629769
1.635119
1.635119
1.626189
1.626189
1.643094
1.643094
1.626093
1.626093
1.631131
1.631131
1.638129
1.638129
1.633410
1.633410
1.645428
1.645428
1.635636
1.635636
1.642725
1.642725
1.621475
1.621475
1.634837
1.634837
1.637577
1.637577
1.641422
1.641422
1.617867
1.617867
1.637326
1.637326
1.631053
1.631053
1.645861
1.645861
1.623550
1.623550
1.626558
1.626558
1.639464
1.639464
1.643310
1.643310
1.638871
1.638871
1.650962
1.650962
1.620692
1.620692
1.631336
1.631336
1.643657
1.643657
1.621196
1.621196
1.631191
1.631191
1.633079
1.633079
1.639934
1.639934
1.625859
1.625859
1.641455
1.641455
1.639063
1.639063
1.624910
1.624910
1.635347
1.635347
1.632908
1.632908
1.638287
1.638287
1.641138
1.641138
1.638195
1.638195
1.625219
1.625219
1.627999
1.627999
1.637431
1.637431
1.650604
1.650604
1.624871
1.624871
1.633088
1.633088
1.633539
1.633539
1.625034
1.625034
1.629907
1.629907
1.632658
1.632658
1.648167
1.648167
1.619733
1.619733
1.639124
1.639124
1.633303
1.633303
1.618796
1.618796
1.647341
1.647341
1.639246
1.639246
1.628391
1.628391
1.647498
1.647498
1.632300
1.632300
1.627696
1.627696
1.635843
1.635843
1.622124
1.622124
1.632044
1.632044
1.634480
1.634480
1.643676
1.643676
1.622404
1.622404
1.635090
1.635090
1.638755
1.638755
1.622990
1.622990
1.643625
1.643625
1.638551
1.638551
1.620500
1.620500
1.632172
1.632172
1.648213
1.648213
1.623988
1.623988
1.626794
1.626794
1.635992
1.635992
1.641951
1.641951
1.639521
1.639521
1.625360
1.625360
1.629173
1.629173
1.629501
1.629501
1.633791
1.633791
1.621649
1.621649
1.641368
1.641368
1.629947
1.629947
1.640615
1.640615
1.634736
1.634736
1.635155
1.635155
1.640055
1.640055
1.633054
1.633054
1.619869
1.619869
1.636190
1.636190
1.630373
1.630373
1.628536
1.628536
1.635902
1.635902
1.634433
1.634433
1.619540
1.619540
1.641894
1.641894
1.642642
1.642642
1.620257
1.620257
1.642325
1.642325
1.626171
1.626171
1.639520
1.639520
1.643811
1.643811
1.625036
1.625036
1.629139
1.629139
1.631328
1.631328
1.629772
1.629772
1.636098
1.636098
1.637122
1.637122
1.628974
1.628974
1.631344
1.631344
1.640042
1.640042
1.624577
1.624577
1.633927
1.633927
1.634083
1.634083
1.627413
1.627413
1.633938
1.633938
1.624670
1.624670
1.632247
1.632247
1.648180
1.648180
1.626498
1.626498
1.632795
1.632795
1.634546
1.634546
1.630266
1.630266
1.640461
1.640461
1.639381
1.639381
1.638633
1.638633
1.623034
1.623034
1.628362
1.628362
1.633391
1.633391
1.642791
1.642791
1.620930
1.620930
1.632088
1.632088
1.637613
1.637613
1.627954
1.627954
1.624375
1.624375
1.636091
1.636091
1.634213
1.634213
1.635548
1.635548
1.631525
1.631525
1.626718
1.626718
1.631601
1.631601
1.639981
1.639981
1.628117
1.628117
1.635854
1.635854
1.629648
1.629648
1.631839
1.631839
1.650929
1.650929
1.627758
1.627758
1.618245
1.618245
1.640211
1.640211
1.637435
1.637435
1.621551
1.621551
1.627261
1.627261
1.634968
1.634968
1.649051
1.649051
1.633798
1.633798
1.620248
1.620248
1.623664
1.623664
1.634177
1.634177
1.627151
1.627151
1.628641
1.628641
1.639002
1.639002
1.623710
1.623710
1.644080
1.644080
1.637860
1.637860
1.633328
1.633328
1.612220
1.612220
1.637472
1.637472
1.640699
1.640699
1.635956
1.635956
1.627897
1.627897
1.637975
1.637975
1.627613
1.627613
1.629587
1.629587
1.633234
1.633234
1.653826
1.653826
1.629301
1.629301
1.617834
1.617834
1.623230
1.623230
1.641508
1.641508
1.625779
1.625779
1.626541
1.626541
1.633079
1.633079
1.631936
1.631936
1.640132
1.640132
1.626769
1.626769
1.638521
1.638521
1.623587
1.623587
1.628899
1.628899
1.643706
1.643706
1.628225
1.628225
1.630486
1.630486
1.621151
1.621151
1.635298
1.635298
1.624804
1.624804
1.637322
1.637322
1.635450
1.635450
1.630396
1.630396
1.629376
1.629376
1.631006
1.631006
1.615215
1.615215
1.636314
1.636314
1.640134
1.640134
1.635612
1.635612
1.622044
1.622044
1.628496
1.628496
1.640276
1.640276
1.641693
1.641693
1.622898
1.622898
1.624507
1.624507
1.619742
1.619742
1.626874
1.626874
1.649468
1.649468
1.637406
1.637406
1.632030
1.632030
1.637946
1.637946
1.629760
1.629760
1.620382
1.620382
1.637593
1.637593
1.623936
1.623936
1.646190
1.646190
1.630513
1.630513
1.623535
1.623535
1.632130
1.632130
1.649112
1.649112
1.613090
1.613090
1.635291
1.635291
1.624342
1.624342
1.634658
1.634658
1.632452
1.632452
1.629917
1.629917
1.643458
1.643458
1.625040
1.625040
1.622976
1.622976
1.619428
1.619428
1.641763
1.641763
1.634305
1.634305
1.634623
1.634623
1.623513
1.623513
1.638105
1.638105
1.637345
1.637345
1.615441
1.615441
1.638931
1.638931
1.623499
1.623499
1.624080
1.624080
1.633415
1.633415
1.634621
1.634621
1.644711
1.644711
1.614348
1.614348
1.632960
1.632960
1.626650
1.626650
1.628613
1.628613
1.632086
1.632086
1.634604
1.634604
1.643825
1.643825
1.632766
1.632766
1.604679
1.604679
1.629665
1.629665
1.645952
1.645952
1.628736
1.628736
1.637315
1.637315
1.623833
1.623833
1.627899
1.627899
1.637013
1.637013
1.634965
1.634965
1.627789
1.627789
1.623887
1.623887
1.634011
1.634011
1.633043
1.633043
1.629071
1.629071
1.628811
1.628811
1.619384
1.619384
1.631942
1.631942
1.646964
1.646964
1.636845
1.636845
1.623845
1.623845
1.612166
1.612166
1.643208
1.643208
1.638009
1.638009
1.616262
1.616262
1.636181
1.636181
1.622980
1.622980
1.635136
1.635136
1.644517
1.644517
1.625486
1.625486
1.635850
1.635850
1.625553
1.625553
1.631217
1.631217
1.634696
1.634696
1.633551
1.633551
1.629006
1.629006
1.632984
1.632984
1.622627
1.622627
1.634239
1.634239
1.640153
1.640153
1.628764
1.628764
1.628308
1.628308
1.622102
1.622102
1.632420
1.632420
1.634259
1.634259
1.617990
1.617990
1.639588
1.639588
1.625738
1.625738
1.634254
1.634254
1.633492
1.633492
1.632378
1.632378
1.625819
1.625819
1.637145
1.637145
1.619805
1.619805
1.639300
1.639300
1.625892
1.625892
1.624098
1.624098
1.633120
1.633120
1.627460
1.627460
1.638779
1.638779
1.637971
1.637971
1.613051
1.613051
1.633089
1.633089
1.626490
1.626490
1.633383
1.633383
1.635982
1.635982
1.621118
1.621118
1.635193
1.635193
1.622640
1.622640
1.630913
1.630913
1.633323
1.633323
1.628694
1.628694
1.623413
1.623413
1.633948
1.633948
1.645050
1.645050
1.630036
1.630036
1.624137
1.624137
1.626956
1.626956
1.621280
1.621280
1.645158
1.645158
1.621321
1.621321
1.637064
1.637064
1.617958
1.617958
1.626768
1.626768
1.629282
1.629282
1.618914
1.618914
1.629480
1.629480
1.643971
1.643971
1.626232
1.626232
1.616776
1.616776
1.631716
1.631716
1.640402
1.640402
1.622121
1.622121
1.639169
1.639169
1.627341
1.627341
1.618407
1.618407
1.623511
1.623511
1.636499
1.636499
1.645375
1.645375
1.627816
1.627816
1.622865
1.622865
1.630368
1.630368
1.634693
1.634693
1.632535
1.632535
1.625767
1.625767
1.626808
1.626808
1.630942
1.630942
1.635276
1.635276
1.628357
1.628357
1.635385
1.635385
1.633281
1.633281
1.616879
1.616879
1.620023
1.620023
1.644536
1.644536
1.620721
1.620721
1.636176
1.636176
1.649346
1.649346
1.618555
1.618555
1.620149
1.620149
1.620669
1.620669
1.614983
1.614983
1.627760
1.627760
1.642444
1.642444
1.643472
1.643472
1.629898
1.629898
1.622507
1.622507
1.637922
1.637922
1.619947
1.619947
1.637609
1.637609
1.634747
1.634747
1.627357
1.627357
1.630879
1.630879
1.629319
1.629319
1.622222
1.622222
1.636992
1.636992
1.621363
1.621363
1.609234
1.609234
1.646129
1.646129
1.632604
1.632604
1.617745
1.617745
1.628650
1.628650
1.633775
1.633775
1.632432
1.632432
1.633657
1.633657
1.632169
1.632169
1.631481
1.631481
1.627918
1.627918
1.624704
1.624704
1.628724
1.628724
1.614393
1.614393
1.637556
1.637556
1.631527
1.631527
1.630844
1.630844
1.630816
1.630816
1.630453
1.630453
1.638312
1.638312
1.627975
1.627975
1.611812
1.611812
1.637679
1.637679
1.632209
1.632209
1.627267
1.627267
1.630676
1.630676
1.625158
1.625158
1.628900
1.628900
1.633510
1.633510
1.619732
1.619732
1.629285
1.629285
1.626524
1.626524
1.636377
1.636377
1.622445
1.622445
1.630598
1.630598
1.630873
1.630873
1.628366
1.628366
1.632005
1.632005
1.611261
1.611261
1.629443
1.629443
1.638759
1.638759
1.635827
1.635827
1.627910
1.627910
1.628950
1.628950
1.620716
1.620716
1.632717
1.632717
1.633254
1.633254
1.627133
1.627133
1.629011
1.629011
1.616282
1.616282
1.632379
1.632379
1.630523
1.630523
1.636104
1.636104
1.622544
1.622544
1.629052
1.629052
1.626971
1.626971
1.635847
1.635847
1.627999
1.627999
1.637105
1.637105
1.631186
1.631186
1.619967
1.619967
1.626495
1.626495
1.627241
1.627241
1.621978
1.621978
1.623541
1.623541
1.640535
1.640535
1.627719
1.627719
1.628134
1.628134
1.630140
1.630140
1.632331
1.632331
1.613044
1.613044
1.629055
1.629055
1.639303
1.639303
1.642269
1.642269
1.618748
1.618748
1.633091
1.633091
1.626772
1.626772
1.618589
1.618589
1.629776
1.629776
1.621474
1.621474
1.628623
1.628623
1.630641
1.630641
1.631200
1.631200
1.626493
1.626493
1.629409
1.629409
1.618421
1.618421
1.628948
1.628948
1.639941
1.639941
1.623174
1.623174
1.639384
1.639384
1.618624
1.618624
1.618871
1.618871
1.643634
1.643634
1.638307
1.638307
1.617274
1.617274
1.623787
1.623787
1.626597
1.626597
1.635923
1.635923
1.624148
1.624148
1.626601
1.626601
1.625726
1.625726
1.629310
1.629310
1.635827
1.635827
1.611761
1.611761
1.623094
1.623094
1.638404
1.638404
1.636526
1.636526
1.630499
1.630499
1.633637
1.633637
1.627530
1.627530
1.619566
1.619566
1.618203
1.618203
1.643737
1.643737
1.623796
1.623796
1.624076
1.624076
1.629228
1.629228
1.620981
1.620981
1.644490
1.644490
1.618976
1.618976
1.616801
1.616801
1.640342
1.640342
1.629583
1.629583
1.634638
1.634638
1.631377
1.631377
1.622636
1.622636
1.626237
1.626237
1.627640
1.627640
1.631582
1.631582
1.630539
1.630539
1.628899
1.628899
1.621647
1.621647
1.629217
1.629217
1.628247
1.628247
1.616382
1.616382
1.639746
1.639746
1.628765
1.628765
1.617700
1.617700
1.637575
1.637575
1.622734
1.622734
1.635826
1.635826
1.630806
1.630806
1.622119
1.622119
1.626147
1.626147
1.615274
1.615274
1.641626
1.641626
1.629484
1.629484
1.623471
1.623471
1.627870
1.627870
1.641058
1.641058
1.626002
1.626002
1.624883
1.624883
1.613302
1.613302
1.633312
1.633312
1.620293
1.620293
1.611535
1.611535
1.628846
1.628846
1.651915
1.651915
1.623825
1.623825
1.613661
1.613661
1.642213
1.642213
1.629543
1.629543
1.618623
1.618623
1.634200
1.634200
1.620950
1.620950
1.631743
1.631743
1.623884
1.623884
1.630810
1.630810
1.629700
1.629700
1.618549
1.618549
1.627626
1.627626
1.636932
1.636932
1.621435
1.621435
1.632964
1.632964
1.615160
1.615160
1.626273
1.626273
1.623142
1.623142
1.636758
1.636758
1.636651
1.636651
1.641512
1.641512
1.633528
1.633528
1.619670
1.619670
1.623124
1.623124
1.615721
1.615721
1.635621
1.635621
1.620718
1.620718
1.623762
1.623762
1.626460
1.626460
1.629501
1.629501
1.621303
1.621303
1.630471
1.630471
1.631683
1.631683
1.622886
1.622886
1.629475
1.629475
1.628070
1.628070
1.631644
1.631644
1.629529
1.629529
1.617389
1.617389
1.628806
1.628806
1.624808
1.624808
1.627420
1.627420
1.619535
1.619535
1.636716
1.636716
1.626197
1.626197
1.613406
1.613406
1.622993
1.622993
1.641356
1.641356
1.625919
1.625919
1.631912
1.631912
1.629518
1.629518
1.634698
1.634698
1.620619
1.620619
1.622100
1.622100
1.627535
1.627535
1.633033
1.633033
1.630394
1.630394
1.622205
1.622205
1.628097
1.628097
1.618743
1.618743
1.647782
1.647782
1.621245
1.621245
1.610236
1.610236
1.629540
1.629540
1.624606
1.624606
1.647228
1.647228
1.623704
1.623704
1.622708
1.622708
1.616843
1.616843
1.622204
1.622204
1.621982
1.621982
1.615285
1.615285
1.629764
1.629764
1.627537
1.627537
1.641804
1.641804
1.636260
1.636260
1.625762
1.625762
1.626393
1.626393
1.615348
1.615348
1.630026
1.630026
1.636366
1.636366
1.638596
1.638596
1.605183
1.605183
1.625660
1.625660
1.627186
1.627186
1.635105
1.635105
1.618977
1.618977
1.624494
1.624494
1.622481
1.622481
1.632819
1.632819
1.620756
1.620756
1.626121
1.626121
1.623251
1.623251
1.629076
1.629076
1.634839
1.634839
1.618366
1.618366
1.628981
1.628981
1.627409
1.627409
1.634859
1.634859
1.621535
1.621535
1.624589
1.624589
1.628108
1.628108
1.625800
1.625800
1.633822
1.633822
1.617868
1.617868
1.623923
1.623923
1.629317
1.629317
1.618891
1.618891
1.623685
1.623685
1.638202
1.638202
1.611910
1.611910
1.633740
1.633740
1.638707
1.638707
1.625699
1.625699
1.620121
1.620121
1.635070
1.635070
1.625138
1.625138
1.617732
1.617732
1.624231
1.624231
1.629697
1.629697
1.623172
1.623172
1.637659
1.637659
1.628982
1.628982
1.611856
1.611856
1.630033
1.630033
1.626982
1.626982
1.614546
1.614546
1.619013
1.619013
1.625086
1.625086
1.649804
1.649804
1.630539
1.630539
1.622610
1.622610
1.624248
1.624248
1.631499
1.631499
1.620442
1.620442
1.617223
1.617223
1.626310
1.626310
1.629982
1.629982
1.625337
1.625337
1.632703
1.632703
1.649723
1.649723
1.617850
1.617850
1.619876
1.619876
1.623539
1.623539
1.617253
1.617253
1.630634
1.630634
1.623900
1.623900
1.628116
1.628116
1.629415
1.629415
1.615616
1.615616
1.622607
1.622607
1.607190
1.607190
1.624194
1.624194
1.646571
1.646571
1.629708
1.629708
1.624327
1.624327
1.633303
1.633303
1.621275
1.621275
1.626099
1.626099
1.623880
1.623880
1.624634
1.624634
1.618172
1.618172
1.621603
1.621603
1.626256
1.626256
1.641526
1.641526
1.616434
1.616434
1.627881
1.627881
1.622558
1.622558
1.634579
1.634579
1.627759
1.627759
1.637395
1.637395
1.625013
1.625013
1.628715
1.628715
1.618075
1.618075
1.617808
1.617808
1.608006
1.608006
1.626507
1.626507
1.631865
1.631865
1.641741
1.641741
1.618881
1.618881
1.633787
1.633787
1.628211
1.628211
1.610466
1.610466
1.623199
1.623199
1.634179
1.634179
1.634023
1.634023
1.625646
1.625646
1.626466
1.626466
1.618553
1.618553
1.622619
1.622619
1.620431
1.620431
1.629149
1.629149
1.619854
1.619854
1.627590
1.627590
1.631920
1.631920
1.613524
1.613524
1.619927
1.619927
1.629657
1.629657
1.639034
1.639034
1.625258
1.625258
1.628404
1.628404
1.620734
1.620734
1.627585
1.627585
1.628827
1.628827
1.620733
1.620733
1.624622
1.624622
1.626812
1.626812
1.628673
1.628673
1.622971
1.622971
1.623545
1.623545
1.646000
1.646000
1.618138
1.618138
1.617788
1.617788
1.630673
1.630673
1.611372
1.611372
1.619494
1.619494
1.622382
1.622382
1.634520
1.634520
1.627238
1.627238
1.622314
1.622314
1.634114
1.634114
1.627302
1.627302
1.622005
1.622005
1.616101
1.616101
1.627196
1.627196
1.623712
1.623712
1.627569
1.627569
1.632079
1.632079
1.623639
1.623639
1.617594
1.617594
1.622329
1.622329
1.625549
1.625549
1.630904
1.630904
1.632718
1.632718
1.611697
1.611697
1.607708
1.607708
1.631449
1.631449
1.628031
1.628031
1.619330
1.619330
1.642660
1.642660
1.614909
1.614909
1.626283
1.626283
1.642729
1.642729
1.618455
1.618455
1.622574
1.622574
1.627925
1.627925
1.626125
1.626125
1.632060
1.632060
1.617143
1.617143
1.621212
1.621212
1.625877
1.625877
1.614921
1.614921
1.626390
1.626390
1.626140
1.626140
1.633356
1.633356
1.624778
1.624778
1.634334
1.634334
1.630305
1.630305
1.612965
1.612965
1.621771
1.621771
1.623988
1.623988
1.623951
1.623951
1.622314
1.622314
1.623726
1.623726
1.632008
1.632008
1.625394
1.625394
1.609304
1.609304
1.642751
1.642751
1.628596
1.628596
1.616668
1.616668
1.619094
1.619094
1.629161
1.629161
1.617131
1.617131
1.622813
1.622813
1.638714
1.638714
1.630688
1.630688
1.629222
1.629222
1.614461
1.614461
1.626821
1.626821
1.622221
1.622221
1.630204
1.630204
1.609158
1.609158
1.631130
1.631130
1.630288
1.630288
1.622474
1.622474
1.635481
1.635481
1.628993
1.628993
1.613461
1.613461
1.620624
1.620624
1.624991
1.624991
1.624020
1.624020
1.623528
1.623528
1.610804
1.610804
1.629216
1.629216
1.638471
1.638471
1.625021
1.625021
1.606876
1.606876
1.632373
1.632373
1.636263
1.636263
1.622008
1.622008
1.622330
1.622330
1.618744
1.618744
1.636026
1.636026
1.625632
1.625632
1.619005
1.619005
1.636333
1.636333
1.622411
1.622411
1.622948
1.622948
1.620187
1.620187
1.619824
1.619824
1.618874
1.618874
1.618273
1.618273
1.630744
1.630744
1.621191
1.621191
1.635560
1.635560
1.622344
1.622344
1.629559
1.629559
1.620501
1.620501
1.623378
1.623378
1.626942
1.626942
1.626798
1.626798
1.619656
1.619656
1.627819
1.627819
1.623702
1.623702
1.623946
1.623946
1.631805
1.631805
1.617223
1.617223
1.630681
1.630681
1.624869
1.624869
1.615441
1.615441
1.606669
1.606669
1.625366
1.625366
1.628837
1.628837
1.630522
1.630522
1.631668
1.631668
1.625506
1.625506
1.625418
1.625418
1.619230
1.619230
1.630464
1.630464
1.619890
1.619890
1.624125
1.624125
1.621327
1.621327
1.620421
1.620421
1.624915
1.624915
1.631925
1.631925
1.624554
1.624554
1.623299
1.623299
1.625804
1.625804
1.629822
1.629822
1.615818
1.615818
1.632116
1.632116
1.618877
1.618877
1.623576
1.623576
1.629604
1.629604
1.614695
1.614695
1.621063
1.621063
1.633515
1.633515
1.624520
1.624520
1.616240
1.616240
1.625493
1.625493
1.626010
1.626010
1.627180
1.627180
1.626703
1.626703
1.624664
1.624664
1.613728
1.613728
1.621063
1.621063
1.615615
1.615615
1.620402
1.620402
1.636541
1.636541
1.627146
1.627146
1.614650
1.614650
1.627465
1.627465
1.631390
1.631390
1.633211
1.633211
1.610539
1.610539
1.621774
1.621774
1.612262
1.612262
1.626893
1.626893
1.623056
1.623056
1.638712
1.638712
1.625661
1.625661
1.636121
1.636121
1.613485
1.613485
1.633306
1.633306
1.607733
1.607733
1.623969
1.623969
1.636217
1.636217
1.613102
1.613102
1.616518
1.616518
1.630955
1.630955
1.629840
1.629840
1.615343
1.615343
1.615769
1.615769
1.640391
1.640391
1.616297
1.616297
1.613989
1.613989
1.609349
1.609349
1.632131
1.632131
1.633316
1.633316
1.631758
1.631758
1.632934
1.632934
1.611732
1.611732
1.620626
1.620626
1.621049
1.621049
1.634574
1.634574
1.626460
1.626460
1.607689
1.607689
1.631446
1.631446
1.616626
1.616626
1.639474
1.639474
1.612604
1.612604
1.633166
1.633166
1.619674
1.619674
1.627852
1.627852
1.625401
1.625401
1.617813
1.617813
1.633286
1.633286
1.614293
1.614293
1.627343
1.627343
1.625868
1.625868
1.630302
1.630302
1.630812
1.630812
1.618608
1.618608
1.622225
1.622225
1.614110
1.614110
1.624013
1.624013
1.635273
1.635273
1.631901
1.631901
1.612522
1.612522
1.611676
1.611676
1.607212
1.607212
1.627923
1.627923
1.633134
1.633134
1.617978
1.617978
1.633265
1.633265
1.622040
1.622040
1.617701
1.617701
1.625524
1.625524
1.629310
1.629310
1.622623
1.622623
1.622436
1.622436
1.633322
1.633322
1.621252
1.621252
1.607253
1.607253
1.635279
1.635279
1.613904
1.613904
1.617057
1.617057
1.633177
1.633177
1.626261
1.626261
1.627383
1.627383
1.629198
1.629198
1.615119
1.615119
1.621637
1.621637
1.630573
1.630573
1.619485
1.619485
1.629224
1.629224
1.620103
1.620103
1.621685
1.621685
1.621535
1.621535
1.624231
1.624231
1.621548
1.621548
1.619312
1.619312
1.619590
1.619590
1.627033
1.627033
1.630337
1.630337
1.625471
1.625471
1.615283
1.615283
1.620160
1.620160
1.630897
1.630897
1.624697
1.624697
1.619831
1.619831
1.612659
1.612659
1.630208
1.630208
1.618434
1.618434
1.637822
1.637822
1.627423
1.627423
1.626145
1.626145
1.620960
1.620960
1.619516
1.619516
1.621448
1.621448
1.614072
1.614072
1.621380
1.621380
1.636258
1.636258
1.632618
1.632618
1.608369
1.608369
1.613350
1.613350
1.618422
1.618422
1.635896
1.635896
1.617610
1.617610
1.631954
1.631954
1.628193
1.628193
1.611181
1.611181
1.638393
1.638393
1.615870
1.615870
1.621279
1.621279
1.618270
1.618270
1.622074
1.622074
1.635674
1.635674
1.623248
1.623248
1.614022
1.614022
1.624617
1.624617
1.621979
1.621979
1.625160
1.625160
1.624439
1.624439
1.617634
1.617634
1.622591
1.622591
1.626390
1.626390
1.615514
1.615514
1.633682
1.633682
1.614933
1.614933
1.623974
1.623974
1.623325
1.623325
1.630031
1.630031
1.610502
1.610502
1.627651
1.627651
1.607074
1.607074
1.629133
1.629133
1.631518
1.631518
1.623106
1.623106
1.623688
1.623688
1.613301
1.613301
1.620403
1.620403
1.631565
1.631565
1.626589
1.626589
1.622185
1.622185
1.630047
1.630047
1.624623
1.624623
1.609588
1.609588
1.631883
1.631883
1.616599
1.616599
1.613461
1.613461
1.607821
1.607821
1.634694
1.634694
1.635116
1.635116
1.622694
1.622694
1.625657
1.625657
1.618599
1.618599
1.624902
1.624902
1.616733
1.616733
1.628976
1.628976
1.622392
1.622392
1.623355
1.623355
1.626501
1.626501
1.627321
1.627321
1.611651
1.611651
1.626490
1.626490
1.620240
1.620240
1.622740
1.622740
1.625600
1.625600
1.617052
1.617052
1.623688
1.623688
1.623000
1.623000
1.617754
1.617754
1.626179
1.626179
1.622392
1.622392
1.617322
1.617322
1.631947
1.631947
1.625339
1.625339
1.617345
1.617345
1.620511
1.620511
1.620530
1.620530
1.625194
1.625194
1.623651
1.623651
1.618858
1.618858
1.624944
1.624944
1.624126
1.624126
1.624223
1.624223
1.626335
1.626335
1.625713
1.625713
1.609516
1.609516
1.614735
1.614735
1.631755
1.631755
1.617655
1.617655
1.626759
1.626759
1.621169
1.621169
1.620464
1.620464
1.630071
1.630071
1.623230
1.623230
1.604339
1.604339
1.636950
1.636950
1.626486
1.626486
1.637551
1.637551
1.616887
1.616887
1.621875
1.621875
1.605870
1.605870
1.627347
1.627347
1.614838
1.614838
1.635226
1.635226
1.615069
1.615069
1.618556
1.618556
1.616047
1.616047
1.624429
1.624429
1.628065
1.628065
1.621860
1.621860
1.620938
1.620938
1.620201
1.620201
1.615084
1.615084
1.635889
1.635889
1.627673
1.627673
1.610170
1.610170
1.618503
1.618503
1.622670
1.622670
1.617328
1.617328
1.614720
1.614720
1.641982
1.641982
1.616696
1.616696
1.634306
1.634306
1.620571
1.620571
1.612805
1.612805
1.627821
1.627821
1.629309
1.629309
1.628533
1.628533
1.610215
1.610215
1.625996
1.625996
1.615517
1.615517
1.609880
1.609880
1.635575
1.635575
1.622667
1.622667
1.621725
1.621725
1.620563
1.620563
1.627002
1.627002
1.610134
1.610134
1.623623
1.623623
1.631374
1.631374
1.617499
1.617499
1.615564
1.615564
1.616374
1.616374
1.626426
1.626426
1.630325
1.630325
1.621600
1.621600
1.610615
1.610615
1.613050
1.613050
1.631484
1.631484
1.626579
1.626579
1.630092
1.630092
1.624868
1.624868
1.619501
1.619501
1.628327
1.628327
1.615227
1.615227
1.622150
1.622150
1.617359
1.617359
1.621291
1.621291
1.629058
1.629058
1.621481
1.621481
1.620361
1.620361
1.634357
1.634357
1.624101
1.624101
1.613707
1.613707
1.620636
1.620636
1.615634
1.615634
1.610145
1.610145
1.627289
1.627289
1.623698
1.623698
1.626198
1.626198
1.622260
1.622260
1.630355
1.630355
1.613223
1.613223
1.620229
1.620229
1.623738
1.623738
1.621789
1.621789
1.620316
1.620316
1.609070
1.609070
1.623827
1.623827
1.627030
1.627030
1.630714
1.630714
1.625398
1.625398
1.621585
1.621585
1.618108
1.618108
1.620292
1.620292
1.624085
1.624085
1.614579
1.614579
1.617554
1.617554
1.624473
1.624473
1.622057
1.622057
1.632283
1.632283
1.627358
1.627358
1.624485
1.624485
1.613616
1.613616
1.618471
1.618471
1.625494
1.625494
1.611747
1.611747
1.625599
1.625599
1.620467
1.620467
1.623871
1.623871
1.628098
1.628098
1.628556
1.628556
1.626307
1.626307
1.624068
1.624068
1.608696
1.608696
1.620468
1.620468
1.604884
1.604884
1.627887
1.627887
1.623593
1.623593
1.623683
1.623683
1.629741
1.629741
1.613593
1.613593
1.619567
1.619567
1.614058
1.614058
1.638497
1.638497
1.622451
1.622451
1.622143
1.622143
1.622528
1.622528
1.622593
1.622593
1.619760
1.619760
1.620612
1.620612
1.624643
1.624643
1.631952
1.631952
1.623061
1.623061
1.612614
1.612614
1.613855
1.613855
1.626119
1.626119
1.624918
1.624918
1.620685
1.620685
1.613186
1.613186
1.622856
1.622856
1.626037
1.626037
1.633104
1.633104
1.615088
1.615088
1.620118
1.620118
1.610866
1.610866
1.625777
1.625777
1.607007
1.607007
1.628530
1.628530
1.627953
1.627953
1.617014
1.617014
1.625322
1.625322
1.612572
1.612572
1.621995
1.621995
1.621919
1.621919
1.626141
1.626141
1.627673
1.627673
1.626464
1.626464
1.620794
1.620794
1.615067
1.615067
1.615706
1.615706
1.627990
1.627990
1.624224
1.624224
1.627911
1.627911
1.609590
1.609590
1.615867
1.615867
1.623417
1.623417
1.628611
1.628611
1.622498
1.622498
1.619503
1.619503
1.610289
1.610289
1.618065
1.618065
1.633717
1.633717
1.603149
1.603149
1.626967
1.626967
1.625246
1.625246
1.632958
1.632958
1.613874
1.613874
1.618040
1.618040
1.607709
1.607709
1.636698
1.636698
1.614043
1.614043
1.615845
1.615845
1.621964
1.621964
1.627326
1.627326
1.628266
1.628266
1.604192
1.604192
1.610929
1.610929
1.645959
1.645959
1.624338
1.624338
1.620279
1.620279
1.620227
1.620227
1.619329
1.619329
1.618828
1.618828
1.622781
1.622781
1.625402
1.625402
1.626514
1.626514
1.625084
1.625084
1.617262
1.617262
1.617688
1.617688
1.618484
1.618484
1.624844
1.624844
1.619057
1.619057
1.619574
1.619574
1.624254
1.624254
1.616818
1.616818
1.615461
1.615461
1.616213
1.616213
1.609288
1.609288
1.631240
1.631240
1.636037
1.636037
1.617940
1.617940
1.621820
1.621820
1.620575
1.620575
1.622868
1.622868
1.622094
1.622094
1.618620
1.618620
1.614244
1.614244
1.625481
1.625481
1.635272
1.635272
1.608890
1.608890
1.633215
1.633215
1.617749
1.617749
1.616320
1.616320
1.610999
1.610999
1.627865
1.627865
1.622735
1.622735
1.617308
1.617308
1.626377
1.626377
1.614968
1.614968
1.623794
1.623794
1.602819
1.602819
1.611135
1.611135
1.631411
1.631411
1.639007
1.639007
1.619866
1.619866
1.620046
1.620046
1.621553
1.621553
1.626204
1.626204
1.618810
1.618810
1.616874
1.616874
1.609550
1.609550
1.618427
1.618427
1.617529
1.617529
1.622883
1.622883
1.639467
1.639467
1.635880
1.635880
1.618950
1.618950
1.611390
1.611390
1.623841
1.623841
1.612190
1.612190
1.625347
1.625347
1.628510
1.628510
1.609311
1.609311
1.626613
1.626613
1.612352
1.612352
1.620281
1.620281
1.612398
1.612398
1.622249
1.622249
1.617240
1.617240
1.634184
1.634184
1.636041
1.636041
1.605950
1.605950
1.625179
1.625179
1.624001
1.624001
1.610247
1.610247
1.605665
1.605665
1.618954
1.618954
1.637194
1.637194
1.623770
1.623770
1.617046
1.617046
1.617656
1.617656
1.625149
1.625149
1.612421
1.612421
1.620254
1.620254
1.629487
1.629487
1.626038
1.626038
1.614711
1.614711
1.624965
1.624965
1.622738
1.622738
1.613095
1.613095
1.618146
1.618146
1.619941
1.619941
1.624262
1.624262
1.614435
1.614435
1.627498
1.627498
1.606798
1.606798
1.641599
1.641599
1.609839
1.609839
1.623227
1.623227
1.621468
1.621468
1.621550
1.621550
1.625092
1.625092
1.629266
1.629266
1.609765
1.609765
1.616021
1.616021
1.610050
1.610050
1.629711
1.629711
1.616521
1.616521
1.625420
1.625420
1.620806
1.620806
1.615065
1.615065
1.615157
1.615157
1.627095
1.627095
1.614182
1.614182
1.633375
1.633375
1.606715
1.606715
1.634217
1.634217
1.624609
1.624609
1.623722
1.623722
1.610998
1.610998
1.606194
1.606194
1.627867
1.627867
1.625004
1.625004
1.625680
1.625680
1.616465
1.616465
1.605541
1.605541
1.630283
1.630283
1.622813
1.622813
1.618022
1.618022
1.626388
1.626388
1.628138
1.628138
1.609518
1.609518
1.626156
1.626156
1.625126
1.625126
1.610857
1.610857
1.606518
1.606518
1.623545
1.623545
1.613167
1.613167
1.638405
1.638405
1.619811
1.619811
1.622588
1.622588
1.620045
1.620045
1.619506
1.619506
1.615920
1.615920
1.624099
1.624099
1.621592
1.621592
1.613083
1.613083
1.626018
1.626018
1.626609
1.626609
1.612368
1.612368
1.630499
1.630499
1.616042
1.616042
1.619893
1.619893
1.611277
1.611277
1.624182
1.624182
1.614304
1.614304
1.628202
1.628202
1.618246
1.618246
1.621964
1.621964
1.617746
1.617746
1.625606
1.625606
1.612706
1.612706
1.613865
1.613865
1.629302
1.629302
1.619114
1.619114
1.622877
1.622877
1.605056
1.605056
1.620568
1.620568
1.633042
1.633042
1.618863
1.618863
1.616207
1.616207
1.620058
1.620058
1.621900
1.621900
1.625229
1.625229
1.616368
1.616368
1.611168
1.611168
1.611541
1.611541
1.614469
1.614469
1.638701
1.638701
1.625593
1.625593
1.611933
1.611933
1.620562
1.620562
1.625282
1.625282
1.616784
1.616784
1.627067
1.627067
1.622349
1.622349
1.609491
1.609491
1.629596
1.629596
1.619119
1.619119
1.619397
1.619397
1.614115
1.614115
1.621761
1.621761
1.624501
1.624501
1.611428
1.611428
1.630162
1.630162
1.625617
1.625617
1.617098
1.617098
1.626292
1.626292
1.610148
1.610148
1.620808
1.620808
1.612855
1.612855
1.621522
1.621522
1.623783
1.623783
1.618520
1.618520
1.623727
1.623727
1.628066
1.628066
1.623111
1.623111
1.619582
1.619582
1.620943
1.620943
1.604775
1.604775
1.621450
1.621450
1.628312
1.628312
1.629264
1.629264
1.601683
1.601683
1.618342
1.618342
1.617529
1.617529
1.622111
1.622111
1.611738
1.611738
1.627337
1.627337
1.620666
1.620666
1.628137
1.628137
1.609452
1.609452
1.618876
1.618876
1.621410
1.621410
1.621549
1.621549
1.622861
1.622861
1.620257
1.620257
1.624730
1.624730
1.603064
1.603064
1.630078
1.630078
1.627822
1.627822
1.630016
1.630016
1.611393
1.611393
1.623646
1.623646
1.602450
1.602450
1.617705
1.617705
1.625246
1.625246
1.616343
1.616343
1.616262
1.616262
1.623930
1.623930
1.627947
1.627947
1.621458
1.621458
1.616082
1.616082
1.619230
1.619230
1.612309
1.612309
1.636023
1.636023
1.620713
1.620713
1.601240
1.601240
1.612229
1.612229
1.630275
1.630275
1.611835
1.611835
1.621055
1.621055
1.617985
1.617985
1.623004
1.623004
1.625516
1.625516
1.620728
1.620728
1.616115
1.616115
1.636135
1.636135
1.611445
1.611445
1.612174
1.612174
1.613611
1.613611
1.619478
1.619478
1.634322
1.634322
1.615527
1.615527
1.613856
1.613856
1.617768
1.617768
1.631676
1.631676
1.623650
1.623650
1.610740
1.610740
1.612565
1.612565
1.622647
1.622647
1.621627
1.621627
1.616624
1.616624
1.622227
1.622227
1.613287
1.613287
1.612036
1.612036
1.615743
1.615743
1.621101
1.621101
1.621272
1.621272
1.629334
1.629334
1.621360
1.621360
1.618147
1.618147
1.607543
1.607543
1.641748
1.641748
1.605859
1.605859
1.606622
1.606622
1.629208
1.629208
1.613359
1.613359
1.606556
1.606556
1.647011
1.647011
1.619552
1.619552
1.618101
1.618101
1.624061
1.624061
1.625219
1.625219
1.607865
1.607865
1.603088
1.603088
1.630322
1.630322
1.638972
1.638972
1.607417
1.607417
1.616623
1.616623
1.621095
1.621095
1.628430
1.628430
1.603039
1.603039
1.622471
1.622471
1.622417
1.622417
1.611233
1.611233
1.619127
1.619127
1.626862
1.626862
1.615310
1.615310
1.625380
1.625380
1.604938
1.604938
1.624194
1.624194
1.628516
1.628516
1.621302
1.621302
1.617195
1.617195
1.619966
1.619966
1.621416
1.621416
1.625756
1.625756
1.611189
1.611189
1.617808
1.617808
1.614297
1.614297
1.625126
1.625126
1.621766
1.621766
1.617886
1.617886
1.616702
1.616702
1.628904
1.628904
1.623148
1.623148
1.621110
1.621110
1.612698
1.612698
1.608065
1.608065
1.611311
1.611311
1.622171
1.622171
1.625718
1.625718
1.620423
1.620423
1.615691
1.615691
1.623515
1.623515
1.602409
1.602409
1.619246
1.619246
1.633840
1.633840
1.616302
1.616302
1.621454
1.621454
1.612741
1.612741
1.623972
1.623972
1.622168
1.622168
1.614483
1.614483
1.620582
1.620582
1.613619
1.613619
1.626019
1.626019
1.625217
1.625217
1.607949
1.607949
1.626801
1.626801
1.619345
1.619345
1.616465
1.616465
1.613992
1.613992
1.618832
1.618832
1.617297
1.617297
1.619219
1.619219
1.616093
1.616093
1.617593
1.617593
1.626669
1.626669
1.616984
1.616984
1.630167
1.630167
1.611438
1.611438
1.624671
1.624671
1.610189
1.610189
1.613943
1.613943
1.614999
1.614999
1.630703
1.630703
1.625223
1.625223
1.608018
1.608018
1.633718
1.633718
1.613458
1.613458
1.602641
1.602641
1.621416
1.621416
1.624917
1.624917
1.609481
1.609481
1.622900
1.622900
1.618233
1.618233
1.614723
1.614723
1.632123
1.632123
1.628596
1.628596
1.617102
1.617102
1.610635
1.610635
1.625618
1.625618
1.611198
1.611198
1.616893
1.616893
1.621754
1.621754
1.625131
1.625131
1.619753
1.619753
1.609069
1.609069
1.615935
1.615935
1.621702
1.621702
1.620643
1.620643
1.609361
1.609361
1.628768
1.628768
1.620775
1.620775
1.626593
1.626593
1.603024
1.603024
1.617287
1.617287
1.628561
1.628561
1.604428
1.604428
1.611684
1.611684
1.624676
1.624676
1.623334
1.623334
1.632854
1.632854
1.618665
1.618665
1.630977
1.630977
1.620386
1.620386
1.611020
1.611020
1.611541
1.611541
1.620383
1.620383
1.625448
1.625448
1.609603
1.609603
1.625497
1.625497
1.611539
1.611539
1.623466
1.623466
1.616644
1.616644
1.613900
1.613900
1.631383
1.631383
1.605810
1.605810
1.613621
1.613621
1.623456
1.623456
1.613886
1.613886
1.622341
1.622341
1.620768
1.620768
1.627743
1.627743
1.617822
1.617822
1.614952
1.614952
1.619286
1.619286
1.612487
1.612487
1.617478
1.617478
1.620423
1.620423
1.610703
1.610703
1.621500
1.621500
1.624448
1.624448
1.621908
1.621908
1.615555
1.615555
1.624476
1.624476
1.610983
1.610983
1.620775
1.620775
1.617700
1.617700
1.616487
1.616487
1.630710
1.630710
1.616235
1.616235
1.610355
1.610355
1.609272
1.609272
1.618617
1.618617
1.620729
1.620729
1.622083
1.622083
1.623239
1.623239
1.621698
1.621698
1.621002
1.621002
1.617402
1.617402
1.613961
1.613961
1.618888
1.618888
1.611907
1.611907
1.616889
1.616889
1.616006
1.616006
1.608825
1.608825
1.644284
1.644284
1.624413
1.624413
1.609812
1.609812
1.620933
1.620933
1.619503
1.619503
1.617846
1.617846
1.613124
1.613124
1.621218
1.621218
1.605554
1.605554
1.617567
1.617567
1.639189
1.639189
1.627430
1.627430
1.604596
1.604596
1.625537
1.625537
1.615070
1.615070
1.620068
1.620068
1.612601
1.612601
1.617056
1.617056
1.615390
1.615390
1.624445
1.624445
1.623846
1.623846
1.627672
1.627672
1.611082
1.611082
1.624788
1.624788
1.616470
1.616470
1.610550
1.610550
1.616925
1.616925
1.626175
1.626175
1.607903
1.607903
1.615079
1.615079
1.627810
1.627810
1.625425
1.625425
1.610595
1.610595
1.624189
1.624189
1.616218
1.616218
1.614725
1.614725
1.608098
1.608098
1.628006
1.628006
1.613164
1.613164
1.633765
1.633765
1.606318
1.606318
1.630217
1.630217
1.607830
1.607830
1.624359
1.624359
1.625672
1.625672
1.599864
1.599864
1.616686
1.616686
1.612180
1.612180
1.629831
1.629831
1.615554
1.615554
1.617006
1.617006
1.629470
1.629470
1.619844
1.619844
1.611585
1.611585
1.614366
1.614366
1.615584
1.615584
1.617528
1.617528
1.618301
1.618301
1.615339
1.615339
1.618430
1.618430
1.622519
1.622519
1.631307
1.631307
1.608295
1.608295
1.607368
1.607368
1.612948
1.612948
1.634469
1.634469
1.616370
1.616370
1.617472
1.617472
1.616682
1.616682
1.618714
1.618714
1.622667
1.622667
1.618564
1.618564
1.617552
1.617552
1.615905
1.615905
1.622728
1.622728
1.615634
1.615634
1.624355
1.624355
1.614280
1.614280
1.636633
1.636633
1.599304
1.599304
1.615706
1.615706
1.619716
1.619716
1.614445
1.614445
1.615880
1.615880
1.611333
1.611333
1.632056
1.632056
1.611671
1.611671
1.617201
1.617201
1.621792
1.621792
1.626502
1.626502
1.612173
1.612173
1.619058
1.619058
1.625622
1.625622
1.621343
1.621343
1.614862
1.614862
1.607383
1.607383
1.618413
1.618413
1.623369
1.623369
1.619108
1.619108
1.619630
1.619630
1.607699
1.607699
1.621945
1.621945
1.617688
1.617688
1.629526
1.629526
1.609643
1.609643
1.609703
1.609703
1.625310
1.625310
1.614045
1.614045
1.619117
1.619117
1.617064
1.617064
1.613644
1.613644
1.618007
1.618007
1.617727
1.617727
1.622200
1.622200
1.616544
1.616544
1.614812
1.614812
1.623813
1.623813
1.607853
1.607853
1.622343
1.622343
1.611572
1.611572
1.625797
1.625797
1.617893
1.617893
1.611809
1.611809
1.623746
1.623746
1.613101
1.613101
1.624446
1.624446
1.623165
1.623165
1.626914
1.626914
1.620448
1.620448
1.608828
1.608828
1.608293
1.608293
1.616475
1.616475
1.629331
1.629331
1.610988
1.610988
1.616868
1.616868
1.615263
1.615263
1.625162
1.625162
1.605448
1.605448
1.613428
1.613428
1.622425
1.622425
1.624122
1.624122
1.620575
1.620575
1.613946
1.613946
1.621800
1.621800
1.613677
1.613677
1.619562
1.619562
1.618068
1.618068
1.613251
1.613251
1.613721
1.613721
1.616729
1.616729
1.629708
1.629708
1.623950
1.623950
1.613071
1.613071
1.611091
1.611091
1.617458
1.617458
1.624810
1.624810
1.627465
1.627465
1.615858
1.615858
1.614238
1.614238
1.609006
1.609006
1.623422
1.623422
1.617062
1.617062
1.624240
1.624240
1.616612
1.616612
1.616292
1.616292
1.613737
1.613737
1.626047
1.626047
1.617492
1.617492
1.608703
1.608703
1.614540
1.614540
1.622872
1.622872
1.624843
1.624843
1.618943
1.618943
1.609047
1.609047
1.621128
1.621128
1.613763
1.613763
1.619190
1.619190
1.622053
1.622053
1.611469
1.611469
1.616328
1.616328
1.619783
1.619783
1.609091
1.609091
1.627525
1.627525
1.628538
1.628538
1.606515
1.606515
1.616356
1.616356
1.626873
1.626873
1.605346
1.605346
1.629873
1.629873
1.619881
1.619881
1.603334
1.603334
1.620759
1.620759
1.611930
1.611930
1.615527
1.615527
1.618389
1.618389
1.622409
1.622409
1.609382
1.609382
1.635725
1.635725
1.624712
1.624712
1.597846
1.597846
1.620945
1.620945
1.623053
1.623053
1.611809
1.611809
1.622852
1.622852
1.608768
1.608768
1.622294
1.622294
1.621076
1.621076
1.607560
1.607560
1.609024
1.609024
1.621526
1.621526
1.631274
1.631274
1.620446
1.620446
1.630717
1.630717
1.604584
1.604584
1.627822
1.627822
1.600655
1.600655
1.633876
1.633876
1.601079
1.601079
1.626366
1.626366
1.611504
1.611504
1.613947
1.613947
1.621823
1.621823
1.629702
1.629702
1.612289
1.612289
1.620080
1.620080
1.599973
1.599973
1.637775
1.637775
1.618113
1.618113
1.616505
1.616505
1.601412
1.601412
1.612455
1.612455
1.630620
1.630620
1.601193
1.601193
1.627784
1.627784
1.605932
1.605932
1.622666
1.622666
1.606832
1.606832
1.622730
1.622730
1.625944
1.625944
1.618546
1.618546
1.611877
1.611877
1.619827
1.619827
1.617083
1.617083
1.624378
1.624378
1.606394
1.606394
1.619700
1.619700
1.602926
1.602926
1.621945
1.621945
1.631599
1.631599
1.615476
1.615476
1.614233
1.614233
1.612890
1.612890
1.621480
1.621480
1.616326
1.616326
1.607669
1.607669
1.631080
1.631080
1.610924
1.610924
1.621917
1.621917
1.616189
1.616189
1.616222
1.616222
1.622332
1.622332
1.602642
1.602642
1.628870
1.628870
1.621900
1.621900
1.620235
1.620235
1.611704
1.611704
1.606206
1.606206
1.621083
1.621083
1.613708
1.613708
1.624951
1.624951
1.621190
1.621190
1.624279
1.624279
1.613143
1.613143
1.614797
1.614797
1.617158
1.617158
1.616774
1.616774
1.616897
1.616897
1.629565
1.629565
1.617807
1.617807
1.608281
1.608281
1.612674
1.612674
1.629228
1.629228
1.618477
1.618477
1.601034
1.601034
1.610375
1.610375
1.629339
1.629339
1.616277
1.616277
1.615717
1.615717
1.625137
1.625137
1.614618
1.614618
1.613417
1.613417
1.621989
1.621989
1.612238
1.612238
1.618947
1.618947
1.613494
1.613494
1.619641
1.619641
1.629090
1.629090
1.606248
1.606248
1.615199
1.615199
1.613978
1.613978
1.622202
1.622202
1.610284
1.610284
1.613887
1.613887
1.619206
1.619206
1.618663
1.618663
1.625163
1.625163
1.610934
1.610934
1.638898
1.638898
1.613847
1.613847
1.599591
1.599591
1.623498
1.623498
1.606307
1.606307
1.612681
1.612681
1.630265
1.630265
1.619070
1.619070
1.617048
1.617048
1.624830
1.624830
1.608099
1.608099
1.619847
1.619847
1.627277
1.627277
1.602258
1.602258
1.624635
1.624635
1.607374
1.607374
1.622878
1.622878
1.617010
1.617010
1.612319
1.612319
1.626530
1.626530
1.615105
1.615105
1.607705
1.607705
1.618515
1.618515
1.617249
1.617249
1.618501
1.618501
1.615885
1.615885
1.610812
1.610812
1.612843
1.612843
1.629388
1.629388
1.622537
1.622537
1.611641
1.611641
1.628017
1.628017
1.610993
1.610993
1.610320
1.610320
1.621500
1.621500
1.605043
1.605043
1.624334
1.624334
1.626739
1.626739
1.604661
1.604661
1.623192
1.623192
1.618926
1.618926
1.605041
1.605041
1.621427
1.621427
1.615817
1.615817
1.625764
1.625764
1.624773
1.624773
1.604125
1.604125
1.615418
1.615418
1.613830
1.613830
1.608124
1.608124
1.628095
1.628095
1.604135
1.604135
1.626717
1.626717
1.617464
1.617464
1.623397
1.623397
1.613734
1.613734
1.617737
1.617737
1.616338
1.616338
1.612165
1.612165
1.619844
1.619844
1.600482
1.600482
1.615876
1.615876
1.630358
1.630358
1.617834
1.617834
1.613946
1.613946
1.608303
1.608303
1.613409
1.613409
1.629136
1.629136
1.619916
1.619916
1.625409
1.625409
1.605347
1.605347
1.619266
1.619266
1.626077
1.626077
1.605663
1.605663
1.607979
1.607979
1.620022
1.620022
1.615805
1.615805
1.618389
1.618389
1.622912
1.622912
1.617305
1.617305
1.616003
1.616003
1.626119
1.626119
1.620494
1.620494
1.600632
1.600632
1.614791
1.614791
1.619991
1.619991
1.608334
1.608334
1.613287
1.613287
1.629904
1.629904
1.615640
1.615640
1.626846
1.626846
1.618605
1.618605
1.623088
1.623088
1.595062
1.595062
1.614632
1.614632
1.618022
1.618022
1.605202
1.605202
1.625972
1.625972
1.620371
1.620371
1.617662
1.617662
1.626856
1.626856
1.610658
1.610658
1.614956
1.614956
1.612373
1.612373
1.616050
1.616050
1.617650
1.617650
1.615800
1.615800
1.628064
1.628064
1.602962
1.602962
1.626505
1.626505
1.604771
1.604771
1.621837
1.621837
1.610528
1.610528
1.620240
1.620240
1.619393
1.619393
1.614233
1.614233
1.622628
1.622628
1.622988
1.622988
1.600620
1.600620
1.625356
1.625356
1.619881
1.619881
1.614300
1.614300
1.606386
1.606386
1.617144
1.617144
1.618409
1.618409
1.620845
1.620845
1.616019
1.616019
1.617720
1.617720
1.608190
1.608190
1.621151
1.621151
1.614745
1.614745
1.615087
1.615087
1.606150
1.606150
1.627886
1.627886
1.631668
1.631668
1.618477
1.618477
1.614122
1.614122
1.608624
1.608624
1.608065
1.608065
1.617391
1.617391
1.613572
1.613572
1.614354
1.614354
1.623481
1.623481
1.613062
1.613062
1.623295
1.623295
1.625502
1.625502
1.615412
1.615412
1.608968
1.608968
1.607468
1.607468
1.621856
1.621856
1.631774
1.631774
1.613479
1.613479
1.606669
1.606669
1.606588
1.606588
1.630781
1.630781
1.611273
1.611273
1.617840
1.617840
1.606520
1.606520
1.615672
1.615672
1.612047
1.612047
1.605358
1.605358
1.621479
1.621479
1.623257
1.623257
1.620890
1.620890
1.614175
1.614175
1.621739
1.621739
1.621681
1.621681
1.614305
1.614305
1.608573
1.608573
1.616876
1.616876
1.611897
1.611897
1.629832
1.629832
1.610068
1.610068
1.612488
1.612488
1.611515
1.611515
1.608802
1.608802
1.626303
1.626303
1.608395
1.608395
1.629438
1.629438
1.608633
1.608633
1.626110
1.626110
1.630203
1.630203
1.598767
1.598767
1.618441
1.618441
1.612508
1.612508
1.612436
1.612436
1.619004
1.619004
1.612012
1.612012
1.628013
1.628013
1.613729
1.613729
1.619360
1.619360
1.621565
1.621565
1.610194
1.610194
1.616785
1.616785
1.623982
1.623982
1.621709
1.621709
1.607852
1.607852
1.620151
1.620151
1.605612
1.605612
1.618465
1.618465
1.609027
1.609027
1.617084
1.617084
1.618175
1.618175
1.619177
1.619177
1.613438
1.613438
1.607430
1.607430
1.627301
1.627301
1.615110
1.615110
1.618397
1.618397
1.612027
1.612027
1.612658
1.612658
1.621315
1.621315
1.615167
1.615167
1.620925
1.620925
1.621056
1.621056
1.612048
1.612048
1.611662
1.611662
1.608563
1.608563
1.630594
1.630594
1.613839
1.613839
1.617377
1.617377
1.617977
1.617977
1.615694
1.615694
1.616034
1.616034
1.610988
1.610988
1.624438
1.624438
1.623142
1.623142
1.622916
1.622916
1.595174
1.595174
1.618546
1.618546
1.618680
1.618680
1.625751
1.625751
1.611809
1.611809
1.603427
1.603427
1.616676
1.616676
1.620262
1.620262
1.621832
1.621832
1.613780
1.613780
1.606102
1.606102
1.630641
1.630641
1.606071
1.606071
1.601775
1.601775
1.616214
1.616214
1.628297
1.628297
1.624735
1.624735
1.617408
1.617408
1.619799
1.619799
1.616649
1.616649
1.598318
1.598318
1.610429
1.610429
1.601731
1.601731
1.612619
1.612619
1.631385
1.631385
1.626232
1.626232
1.606176
1.606176
1.623152
1.623152
1.611022
1.611022
1.625411
1.625411
1.614124
1.614124
1.616851
1.616851
1.615981
1.615981
1.628421
1.628421
1.610053
1.610053
1.607078
1.607078
1.615880
1.615880
1.618807
1.618807
1.624768
1.624768
1.609998
1.609998
1.609271
1.609271
1.615314
1.615314
1.622928
1.622928
1.610491
1.610491
1.626974
1.626974
1.601340
1.601340
1.605315
1.605315
1.614598
1.614598
1.622501
1.622501
1.625679
1.625679
1.610744
1.610744
1.616626
1.616626
1.613320
1.613320
1.622386
1.622386
1.617779
1.617779
1.608107
1.608107
1.606966
1.606966
1.623202
1.623202
1.609416
1.609416
1.620411
1.620411
1.620637
1.620637
1.607483
1.607483
1.613872
1.613872
1.632814
1.632814
1.619276
1.619276
1.603713
1.603713
1.623070
1.623070
1.616124
1.616124
1.605468
1.605468
1.604206
1.604206
1.634319
1.634319
1.615634
1.615634
1.612006
1.612006
1.616992
1.616992
1.621206
1.621206
1.612992
1.612992
1.604337
1.604337
1.621486
1.621486
1.618044
1.618044
1.616447
1.616447
1.619783
1.619783
1.625432
1.625432
1.617358
1.617358
1.617214
1.617214
1.608103
1.608103
1.609930
1.609930
1.619503
1.619503
1.618072
1.618072
1.617662
1.617662
1.609743
1.609743
1.613720
1.613720
1.618374
1.618374
1.616685
1.616685
1.623021
1.623021
1.603907
1.603907
1.617346
1.617346
1.614913
1.614913
1.608214
1.608214
1.617071
1.617071
1.618989
1.618989
1.620735
1.620735
1.612398
1.612398
1.625602
1.625602
1.620107
1.620107
1.612542
1.612542
1.606300
1.606300
1.605363
1.605363
1.628398
1.628398
1.619829
1.619829
1.610993
1.610993
1.613770
1.613770
1.614280
1.614280
1.612380
1.612380
1.614183
1.614183
1.613359
1.613359
1.626636
1.626636
1.610462
1.610462
1.618543
1.618543
1.610145
1.610145
1.628353
1.628353
1.609895
1.609895
1.624685
1.624685
1.625706
1.625706
1.613017
1.613017
1.616394
1.616394
1.594414
1.594414
1.618008
1.618008
1.620084
1.620084
1.613739
1.613739
1.626779
1.626779
1.595791
1.595791
1.610952
1.610952
1.614736
1.614736
1.618504
1.618504
1.618958
1.618958
1.615008
1.615008
1.617083
1.617083
1.611022
1.611022
1.620444
1.620444
1.611825
1.611825
1.618368
1.618368
1.605827
1.605827
1.614594
1.614594
1.617964
1.617964
1.620576
1.620576
1.620025
1.620025
1.604046
1.604046
1.625596
1.625596
1.615242
1.615242
1.620040
1.620040
1.612454
1.612454
1.615901
1.615901
1.618504
1.618504
1.611511
1.611511
1.615641
1.615641
1.616550
1.616550
1.607986
1.607986
1.626168
1.626168
1.606031
1.606031
1.621298
1.621298
1.616539
1.616539
1.614225
1.614225
1.611313
1.611313
1.602952
1.602952
1.629737
1.629737
1.620503
1.620503
1.617624
1.617624
1.608341
1.608341
1.616196
1.616196
1.603862
1.603862
1.635653
1.635653
1.605536
1.605536
1.625275
1.625275
1.613864
1.613864
1.616522
1.616522
1.616571
1.616571
1.640559
1.640559
1.610689
1.610689
1.605050
1.605050
1.608854
1.608854
1.611514
1.611514
1.620621
1.620621
1.614467
1.614467
1.611322
1.611322
1.621142
1.621142
1.608407
1.608407
1.598145
1.598145
1.630311
1.630311
1.622353
1.622353
1.624504
1.624504
1.598596
1.598596
1.624093
1.624093
1.615368
1.615368
1.620809
1.620809
1.606025
1.606025
1.609758
1.609758
1.629380
1.629380
1.614881
1.614881
1.614661
1.614661
1.610402
1.610402
1.605858
1.605858
1.614705
1.614705
1.622884
1.622884
1.608051
1.608051
1.616288
1.616288
1.615000
1.615000
1.621189
1.621189
1.609488
1.609488
1.622384
1.622384
1.618863
1.618863
1.602395
1.602395
1.614560
1.614560
1.613151
1.613151
1.635122
1.635122
1.604615
1.604615
1.607887
1.607887
1.619864
1.619864
1.605482
1.605482
1.614462
1.614462
1.621076
1.621076
1.615983
1.615983
1.624606
1.624606
1.615864
1.615864
1.607611
1.607611
1.616653
1.616653
1.611062
1.611062
1.622001
1.622001
1.620240
1.620240
1.617573
1.617573
1.614528
1.614528
1.598945
1.598945
1.618300
1.618300
1.624750
1.624750
1.616215
1.616215
1.606959
1.606959
1.608987
1.608987
1.617188
1.617188
1.616673
1.616673
1.608504
1.608504
1.615079
1.615079
1.619860
1.619860
1.607750
1.607750
1.620206
1.620206
1.616882
1.616882
1.623597
1.623597
1.606016
1.606016
1.616794
1.616794
1.612679
1.612679
1.617720
1.617720
1.612283
1.612283
1.617106
1.617106
1.619101
1.619101
1.608009
1.608009
1.617743
1.617743
1.620203
1.620203
1.610025
1.610025
1.613868
1.613868
1.602816
1.602816
1.593875
1.593875
1.635922
1.635922
1.633145
1.633145
1.608405
1.608405
1.613412
1.613412
1.624492
1.624492
1.611418
1.611418
1.618971
1.618971
1.609361
1.609361
1.610482
1.610482
1.621166
1.621166
1.616596
1.616596
1.619021
1.619021
1.615407
1.615407
1.593029
1.593029
1.624099
1.624099
1.633275
1.633275
1.608658
1.608658
1.621149
1.621149
1.619549
1.619549
1.617023
1.617023
1.605861
1.605861
1.611341
1.611341
1.616992
1.616992
1.610370
1.610370
1.611629
1.611629
1.618786
1.618786
1.618494
1.618494
1.606092
1.606092
1.612240
1.612240
1.617889
1.617889
1.613410
1.613410
1.628574
1.628574
1.611197
1.611197
1.620347
1.620347
1.612755
1.612755
1.612521
1.612521
1.619486
1.619486
1.616489
1.616489
1.606843
1.606843
1.625232
1.625232
1.610437
1.610437
1.616659
1.616659
1.607451
1.607451
1.610742
1.610742
1.630798
1.630798
1.608904
1.608904
1.617939
1.617939
1.622337
1.622337
1.611351
1.611351
1.614674
1.614674
1.622034
1.622034
1.602215
1.602215
1.611532
1.611532
1.618184
1.618184
1.617111
1.617111
1.609828
1.609828
1.619287
1.619287
1.612600
1.612600
1.609197
1.609197
1.615933
1.615933
1.629001
1.629001
1.606591
1.606591
1.612910
1.612910
1.613970
1.613970
1.612249
1.612249
1.623279
1.623279
1.611889
1.611889
1.612078
1.612078
1.620721
1.620721
1.594246
1.594246
1.623655
1.623655
1.626418
1.626418
1.606159
1.606159
1.615327
1.615327
1.618138
1.618138
1.617388
1.617388
1.618421
1.618421
1.614565
1.614565
1.614177
1.614177
1.609060
1.609060
1.625927
1.625927
1.609929
1.609929
1.617418
1.617418
1.610575
1.610575
1.616476
1.616476
1.614855
1.614855
1.615324
1.615324
1.612933
1.612933
1.622503
1.622503
1.613781
1.613781
1.615783
1.615783
1.608138
1.608138
1.609852
1.609852
1.606943
1.606943
1.620276
1.620276
1.622493
1.622493
1.614827
1.614827
1.606688
1.606688
1.621741
1.621741
1.615915
1.615915
1.619001
1.619001
1.610003
1.610003
1.619698
1.619698
1.621472
1.621472
1.624014
1.624014
1.598966
1.598966
1.608909
1.608909
1.612869
1.612869
1.614735
1.614735
1.621438
1.621438
1.615147
1.615147
1.608760
1.608760
1.621913
1.621913
1.603983
1.603983
1.618031
1.618031
1.610092
1.610092
1.621373
1.621373
1.619926
1.619926
1.614888
1.614888
1.623871
1.623871
1.600939
1.600939
1.614269
1.614269
1.603563
1.603563
1.617437
1.617437
1.617387
1.617387
1.627668
1.627668
1.606134
1.606134
1.619229
1.619229
1.603573
1.603573
1.601268
1.601268
1.626870
1.626870
1.624925
1.624925
1.619606
1.619606
1.616057
1.616057
1.603197
1.603197
1.613474
1.613474
1.623081
1.623081
1.624883
1.624883
1.603460
1.603460
1.608257
1.608257
1.615685
1.615685
1.623047
1.623047
1.625510
1.625510
1.609581
1.609581
1.612284
1.612284
1.616241
1.616241
1.608785
1.608785
