0.5045
6.6367
10.0233
13.3509
16.5393
18.5603
20.3773
20.7845
21.7455
21.6436
22.7037
22.2939
22.7431
22.0154
22.8059
22.8099
22.4493
23.1483
22.7954
22.5219
22.4585
22.4566
40.6640
42.8326
16.8303
19.1857
19.5336
19.7068
20.1431
20.4324
20.3587
19.7998
20.6004
21.6026
20.3277
21.1011
20.6955
22.3257
21.2682
21.3188
21.4302
21.6096
21.7166
22.3490
22.3896
20.1142
20.8307
21.8118
22.2378
22.8961
24.5787
22.8447
22.9693
24.0058
22.3630
21.9352
24.1940
23.3513
23.9059
24.9661
22.3863
23.6474
23.2684
22.7124
25.4365
23.9732
24.4421
24.9333
24.9104
25.1002
24.9555
24.3160
41.1829
20.3934
21.9022
22.1014
22.8242
22.4603
22.1007
24.3187
23.1879
23.0268
25.3060
23.3111
23.3313
23.7259
25.1207
24.3207
24.6799
25.2498
24.3509
23.8116
24.8576
24.8997
24.4066
24.7702
24.8245
25.4777
24.9431
25.4578
