2.3784
3.6308
2.4869
2.5681
2.5971
2.2016
1.9461
2.5154
1.9372
2.1431
2.1482
1.3757
1.7217
1.3121
1.4038
1.5246
1.6968
1.7373
1.6295
1.5824
1.3856
1.5898
1.1322
1.2179
1.0449
1.2022
1.3759
1.0475
1.1340
1.3880
1.0487
1.1499
1.0979
1.2611
0.9781
1.3021
1.3156
0.9389
1.5295
1.6629
1.1219
1.1665
0.9689
1.0078
1.3977
1.2978
1.6930
1.0172
0.9587
1.1142
1.0736
0.8527
1.1418
1.1918
1.3673
1.3432
0.9354
1.0593
1.2222
1.0809
1.1255
1.3730
1.1034
0.8190
1.0461
1.0289
0.7923
1.2604
1.1118
1.0290
0.9394
0.7919
1.2068
1.0076
1.1407
