0.0010
0.0020
0.0010
0.0030
0.0000
0.0048
0.0000
0.0010
0.0040
0.0040
0.0050
0.0024
0.0030
0.0030
0.0040
0.0020
0.0020
0.0096
0.0040
0.0030
0.0030
0.0090
0.0060
0.0048
0.0060
0.0080
0.0120
0.0060
0.0170
0.0120
0.0180
0.0230
0.0140
0.0200
0.0210
0.0216
0.0300
0.0330
0.0380
0.0470
0.0330
0.0456
0.0510
0.0490
0.0590
0.0620
0.0800
0.0863
0.0740
0.0900
0.1000
0.1050
0.0910
0.1271
0.1270
0.1290
0.1350
0.1320
0.1330
0.1079
0.1630
0.1420
0.1480
0.1800
0.1760
0.1559
0.1830
0.1960
0.1840
0.1970
0.2040
0.2086
0.2020
0.2230
0.2360
0.2370
0.2370
0.2374
0.2410
0.2620
0.2730
0.2680
0.2870
0.2878
0.2860
0.3430
0.3250
0.3420
0.3050
0.3525
0.3600
0.3820
0.3710
0.4050
0.3910
0.4269
0.4570
0.4250
0.4400
0.4670
0.5030
0.4556
0.5060
0.4990
0.5330
0.5850
0.5620
0.6043
0.5960
0.6340
0.6330
0.6330
0.6260
0.6667
0.6630
0.6610
0.6940
0.7170
0.7220
0.7530
0.7410
0.7430
0.7370
0.7440
0.7710
0.7458
0.7740
0.7800
0.7890
0.7780
0.7790
0.8417
0.8140
0.8130
0.8170
0.8020
0.8160
0.8297
0.8500
0.8170
0.8210
0.8350
0.8480
0.8705
0.8640
0.8500
0.8450
0.8720
0.8500
0.8657
0.8790
0.8710
0.8580
0.8690
0.8820
0.8897
0.8830
0.8880
0.8870
0.8880
0.8860
0.8921
0.8980
0.9050
0.9010
0.8980
0.8880
0.8873
0.9010
0.9110
0.9070
0.8930
0.9070
0.9209
0.9140
0.9060
0.9190
0.9110
0.9140
0.9329
0.9240
0.9330
0.9210
0.9190
0.9220
0.9137
0.9140
0.9200
0.9330
0.9270
0.9380
0.9424
0.9370
0.9230
0.9410
0.9410
0.9310
0.9329
0.9340
0.9340
0.9340
0.9370
0.9520
0.9544
0.9380
0.9390
0.9510
0.9440
0.9410
0.9544
0.9400
0.9480
0.9430
0.9520
0.9520
0.9496
0.9520
0.9440
0.9580
0.9440
0.9550
0.9520
0.9530
0.9420
0.9600
0.9550
0.9480
0.9640
0.9580
0.9530
0.9430
0.9540
0.9610
0.9760
0.9480
0.9620
0.9670
0.9490
0.9690
0.9592
0.9630
0.9550
0.9660
0.9550
0.9660
0.9592
0.9670
0.9630
0.9590
0.9620
0.9670
0.9568
0.9630
0.9650
0.9670
0.9640
0.9700
0.9520
0.9670
0.9700
0.9680
0.9590
0.9670
0.9712
0.9640
0.9680
0.9610
0.9680
0.9780
0.9736
0.9720
0.9720
0.9760
0.9620
0.9630
0.9760
0.9680
0.9770
0.9710
0.9670
0.9700
0.9712
0.9720
0.9740
0.9750
0.9650
0.9690
0.9784
0.9770
0.9690
0.9690
0.9740
0.9720
0.9688
0.9740
0.9740
0.9770
0.9780
0.9620
0.9688
0.9760
0.9700
0.9710
0.9710
0.9770
0.9688
0.9660
0.9840
0.9760
0.9680
0.9710
0.9808
0.9770
0.9740
0.9740
0.9680
0.9740
0.9784
0.9670
0.9780
0.9770
0.9670
0.9760
0.9784
0.9670
0.9790
0.9710
0.9760
0.9790
0.9592
0.9740
0.9770
0.9770
0.9730
0.9670
0.9760
0.9710
0.9740
0.9730
0.9810
0.9710
0.9760
0.9660
0.9710
0.9770
0.9730
0.9840
0.9760
0.9780
0.9650
0.9750
0.9670
0.9840
0.9856
0.9730
0.9740
0.9730
0.9720
0.9790
0.9904
0.9700
0.9790
0.9720
0.9790
0.9760
0.9736
0.9650
0.9760
0.9760
0.9730
0.9830
0.9880
0.9800
0.9760
0.9720
0.9790
0.9760
0.9664
0.9760
0.9700
0.9740
0.9800
0.9770
0.9832
0.9710
0.9700
0.9790
0.9790
0.9810
0.9784
0.9750
0.9800
0.9750
0.9790
0.9740
0.9760
0.9770
0.9810
0.9700
0.9810
0.9760
0.9712
0.9850
0.9780
0.9720
0.9700
0.9760
0.9856
0.9770
0.9690
0.9770
0.9820
0.9820
0.9784
0.9740
0.9820
0.9700
0.9840
0.9780
0.9784
0.9780
0.9760
0.9800
0.9760
0.9790
0.9856
0.9880
0.9650
0.9770
0.9850
0.9740
0.9832
0.9780
0.9810
0.9800
0.9750
0.9770
0.9808
0.9750
0.9750
0.9720
0.9870
0.9850
0.9760
0.9830
0.9700
0.9860
0.9780
0.9780
0.9760
0.9780
0.9890
0.9770
0.9750
0.9770
0.9784
0.9810
0.9810
0.9700
0.9840
0.9800
0.9808
0.9760
0.9840
0.9820
0.9730
0.9790
0.9880
0.9750
0.9830
0.9830
0.9790
0.9750
0.9880
0.9820
0.9800
0.9840
0.9770
0.9770
0.9760
0.9820
0.9800
0.9820
0.9760
0.9730
0.9928
0.9890
0.9830
0.9790
0.9760
0.9720
0.9784
0.9760
0.9830
0.9760
0.9820
0.9830
0.9760
0.9770
0.9870
0.9860
0.9710
0.9810
0.9784
0.9840
0.9820
0.9860
0.9770
0.9740
0.9760
0.9810
0.9750
0.9750
0.9830
0.9850
0.9856
0.9710
0.9840
0.9900
0.9780
0.9800
0.9784
0.9840
0.9810
0.9790
0.9830
0.9770
0.9760
0.9710
0.9830
0.9810
0.9830
0.9870
0.9784
0.9780
0.9840
0.9820
0.9780
0.9850
0.9736
0.9830
0.9740
0.9800
0.9820
0.9860
0.9784
0.9830
0.9850
0.9820
0.9790
0.9740
0.9832
0.9780
0.9730
0.9880
0.9820
0.9840
0.9784
0.9770
0.9870
0.9820
0.9850
0.9740
0.9808
0.9910
0.9800
0.9800
0.9780
0.9760
0.9808
0.9740
0.9790
0.9830
0.9830
0.9850
0.9856
0.9860
0.9830
0.9800
0.9830
0.9760
0.9784
0.9770
0.9880
0.9750
0.9820
0.9860
0.9808
0.9810
0.9880
0.9770
0.9800
0.9830
0.9784
0.9820
0.9800
0.9750
0.9860
0.9820
0.9880
0.9780
0.9790
0.9770
0.9870
0.9880
0.9760
0.9810
0.9850
0.9820
0.9830
0.9740
0.9880
0.9820
0.9850
0.9810
0.9800
0.9820
0.9760
0.9780
0.9840
0.9790
0.9830
0.9810
0.9856
0.9780
0.9770
0.9870
0.9810
0.9840
0.9808
0.9810
0.9820
0.9830
0.9840
0.9770
0.9856
0.9810
0.9850
0.9870
0.9800
0.9780
0.9784
0.9790
0.9900
0.9820
0.9770
0.9820
0.9808
0.9830
0.9820
0.9830
0.9790
0.9840
0.9784
0.9830
0.9820
0.9830
0.9820
0.9830
0.9736
0.9820
0.9840
0.9800
0.9820
0.9830
0.9784
0.9790
0.9880
0.9880
0.9780
0.9760
0.9856
0.9860
0.9820
0.9870
0.9750
0.9800
0.9832
0.9820
0.9830
0.9820
0.9860
0.9780
0.9808
0.9840
0.9790
0.9800
0.9820
0.9850
0.9808
0.9810
0.9820
0.9850
0.9840
0.9780
0.9808
0.9880
0.9770
0.9790
0.9820
0.9830
0.9856
0.9870
0.9790
0.9770
0.9800
0.9840
0.9904
0.9880
0.9780
0.9830
0.9780
0.9870
0.9736
0.9870
0.9760
0.9810
0.9890
0.9810
0.9736
0.9810
0.9820
0.9830
0.9790
0.9850
0.9880
0.9900
0.9810
0.9840
0.9790
0.9760
0.9880
0.9820
0.9860
0.9860
0.9790
0.9800
0.9808
0.9820
0.9840
0.9870
0.9770
0.9810
0.9856
0.9830
0.9820
0.9770
0.9850
0.9860
0.9808
0.9840
0.9860
0.9830
0.9810
0.9780
0.9808
0.9840
0.9830
0.9860
0.9800
0.9770
0.9880
0.9790
0.9840
0.9790
0.9850
0.9850
0.9808
0.9850
0.9800
0.9810
0.9800
0.9880
0.9760
0.9850
0.9820
0.9820
0.9780
0.9830
0.9856
0.9800
0.9870
0.9780
0.9810
0.9860
0.9808
0.9840
0.9820
0.9800
0.9790
0.9870
0.9832
0.9790
0.9820
0.9870
0.9840
0.9780
0.9880
0.9840
0.9790
0.9860
0.9800
0.9820
0.9856
0.9830
0.9800
0.9850
0.9820
0.9830
0.9808
0.9810
0.9780
0.9820
0.9930
0.9790
0.9808
0.9910
0.9840
0.9810
0.9780
0.9780
0.9856
0.9840
0.9860
0.9830
0.9780
0.9810
0.9856
0.9840
0.9780
0.9810
0.9820
0.9870
0.9856
0.9820
0.9810
0.9820
0.9850
0.9800
0.9904
0.9770
0.9850
0.9830
0.9890
0.9800
0.9856
0.9890
0.9830
0.9790
0.9850
0.9770
0.9880
0.9770
0.9850
0.9870
0.9830
0.9790
0.9952
0.9860
0.9810
0.9860
0.9770
0.9880
0.9784
0.9870
0.9790
0.9820
0.9820
0.9840
0.9880
0.9820
0.9830
0.9770
0.9880
0.9850
0.9832
0.9890
0.9850
0.9830
0.9820
0.9790
0.9760
0.9880
0.9800
0.9860
0.9860
0.9740
0.9856
0.9770
0.9840
0.9830
0.9860
0.9850
0.9832
0.9800
0.9820
0.9830
0.9820
0.9900
0.9784
0.9790
0.9870
0.9830
0.9800
0.9860
0.9856
0.9830
0.9880
0.9860
0.9800
0.9800
0.9808
0.9870
0.9810
0.9820
0.9840
0.9820
0.9832
0.9870
0.9840
0.9750
0.9870
0.9830
0.9856
0.9840
0.9830
0.9790
0.9850
0.9840
0.9880
0.9800
0.9860
0.9840
0.9850
0.9830
0.9808
0.9850
0.9810
0.9800
0.9800
0.9890
0.9880
0.9860
0.9830
0.9790
0.9870
0.9810
0.9856
0.9870
0.9830
0.9810
0.9850
0.9800
0.9856
0.9800
0.9890
0.9820
0.9810
0.9850
0.9832
0.9860
0.9850
0.9820
0.9790
0.9860
0.9808
0.9870
0.9810
0.9820
0.9850
0.9800
0.9880
0.9840
0.9840
0.9790
0.9810
0.9920
0.9760
0.9870
0.9840
0.9780
0.9800
0.9820
0.9976
0.9830
0.9850
0.9860
0.9810
0.9800
0.9880
0.9840
0.9770
0.9830
0.9820
0.9900
0.9832
0.9820
0.9840
0.9900
0.9780
0.9830
0.9808
0.9770
0.9800
0.9850
0.9850
0.9890
0.9832
0.9830
0.9820
0.9820
0.9870
0.9800
0.9880
0.9800
0.9830
0.9880
0.9820
0.9830
0.9856
0.9830
0.9830
0.9820
0.9820
0.9850
0.9880
0.9900
0.9820
0.9790
0.9860
0.9820
0.9784
0.9860
0.9840
0.9840
0.9820
0.9810
0.9832
0.9800
0.9830
0.9860
0.9840
0.9820
0.9880
0.9870
0.9810
0.9820
0.9810
0.9870
0.9808
0.9840
0.9820
0.9760
0.9860
0.9840
0.9928
0.9810
0.9890
0.9860
0.9750
0.9830
0.9880
0.9810
0.9850
0.9830
0.9860
0.9830
0.9784
0.9800
0.9830
0.9850
0.9870
0.9810
0.9832
0.9840
0.9810
0.9870
0.9820
0.9810
0.9856
0.9810
0.9790
0.9880
0.9830
0.9840
0.9856
0.9870
0.9830
0.9780
0.9870
0.9840
0.9760
0.9800
0.9790
0.9830
0.9840
0.9880
0.9880
0.9810
0.9820
0.9790
0.9880
0.9860
0.9832
0.9770
0.9840
0.9900
0.9850
0.9820
0.9784
0.9810
0.9860
0.9870
0.9850
0.9810
0.9736
0.9790
0.9820
0.9900
0.9870
0.9790
0.9808
0.9810
0.9850
0.9780
0.9870
0.9860
0.9808
0.9820
0.9840
0.9860
0.9770
0.9890
0.9784
0.9870
0.9850
0.9830
0.9820
0.9810
0.9784
0.9880
0.9810
0.9830
0.9810
0.9850
0.9784
0.9850
0.9790
0.9830
0.9840
0.9820
0.9904
0.9850
0.9830
0.9810
0.9860
0.9790
0.9880
0.9790
0.9870
0.9830
0.9800
0.9830
0.9928
0.9760
0.9900
0.9850
0.9850
0.9780
0.9880
0.9840
0.9790
0.9840
0.9820
0.9840
0.9904
0.9830
0.9920
0.9820
0.9710
0.9900
0.9784
0.9830
0.9780
0.9850
0.9840
0.9830
0.9904
0.9810
0.9800
0.9840
0.9810
0.9890
0.9856
0.9810
0.9810
0.9840
0.9830
0.9850
0.9856
0.9790
0.9850
0.9810
0.9860
0.9790
0.9952
0.9820
0.9870
0.9840
0.9880
0.9730
0.9856
0.9870
0.9790
0.9890
0.9850
0.9800
0.9712
0.9840
0.9870
0.9740
0.9820
0.9860
0.9880
0.9840
0.9860
0.9850
0.9840
0.9810
0.9712
0.9810
0.9820
0.9850
0.9830
0.9840
0.9832
0.9770
0.9900
0.9800
0.9880
0.9820
0.9784
0.9800
0.9870
0.9840
0.9820
0.9800
0.9880
0.9840
0.9790
0.9790
0.9870
0.9830
0.9904
0.9820
0.9860
0.9800
0.9820
0.9830
0.9880
0.9830
0.9830
0.9820
0.9840
0.9820
0.9856
0.9840
0.9810
0.9810
0.9880
0.9790
0.9880
0.9790
0.9820
0.9860
0.9860
0.9800
0.9904
0.9790
0.9790
0.9810
0.9900
0.9820
0.9952
0.9840
0.9810
0.9820
0.9810
0.9850
0.9904
0.9830
0.9870
0.9830
0.9810
0.9840
0.9784
0.9870
0.9800
0.9750
0.9880
0.9850
0.9856
0.9860
0.9810
0.9790
0.9810
0.9880
0.9856
0.9800
0.9860
0.9890
0.9790
0.9790
0.9904
0.9790
0.9820
0.9790
0.9880
0.9830
0.9928
0.9870
0.9870
0.9770
0.9810
0.9790
0.9928
0.9810
0.9870
0.9780
0.9840
0.9830
0.9880
0.9820
0.9760
0.9860
0.9790
0.9910
0.9856
0.9830
0.9790
0.9820
0.9840
0.9830
0.9928
0.9790
0.9840
0.9850
0.9810
0.9840
0.9880
0.9860
0.9840
0.9850
0.9810
0.9770
0.9856
0.9880
0.9840
0.9790
0.9840
0.9760
0.9904
0.9810
0.9830
0.9830
0.9770
0.9870
0.9904
0.9830
0.9840
0.9860
0.9780
0.9870
0.9736
0.9850
0.9840
0.9790
0.9840
0.9820
0.9832
0.9830
0.9880
0.9790
0.9820
0.9810
0.9856
0.9860
0.9840
0.9830
0.9810
0.9790
0.9856
0.9860
0.9850
0.9780
0.9830
0.9820
0.9832
0.9760
0.9770
0.9880
0.9840
0.9910
0.9784
0.9780
0.9840
0.9910
0.9860
0.9750
0.9832
0.9840
0.9830
0.9870
0.9800
0.9820
0.9784
0.9850
0.9890
0.9780
0.9830
0.9810
0.9784
0.9930
0.9800
0.9770
0.9790
0.9890
0.9760
0.9810
0.9790
0.9780
0.9850
0.9860
0.9952
0.9860
0.9830
0.9790
0.9830
0.9820
0.9856
0.9790
0.9920
0.9830
0.9790
0.9850
0.9736
0.9800
0.9890
0.9840
0.9860
0.9800
0.9712
0.9850
0.9780
0.9840
0.9850
0.9810
0.9856
0.9790
0.9840
0.9830
0.9870
0.9830
0.9784
0.9830
0.9830
0.9800
0.9840
0.9790
0.9952
0.9830
0.9850
0.9830
0.9840
0.9760
0.9904
0.9860
0.9830
0.9810
0.9820
0.9850
0.9760
0.9810
0.9810
0.9870
0.9780
0.9860
0.9856
0.9790
0.9820
0.9830
0.9830
0.9850
0.9880
0.9860
0.9850
0.9820
0.9790
0.9820
0.9832
0.9830
0.9820
0.9850
0.9800
0.9830
0.9856
0.9800
0.9840
0.9810
0.9790
0.9880
0.9880
0.9780
0.9870
0.9850
0.9820
0.9830
0.9808
0.9850
0.9820
0.9860
0.9810
0.9770
0.9904
0.9860
0.9890
0.9700
0.9850
0.9830
0.9856
0.9870
0.9840
0.9830
0.9850
0.9770
0.9784
0.9890
0.9810
0.9820
0.9890
0.9780
0.9712
0.9850
0.9820
0.9810
0.9770
0.9820
1.0000
0.9810
0.9850
0.9860
0.9780
0.9850
0.9808
0.9860
0.9830
0.9840
0.9790
0.9840
0.9784
0.9800
0.9880
0.9830
0.9800
0.9840
0.9808
0.9820
0.9860
0.9820
0.9790
0.9890
0.9736
0.9750
0.9900
0.9780
0.9850
0.9830
0.9904
0.9780
0.9860
0.9840
0.9790
0.9880
0.9808
0.9830
0.9830
0.9790
0.9830
0.9830
0.9904
0.9810
0.9820
0.9830
0.9840
0.9870
0.9736
0.9820
0.9860
0.9790
0.9830
0.9850
0.9784
0.9890
0.9830
0.9850
0.9800
0.9740
0.9880
0.9850
0.9870
0.9840
0.9750
0.9800
0.9880
0.9830
0.9840
0.9890
0.9690
0.9860
0.9880
0.9790
0.9810
0.9810
0.9880
0.9810
0.9904
0.9820
0.9800
0.9870
0.9780
0.9860
0.9832
0.9720
0.9910
0.9850
0.9860
0.9810
0.9760
0.9730
0.9830
0.9860
0.9920
0.9820
0.9736
0.9830
0.9770
0.9800
0.9810
0.9890
0.9880
0.9780
0.9800
0.9860
0.9830
0.9810
0.9928
0.9760
0.9820
0.9870
0.9870
0.9760
0.9928
0.9860
0.9780
0.9810
0.9840
0.9830
0.9832
0.9820
0.9840
0.9800
0.9850
0.9820
0.9808
0.9820
0.9820
0.9850
0.9880
0.9790
0.9712
0.9810
0.9750
0.9840
0.9910
0.9810
0.9808
0.9900
0.9810
0.9780
0.9830
0.9820
0.9760
0.9900
0.9850
0.9820
0.9750
0.9800
0.9808
0.9810
0.9800
0.9860
0.9850
0.9780
0.9856
0.9780
0.9790
0.9820
0.9860
0.9840
0.9880
0.9860
0.9840
0.9820
0.9760
0.9880
0.9712
0.9800
0.9720
0.9870
0.9870
0.9870
0.9784
0.9790
0.9830
0.9830
0.9840
0.9810
0.9856
0.9820
0.9850
0.9750
0.9850
0.9820
0.9880
0.9830
0.9780
0.9760
0.9770
0.9940
0.9904
0.9750
0.9860
0.9840
0.9850
0.9800
0.9856
0.9830
0.9860
0.9810
0.9790
0.9840
0.9784
0.9750
0.9830
0.9850
0.9870
0.9830
0.9784
0.9860
0.9900
0.9740
0.9830
0.9770
0.9856
0.9880
0.9790
0.9770
0.9870
0.9760
0.9928
0.9760
0.9800
0.9830
0.9850
0.9850
0.9880
0.9760
0.9850
0.9840
0.9840
0.9790
0.9904
0.9870
0.9790
0.9820
0.9890
0.9750
0.9808
0.9810
0.9850
0.9800
0.9790
0.9830
0.9904
0.9840
0.9830
0.9800
0.9760
0.9840
0.9928
0.9800
0.9790
0.9830
0.9850
0.9810
0.9904
0.9770
0.9820
0.9810
0.9870
0.9840
0.9832
0.9860
0.9850
0.9860
0.9800
0.9710
0.9904
0.9850
0.9830
0.9810
0.9830
0.9810
0.9784
0.9790
0.9780
0.9840
0.9880
0.9810
0.9832
0.9880
0.9840
0.9770
0.9800
0.9840
0.9760
0.9810
0.9790
0.9810
0.9880
0.9810
0.9832
0.9840
0.9860
0.9850
0.9780
0.9750
0.9880
0.9820
0.9860
0.9820
0.9830
0.9840
0.9664
0.9820
0.9810
0.9840
0.9740
0.9870
0.9880
0.9850
0.9800
0.9760
0.9820
0.9870
0.9832
0.9810
0.9830
0.9830
0.9820
0.9800
0.9856
0.9880
0.9780
0.9820
0.9810
0.9840
0.9760
0.9820
0.9780
0.9830
0.9820
0.9840
0.9832
0.9820
0.9820
0.9760
0.9880
0.9810
0.9832
0.9850
0.9870
0.9830
0.9770
0.9800
0.9760
0.9810
0.9880
0.9790
0.9780
0.9830
0.9832
0.9810
0.9790
0.9830
0.9780
0.9850
0.9904
0.9880
0.9730
0.9850
0.9790
0.9830
0.9856
0.9770
0.9820
0.9820
0.9870
0.9850
0.9736
0.9850
0.9750
0.9840
0.9790
0.9900
0.9736
0.9880
0.9830
0.9770
0.9830
0.9790
0.9808
0.9780
0.9890
0.9840
0.9810
0.9790
0.9784
0.9780
0.9780
0.9790
0.9880
0.9840
0.9880
0.9780
0.9800
0.9850
0.9860
0.9780
0.9880
0.9800
0.9830
0.9820
0.9880
0.9750
0.9856
0.9820
0.9890
0.9860
0.9760
0.9730
0.9904
0.9780
0.9830
0.9820
0.9820
0.9880
0.9736
0.9860
0.9890
0.9770
0.9800
0.9760
0.9856
0.9810
0.9780
0.9880
0.9820
0.9810
0.9808
0.9790
0.9800
0.9820
0.9790
0.9870
0.9880
0.9880
0.9860
0.9780
0.9730
0.9820
0.9880
0.9800
0.9870
0.9840
0.9840
0.9730
0.9856
0.9850
0.9870
0.9780
0.9780
0.9810
0.9832
0.9880
0.9780
0.9850
0.9850
0.9760
0.9760
0.9810
0.9750
0.9830
0.9900
0.9880
0.9640
0.9780
0.9820
0.9810
0.9780
0.9870
0.9904
0.9860
0.9880
0.9790
0.9850
0.9800
0.9616
0.9850
0.9830
0.9750
0.9820
0.9820
0.9880
0.9790
0.9870
0.9810
0.9800
0.9830
0.9808
0.9910
0.9790
0.9720
0.9860
0.9790
0.9880
0.9850
0.9840
0.9840
0.9750
0.9790
0.9880
0.9800
0.9810
0.9810
0.9800
0.9840
0.9904
0.9770
0.9820
0.9850
0.9870
0.9830
0.9712
0.9830
0.9790
0.9800
0.9870
0.9770
0.9880
0.9840
0.9810
0.9820
0.9790
0.9830
0.9808
0.9840
0.9730
0.9810
0.9800
0.9900
0.9832
0.9870
0.9820
0.9790
0.9790
0.9800
0.9856
0.9860
0.9820
0.9860
0.9770
0.9790
0.9784
0.9770
0.9830
0.9830
0.9820
0.9820
0.9856
0.9800
0.9820
0.9840
0.9810
0.9850
0.9736
0.9820
0.9890
0.9860
0.9790
0.9780
0.9688
0.9830
0.9810
0.9830
0.9810
0.9790
0.9856
0.9780
0.9860
0.9830
0.9800
0.9780
0.9904
0.9790
0.9790
0.9830
0.9810
0.9870
0.9808
0.9830
0.9810
0.9850
0.9830
0.9790
0.9760
0.9800
0.9850
0.9800
0.9810
0.9830
0.9808
0.9810
0.9850
0.9870
0.9790
0.9770
0.9808
0.9770
0.9820
0.9840
0.9850
0.9750
0.9952
0.9830
0.9790
0.9850
0.9810
0.9860
0.9688
0.9790
0.9770
0.9790
0.9830
0.9880
0.9880
0.9810
0.9790
0.9810
0.9810
0.9900
0.9712
0.9840
0.9840
0.9740
0.9890
0.9770
0.9808
0.9810
0.9910
0.9730
0.9820
0.9800
0.9832
0.9730
0.9790
0.9860
0.9870
0.9850
0.9760
0.9830
0.9850
0.9820
0.9790
0.9820
0.9712
0.9810
0.9850
0.9810
0.9830
0.9790
0.9760
0.9820
0.9840
0.9800
0.9810
0.9790
0.9832
0.9770
0.9810
0.9800
0.9840
0.9830
0.9856
0.9800
0.9830
0.9860
0.9740
0.9840
0.9808
0.9730
0.9870
0.9810
0.9870
0.9790
0.9808
0.9850
0.9830
0.9770
0.9800
0.9800
0.9832
0.9800
0.9790
0.9780
0.9870
0.9810
0.9832
0.9720
0.9850
0.9850
0.9770
0.9840
0.9880
0.9840
0.9860
0.9780
0.9840
0.9750
0.9784
0.9760
0.9770
0.9820
0.9860
0.9850
0.9808
0.9830
0.9790
0.9800
0.9830
0.9780
0.9880
0.9830
0.9760
0.9770
0.9860
0.9810
0.9880
0.9770
0.9770
0.9820
0.9810
0.9900
0.9784
0.9820
0.9810
0.9830
0.9790
0.9820
0.9784
0.9750
0.9820
0.9820
0.9840
0.9820
0.9832
0.9840
0.9830
0.9840
0.9750
0.9810
0.9784
0.9840
0.9790
0.9740
0.9810
0.9850
0.9880
0.9820
0.9850
0.9820
0.9800
0.9790
0.9760
0.9730
0.9790
0.9840
0.9780
0.9920
0.9808
0.9830
0.9770
0.9790
0.9800
0.9870
0.9808
0.9820
0.9790
0.9800
0.9820
0.9790
0.9904
0.9840
0.9780
0.9850
0.9800
0.9810
0.9760
0.9840
0.9800
0.9820
0.9790
0.9800
0.9832
0.9770
0.9810
0.9740
0.9840
0.9900
0.9808
0.9810
0.9800
0.9770
0.9750
0.9870
0.9928
0.9810
0.9780
0.9840
0.9790
0.9870
0.9736
0.9800
0.9820
0.9780
0.9850
0.9830
0.9760
0.9870
0.9860
0.9800
0.9800
0.9780
0.9688
0.9780
0.9850
0.9810
0.9780
0.9850
0.9784
0.9810
0.9830
0.9790
0.9830
0.9800
0.9808
0.9780
0.9890
0.9830
0.9830
0.9750
0.9760
0.9740
0.9810
0.9840
0.9880
0.9790
0.9808
0.9830
0.9800
0.9810
0.9780
0.9820
0.9856
0.9860
0.9810
0.9710
0.9830
0.9800
0.9904
0.9830
0.9800
0.9770
0.9830
0.9810
0.9832
0.9750
0.9830
0.9780
0.9820
0.9880
0.9784
0.9820
0.9770
0.9740
0.9930
0.9790
0.9808
0.9850
0.9760
0.9830
0.9780
0.9840
0.9784
0.9840
0.9810
0.9790
0.9790
0.9770
0.9928
0.9800
0.9850
0.9760
0.9810
0.9820
0.9832
0.9800
0.9810
0.9880
0.9820
0.9740
0.9808
0.9840
0.9730
0.9830
0.9870
0.9810
0.9736
0.9810
0.9790
0.9840
0.9840
0.9790
0.9760
0.9750
0.9870
0.9780
0.9740
0.9890
0.9856
0.9790
0.9860
0.9810
0.9770
0.9840
0.9760
0.9810
0.9810
0.9800
0.9810
0.9810
0.9832
0.9790
0.9790
0.9830
0.9850
0.9820
0.9736
0.9790
0.9820
0.9860
0.9830
0.9790
0.9712
0.9830
0.9840
0.9820
0.9700
0.9840
0.9856
0.9880
0.9780
0.9730
0.9820
0.9790
0.9928
0.9770
0.9860
0.9800
0.9840
0.9750
0.9880
0.9800
0.9810
0.9810
0.9790
0.9850
0.9784
0.9800
0.9910
0.9870
0.9810
0.9680
0.9760
0.9790
0.9850
0.9790
0.9800
0.9830
0.9784
0.9720
0.9800
0.9870
0.9780
0.9910
0.9736
0.9780
0.9740
0.9850
0.9810
0.9810
0.9952
0.9760
0.9820
0.9860
0.9790
0.9800
0.9856
0.9760
0.9740
0.9840
0.9830
0.9870
0.9832
0.9820
0.9750
0.9820
0.9830
0.9820
0.9832
0.9790
0.9820
0.9820
0.9780
0.9810
0.9856
0.9810
0.9790
0.9890
0.9790
0.9780
0.9760
0.9820
0.9780
0.9810
0.9850
0.9790
0.9784
0.9820
0.9850
0.9800
0.9760
0.9780
0.9880
0.9800
0.9790
0.9840
0.9800
0.9810
0.9808
0.9800
0.9850
0.9780
0.9800
0.9780
0.9880
0.9830
0.9820
0.9830
0.9780
0.9770
0.9832
0.9730
0.9810
0.9770
0.9870
0.9830
0.9880
0.9750
0.9850
0.9830
0.9840
0.9780
0.9784
0.9770
0.9810
0.9800
0.9790
0.9830
0.9904
0.9800
0.9840
0.9800
0.9780
0.9790
0.9880
0.9790
0.9810
0.9780
0.9770
0.9860
0.9880
0.9820
0.9810
0.9720
0.9840
0.9790
0.9952
0.9850
0.9810
0.9790
0.9780
0.9820
0.9784
0.9810
0.9740
0.9860
0.9840
0.9810
0.9760
0.9830
0.9850
0.9780
0.9860
0.9780
0.9664
0.9810
0.9770
0.9790
0.9790
0.9830
0.9928
0.9820
0.9800
0.9810
0.9760
0.9810
0.9904
0.9760
0.9810
0.9760
0.9820
0.9870
0.9856
0.9790
0.9840
0.9840
0.9790
0.9750
0.9880
0.9780
0.9850
0.9840
0.9850
0.9790
0.9640
0.9810
0.9840
0.9760
0.9800
0.9810
0.9856
0.9790
0.9780
0.9900
0.9750
0.9800
0.9856
0.9770
0.9840
0.9800
0.9820
0.9800
0.9832
0.9810
0.9850
0.9800
0.9760
0.9830
0.9784
0.9790
0.9830
0.9760
0.9790
0.9900
0.9736
0.9820
0.9810
0.9900
0.9800
0.9720
0.9784
0.9810
0.9810
0.9790
0.9880
0.9810
0.9664
0.9800
0.9800
0.9810
0.9830
0.9780
0.9856
0.9820
0.9850
0.9810
0.9810
0.9790
0.9712
0.9800
0.9790
0.9820
0.9860
0.9800
0.9736
0.9780
0.9790
0.9860
0.9770
0.9850
0.9784
0.9810
0.9810
0.9790
0.9740
0.9900
0.9784
0.9710
0.9870
0.9810
0.9790
0.9840
0.9856
0.9850
0.9760
0.9810
0.9750
0.9870
0.9808
0.9750
0.9830
0.9850
0.9840
0.9800
0.9736
0.9750
0.9750
0.9880
0.9810
0.9850
0.9808
0.9870
0.9780
0.9770
0.9810
0.9820
0.9784
0.9800
0.9780
0.9790
0.9800
0.9870
0.9808
0.9780
0.9810
0.9870
0.9740
0.9840
0.9808
0.9820
0.9800
0.9790
0.9790
0.9840
0.9808
0.9830
0.9810
0.9830
0.9790
0.9800
0.9760
0.9820
0.9750
0.9810
0.9800
0.9820
0.9904
0.9840
0.9830
0.9820
0.9740
0.9810
0.9808
0.9760
0.9850
0.9850
0.9830
0.9740
0.9832
0.9840
0.9820
0.9770
0.9830
0.9800
0.9736
0.9810
0.9830
0.9770
0.9760
0.9830
0.9880
0.9860
0.9830
0.9780
0.9840
0.9750
0.9736
0.9850
0.9840
0.9790
0.9810
0.9750
0.9784
0.9890
0.9740
0.9810
0.9840
0.9790
0.9712
0.9700
0.9860
0.9770
0.9890
0.9830
0.9760
0.9780
0.9830
0.9800
0.9770
0.9820
0.9880
0.9730
0.9720
0.9870
0.9860
0.9830
0.9856
0.9810
0.9850
0.9820
0.9760
0.9810
0.9760
0.9790
0.9820
0.9820
0.9780
0.9840
0.9760
0.9780
0.9820
0.9820
0.9820
0.9760
0.9880
0.9870
0.9760
0.9790
0.9840
0.9840
0.9640
0.9760
0.9810
0.9820
0.9780
0.9860
0.9808
0.9810
0.9740
0.9810
0.9820
0.9870
0.9760
0.9830
0.9810
0.9750
0.9790
0.9860
0.9784
0.9780
0.9790
0.9880
0.9770
0.9840
0.9736
0.9810
0.9850
0.9770
0.9780
0.9830
0.9760
0.9810
0.9850
0.9770
0.9780
0.9810
0.9808
0.9810
0.9840
0.9790
0.9740
0.9830
0.9832
0.9860
0.9810
0.9760
0.9750
0.9870
0.9736
0.9810
0.9790
0.9780
0.9870
0.9750
0.9856
0.9720
0.9850
0.9810
0.9860
0.9810
0.9736
0.9820
0.9810
0.9830
0.9730
0.9820
0.9832
0.9840
0.9800
0.9830
0.9790
0.9770
0.9784
0.9810
0.9830
0.9760
0.9800
0.9810
0.9832
0.9850
0.9780
0.9820
0.9840
0.9780
0.9688
0.9770
0.9820
0.9830
0.9790
0.9840
0.9736
0.9790
0.9790
0.9850
0.9810
0.9810
0.9736
0.9810
0.9760
0.9820
0.9840
0.9780
0.9832
0.9790
0.9810
0.9800
0.9790
0.9840
0.9784
0.9760
0.9750
0.9840
0.9840
0.9850
0.9760
0.9840
0.9820
0.9860
0.9770
0.9720
0.9832
0.9820
0.9810
0.9780
0.9750
0.9840
0.9856
0.9870
0.9800
0.9820
0.9770
0.9800
0.9712
0.9790
0.9780
0.9800
0.9820
0.9850
0.9760
0.9840
0.9780
0.9790
0.9820
0.9820
0.9736
0.9820
0.9800
0.9790
0.9850
0.9770
0.9784
0.9830
0.9780
0.9820
0.9810
0.9790
0.9784
0.9780
0.9800
0.9770
0.9770
0.9870
0.9880
0.9810
0.9810
0.9770
0.9790
0.9790
0.9928
0.9720
0.9830
0.9840
0.9800
0.9810
0.9856
0.9830
0.9780
0.9750
0.9770
0.9860
0.9880
0.9810
0.9820
0.9750
0.9800
0.9800
0.9904
0.9820
0.9850
0.9810
0.9760
0.9770
0.9832
0.9770
0.9860
0.9830
0.9770
0.9840
0.9688
0.9750
0.9820
0.9830
0.9880
0.9720
0.9856
0.9800
0.9790
0.9810
0.9800
0.9790
0.9880
0.9850
0.9790
0.9860
0.9800
0.9720
0.9808
0.9790
0.9790
0.9750
0.9840
0.9820
0.9880
0.9810
0.9750
0.9840
0.9800
0.9820
0.9808
0.9810
0.9810
0.9790
0.9830
0.9800
0.9760
0.9760
0.9790
0.9860
0.9870
0.9780
0.9712
0.9780
0.9800
0.9790
0.9840
0.9810
0.9808
0.9790
0.9720
0.9820
0.9860
0.9810
0.9856
0.9740
0.9850
0.9810
0.9790
0.9790
0.9904
0.9810
0.9810
0.9810
0.9750
0.9810
0.9880
0.9800
0.9820
0.9830
0.9810
0.9790
0.9736
0.9750
0.9780
0.9810
0.9860
0.9840
0.9760
0.9800
0.9770
0.9770
0.9810
0.9850
0.9856
0.9750
0.9820
0.9840
0.9810
0.9830
0.9736
0.9740
0.9840
0.9770
0.9810
0.9860
0.9808
0.9780
0.9880
0.9790
0.9850
0.9730
0.9784
0.9800
0.9790
0.9780
0.9780
0.9850
0.9856
0.9790
0.9800
0.9830
0.9830
0.9790
0.9760
0.9850
0.9810
0.9770
0.9780
0.9830
0.9784
0.9790
0.9860
0.9780
0.9820
0.9800
0.9760
0.9790
0.9810
0.9830
0.9770
0.9810
0.9832
0.9790
0.9770
0.9780
0.9790
0.9890
0.9808
0.9760
0.9790
0.9840
0.9850
0.9770
0.9832
0.9790
0.9820
0.9790
0.9780
0.9860
0.9760
0.9780
0.9880
0.9860
0.9790
0.9750
0.9712
0.9800
0.9830
0.9840
0.9830
0.9750
0.9736
0.9780
0.9810
0.9790
0.9830
0.9830
0.9760
0.9860
0.9840
0.9770
0.9810
0.9750
0.9760
0.9820
0.9800
0.9770
0.9800
0.9810
0.9832
0.9800
0.9730
0.9840
0.9830
0.9830
0.9760
0.9820
0.9820
0.9790
0.9710
0.9860
0.9832
0.9810
0.9790
0.9790
0.9820
0.9780
0.9856
0.9820
0.9900
0.9790
0.9720
0.9820
0.9712
0.9820
0.9810
0.9790
0.9820
0.9800
0.9736
0.9820
0.9850
0.9840
0.9740
0.9750
0.9832
0.9790
0.9870
0.9740
0.9770
0.9840
0.9808
0.9770
0.9770
0.9770
0.9850
0.9830
0.9856
0.9830
0.9810
0.9850
0.9800
0.9750
0.9736
0.9860
0.9800
0.9790
0.9900
0.9680
0.9760
0.9860
0.9880
0.9790
0.9730
0.9790
0.9736
0.9810
0.9810
0.9840
0.9790
0.9800
0.9736
0.9770
0.9880
0.9770
0.9820
0.9820
0.9712
0.9820
0.9760
0.9870
0.9820
0.9800
0.9688
0.9810
0.9760
0.9840
0.9780
0.9770
0.9952
0.9750
0.9850
0.9830
0.9790
0.9800
0.9808
0.9840
0.9780
0.9840
0.9780
0.9820
0.9712
0.9790
0.9840
0.9840
0.9760
0.9780
0.9832
0.9770
0.9830
0.9880
0.9740
0.9830
0.9736
0.9810
0.9790
0.9810
0.9830
0.9770
0.9832
0.9820
0.9750
0.9790
0.9810
0.9810
0.9904
0.9850
0.9810
0.9770
0.9750
0.9810
0.9880
0.9750
0.9750
0.9900
0.9800
0.9790
0.9880
0.9770
0.9820
0.9860
0.9790
0.9770
0.9832
0.9800
0.9880
0.9800
0.9780
0.9790
0.9736
0.9800
0.9810
0.9810
0.9880
0.9750
0.9736
0.9880
0.9860
0.9730
0.9820
0.9770
0.9712
0.9720
0.9850
0.9870
0.9810
0.9810
0.9712
0.9810
0.9820
0.9800
0.9740
0.9840
0.9832
0.9820
0.9840
0.9830
0.9770
0.9790
0.9736
0.9750
0.9850
0.9770
0.9820
0.9830
0.9808
0.9770
0.9770
0.9870
0.9780
0.9820
0.9832
0.9780
0.9810
0.9790
0.9790
0.9850
0.9808
0.9850
0.9820
0.9760
0.9800
0.9790
0.9808
0.9810
0.9800
0.9880
0.9730
0.9820
0.9760
0.9810
0.9810
0.9800
0.9820
0.9770
0.9832
0.9750
0.9780
0.9830
0.9820
0.9860
0.9760
0.9840
0.9810
0.9850
0.9790
0.9720
0.9832
0.9780
0.9840
0.9820
0.9810
0.9770
0.9808
0.9740
0.9810
0.9810
0.9830
0.9820
0.9832
0.9790
0.9820
0.9750
0.9850
0.9750
0.9952
0.9880
0.9780
0.9810
0.9750
0.9790
0.9832
0.9730
0.9840
0.9800
0.9810
0.9830
0.9832
0.9830
0.9800
0.9790
0.9860
0.9780
0.9712
0.9770
0.9850
0.9870
0.9810
0.9730
0.9784
0.9730
0.9870
0.9820
0.9850
0.9790
0.9712
0.9880
0.9860
0.9690
0.9800
0.9800
0.9784
0.9880
0.9840
0.9750
0.9780
0.9770
0.9808
0.9760
0.9870
0.9810
0.9730
0.9850
0.9808
0.9810
0.9840
0.9730
0.9800
0.9830
0.9832
0.9800
0.9810
0.9830
0.9810
0.9800
0.9736
0.9880
0.9700
0.9790
0.9880
0.9810
0.9712
0.9810
0.9830
0.9860
0.9700
0.9860
0.9712
0.9860
0.9860
0.9760
0.9790
0.9740
0.9832
0.9790
0.9840
0.9790
0.9770
0.9790
0.9904
0.9880
0.9780
0.9800
0.9850
0.9730
0.9760
0.9880
0.9780
0.9810
0.9740
0.9760
0.9928
0.9850
0.9760
0.9820
0.9760
0.9830
0.9808
0.9800
0.9780
0.9800
0.9840
0.9790
0.9832
0.9850
0.9810
0.9730
0.9800
0.9840
0.9784
0.9770
0.9760
0.9860
0.9790
0.9850
0.9784
0.9820
0.9800
0.9840
0.9810
0.9720
0.9880
0.9810
0.9770
0.9870
0.9790
0.9810
0.9736
0.9740
0.9850
0.9830
0.9770
0.9820
0.9832
0.9780
0.9830
0.9780
0.9780
0.9820
0.9880
0.9800
0.9830
0.9820
0.9800
0.9800
0.9736
0.9840
0.9800
0.9770
0.9770
0.9800
0.9904
0.9750
0.9860
0.9780
0.9790
0.9860
0.9760
0.9810
0.9820
0.9810
0.9770
0.9850
0.9712
0.9830
0.9730
0.9840
0.9800
0.9760
0.9952
0.9790
0.9800
0.9770
0.9830
0.9800
0.9880
0.9820
0.9810
0.9770
0.9860
0.9740
0.9856
0.9800
0.9820
0.9810
0.9810
0.9750
0.9880
0.9770
0.9870
0.9740
0.9810
0.9840
0.9784
0.9780
0.9820
0.9880
0.9820
0.9700
0.9856
0.9760
0.9800
0.9820
0.9800
0.9870
0.9736
0.9840
0.9770
0.9790
0.9810
0.9830
0.9760
0.9790
0.9820
0.9800
0.9780
0.9840
0.9784
0.9800
0.9820
0.9850
0.9830
0.9730
0.9784
0.9760
0.9800
0.9820
0.9810
0.9760
0.9976
0.9770
0.9830
0.9790
0.9810
0.9810
0.9832
0.9790
0.9800
0.9720
0.9790
0.9910
0.9832
0.9790
0.9770
0.9820
0.9790
0.9820
0.9880
0.9850
0.9760
0.9790
0.9780
0.9840
0.9784
0.9860
0.9770
0.9800
0.9830
0.9810
0.9664
0.9840
0.9750
0.9840
0.9750
0.9780
0.9928
0.9870
0.9760
0.9880
0.9790
0.9730
0.9760
0.9720
0.9870
0.9840
0.9770
0.9800
0.9832
0.9790
0.9750
0.9830
0.9800
0.9800
0.9904
0.9870
0.9830
0.9800
0.9790
0.9720
0.9808
0.9730
0.9830
0.9780
0.9870
0.9850
0.9688
0.9790
0.9830
0.9790
0.9800
0.9800
0.9808
0.9820
0.9820
0.9820
0.9800
0.9760
0.9784
0.9870
0.9720
0.9830
0.9830
0.9770
0.9784
0.9850
0.9730
0.9840
0.9830
0.9840
0.9616
0.9790
0.9860
0.9830
0.9810
0.9730
0.9784
0.9810
0.9720
0.9860
0.9810
0.9780
0.9880
0.9830
0.9820
0.9870
0.9740
0.9740
0.9832
0.9840
0.9840
0.9790
0.9740
0.9830
0.9736
0.9840
0.9780
0.9760
0.9820
0.9790
0.9856
0.9810
0.9820
0.9850
0.9770
0.9740
0.9856
0.9800
0.9790
0.9800
0.9800
0.9830
0.9784
0.9820
0.9850
0.9780
0.9820
0.9760
0.9760
0.9720
0.9820
0.9800
0.9840
0.9770
0.9952
0.9780
0.9830
0.9750
0.9820
0.9820
0.9832
0.9810
0.9840
0.9800
0.9820
0.9750
0.9784
0.9810
0.9840
0.9750
0.9810
0.9790
0.9832
0.9810
0.9730
0.9820
0.9870
0.9790
0.9784
0.9860
0.9790
0.9730
0.9870
0.9760
0.9808
0.9800
0.9850
0.9770
0.9780
0.9800
0.9832
0.9800
0.9760
0.9890
0.9730
0.9850
0.9760
0.9740
0.9810
0.9790
0.9780
0.9860
0.9880
0.9800
0.9780
0.9860
0.9810
0.9770
0.9784
0.9850
0.9750
0.9800
0.9760
0.9850
0.9808
0.9810
0.9790
0.9820
0.9760
0.9820
0.9832
0.9790
0.9850
0.9790
0.9820
0.9770
0.9784
0.9810
0.9790
0.9820
0.9780
0.9850
0.9712
0.9840
0.9800
0.9830
0.9770
0.9760
0.9832
0.9800
0.9810
0.9750
0.9820
0.9860
0.9736
0.9800
0.9870
0.9770
0.9820
0.9750
0.9808
0.9780
0.9840
0.9760
0.9850
0.9790
0.9784
0.9820
0.9840
0.9770
0.9760
0.9830
0.9784
0.9770
0.9790
0.9820
0.9850
0.9790
0.9784
0.9790
0.9870
0.9840
0.9810
0.9720
0.9760
0.9800
0.9830
0.9810
0.9820
0.9740
0.9832
0.9760
0.9810
0.9800
0.9810
0.9790
0.9880
0.9760
0.9860
0.9810
0.9790
0.9780
0.9784
0.9790
0.9750
0.9820
0.9830
0.9820
0.9760
0.9770
0.9820
0.9820
0.9840
0.9730
0.9832
0.9780
0.9800
0.9840
0.9770
0.9810
0.9784
0.9840
0.9720
0.9790
0.9790
0.9810
0.9904
0.9860
0.9800
0.9830
0.9780
0.9760
0.9712
0.9760
0.9790
0.9810
0.9810
0.9800
0.9856
0.9760
0.9850
0.9820
0.9780
0.9800
0.9760
0.9800
0.9880
0.9750
0.9810
0.9840
0.9592
0.9820
0.9800
0.9740
0.9810
0.9830
0.9784
0.9840
0.9800
0.9800
0.9790
0.9760
0.9832
0.9820
0.9830
0.9820
0.9830
0.9720
0.9760
0.9800
0.9790
0.9770
0.9830
0.9840
0.9736
0.9830
0.9780
0.9800
0.9800
0.9790
0.9832
0.9810
0.9790
0.9770
0.9860
0.9770
0.9832
0.9780
0.9830
0.9800
0.9840
0.9770
0.9784
0.9830
0.9870
0.9690
0.9890
0.9710
0.9856
0.9780
0.9790
0.9810
0.9800
0.9780
0.9928
0.9820
0.9840
0.9750
0.9750
0.9850
0.9808
0.9810
0.9800
0.9800
0.9820
0.9780
0.9808
0.9850
0.9800
0.9820
0.9760
0.9840
0.9664
0.9790
0.9790
0.9750
0.9840
0.9820
0.9856
0.9800
0.9770
0.9840
0.9800
0.9810
0.9784
0.9850
0.9750
0.9820
0.9840
0.9780
0.9736
0.9840
0.9850
0.9740
0.9760
0.9820
0.9808
0.9770
0.9760
0.9820
0.9860
0.9780
0.9856
0.9800
0.9750
0.9810
0.9840
0.9790
0.9856
0.9800
0.9830
0.9820
0.9820
0.9740
0.9808
0.9870
0.9800
0.9780
0.9840
0.9750
0.9736
0.9800
0.9780
0.9810
0.9800
0.9840
0.9760
0.9850
0.9750
0.9780
0.9840
0.9810
0.9760
0.9780
0.9820
0.9850
0.9770
0.9780
0.9832
0.9770
0.9790
0.9850
0.9770
0.9790
0.9904
0.9830
0.9790
0.9830
0.9700
0.9800
0.9904
0.9810
0.9820
0.9840
0.9800
0.9780
0.9664
0.9820
0.9820
0.9850
0.9730
0.9750
0.9856
0.9740
0.9830
0.9830
0.9790
0.9780
0.9856
0.9740
0.9800
0.9820
0.9730
0.9860
0.9904
0.9820
0.9820
0.9750
0.9800
0.9770
0.9880
0.9780
0.9860
0.9790
0.9810
0.9770
0.9808
0.9750
0.9800
0.9870
0.9850
0.9770
0.9736
0.9810
0.9820
0.9740
0.9840
0.9800
0.9808
0.9810
0.9860
0.9750
0.9830
0.9810
0.9688
0.9790
0.9820
0.9800
0.9790
0.9790
0.9856
0.9740
0.9760
0.9890
0.9800
0.9880
0.9664
0.9840
0.9780
0.9840
0.9800
0.9790
0.9712
0.9770
0.9810
0.9810
0.9820
0.9800
0.9808
0.9810
0.9730
0.9840
0.9840
0.9800
0.9784
0.9810
0.9800
0.9850
0.9730
0.9840
0.9760
0.9840
0.9750
0.9800
0.9800
0.9790
0.9880
0.9750
0.9870
0.9800
0.9780
0.9830
0.9736
0.9910
0.9720
0.9760
0.9830
0.9770
0.9832
0.9800
0.9770
0.9850
0.9790
0.9820
0.9736
0.9740
0.9830
0.9790
0.9770
0.9870
0.9808
0.9680
0.9850
0.9850
0.9780
0.9860
0.9760
0.9800
0.9760
0.9840
0.9850
0.9730
0.9856
0.9750
0.9840
0.9820
0.9820
0.9770
0.9808
0.9860
0.9730
0.9750
0.9770
0.9860
0.9880
0.9790
0.9860
0.9790
0.9770
0.9790
0.9808
0.9860
0.9710
0.9860
0.9770
0.9800
0.9784
0.9870
0.9750
0.9820
0.9760
0.9780
0.9832
0.9810
0.9770
0.9850
0.9810
0.9750
0.9808
0.9840
0.9770
0.9700
0.9840
0.9800
0.9904
0.9830
0.9760
0.9850
0.9780
0.9770
0.9808
0.9850
0.9770
0.9820
0.9740
0.9830
0.9760
0.9840
0.9800
0.9740
0.9880
0.9760
0.9736
0.9810
0.9780
0.9820
0.9720
0.9850
0.9832
0.9780
0.9790
0.9730
0.9790
0.9890
0.9832
0.9830
0.9770
0.9770
0.9800
0.9820
0.9808
0.9690
0.9780
0.9850
0.9860
0.9810
0.9808
0.9750
0.9760
0.9830
0.9850
0.9810
0.9784
0.9800
0.9850
0.9700
0.9870
0.9800
0.9736
0.9820
0.9760
0.9810
0.9790
0.9830
0.9760
0.9860
0.9780
0.9860
0.9760
0.9760
0.9736
0.9770
0.9840
0.9840
0.9780
0.9790
0.9736
0.9800
0.9830
0.9750
0.9750
0.9890
0.9736
0.9840
0.9800
0.9750
0.9850
0.9730
0.9856
0.9840
0.9710
0.9860
0.9830
0.9740
0.9832
0.9780
0.9790
0.9840
0.9720
0.9850
0.9832
0.9720
0.9870
0.9860
0.9810
0.9750
0.9760
0.9790
0.9840
0.9870
0.9720
0.9820
0.9688
0.9820
0.9820
0.9800
0.9820
0.9840
0.9544
0.9760
0.9730
0.9880
0.9840
0.9760
0.9856
0.9780
0.9840
0.9790
0.9790
0.9800
0.9784
0.9770
0.9770
0.9800
0.9840
0.9840
0.9736
0.9870
0.9770
0.9830
0.9800
0.9720
0.9808
0.9760
0.9780
0.9820
0.9800
0.9860
0.9736
0.9800
0.9870
0.9800
0.9820
0.9770
0.9640
0.9850
0.9730
0.9820
0.9790
0.9850
0.9688
0.9840
0.9770
0.9830
0.9760
0.9760
0.9880
0.9760
0.9750
0.9870
0.9800
0.9790
0.9856
0.9770
0.9880
0.9860
0.9760
0.9710
0.9832
0.9770
0.9830
0.9810
0.9790
0.9770
0.9856
0.9810
0.9760
0.9830
0.9800
0.9870
0.9616
0.9840
0.9790
0.9760
0.9800
0.9780
0.9856
0.9790
0.9790
0.9810
0.9820
0.9760
0.9856
0.9840
0.9760
0.9770
0.9760
0.9870
0.9784
0.9820
0.9800
0.9840
0.9770
0.9790
0.9736
0.9870
0.9720
0.9770
0.9770
0.9840
0.9856
0.9790
0.9780
0.9850
0.9810
0.9790
0.9736
0.9770
0.9780
0.9760
0.9820
0.9860
0.9808
0.9840
0.9800
0.9740
0.9860
0.9790
0.9712
0.9780
0.9790
0.9810
0.9740
0.9840
0.9880
0.9760
0.9850
0.9790
0.9860
0.9760
0.9736
0.9800
0.9840
0.9840
0.9720
0.9790
0.9808
0.9770
0.9750
0.9850
0.9830
0.9800
0.9784
0.9770
0.9830
0.9810
0.9780
0.9750
0.9928
0.9780
0.9820
0.9800
0.9770
0.9860
0.9712
0.9810
0.9840
0.9770
0.9820
0.9800
0.9688
0.9790
0.9760
0.9800
0.9820
0.9820
0.9808
0.9820
0.9750
0.9780
0.9870
0.9790
0.9760
0.9820
0.9770
0.9730
0.9860
0.9840
0.9736
0.9800
0.9790
0.9790
0.9810
0.9820
0.9760
0.9800
0.9730
0.9750
0.9870
0.9860
0.9760
0.9770
0.9810
0.9860
0.9690
0.9860
0.9808
0.9740
0.9830
0.9880
0.9850
0.9750
0.9664
0.9850
0.9810
0.9810
0.9780
0.9750
0.9784
0.9750
0.9830
0.9750
0.9860
0.9750
0.9928
0.9810
0.9810
0.9860
0.9730
0.9750
0.9880
0.9780
0.9800
0.9860
0.9750
0.9810
0.9784
0.9800
0.9810
0.9800
0.9830
0.9790
0.9712
0.9850
0.9680
0.9760
0.9850
0.9870
0.9760
0.9860
0.9830
0.9800
0.9720
0.9780
0.9808
0.9800
0.9810
0.9740
0.9850
0.9840
0.9688
0.9820
0.9810
0.9750
0.9870
0.9760
0.9760
0.9770
0.9830
0.9800
0.9790
0.9780
0.9856
0.9760
0.9770
0.9870
0.9810
0.9790
0.9784
0.9800
0.9810
0.9810
0.9780
0.9800
0.9784
0.9810
0.9820
0.9750
0.9790
0.9820
0.9808
0.9830
0.9840
0.9800
0.9790
0.9750
0.9760
0.9780
0.9760
0.9810
0.9760
0.9890
0.9784
0.9810
0.9780
0.9790
0.9750
0.9840
0.9856
0.9800
0.9840
0.9810
0.9760
0.9780
0.9808
0.9800
0.9730
0.9780
0.9830
0.9820
0.9880
0.9740
0.9760
0.9780
0.9870
0.9890
0.9688
0.9800
0.9870
0.9780
0.9800
0.9760
0.9760
0.9730
0.9810
0.9790
0.9800
0.9800
0.9952
0.9740
0.9820
0.9800
0.9800
0.9830
0.9808
0.9760
0.9840
0.9820
0.9850
0.9720
0.9808
0.9800
0.9790
0.9780
0.9820
0.9840
0.9712
0.9770
0.9780
0.9790
0.9830
0.9790
0.9880
0.9800
0.9810
0.9810
0.9770
0.9820
0.9760
0.9880
0.9790
0.9720
0.9810
0.9760
0.9880
0.9810
0.9790
0.9820
0.9830
0.9780
0.9712
0.9790
0.9770
0.9870
0.9830
0.9720
0.9832
0.9810
0.9750
0.9810
0.9850
0.9810
0.9712
0.9820
0.9760
0.9800
0.9790
0.9820
0.9808
0.9710
0.9800
0.9810
0.9810
0.9850
0.9832
0.9910
0.9750
0.9820
0.9760
0.9800
0.9688
0.9820
0.9780
0.9800
0.9810
0.9830
0.9688
0.9870
0.9760
0.9790
0.9730
0.9830
0.9832
0.9830
0.9790
0.9810
0.9830
0.9780
0.9688
0.9780
0.9850
0.9780
0.9830
0.9740
0.9832
0.9810
0.9730
0.9780
0.9870
0.9800
0.9808
0.9830
0.9850
0.9790
0.9780
0.9770
0.9736
0.9730
0.9800
0.9870
0.9750
0.9820
0.9856
0.9760
0.9790
0.9840
0.9760
0.9840
0.9808
0.9740
0.9850
0.9840
0.9790
0.9780
0.9784
0.9800
0.9800
0.9830
0.9780
0.9790
0.9784
0.9720
0.9790
0.9810
0.9860
0.9800
0.9832
0.9820
0.9810
0.9770
0.9770
0.9820
0.9808
0.9850
0.9810
0.9790
0.9810
0.9720
0.9832
0.9820
0.9760
