2.3580
4.2024
3.4461
2.7535
2.5884
2.0836
2.0711
1.7503
1.8203
1.6668
1.6909
1.7928
1.6955
1.4745
1.5301
1.9822
1.3801
1.2374
1.8139
1.4095
1.3576
1.2177
1.9588
1.5565
1.3619
1.2313
1.3837
1.1657
1.1511
1.2891
1.2482
1.2475
1.0167
1.2943
1.2363
1.0154
0.9950
1.1214
1.2678
1.2900
0.9067
1.0165
1.2763
0.9873
0.9054
1.1076
0.9490
1.2657
1.2780
1.0668
1.1594
1.0901
1.0182
1.5468
0.7082
1.0005
1.2263
0.9822
1.0181
1.1757
1.0419
1.1097
0.8291
1.1127
1.2142
1.0556
0.8828
0.7544
0.9818
0.9049
1.3765
1.0936
1.3100
0.8884
0.9833
