3.4130
3.1044
3.4251
3.2341
3.6735
3.3964
3.5076
3.7888
3.2417
3.4358
3.7479
3.9016
3.4990
3.2544
4.0467
3.1849
3.3005
3.0092
3.3876
3.7215
3.8508
3.6515
3.0825
3.3637
3.1476
3.5314
3.5624
3.1588
4.0035
3.3814
3.3851
3.3855
3.4287
3.2423
3.3322
3.0864
3.5958
3.3716
3.1741
3.0399
3.0754
3.3568
3.6585
3.0793
3.3014
3.4279
3.0303
3.4537
3.0392
3.5017
3.4213
3.3754
3.5853
3.2790
3.7844
3.3013
3.3405
3.3350
2.8342
3.3647
3.0940
3.3326
3.8030
3.2884
3.7014
3.3819
3.3099
3.1978
3.2748
3.1348
3.1409
3.4447
2.8847
2.9482
3.6283
