1.9533
3.0875
2.3123
2.3316
1.8991
1.6970
1.4896
1.6811
1.9980
1.2195
1.4410
1.5121
1.8508
1.3885
1.2774
1.4781
1.1014
1.3187
1.2350
1.1600
1.1063
1.1629
1.2907
1.0113
1.2561
1.0246
1.0984
1.1824
1.1353
1.2006
1.0852
0.9916
1.0710
0.9393
1.1432
0.9358
0.9339
1.0436
1.0478
0.8418
0.9866
2.3488
0.9617
0.8960
0.8908
1.2191
1.0300
1.1447
0.9888
0.9610
1.0932
1.2734
0.7090
1.0672
0.8392
1.2563
0.7903
0.8462
0.8021
1.0163
1.0489
0.8738
1.2050
0.6816
0.9231
0.6457
0.7461
0.8264
1.1204
0.8795
1.0951
0.8018
1.0167
0.6584
0.8837
