0.0410
0.0410
0.0340
0.0360
0.0419
0.0420
0.0460
0.0380
0.0420
0.0494
0.0430
0.0560
0.0550
0.0530
0.0479
0.0510
0.0570
0.0600
0.0680
0.0584
0.0690
0.0690
0.0470
0.0490
0.0464
0.0580
0.0560
0.0500
0.0460
0.0419
0.0380
0.0300
0.0490
0.0360
0.0479
0.0380
0.0330
0.0270
0.0300
0.0165
0.0330
0.0260
0.0220
0.0200
0.0210
0.0210
0.0230
0.0140
0.0180
0.0195
0.0180
0.0150
0.0160
0.0200
0.0225
0.0170
0.0180
0.0180
0.0190
0.0180
0.0210
0.0190
0.0230
0.0240
0.0195
0.0240
0.0320
0.0240
0.0280
0.0225
0.0350
0.0250
0.0360
0.0350
0.0299
0.0270
0.0390
0.0400
0.0530
0.0404
0.0490
0.0550
0.0540
0.0580
0.0539
0.0610
0.0730
0.0740
0.0730
0.0868
0.0850
0.1030
0.0940
0.1190
0.0988
0.1230
0.1330
0.1350
0.1380
0.1512
0.1470
0.1600
0.1870
0.1930
0.2126
0.2140
0.2070
0.2130
0.2370
0.2650
0.2280
0.2700
0.2810
0.3040
0.3234
0.3370
0.3200
0.3410
0.3450
0.3907
0.3740
0.3770
0.4130
0.4280
0.4207
0.4210
0.4440
0.4670
0.4960
0.4940
0.5190
0.5090
0.5250
0.5120
0.5195
0.5270
0.5820
0.5480
0.5680
0.6063
0.5750
0.6160
0.6140
0.6000
0.6347
0.6440
0.6510
0.6370
0.6440
0.6527
0.6760
0.6660
0.6970
0.6890
0.6482
0.7010
0.7090
0.7090
0.7060
0.7246
0.7240
0.7490
0.7370
0.7260
0.7380
0.7580
0.7360
0.7510
0.7570
0.7710
0.7720
0.7500
0.7680
0.7600
0.7829
0.7630
0.7700
0.7790
0.7740
0.7784
0.7950
0.7530
0.7790
0.7760
0.7725
0.7680
0.7980
0.7640
0.7760
0.7784
0.7950
0.7680
0.7800
0.7840
0.7380
0.7400
0.7810
0.7750
0.8030
0.7814
0.7690
0.7700
0.7780
0.7860
0.7650
0.7680
0.7740
0.7550
0.7940
0.7530
0.7690
0.7680
0.7790
0.7490
0.7680
0.7630
0.7790
0.7650
0.7620
0.7470
0.7550
0.7780
0.7450
0.7590
0.7889
0.7430
0.7730
0.7600
0.7640
0.7575
0.7520
0.7720
0.7510
0.7550
0.7665
0.7560
0.7640
0.7680
0.7460
0.7530
0.7580
0.7550
0.7570
0.7630
0.7530
0.7630
0.7610
0.7630
0.7560
0.7410
0.7710
0.7500
0.7470
0.7670
0.7620
0.7500
0.7570
0.7610
0.7700
0.7695
0.7680
0.7470
0.7660
0.7680
0.7665
0.7650
0.7740
0.7620
0.7690
0.7395
0.7850
0.7730
0.7540
0.7510
0.7665
0.7770
0.7460
0.7740
0.7730
0.7695
0.7740
0.7690
0.7880
0.7480
0.7590
0.7710
0.7710
0.7770
0.7700
0.7515
0.7760
0.7650
0.7610
0.7730
0.7814
0.7870
0.7540
0.7900
0.7500
0.7769
0.7710
0.7660
0.7930
0.7740
0.7515
0.7610
0.7820
0.7650
0.7730
0.7949
0.7610
0.7840
0.7880
0.7700
0.7754
0.7980
0.7730
0.7600
0.7660
0.7859
0.7970
0.7700
0.7790
0.7760
0.7530
0.7760
0.7900
0.7580
0.7890
0.7740
0.7760
0.7690
0.7780
0.7810
0.7979
0.7600
0.7960
0.7930
0.7770
0.7680
0.7990
0.7630
0.7700
0.7880
0.7769
0.7870
0.7780
0.7730
0.7660
0.8039
0.7920
0.7880
0.7610
0.7710
0.7919
0.7580
0.8110
0.7840
0.7740
0.7710
0.7690
0.7930
0.7800
0.7790
0.7844
0.7780
0.7730
0.7910
0.7650
0.8039
0.7790
0.7760
0.7720
0.8010
0.7740
0.7920
0.7830
0.7850
0.7610
0.7829
0.7860
0.7570
0.8070
0.7820
0.7695
0.7900
0.7820
0.7890
0.7710
0.7650
0.7600
0.7770
0.7850
0.7900
0.7919
0.7910
0.7860
0.7800
0.7590
0.7754
0.7730
0.7750
0.7810
0.7810
0.7784
0.7770
0.7680
0.7900
0.7710
0.7859
0.7610
0.7880
0.7760
0.7820
0.7844
0.7790
0.7900
0.7830
0.7650
0.7710
0.7750
0.7820
0.7750
0.7930
0.7650
0.7820
0.7780
0.7680
0.7890
0.7769
0.7920
0.7670
0.7690
0.7980
0.7620
0.7780
0.7950
0.7740
0.7720
0.7740
0.7800
0.7860
0.7950
0.7680
0.7605
0.7700
0.7690
0.8000
0.7910
0.7680
0.7750
0.7770
0.7970
0.7900
0.7575
0.7650
0.7850
0.7950
0.7750
0.7829
0.7860
0.7680
0.7840
0.7870
0.7799
0.7700
0.7840
0.7890
0.7830
0.7784
0.7630
0.7750
0.7880
0.7760
0.8144
0.7610
0.8000
0.7740
0.7820
0.7904
0.7760
0.7720
0.7920
0.7960
0.7620
0.8070
0.7810
0.7810
0.7560
0.7814
0.7780
0.7720
0.7760
0.7930
0.7904
0.7930
0.7750
0.7830
0.7900
0.7665
0.7790
0.8030
0.7660
0.7940
0.7650
0.7730
0.7800
0.7920
0.7820
0.7874
0.7910
0.7770
0.7810
0.7820
0.7859
0.7950
0.7790
0.7720
0.7850
0.7859
0.7780
0.7760
0.7940
0.7800
0.7964
0.7760
0.7670
0.7810
0.8030
0.7949
0.7880
0.7850
0.7850
0.7740
0.7904
0.7880
0.8050
0.7690
0.7730
0.7889
0.7810
0.7980
0.7660
0.7900
0.7919
0.7970
0.8010
0.7750
0.7800
0.7665
0.7920
0.7760
0.7800
0.7880
0.7934
0.7960
0.7790
0.7730
0.7930
0.7844
0.7890
0.7870
0.7960
0.7790
0.7695
0.7640
0.7970
0.8060
0.7680
0.7919
0.7940
0.8020
0.7730
0.7760
0.7799
0.7820
0.7730
0.7960
0.7850
0.7889
0.7720
0.7800
0.7940
0.7970
0.7814
0.7800
0.8070
0.7790
0.7700
0.7919
0.7850
0.7930
0.7710
0.7690
0.8174
0.7860
0.7960
0.7930
0.7720
0.7725
0.7710
0.7760
0.7830
0.8010
0.7934
0.7910
0.7770
0.7640
0.7800
0.8159
0.7890
0.7910
0.7710
0.7920
0.7695
0.7790
0.7820
0.7870
0.7830
0.7829
0.7860
0.7940
0.7770
0.7810
0.7814
0.7650
0.7840
0.7950
0.7930
0.7799
0.7860
0.7930
0.7820
0.7680
0.7964
0.7790
0.7770
0.7890
0.7890
0.7889
0.7770
0.7750
0.7760
0.8090
0.7859
0.7830
0.7820
0.7860
0.7830
0.7964
0.7950
0.7840
0.7750
0.7920
0.7754
0.7910
0.7770
0.7900
0.7890
0.7725
0.7920
0.7870
0.8030
0.7640
0.7754
0.7670
0.7860
0.7770
0.8120
0.7814
0.7660
0.7780
0.8000
0.7800
0.8054
0.7780
0.7740
0.7830
0.7910
0.8039
0.7930
0.7710
0.8010
0.7760
0.7844
0.7820
0.7900
0.7920
0.7870
0.7710
0.7930
0.7900
0.7700
0.7960
0.7754
0.7940
0.7840
0.7960
0.7690
0.7859
0.7900
0.7890
0.7900
0.7860
0.7680
0.7570
0.7860
0.7950
0.8110
0.7784
0.7960
0.8090
0.7710
0.7830
0.7650
0.7920
0.7840
0.7940
0.7850
0.7665
0.8010
0.7890
0.7660
0.7920
0.7710
0.7960
0.7830
0.8030
0.7570
0.7859
0.7760
0.7740
0.7900
0.7800
0.8129
0.7600
0.7960
0.8010
0.7860
0.7829
0.7990
0.7980
0.7950
0.7760
0.7560
0.7930
0.7920
0.7710
0.7880
0.8009
0.7980
0.7810
0.7860
0.7950
0.7814
0.8080
0.7900
0.7810
0.7790
0.7829
0.7920
0.7950
0.7940
0.7780
0.7829
0.7970
0.7750
0.8030
0.7800
0.7904
0.7810
0.7900
0.8050
0.7810
0.7934
0.7760
0.8050
0.7950
0.7900
0.7784
0.7870
0.7980
0.7920
0.7810
0.7919
0.7830
0.7710
0.7870
0.7970
0.8234
0.7980
0.8050
0.7800
0.7760
0.7964
0.7950
0.8050
0.7830
0.7850
0.7874
0.7800
0.8030
0.7970
0.7880
0.7889
0.8050
0.7840
0.7970
0.7820
0.7889
0.7780
0.7680
0.8000
0.8130
0.8054
0.7940
0.8200
0.7860
0.7760
0.7829
0.7950
0.8020
0.7900
0.7890
0.7829
0.7920
0.7940
0.7870
0.7970
0.7919
0.7880
0.7940
0.7860
0.8060
0.7874
0.7720
0.8070
0.7930
0.7940
0.7979
0.7920
0.7860
0.7930
0.8030
0.7844
0.7870
0.7950
0.7750
0.7980
0.8129
0.7930
0.8180
0.7920
0.7980
0.7395
0.8260
0.7820
0.7870
0.7750
0.7829
0.7820
0.7770
0.8010
0.7930
0.8084
0.7920
0.7940
0.7870
0.7820
0.8069
0.7840
0.7910
0.7940
0.7900
0.8009
0.8000
0.7820
0.8010
0.7930
0.7829
0.8090
0.7850
0.7900
0.8030
0.7650
0.7820
0.7940
0.7880
0.8040
0.7964
0.7860
0.7970
0.8000
0.7860
0.7949
0.7880
0.7890
0.8000
0.8090
0.7680
0.7840
0.8120
0.7900
0.7870
0.7874
0.7920
0.8090
0.7890
0.7760
0.7979
0.7860
0.7860
0.7950
0.7980
0.8009
0.7970
0.7900
0.7940
0.7930
0.7919
0.8020
0.8130
0.7730
0.7810
0.7964
0.7990
0.8040
0.7780
0.7900
0.7949
0.7900
0.7810
0.7930
0.7910
0.8174
0.7970
0.8080
0.7840
0.7780
0.7979
0.7810
0.8020
0.7780
0.8010
0.8054
0.7890
0.7890
0.7810
0.8030
0.8039
0.7860
0.7880
0.7890
0.8020
0.7994
0.7800
0.8020
0.8030
0.7970
0.7740
0.8120
0.7940
0.7880
0.7890
0.7710
0.7810
0.8140
0.8020
0.7900
0.7650
0.7860
0.7840
0.7980
0.8070
0.7814
0.8050
0.7930
0.7780
0.7890
0.7934
0.7850
0.8010
0.8110
0.7710
0.7844
0.7890
0.7920
0.7770
0.7930
0.8144
0.7790
0.7800
0.8060
0.7930
0.8054
0.7830
0.8020
0.7880
0.7900
0.7964
0.7930
0.8000
0.7830
0.7940
0.7859
0.8020
0.7860
0.7950
0.7820
0.7919
0.7810
0.8070
0.7760
0.7880
0.8129
0.7910
0.8040
0.7860
0.7830
0.7949
0.8040
0.7680
0.8090
0.7970
0.7725
0.7970
0.7840
0.8020
0.7810
0.7919
0.7770
0.8020
0.7800
0.7970
0.8039
0.8080
0.8020
0.7840
0.7870
0.7710
0.7890
0.8130
0.7600
0.8060
0.7934
0.7990
0.8050
0.7850
0.7850
0.7889
0.7960
0.7880
0.7990
0.7900
0.7904
0.7940
0.7940
0.8010
0.7800
0.7979
0.8140
0.7890
0.7900
0.7870
0.7844
0.7880
0.7940
0.7820
0.7930
0.8189
0.8020
0.7890
0.7990
0.7880
0.7859
0.7880
0.8030
0.7830
0.8030
0.7889
0.7830
0.7890
0.8090
0.7890
0.7994
0.7710
0.8050
0.7990
0.7950
0.8009
0.8210
0.7800
0.7960
0.7790
0.7934
0.8010
0.8070
0.7920
0.7840
0.7814
0.7790
0.8280
0.7860
0.7830
0.7934
0.7950
0.7860
0.8000
0.8000
0.7859
0.7880
0.7940
0.8110
0.7870
0.7859
0.8180
0.8110
0.7650
0.7810
0.7949
0.8070
0.7970
0.7920
0.7760
0.7994
0.8020
0.7850
0.7850
0.7930
0.8114
0.7820
0.7910
0.7930
0.8090
0.7964
0.7660
0.8070
0.8010
0.8180
0.7710
0.7810
0.8140
0.7870
0.7910
0.7979
0.8030
0.7740
0.7980
0.7940
0.8024
0.7860
0.8030
0.8000
0.7910
0.7889
0.8080
0.7880
0.7980
0.7810
0.7934
0.7930
0.7940
0.7990
0.7830
0.7994
0.7950
0.7890
0.7810
0.8050
0.7994
0.7750
0.7790
0.8120
0.8000
0.8039
0.7970
0.8160
0.7840
0.7810
0.7859
0.8140
0.7930
0.7760
0.7940
0.7859
0.7980
0.7980
0.7990
0.7800
0.7844
0.8020
0.7960
0.7930
0.7780
0.7964
0.7950
0.7840
0.7880
0.8030
0.7964
0.7910
0.8010
0.7940
0.7970
0.7784
0.7980
0.7690
0.8140
0.7910
0.7964
0.7710
0.8080
0.8000
0.7950
0.7934
0.7800
0.7930
0.8100
0.7900
0.7949
0.7930
0.7710
0.8200
0.8020
0.7769
0.7910
0.7920
0.8030
0.7920
0.7859
0.8040
0.7760
0.7870
0.7880
0.8219
0.7970
0.8040
0.7810
0.7740
0.8204
0.7950
0.7970
0.8010
0.7910
0.7799
0.7900
0.7830
0.8060
0.8020
0.7874
0.7850
0.8080
0.7750
0.8100
0.7919
0.7740
0.7880
0.8120
0.8050
0.7934
0.8170
0.7910
0.7890
0.7880
0.7859
0.7980
0.7730
0.8120
0.7940
0.8009
0.8130
0.7810
0.7920
0.7980
0.7904
0.8080
0.8120
0.7660
0.8030
0.7829
0.8010
0.7990
0.7990
0.8030
0.7635
0.8100
0.7880
0.7550
0.8080
0.8219
0.7910
0.7770
0.8180
0.7960
0.7919
0.7920
0.8050
0.8040
0.8000
0.7605
0.7960
0.7930
0.7760
0.7980
0.8174
0.7900
0.7820
0.8060
0.7930
0.8054
0.7890
0.7860
0.7960
0.8110
0.7844
0.7770
0.7960
0.8200
0.7810
0.7964
0.7940
0.7920
0.7870
0.8130
0.7799
0.8090
0.8000
0.7910
0.7850
0.7799
0.8250
0.8050
0.7620
0.8060
0.7605
0.7930
0.8110
0.7780
0.8000
0.7844
0.7870
0.7960
0.8090
0.7850
0.7904
0.7830
0.7990
0.7880
0.7990
0.8024
0.7920
0.8040
0.7860
0.7870
0.8024
0.7760
0.7900
0.7950
0.8070
0.8039
0.8090
0.7920
0.7660
0.7990
0.8054
0.7950
0.7800
0.7930
0.8090
0.7859
0.8150
0.8020
0.7630
0.7780
0.8159
0.7870
0.7780
0.8000
0.8110
0.7889
0.7940
0.7710
0.8050
0.8050
0.7934
0.8080
0.7960
0.7860
0.7770
0.8054
0.8180
0.7800
0.8100
0.7750
0.7799
0.7770
0.8000
0.8060
0.7850
0.8069
0.8070
0.7870
0.8030
0.7910
0.7754
0.8000
0.7790
0.8110
0.7660
0.8219
0.7750
0.7890
0.8150
0.7980
0.7904
0.8170
0.7980
0.7920
0.7850
0.7650
0.7740
0.7950
0.8120
0.7980
0.7859
0.8130
0.7930
0.7910
0.7840
0.7829
0.7770
0.8010
0.7990
0.8020
0.7889
0.7900
0.8130
0.7800
0.7900
0.7994
0.7930
0.7910
0.8080
0.7990
0.7710
0.7880
0.7880
0.7980
0.8120
0.7769
0.8060
0.7930
0.7880
0.7880
0.7949
0.7930
0.7990
0.7970
0.7980
0.7769
0.7880
0.7900
0.7980
0.7940
0.8009
0.8080
0.8120
0.7940
0.7700
0.7769
0.7950
0.8040
0.7980
0.7810
0.7829
0.7930
0.7970
0.7960
0.7720
0.8114
0.7660
0.8120
0.7860
0.8050
0.7949
0.7810
0.8080
0.7960
0.7830
0.7964
0.7850
0.7940
0.7990
0.7990
0.7874
0.7840
0.7950
0.7980
0.8090
0.7754
0.7910
0.7870
0.8080
0.7940
0.7874
0.7990
0.7940
0.7840
0.7990
0.7934
0.7950
0.7710
0.7970
0.8130
0.7934
0.7850
0.8000
0.7980
0.7950
0.7874
0.7920
0.8050
0.7970
0.7930
0.7725
0.7780
0.7920
0.7990
0.8030
0.7904
0.8060
0.8020
0.7660
0.7760
0.8219
0.8010
0.7960
0.7720
0.8000
0.7904
0.7880
0.7970
0.7790
0.8020
0.7964
0.7860
0.7980
0.7860
0.7940
0.7994
0.8050
0.7730
0.7830
0.7990
0.8039
0.7950
0.7860
0.7610
0.8030
0.8278
0.7940
0.7970
0.8050
0.7790
0.7844
0.7780
0.7950
0.8050
0.7960
0.7829
0.7920
0.7850
0.7870
0.8020
0.7949
0.7980
0.7700
0.8120
0.7930
0.7829
0.7860
0.7880
0.7850
0.7950
0.8099
0.7890
0.7860
0.7920
0.7840
0.8114
0.7970
0.7780
0.8020
0.7790
0.8024
0.7980
0.7750
0.7960
0.7990
0.7814
0.7970
0.8010
0.7780
0.7830
0.7949
0.7780
0.8040
0.7790
0.7990
0.7949
0.7860
0.7910
0.8040
0.7890
0.7814
0.8190
0.7840
0.7880
0.7840
0.7725
0.7970
0.7810
0.7920
0.7880
0.7949
0.7900
0.7750
0.8010
0.7760
0.8174
0.8160
0.7630
0.7860
0.8030
0.7784
0.8120
0.7690
0.7790
0.7700
0.8323
0.7800
0.7930
0.7950
0.7880
0.7964
0.7950
0.7880
0.7760
0.8040
0.7844
0.7920
0.7750
0.7870
0.7980
0.8009
0.7930
0.7880
0.7780
0.7950
0.7964
0.7980
0.7880
0.7650
0.8040
0.7949
0.8010
0.7880
0.7920
0.7870
0.7754
0.7700
0.7920
0.7880
0.8010
0.8009
0.7680
0.8200
0.8010
0.7680
0.7919
0.7740
0.7950
0.8080
0.7870
0.7829
0.7930
0.7910
0.7910
0.7800
0.8009
0.8050
0.7870
0.7910
0.7890
0.7769
0.8160
0.7780
0.7980
0.7780
0.7799
0.7680
0.7870
0.7910
0.8080
0.8054
0.7850
0.7950
0.7950
0.7970
0.7769
0.7970
0.7930
0.7650
0.8010
0.8009
0.7900
0.7970
0.7930
0.8010
0.7650
0.7940
0.7910
0.7880
0.7910
0.7874
0.8060
0.7860
0.7910
0.7770
0.7919
0.8000
0.7850
0.7870
0.7920
0.7829
0.8010
0.8000
0.7770
0.7810
0.7889
0.7780
0.7840
0.7970
0.8020
0.7874
0.7850
0.7860
0.8030
0.7920
0.7814
0.7960
0.8040
0.7860
0.7750
0.7919
0.7860
0.7890
0.7880
0.8120
0.7725
0.8010
0.7880
0.7830
0.8030
0.7725
0.7980
0.7950
0.7850
0.7830
0.7889
0.7650
0.8100
0.8130
0.7730
0.7889
0.8010
0.7890
0.7590
0.8110
0.7874
0.7760
0.7940
0.7900
0.7830
0.8144
0.8020
0.7810
0.7920
0.7690
0.8114
0.7960
0.7900
0.7720
0.8040
0.7829
0.7830
0.8000
0.7840
0.7850
0.7964
0.7770
0.7990
0.7790
0.8180
0.7650
0.7910
0.7990
0.7870
0.7790
0.7874
0.8270
0.7870
0.7880
0.7720
0.7605
0.7990
0.7870
0.7840
0.7890
0.7799
0.7830
0.7870
0.7810
0.7900
0.8069
0.7940
0.8080
0.7640
0.7810
0.7979
0.7860
0.7740
0.7850
0.7950
0.8084
0.7960
0.7990
0.7740
0.8000
0.7665
0.7930
0.7820
0.7850
0.8000
0.7814
0.7600
0.8040
0.7890
0.8050
0.7874
0.7960
0.7810
0.7760
0.7850
0.8189
0.8250
0.7990
0.7710
0.7710
0.7769
0.7820
0.7690
0.7880
0.8230
0.7844
0.7960
0.7930
0.7810
0.7870
0.7919
0.7760
0.7830
0.7950
0.7970
0.7979
0.7970
0.7870
0.7790
0.7960
0.7829
0.8000
0.7720
0.7830
0.8080
0.7769
0.7820
0.7860
0.7860
0.7900
0.8054
0.7880
0.7890
0.8140
0.7710
0.7784
0.7970
0.7800
0.7820
0.7890
0.7979
0.7910
0.7860
0.7880
0.7940
0.7814
0.7960
0.7900
0.7980
0.7750
0.7799
0.7790
0.7940
0.7940
0.7870
0.7874
0.8170
0.7890
0.7610
0.7860
0.7889
0.7750
0.8050
0.7810
0.7950
0.7844
0.7630
0.7960
0.8010
0.7810
0.8069
0.7850
0.7740
0.8030
0.7880
0.7934
0.7880
0.7890
0.7760
0.7990
0.7919
0.7820
0.7750
0.7970
0.7960
0.7949
0.7870
0.7890
0.7970
0.7940
0.7695
0.7900
0.7880
0.7780
0.7900
0.7964
0.8130
0.7740
0.7910
0.7880
0.7680
0.7720
0.7990
0.7960
0.8030
0.7635
0.7790
0.7960
0.7870
0.7870
0.7949
0.7700
0.7860
0.8010
0.7860
0.8039
0.8150
0.7840
0.7800
0.7820
0.7769
0.7790
0.8000
0.7680
0.7990
0.7949
0.8120
0.7920
0.7710
0.7870
0.7710
0.7920
0.7750
0.7940
0.7800
0.8024
0.7730
0.7800
0.7770
0.8000
0.8189
0.7790
0.7800
0.7820
0.8010
0.7994
0.7850
0.7790
0.7780
0.7970
0.8024
0.7840
0.8100
0.7820
0.7890
0.7635
0.7850
0.7780
0.7860
0.7890
0.8039
0.7870
0.7870
0.7750
0.7950
0.7964
0.8000
0.7880
0.7760
0.7760
0.8024
0.7860
0.7670
0.7770
0.8200
0.7889
0.7830
0.7940
0.7990
0.7700
0.7964
0.7780
0.7870
0.7850
0.7880
0.8084
0.7810
0.7690
0.7770
0.8110
0.8084
0.7810
0.7710
0.7960
0.7990
0.7949
0.7850
0.7850
0.7880
0.7840
0.7994
0.7840
0.7820
0.7970
0.7720
0.8099
0.7780
0.8020
0.7710
0.7880
0.7994
0.7910
0.7820
0.7880
0.7740
0.8039
0.7710
0.7660
0.8090
0.7970
0.7919
0.7750
0.7780
0.8030
0.7850
0.7949
0.7800
0.7790
0.8010
0.7780
0.7994
0.7780
0.7920
0.7890
0.7700
0.8129
0.7950
0.7770
0.7840
0.7920
0.7814
0.7850
0.7860
0.7990
0.7980
0.7515
0.7650
0.7960
0.7800
0.8060
0.7844
0.7910
0.7890
0.7940
0.7730
0.7844
0.7820
0.7900
0.7710
0.8090
0.7769
0.7850
0.7900
0.7730
0.7980
0.7844
0.7910
0.7670
0.8060
0.7730
0.7979
0.7710
0.7910
0.8030
0.7850
0.7784
0.7900
0.7640
0.8190
0.7730
0.7829
0.7760
0.8040
0.8040
0.7830
0.7515
0.8030
0.7820
0.7780
0.7800
0.7874
0.7780
0.7900
0.7870
0.7980
0.7740
0.7910
0.8030
0.7720
0.7780
0.7889
0.7850
0.7790
0.7890
0.7970
0.7799
0.7890
0.7940
0.7790
0.7700
0.8054
0.7800
0.8010
0.7710
0.7900
0.7889
0.7980
0.7670
0.7800
0.8000
0.7829
0.7860
0.7610
0.7870
0.8080
0.7859
0.8140
0.7860
0.7650
0.7810
0.7799
0.8080
0.7680
0.7830
0.7840
0.7829
0.7850
0.7930
0.7570
0.7860
0.8174
0.7880
0.7880
0.7750
0.7740
0.8099
0.7770
0.7790
0.7680
0.8190
0.7829
0.7800
0.7870
0.7800
0.7920
0.7874
0.7820
0.7910
0.7940
0.7820
0.7725
0.7850
0.7960
0.7790
0.7800
0.7844
0.7820
0.7860
0.7750
0.7820
0.8084
0.7960
0.7900
0.7780
0.7900
0.7620
0.7620
0.7980
0.7620
0.8060
0.8009
0.7560
0.7870
0.7660
0.8050
0.8234
0.7940
0.7690
0.7920
0.7830
0.7874
0.7780
0.7800
0.7880
0.7770
0.8099
0.7990
0.7820
0.7940
0.7750
0.7680
0.7760
0.7950
0.7920
0.7740
0.7874
0.7930
0.7760
0.7830
0.7730
0.8039
0.7720
0.7840
0.7850
0.7890
0.7964
0.7900
0.7830
0.7810
0.7770
0.7934
0.7750
0.7820
0.7960
0.7970
0.7650
0.7930
0.7730
0.7950
0.7880
0.7680
0.7940
0.7770
0.7860
0.7840
0.7799
0.8000
0.7690
0.7970
0.7660
0.7919
0.7850
0.7830
0.7850
0.7740
0.7979
0.7690
0.7740
0.7960
0.7880
0.7994
0.7940
0.7900
0.7740
0.7740
0.7934
0.7770
0.7810
0.7870
0.8000
0.7740
0.7800
0.7910
0.7980
0.7590
0.7979
0.8170
0.7710
0.7630
0.7830
0.7889
0.7920
0.7810
0.7860
0.7700
0.7949
0.7840
0.7800
0.7810
0.7840
0.7934
0.7790
0.8070
0.7770
0.7790
0.7725
0.7810
0.7840
0.7760
0.8000
0.7740
0.7970
0.7810
0.7780
0.7860
0.7695
0.7740
0.7900
0.7800
0.7880
0.7814
0.7640
0.7890
0.7830
0.8060
0.7680
0.7930
0.7770
0.7830
0.7850
0.7740
0.8060
0.7840
0.7840
0.7600
0.7799
0.7930
0.7910
0.7760
0.7710
0.7829
0.7790
0.7780
0.7760
0.7940
0.7889
0.7960
0.7880
0.7710
0.7840
0.7680
0.7760
0.7930
0.7850
0.7760
0.7829
0.7900
0.7860
0.7660
0.7920
0.7784
0.7820
0.7770
0.7850
0.7850
0.7859
0.7840
0.7960
0.7780
0.7850
0.7635
0.7610
0.7950
0.7820
0.7900
0.7859
0.7990
0.7910
0.7840
0.7740
0.7530
0.7880
0.7730
0.7890
0.7810
0.7754
0.7730
0.7870
0.7820
0.7940
0.7680
0.7900
0.7780
0.7840
0.7740
0.7844
0.7880
0.7820
0.7920
0.7810
0.7575
0.7780
0.7870
0.7820
0.7690
0.7964
0.7610
0.7890
0.7990
0.7810
0.7754
0.7760
0.7630
0.7870
0.8000
0.7814
0.7530
0.7880
0.7940
0.7850
0.7889
0.7900
0.7630
0.7580
0.7950
0.8069
0.7900
0.7860
0.7760
0.7570
0.7994
0.7870
0.7650
0.7760
0.7940
0.7799
0.7850
0.7660
0.7940
0.7700
0.7889
0.8010
0.7650
0.7880
0.7670
0.7784
0.8020
0.7560
0.8070
0.7700
0.7590
0.8020
0.7620
0.7830
0.7690
0.7859
0.7610
0.7620
0.7900
0.7850
0.8129
0.7840
0.7850
0.7780
0.7740
0.7799
0.7660
0.7890
0.7870
0.7880
0.7680
0.7860
0.7860
0.7800
0.7670
0.7859
0.8040
0.7800
0.7830
0.7780
0.7470
0.7820
0.7880
0.7760
0.7740
0.7829
0.7820
0.7680
0.7850
0.7820
0.7889
0.7740
0.7710
0.7990
0.7820
0.7754
0.7970
0.7810
0.7750
0.7680
0.7829
0.7660
0.7770
0.7800
0.7930
0.7904
0.7920
0.7830
0.7820
0.7680
0.7799
0.7610
0.8010
0.7740
0.7620
0.8189
0.7610
0.8030
0.7830
0.7750
0.7814
0.7800
0.7780
0.7820
0.7780
0.7874
0.7780
0.7710
0.7920
0.7790
0.7829
0.8060
0.7870
0.7700
0.7700
0.7635
0.7950
0.7800
0.7530
0.7940
0.7769
0.7700
0.7820
0.7860
0.7720
0.7919
0.7640
0.7940
0.7870
0.8000
0.7395
0.7710
0.7750
0.7920
0.7790
0.7799
0.7650
0.7880
0.7680
0.7800
0.8054
0.7870
0.7560
0.8070
0.7680
0.7784
0.7740
0.7880
0.7870
0.7830
0.7575
0.7720
0.7790
0.7650
0.7790
0.8129
0.7870
0.7880
0.7860
0.7700
0.7590
0.7740
0.7830
0.7830
0.7800
0.7754
0.7850
0.7780
0.7690
0.7810
0.7844
0.7600
0.7820
0.7830
0.7890
0.7799
0.7820
0.7620
0.7860
0.7850
0.7799
0.7710
0.7630
0.7720
0.8030
0.7874
0.7740
0.7850
0.7730
0.7740
0.7889
0.7890
0.7860
0.7780
0.7680
0.7665
0.7640
0.7920
0.7730
0.7710
0.7994
0.8020
0.7830
0.7740
0.7590
0.7725
0.7600
0.7800
0.7770
0.7840
0.7979
0.7820
0.7630
0.8020
0.7640
0.7829
0.7630
0.7710
0.8000
0.7710
0.7919
0.7590
0.7750
0.7920
0.7780
0.7934
0.7660
0.7680
0.7950
0.7880
0.7725
0.7910
0.7700
0.7800
0.7560
0.8009
0.7690
0.7700
0.7860
0.7830
0.7814
0.7810
0.7740
0.7820
0.7770
0.7725
0.7820
0.7890
0.7760
0.7620
0.7799
0.7800
0.7790
0.7590
0.7870
0.7859
0.7630
0.7780
0.7980
0.7560
0.7994
0.7940
0.7720
0.7750
0.7700
0.7740
0.7840
0.7730
0.7800
0.7780
0.7620
0.7740
0.7840
0.7710
0.7670
0.7904
0.7800
0.7750
0.7830
0.7660
0.7844
0.7670
0.7850
0.7810
0.7880
0.7620
0.7780
0.7640
0.7890
0.7830
0.7740
0.7510
0.7840
0.7850
0.7850
0.7904
0.7840
0.7680
0.7880
0.7730
0.7784
0.7730
0.7840
0.7740
0.7890
0.7680
0.7740
0.7890
0.7670
0.7920
0.7635
0.7850
0.7780
0.7690
0.7820
0.7725
0.7940
0.7850
0.7740
0.7660
0.7620
0.7670
0.7870
0.7810
0.7760
0.7695
0.7620
0.7880
0.7890
0.7650
0.7769
0.7730
0.7710
0.7720
0.7930
0.7695
0.7790
0.7680
0.7630
0.7900
0.7814
0.7900
0.7640
0.7790
0.7890
0.7485
0.7860
0.7830
0.7820
0.7580
0.7680
0.7900
0.7620
0.7840
0.7730
0.7650
0.8020
0.7550
0.7720
0.7720
0.7769
0.7760
0.7870
0.7830
0.7460
0.7829
0.7780
0.7520
0.7920
0.7670
0.7814
0.7580
0.7860
0.7670
0.7790
0.7769
0.7840
0.7710
0.7660
0.7750
0.7650
0.7670
0.7880
0.7790
0.7580
0.7710
0.7720
0.7700
0.7840
0.7550
0.7859
0.7770
0.7510
0.7680
0.7810
0.7874
0.7420
0.7850
0.7800
0.7790
0.7740
0.7750
0.7510
0.7800
0.7660
0.7964
0.7740
0.7670
0.7630
0.7730
0.7874
0.7780
0.7700
0.7860
0.7440
0.7859
0.7760
0.7750
0.7830
0.7560
0.7695
0.7920
0.7870
0.7550
0.7570
0.7695
0.7920
0.7680
0.7780
0.7650
0.7515
0.7870
0.7620
0.7900
0.7600
0.7575
0.7640
0.7690
0.7860
0.7640
0.7799
0.7640
0.7590
0.7840
0.7800
0.7740
0.7530
0.7590
0.7650
0.7940
0.7994
0.7700
0.7770
0.7680
0.7600
0.7934
0.7500
0.7690
0.7920
0.7690
0.7859
0.7810
0.7650
0.7760
0.7710
0.7650
0.7950
0.7880
0.7340
0.7800
0.7620
0.7600
0.7840
0.7710
0.7770
0.7725
0.7730
0.7680
0.7630
0.7740
0.7919
0.7700
0.7750
0.7530
0.7800
0.7919
0.7750
0.7730
0.7630
0.7860
0.7650
0.7830
0.8000
0.7630
0.7620
0.7470
0.7720
0.7790
0.7690
0.7800
0.7575
0.7830
0.7760
0.7830
0.7710
0.7380
0.7690
0.7760
0.7730
0.7510
0.8039
0.7800
0.7710
0.7620
0.7720
0.7799
0.7650
0.7540
0.7990
0.7730
0.7725
0.7910
0.7660
0.7740
0.7540
0.7814
0.7710
0.7760
0.7700
0.7780
0.7680
0.7790
0.7780
0.7680
0.7680
0.7754
0.7740
0.7700
0.7580
0.7740
0.8024
0.7810
0.7780
0.7750
0.7690
0.7620
0.7660
0.7770
0.7600
0.7890
0.7784
0.7690
0.7840
0.7650
0.7710
0.7829
0.7690
0.7780
0.7680
0.7780
0.7769
0.7700
0.7930
0.7600
0.7730
0.7725
0.7710
0.7860
0.7870
0.7610
0.7590
0.7770
0.7760
0.7640
0.7760
0.7740
0.7780
0.7790
0.7810
0.7570
0.7665
0.7700
0.7690
0.7730
0.7650
0.7904
0.7490
0.7870
0.7700
0.7810
0.7725
0.7710
0.7750
0.7780
0.7820
0.7425
0.7800
0.7770
0.7710
0.7560
0.7754
0.7670
0.7900
0.7600
0.7810
0.7545
0.7800
0.7880
0.7530
0.7780
0.7500
0.7750
0.7620
0.7630
0.7690
0.7964
0.7740
0.7580
0.7680
0.7690
0.7934
0.7810
0.7910
0.7570
0.7730
0.7455
0.7440
0.7990
0.7590
0.7780
0.7784
0.7770
0.7720
0.7630
0.7740
0.7695
0.7590
0.7550
0.7880
0.7850
0.7695
0.7750
0.7770
0.7760
0.7440
0.7919
0.7530
0.7790
0.7790
0.7640
0.7874
0.7770
0.7740
0.7630
0.7760
0.7650
0.7930
0.7620
0.7610
0.7630
0.7814
0.7680
0.7720
0.7500
0.7930
0.7740
0.7620
0.7610
0.7640
0.7880
0.7829
0.7800
0.7640
0.7840
0.7550
0.7635
0.7700
0.7580
0.7730
0.7860
0.7575
0.7750
0.7730
0.7640
0.7760
0.7545
0.7770
0.7640
0.7530
0.7710
0.7874
0.7760
0.7730
0.7860
0.7530
0.7530
0.7680
0.7730
0.7530
0.7880
0.7620
0.7870
0.7650
0.7690
0.7590
0.7605
0.7620
0.7690
0.7680
0.7830
0.7575
0.7970
0.7630
0.7710
0.7570
0.7455
0.7630
0.7720
0.7680
0.7690
0.7695
0.7410
0.7740
0.7690
0.7800
0.7814
0.7820
0.7500
0.7690
0.7690
0.7740
0.7660
0.7750
0.7700
0.7620
0.7695
0.7540
0.7820
0.7550
0.7920
0.7560
0.7940
0.7560
0.7780
0.7650
0.7425
0.7940
0.7580
0.7620
0.7640
0.7635
0.7700
0.7680
0.7740
0.7640
0.7650
0.7630
0.7710
0.7660
0.7580
0.7919
0.7520
0.7660
0.7670
0.7740
0.7889
0.7600
0.7750
0.7700
0.7540
0.7874
0.7680
0.7750
0.7560
0.7670
0.7740
0.7610
0.7940
0.7590
0.7630
0.7545
0.7530
0.7890
0.7660
0.7640
0.7635
0.7530
0.7870
0.7750
0.7660
0.7500
0.7520
0.7670
0.7780
0.7770
0.7620
0.7520
0.7610
0.7590
0.7920
0.7784
0.7570
0.7770
0.7720
0.7680
0.7620
0.7600
0.7680
0.7500
0.7810
0.7844
0.7640
0.7630
0.7660
0.7880
0.7500
0.7570
0.7720
0.7720
0.7660
0.7710
0.7810
0.7430
0.7570
0.7790
0.7814
0.7810
0.7630
0.7900
0.7460
0.7500
0.7610
0.7820
0.7430
0.7730
0.7784
0.7650
0.7700
0.7620
0.7750
0.7605
0.7570
0.7530
0.7770
0.7630
0.7934
0.7780
0.7660
0.7590
0.7620
0.7710
0.7620
0.7790
0.7480
0.7700
0.7784
0.7690
0.7610
0.7500
0.7860
0.7680
0.7640
0.7710
0.7690
0.7680
0.7590
0.7710
0.7710
0.7740
0.7490
0.7665
0.7780
0.7630
0.7570
0.7760
0.7530
0.7540
0.7760
0.7510
0.7890
0.7605
0.7570
0.7640
0.7710
0.8000
0.7290
0.7720
0.7640
0.7580
0.7550
0.7919
0.7700
0.7610
0.7740
0.7540
0.7784
0.7510
0.7510
0.7820
0.7790
0.7725
0.7840
0.7460
0.7650
0.7640
0.7754
0.7700
0.7600
0.7720
0.7660
0.7605
0.7650
0.7720
0.7360
0.7840
0.7769
0.7620
0.7660
0.7680
0.7660
0.7680
0.7550
0.7760
0.7750
0.7630
0.7545
0.7640
0.7470
0.7830
0.7860
0.7350
0.7620
0.7690
0.7670
0.7560
0.7740
0.7740
0.7500
0.7460
0.7810
0.7784
0.7660
0.7700
0.7540
0.7750
0.7575
0.7610
0.7570
0.7720
0.7670
0.7695
0.7700
0.7540
0.7750
0.7590
0.7710
0.7770
0.7640
0.7710
0.7430
0.7754
0.7760
0.7710
0.7320
0.7570
0.8039
0.7650
0.7840
0.7600
0.7430
0.7799
0.7720
0.7770
0.7480
0.7510
0.7859
0.7570
0.7560
0.7770
0.7570
0.7859
0.7660
0.7680
0.7530
0.7690
0.7695
0.7810
0.7640
0.7550
0.7480
0.7784
0.7390
0.7740
0.7710
0.7830
0.7515
0.7780
0.7560
0.7650
0.7640
0.7590
0.7640
0.7520
0.7680
0.7580
0.7919
0.7530
0.7740
0.7590
0.7810
0.7545
0.7550
0.7590
0.7840
0.7600
0.7695
0.7610
0.7690
0.7700
0.7390
0.7964
0.7740
0.7570
0.7730
0.7640
0.7515
0.7520
0.7800
0.7600
0.7520
0.7859
0.7850
0.7530
0.7490
0.7570
0.7859
0.7590
0.7500
0.7880
0.7610
0.7635
0.7420
0.7650
0.7810
0.7750
0.7575
0.7590
0.7590
0.7710
0.7620
0.7754
0.7490
0.7660
0.7600
0.7690
0.7829
0.7630
0.7550
0.7660
0.7560
0.7874
0.7740
0.7620
0.7460
0.7800
0.7515
0.7690
0.7670
0.7600
0.7700
0.7440
0.7600
0.7620
0.7600
0.7640
0.7725
0.7620
0.7860
0.7470
0.7660
0.7500
0.7550
0.7360
0.8110
0.7550
0.7545
0.7890
0.7430
0.7720
0.7600
0.7395
0.7690
0.7530
0.7570
0.7680
0.7635
0.7620
0.7350
0.7610
0.7700
0.7844
0.7710
0.7650
0.7500
0.7590
0.7590
0.7450
0.7590
0.7750
0.7700
0.7530
0.7570
0.7580
0.7590
0.7780
0.7470
0.7410
0.7600
0.7590
0.7930
0.7440
0.7520
0.7680
0.7610
0.7620
0.7620
0.7630
0.7450
0.7660
0.7690
0.7635
0.7640
0.7670
0.7270
0.7820
0.7680
0.7470
0.7630
0.7640
0.7640
0.7710
0.7620
0.7810
0.7730
0.7330
0.7530
0.7630
0.7400
0.7450
0.7870
0.7725
0.7580
0.7550
0.7730
0.7500
0.7710
0.7610
0.7460
0.7630
0.7710
0.7605
0.7510
0.7640
0.7630
0.7610
0.7635
0.7740
0.7550
0.7740
0.7420
0.7545
0.7550
0.7610
0.7460
0.7720
0.7665
0.7500
0.7540
0.7740
0.7620
0.7575
0.7770
0.7560
0.7430
0.7640
0.7575
0.7790
0.7450
0.7580
0.7660
0.7455
0.7430
0.7630
0.7620
0.7610
0.7740
0.7570
0.7460
0.7490
0.7720
0.7814
0.7450
0.7530
0.7650
0.7740
0.7620
0.7560
0.7590
0.7700
0.7670
0.7380
0.7570
0.7510
0.7610
0.7730
0.7530
0.7740
0.7600
0.7520
0.7550
0.7515
0.7760
0.7510
0.7640
0.7560
0.7395
0.7600
0.7460
0.7700
0.7590
0.7530
0.7580
0.7600
0.7460
0.7720
0.7500
0.7720
0.7600
0.7440
0.7490
0.7650
0.7380
0.7770
0.7670
0.7530
0.7500
0.7640
0.7530
0.7690
0.7560
0.7380
0.7750
0.7450
0.7750
0.7540
0.7275
0.7460
0.7700
0.7640
0.7430
0.7620
0.7490
0.7510
0.7810
0.7630
0.7290
0.7460
0.7370
0.7720
0.7780
0.7455
0.7430
0.7530
0.7370
0.7660
0.7949
0.7700
0.7370
0.7440
0.7700
0.7605
0.7700
0.7420
0.7630
0.7540
0.7425
0.7660
0.7560
0.7540
0.7510
0.7440
0.7630
0.7590
0.7510
0.7480
0.7530
0.7480
0.7490
0.7700
0.7510
0.7605
0.7700
0.7440
0.7430
0.7500
0.7769
0.7600
0.7350
0.7640
0.7640
0.7530
0.7580
0.7580
0.7500
0.7590
0.7470
0.7680
0.7380
0.7750
0.7460
0.7440
0.7240
0.7650
0.7610
0.7690
0.7545
0.7590
0.7540
0.7740
0.7250
0.7650
0.7710
0.7410
0.7500
0.7600
0.7485
0.7570
0.7320
0.7610
0.7690
0.7530
0.7590
0.7760
0.7290
0.7560
0.7485
0.7500
0.7420
0.7700
0.7530
0.7530
0.7550
0.7470
0.7360
0.7720
0.7590
0.7600
0.7460
0.7470
0.7570
0.7575
0.7530
0.7660
0.7560
0.7490
0.7365
0.7690
0.7260
0.7440
0.7830
0.7395
0.7490
0.7450
0.7580
0.7690
0.7410
0.7490
0.7570
0.7620
0.7640
0.7231
0.7500
0.7510
0.7470
0.7670
0.7440
0.7610
0.7560
0.7510
0.7470
0.7425
0.7420
0.7200
0.7760
0.7620
0.7650
0.7680
0.7520
0.7410
0.7500
0.7500
0.7600
0.7500
0.7580
0.7540
0.7305
0.7510
0.7690
0.7530
0.7240
0.7680
0.7720
0.7320
0.7480
0.7600
0.7455
0.7680
0.7450
0.7370
0.7570
0.7515
0.7350
0.7550
0.7550
0.7450
0.7769
0.7620
0.7470
0.7550
0.7430
0.7515
0.7410
0.7430
0.7540
0.7620
0.7620
0.7560
0.7600
0.7290
0.7680
0.7425
0.7410
0.7580
0.7650
0.7450
0.7485
0.7470
0.7500
0.7520
0.7390
0.7784
0.7640
0.7310
0.7740
0.7370
0.7515
0.7340
0.7570
0.7690
0.7410
0.7605
0.7530
0.7410
0.7490
0.7660
0.7485
0.7490
0.7550
0.7340
0.7610
0.7620
0.7460
0.7660
0.7410
0.7380
0.7740
0.7400
0.7560
0.7620
0.7470
0.7530
0.7410
0.7390
0.7530
0.7570
0.7725
0.7710
0.7290
0.7460
0.7560
0.7530
0.7360
0.7530
0.7360
0.7540
0.7874
0.7590
0.7630
0.7500
0.7440
0.7290
0.7590
0.7520
0.7370
0.7630
0.7350
0.7470
0.7480
0.7590
0.7420
0.7575
0.7610
0.7420
0.7560
0.7580
0.7260
0.7370
0.7610
0.7450
0.7360
0.7814
0.7490
0.7400
0.7690
0.7430
0.7485
0.7600
0.7490
0.7460
0.7520
0.7395
0.7580
0.7560
0.7350
0.7410
0.7635
0.7500
0.7430
0.7580
0.7560
0.7365
0.7390
0.7460
0.7480
0.7630
0.7545
0.7400
0.7560
0.7740
0.7490
0.7186
0.7370
0.7540
0.7380
0.7680
0.7515
0.7500
0.7570
0.7490
0.7460
0.7455
0.7530
0.7650
0.7510
0.7260
0.7560
0.7410
0.7700
0.7610
0.7390
0.7350
0.7400
0.7630
0.7360
0.7660
0.7440
0.7570
0.7550
0.7320
0.7570
0.7515
0.7840
0.7210
0.7550
0.7420
0.7485
0.7460
0.7580
0.7510
0.7540
0.7335
0.7490
0.7430
0.7480
0.7390
0.7740
0.7530
0.7530
0.7240
0.7630
0.7530
0.7480
0.7420
0.7700
0.7510
0.7231
0.7510
0.7590
0.7370
0.7410
0.7560
0.7540
0.7250
0.7480
0.7470
0.7754
0.7550
0.7570
0.7430
0.7590
0.7141
0.7450
0.7570
0.7320
0.7470
0.7620
0.7410
0.7560
0.7510
0.7550
0.7305
0.7490
0.7330
0.7430
0.7600
0.7575
0.7490
0.7520
0.7680
0.7560
0.6976
0.7590
0.7490
0.7390
0.7500
0.7365
0.7540
0.7350
0.7620
0.7470
0.7320
0.7630
0.7350
0.7480
0.7510
0.7290
0.7520
0.7530
0.7240
0.7400
0.7710
0.7290
0.7400
0.7670
0.7530
0.7410
0.7580
0.7310
0.7270
0.7690
0.7455
0.7370
0.7330
0.7590
0.7620
0.7350
0.7550
0.7570
0.7290
0.7350
0.7560
0.7490
0.7700
0.7220
0.7350
0.7560
0.7500
0.7630
0.7290
0.7310
0.7605
0.7530
0.7230
0.7680
0.7520
0.7260
0.7370
0.7470
0.7620
0.7390
0.7425
0.7420
0.7720
0.7380
0.7290
0.7455
0.7350
0.7510
0.7410
0.7430
0.7605
0.7400
0.7470
0.7660
0.7310
0.7380
0.7470
0.7470
0.7470
0.7460
0.7335
0.7580
0.7570
0.7430
0.7300
0.7320
0.7480
0.7500
0.7430
0.7380
0.7455
0.7460
0.7290
0.7510
0.7660
0.7260
0.7540
0.7330
0.7440
0.7420
0.7545
0.7130
0.7270
0.7710
0.7580
0.7605
0.7460
0.7340
0.7520
0.7480
0.7395
0.7430
0.7230
0.7660
0.7420
0.7455
0.7640
0.7520
0.7400
0.7310
0.7260
0.7820
0.7510
0.7170
0.7400
0.7216
0.7510
0.7300
0.7470
0.7510
0.7365
0.7390
0.7520
0.7620
0.7240
0.7395
0.7410
0.7390
0.7430
0.7380
0.7635
0.7380
0.7320
0.7480
0.7520
0.7500
0.7490
0.7480
0.7580
0.7310
0.7260
0.7480
0.7470
0.7510
0.7430
0.7201
0.7400
0.7370
0.7540
0.7320
0.7590
0.7400
0.7280
0.7570
0.7300
0.7710
0.7420
0.7490
0.7380
0.7730
0.6991
0.7380
0.7460
0.7240
0.7530
0.7620
0.7600
0.7550
0.7300
0.7320
0.7365
0.7530
0.7360
0.7410
0.7350
0.7545
0.7440
0.7420
0.7460
0.7460
0.7350
0.7530
0.7520
0.7320
0.7320
0.7485
0.7560
0.7420
0.7340
0.7440
0.7380
0.7510
0.7330
0.7420
0.7190
0.7814
0.7440
0.7120
0.7700
0.7340
0.7545
0.7450
0.7230
0.7560
0.7390
0.7485
0.7430
0.7530
0.7380
0.7240
0.7560
0.7040
0.7310
0.7540
0.7630
0.7650
0.7500
0.7450
0.7160
0.7590
0.7380
0.7360
0.7600
0.7450
0.7330
0.7290
0.7200
0.7600
0.7320
0.7460
0.7515
0.7660
0.7480
0.7000
0.7430
0.7485
0.7390
0.7450
0.7340
0.7590
0.7171
0.7800
0.7470
0.7400
0.6990
0.7335
0.7510
0.7560
0.7050
0.7480
0.7380
0.7340
0.7400
0.7280
0.7440
0.7575
0.7400
0.7230
0.7600
0.7450
0.7246
0.7640
0.7270
0.7330
0.7410
0.7290
0.7320
0.7610
0.7410
0.7210
0.7425
0.7300
0.7380
0.7360
0.7370
0.7650
0.7200
0.7390
0.7190
0.7550
0.7740
0.7210
0.7350
0.7340
0.7640
0.7425
0.7480
0.7340
0.7560
0.7220
0.7335
0.7470
0.7460
0.7300
0.7460
0.7201
0.7120
0.7320
0.7260
0.7580
0.7799
0.7450
0.7210
0.7530
0.7380
0.7350
0.7280
0.7340
0.7640
0.7290
0.7350
0.7580
0.7330
0.7390
0.7320
0.7231
0.7480
0.7440
0.7190
0.7390
0.7380
0.7330
0.7350
0.7390
0.7420
0.7395
0.7480
0.7350
0.7220
0.7330
0.7560
0.7320
0.7500
0.7280
0.7540
0.7171
0.7340
0.7150
0.7500
0.7300
0.7695
0.7250
0.7500
0.7630
0.7290
0.7126
0.7400
0.7300
0.7470
0.7310
0.7410
0.7520
0.7330
0.7410
0.7270
0.7290
0.7530
0.7370
0.7320
0.7210
0.7410
0.7430
0.7270
0.7220
0.7370
0.7605
0.7560
0.7550
0.7190
0.7340
0.7081
0.7380
0.7230
0.7420
0.7510
0.7216
0.7390
0.7470
0.7270
0.7300
0.7350
0.7450
0.7200
0.7290
0.7430
0.7410
0.7510
0.7130
0.7380
0.7370
0.7380
0.7320
0.7620
0.7310
0.7190
0.7290
0.7320
0.7420
0.7270
0.7250
0.7530
0.7420
0.7310
0.7520
0.7320
0.7066
0.7580
0.7430
0.7320
0.7080
0.7305
0.7250
0.7330
0.7410
0.7420
0.7290
0.7420
0.7400
0.7240
0.7190
0.7485
0.7360
0.7420
0.7110
0.7520
0.7201
0.7200
0.7320
0.7330
0.7360
0.7485
0.7400
0.7320
0.7280
0.7330
0.7305
0.7270
0.7300
0.7410
0.7450
0.7156
0.7270
0.7350
0.7320
0.7430
0.7275
0.7290
0.7480
0.7190
0.7400
0.7260
0.7430
0.7210
0.7470
0.7230
0.7290
0.7300
0.7340
0.7340
0.7310
0.7365
0.7500
0.7250
0.7570
0.7180
0.7021
0.7660
0.7220
0.7190
0.7280
0.7260
0.7220
0.7180
0.7510
0.7290
0.7455
0.7080
0.7560
0.7310
0.7210
0.7515
0.7300
0.7240
0.7580
0.7370
0.7006
0.7370
0.7260
0.7460
0.7350
0.7096
0.7260
0.7230
0.7460
0.7240
0.7470
0.7380
0.7360
0.7320
0.7300
0.7216
0.7330
0.7420
0.7290
0.7380
0.7081
0.7370
0.7050
0.7280
0.7400
0.7575
0.7150
0.7420
0.7170
0.7480
0.7410
0.7390
0.7370
0.7230
0.7210
0.7440
0.7310
0.7460
0.7360
0.7160
0.7275
0.7170
0.7280
0.7310
0.7300
0.7605
0.7290
0.7380
0.7370
0.7200
0.7320
0.7400
0.7070
0.7430
0.7370
0.7275
0.7020
0.7380
0.7360
0.7430
0.7380
0.7070
0.7300
0.7550
0.7270
0.7365
0.7550
0.7250
0.7110
0.7290
0.7350
0.7280
0.7350
0.7350
0.7230
0.7320
0.7340
0.7280
0.7360
0.7230
0.7305
0.7080
0.7460
0.7200
0.7240
0.7650
0.7520
0.7200
0.7390
0.7230
0.7111
0.7230
0.7370
0.7240
0.7300
0.7440
0.7060
0.7450
0.7430
0.7270
0.7350
0.7370
0.7100
0.7400
0.7300
0.7410
0.7360
0.7210
0.7270
0.7480
0.7216
0.7110
0.7260
0.7370
0.7260
0.7695
0.7090
0.7430
0.7390
0.7280
0.7380
0.7110
0.7510
0.7490
0.7150
0.7260
0.7220
0.7310
0.7300
0.7310
0.7410
0.7410
0.7210
0.7390
0.7210
0.7275
0.7420
0.6950
0.7560
0.7160
0.7470
0.7510
0.7210
0.7280
0.7110
0.7455
0.7110
0.7220
0.7250
0.7720
0.7186
0.7300
0.7220
0.7290
0.7440
0.7231
0.7270
0.7460
0.7370
0.7270
0.7036
0.7330
0.7040
0.7280
0.7500
0.7320
0.7210
0.7420
0.7190
0.7430
0.7186
0.7290
0.7090
0.7380
0.7350
0.7380
0.7240
0.7210
0.7370
0.7310
0.7350
0.7300
0.7140
0.7330
0.7270
0.7470
0.7420
0.7180
0.7230
0.7280
0.7365
0.7440
0.7170
0.7370
0.7120
0.7365
0.7180
0.7330
0.7260
0.7110
0.7650
0.7170
0.7290
0.7070
0.7460
0.7455
0.7420
0.7090
0.7260
0.7120
0.7560
0.7360
0.7310
0.7180
0.7210
0.7305
0.7180
0.7250
0.7260
0.7300
0.7395
0.7460
0.7200
0.7190
0.7160
0.7365
0.7140
0.7420
0.7380
0.7210
0.7171
0.7320
0.7150
0.7270
0.7350
0.7260
0.7230
0.7260
0.7190
0.7330
0.7350
0.7200
0.7370
0.7360
0.7200
0.7171
0.7220
0.7250
0.7260
0.7410
0.7156
0.7130
0.7220
0.7300
0.7330
0.7410
0.7190
0.7170
0.7530
0.7210
0.7201
0.7520
0.7260
0.7040
0.7230
0.7260
0.7080
0.7240
0.7210
0.7470
0.7320
0.7240
0.7270
0.7320
0.7190
0.7290
0.7170
0.7130
0.7520
0.7230
0.7231
0.7200
0.7260
0.7270
0.7310
0.7246
0.7270
0.7600
0.7120
0.7100
0.7156
0.7200
0.7410
0.7240
0.7260
0.7126
0.7370
0.7180
0.7060
0.7310
0.7410
0.7270
0.7270
0.7350
0.6900
0.7605
0.7220
0.7250
0.7330
0.7150
0.7365
0.7320
0.7040
0.7350
0.7150
0.7485
0.7380
0.7120
0.7290
0.7270
0.7201
0.7290
0.7080
0.7280
0.7210
0.7515
0.7170
0.7260
0.7190
0.7550
0.7051
0.7320
0.7160
0.7530
0.7020
0.7231
0.7270
0.7120
0.7260
0.7360
0.7260
0.7230
0.7170
0.7270
0.7240
0.7425
0.7430
0.7240
0.7340
0.7000
0.7290
0.7170
0.7290
0.7300
0.7270
0.7260
0.7390
0.7220
0.7160
0.7250
0.7260
0.7430
0.7370
0.7100
0.7050
0.7365
0.7270
0.7310
0.7240
0.7140
0.7335
0.7260
0.7160
0.7410
0.7160
0.7260
0.7000
0.7430
0.7320
0.7200
0.7320
0.7130
0.7130
0.7150
0.7520
0.7350
0.7170
0.7140
0.7140
0.7550
0.7216
0.7110
0.7260
0.7470
0.7040
0.7395
0.7070
0.7190
0.7390
0.7350
0.7201
0.7320
0.7420
0.7040
0.7220
0.7141
