0.0130
0.0070
0.0170
0.0180
0.0226
0.0290
0.0260
0.0350
0.0430
0.0519
0.0570
0.0810
0.1150
0.1530
0.1491
0.2020
0.2400
0.3210
0.3650
0.4088
0.4790
0.4980
0.6140
0.6100
0.6578
0.7040
0.7690
0.7830
0.7950
0.7989
0.8600
0.8810
0.8920
0.8950
0.9148
0.9190
0.9340
0.9370
0.9430
0.9601
0.9610
0.9720
0.9650
0.9680
0.9720
0.9750
0.9790
0.9770
0.9810
0.9827
0.9830
0.9840
0.9850
0.9800
0.9867
0.9820
0.9820
0.9860
0.9890
0.9854
0.9860
0.9820
0.9840
0.9900
0.9907
0.9810
0.9890
0.9880
0.9840
0.9907
0.9830
0.9890
0.9840
0.9830
0.9920
0.9860
0.9890
0.9800
0.9860
0.9787
0.9810
0.9850
0.9880
0.9870
0.9760
0.9850
0.9800
0.9840
0.9760
0.9800
0.9810
0.9780
0.9790
0.9800
0.9814
0.9770
0.9760
0.9800
0.9700
0.9867
0.9750
0.9770
0.9800
0.9800
0.9694
0.9740
0.9770
0.9690
0.9790
0.9720
0.9700
0.9730
0.9700
0.9780
0.9760
0.9740
0.9710
0.9760
0.9710
0.9747
0.9730
0.9730
0.9780
0.9660
0.9601
0.9650
0.9740
0.9650
0.9830
0.9587
0.9640
0.9730
0.9770
0.9620
0.9694
0.9640
0.9710
0.9680
0.9670
0.9680
0.9660
0.9660
0.9670
0.9680
0.9680
0.9670
0.9740
0.9640
0.9580
0.9627
0.9630
0.9670
0.9630
0.9660
0.9614
0.9710
0.9650
0.9650
0.9600
0.9547
0.9620
0.9690
0.9570
0.9620
0.9680
0.9670
0.9670
0.9620
0.9660
0.9481
0.9650
0.9530
0.9640
0.9660
0.9614
0.9590
0.9640
0.9600
0.9600
0.9680
0.9560
0.9600
0.9540
0.9700
0.9680
0.9690
0.9620
0.9630
0.9550
0.9601
0.9640
0.9630
0.9590
0.9710
0.9467
0.9620
0.9700
0.9580
0.9560
0.9614
0.9600
0.9550
0.9630
0.9660
0.9654
0.9640
0.9630
0.9600
0.9560
0.9667
0.9620
0.9570
0.9650
0.9620
0.9627
0.9570
0.9670
0.9560
0.9650
0.9614
0.9640
0.9690
0.9560
0.9630
0.9507
0.9610
0.9600
0.9700
0.9610
0.9521
0.9530
0.9630
0.9710
0.9610
0.9574
0.9570
0.9580
0.9640
0.9600
0.9680
0.9650
0.9640
0.9670
0.9470
0.9640
0.9660
0.9580
0.9560
0.9550
0.9694
0.9560
0.9620
0.9650
0.9650
0.9534
0.9710
0.9560
0.9600
0.9520
0.9654
0.9610
0.9670
0.9620
0.9610
0.9534
0.9610
0.9490
0.9610
0.9730
0.9654
0.9620
0.9610
0.9590
0.9560
0.9747
0.9750
0.9530
0.9560
0.9600
0.9680
0.9560
0.9590
0.9640
0.9590
0.9774
0.9640
0.9630
0.9580
0.9590
0.9680
0.9670
0.9650
0.9630
0.9530
0.9601
0.9550
0.9690
0.9620
0.9680
0.9481
0.9690
0.9700
0.9530
0.9600
0.9467
0.9530
0.9590
0.9480
0.9610
0.9867
0.9590
0.9640
0.9630
0.9630
0.9494
0.9590
0.9660
0.9480
0.9640
0.9667
0.9530
0.9680
0.9530
0.9660
0.9574
0.9620
0.9570
0.9640
0.9560
0.9574
0.9570
0.9550
0.9660
0.9590
0.9587
0.9620
0.9540
0.9640
0.9620
0.9454
0.9560
0.9520
0.9610
0.9530
0.9680
0.9550
0.9520
0.9530
0.9580
0.9601
0.9560
0.9570
0.9610
0.9550
0.9454
0.9670
0.9520
0.9510
0.9580
0.9454
0.9510
0.9670
0.9520
0.9530
0.9481
0.9590
0.9600
0.9530
0.9430
0.9561
0.9590
0.9410
0.9480
0.9590
0.9587
0.9560
0.9540
0.9470
0.9590
0.9467
0.9530
0.9560
0.9470
0.9530
0.9547
0.9570
0.9530
0.9480
0.9470
0.9574
0.9590
0.9530
0.9520
0.9480
0.9454
0.9480
0.9430
0.9590
0.9540
0.9561
0.9450
0.9510
0.9520
0.9570
0.9507
0.9460
0.9520
0.9540
0.9470
0.9547
0.9570
0.9560
0.9570
0.9410
0.9374
0.9510
0.9470
0.9470
0.9470
0.9601
0.9480
0.9510
0.9540
0.9480
0.9534
0.9400
0.9470
0.9590
0.9600
0.9494
0.9410
0.9600
0.9440
0.9550
0.9587
0.9590
0.9450
0.9510
0.9510
0.9507
0.9540
0.9540
0.9490
0.9470
0.9574
0.9550
0.9500
0.9530
0.9480
0.9534
0.9550
0.9560
0.9530
0.9340
0.9627
0.9530
0.9510
0.9470
0.9520
0.9561
0.9520
0.9480
0.9480
0.9580
0.9534
0.9540
0.9510
0.9570
0.9450
0.9561
0.9650
0.9460
0.9630
0.9440
0.9427
0.9470
0.9520
0.9570
0.9540
0.9534
0.9570
0.9540
0.9510
0.9530
0.9481
0.9590
0.9430
0.9550
0.9590
0.9467
0.9470
0.9600
0.9520
0.9650
0.9348
0.9490
0.9500
0.9550
0.9620
0.9467
0.9560
0.9400
0.9480
0.9620
0.9640
0.9510
0.9460
0.9530
0.9580
0.9640
0.9580
0.9620
0.9570
0.9480
0.9427
0.9540
0.9470
0.9570
0.9610
0.9507
0.9540
0.9550
0.9540
0.9610
0.9441
0.9530
0.9450
0.9650
0.9600
0.9427
0.9620
0.9640
0.9450
0.9480
0.9481
0.9580
0.9400
0.9550
0.9560
0.9587
0.9480
0.9600
0.9600
0.9550
0.9441
0.9550
0.9480
0.9520
0.9560
0.9614
0.9590
0.9600
0.9590
0.9430
0.9494
0.9470
0.9570
0.9530
0.9610
0.9574
0.9570
0.9540
0.9520
0.9580
0.9507
0.9530
0.9550
0.9580
0.9510
0.9561
0.9580
0.9590
0.9510
0.9510
0.9534
0.9510
0.9500
0.9540
0.9600
0.9587
0.9570
0.9610
0.9540
0.9570
0.9374
0.9510
0.9540
0.9540
0.9540
0.9574
0.9550
0.9570
0.9530
0.9450
0.9614
0.9540
0.9430
0.9550
0.9610
0.9561
0.9450
0.9630
0.9500
0.9540
0.9574
0.9620
0.9570
0.9490
0.9540
0.9414
0.9430
0.9570
0.9550
0.9550
0.9561
0.9520
0.9510
0.9600
0.9480
0.9534
0.9450
0.9470
0.9590
0.9580
0.9547
0.9570
0.9470
0.9460
0.9520
0.9640
0.9600
0.9640
0.9450
0.9490
0.9414
0.9450
0.9500
0.9570
0.9540
0.9614
0.9570
0.9570
0.9340
0.9590
0.9601
0.9490
0.9550
0.9590
0.9550
0.9467
0.9530
0.9500
0.9540
0.9540
0.9561
0.9480
0.9490
0.9600
0.9660
0.9401
0.9560
0.9500
0.9430
0.9590
0.9587
0.9590
0.9510
0.9470
0.9550
0.9547
0.9550
0.9470
0.9560
0.9640
0.9427
0.9490
0.9390
0.9580
0.9540
0.9707
0.9400
0.9560
0.9500
0.9570
0.9667
0.9390
0.9560
0.9580
0.9560
0.9561
0.9550
0.9560
0.9580
0.9470
0.9441
0.9520
0.9460
0.9550
0.9620
0.9441
0.9600
0.9530
0.9560
0.9530
0.9334
0.9580
0.9410
0.9620
0.9460
0.9507
0.9530
0.9600
0.9440
0.9510
0.9507
0.9470
0.9460
0.9540
0.9550
0.9587
0.9460
0.9460
0.9660
0.9470
0.9574
0.9560
0.9530
0.9520
0.9570
0.9387
0.9520
0.9560
0.9490
0.9510
0.9521
0.9520
0.9540
0.9530
0.9490
0.9507
0.9540
0.9410
0.9470
0.9550
0.9654
0.9500
0.9530
0.9570
0.9460
0.9534
0.9560
0.9450
0.9510
0.9570
0.9494
0.9510
0.9570
0.9390
0.9610
0.9521
0.9500
0.9530
0.9480
0.9550
0.9561
0.9490
0.9530
0.9530
0.9570
0.9481
0.9410
0.9420
0.9580
0.9590
0.9627
0.9520
0.9460
0.9480
0.9580
0.9574
0.9540
0.9500
0.9490
0.9640
0.9414
0.9450
0.9430
0.9570
0.9530
0.9680
0.9580
0.9520
0.9520
0.9520
0.9467
0.9490
0.9540
0.9440
0.9600
0.9561
0.9580
0.9520
0.9490
0.9430
0.9614
0.9560
0.9460
0.9520
0.9530
0.9481
0.9560
0.9520
0.9500
0.9500
0.9467
0.9570
0.9480
0.9490
0.9550
0.9427
0.9530
0.9610
0.9450
0.9470
0.9454
0.9520
0.9460
0.9520
0.9520
0.9507
0.9470
0.9540
0.9440
0.9530
0.9561
0.9440
0.9460
0.9600
0.9510
0.9521
0.9500
0.9510
0.9560
0.9560
0.9361
0.9540
0.9540
0.9480
0.9500
0.9454
0.9550
0.9530
0.9460
0.9440
0.9587
0.9460
0.9530
0.9490
0.9600
0.9481
0.9490
0.9510
0.9590
0.9500
0.9467
0.9520
0.9520
0.9530
0.9560
0.9401
0.9420
0.9570
0.9450
0.9550
0.9587
0.9440
0.9600
0.9550
0.9510
0.9454
0.9430
0.9500
0.9480
0.9520
0.9680
0.9540
0.9460
0.9570
0.9530
0.9454
0.9540
0.9560
0.9480
0.9510
0.9494
0.9520
0.9520
0.9520
0.9550
0.9454
0.9580
0.9470
0.9590
0.9420
0.9521
0.9650
0.9430
0.9450
0.9580
0.9454
0.9490
0.9530
0.9510
0.9550
0.9494
0.9610
0.9450
0.9510
0.9580
0.9348
0.9500
0.9510
0.9500
0.9490
0.9561
0.9560
0.9440
0.9560
0.9520
0.9454
0.9630
0.9470
0.9560
0.9420
0.9454
0.9380
0.9570
0.9490
0.9570
0.9547
0.9510
0.9510
0.9440
0.9520
0.9587
0.9520
0.9520
0.9460
0.9530
0.9507
0.9450
0.9570
0.9470
0.9500
0.9534
0.9480
0.9580
0.9550
0.9460
0.9427
0.9490
0.9520
0.9480
0.9600
0.9401
0.9550
0.9440
0.9490
0.9500
0.9547
0.9520
0.9470
0.9430
0.9540
0.9547
0.9430
0.9560
0.9480
0.9540
0.9481
0.9580
0.9400
0.9590
0.9470
0.9441
0.9530
0.9570
0.9590
0.9340
0.9454
0.9580
0.9490
0.9550
0.9410
0.9454
0.9450
0.9530
0.9550
0.9510
0.9454
0.9560
0.9410
0.9570
0.9480
0.9507
0.9550
0.9460
0.9340
0.9550
0.9667
0.9450
0.9460
0.9480
0.9570
0.9601
0.9450
0.9470
0.9530
0.9580
0.9507
0.9520
0.9600
0.9500
0.9470
0.9427
0.9520
0.9520
0.9430
0.9570
0.9494
0.9510
0.9510
0.9560
0.9430
0.9481
0.9480
0.9590
0.9450
0.9450
0.9521
0.9470
0.9500
0.9510
0.9490
0.9467
0.9410
0.9450
0.9540
0.9550
0.9467
0.9510
0.9470
0.9580
0.9480
0.9348
0.9570
0.9400
0.9470
0.9490
0.9481
0.9440
0.9480
0.9460
0.9520
0.9507
0.9480
0.9480
0.9540
0.9480
0.9427
0.9440
0.9410
0.9550
0.9500
0.9521
0.9370
0.9460
0.9550
0.9620
0.9387
0.9370
0.9500
0.9550
0.9500
0.9494
0.9480
0.9570
0.9390
0.9500
0.9467
0.9540
0.9480
0.9490
0.9370
0.9547
0.9450
0.9470
0.9450
0.9540
0.9494
0.9460
0.9480
0.9500
0.9420
0.9574
0.9520
0.9560
0.9490
0.9390
0.9414
0.9480
0.9560
0.9420
0.9450
0.9467
0.9490
0.9490
0.9410
0.9510
0.9481
0.9510
0.9450
0.9530
0.9420
0.9467
0.9430
0.9350
0.9510
0.9510
0.9601
0.9440
0.9400
0.9530
0.9490
0.9507
0.9490
0.9350
0.9500
0.9590
0.9414
0.9540
0.9340
0.9430
0.9470
0.9614
0.9570
0.9410
0.9430
0.9450
0.9507
0.9570
0.9510
0.9360
0.9440
0.9481
0.9500
0.9470
0.9460
0.9420
0.9534
0.9550
0.9430
0.9440
0.9440
0.9521
0.9420
0.9410
0.9550
0.9540
0.9427
0.9470
0.9500
0.9480
0.9370
0.9521
0.9550
0.9460
0.9430
0.9360
0.9534
0.9550
0.9510
0.9350
0.9520
0.9361
0.9520
0.9460
0.9450
0.9510
0.9348
0.9420
0.9500
0.9480
0.9440
0.9467
0.9460
0.9540
0.9450
0.9410
0.9454
0.9480
0.9290
0.9550
0.9520
0.9481
0.9460
0.9410
0.9450
0.9450
0.9574
0.9520
0.9420
0.9430
0.9450
0.9494
0.9540
0.9410
0.9510
0.9450
0.9374
0.9440
0.9430
0.9390
0.9560
0.9467
0.9490
0.9430
0.9460
0.9420
0.9454
0.9400
0.9560
0.9520
0.9390
0.9334
0.9590
0.9430
0.9360
0.9420
0.9427
0.9500
0.9470
0.9390
0.9390
0.9494
0.9610
0.9410
0.9420
0.9370
0.9401
0.9530
0.9430
0.9430
0.9450
0.9361
0.9450
0.9480
0.9500
0.9410
0.9348
0.9500
0.9420
0.9530
0.9400
0.9334
0.9450
0.9440
0.9530
0.9400
0.9361
0.9430
0.9510
0.9420
0.9450
0.9374
0.9420
0.9410
0.9410
0.9440
0.9561
0.9360
0.9520
0.9340
0.9470
0.9574
0.9420
0.9340
0.9480
0.9500
0.9481
0.9380
0.9480
0.9470
0.9410
0.9467
0.9480
0.9510
0.9360
0.9450
0.9387
0.9440
0.9320
0.9440
0.9480
0.9547
0.9490
0.9420
0.9400
0.9460
0.9427
0.9350
0.9400
0.9460
0.9530
0.9454
0.9470
0.9540
0.9480
0.9290
0.9387
0.9440
0.9380
0.9390
0.9470
0.9507
0.9540
0.9470
0.9330
0.9450
0.9334
0.9420
0.9450
0.9550
0.9370
0.9334
0.9430
0.9280
0.9440
0.9460
0.9547
0.9370
0.9490
0.9460
0.9360
0.9441
0.9480
0.9370
0.9470
0.9360
0.9441
0.9480
0.9440
0.9330
0.9380
0.9507
0.9350
0.9470
0.9370
0.9450
0.9481
0.9490
0.9360
0.9470
0.9400
0.9361
0.9360
0.9550
0.9320
0.9440
0.9414
0.9440
0.9490
0.9380
0.9400
0.9361
0.9440
0.9430
0.9400
0.9350
0.9441
0.9410
0.9440
0.9490
0.9420
0.9228
0.9410
0.9410
0.9360
0.9400
0.9467
0.9390
0.9350
0.9420
0.9420
0.9467
0.9310
0.9550
0.9450
0.9360
0.9334
0.9300
0.9460
0.9460
0.9460
0.9321
0.9490
0.9360
0.9540
0.9250
0.9374
0.9350
0.9400
0.9450
0.9400
0.9427
0.9380
0.9370
0.9550
0.9440
0.9241
0.9470
0.9450
0.9320
0.9350
0.9427
0.9380
0.9460
0.9300
0.9420
0.9454
0.9390
0.9360
0.9420
0.9310
0.9561
0.9430
0.9190
0.9420
0.9510
0.9467
0.9300
0.9310
0.9470
0.9420
0.9507
0.9510
0.9340
0.9420
0.9350
0.9348
0.9340
0.9460
0.9340
0.9530
0.9308
0.9370
0.9430
0.9460
0.9390
0.9348
0.9390
0.9530
0.9420
0.9280
0.9387
0.9480
0.9360
0.9440
0.9370
0.9361
0.9450
0.9410
0.9400
0.9380
0.9387
0.9480
0.9340
0.9410
0.9410
0.9374
0.9410
0.9380
0.9350
0.9320
0.9601
0.9370
0.9440
0.9480
0.9350
0.9348
0.9340
0.9400
0.9460
0.9360
0.9414
0.9390
0.9410
0.9400
0.9360
0.9401
0.9260
0.9360
0.9400
0.9520
0.9387
0.9350
0.9330
0.9460
0.9410
0.9374
0.9320
0.9380
0.9470
0.9410
0.9348
0.9410
0.9430
0.9330
0.9400
0.9361
0.9290
0.9380
0.9370
0.9540
0.9348
0.9420
0.9520
0.9350
0.9360
0.9254
0.9440
0.9320
0.9360
0.9420
0.9401
0.9390
0.9340
0.9310
0.9500
0.9387
0.9340
0.9490
0.9440
0.9340
0.9334
0.9390
0.9460
0.9400
0.9350
0.9348
0.9320
0.9510
0.9360
0.9420
0.9321
0.9370
0.9560
0.9340
0.9330
0.9334
0.9480
0.9380
0.9360
0.9370
0.9334
0.9340
0.9480
0.9370
0.9310
0.9441
0.9430
0.9440
0.9510
0.9160
0.9387
0.9410
0.9410
0.9380
0.9350
0.9361
0.9420
0.9390
0.9320
0.9410
0.9374
0.9250
0.9320
0.9370
0.9480
0.9521
0.9380
0.9500
0.9290
0.9340
0.9401
0.9440
0.9380
0.9390
0.9350
0.9334
0.9340
0.9450
0.9280
0.9480
0.9321
0.9350
0.9410
0.9360
0.9310
0.9481
0.9440
0.9500
0.9340
0.9260
0.9308
0.9340
0.9320
0.9350
0.9400
0.9467
0.9220
0.9380
0.9560
0.9420
0.9241
0.9400
0.9420
0.9320
0.9370
0.9321
0.9280
0.9380
0.9410
0.9360
0.9427
0.9390
0.9310
0.9500
0.9380
0.9241
0.9420
0.9320
0.9280
0.9490
0.9334
0.9360
0.9360
0.9280
0.9480
0.9374
0.9370
0.9410
0.9220
0.9540
0.9294
0.9480
0.9230
0.9350
0.9390
0.9374
0.9420
0.9280
0.9330
0.9330
0.9467
0.9380
0.9500
0.9320
0.9250
0.9348
0.9300
0.9400
0.9410
0.9340
0.9334
0.9340
0.9420
0.9250
0.9350
0.9454
0.9480
0.9330
0.9310
0.9360
0.9281
0.9280
0.9190
0.9370
0.9480
0.9454
0.9300
0.9410
0.9270
0.9380
0.9401
0.9460
0.9200
0.9320
0.9490
0.9254
0.9380
0.9280
0.9370
0.9340
0.9401
0.9300
0.9440
0.9350
0.9390
0.9241
0.9380
0.9450
0.9370
0.9280
0.9241
0.9310
0.9400
0.9280
0.9430
0.9334
0.9400
0.9390
0.9190
0.9490
0.9254
0.9240
0.9390
0.9350
0.9410
0.9361
0.9340
0.9240
0.9340
0.9390
0.9467
0.9200
0.9440
0.9350
0.9350
0.9414
0.9470
0.9380
0.9270
0.9290
0.9321
0.9360
0.9380
0.9420
0.9230
0.9348
0.9340
0.9460
0.9400
0.9280
0.9228
0.9300
0.9320
0.9390
0.9360
0.9268
0.9380
0.9360
0.9330
0.9240
0.9348
0.9270
0.9300
0.9430
0.9350
0.9308
0.9330
0.9270
0.9320
0.9570
0.9108
0.9440
0.9330
0.9340
0.9210
0.9321
0.9340
0.9280
0.9310
0.9340
0.9387
0.9340
0.9360
0.9320
0.9250
0.9401
0.9380
0.9290
0.9360
0.9180
0.9481
0.9460
0.9190
0.9350
0.9360
0.9308
0.9390
0.9420
0.9330
0.9290
0.9228
0.9260
0.9420
0.9200
0.9430
0.9387
0.9280
0.9300
0.9350
0.9370
0.9401
0.9300
0.9350
0.9260
0.9380
0.9414
0.9350
0.9380
0.9340
0.9240
0.9387
0.9240
0.9380
0.9370
0.9430
0.9228
0.9260
0.9390
0.9360
0.9320
0.9348
0.9340
0.9410
0.9340
0.9280
0.9268
0.9390
0.9260
0.9330
0.9330
0.9334
0.9360
0.9200
0.9510
0.9240
0.9321
0.9270
0.9460
0.9360
0.9260
0.9254
0.9220
0.9440
0.9370
0.9260
0.9321
0.9340
0.9300
0.9320
0.9320
0.9334
0.9320
0.9370
0.9310
0.9280
0.9334
0.9440
0.9250
0.9320
0.9350
0.9214
0.9230
0.9470
0.9320
0.9350
0.9188
0.9310
0.9320
0.9310
0.9370
0.9254
0.9290
0.9330
0.9280
0.9380
0.9281
0.9360
0.9180
0.9320
0.9370
0.9321
0.9250
0.9410
0.9340
0.9230
0.9334
0.9300
0.9280
0.9260
0.9390
0.9334
0.9270
0.9360
0.9250
0.9320
0.9361
0.9250
0.9250
0.9380
0.9390
0.9268
0.9280
0.9300
0.9380
0.9350
0.9214
0.9270
0.9260
0.9270
0.9370
0.9387
0.9320
0.9360
0.9310
0.9260
0.9254
0.9420
0.9160
0.9350
0.9350
0.9214
0.9340
0.9210
0.9220
0.9410
0.9334
0.9290
0.9330
0.9250
0.9300
0.9321
0.9360
0.9320
0.9320
0.9250
0.9201
0.9230
0.9440
0.9140
0.9380
0.9281
0.9260
0.9220
0.9320
0.9350
0.9334
0.9280
0.9310
0.9200
0.9250
0.9481
0.9260
0.9330
0.9370
0.9200
0.9308
0.9310
0.9340
0.9330
0.9230
0.9228
0.9260
0.9310
0.9350
0.9390
0.9095
0.9470
0.9290
0.9300
0.9260
0.9081
0.9230
0.9240
0.9260
0.9340
0.9401
0.9360
0.9260
0.9350
0.9320
0.9095
0.9180
0.9290
0.9340
0.9370
0.9228
0.9250
0.9270
0.9330
0.9240
0.9348
0.9270
0.9230
0.9240
0.9350
0.9334
0.9330
0.9400
0.9300
0.9230
0.9108
0.9310
0.9320
0.9290
0.9310
0.9148
0.9340
0.9220
0.9220
0.9360
0.9268
0.9400
0.9250
0.9280
0.9210
0.9254
0.9350
0.9160
0.9320
0.9350
0.9214
0.9270
0.9320
0.9210
0.9330
0.9281
0.9340
0.9220
0.9180
0.9390
0.9294
0.9280
0.9270
0.9240
0.9470
0.9134
0.9310
0.9320
0.9420
0.9310
0.9028
0.9370
0.9270
0.9340
0.9240
0.9214
0.9200
0.9150
0.9390
0.9370
0.9361
0.9270
0.9300
0.9130
0.9400
0.9401
0.9320
0.9250
0.9270
0.9370
0.9254
0.9300
0.9260
0.9210
0.9310
0.9414
0.9320
0.9230
0.9230
0.9360
0.9321
0.9160
0.9200
0.9460
0.9290
0.9361
0.9400
0.9190
0.9210
0.9430
0.9188
0.9330
0.9090
0.9330
0.9310
0.9387
0.9360
0.9140
0.9290
0.9300
0.9334
0.9260
0.9340
0.9220
0.9210
0.9374
0.9260
0.9370
0.9170
0.9340
0.9201
0.9280
0.9310
0.9180
0.9310
0.9268
0.9330
0.9310
0.9150
0.9220
0.9348
0.9180
0.9380
0.9270
0.9210
0.9308
0.9140
0.9370
0.9280
0.9360
0.9174
0.9290
0.9290
0.9370
0.9160
0.9228
0.9280
0.9120
0.9260
0.9350
0.9321
0.9260
0.9200
0.9250
0.9280
0.9348
0.9360
0.9230
0.9330
0.9140
0.9254
0.9280
0.9240
0.9270
0.9230
0.9294
0.9160
0.9270
0.9310
0.9360
0.9161
0.9230
0.9280
0.9240
0.9310
0.9214
0.9210
0.9290
0.9130
0.9380
0.9281
0.9250
0.9260
0.9150
0.9360
0.9268
0.9300
0.9190
0.9300
0.9340
0.9108
0.9150
0.9310
0.9370
0.9240
0.9188
0.9170
0.9340
0.9140
0.9360
0.9268
0.9290
0.9230
0.9270
0.9220
0.9268
0.9230
0.9250
0.9360
0.9200
0.9241
0.9160
0.9240
0.9230
0.9380
0.9294
0.9370
0.9170
0.9250
0.9230
0.9294
0.9210
0.9390
0.9250
0.9200
0.9268
0.9170
0.9370
0.9260
0.9350
0.9134
0.9170
0.9160
0.9350
0.9270
0.9414
0.9250
0.9310
0.9200
0.9270
0.9308
0.9300
0.9200
0.9220
0.9320
0.9254
0.9350
0.9220
0.9330
0.9170
0.9201
0.9140
0.9070
0.9420
0.9310
0.9361
0.9120
0.9300
0.9260
0.9300
0.9281
0.9170
0.9260
0.9200
0.9360
0.9254
0.9210
0.9360
0.9190
0.9150
0.9334
0.9320
0.9170
0.9220
0.9250
0.9268
0.9270
0.9230
0.9220
0.9230
0.9281
0.9040
0.9210
0.9350
0.9250
0.9401
0.9180
0.9180
0.9380
0.9220
0.9228
0.9230
0.9300
0.9220
0.9200
0.9228
0.9240
0.9210
0.9290
0.9210
0.9214
0.9170
0.9250
0.9260
0.9260
0.9228
0.9250
0.9250
0.9180
0.9210
0.9294
0.9250
0.9270
0.9170
0.9180
0.9308
0.9180
0.9250
0.9280
0.9230
0.9174
0.9280
0.9320
0.9180
0.9210
0.9108
0.9280
0.9110
0.9220
0.9260
0.9268
0.9200
0.9260
0.9120
0.9350
0.9188
0.9310
0.9220
0.9260
0.9210
0.9095
0.9320
0.9170
0.9200
0.9310
0.9081
0.9070
0.9100
0.9280
0.9310
0.9401
0.9230
0.9170
0.9300
0.9230
0.9174
0.9130
0.9330
0.9190
0.9250
0.9201
0.9120
0.9250
0.9190
0.9300
0.9254
0.9270
0.9280
0.9060
0.9230
0.9281
0.9270
0.9150
0.9250
0.9260
0.9174
0.9180
0.9280
0.9210
0.9310
0.9108
0.9210
0.9260
0.9170
0.9360
0.9081
0.9260
0.9290
0.9310
0.9060
0.9188
0.9200
0.9270
0.9080
0.9340
0.9228
0.9310
0.9260
0.9190
0.9130
0.9228
0.9230
0.9250
0.9240
0.9180
0.9214
0.9260
0.9180
0.9150
0.9180
0.9387
0.9290
0.9220
0.9150
0.9190
0.9281
0.9170
0.9240
0.9290
0.9130
0.9308
0.9180
0.9210
0.9270
0.9200
0.9268
0.9410
0.9080
0.9200
0.9280
0.9134
0.9360
0.9160
0.9250
0.9270
0.9028
0.9220
0.9250
0.9220
0.9270
0.9134
0.9290
0.9120
0.9330
0.9150
0.9214
0.9280
0.9280
0.9250
0.9130
0.9148
0.9270
0.9270
0.9130
0.9340
0.9055
0.9220
0.9260
0.9230
0.9140
0.9268
0.9270
0.9170
0.9260
0.9240
0.9134
0.9200
0.9180
0.9280
0.9230
0.9174
0.9300
0.9190
0.9160
0.9230
0.9188
0.9180
0.9250
0.9340
0.9160
0.9121
0.9320
0.9180
0.9100
0.9280
0.9188
0.9110
0.9230
0.9120
0.9410
0.9201
0.9140
0.9210
0.9270
0.9240
0.9214
0.9190
0.9130
0.9210
0.9300
0.9241
0.9210
0.9160
0.9290
0.9220
0.9174
0.9190
0.9250
0.9200
0.9150
0.9281
0.9300
0.9130
0.9200
0.9220
0.9201
0.9320
0.9210
0.9200
0.9210
0.9081
0.9130
0.9090
0.9330
0.9270
0.9241
0.9180
0.9160
0.9240
0.9250
0.9228
0.9190
0.9160
0.9210
0.9340
0.9134
0.9270
0.9250
0.9160
0.9240
0.9108
0.9270
0.9320
0.9070
0.9250
0.9121
0.9180
0.9210
0.9190
0.9230
0.9241
0.9230
0.9130
0.9310
0.9130
0.9254
0.9370
0.9300
0.9090
0.9100
0.9174
0.9350
0.9270
0.9310
0.9070
0.8975
0.9280
0.9220
0.9170
0.9250
0.9081
0.9340
0.9200
0.9260
0.9170
0.9015
0.9140
0.9190
0.9260
0.9230
0.9214
0.9230
0.9260
0.9310
0.9160
0.9028
0.9190
0.9200
0.9210
0.9160
0.9281
0.9210
0.9200
0.9160
0.9220
0.9241
0.9190
0.9210
0.9250
0.9130
0.9254
0.9220
0.9310
0.9220
0.9160
0.9055
0.9200
0.9110
0.9110
0.9380
0.9201
0.9240
0.9360
0.9090
0.9140
0.9161
0.9200
0.9240
0.9050
0.9290
0.9214
0.9260
0.9230
0.9090
0.9200
0.9214
0.9320
0.9100
0.9280
0.9180
0.9081
0.9270
0.9280
0.9130
0.9210
0.9041
0.9260
0.9130
0.9200
0.9210
0.9174
0.8960
0.9170
0.9380
0.9290
0.9174
0.9190
0.9340
0.9130
0.9140
0.9188
0.9190
0.9100
0.9160
0.9370
0.9161
0.9320
0.9110
0.9290
0.9170
0.9055
0.9200
0.9130
0.9160
0.9160
0.9374
0.9150
0.9170
0.9190
0.9220
0.9268
0.9180
0.9220
0.9270
0.9070
0.9241
0.9130
0.9280
0.9160
0.9210
0.9174
0.9120
0.9290
0.9180
0.9210
0.9134
0.9010
0.9310
0.9140
0.9260
0.9241
0.9180
0.9250
0.9150
0.9220
0.9134
0.9230
0.9170
0.9100
0.9250
0.9188
0.9110
0.9400
0.9090
0.9170
0.9161
0.9090
0.9200
0.9290
0.9180
0.9174
0.8980
0.9200
0.9220
0.9170
0.9414
0.9140
0.9330
0.9120
0.9080
0.9281
0.9050
0.9180
0.9300
0.9160
0.9254
0.9230
0.9210
0.9080
0.9310
0.9081
0.9160
0.9150
0.9220
0.9140
0.9294
0.9190
0.9180
0.9040
0.9290
0.9254
0.9220
0.9180
0.9140
0.9200
0.9201
0.9250
0.9080
0.9290
0.9310
0.8935
0.9200
0.9170
0.9060
0.9280
0.9228
0.9170
0.9230
0.9190
0.9140
0.9161
0.9090
0.9300
0.9180
0.9130
0.9174
0.9250
0.9090
0.9060
0.9310
0.9161
0.9220
0.9100
0.9100
0.9270
0.9161
0.9150
0.9230
0.9210
0.9090
0.9174
0.9300
0.9210
0.9020
0.9180
0.9148
0.9200
0.9220
0.9210
0.9140
0.9068
0.9230
0.9190
0.9010
0.9210
0.9254
0.9180
0.9140
0.9220
0.9240
0.9068
0.9090
0.9250
0.9160
0.9190
0.9174
0.9120
0.9250
0.9240
0.9170
0.9055
0.9130
0.9060
0.9220
0.9220
0.9254
0.9100
0.9060
0.9190
0.9220
0.9334
0.9190
0.9200
0.9100
0.9220
0.9148
0.9170
0.9030
0.9280
0.9220
0.9161
0.9260
0.9050
0.9150
0.9130
0.9308
0.9140
0.9110
0.9230
0.9300
0.9055
0.9140
0.9230
0.9110
0.9190
0.9214
0.9100
0.9170
0.9200
0.9170
0.9241
0.9150
0.9040
0.9200
0.9260
0.9241
0.9080
0.9250
0.9170
0.9120
0.9281
0.9230
0.8970
0.9050
0.9360
0.9294
0.9110
0.9140
0.9170
0.9200
0.9281
0.9140
0.9070
0.9300
0.9160
0.9201
0.9030
0.9270
0.9170
0.9260
0.9121
0.9150
0.9240
0.9200
0.9070
0.9214
0.9290
0.9160
0.9080
0.9250
0.9055
0.9190
0.9220
0.9150
0.9230
0.9041
0.9230
0.9170
0.9140
0.9150
0.9174
0.9260
0.9070
0.9300
0.9050
0.9188
0.9000
0.9350
0.9270
0.9170
0.9041
0.9190
0.9210
0.9150
0.9080
0.9254
0.9230
0.9200
0.9200
0.9040
0.9201
0.9280
0.9140
0.9210
0.9110
0.9095
0.9240
0.9160
0.9270
0.9100
0.9055
0.9130
0.9210
0.9050
0.9190
0.9294
0.9280
0.9160
0.9200
0.9010
0.9201
0.9240
0.9280
0.9100
0.9090
0.9095
0.9160
0.9100
0.9220
0.9170
0.9174
0.9230
0.9230
0.9220
0.9120
0.8975
0.9150
0.9170
0.9120
0.9190
0.9201
0.9250
0.9140
0.9070
0.9270
0.9081
0.9180
0.9080
0.9210
0.9090
0.9294
0.9210
0.9140
0.9170
0.9140
0.9148
0.9070
0.9280
0.9160
0.9100
0.9214
0.9220
0.9070
0.9140
0.9220
0.9161
0.9130
0.9150
0.9230
0.9130
0.9161
0.9210
0.9180
0.9110
0.9120
0.9174
0.9320
0.9140
0.9110
0.9060
0.9161
0.9160
0.9200
0.9200
0.9090
0.9108
0.9110
0.9190
0.9120
0.9140
0.9228
0.9230
0.9250
0.9070
0.9080
0.9108
0.9140
0.8990
0.9190
0.9240
0.9161
0.9130
0.9210
0.9110
0.9090
0.9161
0.9130
0.9090
0.9070
0.9200
0.9201
0.9350
0.9280
0.8900
0.9060
0.9108
0.9210
0.9110
0.9080
0.9240
0.9055
0.9070
0.9160
0.9040
0.9350
0.9081
0.9070
0.9250
0.9060
0.9220
0.9134
0.9180
0.9210
0.8930
0.9200
0.9241
0.9110
0.9180
0.9250
0.9130
0.9041
0.9070
0.9170
0.9220
0.9180
0.9081
0.9070
0.9140
0.9200
0.9220
0.9095
0.9210
0.9230
0.9120
0.9110
0.9028
0.9210
0.9040
0.9190
0.9130
0.9148
0.9150
0.9190
0.9110
0.9090
0.9188
0.9250
0.9130
0.9060
0.9130
0.9148
0.9090
0.9060
0.9090
0.9280
0.9214
0.9060
0.9160
0.9170
0.9180
0.9148
0.9140
0.9060
0.9070
0.9300
0.9134
0.9260
0.9190
0.9030
0.9130
0.9068
0.9100
0.9060
0.9210
0.9090
0.9254
0.9240
0.9070
0.9100
0.9180
0.9068
0.9140
0.9120
0.9080
0.9260
0.9041
0.9120
0.9140
0.9050
0.9250
0.9081
0.9140
0.9120
0.9020
0.9190
0.9201
0.8970
0.9170
0.9160
0.9160
0.9214
0.9050
0.9270
0.9100
0.9080
0.9161
0.9050
0.9100
0.9150
0.9240
0.9108
0.9090
0.9100
0.9110
0.9240
0.9121
0.9070
0.9100
0.9110
0.9180
0.9241
0.9140
0.9170
0.9110
0.9050
0.9228
0.8950
0.9230
0.9130
0.9370
0.8948
0.9210
0.9110
0.9210
0.9090
0.9015
0.9120
0.9040
0.9240
0.9190
0.9055
0.8920
0.9150
0.9180
0.9260
0.9161
0.9300
0.9060
0.9070
0.9140
0.9081
0.8990
0.9160
0.9180
0.9130
0.9161
0.9070
0.9180
0.9160
0.8990
0.9228
0.9030
0.9120
0.9130
0.9160
0.9148
0.9080
0.9040
0.9160
0.9220
0.9055
0.9100
0.9150
0.9060
0.9180
0.9068
0.9200
0.8990
0.9200
0.8980
0.9228
0.9030
0.9150
0.9190
0.9050
0.9148
0.9360
0.9020
0.9120
0.9060
0.8961
0.9210
0.9120
0.9050
0.9160
0.8988
0.9010
0.9260
0.9050
0.9170
0.9055
0.9150
0.9180
0.9130
0.9020
0.9068
0.9020
0.9060
0.9180
0.9140
0.9161
0.9040
0.9260
0.9060
0.9180
0.8975
0.9210
0.9100
0.9120
0.8940
0.9201
0.9150
0.9040
0.9100
0.9080
0.9188
0.9070
0.9060
0.9050
0.9270
0.9081
0.9070
0.9140
0.9180
0.8940
0.9241
0.9040
0.9140
0.9140
0.9040
0.9201
0.8960
0.9150
0.9050
0.9170
0.9228
0.9170
0.9160
0.9160
0.8980
0.9041
0.9000
0.9180
0.9060
0.9040
0.9281
0.8940
0.9060
0.9250
0.9230
0.9015
0.9020
0.9060
0.9080
0.9150
0.9241
0.9120
0.9190
0.9000
0.9130
0.9068
0.9190
0.9070
0.9170
0.9080
0.8948
0.9240
0.9030
0.8990
0.9070
0.9188
0.9020
0.9040
0.9230
0.9150
0.9041
0.9180
0.9120
0.9020
0.9120
0.9041
0.9180
0.9000
0.9120
0.9150
0.9028
0.9120
0.9120
0.9070
0.9030
0.9161
0.9020
0.9210
0.9040
0.9160
0.9041
0.9070
0.9140
0.9210
0.8970
0.9095
0.9260
0.9070
0.9000
0.9000
0.9174
0.9040
0.9150
0.9100
0.9210
0.8948
0.8970
0.9150
0.9090
0.9140
0.9134
0.9150
0.9040
0.9040
0.9130
0.9134
0.9060
0.8980
0.9090
0.9100
0.9308
0.9100
0.9170
0.8970
0.9080
0.9188
0.9050
0.9180
0.8910
0.9260
0.9081
0.9010
0.9120
0.9200
0.9130
0.9001
0.9000
0.9080
0.9180
0.9080
0.9161
0.8960
0.9150
0.9190
0.9120
0.9068
0.9110
0.9040
0.9040
0.9140
0.9161
0.9040
0.9040
0.9090
0.9210
0.9095
0.9080
0.9080
0.9050
0.9200
0.9028
0.9050
0.9140
0.9070
0.9090
0.9095
0.9150
0.9040
0.9080
0.9080
0.9095
0.9130
0.9070
0.9060
0.9140
0.9015
0.9110
0.9150
0.8950
0.9100
0.9121
0.9050
0.9110
0.9090
0.9070
0.9108
0.9100
0.9170
0.8970
0.9050
0.9148
0.8930
0.9210
0.9080
0.9110
0.9108
0.9010
0.9120
0.9190
0.9020
0.9068
0.8990
0.9030
0.9140
0.9090
0.9161
0.9070
0.9190
0.8930
0.9130
0.9028
0.8960
0.9040
0.9050
0.9070
0.9281
0.9120
0.9090
0.9040
0.9110
0.8948
0.9060
0.9120
0.8980
0.9070
0.9108
0.9170
0.9060
0.9040
0.9030
0.9001
0.8910
0.9150
0.9090
0.9090
0.9081
0.9070
0.9070
0.9050
0.9100
0.9015
0.9100
0.9140
0.9020
0.8960
0.9134
0.9130
0.9080
0.9080
0.9040
0.9001
0.8870
0.9120
0.9070
0.9190
0.9108
0.9040
0.9170
0.8980
0.9060
0.9095
0.9130
0.9110
0.9130
0.9030
0.8908
0.9040
0.9210
0.9070
0.9000
0.9015
0.9080
0.9230
0.9040
0.8960
0.9041
0.9130
0.8980
0.9120
0.9050
0.9068
0.9030
0.8990
0.9220
0.9060
0.9028
0.9190
0.8980
0.9070
0.9070
0.9001
0.9070
0.9040
0.9070
0.9110
0.9028
0.9070
0.9060
0.9070
0.9090
0.9028
0.9080
0.9060
0.9020
0.9170
0.9001
0.9030
0.8960
0.9140
0.9190
0.9015
0.9060
0.9070
0.8990
0.9100
0.9161
0.9020
0.9080
0.9050
0.9190
0.9001
0.9130
0.9020
0.9090
0.9040
0.9081
0.9200
0.9000
0.9190
0.8980
0.8961
0.9130
0.9030
0.9090
0.9060
0.9015
0.9090
0.9000
0.9240
0.9090
0.8868
0.9120
0.8880
0.9120
0.9000
0.9241
0.9040
0.9070
0.9200
0.8940
0.9068
0.9090
0.9100
0.9260
0.8870
0.8975
0.9070
0.8940
0.9210
0.9060
0.9015
0.9030
0.8980
0.9160
0.9090
0.9041
0.9090
0.9150
0.8980
0.8970
0.9134
0.9050
0.9180
0.9020
0.9140
0.8868
0.9060
0.9140
0.9050
0.8880
0.9214
0.9060
0.9020
0.9140
0.9020
0.9041
0.9030
0.9130
0.9000
0.9070
0.9055
0.9010
0.9050
0.9000
0.9150
0.9081
0.9030
0.9070
0.9000
0.9100
0.9068
0.9110
0.8930
0.9120
0.9060
0.9041
0.9070
0.8920
0.9140
0.9020
0.9121
0.9030
0.9030
0.9010
0.9040
0.9161
0.9080
0.9030
0.9050
0.9050
0.9028
0.8940
0.8980
0.9160
0.9030
0.9161
0.9120
0.8850
0.9210
0.9070
0.8975
0.9120
0.9090
0.9050
0.9010
0.8961
0.9040
0.9060
0.9110
0.9130
0.8868
0.9130
0.9070
0.8970
0.9020
0.9055
0.9100
0.8920
0.9110
0.9070
0.9055
0.8970
0.8950
0.9130
0.9120
0.9068
0.9060
0.9030
0.8970
0.9100
0.9068
0.9090
0.8920
0.9140
0.9120
0.8921
0.8950
0.9010
0.9200
0.9070
0.8975
0.9020
0.9090
0.9030
0.9040
0.9028
0.9070
0.9060
0.8890
0.9110
0.9055
0.8970
0.8920
0.9040
0.9120
0.9161
0.9130
0.9030
0.9040
0.8980
0.8988
0.9070
0.9120
0.9040
0.9020
0.8908
0.9100
0.8990
0.8970
0.9070
0.9081
0.9090
0.9190
0.8930
0.9010
0.8948
0.9020
0.9020
0.8990
0.9080
0.9068
0.8960
0.9160
0.8900
0.8990
0.9174
0.9140
0.9040
0.8960
0.9080
0.8895
0.9060
0.9120
0.8920
0.9000
0.9041
0.9070
0.9000
0.8990
0.8970
0.9134
0.9030
0.9040
0.9180
0.8950
0.8895
0.8990
0.9140
0.9110
0.9080
0.8735
0.9150
0.8970
0.8960
0.8970
0.9095
0.9070
0.8940
0.9060
0.9020
0.9041
0.9070
0.9100
0.9010
0.9030
0.8881
0.8900
0.9160
0.8920
0.9090
0.9055
0.8920
0.9070
0.9030
0.9100
0.8988
0.9030
0.9090
0.8890
0.9080
0.9028
0.8920
0.9000
0.9050
0.9010
0.9174
0.9020
0.9020
0.9050
0.9020
0.9001
0.9060
0.8950
0.9040
0.9100
0.8948
0.8960
0.9060
0.9030
0.9100
0.8948
0.9010
0.9080
0.9030
0.9000
0.8988
0.8810
0.9090
0.9150
0.9000
0.9081
0.9080
0.8950
0.9010
0.9100
0.8961
0.9050
0.8860
0.9130
0.8990
0.9108
0.9050
0.9010
0.9020
0.9050
0.8975
0.9090
0.9080
0.9000
0.8930
0.9001
0.8940
0.9050
0.9110
0.9070
0.8908
0.8940
0.8940
0.9030
0.9080
0.9134
0.9010
0.9000
0.9160
0.8940
0.8975
0.9120
0.8960
0.9000
0.8920
0.9108
0.9000
0.9100
0.8940
0.9000
0.9041
0.8980
0.8960
0.9020
0.8980
0.9174
0.8920
0.8870
0.9010
0.9150
0.9148
0.8980
0.9040
0.9020
0.9100
0.8881
0.8890
0.9060
0.9060
0.9000
0.9055
0.8910
0.9060
0.9160
0.8950
0.8921
0.8970
0.9070
0.8900
0.8950
0.9174
0.8950
0.8970
0.9090
0.8980
0.9041
0.8990
0.9060
0.9050
0.8960
0.8948
0.8940
0.8940
0.9120
0.8910
0.9134
0.8990
0.9030
0.9000
0.8940
0.9068
0.9180
0.8920
0.9040
0.8940
0.8895
0.9030
0.8880
0.9110
0.9030
0.8921
0.9090
0.8960
0.9070
0.8940
0.8908
0.8850
0.8900
0.9050
0.9010
0.9241
0.8990
0.9000
0.8860
0.9110
0.9041
0.8860
0.9040
0.8990
0.9120
0.8975
0.8960
0.9100
0.9000
0.8840
0.9121
0.9060
0.9000
0.9060
0.8960
0.8881
0.9050
0.9080
0.8950
0.8890
0.9028
0.9060
0.8940
0.8980
0.8980
0.9041
0.9060
0.8920
0.8980
0.9030
0.9001
0.9110
0.9070
0.8940
0.8990
0.8842
0.8960
0.9050
0.8960
0.8920
0.9134
0.9040
0.9050
0.8900
0.8960
0.9055
0.9010
0.8920
0.8990
0.8980
0.9121
0.9080
0.8950
0.8950
0.8940
0.9095
0.9000
0.8940
0.8960
0.9040
0.9068
0.8860
0.9110
0.8990
0.8950
0.9068
0.9100
0.8990
0.8840
0.9130
0.8868
0.8940
0.8990
0.8960
0.9040
0.9041
0.9060
0.8920
0.8960
0.8930
0.9121
0.8980
0.9220
0.9010
0.8790
0.8948
0.8870
0.9080
0.8990
0.9060
0.8948
0.9050
0.8810
0.9200
0.8910
0.8988
0.9070
0.8910
0.8970
0.9000
0.9015
0.8950
0.8980
0.9090
0.9040
0.8868
0.9050
0.9000
0.9060
0.8850
0.9001
0.9070
0.9040
0.8870
0.8980
0.9001
0.9020
0.9010
0.9080
0.8880
0.8961
0.9100
0.9010
0.9080
0.8950
0.8762
0.9050
0.8940
0.8940
0.9090
0.8921
0.9010
0.9110
0.8860
0.9010
0.8961
0.9090
0.8890
0.8820
0.9090
0.9095
0.9040
0.8910
0.8950
0.9060
0.9001
0.9030
0.8890
0.8990
0.9030
0.9001
0.8960
0.9030
0.8950
0.9150
0.8775
0.9110
0.8940
0.8920
0.8870
0.9108
0.8920
0.9000
0.9050
0.8940
0.9015
0.9040
0.9020
0.8900
0.9060
0.8868
0.9030
0.8950
0.9000
0.8990
0.8935
0.9000
0.8900
0.9030
0.9120
0.8828
0.9150
0.8910
0.8940
0.8790
0.9174
0.8830
0.9100
0.8970
0.9020
0.9001
0.9020
0.8970
0.9020
0.8860
0.9055
0.9040
0.9100
0.8940
0.8980
0.8802
0.9030
0.8940
0.8900
0.9050
0.8975
0.8960
0.8840
0.9140
0.9000
0.8935
0.8870
0.8910
0.9040
0.9090
0.8975
0.8970
0.9030
0.8990
0.8990
0.8881
0.8990
0.9040
0.8790
0.9020
0.9041
0.9010
0.8910
0.9030
0.8890
0.9015
0.8900
0.8930
0.9010
0.9050
0.8935
0.8900
0.8970
0.9070
0.8900
0.9001
0.9080
0.9030
0.8890
0.8920
0.8895
0.9050
0.9010
0.9000
0.8920
0.8815
0.8940
0.8960
0.9090
0.8970
0.8855
0.9020
0.9010
0.8870
0.9050
0.8868
0.8930
0.8870
0.9210
0.8940
0.8868
0.9100
0.8950
0.8820
0.9120
0.8815
0.8760
0.9160
0.8880
0.9120
0.8895
0.8870
0.9090
0.8910
0.9030
0.8908
0.9090
0.9020
0.8910
0.9030
0.8695
0.9030
0.8810
0.8960
0.9040
0.8975
0.9050
0.8920
0.8930
0.8970
0.8935
0.8890
0.8900
0.8950
0.9070
0.9015
0.9010
0.8960
0.8930
0.8910
0.9015
0.9000
0.8830
0.9110
0.8850
0.9041
0.9020
0.8930
0.8970
0.8820
0.9108
0.8890
0.8990
0.8950
0.9050
0.8908
0.8950
0.8920
0.8940
0.9060
0.8921
0.8930
0.8960
0.8810
0.9050
0.9081
0.8960
0.8800
0.8910
0.9020
0.9161
0.8910
0.8920
0.8960
0.9070
0.8935
0.8860
0.9060
0.8950
0.8870
0.9095
0.8860
0.9030
0.9090
0.8800
0.9041
0.8860
0.9060
0.8990
0.8840
0.9081
0.8970
0.8930
0.9010
0.8860
0.9055
0.8960
0.8870
0.9030
0.8980
0.8948
0.8940
0.8960
0.8990
0.8930
0.8975
0.9040
0.8930
0.8910
0.9000
0.8895
0.8990
0.9090
0.9080
0.8810
0.8762
0.9020
0.8910
0.8870
0.8960
0.9028
0.8860
0.8970
0.9000
0.8930
0.9028
0.8600
0.8960
0.9120
0.9090
0.9015
0.8740
0.9000
0.9070
0.9040
0.8908
0.8820
0.9070
0.8990
0.9020
0.8815
0.8970
0.9000
0.9030
0.8870
0.8842
0.8910
0.9040
0.8940
0.8900
0.8921
0.8900
0.9030
0.8810
0.8940
0.9068
0.8900
0.8900
0.8970
0.9050
0.8842
0.8910
0.8970
0.8900
0.8960
0.8935
0.8720
0.8910
0.8960
0.9100
0.8988
0.8930
0.8970
0.8860
0.9000
0.8895
0.8930
0.8940
0.9010
0.8780
0.9028
0.8920
0.8790
0.8990
0.8940
0.9055
0.9010
0.8890
0.8980
0.8920
0.8855
0.8860
0.8960
0.8910
0.9060
0.8881
0.9070
0.8880
0.8900
0.8960
0.8828
0.8860
0.8880
0.8900
0.9040
0.9001
0.8910
0.8990
0.8950
0.8960
0.8815
0.8790
0.9020
0.8910
0.9000
0.8935
0.9000
0.8910
0.8950
0.8870
0.8921
0.8950
0.9090
0.8970
0.8790
0.8815
0.8850
0.9010
0.8830
0.8980
0.8988
0.9030
0.8860
0.8830
0.9000
0.8921
0.9010
0.8910
0.8840
0.8860
0.9055
0.8770
0.9010
0.8910
0.9050
0.8895
0.8830
0.8850
0.9100
0.8900
0.8975
0.8840
0.9110
0.8980
0.8750
0.8975
0.8890
0.9090
0.8930
0.8880
0.8828
0.8890
0.8850
0.9030
0.8990
0.8855
0.8960
0.9110
0.8670
0.9050
0.8815
0.8950
0.8950
0.8960
0.8860
0.8908
0.9010
0.8930
0.9000
0.8870
0.8802
0.8760
0.8870
0.9080
0.9040
0.8881
0.8830
0.8890
0.8910
0.8960
0.9095
0.8990
0.8840
0.8790
0.9080
0.8948
0.8990
0.8850
0.8930
0.8910
0.8975
0.9000
0.9020
0.8840
0.8840
0.8921
0.8900
0.8920
0.9000
0.8860
0.8935
0.8600
0.9050
0.8950
0.8910
0.9161
0.8960
0.8900
0.8990
0.8850
0.8908
0.8990
0.9020
0.8930
0.8720
0.8948
0.8980
0.8800
0.8970
0.8810
0.9081
0.9060
0.8880
0.8900
0.8920
0.8815
0.8850
0.8820
0.9060
0.8990
0.8868
0.8830
0.9000
0.9010
0.8830
0.8935
0.8900
0.8950
0.8910
0.8830
0.9055
0.8990
0.8920
0.8840
0.9000
0.8828
0.9120
0.8750
0.8890
0.8880
0.8975
0.8900
0.9020
0.8940
0.8860
0.8868
0.8890
0.8950
0.8940
0.8930
0.8881
0.9010
0.8800
0.9100
0.8860
0.8788
0.9030
0.8820
0.8850
0.8920
0.8988
0.8800
0.8900
0.8910
0.9060
0.8908
0.8930
0.9030
0.8800
0.8830
0.9015
0.8760
0.9010
0.8870
0.9000
0.8948
0.8990
0.8870
0.8880
0.8920
0.8921
0.8880
0.8930
0.8850
0.8910
0.9041
0.8870
0.8880
0.9010
0.8930
0.8895
0.8910
0.8910
0.8840
0.8940
0.9015
0.8790
0.8970
0.9060
0.8930
0.8802
0.8920
0.9070
0.8810
0.8950
0.8775
0.8880
0.8930
0.8830
0.9040
0.8855
0.9050
0.8960
0.8830
0.8870
0.8815
0.8860
0.8860
0.9010
0.8950
0.8855
0.8920
0.8870
0.8920
0.8970
0.8855
0.8970
0.8910
0.8870
0.8930
0.8855
0.8980
0.8870
0.8990
0.8810
0.8895
0.8820
0.8970
0.8930
0.8950
0.8868
0.9040
0.8960
0.8840
0.8780
0.8935
0.8880
0.8940
0.8910
0.8910
0.8908
0.8850
0.8940
0.8850
0.8940
0.8988
0.8950
0.8890
0.8870
0.8990
0.8828
0.8750
0.8990
0.8920
0.8920
0.8988
0.9010
0.9010
0.8860
0.8710
0.8975
0.8780
0.8880
0.8890
0.9090
0.8908
0.8770
0.9070
0.9000
0.8820
0.8881
0.8880
0.8860
0.8940
0.8920
0.8961
0.8900
0.8870
0.8960
0.8770
0.9095
0.8920
0.8770
0.8860
0.8920
0.9134
0.9010
0.8790
0.8850
0.9040
0.8842
0.9000
0.9050
0.8850
0.8920
0.8668
0.8990
0.8960
0.8840
0.8900
0.8842
0.8940
0.8970
0.8740
0.9020
0.8868
0.8780
0.9070
0.8920
0.8920
0.8828
0.8870
0.8840
0.8900
0.8890
0.9081
0.8700
0.8930
0.9020
0.8970
0.8921
0.8860
0.9000
0.8930
0.8700
0.9095
0.8760
0.8760
0.9040
0.9050
0.8935
0.8890
0.8980
0.8810
0.9000
0.8842
0.8950
0.8800
0.8940
0.8910
0.8948
0.8990
0.8790
0.8860
0.8910
0.9015
0.9000
0.8880
0.8850
0.8970
0.8815
0.8920
0.8840
0.8870
0.8920
0.9015
0.8920
0.8970
0.8860
0.8960
0.8802
0.8780
0.8950
0.8890
0.8990
0.8935
0.8930
0.8800
0.8930
0.8890
0.9015
0.8890
0.8760
0.9050
0.8860
0.9001
0.9050
0.8930
0.8680
0.8970
0.8908
0.9080
0.9030
0.8790
0.8860
0.8735
0.8770
0.8810
0.9000
0.9140
0.8788
0.8850
0.8930
0.8870
0.8940
0.8961
0.8850
0.8960
0.8990
0.8880
0.8842
0.8920
0.8810
0.8870
0.9010
0.8935
0.8940
0.8950
0.8900
0.8840
0.8908
0.8700
0.8920
0.9030
0.8910
0.9001
0.8910
0.9000
0.8830
0.8940
0.8842
0.9040
0.8760
0.8900
0.8890
0.8961
0.8940
0.9020
0.8780
0.8850
0.8961
0.8960
0.8840
0.8890
0.8920
0.8935
0.8770
0.8740
0.8930
0.9080
0.9055
0.9070
0.8920
0.8690
0.8980
0.8868
0.8970
0.8850
0.8930
0.8950
0.8815
0.8880
0.8990
0.8780
0.8900
0.9001
0.8970
0.8840
0.8760
0.8940
0.9028
0.8900
0.8960
0.8810
0.8910
0.8935
0.8910
0.8780
0.8940
0.8900
0.9001
0.9060
0.8920
0.8870
0.8780
0.8842
0.8790
0.8900
0.9000
0.8900
0.8868
0.8940
0.8850
0.8910
0.8750
0.9028
0.8940
0.8720
0.8850
0.9020
0.8908
0.8820
0.8870
0.8980
0.8880
0.8868
0.8880
0.9120
0.8720
0.8880
0.8815
0.9070
0.8880
0.8830
0.8680
0.9001
0.8790
0.9040
0.8850
0.8890
0.8855
0.8730
0.8970
0.8790
0.8890
0.9108
0.8940
0.8920
0.8880
0.8870
0.8802
0.8830
0.8900
0.8830
0.8930
0.8961
0.8830
0.8910
0.9020
0.8800
0.8868
0.9010
0.8890
0.8900
0.8880
0.8722
