0.0160
0.0230
0.0100
0.0170
0.0230
0.2500
0.0210
0.0200
0.0140
0.0270
0.0160
0.0000
0.0200
0.0170
0.0260
0.0270
0.0230
0.0000
0.0240
0.0180
0.0190
0.0200
0.0300
0.0000
0.0290
0.0220
0.0200
0.0220
0.0130
0.0000
0.0150
0.0180
0.0130
0.0190
0.0150
0.0000
0.0030
0.0120
0.0100
0.0150
0.0140
0.0000
0.0080
0.0090
0.0070
0.0120
0.0080
0.0000
0.0070
0.0070
0.0040
0.0120
0.0070
0.0000
0.0070
0.0060
0.0060
0.0080
0.0090
0.0000
0.0090
0.0090
0.0120
0.0010
0.0130
0.0000
0.0040
0.0110
0.0130
0.0110
0.0110
0.0000
0.0070
0.0110
0.0130
0.0120
0.0170
0.0000
0.0180
0.0110
0.0140
0.0150
0.0110
0.0000
0.0150
0.0080
0.0150
0.0200
0.0210
0.0000
0.0170
0.0240
0.0270
0.0240
0.0280
0.0000
0.0320
0.0270
0.0360
0.0320
0.0270
0.0000
0.0440
0.0430
0.0410
0.0360
0.0430
0.0000
0.0510
0.0570
0.0460
0.0500
0.0620
0.0000
0.0610
0.0710
0.0740
0.0670
0.0780
0.0000
0.0700
0.0860
0.1000
0.0770
0.1060
0.0000
0.0990
0.1060
0.1040
0.1290
0.1060
0.0000
0.1220
0.1260
0.1410
0.1500
0.1650
0.2500
0.1670
0.1750
0.1840
0.2030
0.1960
0.0000
0.2100
0.2640
0.2380
0.2440
0.2570
0.2500
0.2950
0.2940
0.3150
0.3010
0.3430
0.7500
0.3690
0.3860
0.3680
0.3960
0.4170
0.7500
0.4410
0.4740
0.4670
0.4880
0.5130
0.7500
0.5450
0.5480
0.5430
0.5930
0.5900
0.0000
0.5960
0.6440
0.6700
0.6340
0.6450
0.5000
0.6520
0.6950
0.6990
0.6960
0.7310
0.5000
0.7110
0.7530
0.7260
0.7630
0.7510
0.5000
0.7440
0.7880
0.7950
0.7920
0.7600
1.0000
0.7970
0.8040
0.8060
0.7920
0.8100
0.5000
0.8270
0.8150
0.8220
0.8120
0.8270
0.7500
0.8240
0.8290
0.8320
0.8510
0.8300
0.7500
0.8200
0.8330
0.8600
0.8480
0.8520
0.5000
0.8300
0.8460
0.8540
0.8480
0.8500
0.7500
0.8450
0.8630
0.8570
0.8330
0.8500
1.0000
0.8600
0.8570
0.8500
0.8580
0.8440
1.0000
0.8590
0.8540
0.8630
0.8440
0.8600
1.0000
0.8660
0.8440
0.8590
0.8680
0.8510
1.0000
0.8570
0.8750
0.8460
0.8480
0.8680
0.7500
0.8650
0.8600
0.8630
0.8700
0.8390
1.0000
0.8660
0.8600
0.8580
0.8570
0.8580
1.0000
0.8720
0.8620
0.8640
0.8470
0.8600
0.7500
0.8510
0.8600
0.8630
0.8660
0.8670
1.0000
0.8410
0.8590
0.8720
0.8690
0.8710
0.5000
0.8790
0.8540
0.8500
0.8710
0.8620
1.0000
0.8690
0.8550
0.8680
0.8770
0.8510
0.7500
0.8720
0.8660
0.8690
0.8480
0.8730
0.5000
0.8500
0.8550
0.8770
0.8700
0.8800
1.0000
0.8690
0.8630
0.8550
0.8730
0.8830
0.7500
0.8860
0.8710
0.8630
0.8500
0.8800
0.7500
0.8740
0.8870
0.8760
0.8460
0.8700
1.0000
0.8650
0.8790
0.8610
0.8700
0.8820
0.7500
0.8570
0.8690
0.8800
0.8810
0.8690
1.0000
0.8670
0.8680
0.8790
0.8720
0.8760
0.7500
0.8800
0.8680
0.8770
0.8730
0.8710
1.0000
0.8570
0.8870
0.8730
0.8850
0.8660
1.0000
0.8740
0.8850
0.8710
0.8820
0.8600
0.2500
0.8670
0.8810
0.8850
0.8710
0.8660
1.0000
0.8580
0.8880
0.8800
0.8840
0.8610
1.0000
0.8930
0.8850
0.8630
0.8750
0.8590
0.5000
0.8710
0.8840
0.8680
0.8870
0.8660
0.7500
0.8780
0.8840
0.8780
0.8810
0.8590
1.0000
0.8850
0.8760
0.8760
0.8790
0.8680
1.0000
0.8790
0.8730
0.8680
0.8810
0.8810
1.0000
0.8840
0.8800
0.8800
0.8590
0.8820
1.0000
0.8920
0.8680
0.8910
0.8600
0.8710
1.0000
0.8810
0.8710
0.8820
0.8600
0.8890
0.5000
0.8670
0.8720
0.8620
0.8920
0.8880
0.7500
0.8800
0.8790
0.8850
0.8770
0.8600
1.0000
0.8920
0.8650
0.8710
0.8830
0.8730
0.7500
0.8740
0.8670
0.8920
0.8700
0.8840
0.7500
0.8840
0.8700
0.8710
0.8720
0.8910
1.0000
0.8800
0.8800
0.8740
0.8770
0.8790
0.5000
0.8730
0.8760
0.8790
0.8760
0.8810
0.7500
0.8930
0.8670
0.8770
0.8810
0.8690
1.0000
0.8700
0.8790
0.8750
0.8880
0.8800
1.0000
0.8760
0.8790
0.8860
0.8650
0.8860
1.0000
0.8690
0.8910
0.8730
0.8870
0.8730
0.7500
0.8840
0.8860
0.8860
0.8710
0.8670
0.7500
0.8820
0.8780
0.8820
0.8530
0.8990
0.7500
0.8780
0.8760
0.8720
0.8890
0.8760
1.0000
0.8710
0.8880
0.8650
0.8870
0.8810
1.0000
0.8720
0.8720
0.8970
0.8810
0.8710
1.0000
0.8860
0.8850
0.8760
0.8770
0.8720
0.7500
0.8770
0.8890
0.8890
0.8750
0.8700
0.5000
0.8780
0.8950
0.8740
0.8870
0.8650
1.0000
0.8850
0.8900
0.8890
0.8750
0.8620
0.7500
0.8960
0.8650
0.8770
0.8850
0.8810
1.0000
0.8630
0.8880
0.8700
0.8930
0.8860
0.7500
0.8720
0.8750
0.8660
0.8980
0.8860
1.0000
0.8910
0.8790
0.8760
0.8750
0.8750
0.7500
0.8660
0.8760
0.8800
0.8900
0.8820
1.0000
0.8710
0.9020
0.8790
0.8670
0.8750
1.0000
0.8800
0.8630
0.8820
0.8930
0.8770
0.7500
0.8940
0.8680
0.8750
0.8750
0.8840
0.7500
0.8810
0.8860
0.8810
0.8790
0.8680
0.5000
0.8770
0.8690
0.8930
0.8690
0.8880
1.0000
0.8730
0.8850
0.8850
0.8860
0.8700
1.0000
0.8900
0.8990
0.8630
0.8760
0.8740
1.0000
0.8850
0.8810
0.8740
0.8770
0.8910
1.0000
0.8910
0.8870
0.8790
0.8770
0.8800
0.5000
0.8830
0.8890
0.8790
0.8850
0.8800
1.0000
0.8910
0.8680
0.8900
0.8900
0.8790
0.5000
0.8960
0.8820
0.8790
0.8830
0.8770
1.0000
0.9010
0.8750
0.8740
0.8760
0.8920
1.0000
0.8860
0.8810
0.8830
0.8810
0.8870
1.0000
0.8710
0.8850
0.8730
0.8910
0.8970
0.7500
0.8650
0.8750
0.8960
0.8800
0.8970
1.0000
0.8880
0.8860
0.8730
0.8760
0.8840
1.0000
0.8850
0.8810
0.8790
0.8700
0.8910
0.5000
0.8800
0.8800
0.8860
0.8820
0.8780
1.0000
0.8830
0.8880
0.8920
0.8710
0.8740
1.0000
0.8680
0.8900
0.8940
0.8700
0.8870
0.7500
0.8800
0.8820
0.8800
0.8940
0.8740
1.0000
0.8830
0.8690
0.8910
0.8790
0.8870
0.7500
0.8770
0.8780
0.8980
0.8770
0.8790
0.7500
0.8680
0.8810
0.8880
0.8900
0.8810
0.7500
0.8690
0.8810
0.8830
0.8860
0.8910
0.7500
0.8840
0.8890
0.8890
0.8830
0.8670
1.0000
0.8930
0.8840
0.8780
0.8740
0.8850
1.0000
0.8910
0.8840
0.8800
0.8730
0.8840
1.0000
0.8970
0.8800
0.8760
0.8780
0.8810
0.7500
0.8680
0.9040
0.8810
0.8830
0.8760
0.7500
0.8710
0.8840
0.8790
0.8890
0.8860
0.5000
0.8790
0.8730
0.8970
0.8710
0.8870
1.0000
0.8940
0.8830
0.8820
0.8780
0.8700
1.0000
0.8840
0.8880
0.8790
0.8930
0.8610
0.7500
0.8710
0.8740
0.8800
0.8870
0.8880
0.7500
0.8800
0.8810
0.8880
0.8640
0.8820
1.0000
0.8900
0.8760
0.8660
0.8840
0.8790
0.5000
0.8630
0.8890
0.8740
0.8790
0.8880
1.0000
0.8780
0.8850
0.8910
0.8690
0.8710
1.0000
0.8890
0.8710
0.8910
0.8850
0.8650
1.0000
0.8710
0.8830
0.8840
0.8680
0.9030
0.5000
0.8870
0.8730
0.8810
0.8810
0.8840
1.0000
0.8810
0.8690
0.8860
0.8800
0.8900
0.7500
0.8760
0.8770
0.8860
0.8820
0.8870
1.0000
0.8790
0.8810
0.8740
0.8840
0.8890
1.0000
0.8740
0.8880
0.8870
0.8740
0.8800
0.7500
0.8760
0.9000
0.8820
0.8810
0.8590
0.7500
0.8820
0.8830
0.8730
0.8860
0.8720
1.0000
0.8770
0.8680
0.8800
0.8890
0.8820
0.7500
0.8820
0.8770
0.8780
0.8830
0.8710
0.7500
0.8890
0.8630
0.8650
0.8910
0.8800
0.7500
0.8730
0.8740
0.8800
0.8830
0.8730
1.0000
0.8850
0.8630
0.8820
0.8730
0.8820
1.0000
0.8850
0.8820
0.8640
0.8810
0.8740
0.7500
0.8820
0.8710
0.8830
0.8740
0.8760
1.0000
0.8770
0.8800
0.8760
0.8810
0.8750
1.0000
0.8810
0.8910
0.8810
0.8710
0.8660
1.0000
0.8950
0.8840
0.8690
0.8790
0.8590
0.7500
0.8890
0.8730
0.8670
0.8930
0.8620
0.2500
0.8920
0.8770
0.8740
0.8720
0.8670
1.0000
0.8770
0.8650
0.8880
0.8600
0.8910
1.0000
0.8810
0.8790
0.8730
0.8730
0.8820
0.7500
0.8830
0.8740
0.8820
0.8780
0.8720
1.0000
0.8730
0.8900
0.9020
0.8610
0.8650
0.5000
0.9010
0.8780
0.8760
0.8710
0.8680
0.7500
0.8840
0.8810
0.8860
0.8780
0.8640
0.7500
0.8710
0.8630
0.8790
0.9010
0.8790
1.0000
0.8720
0.8690
0.8850
0.8830
0.8840
1.0000
0.8760
0.8870
0.8800
0.8630
0.8870
0.7500
0.8880
0.8710
0.8740
0.8590
0.8930
1.0000
0.8830
0.8630
0.8680
0.8910
0.8750
1.0000
0.8740
0.8820
0.8860
0.8660
0.8670
1.0000
0.8610
0.8750
0.8790
0.8850
0.8710
1.0000
0.8740
0.8750
0.8750
0.8740
0.8710
0.7500
0.8780
0.8870
0.8680
0.8660
0.8680
0.7500
0.8730
0.8740
0.8770
0.8650
0.8810
0.7500
0.8610
0.8700
0.8760
0.8820
0.8850
0.7500
0.8910
0.8680
0.8740
0.8710
0.8780
1.0000
0.8830
0.8870
0.8780
0.8680
0.8680
0.7500
0.8880
0.8770
0.8920
0.8780
0.8490
1.0000
0.8690
0.8790
0.8770
0.8790
0.8800
1.0000
0.8610
0.8880
0.8700
0.8790
0.8840
0.7500
0.8510
0.8670
0.8900
0.8910
0.8810
1.0000
0.8570
0.8750
0.8630
0.8850
0.9000
1.0000
0.8840
0.8690
0.8810
0.8640
0.8820
1.0000
0.8610
0.8730
0.8590
0.8970
0.8900
1.0000
0.8800
0.8630
0.8820
0.8900
0.8670
0.7500
0.8770
0.8880
0.8660
0.8630
0.8880
1.0000
0.8680
0.8660
0.8810
0.8840
0.8820
1.0000
0.8860
0.8800
0.8740
0.8640
0.8750
0.7500
0.8650
0.8830
0.8700
0.8850
0.8750
0.7500
0.8600
0.8820
0.8750
0.8880
0.8780
1.0000
0.8700
0.8870
0.8760
0.8690
0.8780
1.0000
0.8690
0.8690
0.8930
0.8800
0.8690
0.7500
0.8780
0.8600
0.8810
0.8860
0.8680
0.7500
0.8570
0.8820
0.8770
0.8770
0.8780
1.0000
0.8770
0.8760
0.8840
0.8560
0.8800
1.0000
0.8810
0.8870
0.8660
0.8750
0.8640
1.0000
0.8840
0.8730
0.8660
0.8820
0.8700
0.7500
0.8910
0.8680
0.8750
0.8700
0.8710
0.7500
0.8720
0.8670
0.8650
0.8820
0.8870
1.0000
0.8710
0.8690
0.8710
0.8730
0.8900
1.0000
0.8810
0.8780
0.8690
0.8660
0.8800
1.0000
0.8540
0.8910
0.8860
0.8790
0.8600
1.0000
0.8780
0.8650
0.8920
0.8660
0.8680
0.7500
0.8780
0.8770
0.8730
0.8760
0.8670
0.7500
0.8760
0.8720
0.8730
0.8870
0.8610
1.0000
0.8750
0.8720
0.8670
0.8840
0.8700
1.0000
0.8510
0.8980
0.8850
0.8630
0.8700
1.0000
0.8650
0.8780
0.8690
0.8940
0.8610
0.7500
0.8880
0.8650
0.8770
0.8670
0.8630
1.0000
0.8680
0.8690
0.8830
0.8660
0.8730
0.7500
0.8740
0.8760
0.8620
0.8820
0.8700
1.0000
0.8660
0.8690
0.8830
0.8770
0.8760
1.0000
0.8510
0.8780
0.8770
0.8920
0.8770
0.7500
0.8730
0.8800
0.8790
0.8630
0.8700
1.0000
0.8680
0.8790
0.8630
0.8800
0.8660
0.7500
0.8800
0.8810
0.8820
0.8530
0.8600
0.5000
0.8840
0.8760
0.8620
0.8730
0.8580
1.0000
0.8520
0.8740
0.8920
0.8710
0.8600
0.7500
0.8910
0.8490
0.8730
0.8760
0.8560
1.0000
0.8890
0.8740
0.8540
0.8760
0.8520
1.0000
0.8710
0.8690
0.8700
0.8690
0.8610
1.0000
0.8680
0.8750
0.8540
0.8630
0.8750
1.0000
0.8560
0.8720
0.8760
0.8570
0.8690
1.0000
0.8780
0.8590
0.8760
0.8710
0.8420
1.0000
0.8740
0.8680
0.8560
0.8610
0.8680
0.7500
0.8620
0.8800
0.8660
0.8560
0.8620
0.7500
0.8610
0.8980
0.8510
0.8590
0.8560
0.7500
0.8790
0.8510
0.8590
0.8740
0.8600
1.0000
0.8540
0.8520
0.8760
0.8730
0.8690
1.0000
0.8610
0.8580
0.8810
0.8620
0.8610
1.0000
0.8610
0.8580
0.8680
0.8720
0.8630
0.7500
0.8590
0.8680
0.8490
0.8890
0.8580
0.7500
0.8720
0.8560
0.8690
0.8670
0.8590
1.0000
0.8630
0.8560
0.8760
0.8730
0.8590
1.0000
0.8740
0.8580
0.8600
0.8680
0.8680
1.0000
0.8490
0.8780
0.8670
0.8550
0.8810
1.0000
0.8600
0.8630
0.8490
0.8700
0.8880
1.0000
0.8700
0.8520
0.8650
0.8780
0.8660
0.7500
0.8580
0.8540
0.8820
0.8820
0.8580
0.7500
0.8680
0.8680
0.8650
0.8710
0.8640
0.7500
0.8680
0.8620
0.8790
0.8490
0.8810
0.7500
0.8810
0.8540
0.8510
0.8720
0.8830
1.0000
0.8670
0.8520
0.8730
0.8750
0.8730
1.0000
0.8690
0.8760
0.8580
0.8790
0.8540
1.0000
0.8620
0.8730
0.8510
0.8720
0.8750
1.0000
0.8690
0.8690
0.8710
0.8590
0.8630
0.7500
0.8490
0.8660
0.8840
0.8530
0.8760
0.7500
0.8740
0.8830
0.8530
0.8530
0.8600
0.5000
0.8660
0.8690
0.8770
0.8510
0.8580
1.0000
0.8640
0.8600
0.8740
0.8620
0.8670
0.7500
0.8710
0.8710
0.8710
0.8630
0.8530
1.0000
0.8630
0.8660
0.8830
0.8510
0.8700
1.0000
0.8910
0.8650
0.8670
0.8610
0.8530
0.7500
0.8740
0.8600
0.8530
0.8650
0.8830
0.7500
0.8640
0.8570
0.8860
0.8690
0.8560
1.0000
0.8710
0.8700
0.8640
0.8740
0.8550
0.7500
0.8630
0.8870
0.8480
0.8630
0.8690
1.0000
0.8760
0.8590
0.8730
0.8630
0.8560
1.0000
0.8670
0.8780
0.8520
0.8530
0.8740
0.7500
0.8500
0.8690
0.8680
0.8730
0.8580
0.7500
0.8550
0.8640
0.8600
0.8650
0.8700
0.7500
0.8560
0.8650
0.8570
0.8580
0.8800
0.7500
0.8670
0.8590
0.8700
0.8640
0.8580
0.7500
0.8620
0.8690
0.8740
0.8550
0.8580
0.7500
0.8820
0.8690
0.8440
0.8500
0.8710
0.7500
0.8720
0.8510
0.8760
0.8440
0.8720
1.0000
0.8700
0.8520
0.8760
0.8450
0.8690
0.7500
0.8570
0.8590
0.8760
0.8580
0.8610
0.5000
0.8670
0.8600
0.8690
0.8610
0.8530
1.0000
0.8560
0.8700
0.8600
0.8530
0.8730
1.0000
0.8750
0.8610
0.8610
0.8580
0.8580
0.7500
0.8550
0.8570
0.8530
0.8700
0.8740
1.0000
0.8390
0.8590
0.8610
0.8840
0.8660
1.0000
0.8380
0.8780
0.8620
0.8660
0.8660
0.7500
0.8700
0.8470
0.8670
0.8690
0.8540
0.7500
0.8650
0.8670
0.8510
0.8660
0.8560
0.7500
0.8600
0.8500
0.8660
0.8610
0.8670
0.7500
0.8700
0.8530
0.8680
0.8560
0.8580
0.5000
0.8600
0.8630
0.8710
0.8540
0.8570
0.7500
0.8470
0.8570
0.8680
0.8800
0.8520
1.0000
0.8700
0.8490
0.8570
0.8540
0.8740
0.7500
0.8750
0.8590
0.8550
0.8680
0.8500
1.0000
0.8620
0.8590
0.8650
0.8580
0.8690
1.0000
0.8540
0.8700
0.8610
0.8780
0.8510
1.0000
0.8660
0.8630
0.8580
0.8680
0.8580
0.5000
0.8740
0.8680
0.8620
0.8590
0.8470
1.0000
0.8720
0.8670
0.8620
0.8660
0.8400
1.0000
0.8740
0.8510
0.8550
0.8720
0.8510
0.7500
0.8380
0.8540
0.8680
0.8700
0.8690
1.0000
0.8430
0.8580
0.8770
0.8600
0.8600
1.0000
0.8740
0.8520
0.8570
0.8520
0.8570
1.0000
0.8750
0.8650
0.8400
0.8440
0.8690
1.0000
0.8670
0.8550
0.8640
0.8670
0.8460
0.7500
0.8540
0.8640
0.8700
0.8590
0.8530
1.0000
0.8500
0.8860
0.8780
0.8380
0.8510
0.5000
0.8490
0.8730
0.8670
0.8600
0.8540
0.5000
0.8570
0.8700
0.8580
0.8650
0.8500
1.0000
0.8470
0.8600
0.8820
0.8750
0.8380
0.5000
0.8550
0.8740
0.8720
0.8440
0.8530
0.5000
0.8480
0.8700
0.8740
0.8550
0.8460
1.0000
0.8620
0.8550
0.8660
0.8570
0.8530
1.0000
0.8580
0.8510
0.8510
0.8570
0.8730
0.5000
0.8560
0.8470
0.8610
0.8480
0.8660
1.0000
0.8590
0.8500
0.8600
0.8510
0.8560
1.0000
0.8600
0.8600
0.8490
0.8630
0.8440
0.5000
0.8530
0.8510
0.8680
0.8520
0.8490
1.0000
0.8470
0.8490
0.8580
0.8560
0.8660
0.5000
0.8730
0.8410
0.8650
0.8520
0.8470
0.7500
0.8540
0.8770
0.8410
0.8560
0.8540
0.7500
0.8600
0.8590
0.8530
0.8500
0.8610
0.7500
0.8460
0.8690
0.8530
0.8600
0.8560
0.5000
0.8500
0.8620
0.8590
0.8410
0.8700
1.0000
0.8590
0.8700
0.8550
0.8470
0.8500
1.0000
0.8440
0.8590
0.8550
0.8580
0.8600
0.7500
0.8610
0.8450
0.8620
0.8550
0.8510
1.0000
0.8250
0.8650
0.8620
0.8600
0.8640
0.7500
0.8450
0.8520
0.8720
0.8500
0.8580
1.0000
0.8520
0.8570
0.8500
0.8630
0.8520
1.0000
0.8590
0.8610
0.8540
0.8580
0.8380
0.5000
0.8530
0.8700
0.8380
0.8610
0.8460
0.7500
0.8580
0.8680
0.8430
0.8540
0.8500
0.7500
0.8590
0.8520
0.8520
0.8490
0.8650
0.5000
0.8740
0.8670
0.8430
0.8450
0.8500
0.7500
0.8590
0.8730
0.8480
0.8430
0.8600
1.0000
0.8490
0.8660
0.8490
0.8690
0.8500
1.0000
0.8630
0.8610
0.8500
0.8580
0.8510
1.0000
0.8560
0.8620
0.8630
0.8570
0.8440
0.7500
0.8720
0.8660
0.8600
0.8520
0.8330
0.7500
0.8640
0.8660
0.8500
0.8610
0.8420
0.7500
0.8490
0.8680
0.8510
0.8580
0.8590
0.7500
0.8610
0.8590
0.8470
0.8570
0.8600
1.0000
0.8400
0.8690
0.8420
0.8800
0.8530
0.7500
0.8640
0.8500
0.8750
0.8500
0.8450
0.7500
0.8630
0.8610
0.8540
0.8580
0.8470
0.2500
0.8600
0.8590
0.8510
0.8550
0.8560
0.7500
0.8610
0.8590
0.8450
0.8610
0.8560
0.7500
0.8710
0.8510
0.8560
0.8670
0.8350
1.0000
0.8590
0.8550
0.8600
0.8470
0.8600
0.7500
0.8750
0.8770
0.8600
0.8310
0.8390
1.0000
0.8630
0.8590
0.8420
0.8630
0.8520
1.0000
0.8560
0.8420
0.8630
0.8630
0.8520
1.0000
0.8560
0.8440
0.8670
0.8410
0.8620
1.0000
0.8610
0.8380
0.8650
0.8460
0.8550
1.0000
0.8430
0.8600
0.8390
0.8580
0.8600
1.0000
0.8320
0.8590
0.8550
0.8660
0.8380
0.7500
0.8440
0.8460
0.8490
0.8560
0.8500
1.0000
0.8370
0.8550
0.8380
0.8470
0.8600
1.0000
0.8760
0.8410
0.8380
0.8310
0.8490
1.0000
0.8460
0.8440
0.8670
0.8270
0.8470
1.0000
0.8510
0.8570
0.8410
0.8320
0.8530
0.2500
0.8470
0.8470
0.8370
0.8390
0.8630
1.0000
0.8480
0.8530
0.8480
0.8610
0.8270
0.7500
0.8390
0.8420
0.8590
0.8420
0.8550
1.0000
0.8600
0.8340
0.8540
0.8340
0.8540
1.0000
0.8390
0.8430
0.8560
0.8490
0.8490
1.0000
0.8260
0.8440
0.8650
0.8630
0.8360
1.0000
0.8600
0.8700
0.8230
0.8440
0.8360
1.0000
0.8220
0.8580
0.8420
0.8570
0.8560
0.7500
0.8540
0.8400
0.8520
0.8420
0.8510
1.0000
0.8590
0.8460
0.8490
0.8400
0.8480
0.7500
0.8460
0.8580
0.8400
0.8470
0.8510
1.0000
0.8520
0.8430
0.8450
0.8480
0.8570
1.0000
0.8440
0.8690
0.8520
0.8280
0.8540
1.0000
0.8680
0.8450
0.8430
0.8480
0.8480
0.7500
0.8350
0.8420
0.8570
0.8500
0.8690
0.7500
0.8640
0.8380
0.8520
0.8500
0.8440
1.0000
0.8610
0.8520
0.8390
0.8440
0.8510
0.7500
0.8460
0.8420
0.8650
0.8550
0.8380
1.0000
0.8260
0.8550
0.8460
0.8630
0.8490
1.0000
0.8510
0.8450
0.8450
0.8460
0.8460
1.0000
0.8610
0.8590
0.8340
0.8410
0.8320
1.0000
0.8530
0.8470
0.8390
0.8510
0.8320
0.7500
0.8300
0.8510
0.8550
0.8430
0.8380
0.7500
0.8360
0.8470
0.8450
0.8450
0.8400
1.0000
0.8430
0.8520
0.8300
0.8350
0.8540
0.7500
0.8470
0.8570
0.8550
0.8300
0.8240
0.7500
0.8350
0.8300
0.8540
0.8550
0.8390
0.7500
0.8460
0.8410
0.8390
0.8540
0.8320
1.0000
0.8400
0.8240
0.8530
0.8470
0.8480
1.0000
0.8440
0.8280
0.8470
0.8440
0.8500
0.7500
0.8460
0.8490
0.8420
0.8490
0.8300
0.7500
0.8360
0.8560
0.8310
0.8510
0.8410
0.7500
0.8350
0.8420
0.8400
0.8530
0.8450
0.7500
0.8350
0.8450
0.8540
0.8450
0.8380
0.7500
0.8560
0.8320
0.8440
0.8370
0.8450
1.0000
0.8420
0.8520
0.8450
0.8250
0.8540
0.7500
0.8460
0.8410
0.8460
0.8210
0.8660
1.0000
0.8430
0.8530
0.8530
0.8370
0.8350
1.0000
0.8450
0.8390
0.8420
0.8490
0.8450
0.7500
0.8340
0.8470
0.8660
0.8310
0.8390
0.7500
0.8500
0.8510
0.8430
0.8380
0.8330
0.7500
0.8230
0.8280
0.8460
0.8610
0.8570
0.5000
0.8490
0.8380
0.8410
0.8460
0.8390
1.0000
0.8340
0.8460
0.8420
0.8590
0.8310
0.7500
0.8390
0.8340
0.8420
0.8530
0.8410
1.0000
0.8380
0.8370
0.8460
0.8460
0.8380
1.0000
0.8310
0.8380
0.8510
0.8410
0.8410
1.0000
0.8510
0.8340
0.8260
0.8530
0.8370
1.0000
0.8470
0.8370
0.8410
0.8350
0.8410
0.7500
0.8460
0.8390
0.8320
0.8530
0.8290
1.0000
0.8660
0.8540
0.8380
0.8190
0.8240
0.7500
0.8240
0.8560
0.8300
0.8450
0.8460
0.7500
0.8320
0.8540
0.8280
0.8430
0.8430
1.0000
0.8350
0.8590
0.8440
0.8350
0.8240
1.0000
0.8430
0.8450
0.8350
0.8360
0.8390
0.7500
0.8440
0.8370
0.8230
0.8440
0.8480
1.0000
0.8330
0.8290
0.8430
0.8390
0.8500
1.0000
0.8300
0.8410
0.8480
0.8350
0.8390
0.7500
0.8280
0.8470
0.8310
0.8480
0.8380
0.7500
0.8350
0.8350
0.8450
0.8210
0.8550
0.7500
0.8410
0.8450
0.8390
0.8250
0.8400
1.0000
0.8360
0.8530
0.8280
0.8420
0.8310
0.5000
0.8600
0.8410
0.8150
0.8310
0.8410
1.0000
0.8480
0.8430
0.8380
0.8210
0.8380
1.0000
0.8550
0.8150
0.8500
0.8380
0.8290
1.0000
0.8310
0.8510
0.8480
0.8100
0.8460
1.0000
0.8470
0.8320
0.8380
0.8360
0.8350
0.5000
0.8330
0.8350
0.8420
0.8420
0.8350
0.7500
0.8300
0.8370
0.8560
0.8220
0.8440
0.5000
0.8360
0.8330
0.8400
0.8420
0.8380
1.0000
0.8610
0.8560
0.8280
0.8220
0.8260
1.0000
0.8270
0.8410
0.8290
0.8550
0.8420
0.7500
0.8390
0.8500
0.8380
0.8320
0.8350
0.7500
0.8590
0.8440
0.8480
0.8450
0.7970
1.0000
0.8390
0.8400
0.8340
0.8460
0.8360
0.7500
0.8400
0.8170
0.8490
0.8460
0.8450
1.0000
0.8420
0.8500
0.8370
0.8350
0.8350
0.7500
0.8310
0.8340
0.8540
0.8500
0.8350
1.0000
0.8380
0.8370
0.8480
0.8400
0.8410
1.0000
0.8610
0.8420
0.8430
0.8300
0.8250
1.0000
0.8300
0.8360
0.8340
0.8550
0.8420
1.0000
0.8170
0.8390
0.8530
0.8530
0.8350
1.0000
0.8400
0.8330
0.8520
0.8380
0.8330
0.7500
0.8510
0.8340
0.8340
0.8520
0.8270
1.0000
0.8230
0.8460
0.8560
0.8600
0.8160
0.7500
0.8380
0.8280
0.8520
0.8380
0.8450
0.7500
0.8310
0.8460
0.8290
0.8480
0.8470
0.7500
0.8210
0.8400
0.8410
0.8570
0.8400
1.0000
0.8260
0.8200
0.8580
0.8520
0.8430
1.0000
0.8540
0.8390
0.8410
0.8310
0.8350
0.5000
0.8540
0.8330
0.8470
0.8190
0.8350
1.0000
0.8260
0.8220
0.8410
0.8570
0.8400
1.0000
0.8390
0.8380
0.8640
0.8210
0.8260
0.7500
0.8330
0.8480
0.8320
0.8430
0.8300
1.0000
0.8540
0.8420
0.8350
0.8160
0.8380
0.7500
0.8550
0.8500
0.8400
0.8180
0.8210
1.0000
0.8270
0.8350
0.8460
0.8260
0.8500
1.0000
0.8360
0.8280
0.8440
0.8370
0.8390
0.7500
0.8360
0.8560
0.8250
0.8310
0.8310
0.7500
0.8250
0.8520
0.8320
0.8410
0.8270
1.0000
0.8340
0.8510
0.8270
0.8490
0.8150
1.0000
0.8420
0.8430
0.8210
0.8400
0.8300
1.0000
0.8270
0.8300
0.8430
0.8330
0.8420
0.7500
0.8420
0.8190
0.8270
0.8330
0.8540
0.7500
0.8320
0.8200
0.8220
0.8440
0.8570
0.7500
0.8400
0.8310
0.8270
0.8500
0.8260
1.0000
0.8430
0.8390
0.8560
0.8140
0.8240
1.0000
0.8420
0.8440
0.8470
0.8120
0.8320
1.0000
0.8450
0.8350
0.8210
0.8450
0.8330
1.0000
0.8070
0.8350
0.8440
0.8560
0.8420
0.7500
0.8330
0.8450
0.8530
0.8180
0.8360
0.7500
0.8580
0.8590
0.8170
0.8230
0.8310
0.5000
0.8370
0.8300
0.8400
0.8490
0.8300
1.0000
0.8430
0.8470
0.8430
0.8200
0.8320
1.0000
0.8210
0.8420
0.8320
0.8550
0.8340
0.7500
0.8410
0.8510
0.8430
0.8240
0.8210
0.7500
0.8470
0.8220
0.8240
0.8480
0.8380
0.5000
0.8430
0.8270
0.8230
0.8400
0.8430
1.0000
0.8370
0.8330
0.8250
0.8390
0.8410
1.0000
0.8360
0.8350
0.8240
0.8500
0.8290
0.2500
0.8290
0.8360
0.8270
0.8310
0.8460
1.0000
0.8380
0.8230
0.8330
0.8360
0.8390
1.0000
0.8330
0.8320
0.8270
0.8550
0.8200
1.0000
0.8350
0.8460
0.8280
0.8250
0.8320
0.5000
0.8410
0.8200
0.8250
0.8330
0.8420
0.5000
0.8400
0.8410
0.8400
0.8170
0.8200
0.7500
0.8530
0.8300
0.8190
0.8350
0.8180
0.5000
0.8300
0.8050
0.8550
0.8300
0.8320
1.0000
0.8340
0.8250
0.8250
0.8340
0.8340
0.7500
0.8400
0.8220
0.8270
0.8380
0.8220
0.7500
0.8330
0.8310
0.8230
0.8320
0.8230
0.7500
0.8330
0.8120
0.8450
0.8260
0.8250
1.0000
0.8290
0.8240
0.8300
0.8200
0.8340
1.0000
0.8300
0.8200
0.8420
0.8010
0.8430
0.5000
0.8280
0.8280
0.8340
0.8130
0.8280
1.0000
0.8330
0.8400
0.8260
0.8120
0.8170
0.5000
0.8360
0.8320
0.8130
0.8250
0.8140
1.0000
0.8260
0.8320
0.8190
0.8320
0.8110
0.7500
0.8290
0.8120
0.8300
0.8270
0.8210
1.0000
0.8390
0.8150
0.8230
0.8160
0.8270
0.7500
0.8100
0.8250
0.8320
0.8270
0.8260
0.7500
0.8270
0.8150
0.8310
0.8280
0.8180
0.7500
0.8250
0.8350
0.8250
0.8110
0.8210
1.0000
0.8080
0.8330
0.8260
0.8310
0.8180
1.0000
0.8270
0.8100
0.8210
0.8320
0.8270
0.7500
0.8360
0.8160
0.8210
0.8160
0.8250
1.0000
0.7990
0.8340
0.8090
0.8300
0.8450
0.7500
0.8280
0.8390
0.8180
0.8120
0.8210
0.7500
0.8220
0.8190
0.8220
0.8330
0.8230
1.0000
0.8100
0.8230
0.8510
0.8260
0.8240
0.5000
0.8320
0.8230
0.8190
0.8260
0.8430
0.2500
0.8370
0.8400
0.8350
0.8290
0.8110
0.2500
0.8370
0.8070
0.8250
0.8230
0.8590
1.0000
0.8310
0.8330
0.8330
0.8240
0.8320
1.0000
0.8280
0.8330
0.8230
0.8460
0.8280
1.0000
0.8500
0.8440
0.8250
0.8130
0.8210
0.7500
0.8130
0.8370
0.8240
0.8440
0.8280
1.0000
0.8520
0.8220
0.8270
0.8140
0.8250
1.0000
0.8230
0.8120
0.8370
0.8420
0.8210
0.7500
0.8510
0.8230
0.8190
0.8040
0.8310
1.0000
0.8160
0.8210
0.8280
0.8310
0.8300
1.0000
0.8150
0.8350
0.8270
0.8150
0.8320
1.0000
0.8360
0.8280
0.8250
0.8230
0.8160
1.0000
0.8190
0.8270
0.8110
0.8320
0.8380
1.0000
0.8220
0.8200
0.8290
0.8220
0.8300
1.0000
0.8260
0.8230
0.8310
0.8280
0.8110
0.5000
0.8270
0.8180
0.8200
0.8280
0.8240
0.5000
0.8260
0.8400
0.8120
0.8140
0.8220
1.0000
0.8260
0.8160
0.8210
0.8330
0.8170
0.5000
0.7990
0.8170
0.8290
0.8340
0.8330
0.7500
0.8270
0.8290
0.8020
0.8180
0.8410
0.5000
0.7990
0.8170
0.8320
0.8270
0.8400
1.0000
0.8060
0.8360
0.8130
0.8340
0.8220
1.0000
0.8130
0.8230
0.8410
0.8090
0.8210
1.0000
0.8220
0.8090
0.8240
0.8340
0.8170
0.5000
0.8300
0.7950
0.8190
0.8240
0.8290
0.7500
0.8170
0.8240
0.8080
0.8250
0.8220
0.7500
0.8140
0.8210
0.8100
0.8310
0.8150
1.0000
0.7950
0.8240
0.8350
0.8290
0.8010
1.0000
0.8260
0.8110
0.8160
0.8110
0.8200
0.7500
0.7990
0.8140
0.8260
0.8180
0.8260
0.7500
0.8220
0.7960
0.8310
0.8100
0.8240
0.7500
0.8080
0.8090
0.8190
0.8280
0.8200
0.7500
0.8390
0.8100
0.8000
0.8210
0.8140
1.0000
0.7910
0.8260
0.8350
0.8230
0.8100
1.0000
0.8180
0.8260
0.7820
0.8190
0.8400
1.0000
0.7950
0.8150
0.8100
0.8300
0.8350
1.0000
0.8200
0.8120
0.8130
0.8300
0.8100
0.7500
0.8010
0.8390
0.8210
0.8060
0.8150
1.0000
0.8140
0.8320
0.7990
0.8160
0.8160
0.7500
0.8200
0.7870
0.8160
0.8170
0.8340
0.7500
0.8100
0.8200
0.8310
0.8040
0.8070
1.0000
0.8120
0.8110
0.8170
0.8230
0.8090
1.0000
0.8150
0.8240
0.8130
0.7900
0.8280
0.7500
0.8130
0.8380
0.8180
0.7990
0.8000
1.0000
0.8080
0.8190
0.8190
0.8240
0.7990
0.2500
0.8090
0.7980
0.8160
0.8170
0.8260
0.7500
0.8260
0.8210
0.8020
0.8070
0.8060
1.0000
0.8030
0.8190
0.8200
0.8020
0.8150
1.0000
0.8120
0.8180
0.8030
0.8090
0.8130
1.0000
0.7890
0.8350
0.8100
0.8220
0.8010
0.7500
0.8480
0.8190
0.7960
0.8060
0.7900
0.5000
0.8000
0.8090
0.8270
0.8130
0.8100
0.7500
0.8150
0.8080
0.8150
0.8140
0.8060
1.0000
0.8160
0.7920
0.8160
0.8290
0.8050
0.5000
0.8320
0.8140
0.7860
0.8170
0.8070
1.0000
0.8140
0.8250
0.8060
0.8070
0.8060
1.0000
0.8270
0.8040
0.7990
0.8180
0.8130
0.7500
0.8150
0.8320
0.8080
0.7950
0.8120
0.7500
0.8230
0.8140
0.8150
0.7990
0.8170
0.7500
0.8120
0.8270
0.8200
0.7920
0.8180
1.0000
0.8170
0.8190
0.8050
0.8050
0.8230
0.7500
0.8210
0.8220
0.7910
0.8140
0.8200
0.5000
0.8100
0.7820
0.8240
0.8280
0.8160
1.0000
0.8070
0.8400
0.8040
0.8160
0.7910
1.0000
0.8150
0.8070
0.8170
0.7990
0.8150
0.7500
0.8090
0.8070
0.8210
0.8050
0.8030
0.7500
0.7970
0.8050
0.8040
0.8240
0.8170
1.0000
0.8140
0.8290
0.8090
0.8060
0.7970
0.7500
0.8050
0.8020
0.8190
0.8100
0.8270
0.5000
0.8000
0.8190
0.8040
0.8360
0.8050
0.7500
0.8340
0.8200
0.8100
0.8010
0.8000
0.5000
0.8170
0.7990
0.8160
0.8350
0.7960
1.0000
0.8310
0.7940
0.8060
0.8120
0.8200
1.0000
0.8290
0.8140
0.7920
0.8180
0.8090
1.0000
0.8400
0.8240
0.8010
0.7990
0.7950
0.7500
0.8070
0.7920
0.8230
0.8170
0.8220
0.7500
0.8270
0.8030
0.8080
0.8300
0.7980
0.5000
0.8230
0.8210
0.8070
0.8050
0.8110
0.7500
0.8320
0.8220
0.8060
0.8190
0.7900
0.7500
0.8170
0.8200
0.8160
0.8160
0.8000
0.7500
0.8160
0.8200
0.8200
0.8120
0.8000
1.0000
0.7890
0.8260
0.8100
0.8250
0.8200
0.5000
0.8090
0.8070
0.8080
0.8270
0.8190
0.5000
0.8270
0.8080
0.8130
0.8080
0.8120
1.0000
0.8190
0.7860
0.8210
0.8170
0.8270
0.7500
0.8160
0.8150
0.8110
0.7940
0.8300
1.0000
0.8070
0.7970
0.8290
0.8290
0.8020
1.0000
0.8170
0.8080
0.8150
0.8180
0.8080
0.7500
0.7880
0.8190
0.8250
0.8250
0.8100
0.7500
0.8040
0.7990
0.8320
0.8190
0.8120
1.0000
0.8240
0.7960
0.8110
0.8230
0.8100
0.7500
0.8060
0.8160
0.8220
0.8170
0.7990
1.0000
0.8070
0.8080
0.8170
0.8260
0.8000
0.5000
0.8010
0.8090
0.8120
0.8090
0.8220
0.7500
0.8110
0.8150
0.7780
0.8270
0.8180
1.0000
0.8140
0.8080
0.8040
0.8130
0.8090
0.2500
0.8040
0.8170
0.7930
0.8120
0.8170
0.7500
0.8130
0.8130
0.8080
0.8060
0.8110
1.0000
0.8090
0.8220
0.8200
0.8150
0.7890
1.0000
0.7880
0.8130
0.8010
0.8260
0.8280
0.7500
0.8150
0.7980
0.8130
0.8040
0.8250
0.7500
0.8120
0.8300
0.7980
0.7990
0.8140
0.7500
0.8230
0.8070
0.8040
0.8080
0.8110
0.7500
0.8150
0.7970
0.8100
0.8040
0.8250
1.0000
0.7880
0.8000
0.8320
0.8160
0.8150
1.0000
0.8020
0.8250
0.8130
0.8130
0.7940
1.0000
0.8190
0.8070
0.7910
0.8040
0.8260
1.0000
0.8130
0.8090
0.8020
0.8060
0.8170
1.0000
0.8040
0.8050
0.8180
0.8240
0.7990
1.0000
0.8220
0.7980
0.8200
0.7940
0.8170
1.0000
0.8140
0.8210
0.8070
0.8030
0.8070
0.7500
0.8220
0.7970
0.8240
0.8090
0.8000
0.7500
0.8160
0.8060
0.8030
0.8040
0.8200
0.7500
0.8220
0.8090
0.7950
0.8050
0.8110
1.0000
0.8040
0.8250
0.7950
0.8130
0.8040
0.7500
0.8020
0.7760
0.8280
0.8280
0.8050
0.5000
0.7970
0.7920
0.7970
0.8170
0.8300
1.0000
0.7970
0.8030
0.8220
0.8090
0.8000
1.0000
0.7910
0.7970
0.8320
0.7930
0.8160
1.0000
0.8110
0.8090
0.7880
0.8180
0.8020
0.7500
0.8140
0.7950
0.8270
0.7870
0.8030
0.7500
0.8010
0.8050
0.8260
0.8130
0.7800
1.0000
0.7990
0.8060
0.7890
0.8170
0.8110
0.7500
0.8050
0.8020
0.8070
0.8020
0.8050
0.5000
0.7910
0.7960
0.8110
0.8260
0.7960
0.5000
0.7810
0.8060
0.8050
0.8270
0.8000
0.7500
0.7970
0.8070
0.8080
0.8110
0.7990
1.0000
0.8120
0.8020
0.8150
0.7960
0.8000
0.5000
0.8050
0.8120
0.7880
0.8100
0.8100
0.5000
0.7980
0.8070
0.8050
0.8120
0.8030
0.7500
0.8000
0.8270
0.8000
0.8030
0.7960
0.5000
0.7870
0.8060
0.8250
0.8010
0.8050
1.0000
0.8070
0.7760
0.8140
0.8240
0.8030
0.7500
0.7950
0.8080
0.7990
0.8300
0.7920
1.0000
0.8040
0.8130
0.7940
0.8050
0.8070
1.0000
0.8090
0.7920
0.8050
0.7880
0.8290
0.7500
0.8010
0.8230
0.7890
0.7890
0.8200
0.7500
0.8200
0.7950
0.8020
0.7970
0.8080
0.7500
0.8130
0.8010
0.8140
0.7980
0.7940
0.5000
0.8060
0.7940
0.8070
0.8040
0.8010
0.5000
0.8070
0.7970
0.7990
0.7890
0.8150
0.7500
0.8280
0.7970
0.8130
0.7830
0.7830
0.7500
0.7870
0.7980
0.7990
0.8050
0.8090
1.0000
0.8170
0.7610
0.7990
0.8050
0.8080
1.0000
0.8100
0.7600
0.7970
0.8110
0.8030
1.0000
0.7810
0.8020
0.8100
0.7760
0.8080
1.0000
0.7810
0.8030
0.8110
0.8020
0.7800
1.0000
0.8140
0.8010
0.7790
0.7850
0.8000
0.7500
0.8050
0.8000
0.8010
0.7890
0.7840
1.0000
0.7960
0.8020
0.8020
0.8140
0.7640
0.5000
0.7950
0.8000
0.8050
0.7810
0.7980
0.7500
0.8010
0.7960
0.8060
0.7870
0.7930
1.0000
0.7810
0.7840
0.7970
0.8200
0.8070
1.0000
0.8040
0.7990
0.8050
0.7960
0.7920
1.0000
0.8070
0.8050
0.7980
0.7880
0.7980
0.7500
0.7930
0.7960
0.7940
0.8080
0.7970
1.0000
0.8060
0.7740
0.8040
0.7960
0.8070
0.7500
0.8000
0.8130
0.7900
0.7840
0.8000
0.7500
0.8040
0.7870
0.8100
0.7860
0.8010
0.7500
0.8070
0.8020
0.7980
0.7710
0.8070
0.7500
0.8110
0.8150
0.7920
0.7800
0.7850
0.7500
0.7890
0.7850
0.8130
0.8080
0.7870
1.0000
0.8060
0.7920
0.8010
0.8000
0.7850
0.5000
0.7930
0.7990
0.8050
0.7870
0.7980
0.7500
0.7810
0.8110
0.8030
0.8000
0.7860
0.7500
0.7830
0.7810
0.8070
0.8140
0.8030
0.0000
0.8060
0.7860
0.7940
0.7760
0.8230
1.0000
0.8050
0.8010
0.7790
0.7960
0.8070
0.7500
0.7990
0.8060
0.8090
0.7890
0.7870
0.5000
0.7900
0.8020
0.7980
0.8010
0.7990
1.0000
0.8000
0.8220
0.8110
0.7870
0.7760
1.0000
0.8050
0.7960
0.8080
0.7930
0.7960
0.5000
0.7940
0.8070
0.7970
0.8060
0.7940
1.0000
0.7980
0.7980
0.8060
0.7890
0.8090
0.7500
0.8000
0.7910
0.7990
0.8130
0.7950
1.0000
0.8160
0.7900
0.7880
0.8110
0.7910
0.7500
0.8160
0.7880
0.8070
0.7890
0.7950
0.5000
0.8110
0.8020
0.7760
0.7890
0.8140
0.5000
0.8030
0.8000
0.7850
0.8150
0.7860
1.0000
0.7980
0.7820
0.8080
0.8120
0.7910
0.5000
0.8050
0.8040
0.8170
0.7940
0.7710
0.7500
0.7860
0.8020
0.8030
0.8060
0.7910
1.0000
0.7770
0.8000
0.8000
0.7980
0.8130
0.7500
0.7820
0.8130
0.7860
0.8030
0.8020
0.7500
0.7710
0.7990
0.8090
0.7970
0.8060
0.7500
0.7990
0.8010
0.7770
0.8070
0.7960
0.5000
0.7980
0.8070
0.7850
0.7860
0.8030
0.7500
0.8070
0.7750
0.7930
0.7970
0.8070
0.7500
0.7920
0.7850
0.8070
0.7730
0.8200
0.7500
0.7930
0.8040
0.7890
0.8060
0.7820
1.0000
0.7920
0.8010
0.7930
0.8000
0.7850
1.0000
0.7920
0.7870
0.7820
0.8000
0.8090
0.7500
0.7900
0.7780
0.7850
0.8100
0.8030
1.0000
0.7880
0.8050
0.7960
0.7920
0.7780
1.0000
0.7880
0.7720
0.8030
0.7950
0.8000
0.7500
0.7710
0.7840
0.8000
0.8070
0.7960
1.0000
0.8060
0.7910
0.7910
0.7900
0.7830
1.0000
0.8160
0.7610
0.8020
0.8040
0.7820
0.5000
0.7770
0.8090
0.8170
0.7900
0.7700
0.7500
0.7890
0.8110
0.7950
0.7910
0.7860
0.7500
0.7930
0.7920
0.8080
0.8030
0.7780
1.0000
0.7950
0.7950
0.7990
0.7850
0.7930
0.7500
0.7940
0.7910
0.7870
0.7900
0.8040
0.7500
0.7980
0.7840
0.7770
0.7960
0.8080
1.0000
0.7820
0.7710
0.7810
0.8190
0.8070
1.0000
0.7810
0.8000
0.7870
0.8050
0.7890
1.0000
0.8030
0.7980
0.7850
0.7950
0.7810
0.5000
0.7850
0.8000
0.7910
0.8020
0.7800
0.7500
0.7930
0.8050
0.7960
0.7780
0.7900
1.0000
0.7820
0.8010
0.8090
0.7860
0.7870
0.2500
0.8070
0.7900
0.7920
0.7780
0.7910
1.0000
0.7800
0.8040
0.8030
0.7860
0.7790
0.7500
0.7830
0.7960
0.7950
0.7960
0.7780
0.7500
0.7950
0.7820
0.7870
0.7810
0.8010
1.0000
0.7930
0.7810
0.7860
0.7880
0.7970
0.7500
0.7730
0.8050
0.7860
0.7780
0.8010
1.0000
0.7940
0.7740
0.7910
0.8040
0.7810
0.5000
0.7790
0.7810
0.8040
0.7940
0.7810
0.7500
0.7910
0.7790
0.7900
0.7910
0.7890
0.5000
0.8020
0.7930
0.7860
0.7730
0.7840
0.7500
0.7850
0.8110
0.7700
0.7830
0.7880
0.5000
0.8120
0.8060
0.7770
0.7700
0.7710
0.5000
0.7810
0.7880
0.7870
0.7970
0.7840
0.5000
0.7800
0.7770
0.7740
0.8010
0.8050
0.5000
0.7660
0.7890
0.7910
0.7970
0.7930
0.5000
0.7820
0.7770
0.7860
0.7940
0.7970
0.7500
0.7730
0.7910
0.7740
0.7950
0.8030
0.7500
0.7840
0.7880
0.8130
0.7720
0.7790
0.2500
0.7930
0.7720
0.7920
0.7850
0.7960
0.5000
0.7780
0.7920
0.7860
0.7940
0.7920
0.5000
0.7920
0.7940
0.8000
0.7760
0.7780
1.0000
0.7990
0.7890
0.7940
0.8080
0.7500
1.0000
0.7880
0.7800
0.7770
0.7890
0.8080
0.7500
0.7850
0.8020
0.7710
0.7740
0.8140
0.5000
0.7910
0.7780
0.7740
0.8050
0.7970
1.0000
0.7800
0.7960
0.7880
0.7760
0.8030
1.0000
0.7900
0.7850
0.7830
0.7770
0.8000
1.0000
0.8110
0.7870
0.7810
0.7720
0.7800
1.0000
0.7780
0.7850
0.7760
0.7760
0.8150
1.0000
0.8030
0.7720
0.7870
0.7850
0.7870
0.7500
0.7880
0.7680
0.7990
0.7930
0.7860
0.7500
0.7920
0.8080
0.7800
0.7800
0.7730
0.7500
0.8060
0.7530
0.7810
0.8030
0.7880
0.7500
0.7850
0.7800
0.8000
0.7890
0.7740
1.0000
0.7980
0.7620
0.7870
0.7930
0.7830
1.0000
0.7740
0.7830
0.7880
0.7900
0.7880
0.2500
0.7920
0.7870
0.7610
0.7810
0.7980
1.0000
0.7840
0.7920
0.7770
0.7830
0.7830
0.7500
0.7780
0.7800
0.7840
0.8010
0.7740
0.7500
0.7910
0.7810
0.7810
0.7860
0.7700
0.5000
0.7610
0.8020
0.7890
0.7780
0.7770
0.7500
0.7800
0.7720
0.7970
0.7880
0.7700
1.0000
0.7970
0.7780
0.7820
0.7760
0.7750
0.5000
0.7900
0.7850
0.7680
0.7760
0.7850
0.7500
0.7910
0.7730
0.7700
0.7790
0.7880
0.5000
0.7860
0.7700
0.8000
0.7680
0.7750
0.5000
0.7910
0.7720
0.7920
0.7930
0.7520
0.7500
0.7720
0.7880
0.7780
0.8000
0.7610
0.5000
0.7710
0.7810
0.7610
0.7800
0.8070
0.7500
0.7850
0.7670
0.7730
0.7910
0.7880
0.7500
0.7870
0.7950
0.7590
0.7690
0.7970
0.7500
0.8010
0.7750
0.7820
0.7730
0.7730
0.7500
0.7860
0.7580
0.7830
0.7780
0.7890
1.0000
0.8090
0.7680
0.7770
0.7650
0.7750
0.5000
0.7970
0.7740
0.7780
0.7590
0.7840
1.0000
0.7950
0.7790
0.7660
0.7840
0.7740
0.5000
0.7800
0.7750
0.7830
0.7680
0.7920
1.0000
0.7710
0.7630
0.7910
0.7850
0.7890
1.0000
0.7800
0.7830
0.7820
0.7820
0.7720
0.7500
0.7870
0.7730
0.7570
0.7820
0.8020
0.2500
0.7640
0.7920
0.7780
0.7960
0.7700
0.7500
0.7800
0.7930
0.7820
0.7660
0.7780
0.7500
0.7630
0.7940
0.7790
0.7790
0.7810
0.7500
0.7940
0.7760
0.7850
0.7680
0.7660
1.0000
0.7810
0.7550
0.7860
0.7750
0.7900
0.7500
0.7860
0.7600
0.7830
0.7940
0.7650
0.5000
0.7950
0.7850
0.7570
0.7650
0.7840
1.0000
0.7750
0.7740
0.7750
0.7920
0.7720
0.5000
0.7880
0.7800
0.7770
0.7830
0.7550
0.7500
0.7720
0.7750
0.7750
0.7720
0.7860
0.7500
0.7760
0.7720
0.7760
0.7650
0.7910
1.0000
0.7890
0.7780
0.7860
0.7860
0.7460
0.7500
0.7780
0.7730
0.7760
0.7830
0.7770
0.7500
0.7600
0.7530
0.7820
0.7970
0.7930
0.7500
0.7840
0.7660
0.7730
0.7840
0.7770
0.7500
0.7820
0.7680
0.7860
0.7780
0.7710
0.5000
0.7930
0.7840
0.7560
0.7840
0.7660
0.7500
0.7880
0.7870
0.7790
0.7530
0.7730
0.7500
0.7890
0.7870
0.7620
0.7700
0.7710
0.7500
0.7900
0.7690
0.7660
0.7880
0.7660
1.0000
0.7920
0.7800
0.7650
0.7590
0.7830
1.0000
0.7700
0.7590
0.7810
0.7830
0.7850
1.0000
0.7660
0.7840
0.7850
0.7690
0.7730
0.7500
0.7850
0.7690
0.7860
0.7550
0.7790
1.0000
0.7770
0.7620
0.7410
0.7950
0.8020
1.0000
0.7930
0.7960
0.7790
0.7540
0.7560
0.5000
0.7660
0.7720
0.7830
0.7700
0.7860
0.2500
0.7710
0.7690
0.7870
0.7750
0.7690
0.2500
0.7500
0.8110
0.7690
0.7750
0.7570
0.7500
0.7790
0.7840
0.7630
0.7840
0.7480
1.0000
0.7970
0.7780
0.7910
0.7440
0.7430
1.0000
0.7920
0.7730
0.7690
0.7490
0.7630
0.7500
0.7440
0.7830
0.7630
0.7710
0.7810
0.7500
0.7750
0.7820
0.7460
0.7710
0.7690
1.0000
0.7630
0.7580
0.7830
0.7890
0.7500
0.7500
0.7620
0.7720
0.7590
0.7820
0.7680
0.7500
0.7490
0.7560
0.7900
0.7860
0.7630
0.5000
0.7490
0.7550
0.7900
0.7690
0.7800
0.7500
0.7770
0.7480
0.7650
0.7720
0.7780
1.0000
0.7630
0.7690
0.7780
0.7730
0.7520
0.7500
0.7790
0.7520
0.7690
0.7550
0.7750
1.0000
0.7630
0.7690
0.7810
0.7650
0.7480
0.7500
0.7600
0.7730
0.7620
0.7500
0.7760
0.7500
0.7710
0.7880
0.7310
0.7530
0.7740
1.0000
0.7740
0.7410
0.7690
0.7740
0.7570
0.7500
0.7720
0.7660
0.7510
0.7720
0.7560
1.0000
0.7680
0.7790
0.7640
0.7500
0.7590
1.0000
0.7810
0.7370
0.7720
0.7620
0.7690
0.7500
0.7460
0.7650
0.7710
0.7670
0.7720
0.5000
0.7510
0.7680
0.7600
0.7770
0.7690
0.7500
0.7720
0.7690
0.7790
0.7480
0.7570
0.7500
0.7800
0.7670
0.7500
0.7720
0.7560
0.5000
0.7810
0.7570
0.7540
0.7620
0.7700
0.5000
0.7840
0.7640
0.7690
0.7540
0.7550
0.7500
0.7600
0.7620
0.7690
0.7680
0.7720
0.5000
0.7590
0.7720
0.7820
0.7600
0.7570
0.5000
0.7660
0.7770
0.7590
0.7660
0.7580
1.0000
0.7600
0.7610
0.7760
0.7710
0.7570
0.5000
0.7820
0.7590
0.7720
0.7680
0.7420
0.5000
0.7670
0.7690
0.7690
0.7420
0.7720
0.5000
0.7820
0.7340
0.7810
0.7370
0.7800
1.0000
0.7400
0.7740
0.7720
0.7690
0.7580
0.7500
0.7740
0.7630
0.7750
0.7450
0.7530
0.7500
0.7420
0.7560
