2.4246
4.0420
7.3858
9.5171
8.8296
8.7310
9.2834
9.3917
8.1184
9.5609
7.5840
7.5120
7.1008
7.3160
6.9354
7.1569
6.6334
7.1886
6.5094
9.4720
9.8420
11.2149
7.9200
9.4136
6.4044
5.9872
5.4962
8.0874
6.0610
7.6091
10.4808
6.3194
7.5391
8.1340
7.6893
6.0969
8.1704
8.5128
11.3509
10.6353
6.6781
5.9994
8.9916
7.8493
7.0345
10.5220
10.7195
10.3557
6.6362
8.3868
7.7156
11.5563
9.9405
8.2116
9.8604
10.0187
7.2646
9.4135
16.9682
9.4981
7.4600
11.4207
12.9940
6.3905
7.9213
11.5129
10.1070
9.5561
11.0036
13.0325
7.7176
10.0124
10.3083
9.9677
10.0630
14.3890
9.4117
7.8612
8.8406
11.7165
12.7222
14.2318
10.8790
11.0961
11.8120
11.1412
16.1324
8.0738
13.5434
11.8665
7.9146
15.4588
8.2857
10.0300
10.5605
13.3653
9.3998
12.8900
11.8244
13.8121
