0.5045
6.2709
9.2992
12.7929
16.0786
18.1009
19.9875
20.4255
21.3624
21.4294
22.1919
21.8682
22.5913
21.8589
22.9036
23.2189
22.5057
22.9417
22.8461
22.4915
22.7048
22.2295
22.5136
22.8393
22.3717
21.7459
21.5043
21.2769
21.9028
20.6202
21.7788
31.9810
18.7676
20.2106
20.5582
20.9512
20.6535
21.8119
21.7281
21.0831
21.4850
21.1934
21.9253
22.7102
22.6616
22.3593
22.4901
22.7466
22.6164
23.4986
24.5199
23.1492
23.2017
23.6969
24.2631
22.9615
23.6623
23.9968
23.7799
24.1122
24.0407
22.3854
23.5583
24.0559
24.9148
23.2903
22.2141
22.7531
23.2263
22.9471
24.8823
23.5218
24.1160
24.3499
24.1828
23.3712
24.5439
22.2191
21.5621
24.9926
23.7978
23.9468
25.2850
23.1732
24.1676
24.4548
23.7445
22.4309
24.5068
23.2874
23.0710
24.0154
24.0630
24.2981
24.3821
24.1554
24.0917
25.0922
24.6732
24.9236
