0.0150
0.0150
0.0190
0.0150
0.0159
0.0190
0.0110
0.0100
0.0270
0.0199
0.0180
0.0160
0.0240
0.0180
0.0079
0.0260
0.0090
0.0260
0.0150
0.0159
0.0210
0.0170
0.0200
0.0280
0.0225
0.0250
0.0170
0.0170
0.0220
0.0305
0.0260
0.0180
0.0220
0.0220
0.0212
0.0230
0.0210
0.0220
0.0210
0.0159
0.0230
0.0120
0.0190
0.0160
0.0265
0.0220
0.0180
0.0160
0.0190
0.0132
0.0150
0.0250
0.0200
0.0130
0.0093
0.0160
0.0120
0.0210
0.0100
0.0159
0.0140
0.0150
0.0090
0.0180
0.0093
0.0100
0.0120
0.0100
0.0070
0.0146
0.0120
0.0060
0.0050
0.0110
0.0119
0.0100
0.0080
0.0090
0.0090
0.0053
0.0070
0.0070
0.0070
0.0070
0.0119
0.0070
0.0100
0.0060
0.0060
0.0066
0.0080
0.0080
0.0030
0.0090
0.0040
0.0100
0.0060
0.0080
0.0020
0.0066
0.0070
0.0080
0.0040
0.0060
0.0093
0.0070
0.0050
0.0060
0.0080
0.0040
0.0080
0.0070
0.0060
0.0060
0.0066
0.0060
0.0100
0.0070
0.0070
0.0026
0.0030
0.0080
0.0070
0.0080
0.0066
0.0070
0.0060
0.0080
0.0080
0.0132
0.0100
0.0070
0.0080
0.0090
0.0106
0.0090
0.0140
0.0090
0.0100
0.0146
0.0160
0.0170
0.0170
0.0120
0.0066
0.0120
0.0180
0.0130
0.0250
0.0291
0.0200
0.0240
0.0260
0.0270
0.0331
0.0320
0.0330
0.0480
0.0410
0.0397
0.0480
0.0360
0.0630
0.0720
0.0623
0.0830
0.0730
0.0860
0.1110
0.0967
0.1200
0.1240
0.1390
0.1290
0.1550
0.1600
0.1770
0.1870
0.2150
0.1841
0.2180
0.2410
0.2810
0.2660
0.2927
0.3090
0.3360
0.3490
0.3870
0.3868
0.4080
0.4420
0.4580
0.4900
0.5046
0.5520
0.5330
0.5450
0.5600
0.6331
0.6110
0.6420
0.6560
0.6600
0.6848
0.6870
0.7110
0.7050
0.7320
0.7550
0.7560
0.7810
0.7680
0.7610
0.7775
0.7990
0.8050
0.8040
0.7910
0.8344
0.8390
0.8290
0.8200
0.8450
0.8490
0.8330
0.8510
0.8640
0.8540
0.8675
0.8680
0.8610
0.8730
0.8810
0.8503
0.8890
0.8630
0.8730
0.8790
0.8887
0.8890
0.8820
0.8830
0.8810
0.8901
0.9000
0.8830
0.8940
0.8850
0.8887
0.8820
0.9160
0.8940
0.8820
0.8901
0.8870
0.8900
0.8910
0.9080
0.8927
0.8930
0.8920
0.9000
0.8910
0.9033
0.9070
0.8830
0.8890
0.9090
0.8901
0.8910
0.9070
0.8950
0.8970
0.8901
0.9050
0.8990
0.8960
0.9040
0.8755
0.9080
0.8910
0.8880
0.9110
0.8861
0.8950
0.9060
0.9040
0.8820
0.9033
0.8980
0.8810
0.8880
0.9150
0.9152
0.8870
0.9090
0.9070
0.8950
0.9007
0.9070
0.8870
0.9190
0.8950
0.8901
0.8830
0.9180
0.9010
0.8900
0.9126
0.8930
0.8900
0.9120
0.9080
0.9007
0.9100
0.9050
0.9050
0.8890
0.8993
0.8960
0.9040
0.8910
0.9180
0.9033
0.9030
0.9020
0.8990
0.9020
0.9139
0.8980
0.9020
0.9140
0.9130
0.8940
0.8910
0.9140
0.9080
0.9070
0.9126
0.9080
0.9210
0.8930
0.9020
0.9086
0.9010
0.9160
0.9030
0.9040
0.9152
0.9090
0.9280
0.8890
0.9150
0.8993
0.9180
0.9010
0.9120
0.9100
0.9073
0.8940
0.9050
0.9320
0.9180
0.9033
0.9080
0.9180
0.9040
0.9100
0.9179
0.9060
0.9010
0.9160
0.9180
0.9232
0.9150
0.9100
0.9130
0.9130
0.9099
0.9200
0.9110
0.9180
0.8940
0.9272
0.9150
0.9040
0.9070
0.9280
0.9166
0.9130
0.9190
0.9190
0.9150
0.9073
0.9180
0.9240
0.9060
0.9130
0.9219
0.9140
0.9130
0.9090
0.9190
0.9311
0.9200
0.9120
0.9250
0.9130
0.9113
0.9340
0.9130
0.9240
0.9060
0.9060
0.9110
0.9080
0.9290
0.9110
0.9298
0.9020
0.9260
0.9210
0.9180
0.9192
0.9100
0.9160
0.9080
0.9270
0.9272
0.9240
0.9130
0.9230
0.9190
0.9046
0.9280
0.9150
0.9100
0.9070
0.9325
0.9280
0.9180
0.9170
0.9080
0.9166
0.9140
0.9200
0.9320
0.9020
0.9285
0.9180
0.9100
0.9270
0.9170
0.9232
0.9230
0.9250
0.9230
0.8990
0.9285
0.9270
0.9160
0.9190
0.9160
0.9192
0.9140
0.9170
0.9230
0.9300
0.9126
0.9160
0.9330
0.9110
0.9260
0.9113
0.9200
0.9180
0.9200
0.9190
0.9258
0.9140
0.9160
0.9160
0.9340
0.9219
0.9190
0.9210
0.9210
0.9180
0.9232
0.9160
0.9230
0.9210
0.9070
0.9417
0.9230
0.9180
0.9160
0.9160
0.9325
0.9150
0.9190
0.9210
0.9250
0.9285
0.9220
0.9170
0.9070
0.9280
0.9351
0.9270
0.9280
0.9330
0.9030
0.9126
0.9220
0.9290
0.9120
0.9260
0.9166
0.9310
0.9270
0.9030
0.9220
0.9245
0.9130
0.9180
0.9370
0.9150
0.9258
0.9190
0.9220
0.9210
0.9200
0.9272
0.9200
0.9110
0.9240
0.9160
0.9430
0.9260
0.9230
0.9180
0.9200
0.9192
0.9060
0.9230
0.9180
0.9230
0.9430
0.9130
0.9270
0.9230
0.9230
0.9232
0.9280
0.9220
0.9140
0.9320
0.9099
0.9120
0.9250
0.9200
0.9180
0.9364
0.9350
0.9280
0.9100
0.9130
0.9232
0.9220
0.9150
0.9280
0.9200
0.9285
0.9180
0.9230
0.9300
0.9150
0.9272
0.9200
0.9130
0.9290
0.9360
0.9099
0.9290
0.9220
0.9290
0.9120
0.9205
0.9290
0.9160
0.9160
0.9300
0.9205
0.9240
0.9110
0.9130
0.9380
0.9272
0.9180
0.9240
0.9240
0.9310
0.9152
0.9260
0.9170
0.9280
0.9290
0.9126
0.9220
0.9260
0.9260
0.9260
0.9152
0.9130
0.9270
0.9200
0.9270
0.9338
0.9210
0.9360
0.9290
0.9080
0.9232
0.9110
0.9300
0.9250
0.9340
0.9192
0.9220
0.9360
0.9170
0.9250
0.9179
0.9320
0.9130
0.9300
0.9280
0.9179
0.9290
0.9360
0.9160
0.9220
0.9219
0.9280
0.9290
0.9320
0.9150
0.9232
0.9260
0.9210
0.9360
0.9230
0.9205
0.9250
0.9320
0.9190
0.9280
0.9245
0.9320
0.9060
0.9310
0.9330
0.9245
0.9170
0.9470
0.9290
0.9140
0.9219
0.9290
0.9420
0.9180
0.9270
0.9139
0.9220
0.9160
0.9350
0.9220
0.9391
0.9220
0.9150
0.9310
0.9270
0.9377
0.9240
0.9320
0.9190
0.9270
0.9285
0.9320
0.9190
0.9260
0.9280
0.9258
0.9250
0.9300
0.9170
0.9270
0.9338
0.9310
0.9210
0.9160
0.9380
0.9232
0.9350
0.9230
0.9260
0.9220
0.9232
0.9150
0.9330
0.9370
0.9230
0.9232
0.9290
0.9200
0.9370
0.9280
0.9152
0.9220
0.9360
0.9240
0.9360
0.9113
0.9230
0.9230
0.9240
0.9420
0.9192
0.9290
0.9360
0.9300
0.9200
0.9166
0.9230
0.9270
0.9360
0.9280
0.9179
0.9200
0.9170
0.9240
0.9330
0.9444
0.9280
0.9210
0.9250
0.9320
0.9285
0.9190
0.9300
0.9300
0.9210
0.9377
0.9220
0.9150
0.9350
0.9220
0.9457
0.9150
0.9390
0.9290
0.9230
0.9311
0.9320
0.9290
0.9310
0.9220
0.9219
0.9220
0.9270
0.9190
0.9360
0.9364
0.9240
0.9280
0.9290
0.9280
0.9311
0.9370
0.9110
0.9300
0.9320
0.9298
0.9310
0.9340
0.9200
0.9290
0.9245
0.9330
0.9310
0.9270
0.9280
0.9205
0.9320
0.9230
0.9260
0.9240
0.9377
0.9340
0.9270
0.9280
0.9290
0.9232
0.9350
0.9260
0.9320
0.9260
0.9232
0.9260
0.9240
0.9340
0.9220
0.9417
0.9240
0.9320
0.9270
0.9230
0.9404
0.9190
0.9300
0.9300
0.9380
0.9258
0.9320
0.9310
0.9190
0.9260
0.9391
0.9190
0.9430
0.9310
0.9210
0.9325
0.9350
0.9290
0.9180
0.9320
0.9325
0.9150
0.9320
0.9240
0.9440
0.9298
0.9250
0.9210
0.9320
0.9270
0.9444
0.9340
0.9250
0.9230
0.9320
0.9298
0.9180
0.9310
0.9230
0.9360
0.9377
0.9330
0.9290
0.9180
0.9250
0.9430
0.9390
0.9110
0.9170
0.9460
0.9325
0.9420
0.9230
0.9320
0.9190
0.9285
0.9230
0.9260
0.9290
0.9400
0.9272
0.9310
0.9350
0.9220
0.9170
0.9444
0.9300
0.9410
0.9200
0.9260
0.9285
0.9260
0.9460
0.9130
0.9380
0.9219
0.9250
0.9400
0.9360
0.9160
0.9272
0.9210
0.9240
0.9420
0.9290
0.9258
0.9300
0.9300
0.9300
0.9210
0.9325
0.9380
0.9350
0.9190
0.9400
0.9099
0.9150
0.9320
0.9460
0.9310
0.9179
0.9210
0.9240
0.9390
0.9290
0.9338
0.9190
0.9290
0.9350
0.9280
0.9391
0.9190
0.9270
0.9390
0.9290
0.9351
0.9320
0.9380
0.9360
0.9280
0.9113
0.9270
0.9350
0.9320
0.9290
0.9258
0.9360
0.9240
0.9300
0.9350
0.9232
0.9270
0.9300
0.9380
0.9280
0.9298
0.9420
0.9370
0.9240
0.9230
0.9258
0.9350
0.9290
0.9270
0.9280
0.9338
0.9300
0.9250
0.9310
0.9340
0.9311
0.9330
0.9310
0.9340
0.9310
0.9205
0.9240
0.9270
0.9270
0.9380
0.9391
0.9310
0.9250
0.9210
0.9400
0.9377
0.9190
0.9240
0.9430
0.9270
0.9417
0.9270
0.9240
0.9290
0.9470
0.9232
0.9390
0.9290
0.9230
0.9350
0.9258
0.9260
0.9410
0.9360
0.9310
0.9179
0.9420
0.9240
0.9320
0.9230
0.9338
0.9210
0.9420
0.9320
0.9350
0.9232
0.9340
0.9290
0.9340
0.9310
0.9258
0.9220
0.9380
0.9270
0.9390
0.9298
0.9390
0.9290
0.9230
0.9360
0.9285
0.9330
0.9410
0.9250
0.9300
0.9245
0.9310
0.9220
0.9260
0.9380
0.9430
0.9300
0.9290
0.9350
0.9300
0.9338
0.9490
0.9270
0.9210
0.9270
0.9325
0.9370
0.9190
0.9400
0.9210
0.9457
0.9340
0.9300
0.9310
0.9340
0.9298
0.9260
0.9470
0.9380
0.9230
0.9232
0.9260
0.9460
0.9260
0.9400
0.9232
0.9200
0.9400
0.9340
0.9440
0.9245
0.9320
0.9370
0.9420
0.9240
0.9272
0.9280
0.9280
0.9390
0.9300
0.9404
0.9310
0.9360
0.9320
0.9330
0.9325
0.9420
0.9270
0.9310
0.9350
0.9285
0.9260
0.9270
0.9380
0.9470
0.9245
0.9300
0.9290
0.9390
0.9380
0.9285
0.9320
0.9380
0.9270
0.9280
0.9417
0.9330
0.9350
0.9410
0.9230
0.9311
0.9420
0.9270
0.9300
0.9280
0.9377
0.9380
0.9330
0.9180
0.9420
0.9325
0.9400
0.9320
0.9310
0.9320
0.9272
0.9360
0.9290
0.9380
0.9360
0.9219
0.9430
0.9350
0.9340
0.9230
0.9285
0.9340
0.9420
0.9360
0.9270
0.9232
0.9330
0.9280
0.9420
0.9320
0.9285
0.9230
0.9380
0.9380
0.9330
0.9325
0.9470
0.9170
0.9350
0.9230
0.9444
0.9400
0.9330
0.9370
0.9300
0.9232
0.9210
0.9320
0.9310
0.9500
0.9325
0.9410
0.9220
0.9330
0.9310
0.9430
0.9320
0.9380
0.9220
0.9400
0.9351
0.9440
0.9320
0.9340
0.9200
0.9364
0.9460
0.9340
0.9240
0.9310
0.9311
0.9250
0.9490
0.9300
0.9330
0.9285
0.9250
0.9420
0.9390
0.9280
0.9325
0.9390
0.9330
0.9150
0.9460
0.9338
0.9410
0.9280
0.9250
0.9360
0.9364
0.9380
0.9320
0.9330
0.9330
0.9285
0.9250
0.9310
0.9270
0.9440
0.9417
0.9340
0.9390
0.9290
0.9410
0.9232
0.9360
0.9350
0.9240
0.9390
0.9351
0.9330
0.9240
0.9530
0.9290
0.9285
0.9380
0.9230
0.9320
0.9360
0.9444
0.9260
0.9370
0.9290
0.9340
0.9483
0.9340
0.9230
0.9520
0.9290
0.9325
0.9410
0.9340
0.9400
0.9280
0.9258
0.9320
0.9380
0.9380
0.9380
0.9232
0.9320
0.9410
0.9420
0.9340
0.9192
0.9330
0.9310
0.9290
0.9440
0.9351
0.9250
0.9320
0.9440
0.9290
0.9417
0.9320
0.9390
0.9300
0.9400
0.9272
0.9220
0.9260
0.9380
0.9420
0.9457
0.9340
0.9360
0.9300
0.9420
0.9285
0.9350
0.9300
0.9320
0.9460
0.9272
0.9430
0.9350
0.9280
0.9300
0.9377
0.9420
0.9290
0.9270
0.9400
0.9351
0.9360
0.9470
0.9310
0.9250
0.9338
0.9340
0.9330
0.9290
0.9440
0.9338
0.9350
0.9430
0.9210
0.9420
0.9338
0.9340
0.9370
0.9300
0.9380
0.9377
0.9350
0.9410
0.9130
0.9480
0.9430
0.9190
0.9450
0.9470
0.9400
0.9258
0.9420
0.9360
0.9370
0.9300
0.9364
0.9420
0.9370
0.9240
0.9480
0.9325
0.9250
0.9400
0.9510
0.9370
0.9298
0.9470
0.9360
0.9290
0.9330
0.9391
0.9320
0.9320
0.9380
0.9450
0.9364
0.9400
0.9420
0.9400
0.9350
0.9258
0.9410
0.9380
0.9390
0.9430
0.9205
0.9420
0.9370
0.9390
0.9370
0.9285
0.9460
0.9480
0.9240
0.9300
0.9377
0.9430
0.9340
0.9420
0.9340
0.9298
0.9400
0.9340
0.9390
0.9370
0.9351
0.9260
0.9370
0.9360
0.9380
0.9523
0.9260
0.9450
0.9370
0.9380
0.9404
0.9350
0.9360
0.9470
0.9320
0.9364
0.9370
0.9420
0.9450
0.9250
0.9377
0.9320
0.9460
0.9370
0.9400
0.9298
0.9340
0.9330
0.9470
0.9430
0.9272
0.9500
0.9350
0.9270
0.9340
0.9417
0.9410
0.9420
0.9230
0.9350
0.9483
0.9310
0.9520
0.9390
0.9340
0.9285
0.9350
0.9400
0.9480
0.9300
0.9325
0.9510
0.9270
0.9260
0.9410
0.9430
0.9450
0.9290
0.9400
0.9370
0.9377
0.9370
0.9420
0.9350
0.9450
0.9272
0.9310
0.9500
0.9410
0.9360
0.9272
0.9320
0.9460
0.9350
0.9420
0.9325
0.9370
0.9300
0.9300
0.9420
0.9536
0.9310
0.9390
0.9310
0.9410
0.9497
0.9300
0.9480
0.9340
0.9360
0.9430
0.9300
0.9420
0.9420
0.9380
0.9391
0.9360
0.9420
0.9360
0.9330
0.9457
0.9320
0.9580
0.9330
0.9380
0.9272
0.9330
0.9400
0.9410
0.9360
0.9430
0.9360
0.9500
0.9470
0.9310
0.9258
0.9340
0.9530
0.9360
0.9360
0.9325
0.9260
0.9340
0.9480
0.9400
0.9470
0.9520
0.9240
0.9340
0.9470
0.9364
0.9420
0.9430
0.9310
0.9370
0.9430
0.9400
0.9270
0.9370
0.9490
0.9430
0.9400
0.9340
0.9360
0.9400
0.9470
0.9400
0.9540
0.9330
0.9250
0.9444
0.9370
0.9380
0.9590
0.9290
0.9298
0.9450
0.9410
0.9330
0.9390
0.9364
0.9430
0.9300
0.9430
0.9470
0.9311
0.9350
0.9500
0.9480
0.9220
0.9430
0.9380
0.9330
0.9450
0.9270
0.9589
0.9410
0.9250
0.9420
0.9480
0.9404
0.9400
0.9300
0.9440
0.9360
0.9510
0.9320
0.9370
0.9430
0.9440
0.9430
0.9430
0.9410
0.9440
0.9290
0.9417
0.9270
0.9310
0.9530
0.9490
0.9377
0.9410
0.9360
0.9410
0.9440
0.9351
0.9430
0.9510
0.9470
0.9390
0.9126
0.9340
0.9330
0.9460
0.9510
0.9338
0.9420
0.9390
0.9370
0.9410
0.9404
0.9540
0.9420
0.9350
0.9350
0.9325
0.9430
0.9260
0.9530
0.9350
0.9444
0.9410
0.9280
0.9390
0.9520
0.9417
0.9430
0.9510
0.9280
0.9390
0.9417
0.9310
0.9440
0.9400
0.9400
0.9523
0.9410
0.9320
0.9350
0.9440
0.9563
0.9390
0.9380
0.9400
0.9400
0.9497
0.9390
0.9270
0.9460
0.9510
0.9417
0.9330
0.9450
0.9360
0.9490
0.9430
0.9300
0.9390
0.9470
0.9460
0.9444
0.9530
0.9380
0.9310
0.9410
0.9444
0.9380
0.9390
0.9330
0.9500
0.9483
0.9390
0.9460
0.9320
0.9460
0.9444
0.9420
0.9470
0.9490
0.9370
0.9285
0.9460
0.9450
0.9470
0.9320
0.9391
0.9370
0.9460
0.9560
0.9250
0.9483
0.9510
0.9390
0.9420
0.9400
0.9377
0.9400
0.9510
0.9510
0.9350
0.9325
0.9430
0.9460
0.9270
0.9510
0.9457
0.9490
0.9340
0.9440
0.9470
0.9364
0.9440
0.9400
0.9380
0.9470
0.9430
0.9420
0.9380
0.9400
0.9400
0.9550
0.9460
0.9420
0.9280
0.9500
0.9483
0.9420
0.9490
0.9460
0.9390
0.9351
0.9310
0.9510
0.9430
0.9490
0.9377
0.9360
0.9520
0.9390
0.9360
0.9523
0.9500
0.9350
0.9410
0.9500
0.9351
0.9460
0.9430
0.9460
0.9400
0.9364
0.9480
0.9450
0.9380
0.9330
0.9510
0.9380
0.9430
0.9390
0.9450
0.9497
0.9450
0.9370
0.9460
0.9370
0.9497
0.9520
0.9370
0.9420
0.9510
0.9272
0.9430
0.9460
0.9460
0.9380
0.9404
0.9490
0.9330
0.9450
0.9470
0.9377
0.9470
0.9410
0.9330
0.9580
0.9325
0.9400
0.9410
0.9440
0.9410
0.9497
0.9360
0.9430
0.9480
0.9450
0.9417
0.9480
0.9290
0.9440
0.9580
0.9338
0.9440
0.9340
0.9460
0.9490
0.9417
0.9310
0.9540
0.9470
0.9470
0.9338
0.9440
0.9460
0.9350
0.9380
0.9563
0.9450
0.9450
0.9270
0.9510
0.9497
0.9380
0.9400
0.9510
0.9430
0.9457
0.9520
0.9390
0.9470
0.9370
0.9417
0.9420
0.9610
0.9490
0.9350
0.9285
0.9350
0.9420
0.9350
0.9500
0.9616
0.9430
0.9430
0.9490
0.9460
0.9377
0.9460
0.9460
0.9320
0.9550
0.9391
0.9480
0.9450
0.9400
0.9420
0.9444
0.9390
0.9460
0.9420
0.9470
0.9457
0.9500
0.9410
0.9500
0.9420
0.9338
0.9480
0.9400
0.9520
0.9450
0.9298
0.9510
0.9360
0.9360
0.9500
0.9457
0.9450
0.9430
0.9430
0.9520
0.9325
0.9400
0.9480
0.9380
0.9510
0.9404
0.9390
0.9430
0.9310
0.9470
0.9629
0.9470
0.9510
0.9380
0.9340
0.9497
0.9450
0.9480
0.9390
0.9420
0.9457
0.9480
0.9370
0.9470
0.9450
0.9417
0.9500
0.9520
0.9440
0.9360
0.9351
0.9470
0.9380
0.9610
0.9300
0.9444
0.9380
0.9430
0.9520
0.9400
0.9497
0.9510
0.9460
0.9460
0.9300
0.9497
0.9420
0.9460
0.9390
0.9440
0.9523
0.9520
0.9420
0.9360
0.9460
0.9457
0.9450
0.9480
0.9380
0.9420
0.9497
0.9350
0.9480
0.9500
0.9390
0.9510
0.9500
0.9510
0.9380
0.9350
0.9483
0.9400
0.9450
0.9500
0.9360
0.9523
0.9420
0.9410
0.9480
0.9430
0.9483
0.9500
0.9360
0.9390
0.9500
0.9470
0.9380
0.9420
0.9380
0.9490
0.9576
0.9500
0.9430
0.9470
0.9330
0.9497
0.9530
0.9450
0.9400
0.9330
0.9523
0.9280
0.9430
0.9520
0.9560
0.9417
0.9410
0.9550
0.9400
0.9330
0.9563
0.9540
0.9470
0.9460
0.9350
0.9391
0.9420
0.9560
0.9440
0.9400
0.9391
0.9350
0.9380
0.9490
0.9470
0.9563
0.9460
0.9500
0.9400
0.9400
0.9470
0.9430
0.9410
0.9340
0.9500
0.9589
0.9500
0.9470
0.9440
0.9380
0.9444
0.9450
0.9420
0.9500
0.9370
0.9523
0.9430
0.9490
0.9470
0.9490
0.9338
0.9420
0.9430
0.9470
0.9460
0.9470
0.9450
0.9560
0.9430
0.9410
0.9377
0.9300
0.9450
0.9520
0.9540
0.9417
0.9390
0.9450
0.9400
0.9490
0.9523
0.9430
0.9420
0.9480
0.9490
0.9391
0.9410
0.9440
0.9450
0.9560
0.9338
0.9330
0.9430
0.9480
0.9470
0.9536
0.9470
0.9430
0.9410
0.9480
0.9444
0.9420
0.9380
0.9520
0.9410
0.9536
0.9320
0.9500
0.9510
0.9520
0.9377
0.9450
0.9470
0.9360
0.9470
0.9510
0.9450
0.9430
0.9400
0.9540
0.9417
0.9430
0.9390
0.9530
0.9370
0.9550
0.9540
0.9320
0.9480
0.9400
0.9523
0.9440
0.9380
0.9400
0.9540
0.9497
0.9540
0.9440
0.9430
0.9430
0.9391
0.9470
0.9430
0.9440
0.9410
0.9523
0.9440
0.9370
0.9430
0.9540
0.9483
0.9500
0.9510
0.9410
0.9410
0.9417
0.9440
0.9410
0.9480
0.9470
0.9457
0.9460
0.9480
0.9440
0.9440
0.9430
0.9430
0.9460
0.9500
0.9480
0.9364
0.9410
0.9450
0.9530
0.9410
0.9457
0.9560
0.9420
0.9480
0.9260
0.9563
0.9370
0.9550
0.9460
0.9380
0.9510
0.9330
0.9530
0.9440
0.9470
0.9497
0.9520
0.9430
0.9520
0.9390
0.9364
0.9570
0.9360
0.9580
0.9370
0.9351
0.9460
0.9490
0.9470
0.9430
0.9391
0.9380
0.9400
0.9480
0.9470
0.9536
0.9420
0.9590
0.9420
0.9380
0.9430
0.9530
0.9460
0.9440
0.9350
0.9483
0.9520
0.9490
0.9360
0.9560
0.9272
0.9520
0.9430
0.9420
0.9400
0.9483
0.9540
0.9380
0.9300
0.9600
0.9417
0.9410
0.9430
0.9460
0.9480
0.9483
0.9560
0.9560
0.9470
0.9370
0.9258
0.9420
0.9580
0.9380
0.9440
0.9444
0.9480
0.9360
0.9510
0.9360
0.9589
0.9510
0.9480
0.9390
0.9390
0.9510
0.9410
0.9510
0.9370
0.9510
0.9470
0.9400
0.9430
0.9500
0.9440
0.9510
0.9310
0.9470
0.9460
0.9570
0.9470
0.9500
0.9380
0.9480
0.9370
0.9550
0.9470
0.9510
0.9380
0.9400
0.9510
0.9500
0.9500
0.9540
0.9360
0.9338
0.9500
0.9470
0.9520
0.9460
0.9272
0.9510
0.9410
0.9400
0.9540
0.9391
0.9450
0.9420
0.9370
0.9500
0.9550
0.9460
0.9450
0.9380
0.9470
0.9523
0.9430
0.9600
0.9440
0.9360
0.9444
0.9420
0.9470
0.9470
0.9400
0.9536
0.9520
0.9450
0.9470
0.9430
0.9404
0.9490
0.9520
0.9470
0.9330
0.9483
0.9400
0.9440
0.9400
0.9540
0.9523
0.9570
0.9430
0.9390
0.9420
0.9470
0.9450
0.9510
0.9470
0.9310
0.9576
0.9380
0.9490
0.9530
0.9450
0.9444
0.9390
0.9490
0.9450
0.9550
0.9404
0.9370
0.9570
0.9450
0.9500
0.9391
0.9390
0.9490
0.9370
0.9550
0.9510
0.9400
0.9530
0.9380
0.9440
0.9576
0.9420
0.9480
0.9470
0.9460
0.9470
0.9510
0.9480
0.9440
0.9340
0.9550
0.9440
0.9510
0.9510
0.9410
0.9430
0.9460
0.9340
0.9420
0.9520
0.9603
0.9310
0.9520
0.9560
0.9430
0.9497
0.9410
0.9450
0.9550
0.9410
0.9497
0.9340
0.9540
0.9570
0.9440
0.9404
0.9470
0.9550
0.9440
0.9460
0.9364
0.9520
0.9490
0.9450
0.9400
0.9444
0.9400
0.9480
0.9410
0.9510
0.9523
0.9450
0.9460
0.9510
0.9410
0.9497
0.9370
0.9510
0.9510
0.9480
0.9444
0.9620
0.9410
0.9390
0.9500
0.9377
0.9520
0.9430
0.9420
0.9470
0.9483
0.9500
0.9450
0.9440
0.9430
0.9510
0.9380
0.9540
0.9520
0.9440
0.9417
0.9390
0.9440
0.9550
0.9420
0.9510
0.9440
0.9440
0.9340
0.9630
0.9444
0.9470
0.9400
0.9480
0.9500
0.9457
0.9520
0.9510
0.9330
0.9430
0.9536
0.9440
0.9390
0.9520
0.9490
0.9470
0.9550
0.9480
0.9520
0.9360
0.9377
0.9530
0.9410
0.9450
0.9390
0.9550
0.9600
0.9420
0.9370
0.9430
0.9497
0.9510
0.9470
0.9400
0.9400
0.9550
0.9480
0.9520
0.9500
0.9400
0.9391
0.9510
0.9390
0.9490
0.9420
0.9510
0.9410
0.9480
0.9470
0.9520
0.9417
0.9400
0.9450
0.9390
0.9590
0.9483
0.9510
0.9430
0.9410
0.9460
0.9510
0.9420
0.9470
0.9440
0.9590
0.9364
0.9470
0.9460
0.9450
0.9510
0.9404
0.9500
0.9460
0.9420
0.9470
0.9457
0.9530
0.9430
0.9480
0.9360
0.9523
0.9440
0.9370
0.9540
0.9520
0.9430
0.9470
0.9330
0.9450
0.9540
0.9536
0.9520
0.9280
0.9470
0.9520
0.9536
0.9440
0.9570
0.9470
0.9440
0.9364
0.9480
0.9430
0.9520
0.9420
0.9457
0.9470
0.9490
0.9420
0.9470
0.9470
0.9510
0.9390
0.9390
0.9510
0.9550
0.9440
0.9440
0.9470
0.9550
0.9430
0.9490
0.9440
0.9480
0.9440
0.9497
0.9500
0.9390
0.9490
0.9510
0.9444
0.9510
0.9440
0.9440
0.9430
0.9536
0.9450
0.9550
0.9520
0.9570
0.9179
0.9490
0.9400
0.9480
0.9510
0.9457
0.9390
0.9460
0.9500
0.9480
0.9523
0.9490
0.9390
0.9450
0.9500
0.9523
0.9490
0.9510
0.9490
0.9440
0.9391
0.9540
0.9480
0.9410
0.9490
0.9391
0.9600
0.9440
0.9480
0.9390
0.9404
0.9480
0.9470
0.9530
0.9470
0.9351
0.9390
0.9590
0.9400
0.9490
0.9470
0.9540
0.9500
0.9440
0.9390
0.9470
0.9390
0.9490
0.9450
0.9430
0.9616
0.9420
0.9490
0.9470
0.9460
0.9510
0.9550
0.9510
0.9520
0.9380
0.9351
0.9470
0.9470
0.9470
0.9460
0.9470
0.9420
0.9520
0.9420
0.9450
0.9550
0.9380
0.9430
0.9550
0.9460
0.9536
0.9470
0.9490
0.9560
0.9430
0.9377
0.9500
0.9400
0.9480
0.9500
0.9470
0.9490
0.9490
0.9340
0.9550
0.9483
0.9560
0.9290
0.9500
0.9550
0.9444
0.9540
0.9500
0.9490
0.9440
0.9351
0.9400
0.9510
0.9420
0.9450
0.9603
0.9450
0.9360
0.9420
0.9620
0.9510
0.9470
0.9520
0.9470
0.9430
0.9457
0.9530
0.9410
0.9440
0.9510
0.9457
0.9350
0.9530
0.9530
0.9470
0.9470
0.9500
0.9390
0.9570
0.9400
0.9497
0.9390
0.9530
0.9470
0.9410
0.9576
0.9510
0.9470
0.9480
0.9350
0.9563
0.9430
0.9370
0.9430
0.9700
0.9404
0.9470
0.9450
0.9480
0.9610
0.9298
0.9420
0.9550
0.9450
0.9450
0.9483
0.9500
0.9480
0.9390
0.9510
0.9483
0.9500
0.9570
0.9460
0.9400
0.9417
0.9520
0.9380
0.9540
0.9400
0.9536
0.9450
0.9540
0.9520
0.9350
0.9523
0.9480
0.9500
0.9440
0.9540
0.9391
0.9430
0.9480
0.9430
0.9580
0.9457
0.9520
0.9470
0.9410
0.9630
0.9311
0.9520
0.9480
0.9410
0.9550
0.9404
0.9520
0.9390
0.9520
0.9530
0.9404
0.9460
0.9510
0.9480
0.9460
0.9470
0.9510
0.9480
0.9510
0.9440
0.9430
0.9530
0.9530
0.9420
0.9450
0.9444
0.9610
0.9420
0.9330
0.9520
0.9510
0.9380
0.9540
0.9330
0.9620
0.9536
0.9380
0.9500
0.9570
0.9480
0.9470
0.9480
0.9460
0.9480
0.9520
0.9470
0.9490
0.9440
0.9480
0.9570
0.9417
0.9440
0.9490
0.9500
0.9480
0.9510
0.9430
0.9430
0.9470
0.9590
0.9497
0.9520
0.9420
0.9560
0.9430
0.9483
0.9530
0.9410
0.9450
0.9600
0.9404
0.9450
0.9440
0.9570
0.9460
0.9497
0.9520
0.9440
0.9460
0.9450
0.9563
0.9610
0.9400
0.9510
0.9460
0.9417
0.9480
0.9460
0.9500
0.9540
0.9417
0.9480
0.9470
0.9420
0.9530
0.9523
0.9540
0.9430
0.9420
0.9560
0.9457
0.9450
0.9450
0.9650
0.9460
0.9377
0.9650
0.9410
0.9420
0.9500
0.9417
0.9500
0.9500
0.9440
0.9570
0.9377
0.9490
0.9450
0.9560
0.9510
0.9377
0.9560
0.9460
0.9480
0.9460
0.9444
0.9560
0.9530
0.9420
0.9450
0.9444
0.9470
0.9450
0.9490
0.9600
0.9377
0.9440
0.9540
0.9430
0.9470
0.9550
0.9500
0.9440
0.9510
0.9420
0.9563
0.9440
0.9530
0.9490
0.9450
0.9510
0.9590
0.9450
0.9510
0.9430
0.9417
0.9430
0.9410
0.9450
0.9640
0.9483
0.9530
0.9480
0.9540
0.9480
0.9351
0.9540
0.9320
0.9490
0.9570
0.9497
0.9530
0.9350
0.9480
0.9570
0.9483
0.9480
0.9520
0.9480
0.9460
0.9470
0.9580
0.9370
0.9450
0.9460
0.9576
0.9500
0.9460
0.9370
0.9620
0.9457
0.9640
0.9390
0.9460
0.9470
0.9444
0.9530
0.9430
0.9590
0.9490
0.9338
0.9480
0.9430
0.9560
0.9480
0.9470
0.9470
0.9390
0.9490
0.9510
0.9589
0.9450
0.9450
0.9580
0.9390
0.9576
0.9530
0.9520
0.9530
0.9390
0.9457
0.9430
0.9600
0.9390
0.9480
0.9550
0.9410
0.9490
0.9440
0.9510
0.9616
0.9400
0.9500
0.9500
0.9510
0.9536
0.9460
0.9580
0.9510
0.9440
0.9430
0.9570
0.9420
0.9450
0.9520
0.9470
0.9360
0.9540
0.9620
0.9410
0.9510
0.9450
0.9510
0.9590
0.9410
0.9470
0.9630
0.9450
0.9540
0.9420
0.9364
0.9430
0.9570
0.9510
0.9430
0.9510
0.9520
0.9460
0.9510
0.9580
0.9338
0.9440
0.9670
0.9430
0.9480
0.9404
0.9490
0.9540
0.9490
0.9470
0.9444
0.9560
0.9530
0.9490
0.9420
0.9444
0.9400
0.9560
0.9520
0.9420
0.9576
0.9600
0.9480
0.9530
0.9390
0.9444
0.9510
0.9460
0.9500
0.9510
0.9470
0.9570
0.9450
0.9380
0.9540
0.9523
0.9510
0.9510
0.9480
0.9460
0.9497
0.9480
0.9520
0.9630
0.9470
0.9311
0.9500
0.9530
0.9350
0.9520
0.9589
0.9570
0.9550
0.9490
0.9410
0.9430
0.9430
0.9540
0.9510
0.9450
0.9550
0.9430
0.9510
0.9470
0.9520
0.9550
0.9450
0.9560
0.9430
0.9530
0.9497
0.9520
0.9400
0.9510
0.9490
0.9563
0.9580
0.9500
0.9490
0.9480
0.9391
0.9430
0.9610
0.9510
0.9490
0.9404
0.9490
0.9450
0.9520
0.9470
0.9550
0.9440
0.9600
0.9510
0.9490
0.9404
0.9580
0.9450
0.9560
0.9370
0.9510
0.9420
0.9560
0.9460
0.9550
0.9470
0.9580
0.9440
0.9380
0.9480
0.9616
0.9450
0.9470
0.9520
0.9560
0.9457
0.9500
0.9520
0.9540
0.9480
0.9404
0.9480
0.9480
0.9480
0.9540
0.9483
0.9360
0.9480
0.9560
0.9490
0.9603
0.9420
0.9530
0.9530
0.9580
0.9377
0.9490
0.9560
0.9520
0.9480
0.9391
0.9470
0.9460
0.9510
0.9510
0.9523
0.9550
0.9440
0.9610
0.9380
0.9497
0.9510
0.9570
0.9440
0.9440
0.9523
0.9560
0.9540
0.9390
0.9480
0.9510
0.9460
0.9460
0.9520
0.9590
0.9430
0.9500
0.9530
0.9430
0.9600
0.9391
0.9490
0.9550
0.9430
0.9480
0.9536
0.9530
0.9560
0.9420
0.9460
0.9510
0.9510
0.9540
0.9530
0.9410
0.9483
0.9540
0.9460
0.9460
0.9580
0.9417
0.9580
0.9460
0.9530
0.9550
0.9311
0.9500
0.9480
0.9450
0.9560
0.9483
0.9370
0.9610
0.9580
0.9410
0.9523
0.9620
0.9560
0.9360
0.9430
0.9523
0.9630
0.9540
0.9430
0.9400
0.9483
0.9450
0.9470
0.9520
0.9520
0.9523
0.9360
0.9450
0.9470
0.9550
0.9695
0.9510
0.9510
0.9420
0.9540
0.9510
0.9580
0.9470
0.9540
0.9470
0.9404
0.9510
0.9450
0.9560
0.9520
0.9444
0.9500
0.9470
0.9480
0.9550
0.9510
0.9320
0.9600
0.9480
0.9570
0.9563
0.9560
0.9480
0.9480
0.9470
0.9536
0.9470
0.9630
0.9420
0.9510
0.9483
0.9510
0.9500
0.9570
0.9430
0.9523
0.9590
0.9510
0.9450
0.9450
0.9536
0.9500
0.9580
0.9520
0.9540
0.9351
0.9520
0.9490
0.9460
0.9510
0.9563
0.9630
0.9490
0.9420
0.9530
0.9444
0.9590
0.9480
0.9480
0.9580
0.9364
0.9490
0.9430
0.9490
0.9510
0.9642
0.9520
0.9510
0.9490
0.9490
0.9523
0.9540
0.9340
0.9570
0.9560
0.9523
0.9510
0.9490
0.9660
0.9430
0.9417
0.9530
0.9460
0.9470
0.9570
0.9497
0.9630
0.9440
0.9550
0.9480
0.9404
0.9520
0.9440
0.9640
0.9520
0.9377
0.9460
0.9500
0.9490
0.9610
0.9457
0.9540
0.9450
0.9470
0.9580
0.9497
0.9510
0.9590
0.9480
0.9460
0.9497
0.9450
0.9460
0.9500
0.9650
0.9470
0.9500
0.9540
0.9400
0.9590
0.9510
0.9530
0.9530
0.9550
0.9450
0.9470
0.9510
0.9510
0.9530
0.9390
0.9616
0.9450
0.9480
0.9440
0.9590
0.9603
0.9500
0.9420
0.9590
0.9500
0.9563
0.9520
0.9580
0.9480
0.9490
0.9483
0.9550
0.9450
0.9530
0.9500
0.9536
0.9560
0.9520
0.9510
0.9500
0.9457
0.9550
0.9560
0.9570
0.9500
0.9338
0.9450
0.9600
0.9480
0.9530
0.9497
0.9520
0.9550
0.9500
0.9470
0.9523
0.9560
0.9560
0.9420
0.9530
0.9483
0.9510
0.9490
0.9500
0.9550
0.9510
0.9490
0.9460
0.9700
0.9470
0.9430
0.9490
0.9540
0.9530
0.9520
0.9483
0.9510
0.9570
0.9570
0.9420
0.9497
0.9510
0.9440
0.9520
0.9620
0.9470
0.9670
0.9450
0.9510
0.9530
0.9377
0.9510
0.9490
0.9570
0.9470
0.9536
0.9610
0.9540
0.9440
0.9540
0.9417
0.9570
0.9530
0.9400
0.9490
0.9616
0.9470
0.9600
0.9460
0.9500
0.9563
0.9540
0.9560
0.9500
0.9440
0.9550
0.9560
0.9590
0.9480
0.9550
0.9364
0.9460
0.9570
0.9500
0.9480
0.9603
0.9520
0.9510
0.9540
0.9500
0.9523
0.9550
0.9420
0.9410
0.9690
0.9523
0.9590
0.9470
0.9500
0.9530
0.9497
0.9510
0.9520
0.9470
0.9580
0.9510
0.9470
0.9500
0.9610
0.9530
0.9470
0.9460
0.9580
0.9550
0.9500
0.9497
0.9560
0.9490
0.9520
0.9570
0.9430
0.9480
0.9530
0.9540
0.9540
0.9497
0.9530
0.9450
0.9510
0.9570
0.9536
0.9550
0.9490
0.9600
0.9450
0.9497
0.9600
0.9530
0.9640
0.9520
0.9232
0.9500
0.9580
0.9470
0.9520
0.9523
0.9530
0.9450
0.9510
0.9550
0.9563
0.9540
0.9560
0.9470
0.9510
0.9510
0.9560
0.9450
0.9560
0.9570
0.9430
0.9540
0.9530
0.9550
0.9470
0.9497
0.9630
0.9510
0.9430
0.9560
0.9444
0.9490
0.9600
0.9470
0.9510
0.9523
0.9540
0.9360
0.9520
0.9550
0.9656
0.9450
0.9590
0.9530
0.9450
0.9589
0.9570
0.9360
0.9520
0.9550
0.9616
0.9510
0.9500
0.9460
0.9500
0.9656
0.9510
0.9550
0.9360
0.9630
0.9550
0.9470
0.9540
0.9560
0.9540
0.9470
0.9520
0.9570
0.9450
0.9540
0.9510
0.9530
0.9540
0.9510
0.9490
0.9523
0.9470
0.9510
0.9570
0.9490
0.9563
0.9620
0.9600
0.9460
0.9410
0.9497
0.9470
0.9560
0.9530
0.9550
0.9470
0.9680
0.9430
0.9450
0.9590
0.9417
0.9470
0.9520
0.9500
0.9590
0.9510
0.9500
0.9440
0.9540
0.9570
0.9550
0.9550
0.9600
0.9550
0.9470
0.9391
0.9550
0.9470
0.9460
0.9580
0.9536
0.9620
0.9360
0.9450
0.9650
0.9510
0.9530
0.9470
0.9540
0.9550
0.9497
0.9480
0.9540
0.9450
0.9560
0.9576
0.9450
0.9530
0.9480
0.9570
0.9576
0.9480
0.9530
0.9480
0.9610
0.9483
0.9500
0.9420
0.9550
0.9610
0.9510
0.9320
0.9530
0.9570
0.9560
0.9656
0.9540
0.9600
0.9480
0.9510
0.9457
0.9530
0.9470
0.9560
0.9520
0.9523
0.9530
0.9410
0.9630
0.9520
0.9510
0.9520
0.9500
0.9490
0.9540
0.9563
0.9510
0.9500
0.9590
0.9530
0.9457
0.9460
0.9570
0.9610
0.9480
0.9470
0.9450
0.9510
0.9650
0.9490
0.9497
0.9550
0.9480
0.9580
0.9510
0.9470
0.9560
0.9570
0.9430
0.9540
0.9497
0.9490
0.9540
0.9520
0.9530
0.9523
0.9500
0.9520
0.9570
0.9560
0.9430
0.9580
0.9470
0.9470
0.9420
0.9709
0.9520
0.9540
0.9450
0.9550
0.9550
0.9580
0.9560
0.9430
0.9460
0.9589
0.9490
0.9620
0.9540
0.9460
0.9483
0.9560
0.9520
0.9430
0.9550
0.9550
0.9540
0.9410
0.9500
0.9550
0.9629
0.9500
0.9500
0.9580
0.9530
0.9483
0.9580
0.9560
0.9450
0.9470
0.9550
0.9570
0.9440
0.9580
0.9420
0.9616
0.9660
0.9570
0.9460
0.9500
0.9377
0.9540
0.9490
0.9520
0.9560
0.9483
0.9570
0.9540
0.9540
0.9440
0.9510
0.9490
0.9550
0.9510
0.9510
0.9550
0.9540
0.9550
0.9450
0.9600
0.9444
0.9540
0.9500
0.9460
0.9570
0.9536
0.9540
0.9530
0.9390
0.9580
0.9576
0.9520
0.9530
0.9600
0.9560
0.9364
0.9480
0.9430
0.9510
0.9640
0.9563
0.9470
0.9510
0.9650
0.9390
0.9629
0.9510
0.9530
0.9580
0.9420
0.9589
0.9510
0.9510
0.9600
0.9590
0.9364
0.9520
0.9580
0.9500
0.9480
0.9523
0.9580
0.9470
0.9520
0.9610
0.9391
0.9510
0.9490
0.9530
0.9610
0.9457
0.9510
0.9540
0.9590
0.9510
0.9444
0.9450
0.9590
0.9490
0.9530
0.9563
0.9520
0.9430
0.9450
0.9580
0.9669
0.9470
0.9600
0.9550
0.9520
0.9457
0.9640
0.9450
0.9390
0.9660
0.9457
0.9550
0.9510
0.9500
0.9580
0.9470
0.9550
0.9470
0.9590
0.9440
0.9589
0.9580
0.9620
0.9450
0.9460
0.9523
0.9490
0.9500
0.9440
0.9600
0.9629
0.9470
0.9560
0.9530
0.9560
0.9510
0.9420
0.9470
0.9560
0.9610
0.9589
0.9510
0.9540
0.9570
0.9450
0.9589
0.9460
0.9520
0.9590
0.9600
0.9457
0.9520
0.9650
0.9630
0.9360
0.9470
0.9530
0.9530
0.9630
0.9400
0.9563
0.9510
0.9430
0.9580
0.9630
0.9483
0.9450
0.9540
0.9530
0.9680
0.9417
0.9520
0.9590
0.9440
0.9520
0.9589
0.9560
0.9540
0.9480
0.9550
0.9510
0.9450
0.9480
0.9560
0.9680
0.9457
0.9530
0.9530
0.9490
0.9610
0.9470
0.9450
0.9550
0.9580
0.9540
0.9523
0.9440
0.9470
0.9620
0.9560
0.9563
0.9510
0.9570
0.9520
0.9510
0.9536
0.9490
0.9510
0.9590
0.9550
0.9510
0.9490
0.9600
0.9410
0.9610
0.9550
0.9530
0.9600
0.9430
0.9500
0.9616
0.9580
0.9500
0.9650
0.9430
0.9483
0.9490
0.9660
0.9400
0.9580
0.9523
0.9500
0.9500
0.9700
0.9520
0.9404
0.9580
0.9560
0.9450
0.9530
0.9536
0.9470
0.9610
0.9390
0.9620
0.9576
0.9480
0.9560
0.9570
0.9540
0.9510
0.9480
0.9550
0.9560
0.9510
0.9563
0.9450
0.9570
0.9540
0.9520
0.9589
0.9530
0.9480
0.9520
0.9600
0.9523
0.9450
0.9600
0.9630
0.9520
0.9430
0.9510
0.9530
0.9540
0.9550
0.9523
0.9570
0.9470
0.9480
0.9550
0.9603
0.9490
0.9560
0.9540
0.9540
0.9523
0.9430
0.9540
0.9540
0.9550
0.9616
0.9580
0.9490
0.9510
0.9530
0.9550
0.9500
0.9540
0.9540
0.9570
0.9497
0.9540
0.9510
0.9560
0.9590
0.9430
0.9410
0.9590
0.9560
0.9540
0.9563
0.9460
0.9570
0.9520
0.9450
0.9695
0.9470
0.9590
0.9490
0.9530
0.9589
0.9550
0.9410
0.9630
0.9530
0.9536
0.9550
0.9460
0.9490
0.9540
0.9642
0.9570
0.9600
0.9510
0.9430
0.9550
0.9580
0.9520
0.9520
0.9510
0.9523
0.9510
0.9560
0.9510
0.9460
0.9642
0.9470
0.9540
0.9580
0.9520
0.9550
0.9500
0.9460
0.9550
0.9590
0.9563
0.9530
0.9550
0.9480
0.9590
0.9497
0.9530
0.9600
0.9430
0.9570
0.9523
0.9580
0.9500
0.9540
0.9520
0.9510
0.9440
0.9580
0.9510
0.9580
0.9550
0.9490
0.9520
0.9570
0.9470
0.9629
0.9500
0.9500
0.9390
0.9640
0.9656
0.9490
0.9470
0.9490
0.9610
0.9616
0.9650
0.9490
0.9530
0.9440
0.9550
0.9550
0.9550
0.9490
0.9500
0.9576
0.9410
0.9610
0.9510
0.9520
0.9629
0.9520
0.9570
0.9530
0.9510
0.9536
0.9580
0.9470
0.9490
0.9540
0.9603
0.9640
0.9470
0.9550
0.9500
0.9497
0.9530
0.9520
0.9540
0.9460
0.9642
0.9420
0.9500
0.9530
0.9660
0.9563
0.9560
0.9540
0.9530
0.9470
0.9576
0.9600
0.9520
0.9580
0.9460
0.9497
0.9640
0.9470
0.9610
0.9420
0.9523
0.9560
0.9590
0.9530
0.9510
0.9457
0.9590
0.9520
0.9520
0.9540
0.9483
0.9440
0.9590
0.9540
0.9510
0.9603
0.9520
0.9520
0.9540
0.9540
0.9550
0.9520
0.9480
0.9510
0.9640
0.9510
0.9570
0.9460
0.9550
0.9530
0.9563
0.9570
0.9510
0.9570
0.9540
0.9457
0.9550
0.9420
0.9610
0.9620
0.9444
0.9610
0.9500
0.9450
0.9640
0.9444
0.9470
0.9540
0.9510
0.9610
0.9536
0.9550
0.9560
0.9610
0.9370
0.9589
0.9560
0.9550
0.9550
0.9510
0.9483
0.9380
0.9460
0.9550
0.9630
0.9682
0.9590
0.9520
0.9490
0.9590
0.9457
0.9610
0.9530
0.9470
0.9600
0.9430
0.9440
0.9660
0.9550
0.9590
0.9391
0.9610
0.9540
0.9480
0.9460
0.9589
0.9640
0.9600
0.9500
0.9470
0.9430
0.9550
0.9610
0.9500
0.9530
0.9470
0.9570
0.9610
0.9530
0.9560
0.9364
0.9580
0.9550
0.9440
0.9560
0.9550
0.9470
0.9500
0.9630
0.9540
0.9536
0.9460
0.9520
0.9560
0.9660
0.9457
0.9560
0.9470
0.9490
0.9570
0.9603
0.9470
0.9570
0.9510
0.9680
0.9417
0.9630
0.9480
0.9490
0.9580
0.9483
0.9570
0.9580
0.9500
0.9580
0.9417
0.9580
0.9540
0.9540
0.9540
0.9457
0.9540
0.9530
0.9530
0.9540
0.9536
0.9460
0.9610
0.9460
0.9520
0.9656
0.9430
0.9650
0.9520
0.9570
0.9497
0.9610
0.9470
0.9520
0.9480
0.9616
0.9510
0.9500
0.9640
0.9580
0.9417
0.9470
0.9590
0.9520
0.9580
0.9510
0.9520
0.9640
0.9440
0.9540
0.9536
0.9500
0.9530
0.9490
0.9570
0.9603
0.9520
0.9630
0.9500
0.9500
0.9536
0.9530
0.9550
0.9580
0.9470
0.9563
0.9500
0.9680
0.9460
0.9530
0.9510
0.9550
0.9560
0.9480
0.9540
0.9550
0.9570
0.9530
0.9450
0.9590
0.9536
0.9440
0.9500
0.9580
0.9520
0.9669
0.9540
0.9500
0.9440
0.9650
0.9550
0.9410
0.9520
0.9550
0.9630
0.9576
0.9550
0.9610
0.9480
0.9510
0.9536
0.9530
0.9640
0.9430
0.9510
0.9589
0.9590
0.9530
0.9590
0.9480
0.9470
0.9510
0.9620
0.9520
0.9500
0.9523
0.9620
0.9470
0.9570
0.9510
0.9497
0.9580
0.9450
0.9580
0.9460
0.9629
0.9630
0.9550
0.9450
0.9520
0.9523
0.9370
0.9580
0.9580
0.9610
0.9550
0.9530
0.9470
0.9590
0.9600
0.9483
0.9460
0.9490
0.9560
0.9570
0.9629
0.9480
0.9490
0.9580
0.9510
0.9656
0.9540
0.9490
0.9620
0.9510
0.9523
0.9550
0.9580
0.9420
0.9610
0.9523
0.9530
0.9420
0.9690
0.9510
0.9536
0.9570
0.9570
0.9520
0.9510
0.9510
0.9560
0.9470
0.9570
0.9450
0.9669
0.9540
0.9580
0.9620
0.9470
0.9457
0.9510
0.9580
0.9450
0.9590
0.9563
0.9570
0.9470
0.9600
0.9420
0.9669
0.9560
0.9490
0.9550
0.9600
0.9483
0.9470
0.9590
0.9520
0.9570
0.9550
0.9440
0.9540
0.9640
0.9570
0.9497
0.9510
0.9610
0.9540
0.9600
0.9404
0.9450
0.9660
0.9510
0.9510
0.9576
0.9500
0.9540
0.9530
0.9560
0.9576
0.9440
0.9560
0.9560
0.9610
0.9523
0.9560
0.9530
0.9550
0.9510
0.9550
0.9600
0.9500
0.9600
0.9430
0.9589
0.9560
0.9430
0.9530
0.9630
0.9563
0.9640
0.9490
0.9540
0.9460
0.9589
0.9730
0.9500
0.9600
0.9490
0.9338
0.9450
0.9610
0.9490
0.9580
0.9589
0.9550
0.9430
0.9560
0.9660
0.9497
0.9640
0.9450
0.9400
0.9660
0.9563
0.9640
0.9520
0.9500
0.9480
0.9576
0.9510
0.9470
0.9580
0.9570
0.9589
0.9460
0.9620
0.9570
0.9480
0.9589
0.9560
0.9550
0.9440
0.9640
0.9510
0.9570
0.9540
0.9600
0.9500
0.9497
0.9480
0.9580
0.9550
0.9480
0.9656
0.9590
0.9460
0.9570
0.9620
0.9444
0.9530
0.9550
0.9480
0.9600
0.9550
0.9420
0.9470
0.9650
0.9570
0.9616
0.9580
0.9540
0.9490
0.9540
0.9563
0.9570
0.9440
0.9560
0.9620
0.9510
0.9510
0.9580
0.9550
0.9550
0.9510
0.9500
0.9480
0.9640
0.9560
0.9523
0.9580
0.9540
0.9510
0.9530
0.9536
0.9550
0.9490
0.9590
0.9570
0.9483
0.9660
0.9530
0.9480
0.9570
0.9430
0.9550
0.9550
0.9490
0.9530
0.9589
0.9590
0.9630
0.9410
0.9550
0.9510
0.9510
0.9610
0.9540
0.9590
0.9417
0.9500
0.9570
0.9540
0.9620
0.9444
0.9530
0.9560
0.9590
0.9620
0.9351
0.9480
0.9460
0.9600
0.9500
0.9695
0.9440
0.9590
0.9470
0.9610
0.9603
0.9540
0.9440
0.9560
0.9540
0.9642
0.9510
0.9490
0.9570
0.9590
0.9536
0.9530
0.9620
0.9580
0.9490
0.9457
0.9490
0.9660
0.9560
0.9490
0.9483
0.9500
0.9510
0.9600
0.9500
0.9603
0.9550
0.9570
0.9500
0.9600
0.9470
0.9500
0.9520
0.9510
0.9620
0.9563
0.9500
0.9540
0.9590
0.9550
0.9523
0.9550
0.9630
0.9530
0.9580
0.9377
0.9570
0.9430
0.9530
0.9600
0.9589
0.9530
0.9530
0.9450
0.9560
0.9669
0.9520
0.9390
0.9690
0.9520
0.9603
0.9480
0.9630
0.9480
0.9550
0.9576
0.9420
0.9380
0.9700
0.9600
0.9629
0.9480
0.9510
0.9630
0.9570
0.9510
0.9480
0.9620
0.9440
0.9560
0.9629
0.9550
0.9530
0.9510
0.9520
0.9616
0.9600
0.9520
0.9520
0.9540
0.9523
0.9580
0.9420
0.9560
0.9540
0.9629
0.9430
0.9660
0.9430
0.9570
0.9642
0.9550
0.9420
0.9620
0.9640
0.9457
0.9540
0.9620
0.9450
0.9600
0.9483
0.9520
0.9510
0.9540
0.9550
0.9603
0.9560
0.9560
0.9470
0.9540
0.9589
0.9610
0.9380
0.9670
0.9510
0.9536
0.9520
0.9690
0.9510
0.9490
0.9483
0.9490
0.9510
0.9510
0.9630
0.9576
0.9490
0.9590
0.9470
0.9570
0.9603
0.9510
0.9520
0.9500
0.9560
0.9642
0.9620
0.9500
0.9460
0.9630
0.9483
0.9590
0.9490
0.9540
0.9530
0.9563
0.9580
0.9560
0.9540
0.9540
0.9470
0.9460
0.9610
0.9450
0.9640
0.9550
0.9470
0.9560
0.9630
0.9490
0.9563
0.9580
0.9430
0.9730
0.9440
0.9523
0.9560
0.9600
0.9600
0.9490
0.9430
0.9460
0.9570
0.9560
0.9490
0.9656
0.9610
0.9450
0.9560
0.9510
0.9589
0.9540
0.9570
0.9520
0.9570
0.9497
0.9600
0.9620
0.9590
0.9470
0.9391
0.9520
0.9540
0.9590
0.9530
0.9523
0.9610
0.9550
0.9580
0.9520
0.9417
0.9450
0.9570
0.9580
0.9490
0.9642
0.9590
0.9610
0.9490
0.9470
0.9550
0.9490
0.9550
0.9600
0.9580
0.9470
0.9600
0.9580
0.9450
0.9620
0.9430
0.9560
0.9420
0.9550
0.9630
0.9550
0.9460
0.9610
0.9520
0.9600
0.9510
0.9520
0.9540
0.9580
0.9530
0.9536
0.9550
0.9570
0.9490
0.9460
0.9669
0.9530
0.9630
0.9550
0.9560
0.9404
