1.8459
2.4064
1.6422
1.2876
3.2429
1.8726
2.2609
1.4631
1.2254
1.0839
1.5007
1.5748
1.0291
0.9447
1.1749
1.1524
1.3971
0.7333
0.7871
1.0452
1.0580
0.8707
1.0524
0.9742
1.2131
0.7601
0.9996
1.0792
0.7220
0.5220
0.7243
0.4598
0.5420
1.1917
0.8589
1.0404
0.8371
1.2397
0.4813
0.8379
1.3334
0.8931
0.6993
0.9772
0.7583
0.9930
1.7606
0.7823
0.8702
0.9783
0.8478
0.7820
0.6264
1.0452
0.7881
1.0922
1.0983
1.1236
0.8831
0.5515
0.6580
0.9764
0.8418
0.8832
0.7049
0.8472
0.9073
0.6576
0.7685
0.9291
0.5957
0.6890
0.5472
1.4963
1.3571
