5.8946
5.6224
5.6143
5.2212
6.0601
6.5446
9.6267
10.3655
10.4518
17.5714
12.3574
18.7651
10.5548
21.1451
20.9711
11.6643
23.9394
12.9859
10.3790
20.6992
13.0919
17.2577
13.3906
18.2343
11.9998
12.3194
15.2897
15.7014
14.1190
25.6372
12.9445
11.6416
12.5056
18.9235
16.9589
33.4674
22.1013
20.7643
13.9353
13.3497
15.4787
21.6633
11.6387
22.0410
20.7839
22.7125
15.9960
23.2943
19.6566
18.0122
13.6992
20.1496
27.3513
19.8709
12.9184
21.0096
13.7889
19.8766
25.4291
24.1697
27.8821
15.5246
13.6912
34.7773
19.0695
18.7633
13.0398
21.5561
20.0607
9.4592
12.7131
19.3575
22.9561
25.2172
18.1651
17.6136
25.0329
24.9070
14.4891
15.7562
24.6764
17.1156
17.1857
17.0637
18.9395
30.2710
22.9616
26.3042
16.9747
28.7459
32.3823
19.4126
23.7624
20.5667
24.4506
28.0989
20.1268
30.5551
19.2035
19.3654
