2.4246
4.1930
7.5861
9.6286
8.7577
8.5668
9.2919
9.1809
8.2578
9.3674
7.2905
7.4477
6.9191
7.1548
6.8376
6.8644
6.3105
7.0180
6.0367
9.5130
9.8305
11.0044
7.8331
9.5359
6.4227
6.0376
5.2989
8.1735
5.8665
7.4506
10.4181
6.0674
7.6287
7.8009
7.3283
5.7979
8.4406
8.7390
11.0229
10.4318
6.6674
6.0790
8.3065
7.8951
6.6120
9.5682
10.4069
10.1252
6.6654
8.5299
7.6466
11.1903
9.0001
7.7136
9.3149
9.5984
7.3613
9.2971
16.8135
8.6251
6.6936
10.8980
11.7229
6.9872
8.0115
11.7215
9.8312
10.1791
9.3414
12.3361
8.0685
9.6233
11.1527
9.3725
9.7126
13.4405
8.9374
7.6452
7.9895
11.7626
11.0984
13.8808
9.2381
10.7432
12.5649
11.7668
14.4604
7.4704
12.6479
11.0006
7.6152
17.3962
8.3195
11.5472
9.9999
11.4060
9.7502
12.1533
10.3462
12.2666
