1.1451
1.1785
1.2800
1.3459
1.0953
1.1806
1.1755
1.3129
1.3897
1.2288
1.0637
1.2468
1.1457
1.2366
1.1510
1.2544
1.1386
1.2545
1.3887
1.3465
1.0938
1.2662
1.1329
1.1929
1.1768
1.0396
1.1185
1.2935
1.0580
1.1860
1.1307
1.2923
1.1552
1.3788
1.1299
1.3237
1.0592
1.3500
1.1947
1.3348
1.1257
1.0845
1.1927
1.2169
1.2258
1.1356
1.1987
1.2664
1.1968
1.0634
1.2352
1.1472
1.3809
1.2805
1.1071
1.2500
1.2021
1.1718
1.0962
1.1792
1.0512
1.0071
0.9808
1.1730
1.0329
1.1279
1.3385
1.1179
1.1130
1.0266
1.2033
1.3765
1.1888
1.2863
1.2128
