4.9928
5.4386
5.5858
5.0641
5.5536
5.8382
5.3338
5.3321
5.2683
7.2854
5.1975
5.2694
5.6375
6.8949
5.2783
5.4426
5.7736
5.6086
5.3091
6.0225
8.1364
5.4196
5.4772
6.0345
6.9540
5.3408
5.9709
6.0285
5.7283
5.5583
6.9647
5.6083
5.4970
5.8346
7.5920
5.5427
5.6041
7.4464
5.7554
5.3369
6.0862
6.0473
5.6770
6.0043
5.6594
5.3905
6.7644
5.5603
5.1029
5.9200
6.3923
6.1024
6.3525
6.3324
5.9832
5.7116
5.6146
6.0355
5.7495
5.9690
5.6349
6.1695
5.8601
5.6296
5.9177
5.5335
5.5907
6.1545
6.5550
5.8180
5.7583
7.0192
6.0231
6.2256
6.4472
6.2546
5.5284
5.7424
6.4963
6.9991
6.0854
6.4704
5.5988
6.3283
6.1397
5.5914
5.4952
6.3099
5.9281
5.7835
6.6014
6.0162
5.9613
5.9088
6.3745
5.8701
6.4908
5.7815
6.0892
6.3208
