0.5106
0.6416
0.5724
0.7019
0.5759
0.5068
0.5071
0.5226
0.4928
0.5138
0.5647
0.4745
0.4796
0.5880
0.4833
0.5109
0.4975
0.5130
0.5326
0.5031
0.5632
0.5797
0.5198
0.6214
0.5263
0.5247
0.4871
0.5095
0.4886
0.5851
0.4809
0.5503
0.4921
0.4952
0.4504
0.4530
0.5461
0.4830
0.4513
0.4355
0.4851
0.5678
0.5342
0.5900
0.4724
0.4809
0.5017
0.4837
0.5516
0.5109
0.4535
0.4812
0.5521
0.5414
0.4428
0.4398
0.5292
0.4947
0.4886
0.4734
0.4313
0.4932
0.4335
0.4806
0.4783
0.4384
0.5134
0.5468
0.3785
0.4900
0.4757
0.5445
0.4758
0.4299
0.4263
