2.4246
3.5815
5.9534
7.7672
9.9025
12.5739
15.8889
22.1257
27.0895
34.7898
39.7857
42.9949
51.4698
58.2903
61.6045
67.3028
82.6646
89.9010
91.1889
92.9924
100.2276
114.2531
108.2946
106.7937
101.3462
104.6379
102.3709
110.8046
98.8014
92.9605
95.5028
104.9850
87.7355
83.8268
92.9541
93.7695
117.3907
105.0993
111.1823
105.9291
102.9823
102.6886
92.2055
122.8584
106.9278
121.8314
105.8930
115.6740
124.5190
114.1165
143.4860
149.5865
113.7330
135.0045
138.4259
150.8481
146.0683
155.0223
175.1842
136.4897
139.5446
213.7576
199.1743
87.1369
50.4272
60.4349
69.2645
66.2170
81.2050
86.6264
86.6465
92.5228
112.2571
99.8224
103.5479
119.1085
112.6670
109.5818
182.1852
129.1227
167.1651
162.7073
151.8795
178.9505
192.5589
213.8622
196.6879
236.5764
255.9899
63.1496
67.7074
81.0803
87.6792
107.5862
93.6595
103.7344
110.7013
125.3260
121.6742
135.9054
