1.6021
1.5504
2.0279
1.7268
1.3905
1.4019
1.6202
1.7375
1.5713
1.7021
1.4826
1.7674
1.7748
1.6685
1.5076
1.3798
1.7897
1.9001
1.7466
1.7315
1.6220
1.5918
2.0103
1.6969
1.4896
1.6128
1.4545
1.5833
1.5576
1.9235
1.7918
1.6347
1.7403
1.6436
1.6200
1.5377
2.0477
1.6207
1.8186
1.4860
2.0698
1.9219
1.6586
1.7303
1.8629
2.1300
1.7395
1.5673
1.9413
2.0615
1.6865
2.1111
2.1966
1.8083
2.0299
1.5228
1.8432
1.7196
2.1814
1.8446
1.8565
1.5683
1.9339
2.4678
1.7105
1.8353
1.8323
1.7066
1.9528
1.7805
2.0654
1.9526
1.8983
1.4774
1.8952
2.7884
1.8273
1.8729
2.0983
1.8508
2.0468
2.1509
2.1550
2.1684
2.1338
2.1623
1.8519
1.6223
1.9928
1.7908
1.8420
2.5734
1.9410
2.2900
2.0780
1.5535
2.4001
2.0641
2.2167
2.0248
