0.5032
0.4624
0.6310
0.6799
0.8014
0.8066
0.8579
0.8967
0.9949
0.9834
0.8774
1.2694
1.2078
1.4444
1.0434
0.8697
1.0854
1.2659
1.4463
0.9922
1.0724
1.1222
1.2938
0.9486
1.1331
1.3113
1.3818
1.1286
0.9988
1.5271
1.1460
6.5250
0.9986
1.6969
1.6145
1.7847
1.3957
1.6232
1.2003
1.6020
1.3406
1.6467
1.9054
1.5662
1.5398
1.6221
1.9849
1.7172
1.6386
1.2520
1.1853
1.6502
1.6868
1.7922
1.4885
1.8565
2.1081
1.7774
1.7676
2.0227
2.2799
1.6982
1.8311
1.6310
0.9183
2.8841
1.8715
2.3456
1.7531
1.7802
1.5620
1.8769
2.2030
2.0182
2.2704
1.6239
1.4257
1.7819
1.8109
1.6907
1.8754
2.0427
2.0987
2.5920
2.2983
1.7811
1.9090
2.0924
1.8565
2.1715
2.4236
1.8788
1.3980
1.9362
2.3016
2.0577
2.4494
2.4469
1.7293
2.3467
