2.328358
2.328358
2.329492
2.329492
2.330872
2.330872
2.328327
2.328327
2.329563
2.329563
2.320872
2.320872
2.327660
2.327660
2.327500
2.327500
2.327235
2.327235
2.325223
2.325223
2.324335
2.324335
2.313108
2.313108
2.324216
2.324216
2.321946
2.321946
2.321539
2.321539
2.320510
2.320510
2.319750
2.319750
2.318249
2.318249
2.317405
2.317405
2.316847
2.316847
2.315692
2.315692
2.315603
2.315603
2.313852
2.313852
2.312338
2.312338
2.313029
2.313029
2.308312
2.308312
2.307428
2.307428
2.307688
2.307688
2.308897
2.308897
2.309593
2.309593
2.304521
2.304521
2.302544
2.302544
2.302799
2.302799
2.298836
2.298836
2.298571
2.298571
2.304849
2.304849
2.296057
2.296057
2.295003
2.295003
2.291552
2.291552
2.290999
2.290999
2.289701
2.289701
2.261134
2.261134
2.284671
2.284671
2.284687
2.284687
2.281565
2.281565
2.280623
2.280623
2.277009
2.277009
2.269323
2.269323
2.271617
2.271617
2.271835
2.271835
2.269606
2.269606
2.268915
2.268915
2.261300
2.261300
2.264497
2.264497
2.258609
2.258609
2.254545
2.254545
2.253850
2.253850
2.250589
2.250589
2.249282
2.249282
2.230653
2.230653
2.237765
2.237765
2.236193
2.236193
2.235576
2.235576
2.234670
2.234670
2.230333
2.230333
2.262670
2.262670
2.223679
2.223679
2.213426
2.213426
2.213281
2.213281
2.208948
2.208948
2.209420
2.209420
2.254737
2.254737
2.197528
2.197528
2.193704
2.193704
2.190712
2.190712
2.185529
2.185529
2.171440
2.171440
2.190504
2.190504
2.167396
2.167396
2.155345
2.155345
2.159606
2.159606
2.152266
2.152266
2.147630
2.147630
2.133759
2.133759
2.130340
2.130340
2.131325
2.131325
2.117802
2.117802
2.114897
2.114897
2.108786
2.108786
2.194190
2.194190
2.095918
2.095918
2.092902
2.092902
2.072495
2.072495
2.073445
2.073445
2.065281
2.065281
1.995332
1.995332
2.048049
2.048049
2.044772
2.044772
2.034955
2.034955
2.032198
2.032198
2.017300
2.017300
1.929534
1.929534
1.994083
1.994083
1.994829
1.994829
1.991164
1.991164
1.986596
1.986596
1.976286
1.976286
2.169812
2.169812
1.957565
1.957565
1.955049
1.955049
1.946606
1.946606
1.940760
1.940760
1.918750
1.918750
1.919163
1.919163
1.909648
1.909648
1.914394
1.914394
1.906006
1.906006
1.900139
1.900139
1.885047
1.885047
2.078695
2.078695
1.874080
1.874080
1.881256
1.881256
1.855137
1.855137
1.875749
1.875749
1.854895
1.854895
2.105092
2.105092
1.852630
1.852630
1.838349
1.838349
1.839821
1.839821
1.833023
1.833023
1.836860
1.836860
1.711823
1.711823
1.825821
1.825821
1.815273
1.815273
1.821188
1.821188
1.813391
1.813391
1.807137
1.807137
1.705362
1.705362
1.807855
1.807855
1.794059
1.794059
1.795523
1.795523
1.795781
1.795781
1.795155
1.795155
2.043721
2.043721
1.784264
1.784264
1.770614
1.770614
1.788213
1.788213
1.790401
1.790401
1.783019
1.783019
1.892125
1.892125
1.759763
1.759763
1.779013
1.779013
1.773308
1.773308
1.778891
1.778891
1.767567
1.767567
1.579603
1.579603
1.752771
1.752771
1.764096
1.764096
1.763625
1.763625
1.767643
1.767643
1.764979
1.764979
1.648974
1.648974
1.746917
1.746917
1.750733
1.750733
1.762246
1.762246
1.760001
1.760001
1.751852
1.751852
1.635006
1.635006
1.742451
1.742451
1.746491
1.746491
1.760969
1.760969
1.735773
1.735773
1.751647
1.751647
2.076121
2.076121
1.753565
1.753565
1.737790
1.737790
1.727771
1.727771
1.739398
1.739398
1.743889
1.743889
1.966449
1.966449
1.736994
1.736994
1.733861
1.733861
1.737300
1.737300
1.737201
1.737201
1.724991
1.724991
1.950661
1.950661
1.741619
1.741619
1.718062
1.718062
1.740305
1.740305
1.721190
1.721190
1.717535
1.717535
1.834012
1.834012
1.734559
1.734559
1.710064
1.710064
1.718485
1.718485
1.714782
1.714782
1.728484
1.728484
1.683052
1.683052
1.720368
1.720368
1.706287
1.706287
1.711916
1.711916
1.726365
1.726365
1.711523
1.711523
2.024674
2.024674
1.714304
1.714304
1.710714
1.710714
1.705750
1.705750
1.707247
1.707247
1.713425
1.713425
1.654873
1.654873
1.702462
1.702462
1.710340
1.710340
1.709456
1.709456
1.690849
1.690849
1.712424
1.712424
1.764223
1.764223
1.710935
1.710935
1.706631
1.706631
1.688533
1.688533
1.692648
1.692648
1.701696
1.701696
1.807797
1.807797
1.704853
1.704853
1.698264
1.698264
1.691259
1.691259
1.693305
1.693305
1.689232
1.689232
1.750554
1.750554
1.700077
1.700077
1.685521
1.685521
1.682003
1.682003
1.692991
1.692991
1.694861
1.694861
1.735337
1.735337
1.680365
1.680365
1.682936
1.682936
1.685617
1.685617
1.692300
1.692300
1.688785
1.688785
1.556249
1.556249
1.682546
1.682546
1.680182
1.680182
1.680798
1.680798
1.684901
1.684901
1.677359
1.677359
1.599934
1.599934
1.683176
1.683176
1.673535
1.673535
1.677406
1.677406
1.677480
1.677480
1.676964
1.676964
1.650076
1.650076
1.676175
1.676175
1.672168
1.672168
1.678709
1.678709
1.673975
1.673975
1.669253
1.669253
1.847701
1.847701
1.662130
1.662130
1.677232
1.677232
1.672087
1.672087
1.664548
1.664548
1.676052
1.676052
1.756043
1.756043
1.655529
1.655529
1.672183
1.672183
1.669744
1.669744
1.677121
1.677121
1.664984
1.664984
1.595543
1.595543
1.654904
1.654904
1.665650
1.665650
1.663799
1.663799
1.675863
1.675863
1.665515
1.665515
1.847647
1.847647
1.664828
1.664828
1.659728
1.659728
1.665682
1.665682
1.660807
1.660807
1.662783
1.662783
1.679424
1.679424
1.671993
1.671993
1.660844
1.660844
1.653690
1.653690
1.656853
1.656853
1.655662
1.655662
1.732644
1.732644
1.645383
1.645383
1.661151
1.661151
1.663385
1.663385
1.647326
1.647326
1.663700
1.663700
1.698010
1.698010
1.655186
1.655186
1.663743
1.663743
1.647681
1.647681
1.640057
1.640057
1.656270
1.656270
1.708745
1.708745
1.642847
1.642847
1.654792
1.654792
1.648513
1.648513
1.659811
1.659811
1.645281
1.645281
1.721136
1.721136
1.654655
1.654655
1.659614
1.659614
1.640827
1.640827
1.634510
1.634510
1.651193
1.651193
1.575367
1.575367
1.641961
1.641961
1.652725
1.652725
1.656948
1.656948
1.641249
1.641249
1.636262
1.636262
1.675517
1.675517
1.625950
1.625950
1.650123
1.650123
1.647484
1.647484
1.657328
1.657328
1.641051
1.641051
1.716068
1.716068
1.638667
1.638667
1.632947
1.632947
1.648335
1.648335
1.657043
1.657043
1.640306
1.640306
1.561482
1.561482
1.644238
1.644238
1.630779
1.630779
1.650862
1.650862
1.641891
1.641891
1.643150
1.643150
1.613358
1.613358
1.653358
1.653358
1.639171
1.639171
1.635556
1.635556
1.635507
1.635507
1.642103
1.642103
1.603821
1.603821
1.631031
1.631031
1.645877
1.645877
1.638078
1.638078
1.641866
1.641866
1.637485
1.637485
1.627996
1.627996
1.634917
1.634917
1.640427
1.640427
1.626926
1.626926
1.641780
1.641780
1.642353
1.642353
1.537640
1.537640
1.647858
1.647858
1.632638
1.632638
1.640197
1.640197
1.623724
1.623724
1.636167
1.636167
1.522613
1.522613
1.639111
1.639111
1.635351
1.635351
1.636428
1.636428
1.630696
1.630696
1.632410
1.632410
1.969537
1.969537
1.633644
1.633644
1.632292
1.632292
1.629878
1.629878
1.629892
1.629892
1.643480
1.643480
1.505091
1.505091
1.636664
1.636664
1.632084
1.632084
1.631998
1.631998
1.621070
1.621070
1.644190
1.644190
1.510646
1.510646
1.630882
1.630882
1.620141
1.620141
1.634175
1.634175
1.631722
1.631722
1.645255
1.645255
1.786732
1.786732
1.634333
1.634333
1.629900
1.629900
1.639416
1.639416
1.618887
1.618887
1.632692
1.632692
1.789276
1.789276
1.629339
1.629339
1.632044
1.632044
1.626589
1.626589
1.627590
1.627590
1.629870
1.629870
1.474547
1.474547
1.627034
1.627034
1.631322
1.631322
1.623986
1.623986
1.627063
1.627063
1.626800
1.626800
1.562811
1.562811
1.627731
1.627731
1.624813
1.624813
1.622365
1.622365
1.631944
1.631944
1.624102
1.624102
1.545448
1.545448
1.624433
1.624433
1.621702
1.621702
1.622825
1.622825
1.635074
1.635074
1.621071
1.621071
1.628472
1.628472
1.614244
1.614244
1.629208
1.629208
1.608343
1.608343
1.639637
1.639637
1.627853
1.627853
1.596184
1.596184
1.612829
1.612829
1.623017
1.623017
1.624416
1.624416
1.632053
1.632053
1.620489
1.620489
1.702232
1.702232
1.629614
1.629614
1.617431
1.617431
1.632755
1.632755
1.614262
1.614262
1.613545
1.613545
1.710441
1.710441
1.620034
1.620034
1.617216
1.617216
1.617198
1.617198
1.620988
1.620988
1.627255
1.627255
1.570619
1.570619
1.605099
1.605099
1.629812
1.629812
1.624964
1.624964
1.618640
1.618640
1.620468
1.620468
1.678833
1.678833
1.619548
1.619548
1.622403
1.622403
1.607298
1.607298
1.622811
1.622811
1.622113
1.622113
1.714066
1.714066
1.619966
1.619966
1.623920
1.623920
1.622863
1.622863
1.616087
1.616087
1.604983
1.604983
1.536812
1.536812
1.611116
1.611116
1.622115
1.622115
1.617330
1.617330
1.614505
1.614505
1.614023
1.614023
1.864068
1.864068
1.613732
1.613732
1.608834
1.608834
1.617960
1.617960
1.615918
1.615918
1.614373
1.614373
1.753998
1.753998
1.597978
1.597978
1.618517
1.618517
1.611361
1.611361
1.606589
1.606589
1.628050
1.628050
1.486537
1.486537
1.613158
1.613158
1.608297
1.608297
1.616907
1.616907
1.605526
1.605526
1.609958
1.609958
1.552385
1.552385
1.606579
1.606579
1.618981
1.618981
1.602395
1.602395
1.616531
1.616531
1.605545
1.605545
1.479057
1.479057
1.615080
1.615080
1.606952
1.606952
1.605580
1.605580
1.608061
1.608061
1.612461
1.612461
1.700317
1.700317
1.609477
1.609477
1.610368
1.610368
1.605667
1.605667
1.612130
1.612130
1.610581
1.610581
1.606461
1.606461
1.612166
1.612166
1.612055
1.612055
1.607587
1.607587
1.618028
1.618028
1.596557
1.596557
1.564394
1.564394
1.609042
1.609042
1.608480
1.608480
1.609689
1.609689
1.603819
1.603819
1.611633
1.611633
1.668114
1.668114
1.614886
1.614886
1.594373
1.594373
1.623031
1.623031
1.606089
1.606089
1.603114
1.603114
1.493859
1.493859
1.610198
1.610198
1.619646
1.619646
1.596611
1.596611
1.607811
1.607811
1.605300
1.605300
1.559838
1.559838
1.598617
1.598617
1.600683
1.600683
1.617397
1.617397
1.604819
1.604819
1.612492
1.612492
1.595474
1.595474
1.600086
1.600086
1.598294
1.598294
1.608590
1.608590
1.600725
1.600725
1.621192
1.621192
1.846660
1.846660
1.607294
1.607294
1.599330
1.599330
1.611734
1.611734
1.597421
1.597421
1.610434
1.610434
1.627221
1.627221
1.610144
1.610144
1.595680
1.595680
1.591817
1.591817
1.610242
1.610242
1.613743
1.613743
1.725633
1.725633
1.591077
1.591077
1.615774
1.615774
1.607355
1.607355
1.598807
1.598807
1.605658
1.605658
1.498495
1.498495
1.622150
1.622150
1.591627
1.591627
1.613966
1.613966
1.595192
1.595192
1.592916
1.592916
1.718266
1.718266
1.607941
1.607941
1.604362
1.604362
1.601065
1.601065
1.594736
1.594736
1.603804
1.603804
1.559300
1.559300
1.594513
1.594513
1.603189
1.603189
1.607477
1.607477
1.599886
1.599886
1.604410
1.604410
1.718095
1.718095
1.603975
1.603975
1.606858
1.606858
1.599731
1.599731
1.599443
1.599443
1.600874
1.600874
1.489145
1.489145
1.611121
1.611121
1.588735
1.588735
1.599611
1.599611
1.605973
1.605973
1.606383
1.606383
1.559634
1.559634
1.596931
1.596931
1.609071
1.609071
1.602676
1.602676
1.595079
1.595079
1.607420
1.607420
1.685136
1.685136
1.593393
1.593393
1.598114
1.598114
1.608934
1.608934
1.611344
1.611344
1.597407
1.597407
1.627469
1.627469
1.600278
1.600278
1.604918
1.604918
1.594840
1.594840
1.600175
1.600175
1.605184
1.605184
1.783785
1.783785
1.605596
1.605596
1.612628
1.612628
1.588870
1.588870
1.598727
1.598727
1.595571
1.595571
1.499505
1.499505
1.600969
1.600969
1.597290
1.597290
1.592561
1.592561
1.595139
1.595139
1.608906
1.608906
1.668839
1.668839
1.597053
1.597053
1.586208
1.586208
1.609675
1.609675
1.602569
1.602569
1.595513
1.595513
1.560116
1.560116
1.595743
1.595743
1.603015
1.603015
1.592610
1.592610
1.598375
1.598375
1.596226
1.596226
1.607179
1.607179
1.592282
1.592282
1.589133
1.589133
1.602542
1.602542
1.599838
1.599838
1.597312
1.597312
1.613739
1.613739
1.598709
1.598709
1.588510
1.588510
1.604181
1.604181
1.594155
1.594155
1.591399
1.591399
1.480417
1.480417
1.593935
1.593935
1.610966
1.610966
1.582749
1.582749
1.591695
1.591695
1.592470
1.592470
1.824573
1.824573
1.590058
1.590058
1.589262
1.589262
1.594099
1.594099
1.595057
1.595057
1.602282
1.602282
1.576741
1.576741
1.579133
1.579133
1.601379
1.601379
1.596601
1.596601
1.602067
1.602067
1.587271
1.587271
1.649383
1.649383
1.590933
1.590933
1.599005
1.599005
1.598508
1.598508
1.589559
1.589559
1.587055
1.587055
1.467264
1.467264
1.591934
1.591934
1.590134
1.590134
1.601744
1.601744
1.591341
1.591341
1.586689
1.586689
1.763293
1.763293
1.605277
1.605277
1.595480
1.595480
1.588739
1.588739
1.590224
1.590224
1.583618
1.583618
1.496173
1.496173
1.588162
1.588162
1.591146
1.591146
1.603171
1.603171
1.590396
1.590396
1.591022
1.591022
1.499837
1.499837
1.591206
1.591206
1.590658
1.590658
1.592147
1.592147
1.593982
1.593982
1.596393
1.596393
1.676567
1.676567
1.590739
1.590739
1.585791
1.585791
1.596437
1.596437
1.603556
1.603556
1.588275
1.588275
1.525342
1.525342
1.596572
1.596572
1.585173
1.585173
1.580481
1.580481
1.603385
1.603385
1.597584
1.597584
1.546994
1.546994
1.605032
1.605032
1.579984
1.579984
1.592271
1.592271
1.596962
1.596962
1.583171
1.583171
1.709103
1.709103
1.592919
1.592919
1.590648
1.590648
1.591881
1.591881
1.584627
1.584627
1.596510
1.596510
1.475496
1.475496
1.599999
1.599999
1.605320
1.605320
1.575300
1.575300
1.587813
1.587813
1.587415
1.587415
1.636074
1.636074
1.600024
1.600024
1.593039
1.593039
1.577638
1.577638
1.590489
1.590489
1.592498
1.592498
1.704696
1.704696
1.600175
1.600175
1.587829
1.587829
1.584792
1.584792
1.587888
1.587888
1.591987
1.591987
1.485591
1.485591
1.597203
1.597203
1.585981
1.585981
1.587038
1.587038
1.590071
1.590071
1.591067
1.591067
1.735138
1.735138
1.584579
1.584579
1.584999
1.584999
1.589961
1.589961
1.592299
1.592299
1.598557
1.598557
1.520166
1.520166
1.584617
1.584617
1.578024
1.578024
1.593740
1.593740
1.598779
1.598779
1.592786
1.592786
1.479306
1.479306
1.582013
1.582013
1.596039
1.596039
1.589287
1.589287
1.594382
1.594382
1.585608
1.585608
1.470994
1.470994
1.583169
1.583169
1.596285
1.596285
1.583382
1.583382
1.589411
1.589411
1.594637
1.594637
1.808656
1.808656
1.592689
1.592689
1.582648
1.582648
1.580829
1.580829
1.598841
1.598841
1.589156
1.589156
1.684534
1.684534
1.591353
1.591353
1.577472
1.577472
1.590200
1.590200
1.589978
1.589978
1.593570
1.593570
1.545326
1.545326
1.593506
1.593506
1.597604
1.597604
1.573800
1.573800
1.593829
1.593829
1.582052
1.582052
1.486439
1.486439
1.585042
1.585042
1.593699
1.593699
1.574976
1.574976
1.594738
1.594738
1.590782
1.590782
1.534855
1.534855
1.584767
1.584767
1.581874
1.581874
1.589718
1.589718
1.580527
1.580527
1.599811
1.599811
1.686597
1.686597
1.591779
1.591779
1.589054
1.589054
1.584886
1.584886
1.580845
1.580845
1.589934
1.589934
1.474757
1.474757
1.589922
1.589922
1.585065
1.585065
1.582379
1.582379
1.592747
1.592747
1.585170
1.585170
1.473838
1.473838
1.577302
1.577302
1.586152
1.586152
1.600353
1.600353
1.579321
1.579321
1.590865
1.590865
1.791284
1.791284
1.596839
1.596839
1.581782
1.581782
1.581930
1.581930
1.585010
1.585010
1.589381
1.589381
1.500718
1.500718
1.597731
1.597731
1.586624
1.586624
1.574861
1.574861
1.581480
1.581480
1.593147
1.593147
1.542392
1.542392
1.583919
1.583919
1.594409
1.594409
1.573354
1.573354
1.582204
1.582204
1.596408
1.596408
1.490765
1.490765
1.587885
1.587885
1.580664
1.580664
1.586644
1.586644
1.602457
1.602457
1.569813
1.569813
1.698902
1.698902
1.586238
1.586238
1.584600
1.584600
1.585595
1.585595
1.580423
1.580423
1.589039
1.589039
1.541908
1.541908
1.578182
1.578182
1.597834
1.597834
1.581133
1.581133
1.588396
1.588396
1.577579
1.577579
1.510523
1.510523
1.591972
1.591972
1.582569
1.582569
1.577715
1.577715
1.583715
1.583715
1.584891
1.584891
1.498178
1.498178
1.580568
1.580568
1.578146
1.578146
1.593696
1.593696
1.585666
1.585666
1.581308
1.581308
1.571649
1.571649
1.585292
1.585292
1.578553
1.578553
1.588438
1.588438
1.590400
1.590400
1.574684
1.574684
1.749822
1.749822
1.593654
1.593654
1.561327
1.561327
1.576411
1.576411
1.587479
1.587479
1.596404
1.596404
1.734666
1.734666
1.587363
1.587363
1.581748
1.581748
1.578743
1.578743
1.577039
1.577039
1.588277
1.588277
1.495772
1.495772
1.582983
1.582983
1.592379
1.592379
1.581795
1.581795
1.574772
1.574772
1.580626
1.580626
1.721665
1.721665
1.587919
1.587919
1.583187
1.583187
1.581355
1.581355
1.581056
1.581056
1.578760
1.578760
1.748089
1.748089
1.575724
1.575724
1.589637
1.589637
1.592304
1.592304
1.571373
1.571373
1.582740
1.582740
1.534618
1.534618
1.580660
1.580660
1.586369
1.586369
1.580330
1.580330
1.586071
1.586071
1.577066
1.577066
1.526149
1.526149
1.571249
1.571249
1.589210
1.589210
1.590135
1.590135
1.585403
1.585403
1.573618
1.573618
1.513008
1.513008
1.573238
1.573238
1.582034
1.582034
1.587077
1.587077
1.575382
1.575382
1.591285
1.591285
1.577254
1.577254
1.582033
1.582033
1.583797
1.583797
1.570243
1.570243
1.589855
1.589855
1.581227
1.581227
1.497907
1.497907
1.576330
1.576330
1.578467
1.578467
1.584485
1.584485
1.581051
1.581051
1.583458
1.583458
1.467698
1.467698
1.572814
1.572814
1.580439
1.580439
1.582279
1.582279
1.584223
1.584223
1.584432
1.584432
1.487932
1.487932
1.573019
1.573019
1.576342
1.576342
1.585654
1.585654
1.578945
1.578945
1.590610
1.590610
1.674434
1.674434
1.579304
1.579304
1.577831
1.577831
1.586511
1.586511
1.575497
1.575497
1.586807
1.586807
1.628131
1.628131
1.571542
1.571542
1.580848
1.580848
1.585567
1.585567
1.581462
1.581462
1.586782
1.586782
1.588681
1.588681
1.573358
1.573358
1.591548
1.591548
1.574188
1.574188
1.591714
1.591714
1.574287
1.574287
1.544266
1.544266
1.575793
1.575793
1.578227
1.578227
1.582648
1.582648
1.582780
1.582780
1.584334
1.584334
1.497655
1.497655
1.574562
1.574562
1.583814
1.583814
1.579175
1.579175
1.580435
1.580435
1.583108
1.583108
1.560883
1.560883
1.585166
1.585166
1.572220
1.572220
1.570168
1.570168
1.586668
1.586668
1.584153
1.584153
1.769975
1.769975
1.565425
1.565425
1.574739
1.574739
1.588538
1.588538
1.584810
1.584810
1.583343
1.583343
1.832380
1.832380
1.572335
1.572335
1.585619
1.585619
1.566615
1.566615
1.587024
1.587024
1.584269
1.584269
1.709801
1.709801
1.578025
1.578025
1.589412
1.589412
1.573517
1.573517
1.572200
1.572200
1.580245
1.580245
1.465273
1.465273
1.583126
1.583126
1.581349
1.581349
1.568034
1.568034
1.586118
1.586118
1.571484
1.571484
1.470660
1.470660
1.580381
1.580381
1.574944
1.574944
1.578181
1.578181
1.583173
1.583173
1.571904
1.571904
1.687297
1.687297
1.570200
1.570200
1.580766
1.580766
1.582484
1.582484
1.583392
1.583392
1.573198
1.573198
1.488880
1.488880
1.581347
1.581347
1.586716
1.586716
1.579230
1.579230
1.573468
1.573468
1.570768
1.570768
1.487714
1.487714
1.578086
1.578086
1.572909
1.572909
1.578069
1.578069
1.584954
1.584954
1.577831
1.577831
1.471743
1.471743
1.575470
1.575470
1.581768
1.581768
1.578983
1.578983
1.571973
1.571973
1.584867
1.584867
1.612747
1.612747
1.580465
1.580465
1.577949
1.577949
1.581757
1.581757
1.572642
1.572642
1.580129
1.580129
1.784710
1.784710
1.577940
1.577940
1.568117
1.568117
1.576366
1.576366
1.578392
1.578392
1.592390
1.592390
1.486333
1.486333
1.588831
1.588831
1.574793
1.574793
1.575702
1.575702
1.579201
1.579201
1.572852
1.572852
1.636443
1.636443
1.592674
1.592674
1.580688
1.580688
1.582678
1.582678
1.563371
1.563371
1.569116
1.569116
1.610257
1.610257
1.569055
1.569055
1.575370
1.575370
1.581687
1.581687
1.582000
1.582000
1.577719
1.577719
1.475883
1.475883
1.566071
1.566071
1.581239
1.581239
1.569478
1.569478
1.580500
1.580500
1.586334
1.586334
1.547315
1.547315
1.579053
1.579053
1.576387
1.576387
1.565768
1.565768
1.576170
1.576170
1.585207
1.585207
1.476962
1.476962
1.576620
1.576620
1.568001
1.568001
1.583728
1.583728
1.578017
1.578017
1.574636
1.574636
1.490548
1.490548
1.573860
1.573860
1.577937
1.577937
1.575035
1.575035
1.574540
1.574540
1.578698
1.578698
1.786947
1.786947
1.591515
1.591515
1.579722
1.579722
1.567947
1.567947
1.568078
1.568078
1.571699
1.571699
1.505457
1.505457
1.580704
1.580704
1.563900
1.563900
1.593256
1.593256
1.574667
1.574667
1.564903
1.564903
1.538456
1.538456
1.574124
1.574124
1.573740
1.573740
1.575786
1.575786
1.581573
1.581573
1.572060
1.572060
1.471339
1.471339
1.575136
1.575136
1.579911
1.579911
1.581620
1.581620
1.568715
1.568715
1.571482
1.571482
1.625777
1.625777
1.573042
1.573042
1.582372
1.582372
1.569203
1.569203
1.564501
1.564501
1.586435
1.586435
1.724437
1.724437
1.570199
1.570199
1.581395
1.581395
1.581776
1.581776
1.582622
1.582622
1.559222
1.559222
1.501820
1.501820
1.578420
1.578420
1.586061
1.586061
1.566211
1.566211
1.566376
1.566376
1.578273
1.578273
1.471908
1.471908
1.583694
1.583694
1.567751
1.567751
1.568433
1.568433
1.584384
1.584384
1.570752
1.570752
1.735751
1.735751
1.593135
1.593135
1.558673
1.558673
1.576074
1.576074
1.571198
1.571198
1.575808
1.575808
1.669425
1.669425
1.591941
1.591941
1.566731
1.566731
1.576605
1.576605
1.569998
1.569998
1.568029
1.568029
1.501143
1.501143
1.576227
1.576227
1.573544
1.573544
1.571671
1.571671
1.577318
1.577318
1.572988
1.572988
1.520323
1.520323
1.579332
1.579332
1.579348
1.579348
1.559041
1.559041
1.571980
1.571980
1.580282
1.580282
1.605391
1.605391
1.570622
1.570622
1.585224
1.585224
1.572470
1.572470
1.562497
1.562497
1.578646
1.578646
1.552764
1.552764
1.584875
1.584875
1.567572
1.567572
1.574854
1.574854
1.566242
1.566242
1.574677
1.574677
1.542335
1.542335
1.578326
1.578326
1.568750
1.568750
1.577254
1.577254
1.570492
1.570492
1.571716
1.571716
1.570349
1.570349
1.581373
1.581373
1.562834
1.562834
1.574993
1.574993
1.572290
1.572290
1.572208
1.572208
1.483245
1.483245
1.563468
1.563468
1.574744
1.574744
1.578096
1.578096
1.570586
1.570586
1.575026
1.575026
1.712363
1.712363
1.572248
1.572248
1.577419
1.577419
1.574655
1.574655
1.567390
1.567390
1.570550
1.570550
1.737355
1.737355
1.571191
1.571191
1.573483
1.573483
1.569986
1.569986
1.573651
1.573651
1.573480
1.573480
1.657412
1.657412
1.566819
1.566819
1.571750
1.571750
1.577998
1.577998
1.581932
1.581932
1.560172
1.560172
1.462102
1.462102
1.561433
1.561433
1.578197
1.578197
1.577170
1.577170
1.573944
1.573944
1.564207
1.564207
1.673123
1.673123
1.584225
1.584225
1.554534
1.554534
1.565419
1.565419
1.565135
1.565135
1.586395
1.586395
1.472611
1.472611
1.565229
1.565229
1.573566
1.573566
1.569145
1.569145
1.573286
1.573286
1.574522
1.574522
1.718239
1.718239
1.570074
1.570074
1.569569
1.569569
1.577010
1.577010
1.570144
1.570144
1.570527
1.570527
1.550216
1.550216
1.571767
1.571767
1.572027
1.572027
1.567229
1.567229
1.575933
1.575933
1.571623
1.571623
1.479079
1.479079
1.573442
1.573442
1.563725
1.563725
1.577998
1.577998
1.568246
1.568246
1.576051
1.576051
1.467150
1.467150
1.584029
1.584029
1.563102
1.563102
1.566811
1.566811
1.580810
1.580810
1.566215
1.566215
1.485515
1.485515
1.581449
1.581449
1.566344
1.566344
1.572276
1.572276
1.563007
1.563007
1.578105
1.578105
1.660491
1.660491
1.560604
1.560604
1.576516
1.576516
1.570700
1.570700
1.582437
1.582437
1.570237
1.570237
1.465385
1.465385
1.584069
1.584069
1.567247
1.567247
1.564099
1.564099
1.573071
1.573071
1.570201
1.570201
1.606899
1.606899
1.566143
1.566143
1.565686
1.565686
1.575277
1.575277
1.566370
1.566370
1.584224
1.584224
1.476411
1.476411
1.579131
1.579131
1.566996
1.566996
1.568557
1.568557
1.566048
1.566048
1.575482
1.575482
1.485334
1.485334
1.587967
1.587967
1.568426
1.568426
1.565944
1.565944
1.566020
1.566020
1.565872
1.565872
1.686501
1.686501
1.571471
1.571471
1.573649
1.573649
1.569660
1.569660
1.571505
1.571505
1.569068
1.569068
1.480450
1.480450
1.562710
1.562710
1.569994
1.569994
1.575067
1.575067
1.570546
1.570546
1.577340
1.577340
1.640824
1.640824
1.574697
1.574697
1.565608
1.565608
1.562747
1.562747
1.580535
1.580535
1.572734
1.572734
1.685135
1.685135
1.553546
1.553546
1.569610
1.569610
1.581375
1.581375
1.568295
1.568295
1.583682
1.583682
1.465467
1.465467
1.587379
1.587379
1.573228
1.573228
1.552735
1.552735
1.556244
1.556244
1.585592
1.585592
1.724049
1.724049
1.558507
1.558507
1.568800
1.568800
1.570550
1.570550
1.571247
1.571247
1.586883
1.586883
1.496215
1.496215
1.567353
1.567353
1.566743
1.566743
1.571241
1.571241
1.571603
1.571603
1.578598
1.578598
1.469633
1.469633
1.564053
1.564053
1.571846
1.571846
1.563871
1.563871
1.571482
1.571482
1.584528
1.584528
1.466710
1.466710
1.585866
1.585866
1.561331
1.561331
1.572945
1.572945
1.575475
1.575475
1.559135
1.559135
1.488784
1.488784
1.570857
1.570857
1.567420
1.567420
1.571666
1.571666
1.577048
1.577048
1.568119
1.568119
1.488574
1.488574
1.558102
1.558102
1.580428
1.580428
1.570285
1.570285
1.561164
1.561164
1.585222
1.585222
1.715626
1.715626
1.568792
1.568792
1.570012
1.570012
1.579052
1.579052
1.566570
1.566570
1.570332
1.570332
1.704024
1.704024
1.577413
1.577413
1.566435
1.566435
1.572600
1.572600
1.572818
1.572818
1.565433
1.565433
1.509982
1.509982
1.581106
1.581106
1.553645
1.553645
1.586663
1.586663
1.556627
1.556627
1.575637
1.575637
1.693159
1.693159
1.568279
1.568279
1.586377
1.586377
1.567165
1.567165
1.564684
1.564684
1.567901
1.567901
1.484786
1.484786
1.568821
1.568821
1.576638
1.576638
1.565743
1.565743
1.570072
1.570072
1.573303
1.573303
1.486320
1.486320
1.577818
1.577818
1.581514
1.581514
1.553592
1.553592
1.574088
1.574088
1.568019
1.568019
1.462732
1.462732
1.569811
1.569811
1.582705
1.582705
1.565111
1.565111
1.568066
1.568066
1.568987
1.568987
1.578701
1.578701
1.575358
1.575358
1.568410
1.568410
1.581389
1.581389
1.557191
1.557191
1.572377
1.572377
1.491020
1.491020
1.568688
1.568688
1.573500
1.573500
1.567764
1.567764
1.564371
1.564371
1.579359
1.579359
1.730097
1.730097
1.570701
1.570701
1.580638
1.580638
1.566174
1.566174
1.563897
1.563897
1.569924
1.569924
1.480505
1.480505
1.560066
1.560066
1.576523
1.576523
1.578499
1.578499
1.565212
1.565212
1.567836
1.567836
1.476248
1.476248
1.574269
1.574269
1.571303
1.571303
1.574386
1.574386
1.566081
1.566081
1.561237
1.561237
1.472858
1.472858
1.573739
1.573739
1.567066
1.567066
1.582602
1.582602
1.569619
1.569619
1.554077
1.554077
1.570093
1.570093
1.566279
1.566279
1.574333
1.574333
1.565116
1.565116
1.565723
1.565723
1.575583
1.575583
1.484505
1.484505
1.568509
1.568509
1.574872
1.574872
1.561605
1.561605
1.569065
1.569065
1.571541
1.571541
1.584597
1.584597
1.569625
1.569625
1.557932
1.557932
1.576296
1.576296
1.570039
1.570039
1.568220
1.568220
1.692943
1.692943
1.567290
1.567290
1.571388
1.571388
1.560633
1.560633
1.574550
1.574550
1.567348
1.567348
1.581018
1.581018
1.559824
1.559824
1.574509
1.574509
1.577140
1.577140
1.565385
1.565385
1.562472
1.562472
1.594137
1.594137
1.569190
1.569190
1.571614
1.571614
1.569382
1.569382
1.560317
1.560317
1.567218
1.567218
1.507179
1.507179
1.565914
1.565914
1.566626
1.566626
1.569375
1.569375
1.558861
1.558861
1.575941
1.575941
1.463104
1.463104
1.565928
1.565928
1.569031
1.569031
1.578638
1.578638
1.563669
1.563669
1.559531
1.559531
1.471266
1.471266
1.566144
1.566144
1.563515
1.563515
1.563133
1.563133
1.571285
1.571285
1.573840
1.573840
1.483053
1.483053
1.565333
1.565333
1.566731
1.566731
1.567151
1.567151
1.568258
1.568258
1.570983
1.570983
1.614772
1.614772
1.557486
1.557486
1.564619
1.564619
1.570308
1.570308
1.575752
1.575752
1.570019
1.570019
1.657569
1.657569
1.562367
1.562367
1.566629
1.566629
1.554744
1.554744
1.578488
1.578488
1.575678
1.575678
1.495348
1.495348
1.573966
1.573966
1.565550
1.565550
1.562442
1.562442
1.570520
1.570520
1.564488
1.564488
1.507590
1.507590
1.568811
1.568811
1.568360
1.568360
1.552994
1.552994
1.563671
1.563671
1.581283
1.581283
1.471488
1.471488
1.568271
1.568271
1.572477
1.572477
1.561402
1.561402
1.568085
1.568085
1.564525
1.564525
1.499858
1.499858
1.555449
1.555449
1.563558
1.563558
1.561033
1.561033
1.578398
1.578398
1.576500
1.576500
1.477961
1.477961
1.564347
1.564347
1.571701
1.571701
1.570648
1.570648
1.568912
1.568912
1.557735
1.557735
1.586331
1.586331
1.568701
1.568701
1.569247
1.569247
1.566369
1.566369
1.559093
1.559093
1.569856
1.569856
1.484910
1.484910
1.559216
1.559216
1.561708
1.561708
1.565116
1.565116
1.570457
1.570457
1.576165
1.576165
1.484887
1.484887
1.567669
1.567669
1.551500
1.551500
1.569361
1.569361
1.569560
1.569560
1.574793
1.574793
1.471852
1.471852
1.560332
1.560332
1.561558
1.561558
1.570807
1.570807
1.571262
1.571262
1.569631
1.569631
1.462936
1.462936
1.561275
1.561275
1.556154
1.556154
1.578366
1.578366
1.574899
1.574899
1.563374
1.563374
1.679993
1.679993
1.573033
1.573033
1.569045
1.569045
1.567736
1.567736
1.563610
1.563610
1.562675
1.562675
1.491025
1.491025
1.571974
1.571974
1.571921
1.571921
1.565286
1.565286
1.567964
1.567964
1.559292
1.559292
1.542468
1.542468
1.567473
1.567473
1.570759
1.570759
1.565993
1.565993
1.572831
1.572831
1.559062
1.559062
1.670558
1.670558
1.560927
1.560927
1.577446
1.577446
1.555384
1.555384
1.570783
1.570783
1.570154
1.570154
1.675565
1.675565
1.575003
1.575003
1.564980
1.564980
1.558967
1.558967
1.573775
1.573775
1.560537
1.560537
1.617106
1.617106
1.565172
1.565172
1.564168
1.564168
1.573660
1.573660
1.568768
1.568768
1.560047
1.560047
1.506935
1.506935
1.568685
1.568685
1.576888
1.576888
1.556551
1.556551
1.568711
1.568711
1.558894
1.558894
1.502433
1.502433
1.562553
1.562553
1.576112
1.576112
1.549481
1.549481
1.574561
1.574561
1.565610
1.565610
1.592960
1.592960
1.571891
1.571891
1.564330
1.564330
1.552800
1.552800
1.571733
1.571733
1.564857
1.564857
1.581477
1.581477
1.566956
1.566956
1.565293
1.565293
1.561903
1.561903
1.563311
1.563311
1.565336
1.565336
1.492247
1.492247
1.554929
1.554929
1.573353
1.573353
1.564362
1.564362
1.568918
1.568918
1.559439
1.559439
1.503042
1.503042
1.558676
1.558676
1.561411
1.561411
1.558364
1.558364
1.563467
1.563467
1.577875
1.577875
1.658864
1.658864
1.564953
1.564953
1.561735
1.561735
1.571030
1.571030
1.563139
1.563139
1.558213
1.558213
1.464352
1.464352
1.571750
1.571750
1.564703
1.564703
1.557585
1.557585
1.560953
1.560953
1.564380
1.564380
1.491126
1.491126
1.569625
1.569625
1.556925
1.556925
1.570851
1.570851
1.564404
1.564404
1.558090
1.558090
1.699764
1.699764
1.555224
1.555224
1.568284
1.568284
1.565007
1.565007
1.566775
1.566775
1.566028
1.566028
1.676861
1.676861
1.557835
1.557835
1.557943
1.557943
1.568733
1.568733
1.568366
1.568366
1.569335
1.569335
1.655493
1.655493
1.563853
1.563853
1.579800
1.579800
1.555906
1.555906
1.564374
1.564374
1.558463
1.558463
1.688118
1.688118
1.555331
1.555331
1.571038
1.571038
1.566167
1.566167
1.565916
1.565916
1.562567
1.562567
1.914891
1.914891
1.573490
1.573490
1.558584
1.558584
1.566530
1.566530
1.568461
1.568461
1.553162
1.553162
1.838866
1.838866
1.568076
1.568076
1.564283
1.564283
1.565915
1.565915
1.559183
1.559183
1.562176
1.562176
1.479041
1.479041
1.558132
1.558132
1.573875
1.573875
1.559774
1.559774
1.569563
1.569563
1.555122
1.555122
1.716062
1.716062
1.555694
1.555694
1.571190
1.571190
1.564061
1.564061
1.559032
1.559032
1.565131
1.565131
1.612217
1.612217
1.563917
1.563917
1.566036
1.566036
1.562859
1.562859
1.569098
1.569098
1.551260
1.551260
1.461350
1.461350
1.565636
1.565636
1.560661
1.560661
1.562696
1.562696
1.553713
1.553713
1.569059
1.569059
1.605967
1.605967
1.566281
1.566281
1.557846
1.557846
1.564780
1.564780
1.555532
1.555532
1.565994
1.565994
1.895347
1.895347
1.558275
1.558275
1.551014
1.551014
1.568220
1.568220
1.564366
1.564366
1.568965
1.568965
1.509508
1.509508
1.562652
1.562652
1.556420
1.556420
1.560221
1.560221
1.565727
1.565727
1.564881
1.564881
1.478080
1.478080
1.557708
1.557708
1.564831
1.564831
1.555095
1.555095
1.566468
1.566468
1.563963
1.563963
1.679821
1.679821
1.567301
1.567301
1.570089
1.570089
1.561714
1.561714
1.554524
1.554524
1.555025
1.555025
1.707797
1.707797
1.568586
1.568586
1.563120
1.563120
1.556996
1.556996
1.557623
1.557623
1.563634
1.563634
1.488591
1.488591
1.551099
1.551099
1.570495
1.570495
1.560114
1.560114
1.563811
1.563811
1.565074
1.565074
1.480063
1.480063
1.557074
1.557074
1.556436
1.556436
1.569814
1.569814
1.564817
1.564817
1.562605
1.562605
1.469386
1.469386
1.564080
1.564080
1.567625
1.567625
1.564885
1.564885
1.547230
1.547230
1.567971
1.567971
1.562276
1.562276
1.566992
1.566992
1.560501
1.560501
1.554794
1.554794
1.562894
1.562894
1.567546
1.567546
1.468309
1.468309
1.566362
1.566362
1.561939
1.561939
1.550473
1.550473
1.575566
1.575566
1.558680
1.558680
1.594166
1.594166
1.566532
1.566532
1.564102
1.564102
1.560224
1.560224
1.558639
1.558639
1.563197
1.563197
1.716961
1.716961
1.563923
1.563923
1.557746
1.557746
1.566677
1.566677
1.558299
1.558299
1.566256
1.566256
1.489505
1.489505
1.573478
1.573478
1.569339
1.569339
1.546819
1.546819
1.551579
1.551579
1.569650
1.569650
1.780123
1.780123
1.561080
1.561080
1.555731
1.555731
1.563289
1.563289
1.567527
1.567527
1.563079
1.563079
1.767632
1.767632
1.561177
1.561177
1.554694
1.554694
1.561303
1.561303
1.571924
1.571924
1.561292
1.561292
1.488245
1.488245
1.555392
1.555392
1.568396
1.568396
1.557800
1.557800
1.559947
1.559947
1.568111
1.568111
1.465620
1.465620
1.568608
1.568608
1.562520
1.562520
1.564623
1.564623
1.555925
1.555925
1.556599
1.556599
1.811386
1.811386
1.569537
1.569537
1.560855
1.560855
1.563261
1.563261
1.562630
1.562630
1.553075
1.553075
1.482225
1.482225
1.550581
1.550581
1.568009
1.568009
1.564704
1.564704
1.563886
1.563886
1.561249
1.561249
1.467807
1.467807
1.554901
1.554901
1.561285
1.561285
1.561479
1.561479
1.558587
1.558587
1.572124
1.572124
1.673551
1.673551
1.563669
1.563669
1.561063
1.561063
1.561501
1.561501
1.554269
1.554269
1.568193
1.568193
1.513911
1.513911
1.558998
1.558998
1.560170
1.560170
1.551947
1.551947
1.564273
1.564273
1.571740
1.571740
1.534921
1.534921
1.547595
1.547595
1.556105
1.556105
1.560309
1.560309
1.569453
1.569453
1.572874
1.572874
1.511264
1.511264
1.561693
1.561693
1.553152
1.553152
1.561163
1.561163
1.571745
1.571745
1.557236
1.557236
1.520308
1.520308
1.561090
1.561090
1.565374
1.565374
1.559213
1.559213
1.562473
1.562473
1.555306
1.555306
1.705494
1.705494
1.569362
1.569362
1.544377
1.544377
1.564443
1.564443
1.560443
1.560443
1.565037
1.565037
1.696593
1.696593
1.561705
1.561705
1.554720
1.554720
1.560838
1.560838
1.571468
1.571468
1.556934
1.556934
1.462636
1.462636
1.557896
1.557896
1.559197
1.559197
1.561302
1.561302
1.561627
1.561627
1.566265
1.566265
1.472789
1.472789
1.557641
1.557641
1.564891
1.564891
1.557077
1.557077
1.563135
1.563135
1.565062
1.565062
1.526188
1.526188
1.559454
1.559454
1.560803
1.560803
1.554320
1.554320
1.566712
1.566712
1.567449
1.567449
1.479129
1.479129
1.576092
1.576092
1.560685
1.560685
1.558098
1.558098
1.558958
1.558958
1.554292
1.554292
1.708432
1.708432
1.570053
1.570053
1.562398
1.562398
1.550112
1.550112
1.568734
1.568734
1.558776
1.558776
1.465202
1.465202
1.564713
1.564713
1.563002
1.563002
1.569589
1.569589
1.554242
1.554242
1.559972
1.559972
1.470760
1.470760
1.556509
1.556509
1.564356
1.564356
1.559791
1.559791
1.565947
1.565947
1.566183
1.566183
1.485195
1.485195
1.564245
1.564245
1.558513
1.558513
1.564871
1.564871
1.565593
1.565593
1.558496
1.558496
1.872903
1.872903
1.559679
1.559679
1.552107
1.552107
1.567336
1.567336
1.558423
1.558423
1.574154
1.574154
1.488989
1.488989
1.562457
1.562457
1.567098
1.567098
1.561019
1.561019
1.558607
1.558607
1.559097
1.559097
1.786028
1.786028
1.560768
1.560768
1.557558
1.557558
1.565747
1.565747
1.561544
1.561544
1.561825
1.561825
1.479824
1.479824
1.557086
1.557086
1.556257
1.556257
1.567187
1.567187
1.565487
1.565487
1.559874
1.559874
1.494723
1.494723
1.560247
1.560247
1.562495
1.562495
1.560441
1.560441
1.564574
1.564574
1.557631
1.557631
1.509244
1.509244
1.549145
1.549145
1.559581
1.559581
1.574931
1.574931
1.557375
1.557375
1.564194
1.564194
1.481053
1.481053
1.561272
1.561272
1.564543
1.564543
1.564943
1.564943
1.549357
1.549357
1.564921
1.564921
1.545270
1.545270
1.561320
1.561320
1.557700
1.557700
1.559325
1.559325
1.558462
1.558462
1.567881
1.567881
1.464247
1.464247
1.550244
1.550244
1.560070
1.560070
1.559590
1.559590
1.556162
1.556162
1.576206
1.576206
1.490369
1.490369
1.561273
1.561273
1.561296
1.561296
1.572592
1.572592
1.554574
1.554574
1.551947
1.551947
1.650794
1.650794
1.555972
1.555972
1.569822
1.569822
1.560682
1.560682
1.561980
1.561980
1.553649
1.553649
1.488405
1.488405
1.572242
1.572242
1.555962
1.555962
1.565244
1.565244
1.547862
1.547862
1.560716
1.560716
1.486100
1.486100
1.562982
1.562982
1.555640
1.555640
1.552980
1.552980
1.567030
1.567030
1.563704
1.563704
1.491855
1.491855
1.557626
1.557626
1.561838
1.561838
1.552225
1.552225
1.565119
1.565119
1.564690
1.564690
1.734626
1.734626
1.560191
1.560191
1.556745
1.556745
1.560887
1.560887
1.563549
1.563549
1.560383
1.560383
1.471388
1.471388
1.561248
1.561248
1.560866
1.560866
1.558317
1.558317
1.557148
1.557148
1.563563
1.563563
1.485632
1.485632
1.554664
1.554664
1.555672
1.555672
1.566883
1.566883
1.557742
1.557742
1.565758
1.565758
1.683614
1.683614
1.558915
1.558915
1.558372
1.558372
1.561733
1.561733
1.563424
1.563424
1.557713
1.557713
1.683633
1.683633
1.545721
1.545721
1.554698
1.554698
1.550481
1.550481
1.576182
1.576182
1.573156
1.573156
1.468520
1.468520
1.559739
1.559739
1.558741
1.558741
1.562199
1.562199
1.559188
1.559188
1.560924
1.560924
1.492653
1.492653
1.560148
1.560148
1.561472
1.561472
1.553491
1.553491
1.561274
1.561274
1.565222
1.565222
1.471289
1.471289
1.566803
1.566803
1.566840
1.566840
1.548240
1.548240
1.571111
1.571111
1.549591
1.549591
1.463973
1.463973
1.563366
1.563366
1.565618
1.565618
1.557888
1.557888
1.555655
1.555655
1.561354
1.561354
1.473064
1.473064
1.557869
1.557869
1.558059
1.558059
1.564655
1.564655
1.568856
1.568856
1.555928
1.555928
1.463978
1.463978
1.567581
1.567581
1.558656
1.558656
1.554705
1.554705
1.560584
1.560584
1.564596
1.564596
1.639198
1.639198
1.563161
1.563161
1.558271
1.558271
1.554069
1.554069
1.563683
1.563683
1.567436
1.567436
1.466142
1.466142
1.555791
1.555791
1.563183
1.563183
1.556859
1.556859
1.569108
1.569108
1.561785
1.561785
1.493974
1.493974
1.547894
1.547894
1.564652
1.564652
1.567100
1.567100
1.564569
1.564569
1.562642
1.562642
1.464245
1.464245
1.563518
1.563518
1.566313
1.566313
1.546309
1.546309
1.575331
1.575331
1.555672
1.555672
1.513777
1.513777
1.558195
1.558195
1.551547
1.551547
1.565138
1.565138
1.572690
1.572690
1.558936
1.558936
1.746431
1.746431
1.558211
1.558211
1.561329
1.561329
1.561368
1.561368
1.566625
1.566625
1.559598
1.559598
1.480871
1.480871
1.565179
1.565179
1.559541
1.559541
1.557773
1.557773
1.550238
1.550238
1.573180
1.573180
1.710855
1.710855
1.557226
1.557226
1.563312
1.563312
1.560999
1.560999
1.565186
1.565186
1.558451
1.558451
1.469667
1.469667
1.561268
1.561268
1.557499
1.557499
1.564607
1.564607
1.565096
1.565096
1.556350
1.556350
1.554762
1.554762
1.571654
1.571654
1.557900
1.557900
1.564132
1.564132
1.555861
1.555861
1.555022
1.555022
1.565703
1.565703
1.568666
1.568666
1.560247
1.560247
1.554398
1.554398
1.551878
1.551878
1.567892
1.567892
1.694309
1.694309
1.553514
1.553514
1.550434
1.550434
1.564475
1.564475
1.564862
1.564862
1.567328
1.567328
1.665156
1.665156
1.571531
1.571531
1.558389
1.558389
1.563136
1.563136
1.557717
1.557717
1.547337
1.547337
1.557519
1.557519
1.557319
1.557319
1.553179
1.553179
1.560556
1.560556
1.565013
1.565013
1.559878
1.559878
1.526132
1.526132
1.558705
1.558705
1.553198
1.553198
1.560664
1.560664
1.568135
1.568135
1.553895
1.553895
1.486134
1.486134
1.554798
1.554798
1.558556
1.558556
1.571909
1.571909
1.554646
1.554646
1.553711
1.553711
1.638150
1.638150
1.560939
1.560939
1.560210
1.560210
1.568075
1.568075
1.552472
1.552472
1.550522
1.550522
1.682091
1.682091
1.556429
1.556429
1.553074
1.553074
1.554705
1.554705
1.561387
1.561387
1.565042
1.565042
1.519486
1.519486
1.559739
1.559739
1.552924
1.552924
1.568618
1.568618
1.555586
1.555586
1.552254
1.552254
1.506887
1.506887
1.562803
1.562803
1.564267
1.564267
1.544482
1.544482
1.565380
1.565380
1.550301
1.550301
1.682963
1.682963
1.564936
1.564936
1.555260
1.555260
1.547886
1.547886
1.563078
1.563078
1.556104
1.556104
1.635528
1.635528
1.551089
1.551089
1.559290
1.559290
1.556613
1.556613
1.563137
1.563137
1.555996
1.555996
1.663520
1.663520
1.551056
1.551056
1.563942
1.563942
1.555245
1.555245
1.553493
1.553493
1.561070
1.561070
1.461533
1.461533
1.558747
1.558747
1.554718
1.554718
1.566102
1.566102
1.553652
1.553652
1.550710
1.550710
1.569674
1.569674
1.550122
1.550122
1.564331
1.564331
1.551917
1.551917
1.562458
1.562458
1.555415
1.555415
1.571560
1.571560
1.552561
1.552561
1.552305
1.552305
1.562700
1.562700
1.558443
1.558443
1.557889
1.557889
1.466205
1.466205
1.557557
1.557557
1.547998
1.547998
1.558865
1.558865
1.556627
1.556627
1.561134
1.561134
1.816238
1.816238
1.566840
1.566840
1.551128
1.551128
1.552074
1.552074
1.557079
1.557079
1.555421
1.555421
1.602276
1.602276
1.555876
1.555876
1.554187
1.554187
1.560233
1.560233
1.556532
1.556532
1.554061
1.554061
1.468350
1.468350
1.557147
1.557147
1.549881
1.549881
1.561029
1.561029
1.564074
1.564074
1.547627
1.547627
1.713284
1.713284
1.561849
1.561849
1.552181
1.552181
1.544906
1.544906
1.560223
1.560223
1.562357
1.562357
1.521678
1.521678
1.555757
1.555757
1.564767
1.564767
1.546940
1.546940
1.559952
1.559952
1.554917
1.554917
1.471536
1.471536
1.560969
1.560969
1.559907
1.559907
1.557411
1.557411
1.548006
1.548006
1.555905
1.555905
1.473505
1.473505
1.557577
1.557577
1.555895
1.555895
1.556456
1.556456
1.553920
1.553920
1.559263
1.559263
1.478051
1.478051
1.556333
1.556333
1.565592
1.565592
1.552722
1.552722
1.557860
1.557860
1.551545
1.551545
1.566063
1.566063
1.562453
1.562453
1.549401
1.549401
1.560131
1.560131
1.553260
1.553260
1.557855
1.557855
1.710873
1.710873
1.558719
1.558719
1.548060
1.548060
1.563030
1.563030
1.558450
1.558450
1.555252
1.555252
1.496211
1.496211
1.557682
1.557682
1.560804
1.560804
1.564085
1.564085
1.548488
1.548488
1.552051
1.552051
1.717131
1.717131
1.557904
1.557904
1.557333
1.557333
1.559776
1.559776
1.549909
1.549909
1.559728
1.559728
1.519863
1.519863
1.554178
1.554178
1.562048
1.562048
1.551636
1.551636
1.563406
1.563406
1.553922
1.553922
1.496553
1.496553
1.558619
1.558619
1.555485
1.555485
1.557961
1.557961
1.560565
1.560565
1.552504
1.552504
1.512138
1.512138
1.551178
1.551178
1.555614
1.555614
1.559156
1.559156
1.569506
1.569506
1.549441
1.549441
1.462895
1.462895
1.564414
1.564414
1.553001
1.553001
1.545154
1.545154
1.560863
1.560863
1.561050
1.561050
1.487631
1.487631
1.568550
1.568550
1.563150
1.563150
1.549389
1.549389
1.545547
1.545547
1.556680
1.556680
1.707779
1.707779
1.557674
1.557674
1.553060
1.553060
1.543785
1.543785
1.569821
1.569821
1.560729
1.560729
1.501735
1.501735
1.549478
1.549478
1.557887
1.557887
1.560057
1.560057
1.554683
1.554683
1.564019
1.564019
1.465502
1.465502
1.558146
1.558146
1.560690
1.560690
1.563307
1.563307
1.545740
1.545740
1.558577
1.558577
1.631420
1.631420
1.550269
1.550269
1.568967
1.568967
1.555804
1.555804
1.554774
1.554774
1.555885
1.555885
1.581410
1.581410
1.562261
1.562261
1.545429
1.545429
1.561198
1.561198
1.546698
1.546698
1.567086
1.567086
1.740825
1.740825
1.568532
1.568532
1.559931
1.559931
1.561239
1.561239
1.545645
1.545645
1.546495
1.546495
1.544908
1.544908
1.553518
1.553518
1.566563
1.566563
1.554441
1.554441
1.555445
1.555445
1.549995
1.549995
1.488177
1.488177
1.562445
1.562445
1.554204
1.554204
1.549618
1.549618
1.550409
1.550409
1.560854
1.560854
1.580608
1.580608
1.548437
1.548437
1.551670
1.551670
1.560526
1.560526
1.559175
1.559175
1.557318
1.557318
1.462124
1.462124
1.549469
1.549469
1.557774
1.557774
1.553463
1.553463
1.556071
1.556071
1.559029
1.559029
1.700146
1.700146
1.553530
1.553530
1.555191
1.555191
1.560580
1.560580
1.554617
1.554617
1.552047
1.552047
1.475765
1.475765
1.547329
1.547329
1.547939
1.547939
1.562070
1.562070
1.563523
1.563523
1.554289
1.554289
1.491280
1.491280
1.566303
1.566303
1.547035
1.547035
1.560108
1.560108
1.553565
1.553565
1.547541
1.547541
1.697682
1.697682
1.559187
1.559187
1.546120
1.546120
1.560594
1.560594
1.552136
1.552136
1.557423
1.557423
1.488363
1.488363
1.557227
1.557227
1.555267
1.555267
1.548473
1.548473
1.560065
1.560065
1.554849
1.554849
1.472752
1.472752
1.560075
1.560075
1.560506
1.560506
1.550020
1.550020
1.551964
1.551964
1.554164
1.554164
1.477881
1.477881
1.547342
1.547342
1.558604
1.558604
1.562786
1.562786
1.557753
1.557753
1.550842
1.550842
1.495772
1.495772
1.562320
1.562320
1.557037
1.557037
1.557497
1.557497
1.554813
1.554813
1.546856
1.546856
1.477185
1.477185
1.561021
1.561021
1.556699
1.556699
1.543359
1.543359
1.563261
1.563261
1.554753
1.554753
1.609555
1.609555
1.561478
1.561478
1.553669
1.553669
1.556623
1.556623
1.551050
1.551050
1.555266
1.555266
1.696453
1.696453
1.551773
1.551773
1.560315
1.560315
1.549379
1.549379
1.564250
1.564250
1.550728
1.550728
1.494134
1.494134
1.552893
1.552893
1.553542
1.553542
1.552079
1.552079
1.560192
1.560192
1.555361
1.555361
1.513744
1.513744
1.554159
1.554159
1.545617
1.545617
1.562602
1.562602
1.554331
1.554331
1.555740
1.555740
1.748991
1.748991
1.535509
1.535509
1.566657
1.566657
1.561638
1.561638
1.559933
1.559933
1.549046
1.549046
1.599502
1.599502
1.553943
1.553943
1.543557
1.543557
1.556471
1.556471
1.559948
1.559948
1.558639
1.558639
1.481850
1.481850
1.550566
1.550566
1.562230
1.562230
1.549790
1.549790
1.550537
1.550537
1.559076
1.559076
1.462047
1.462047
1.560430
1.560430
1.553268
1.553268
1.543832
1.543832
1.568433
1.568433
1.546728
1.546728
1.494135
1.494135
1.543177
1.543177
1.561496
1.561496
1.553016
1.553016
1.561622
1.561622
1.554312
1.554312
1.530127
1.530127
1.557081
1.557081
1.563020
1.563020
1.550563
1.550563
1.551613
1.551613
1.550727
1.550727
1.485563
1.485563
1.556408
1.556408
1.552463
1.552463
1.545669
1.545669
1.563051
1.563051
1.554167
1.554167
1.504078
1.504078
1.549265
1.549265
1.555968
1.555968
1.552883
1.552883
1.549847
1.549847
1.563928
1.563928
1.554316
1.554316
1.544647
1.544647
1.545932
1.545932
1.549460
1.549460
1.568821
1.568821
1.563236
1.563236
1.464514
1.464514
1.562520
1.562520
1.554153
1.554153
1.562165
1.562165
1.549280
1.549280
1.544069
1.544069
1.476317
1.476317
1.558080
1.558080
1.544020
1.544020
1.563140
1.563140
1.549713
1.549713
1.557066
1.557066
1.777757
1.777757
1.548392
1.548392
1.548092
1.548092
1.551351
1.551351
1.548352
1.548352
1.576105
1.576105
1.495004
1.495004
1.546542
1.546542
1.559746
1.559746
1.555409
1.555409
1.553115
1.553115
1.555913
1.555913
1.471304
1.471304
1.548984
1.548984
1.564629
1.564629
1.554590
1.554590
1.551823
1.551823
1.549874
1.549874
1.579192
1.579192
1.552292
1.552292
1.548032
1.548032
1.553086
1.553086
1.563032
1.563032
1.552770
1.552770
1.698874
1.698874
1.554763
1.554763
1.560876
1.560876
1.555929
1.555929
1.547685
1.547685
1.549783
1.549783
1.494765
1.494765
1.557612
1.557612
1.554418
1.554418
1.554893
1.554893
1.549183
1.549183
1.552621
1.552621
1.490920
1.490920
1.543768
1.543768
1.555601
1.555601
1.553665
1.553665
1.557078
1.557078
1.558359
1.558359
1.483026
1.483026
1.561310
1.561310
1.559897
1.559897
1.549507
1.549507
1.548740
1.548740
1.549679
1.549679
1.525748
1.525748
1.558504
1.558504
1.550922
1.550922
1.549139
1.549139
1.552237
1.552237
1.559199
1.559199
1.483849
1.483849
1.552899
1.552899
1.564408
1.564408
1.550966
1.550966
1.549635
1.549635
1.552664
1.552664
1.494572
1.494572
1.552242
1.552242
1.566320
1.566320
1.552456
1.552456
1.543588
1.543588
1.556000
1.556000
1.520507
1.520507
1.546570
1.546570
1.556593
1.556593
1.556183
1.556183
1.549926
1.549926
1.560102
1.560102
1.682610
1.682610
1.559589
1.559589
1.551783
1.551783
1.556452
1.556452
1.549131
1.549131
1.553271
1.553271
1.523328
1.523328
1.561969
1.561969
1.555124
1.555124
1.551145
1.551145
1.553231
1.553231
1.548705
1.548705
1.505392
1.505392
1.554093
1.554093
1.553314
1.553314
1.557697
1.557697
1.552489
1.552489
1.552607
1.552607
1.462094
1.462094
1.552842
1.552842
1.549725
1.549725
1.553872
1.553872
1.551538
1.551538
1.562514
1.562514
1.514011
1.514011
1.555833
1.555833
1.551244
1.551244
1.552665
1.552665
1.560045
1.560045
1.549779
1.549779
1.940892
1.940892
1.548502
1.548502
1.552838
1.552838
1.551301
1.551301
1.567372
1.567372
1.552029
1.552029
1.469675
1.469675
1.555292
1.555292
1.563741
1.563741
1.548469
1.548469
1.547955
1.547955
1.557360
1.557360
1.480622
1.480622
1.558324
1.558324
1.549910
1.549910
1.548539
1.548539
1.562045
1.562045
1.554996
1.554996
1.465276
1.465276
1.552311
1.552311
1.549629
1.549629
1.556751
1.556751
1.555096
1.555096
1.560846
1.560846
1.538857
1.538857
1.560255
1.560255
1.552987
1.552987
1.543435
1.543435
1.565622
1.565622
1.553179
1.553179
1.581359
1.581359
1.546278
1.546278
1.547378
1.547378
1.554284
1.554284
1.564190
1.564190
1.562478
1.562478
1.586598
1.586598
1.561659
1.561659
1.557877
1.557877
1.549842
1.549842
1.552364
1.552364
1.550351
1.550351
1.463381
1.463381
1.562602
1.562602
1.551615
1.551615
1.552886
1.552886
1.544754
1.544754
1.558500
1.558500
1.476879
1.476879
1.555189
1.555189
1.550801
1.550801
1.562091
1.562091
1.548348
1.548348
1.554123
1.554123
1.471416
1.471416
1.564977
1.564977
1.551780
1.551780
1.563165
1.563165
1.547799
1.547799
1.543808
1.543808
1.466050
1.466050
1.559745
1.559745
1.547782
1.547782
1.561723
1.561723
1.547677
1.547677
1.555830
1.555830
1.474197
1.474197
1.546525
1.546525
1.551604
1.551604
1.562677
1.562677
1.550586
1.550586
1.562725
1.562725
1.470875
1.470875
1.560108
1.560108
1.563545
1.563545
1.548417
1.548417
1.555106
1.555106
1.547811
1.547811
1.576936
1.576936
1.556370
1.556370
1.562365
1.562365
1.552358
1.552358
1.551381
1.551381
1.552592
1.552592
1.580869
1.580869
1.557731
1.557731
1.562998
1.562998
1.564703
1.564703
1.542497
1.542497
1.546136
1.546136
1.507134
1.507134
1.554100
1.554100
1.551924
1.551924
1.548054
1.548054
1.557548
1.557548
1.560233
1.560233
1.650185
1.650185
1.537314
1.537314
1.550843
1.550843
1.548240
1.548240
1.561620
1.561620
1.572588
1.572588
1.493565
1.493565
1.553632
1.553632
1.551828
1.551828
1.554898
1.554898
1.558694
1.558694
1.550497
1.550497
1.477044
1.477044
1.546982
1.546982
1.559287
1.559287
1.561377
1.561377
1.542313
1.542313
1.558205
1.558205
1.474736
1.474736
1.568550
1.568550
1.558472
1.558472
1.550905
1.550905
1.542247
1.542247
1.548077
1.548077
1.547527
1.547527
1.548143
1.548143
1.560777
1.560777
1.545580
1.545580
1.562600
1.562600
1.551612
1.551612
1.464367
1.464367
1.547408
1.547408
1.536617
1.536617
1.562540
1.562540
1.556597
1.556597
1.564559
1.564559
1.791720
1.791720
1.552241
1.552241
1.555496
1.555496
1.553036
1.553036
1.549931
1.549931
1.558113
1.558113
1.480633
1.480633
1.551684
1.551684
1.550521
1.550521
1.554570
1.554570
1.560013
1.560013
1.551078
1.551078
1.627488
1.627488
1.546946
1.546946
1.548229
1.548229
1.561471
1.561471
1.548226
1.548226
1.562713
1.562713
1.494580
1.494580
1.550881
1.550881
1.547036
1.547036
1.545746
1.545746
1.559520
1.559520
1.563587
1.563587
1.486968
1.486968
1.550088
1.550088
1.554154
1.554154
1.558744
1.558744
1.549443
1.549443
1.554364
1.554364
1.499085
1.499085
1.547201
1.547201
1.558783
1.558783
1.549304
1.549304
1.562869
1.562869
1.548374
1.548374
1.485598
1.485598
1.555893
1.555893
1.549002
1.549002
1.561142
1.561142
1.547742
1.547742
1.552481
1.552481
1.461319
1.461319
1.558275
1.558275
1.552769
1.552769
1.553897
1.553897
1.545523
1.545523
1.555694
1.555694
1.683199
1.683199
1.556886
1.556886
1.546829
1.546829
1.555877
1.555877
1.552000
1.552000
1.554936
1.554936
1.499647
1.499647
1.559459
1.559459
1.551506
1.551506
1.553574
1.553574
1.547523
1.547523
1.554463
1.554463
1.483009
1.483009
1.551926
1.551926
1.558628
1.558628
1.549869
1.549869
1.543813
1.543813
1.562584
1.562584
1.462317
1.462317
1.558473
1.558473
1.537479
1.537479
1.553647
1.553647
1.558192
1.558192
1.559416
1.559416
1.582796
1.582796
1.543144
1.543144
1.554811
1.554811
1.562035
1.562035
1.544777
1.544777
1.561241
1.561241
1.674960
1.674960
1.552065
1.552065
1.544716
1.544716
1.550409
1.550409
1.568807
1.568807
1.549120
1.549120
1.694090
1.694090
1.548338
1.548338
1.545147
1.545147
1.561770
1.561770
1.554771
1.554771
1.554964
1.554964
1.711307
1.711307
1.556638
1.556638
1.550672
1.550672
1.544518
1.544518
1.562902
1.562902
1.550656
1.550656
1.465966
1.465966
1.546828
1.546828
1.555640
1.555640
1.555019
1.555019
1.560606
1.560606
1.546767
1.546767
1.481964
1.481964
1.545451
1.545451
1.557548
1.557548
1.561171
1.561171
1.557864
1.557864
1.543065
1.543065
1.502699
1.502699
1.548138
1.548138
1.548983
1.548983
1.558166
1.558166
1.556935
1.556935
1.552386
1.552386
1.652007
1.652007
1.561779
1.561779
1.553396
1.553396
1.544471
1.544471
1.558343
1.558343
1.546952
1.546952
1.474359
1.474359
1.556118
1.556118
1.551951
1.551951
1.544620
1.544620
1.554409
1.554409
1.558153
1.558153
1.461605
1.461605
1.557591
1.557591
1.552647
1.552647
1.557748
1.557748
1.556895
1.556895
1.540956
1.540956
1.487745
1.487745
1.556637
1.556637
1.547999
1.547999
1.555124
1.555124
1.557981
1.557981
1.547896
1.547896
1.575775
1.575775
1.549910
1.549910
1.547649
1.547649
1.556225
1.556225
1.557472
1.557472
1.553239
1.553239
1.855188
1.855188
1.544528
1.544528
1.550242
1.550242
1.552914
1.552914
1.559521
1.559521
1.557673
1.557673
1.494165
1.494165
1.546998
1.546998
1.551353
1.551353
1.554833
1.554833
1.562719
1.562719
1.546062
1.546062
1.789776
1.789776
1.558573
1.558573
1.561931
1.561931
1.543871
1.543871
1.549834
1.549834
1.547879
1.547879
1.474017
1.474017
1.544405
1.544405
1.559054
1.559054
1.554034
1.554034
1.550756
1.550756
1.552042
1.552042
1.704296
1.704296
1.569183
1.569183
1.548940
1.548940
1.545391
1.545391
1.554173
1.554173
1.542375
1.542375
1.589655
1.589655
1.547265
1.547265
1.556290
1.556290
1.546787
1.546787
1.549246
1.549246
1.558485
1.558485
1.712116
1.712116
1.547330
1.547330
1.545679
1.545679
1.554494
1.554494
1.557380
1.557380
1.553325
1.553325
1.466394
1.466394
1.559374
1.559374
1.545701
1.545701
1.548371
1.548371
1.549003
1.549003
1.556170
1.556170
1.465258
1.465258
1.554700
1.554700
1.553991
1.553991
1.557473
1.557473
1.543589
1.543589
1.548638
1.548638
1.788362
1.788362
1.538522
1.538522
1.551309
1.551309
1.548091
1.548091
1.556655
1.556655
1.563227
1.563227
1.694972
1.694972
1.558162
1.558162
1.552280
1.552280
1.554813
1.554813
1.548126
1.548126
1.542620
1.542620
1.625771
1.625771
1.551715
1.551715
1.540875
1.540875
1.541871
1.541871
1.558941
1.558941
1.558214
1.558214
1.707841
1.707841
1.549083
1.549083
1.546882
1.546882
1.552353
1.552353
1.543591
1.543591
1.557779
1.557779
1.605319
1.605319
1.564775
1.564775
1.548102
1.548102
1.538722
1.538722
1.550874
1.550874
1.545067
1.545067
1.675874
1.675874
1.549745
1.549745
1.561047
1.561047
1.553021
1.553021
1.541547
1.541547
1.540471
1.540471
1.586167
1.586167
1.545074
1.545074
1.548670
1.548670
1.552539
1.552539
1.549500
1.549500
1.548478
1.548478
1.595545
1.595545
1.546207
1.546207
1.553648
1.553648
1.544476
1.544476
1.562055
1.562055
1.536629
1.536629
1.464065
1.464065
1.540042
1.540042
1.544427
1.544427
1.563378
1.563378
1.551332
1.551332
1.543149
1.543149
1.466710
1.466710
1.546075
1.546075
1.548381
1.548381
1.551208
1.551208
1.543971
1.543971
1.553732
1.553732
1.463058
1.463058
1.545661
1.545661
1.543510
1.543510
1.552602
1.552602
1.557102
1.557102
1.546034
1.546034
1.561980
1.561980
1.553836
1.553836
1.546678
1.546678
1.563032
1.563032
1.536560
1.536560
1.546735
1.546735
1.465968
1.465968
1.549814
1.549814
1.540953
1.540953
1.550078
1.550078
1.553956
1.553956
1.553472
1.553472
1.464554
1.464554
1.546758
1.546758
1.562141
1.562141
1.541390
1.541390
1.553039
1.553039
1.546515
1.546515
1.570199
1.570199
1.535433
1.535433
1.546694
1.546694
1.562065
1.562065
1.558276
1.558276
1.548845
1.548845
1.514720
1.514720
1.547380
1.547380
1.556908
1.556908
1.551321
1.551321
1.554595
1.554595
1.541755
1.541755
1.474660
1.474660
1.552850
1.552850
1.547079
1.547079
1.553953
1.553953
1.551280
1.551280
1.547680
1.547680
1.463895
1.463895
1.543421
1.543421
1.552281
1.552281
1.551123
1.551123
1.546356
1.546356
1.560583
1.560583
1.467969
1.467969
1.545923
1.545923
1.556239
1.556239
1.559962
1.559962
1.542908
1.542908
1.548580
1.548580
1.478390
1.478390
1.549177
1.549177
1.549140
1.549140
1.542860
1.542860
1.559826
1.559826
1.554101
1.554101
1.467687
1.467687
1.551976
1.551976
1.550975
1.550975
1.551370
1.551370
1.544947
1.544947
1.557233
1.557233
1.523494
1.523494
1.557143
1.557143
1.554391
1.554391
1.543436
1.543436
1.544608
1.544608
1.558201
1.558201
1.507227
1.507227
1.553174
1.553174
1.551469
1.551469
1.549255
1.549255
1.555789
1.555789
1.548252
1.548252
1.501683
1.501683
1.554374
1.554374
1.556774
1.556774
1.548125
1.548125
1.542282
1.542282
1.554808
1.554808
1.889233
1.889233
1.560073
1.560073
1.552961
1.552961
1.547940
1.547940
1.544151
1.544151
1.552684
1.552684
1.531663
1.531663
1.546392
1.546392
1.549328
1.549328
1.557525
1.557525
1.568521
1.568521
1.534560
1.534560
1.828450
1.828450
1.554814
1.554814
1.555637
1.555637
1.552168
1.552168
1.545227
1.545227
1.548600
1.548600
1.463496
1.463496
1.547443
1.547443
1.556653
1.556653
1.550109
1.550109
1.543866
1.543866
1.557388
1.557388
1.469334
1.469334
1.554637
1.554637
1.550537
1.550537
1.545656
1.545656
1.549211
1.549211
1.555892
1.555892
1.465648
1.465648
1.545624
1.545624
1.559152
1.559152
1.551802
1.551802
1.549660
1.549660
1.549720
1.549720
1.723109
1.723109
1.546273
1.546273
1.562122
1.562122
1.549282
1.549282
1.554970
1.554970
1.543771
1.543771
1.695224
1.695224
1.555306
1.555306
1.553234
1.553234
1.554656
1.554656
1.547997
1.547997
1.546981
1.546981
1.498644
1.498644
1.555764
1.555764
1.552300
1.552300
1.552547
1.552547
1.553469
1.553469
1.545142
1.545142
1.464957
1.464957
1.557441
1.557441
1.551554
1.551554
1.552653
1.552653
1.540435
1.540435
1.557773
1.557773
1.503457
1.503457
1.543124
1.543124
1.562650
1.562650
1.552204
1.552204
1.553668
1.553668
1.547409
1.547409
1.692749
1.692749
1.549499
1.549499
1.546666
1.546666
1.548285
1.548285
1.568591
1.568591
1.546325
1.546325
1.822384
1.822384
1.539716
1.539716
1.554102
1.554102
1.547657
1.547657
1.563533
1.563533
1.554524
1.554524
1.606399
1.606399
1.547227
1.547227
1.554859
1.554859
1.559577
1.559577
1.548133
1.548133
1.547214
1.547214
1.463146
1.463146
1.543717
1.543717
1.553250
1.553250
1.553718
1.553718
1.542808
1.542808
1.561881
1.561881
1.476403
1.476403
1.560662
1.560662
1.552357
1.552357
1.542552
1.542552
1.541621
1.541621
1.557879
1.557879
1.568006
1.568006
1.544913
1.544913
1.548935
1.548935
1.563370
1.563370
1.558471
1.558471
1.539524
1.539524
1.573529
1.573529
1.554121
1.554121
1.556406
1.556406
1.554341
1.554341
1.547274
1.547274
1.543156
1.543156
1.471065
1.471065
1.540801
1.540801
1.555439
1.555439
1.553470
1.553470
1.554209
1.554209
1.551015
1.551015
1.563623
1.563623
1.554834
1.554834
1.545411
1.545411
1.545907
1.545907
1.554574
1.554574
1.554515
1.554515
1.490415
1.490415
1.544750
1.544750
1.547927
1.547927
1.558521
1.558521
1.556407
1.556407
1.547471
1.547471
1.508634
1.508634
1.557364
1.557364
1.559932
1.559932
1.551817
1.551817
1.545610
1.545610
1.540766
1.540766
1.483365
1.483365
1.548335
1.548335
1.549908
1.549908
1.547414
1.547414
1.557033
1.557033
1.553490
1.553490
1.468188
1.468188
1.555618
1.555618
1.555116
1.555116
1.546529
1.546529
1.550190
1.550190
1.549444
1.549444
1.541651
1.541651
1.555974
1.555974
1.551989
1.551989
1.545590
1.545590
1.556819
1.556819
1.546906
1.546906
1.476262
1.476262
1.550127
1.550127
1.552911
1.552911
1.550678
1.550678
1.550916
1.550916
1.551571
1.551571
1.615500
1.615500
1.553641
1.553641
1.549332
1.549332
1.550900
1.550900
1.544660
1.544660
1.556198
1.556198
1.950323
1.950323
1.544349
1.544349
1.561086
1.561086
1.559003
1.559003
1.551069
1.551069
1.539002
1.539002
1.604418
1.604418
1.547664
1.547664
1.554926
1.554926
1.548478
1.548478
1.554674
1.554674
1.546893
1.546893
1.461987
1.461987
1.541547
1.541547
1.553425
1.553425
1.544782
1.544782
1.554290
1.554290
1.555879
1.555879
1.869650
1.869650
1.546021
1.546021
1.543965
1.543965
1.550475
1.550475
1.553812
1.553812
1.556300
1.556300
1.498029
1.498029
1.555104
1.555104
1.545734
1.545734
1.548383
1.548383
1.549836
1.549836
1.550647
1.550647
1.464237
1.464237
1.544495
1.544495
1.543784
1.543784
1.547943
1.547943
1.549014
1.549014
1.562923
1.562923
1.879932
1.879932
1.550815
1.550815
1.552007
1.552007
1.543589
1.543589
1.545791
1.545791
1.555856
1.555856
1.471493
1.471493
1.551130
1.551130
1.546942
1.546942
1.547123
1.547123
1.546546
1.546546
1.553920
1.553920
1.518495
1.518495
1.539158
1.539158
1.558276
1.558276
1.549490
1.549490
1.540660
1.540660
1.556698
1.556698
1.665817
1.665817
1.533696
1.533696
1.553233
1.553233
1.565247
1.565247
1.546725
1.546725
1.545561
1.545561
1.473624
1.473624
1.546915
1.546915
1.546400
1.546400
1.545061
1.545061
1.558696
1.558696
1.546772
1.546772
1.639248
1.639248
1.540861
1.540861
1.555455
1.555455
1.551978
1.551978
1.550324
1.550324
1.546035
1.546035
1.496187
1.496187
1.538723
1.538723
1.551401
1.551401
1.550836
1.550836
1.556033
1.556033
1.546138
1.546138
1.506945
1.506945
1.536816
1.536816
1.555395
1.555395
1.551132
1.551132
1.554349
1.554349
1.543947
1.543947
1.731081
1.731081
1.548484
1.548484
1.546930
1.546930
1.546040
1.546040
1.549418
1.549418
1.552101
1.552101
1.471203
1.471203
1.547093
1.547093
1.540641
1.540641
1.552827
1.552827
1.555225
1.555225
1.547310
1.547310
1.712608
1.712608
1.545999
1.545999
1.545414
1.545414
1.556173
1.556173
1.555415
1.555415
1.541654
1.541654
1.710934
1.710934
1.547152
1.547152
1.552522
1.552522
1.551130
1.551130
1.548015
1.548015
1.548196
1.548196
1.467525
1.467525
1.547565
1.547565
1.547851
1.547851
1.557723
1.557723
1.538769
1.538769
1.556497
1.556497
1.468907
1.468907
1.543056
1.543056
1.556497
1.556497
1.547011
1.547011
1.556141
1.556141
1.547181
1.547181
1.519908
1.519908
1.554589
1.554589
1.545646
1.545646
1.543881
1.543881
1.556506
1.556506
1.550610
1.550610
1.469382
1.469382
1.559142
1.559142
1.546379
1.546379
1.552839
1.552839
1.553508
1.553508
1.540040
1.540040
1.561208
1.561208
1.540187
1.540187
1.551273
1.551273
1.554307
1.554307
1.553705
1.553705
1.553237
1.553237
1.496915
1.496915
1.545806
1.545806
1.550348
1.550348
1.546929
1.546929
1.551758
1.551758
1.556101
1.556101
1.935222
1.935222
1.548388
1.548388
1.556789
1.556789
1.550019
1.550019
1.536748
1.536748
1.560923
1.560923
1.537771
1.537771
1.544704
1.544704
1.553254
1.553254
1.545947
1.545947
1.553645
1.553645
1.555251
1.555251
1.584628
1.584628
1.542371
1.542371
1.559270
1.559270
1.559022
1.559022
1.539649
1.539649
1.552041
1.552041
1.464595
1.464595
1.549677
1.549677
1.557020
1.557020
1.552594
1.552594
1.551669
1.551669
1.540826
1.540826
1.461368
1.461368
1.544450
1.544450
1.547511
1.547511
1.565148
1.565148
1.552101
1.552101
1.543111
1.543111
1.471064
1.471064
1.548926
1.548926
1.546172
1.546172
1.559110
1.559110
1.551586
1.551586
1.546611
1.546611
1.474029
1.474029
1.548560
1.548560
1.557081
1.557081
1.555313
1.555313
1.543571
1.543571
1.546623
1.546623
1.605247
1.605247
1.545960
1.545960
1.561002
1.561002
1.544616
1.544616
1.541581
1.541581
1.557420
1.557420
1.520620
1.520620
1.549432
1.549432
1.543503
1.543503
1.552675
1.552675
1.549728
1.549728
1.553831
1.553831
1.618226
1.618226
1.537201
1.537201
1.555367
1.555367
1.551295
1.551295
1.550589
1.550589
1.554068
1.554068
1.518435
1.518435
1.542689
1.542689
1.551345
1.551345
1.547786
1.547786
1.546256
1.546256
1.559084
1.559084
1.581203
1.581203
1.552800
1.552800
1.542703
1.542703
1.549221
1.549221
1.545709
1.545709
1.555719
1.555719
1.464277
1.464277
1.567981
1.567981
1.541744
1.541744
1.548167
1.548167
1.542247
1.542247
1.544957
1.544957
1.554178
1.554178
1.551053
1.551053
1.558650
1.558650
1.553262
1.553262
1.539643
1.539643
1.541806
1.541806
1.488924
1.488924
1.538891
1.538891
1.547636
1.547636
1.550624
1.550624
1.555697
1.555697
1.550305
1.550305
1.558433
1.558433
1.551906
1.551906
1.562205
1.562205
1.542835
1.542835
1.550762
1.550762
1.535018
1.535018
1.496072
1.496072
1.544783
1.544783
1.547573
1.547573
1.550712
1.550712
1.561978
1.561978
1.536377
1.536377
1.680038
1.680038
1.551050
1.551050
1.559986
1.559986
1.534444
1.534444
1.545432
1.545432
1.549559
1.549559
1.604471
1.604471
1.555358
1.555358
1.541253
1.541253
1.553895
1.553895
1.538956
1.538956
1.549841
1.549841
1.467697
1.467697
1.547560
1.547560
1.557420
1.557420
1.541878
1.541878
1.545923
1.545923
1.545025
1.545025
1.712926
1.712926
1.554502
1.554502
1.550085
1.550085
1.542081
1.542081
1.543530
1.543530
1.549417
1.549417
1.466012
1.466012
1.537345
1.537345
1.552138
1.552138
1.549032
1.549032
1.547595
1.547595
1.554847
1.554847
1.520216
1.520216
1.542745
1.542745
1.545546
1.545546
1.542967
1.542967
1.554163
1.554163
1.556947
1.556947
1.466611
1.466611
1.545520
1.545520
1.546965
1.546965
1.548692
1.548692
1.547033
1.547033
1.555070
1.555070
1.515964
1.515964
1.551598
1.551598
1.550800
1.550800
1.546085
1.546085
1.546582
1.546582
1.548956
1.548956
1.481559
1.481559
1.556292
1.556292
1.545891
1.545891
1.557539
1.557539
1.537218
1.537218
1.546734
1.546734
1.462962
1.462962
1.544888
1.544888
1.552027
1.552027
1.548099
1.548099
1.543447
1.543447
1.554904
1.554904
1.501462
1.501462
1.548417
1.548417
1.542079
1.542079
1.556309
1.556309
1.548199
1.548199
1.548853
1.548853
1.463430
1.463430
1.543679
1.543679
1.548832
1.548832
1.546024
1.546024
1.556012
1.556012
1.550136
1.550136
1.475001
1.475001
1.552557
1.552557
1.536196
1.536196
1.537968
1.537968
1.556975
1.556975
1.561550
1.561550
1.482285
1.482285
1.565867
1.565867
1.542797
1.542797
1.550822
1.550822
1.544584
1.544584
1.541234
1.541234
1.546000
1.546000
1.550276
1.550276
1.552160
1.552160
1.555746
1.555746
1.550959
1.550959
1.536136
1.536136
1.480230
1.480230
1.548268
1.548268
1.545781
1.545781
1.552146
1.552146
1.549230
1.549230
1.549626
1.549626
1.514711
1.514711
1.540964
1.540964
1.551854
1.551854
1.548707
1.548707
1.552323
1.552323
1.551493
1.551493
1.488897
1.488897
1.548454
1.548454
1.549598
1.549598
1.549201
1.549201
1.551065
1.551065
1.547425
1.547425
1.462024
1.462024
1.546922
1.546922
1.550012
1.550012
1.537862
1.537862
1.564713
1.564713
1.547078
1.547078
1.461494
1.461494
1.556845
1.556845
1.540237
1.540237
1.543534
1.543534
1.550876
1.550876
1.556344
1.556344
1.519528
1.519528
1.546017
1.546017
1.547358
1.547358
1.556299
1.556299
1.549058
1.549058
1.550213
1.550213
1.467166
1.467166
1.548090
1.548090
1.545488
1.545488
1.551582
1.551582
1.545849
1.545849
1.558552
1.558552
1.488565
1.488565
1.552186
1.552186
1.558800
1.558800
1.548558
1.548558
1.532772
1.532772
1.558115
1.558115
1.461859
1.461859
1.547694
1.547694
1.558995
1.558995
1.543434
1.543434
1.554760
1.554760
1.546006
1.546006
1.602378
1.602378
1.544667
1.544667
1.552305
1.552305
1.550967
1.550967
1.550318
1.550318
1.552852
1.552852
1.575308
1.575308
1.544320
1.544320
1.561731
1.561731
1.544592
1.544592
1.546706
1.546706
1.553329
1.553329
1.473606
1.473606
1.539467
1.539467
1.564180
1.564180
1.552470
1.552470
1.550532
1.550532
1.542943
1.542943
1.642413
1.642413
1.546286
1.546286
1.546415
1.546415
1.559955
1.559955
1.552679
1.552679
1.544838
1.544838
1.464254
1.464254
1.556055
1.556055
1.552262
1.552262
1.552977
1.552977
1.542681
1.542681
1.546339
1.546339
1.488294
1.488294
1.553366
1.553366
1.558136
1.558136
1.548781
1.548781
1.540361
1.540361
1.549441
1.549441
1.719805
1.719805
1.552322
1.552322
1.552523
1.552523
1.547983
1.547983
1.550312
1.550312
1.546412
1.546412
1.469067
1.469067
1.557010
1.557010
1.553386
1.553386
1.543786
1.543786
1.545794
1.545794
1.547867
1.547867
1.502440
1.502440
1.552297
1.552297
1.538527
1.538527
1.556463
1.556463
1.554021
1.554021
1.546053
1.546053
1.464039
1.464039
1.556881
1.556881
1.541337
1.541337
1.552175
1.552175
1.543249
1.543249
1.553604
1.553604
1.519848
1.519848
1.547794
1.547794
1.553826
1.553826
1.545378
1.545378
1.556196
1.556196
1.543965
1.543965
1.624634
1.624634
1.552332
1.552332
1.545946
1.545946
1.539866
1.539866
1.554646
1.554646
1.553360
1.553360
1.548125
1.548125
1.547985
1.547985
1.554006
1.554006
1.556239
1.556239
1.535986
1.535986
1.550575
1.550575
1.710500
1.710500
1.548911
1.548911
1.549028
1.549028
1.544793
1.544793
1.551424
1.551424
1.547572
1.547572
1.907915
1.907915
1.544766
1.544766
1.548605
1.548605
1.541549
1.541549
1.548453
1.548453
1.556742
1.556742
1.489808
1.489808
1.553270
1.553270
1.535114
1.535114
1.554350
1.554350
1.540222
1.540222
1.553507
1.553507
1.727829
1.727829
1.549101
1.549101
1.540278
1.540278
1.539631
1.539631
1.552647
1.552647
1.554865
1.554865
1.471388
1.471388
1.539369
1.539369
1.544815
1.544815
1.542502
1.542502
1.556329
1.556329
1.552863
1.552863
1.671684
1.671684
1.557768
1.557768
1.542955
1.542955
1.546969
1.546969
1.547678
1.547678
1.541568
1.541568
1.503232
1.503232
1.543329
1.543329
1.548750
1.548750
1.554663
1.554663
1.546491
1.546491
1.543288
1.543288
1.699809
1.699809
1.549546
1.549546
1.544117
1.544117
1.548201
1.548201
1.548250
1.548250
1.546637
1.546637
1.752683
1.752683
1.554123
1.554123
1.555132
1.555132
1.541444
1.541444
1.542168
1.542168
1.545041
1.545041
1.482992
1.482992
1.545943
1.545943
1.554569
1.554569
1.543139
1.543139
1.548949
1.548949
1.544759
1.544759
1.656538
1.656538
1.543669
1.543669
1.539605
1.539605
1.554395
1.554395
1.541156
1.541156
1.558605
1.558605
1.462281
1.462281
1.548328
1.548328
1.548109
1.548109
1.548171
1.548171
1.545415
1.545415
1.546686
1.546686
1.478661
1.478661
1.540116
1.540116
1.556315
1.556315
1.543543
1.543543
1.544662
1.544662
1.552215
1.552215
1.536000
1.536000
1.546822
1.546822
1.543601
1.543601
1.552056
1.552056
1.550637
1.550637
1.544798
1.544798
1.483576
1.483576
1.539334
1.539334
1.554416
1.554416
1.551606
1.551606
1.538053
1.538053
1.555103
1.555103
1.473157
1.473157
1.545056
1.545056
1.549903
1.549903
1.542559
1.542559
1.554836
1.554836
1.544183
1.544183
1.855870
1.855870
1.550017
1.550017
1.540667
1.540667
1.545891
1.545891
1.544155
1.544155
1.555232
1.555232
1.775831
1.775831
1.539434
1.539434
1.544154
1.544154
1.542568
1.542568
1.561486
1.561486
1.548716
1.548716
1.502932
1.502932
1.532538
1.532538
1.555141
1.555141
1.544891
1.544891
1.556379
1.556379
1.547328
1.547328
1.489918
1.489918
1.543193
1.543193
1.549724
1.549724
1.554102
1.554102
1.543469
1.543469
1.546032
1.546032
1.461624
1.461624
1.542227
1.542227
1.553304
1.553304
1.549730
1.549730
1.543944
1.543944
1.547711
1.547711
1.557081
1.557081
1.543427
1.543427
1.555738
1.555738
1.550591
1.550591
1.539887
1.539887
1.548182
1.548182
1.492214
1.492214
1.548197
1.548197
1.544563
1.544563
1.552303
1.552303
1.551114
1.551114
1.541824
1.541824
1.481585
1.481585
1.558690
1.558690
1.546156
1.546156
1.548227
1.548227
1.541823
1.541823
1.543563
1.543563
1.466095
1.466095
1.548808
1.548808
1.541875
1.541875
1.551977
1.551977
1.550017
1.550017
1.546216
1.546216
1.593325
1.593325
1.544763
1.544763
1.549557
1.549557
1.548550
1.548550
1.539481
1.539481
1.557682
1.557682
1.461939
1.461939
1.549065
1.549065
1.545837
1.545837
1.543710
1.543710
1.548060
1.548060
1.553812
1.553812
1.506998
1.506998
1.553656
1.553656
1.553016
1.553016
1.542593
1.542593
1.551683
1.551683
1.540270
1.540270
1.465115
1.465115
1.548717
1.548717
1.564620
1.564620
1.545399
1.545399
1.542111
1.542111
1.540843
1.540843
1.494785
1.494785
1.551021
1.551021
1.548376
1.548376
1.549302
1.549302
1.542760
1.542760
1.551197
1.551197
1.475972
1.475972
1.540852
1.540852
1.543710
1.543710
1.549636
1.549636
1.548845
1.548845
1.560600
1.560600
1.461818
1.461818
1.545137
1.545137
1.543988
1.543988
1.544020
1.544020
1.554998
1.554998
1.556571
1.556571
1.466816
1.466816
1.555835
1.555835
1.546938
1.546938
1.548881
1.548881
1.540487
1.540487
1.553707
1.553707
1.495286
1.495286
1.553541
1.553541
1.553125
1.553125
1.535992
1.535992
1.554327
1.554327
1.549948
1.549948
1.463002
1.463002
1.556561
1.556561
1.543506
1.543506
1.554246
1.554246
1.548605
1.548605
1.543175
1.543175
1.681427
1.681427
1.548492
1.548492
1.553442
1.553442
1.540691
1.540691
1.559373
1.559373
1.545155
1.545155
1.468205
1.468205
1.544135
1.544135
1.551767
1.551767
1.548602
1.548602
1.558533
1.558533
1.543826
1.543826
1.521176
1.521176
1.545583
1.545583
1.540143
1.540143
1.549861
1.549861
1.561185
1.561185
1.550213
1.550213
1.471341
1.471341
1.552988
1.552988
1.562445
1.562445
1.533315
1.533315
1.542508
1.542508
1.555506
1.555506
1.468296
1.468296
1.554830
1.554830
1.548878
1.548878
1.552106
1.552106
1.541238
1.541238
1.549096
1.549096
1.786969
1.786969
1.555907
1.555907
1.543050
1.543050
1.544630
1.544630
1.544276
1.544276
1.558838
1.558838
1.478368
1.478368
1.559296
1.559296
1.543134
1.543134
1.546853
1.546853
1.544811
1.544811
1.551865
1.551865
1.478930
1.478930
1.556670
1.556670
1.547568
1.547568
1.545986
1.545986
1.538687
1.538687
1.555963
1.555963
1.737993
1.737993
1.545443
1.545443
1.552596
1.552596
1.553495
1.553495
1.544876
1.544876
1.547309
1.547309
1.496198
1.496198
1.547943
1.547943
1.544640
1.544640
1.545364
1.545364
1.553293
1.553293
1.549671
1.549671
1.483296
1.483296
1.535584
1.535584
1.550196
1.550196
1.546657
1.546657
1.551309
1.551309
1.555858
1.555858
1.505972
1.505972
1.556186
1.556186
1.534586
1.534586
1.547285
1.547285
1.549201
1.549201
1.551345
1.551345
1.649450
1.649450
1.538144
1.538144
1.545856
1.545856
1.545227
1.545227
1.548106
1.548106
1.560981
1.560981
1.477367
1.477367
1.554330
1.554330
1.537973
1.537973
1.541744
1.541744
1.555029
1.555029
1.548135
1.548135
1.563531
1.563531
1.555933
1.555933
1.548129
1.548129
1.540883
1.540883
1.545369
1.545369
1.546314
1.546314
1.482397
1.482397
1.541470
1.541470
1.559999
1.559999
1.542514
1.542514
1.552223
1.552223
1.539493
1.539493
1.492396
1.492396
1.555920
1.555920
1.547846
1.547846
1.546577
1.546577
1.540040
1.540040
1.545328
1.545328
1.468001
1.468001
1.549209
1.549209
1.543175
1.543175
1.552184
1.552184
1.546569
1.546569
1.544648
1.544648
1.530859
1.530859
1.543409
1.543409
1.547028
1.547028
1.552629
1.552629
1.543366
1.543366
1.549547
1.549547
1.677007
1.677007
1.545152
1.545152
1.546324
1.546324
1.555769
1.555769
1.550479
1.550479
1.538958
1.538958
1.523291
1.523291
1.547251
1.547251
1.537231
1.537231
1.561922
1.561922
1.536194
1.536194
1.553491
1.553491
1.522625
1.522625
1.535833
1.535833
1.555313
1.555313
1.539066
1.539066
1.553053
1.553053
1.551340
1.551340
1.611182
1.611182
1.549850
1.549850
1.540770
1.540770
1.547949
1.547949
1.545997
1.545997
1.549343
1.549343
1.470893
1.470893
1.559335
1.559335
1.544817
1.544817
1.552286
1.552286
1.540849
1.540849
1.536203
1.536203
1.461537
1.461537
1.542699
1.542699
1.547161
1.547161
1.555335
1.555335
1.546392
1.546392
1.540527
1.540527
1.525137
1.525137
1.557018
1.557018
1.538210
1.538210
1.545436
1.545436
1.543893
1.543893
1.547145
1.547145
1.488528
1.488528
1.550096
1.550096
1.547507
1.547507
1.547199
1.547199
1.540685
1.540685
1.544253
1.544253
1.791878
1.791878
1.548686
1.548686
1.545139
1.545139
1.546157
1.546157
1.541616
1.541616
1.547941
1.547941
1.603695
1.603695
1.554652
1.554652
1.547199
1.547199
1.548924
1.548924
1.540076
1.540076
1.538328
1.538328
1.470741
1.470741
1.547282
1.547282
1.545033
1.545033
1.542103
1.542103
1.549623
1.549623
1.544273
1.544273
1.611786
1.611786
1.559116
1.559116
1.547769
1.547769
1.541699
1.541699
1.542863
1.542863
1.536238
1.536238
1.672037
1.672037
1.545348
1.545348
1.546263
1.546263
1.537369
1.537369
1.551000
1.551000
1.547981
1.547981
1.488805
1.488805
1.551561
1.551561
1.536448
1.536448
1.548436
1.548436
1.549029
1.549029
1.542829
1.542829
1.463636
1.463636
1.538068
1.538068
1.550084
1.550084
1.555312
1.555312
1.542606
1.542606
1.542855
1.542855
1.555167
1.555167
1.548680
1.548680
1.545979
1.545979
1.549331
1.549331
1.540720
1.540720
1.545346
1.545346
1.463497
1.463497
1.546368
1.546368
1.550727
1.550727
1.534428
1.534428
1.540380
1.540380
1.558988
1.558988
1.467112
1.467112
1.554572
1.554572
1.549548
1.549548
1.542985
1.542985
1.539301
1.539301
1.545849
1.545849
1.472560
1.472560
1.556546
1.556546
1.547034
1.547034
1.536826
1.536826
1.551323
1.551323
1.541703
1.541703
1.549790
1.549790
1.542862
1.542862
1.546413
1.546413
1.549145
1.549145
1.548498
1.548498
1.547860
1.547860
1.463834
1.463834
1.538972
1.538972
1.555967
1.555967
1.550535
1.550535
1.543354
1.543354
1.546193
1.546193
1.625047
1.625047
1.553992
1.553992
1.543404
1.543404
1.546738
1.546738
1.544640
1.544640
1.546852
1.546852
1.568659
1.568659
1.540556
1.540556
1.544702
1.544702
1.548465
1.548465
1.548922
1.548922
1.552500
1.552500
1.464018
1.464018
1.555851
1.555851
1.543619
1.543619
1.541502
1.541502
1.534974
1.534974
1.558631
1.558631
1.489790
1.489790
1.550816
1.550816
1.540688
1.540688
1.549176
1.549176
1.548272
1.548272
1.546028
1.546028
1.473902
1.473902
1.552714
1.552714
1.555833
1.555833
1.545630
1.545630
1.539130
1.539130
1.541603
1.541603
1.667002
1.667002
1.546261
1.546261
1.541085
1.541085
1.548644
1.548644
1.547735
1.547735
1.552557
1.552557
1.516313
1.516313
1.558713
1.558713
1.546469
1.546469
1.549624
1.549624
1.531158
1.531158
1.550743
1.550743
1.466393
1.466393
1.547924
1.547924
1.542743
1.542743
1.553915
1.553915
1.540406
1.540406
1.552111
1.552111
1.461954
1.461954
1.549196
1.549196
1.549200
1.549200
1.545820
1.545820
1.541526
1.541526
1.552271
1.552271
1.483997
1.483997
1.552344
1.552344
1.549461
1.549461
1.539071
1.539071
1.548967
1.548967
1.549335
1.549335
1.461745
1.461745
1.548302
1.548302
1.540692
1.540692
1.550457
1.550457
1.548966
1.548966
1.550709
1.550709
1.703240
1.703240
1.555527
1.555527
1.546616
1.546616
1.546670
1.546670
1.543565
1.543565
1.544984
1.544984
1.658501
1.658501
1.540899
1.540899
1.547336
1.547336
1.545437
1.545437
1.549778
1.549778
1.551273
1.551273
1.480041
1.480041
1.548409
1.548409
1.542926
1.542926
1.549982
1.549982
1.548488
1.548488
1.543184
1.543184
1.464289
1.464289
1.543030
1.543030
1.545282
1.545282
1.546999
1.546999
1.551771
1.551771
1.544259
1.544259
1.577810
1.577810
1.557974
1.557974
1.549595
1.549595
1.542063
1.542063
1.548113
1.548113
1.533293
1.533293
1.498203
1.498203
1.556802
1.556802
1.551387
1.551387
1.543603
1.543603
1.539621
1.539621
1.538702
1.538702
1.695361
1.695361
1.540446
1.540446
1.552186
1.552186
1.538282
1.538282
1.551902
1.551902
1.548512
1.548512
1.461649
1.461649
1.548398
1.548398
1.546379
1.546379
1.550896
1.550896
1.537892
1.537892
1.547971
1.547971
1.622841
1.622841
1.541557
1.541557
1.549174
1.549174
1.536346
1.536346
1.553602
1.553602
1.551837
1.551837
1.523969
1.523969
1.538000
1.538000
1.555535
1.555535
1.546261
1.546261
1.547640
1.547640
1.544605
1.544605
1.563312
1.563312
1.543669
1.543669
1.541132
1.541132
1.542705
1.542705
1.558275
1.558275
1.545382
1.545382
1.469018
1.469018
1.541947
1.541947
1.534017
1.534017
1.546042
1.546042
1.557444
1.557444
1.550990
1.550990
1.476717
1.476717
1.528888
1.528888
1.555269
1.555269
1.548994
1.548994
1.547246
1.547246
1.549750
1.549750
1.640108
1.640108
1.546262
1.546262
1.545212
1.545212
1.538854
1.538854
1.539901
1.539901
1.559617
1.559617
1.675899
1.675899
1.551890
1.551890
1.549626
1.549626
1.546456
1.546456
1.539660
1.539660
1.542767
1.542767
1.464046
1.464046
1.552617
1.552617
1.546492
1.546492
1.541062
1.541062
1.538106
1.538106
1.552222
1.552222
1.614053
1.614053
1.549651
1.549651
1.547960
1.547960
1.539152
1.539152
1.553017
1.553017
1.541134
1.541134
1.579422
1.579422
1.546336
1.546336
1.553831
1.553831
1.540006
1.540006
1.540059
1.540059
1.550651
1.550651
1.477772
1.477772
1.552704
1.552704
1.544972
1.544972
1.532634
1.532634
1.549935
1.549935
1.549391
1.549391
1.741440
1.741440
1.548489
1.548489
1.538205
1.538205
1.548302
1.548302
1.547627
1.547627
1.547633
1.547633
1.663910
1.663910
1.549058
1.549058
1.550946
1.550946
1.533485
1.533485
1.540987
1.540987
1.555218
1.555218
1.687223
1.687223
1.540864
1.540864
1.538896
1.538896
1.549736
1.549736
1.554589
1.554589
1.545516
1.545516
1.573848
1.573848
1.545946
1.545946
1.543927
1.543927
1.556005
1.556005
1.533945
1.533945
1.549652
1.549652
1.535160
1.535160
1.543053
1.543053
1.543561
1.543561
1.548402
1.548402
1.544770
1.544770
1.548474
1.548474
1.678713
1.678713
1.539650
1.539650
1.547914
1.547914
1.541252
1.541252
1.556666
1.556666
1.540720
1.540720
1.856616
1.856616
1.549722
1.549722
1.555176
1.555176
1.540451
1.540451
1.543505
1.543505
1.537138
1.537138
1.466202
1.466202
1.555935
1.555935
1.534186
1.534186
1.541019
1.541019
1.554599
1.554599
1.539340
1.539340
1.510219
1.510219
1.547490
1.547490
1.551635
1.551635
1.529975
1.529975
1.551253
1.551253
1.544776
1.544776
1.469865
1.469865
1.543748
1.543748
1.538277
1.538277
1.551352
1.551352
1.547971
1.547971
1.543793
1.543793
1.549756
1.549756
1.546719
1.546719
1.547736
1.547736
1.543707
1.543707
1.548584
1.548584
1.539106
1.539106
1.465891
1.465891
1.554946
1.554946
1.540922
1.540922
1.541974
1.541974
1.546304
1.546304
1.542011
1.542011
1.479116
1.479116
1.542653
1.542653
1.547816
1.547816
1.546919
1.546919
1.542566
1.542566
1.544596
1.544596
1.624392
1.624392
1.548616
1.548616
1.529395
1.529395
1.545806
1.545806
1.553726
1.553726
1.545977
1.545977
1.550404
1.550404
1.537926
1.537926
1.557823
1.557823
1.545890
1.545890
1.540552
1.540552
1.538947
1.538947
1.711767
1.711767
1.542487
1.542487
1.548965
1.548965
1.537807
1.537807
1.548316
1.548316
1.543140
1.543140
1.489482
1.489482
1.535893
1.535893
1.554387
1.554387
1.543149
1.543149
1.545923
1.545923
1.540604
1.540604
1.475854
1.475854
1.548001
1.548001
1.547592
1.547592
1.544093
1.544093
1.533535
1.533535
1.544126
1.544126
1.931394
1.931394
1.540802
1.540802
1.537302
1.537302
1.553168
1.553168
1.547032
1.547032
1.540285
1.540285
1.465569
1.465569
1.544903
1.544903
1.542284
1.542284
1.553288
1.553288
1.536605
1.536605
1.541115
1.541115
1.471919
1.471919
1.546636
1.546636
1.546660
1.546660
1.541742
1.541742
1.541530
1.541530
1.540024
1.540024
1.811689
1.811689
1.542701
1.542701
1.545049
1.545049
1.546121
1.546121
1.538731
1.538731
1.542930
1.542930
1.772885
1.772885
1.553551
1.553551
1.534045
1.534045
1.539227
1.539227
1.546097
1.546097
1.541711
1.541711
1.475770
1.475770
1.539491
1.539491
1.544939
1.544939
1.537771
1.537771
1.548531
1.548531
1.542284
1.542284
1.469350
1.469350
1.533096
1.533096
1.548267
1.548267
1.541577
1.541577
1.545461
1.545461
1.543855
1.543855
1.472697
1.472697
1.530617
1.530617
1.538692
1.538692
1.546362
1.546362
1.551443
1.551443
1.544709
1.544709
1.502993
1.502993
1.538400
1.538400
1.546593
1.546593
1.539528
1.539528
1.539153
1.539153
1.547519
1.547519
1.524875
1.524875
1.531372
1.531372
1.547885
1.547885
1.535672
1.535672
1.549525
1.549525
1.545436
1.545436
1.493285
1.493285
1.537829
1.537829
1.545032
1.545032
1.536968
1.536968
1.533349
1.533349
1.554574
1.554574
1.664319
1.664319
1.539524
1.539524
1.544050
1.544050
1.542003
1.542003
1.537759
1.537759
1.543746
1.543746
1.511217
1.511217
1.539962
1.539962
1.531116
1.531116
1.554121
1.554121
1.543231
1.543231
1.537516
1.537516
1.463937
1.463937
1.541227
1.541227
1.538541
1.538541
1.546743
1.546743
1.543369
1.543369
1.535235
1.535235
1.528954
1.528954
1.533307
1.533307
1.524782
1.524782
1.558938
1.558938
1.541975
1.541975
1.545217
1.545217
1.692888
1.692888
1.535716
1.535716
1.551188
1.551188
1.537116
1.537116
1.550523
1.550523
1.529631
1.529631
1.720221
1.720221
1.547051
1.547051
1.545068
1.545068
1.530531
1.530531
1.542932
1.542932
1.538940
1.538940
1.477301
1.477301
1.537001
1.537001
1.540880
1.540880
1.544717
1.544717
1.538771
1.538771
1.542425
1.542425
1.464516
1.464516
1.530884
1.530884
1.546890
1.546890
1.542739
1.542739
1.541686
1.541686
1.541712
1.541712
1.481816
1.481816
1.536643
1.536643
1.542247
1.542247
1.536404
1.536404
1.544840
1.544840
1.544387
1.544387
1.473427
1.473427
1.542084
1.542084
1.539533
1.539533
1.541606
1.541606
1.533641
1.533641
1.548409
1.548409
1.463606
1.463606
1.540914
1.540914
1.542417
1.542417
1.534177
1.534177
1.539655
1.539655
1.549031
1.549031
1.504399
1.504399
1.540831
1.540831
1.534319
1.534319
1.544231
1.544231
1.541580
1.541580
1.546174
1.546174
1.481256
1.481256
1.541537
1.541537
1.542068
1.542068
1.539446
1.539446
1.553047
1.553047
1.530058
1.530058
1.876959
1.876959
1.544749
1.544749
1.545887
1.545887
1.545761
1.545761
1.531850
1.531850
1.539546
1.539546
1.579844
1.579844
1.540738
1.540738
1.526780
1.526780
1.536445
1.536445
1.544468
1.544468
1.559375
1.559375
1.466103
1.466103
1.548156
1.548156
1.540342
1.540342
1.550946
1.550946
1.533967
1.533967
1.533067
1.533067
1.680580
1.680580
1.539277
1.539277
1.531254
1.531254
1.548141
1.548141
1.551312
1.551312
1.536706
1.536706
1.565752
1.565752
1.533878
1.533878
1.536132
1.536132
1.543420
1.543420
1.548871
1.548871
1.544179
1.544179
1.462600
1.462600
1.542132
1.542132
1.549703
1.549703
1.532183
1.532183
1.536586
1.536586
1.544826
1.544826
1.719099
1.719099
1.536463
1.536463
1.540047
1.540047
1.544753
1.544753
1.546154
1.546154
1.538504
1.538504
1.467144
1.467144
1.544004
1.544004
1.542179
1.542179
1.537085
1.537085
1.541344
1.541344
1.539907
1.539907
1.691382
1.691382
1.532512
1.532512
1.543298
1.543298
1.544580
1.544580
1.538701
1.538701
1.546719
1.546719
1.465387
1.465387
1.544900
1.544900
1.542722
1.542722
1.546295
1.546295
1.544244
1.544244
1.528447
1.528447
1.504244
1.504244
1.544120
1.544120
1.539982
1.539982
1.535995
1.535995
1.547825
1.547825
1.539391
1.539391
1.541324
1.541324
1.536322
1.536322
1.545426
1.545426
1.538041
1.538041
1.537721
1.537721
1.549918
1.549918
1.490916
1.490916
1.550049
1.550049
1.538613
1.538613
1.539523
1.539523
1.539402
1.539402
1.539667
1.539667
1.466520
1.466520
1.543069
1.543069
1.550701
1.550701
1.541615
1.541615
1.535152
1.535152
1.537132
1.537132
1.464685
1.464685
1.539389
1.539389
1.541753
1.541753
1.544553
1.544553
1.543786
1.543786
1.538548
1.538548
1.622084
1.622084
1.542232
1.542232
1.548817
1.548817
1.538799
1.538799
1.538606
1.538606
1.539693
1.539693
1.747300
1.747300
1.537529
1.537529
1.537094
1.537094
1.555131
1.555131
1.545577
1.545577
1.533595
1.533595
1.582238
1.582238
1.530323
1.530323
1.534599
1.534599
1.541499
1.541499
1.550088
1.550088
1.551513
1.551513
1.681148
1.681148
1.545034
1.545034
1.537562
1.537562
1.549176
1.549176
1.539441
1.539441
1.537018
1.537018
1.472035
1.472035
1.544815
1.544815
1.542466
1.542466
1.540595
1.540595
1.541055
1.541055
1.539249
1.539249
1.497214
1.497214
1.533593
1.533593
1.538654
1.538654
1.555172
1.555172
1.545575
1.545575
1.535601
1.535601
1.479351
1.479351
1.541185
1.541185
1.547037
1.547037
1.540385
1.540385
1.541367
1.541367
1.538762
1.538762
1.555056
1.555056
1.544226
1.544226
1.549079
1.549079
1.532055
1.532055
1.541157
1.541157
1.542218
1.542218
1.475961
1.475961
1.540298
1.540298
1.544165
1.544165
1.538252
1.538252
1.545904
1.545904
1.539793
1.539793
1.466888
1.466888
1.553440
1.553440
1.550486
1.550486
1.544160
1.544160
1.531399
1.531399
1.529484
1.529484
1.466375
1.466375
1.538580
1.538580
1.533009
1.533009
1.541153
1.541153
1.547472
1.547472
1.549791
1.549791
1.491045
1.491045
1.546415
1.546415
1.536445
1.536445
1.540026
1.540026
1.557186
1.557186
1.529294
1.529294
1.907200
1.907200
1.536343
1.536343
1.547646
1.547646
1.541482
1.541482
1.540675
1.540675
1.545236
1.545236
1.482630
1.482630
1.537748
1.537748
1.543369
1.543369
1.543278
1.543278
1.546588
1.546588
1.540215
1.540215
1.548664
1.548664
1.549157
1.549157
1.537666
1.537666
1.542658
1.542658
1.541014
1.541014
1.541143
1.541143
1.468122
1.468122
1.529974
1.529974
1.542293
1.542293
1.536777
1.536777
1.550927
1.550927
1.552162
1.552162
1.472650
1.472650
1.537275
1.537275
1.539693
1.539693
1.545473
1.545473
1.545750
1.545750
1.544803
1.544803
1.498444
1.498444
1.542994
1.542994
1.546475
1.546475
1.545844
1.545844
1.545007
1.545007
1.533348
1.533348
1.505224
1.505224
1.534608
1.534608
1.546815
1.546815
1.545048
1.545048
1.544286
1.544286
1.543454
1.543454
1.464437
1.464437
1.540113
1.540113
1.537709
1.537709
1.546795
1.546795
1.539528
1.539528
1.550657
1.550657
1.495000
1.495000
1.542307
1.542307
1.521208
1.521208
1.553568
1.553568
1.543015
1.543015
1.554864
1.554864
1.648268
1.648268
1.538977
1.538977
1.539986
1.539986
1.540250
1.540250
1.543168
1.543168
1.553632
1.553632
1.476286
1.476286
1.552067
1.552067
1.559281
1.559281
1.531273
1.531273
1.533940
1.533940
1.538866
1.538866
1.701181
1.701181
1.542941
1.542941
1.541452
1.541452
1.543238
1.543238
1.547137
1.547137
1.542231
1.542231
1.495507
1.495507
1.541279
1.541279
1.547716
1.547716
1.541825
1.541825
1.545184
1.545184
1.541888
1.541888
1.464959
1.464959
1.537230
1.537230
1.559211
1.559211
1.542951
1.542951
1.544053
1.544053
1.535174
1.535174
1.461741
1.461741
1.550427
1.550427
1.549273
1.549273
1.532964
1.532964
1.537956
1.537956
1.549055
1.549055
1.469770
1.469770
1.539073
1.539073
1.539474
1.539474
1.551388
1.551388
1.555132
1.555132
1.535720
1.535720
1.482108
1.482108
1.550212
1.550212
1.529012
1.529012
1.553275
1.553275
1.550029
1.550029
1.539182
1.539182
1.475312
1.475312
1.538190
1.538190
1.547186
1.547186
1.545392
1.545392
1.545923
1.545923
1.545846
1.545846
1.464403
1.464403
1.539340
1.539340
1.546516
1.546516
1.543531
1.543531
1.547806
1.547806
1.546134
1.546134
1.479529
1.479529
1.539841
1.539841
1.542126
1.542126
1.543871
1.543871
1.547220
1.547220
1.551218
1.551218
1.466947
1.466947
1.535499
1.535499
1.550786
1.550786
1.547343
1.547343
1.544294
1.544294
1.547074
1.547074
1.489367
1.489367
1.555256
1.555256
1.541301
1.541301
1.551529
1.551529
1.533181
1.533181
1.543469
1.543469
1.699656
1.699656
1.549341
1.549341
1.538658
1.538658
1.549436
1.549436
1.544225
1.544225
1.542859
1.542859
1.498624
1.498624
1.539074
1.539074
1.554206
1.554206
1.535035
1.535035
1.543859
1.543859
1.550931
1.550931
1.463475
1.463475
1.541571
1.541571
1.543911
1.543911
1.548839
1.548839
1.541854
1.541854
1.546511
1.546511
1.473509
1.473509
1.538286
1.538286
1.543441
1.543441
1.551352
1.551352
1.548171
1.548171
1.541665
1.541665
1.485368
1.485368
1.544122
1.544122
1.544908
1.544908
1.542596
1.542596
1.546741
1.546741
1.544995
1.544995
1.499098
1.499098
1.551517
1.551517
1.541097
1.541097
1.548326
1.548326
1.535167
1.535167
1.546455
1.546455
1.707589
1.707589
1.548663
1.548663
1.542991
1.542991
1.541337
1.541337
1.551974
1.551974
1.537903
1.537903
1.558025
1.558025
1.542343
1.542343
1.542750
1.542750
1.546994
1.546994
1.546029
1.546029
1.544057
1.544057
1.467546
1.467546
1.543625
1.543625
1.551315
1.551315
1.544686
1.544686
1.534580
1.534580
1.546878
1.546878
1.487802
1.487802
1.538307
1.538307
1.543470
1.543470
1.550147
1.550147
1.537561
1.537561
1.550891
1.550891
1.613274
1.613274
1.539505
1.539505
1.540413
1.540413
1.536495
1.536495
1.557858
1.557858
1.546058
1.546058
1.473475
1.473475
1.539137
1.539137
1.552455
1.552455
1.539913
1.539913
1.544720
1.544720
1.543468
1.543468
1.481599
1.481599
1.553212
1.553212
1.535407
1.535407
1.539743
1.539743
1.543765
1.543765
1.547186
1.547186
1.563115
1.563115
1.536415
1.536415
1.544384
1.544384
1.537265
1.537265
1.543797
1.543797
1.556425
1.556425
1.749393
1.749393
1.547096
1.547096
1.539638
1.539638
