2.268724
2.268724
2.269599
2.269599
2.272033
2.272033
2.269649
2.269649
2.268058
2.268058
2.267083
2.267083
2.266583
2.266583
2.266052
2.266052
2.263447
2.263447
2.264789
2.264789
2.260029
2.260029
2.259931
2.259931
2.261400
2.261400
2.255365
2.255365
2.256029
2.256029
2.251840
2.251840
2.252705
2.252705
2.249766
2.249766
2.244636
2.244636
2.244921
2.244921
2.241754
2.241754
2.239018
2.239018
2.239944
2.239944
2.239347
2.239347
2.232450
2.232450
2.232282
2.232282
2.231530
2.231530
2.232540
2.232540
2.227358
2.227358
2.232124
2.232124
2.222358
2.222358
2.227124
2.227124
2.223629
2.223629
2.222384
2.222384
2.219897
2.219897
2.215727
2.215727
2.215974
2.215974
2.210691
2.210691
2.205299
2.205299
2.214353
2.214353
2.202533
2.202533
2.203215
2.203215
2.202261
2.202261
2.205395
2.205395
2.201064
2.201064
2.196775
2.196775
2.197304
2.197304
2.195043
2.195043
2.191823
2.191823
2.197585
2.197585
2.188583
2.188583
2.188558
2.188558
2.190762
2.190762
2.182263
2.182263
2.186786
2.186786
2.179731
2.179731
2.178380
2.178380
2.179852
2.179852
2.181326
2.181326
2.183679
2.183679
2.181260
2.181260
2.168269
2.168269
2.173361
2.173361
2.172251
2.172251
2.170208
2.170208
2.168023
2.168023
2.172791
2.172791
2.165682
2.165682
2.169122
2.169122
2.157974
2.157974
2.165828
2.165828
2.158532
2.158532
2.164503
2.164503
2.162113
2.162113
2.159045
2.159045
2.156866
2.156866
2.154608
2.154608
2.161640
2.161640
2.158746
2.158746
2.161103
2.161103
2.159255
2.159255
2.159693
2.159693
2.152581
2.152581
2.149552
2.149552
2.145676
2.145676
2.147033
2.147033
2.148864
2.148864
2.148696
2.148696
2.145639
2.145639
2.133734
2.133734
2.142655
2.142655
2.143397
2.143397
2.143823
2.143823
2.141508
2.141508
2.139725
2.139725
2.137709
2.137709
2.136524
2.136524
2.135929
2.135929
2.136033
2.136033
2.140204
2.140204
2.139275
2.139275
2.127834
2.127834
2.123860
2.123860
2.126893
2.126893
2.118715
2.118715
2.125505
2.125505
2.127501
2.127501
2.121279
2.121279
2.128245
2.128245
2.124810
2.124810
2.122408
2.122408
2.119081
2.119081
2.120707
2.120707
2.114406
2.114406
2.119756
2.119756
2.109820
2.109820
2.111522
2.111522
2.108504
2.108504
2.112002
2.112002
2.107625
2.107625
2.108620
2.108620
2.107861
2.107861
2.103417
2.103417
2.102668
2.102668
2.100408
2.100408
2.101270
2.101270
2.106186
2.106186
2.099351
2.099351
2.094580
2.094580
2.102466
2.102466
2.096497
2.096497
2.096775
2.096775
2.081246
2.081246
2.104398
2.104398
2.122784
2.122784
2.098027
2.098027
2.093425
2.093425
2.091610
2.091610
2.088561
2.088561
2.068641
2.068641
2.083887
2.083887
2.091898
2.091898
2.090839
2.090839
2.086943
2.086943
2.086047
2.086047
2.080745
2.080745
2.091520
2.091520
2.078650
2.078650
2.076943
2.076943
2.099975
2.099975
2.069082
2.069082
2.086918
2.086918
2.081296
2.081296
2.083563
2.083563
2.044517
2.044517
2.074407
2.074407
2.063970
2.063970
2.081203
2.081203
2.075818
2.075818
2.058912
2.058912
2.057471
2.057471
2.065073
2.065073
2.072312
2.072312
2.069417
2.069417
2.057515
2.057515
2.063800
2.063800
2.062572
2.062572
2.056998
2.056998
2.046426
2.046426
2.079925
2.079925
2.042145
2.042145
2.059125
2.059125
2.055229
2.055229
2.047810
2.047810
2.076023
2.076023
2.050716
2.050716
2.046746
2.046746
2.044202
2.044202
2.033405
2.033405
2.058495
2.058495
2.042940
2.042940
2.031552
2.031552
2.032885
2.032885
2.040374
2.040374
2.049046
2.049046
2.046990
2.046990
2.035263
2.035263
2.030527
2.030527
2.014540
2.014540
2.013575
2.013575
2.034700
2.034700
2.033773
2.033773
2.011980
2.011980
2.012203
2.012203
2.023136
2.023136
2.011587
2.011587
2.019757
2.019757
2.018087
2.018087
2.015680
2.015680
2.015516
2.015516
2.002733
2.002733
2.012434
2.012434
2.006238
2.006238
2.009737
2.009737
2.017677
2.017677
2.015893
2.015893
2.004378
2.004378
2.002910
2.002910
1.985608
1.985608
1.999554
1.999554
2.000314
2.000314
1.988249
1.988249
2.001491
2.001491
2.000535
2.000535
1.978050
1.978050
1.989137
1.989137
1.986858
1.986858
1.984662
1.984662
1.997201
1.997201
1.996831
1.996831
1.993219
1.993219
1.978581
1.978581
1.975528
1.975528
1.992392
1.992392
1.961439
1.961439
1.971215
1.971215
1.988109
1.988109
1.979545
1.979545
1.969819
1.969819
1.981806
1.981806
1.963685
1.963685
1.966061
1.966061
1.980647
1.980647
1.980466
1.980466
1.956186
1.956186
1.969155
1.969155
1.962390
1.962390
1.972301
1.972301
1.959500
1.959500
1.949093
1.949093
1.967862
1.967862
1.964857
1.964857
1.947554
1.947554
1.953457
1.953457
1.956737
1.956737
1.962914
1.962914
1.943183
1.943183
1.950676
1.950676
1.953946
1.953946
1.953104
1.953104
1.943383
1.943383
1.949640
1.949640
1.940391
1.940391
1.954168
1.954168
1.952916
1.952916
1.949203
1.949203
1.943486
1.943486
1.937525
1.937525
1.934091
1.934091
1.942126
1.942126
1.955722
1.955722
1.929459
1.929459
1.924468
1.924468
1.931631
1.931631
1.946245
1.946245
1.943441
1.943441
1.934199
1.934199
1.937515
1.937515
1.920367
1.920367
1.900657
1.900657
1.942178
1.942178
1.923361
1.923361
1.929463
1.929463
1.917869
1.917869
1.913353
1.913353
1.921614
1.921614
1.927602
1.927602
1.927703
1.927703
1.925026
1.925026
1.886468
1.886468
1.915739
1.915739
1.923066
1.923066
1.911719
1.911719
1.927165
1.927165
1.902638
1.902638
1.918625
1.918625
1.923254
1.923254
1.899557
1.899557
1.911830
1.911830
1.916381
1.916381
1.909542
1.909542
1.914431
1.914431
1.916604
1.916604
1.900165
1.900165
1.879511
1.879511
1.894102
1.894102
1.907435
1.907435
1.909854
1.909854
1.906711
1.906711
1.898655
1.898655
1.894028
1.894028
1.911493
1.911493
1.893241
1.893241
1.894819
1.894819
1.930871
1.930871
1.897359
1.897359
1.903251
1.903251
1.898129
1.898129
1.892600
1.892600
1.893628
1.893628
1.897998
1.897998
1.888278
1.888278
1.889188
1.889188
1.897591
1.897591
1.916285
1.916285
1.889653
1.889653
1.890704
1.890704
1.886621
1.886621
1.896319
1.896319
1.908201
1.908201
1.901289
1.901289
1.883473
1.883473
1.882297
1.882297
1.900711
1.900711
1.845638
1.845638
1.885538
1.885538
1.883617
1.883617
1.886424
1.886424
1.886979
1.886979
1.873966
1.873966
1.889609
1.889609
1.881645
1.881645
1.860716
1.860716
1.891725
1.891725
1.881013
1.881013
1.878139
1.878139
1.874349
1.874349
1.879802
1.879802
1.889064
1.889064
1.841528
1.841528
1.881577
1.881577
1.865616
1.865616
1.875921
1.875921
1.879047
1.879047
1.858481
1.858481
1.876626
1.876626
1.867203
1.867203
1.867996
1.867996
1.871867
1.871867
1.872951
1.872951
1.885196
1.885196
1.867968
1.867968
1.843520
1.843520
1.868873
1.868873
1.891359
1.891359
1.867966
1.867966
1.855352
1.855352
1.879172
1.879172
1.865677
1.865677
1.840828
1.840828
1.861949
1.861949
1.875831
1.875831
1.850561
1.850561
1.858076
1.858076
1.871996
1.871996
1.858818
1.858818
1.852536
1.852536
1.863993
1.863993
1.861941
1.861941
1.861816
1.861816
1.868647
1.868647
1.835312
1.835312
1.855116
1.855116
1.867384
1.867384
1.862914
1.862914
1.845262
1.845262
1.869849
1.869849
1.849118
1.849118
1.845498
1.845498
1.884315
1.884315
1.867178
1.867178
1.851072
1.851072
1.842928
1.842928
1.850205
1.850205
1.844442
1.844442
1.857373
1.857373
1.852521
1.852521
1.848349
1.848349
1.843997
1.843997
1.836409
1.836409
1.860059
1.860059
1.851960
1.851960
1.840045
1.840045
1.836872
1.836872
1.844461
1.844461
1.844397
1.844397
1.848658
1.848658
1.840196
1.840196
1.845704
1.845704
1.843240
1.843240
1.841070
1.841070
1.847913
1.847913
1.845568
1.845568
1.838513
1.838513
1.828710
1.828710
1.840835
1.840835
1.845643
1.845643
1.840125
1.840125
1.838642
1.838642
1.824162
1.824162
1.830950
1.830950
1.834868
1.834868
1.850093
1.850093
1.830017
1.830017
1.859402
1.859402
1.842352
1.842352
1.839614
1.839614
1.837420
1.837420
1.824453
1.824453
1.838233
1.838233
1.846467
1.846467
1.828807
1.828807
1.836450
1.836450
1.826366
1.826366
1.828987
1.828987
1.827916
1.827916
1.856652
1.856652
1.823754
1.823754
1.820351
1.820351
1.834339
1.834339
1.825218
1.825218
1.826910
1.826910
1.837310
1.837310
1.837001
1.837001
1.817826
1.817826
1.825379
1.825379
1.825898
1.825898
1.835510
1.835510
1.840199
1.840199
1.789610
1.789610
1.828308
1.828308
1.836000
1.836000
1.801056
1.801056
1.835265
1.835265
1.850893
1.850893
1.823547
1.823547
1.820143
1.820143
1.824851
1.824851
1.825547
1.825547
1.845996
1.845996
1.826115
1.826115
1.824639
1.824639
1.827307
1.827307
1.814738
1.814738
1.824285
1.824285
1.825385
1.825385
1.819436
1.819436
1.811202
1.811202
1.827771
1.827771
1.827950
1.827950
1.813051
1.813051
1.819202
1.819202
1.831278
1.831278
1.816041
1.816041
1.813133
1.813133
1.837124
1.837124
1.810153
1.810153
1.808521
1.808521
1.814583
1.814583
1.819955
1.819955
1.812137
1.812137
1.817131
1.817131
1.816517
1.816517
1.822646
1.822646
1.809798
1.809798
1.814613
1.814613
1.802369
1.802369
1.818436
1.818436
1.822312
1.822312
1.824852
1.824852
1.813164
1.813164
1.801959
1.801959
1.825070
1.825070
1.819419
1.819419
1.798539
1.798539
1.811632
1.811632
1.805388
1.805388
1.807560
1.807560
1.826167
1.826167
1.806906
1.806906
1.808560
1.808560
1.808064
1.808064
1.827736
1.827736
1.801852
1.801852
1.801208
1.801208
1.809630
1.809630
1.810989
1.810989
1.796974
1.796974
1.820800
1.820800
1.808690
1.808690
1.812755
1.812755
1.795486
1.795486
1.807703
1.807703
1.813082
1.813082
1.818715
1.818715
1.805215
1.805215
1.807600
1.807600
1.802607
1.802607
1.806840
1.806840
1.823884
1.823884
1.809271
1.809271
1.811955
1.811955
1.793787
1.793787
1.800445
1.800445
1.828732
1.828732
1.798208
1.798208
1.814005
1.814005
1.817991
1.817991
1.799038
1.799038
1.761470
1.761470
1.811638
1.811638
1.807047
1.807047
1.801400
1.801400
1.786190
1.786190
1.814190
1.814190
1.817353
1.817353
1.792843
1.792843
1.804010
1.804010
1.789613
1.789613
1.800435
1.800435
1.808474
1.808474
1.793850
1.793850
1.787125
1.787125
1.804332
1.804332
1.814009
1.814009
1.794046
1.794046
1.795617
1.795617
1.802934
1.802934
1.795117
1.795117
1.815009
1.815009
1.808391
1.808391
1.796137
1.796137
1.778722
1.778722
1.806186
1.806186
1.790527
1.790527
1.801305
1.801305
1.798286
1.798286
1.789207
1.789207
1.790590
1.790590
1.804093
1.804093
1.786867
1.786867
1.805018
1.805018
1.794998
1.794998
1.792957
1.792957
1.782401
1.782401
1.791975
1.791975
1.797234
1.797234
1.797545
1.797545
1.782828
1.782828
1.794346
1.794346
1.780799
1.780799
1.781944
1.781944
1.789668
1.789668
1.800084
1.800084
1.827144
1.827144
1.788950
1.788950
1.791469
1.791469
1.784318
1.784318
1.788037
1.788037
1.809229
1.809229
1.791402
1.791402
1.773866
1.773866
1.793508
1.793508
1.796962
1.796962
1.784706
1.784706
1.774063
1.774063
1.795265
1.795265
1.796343
1.796343
1.791689
1.791689
1.764865
1.764865
1.795380
1.795380
1.786066
1.786066
1.791351
1.791351
1.779100
1.779100
1.766576
1.766576
1.787730
1.787730
1.784047
1.784047
1.782593
1.782593
1.776911
1.776911
1.815651
1.815651
1.776499
1.776499
1.786425
1.786425
1.769216
1.769216
1.793269
1.793269
1.817674
1.817674
1.776902
1.776902
1.786904
1.786904
1.784510
1.784510
1.777969
1.777969
1.797269
1.797269
1.790872
1.790872
1.785257
1.785257
1.773792
1.773792
1.766741
1.766741
1.811453
1.811453
1.776973
1.776973
1.788703
1.788703
1.790562
1.790562
1.774973
1.774973
1.746241
1.746241
1.787766
1.787766
1.783174
1.783174
1.766571
1.766571
1.776332
1.776332
1.788963
1.788963
1.769601
1.769601
1.779311
1.779311
1.768025
1.768025
1.788094
1.788094
1.806835
1.806835
1.780905
1.780905
1.782222
1.782222
1.767991
1.767991
1.788900
1.788900
1.747461
1.747461
1.780601
1.780601
1.776821
1.776821
1.769402
1.769402
1.785010
1.785010
1.766047
1.766047
1.776804
1.776804
1.773883
1.773883
1.772645
1.772645
1.780310
1.780310
1.784308
1.784308
1.766182
1.766182
1.774406
1.774406
1.781536
1.781536
1.767528
1.767528
1.815762
1.815762
1.773156
1.773156
1.771038
1.771038
1.781645
1.781645
1.776225
1.776225
1.761282
1.761282
1.773764
1.773764
1.785889
1.785889
1.766159
1.766159
1.777306
1.777306
1.743059
1.743059
1.770181
1.770181
1.764376
1.764376
1.776512
1.776512
1.773805
1.773805
1.788146
1.788146
1.776875
1.776875
1.750790
1.750790
1.783617
1.783617
1.777396
1.777396
1.762838
1.762838
1.784613
1.784613
1.758932
1.758932
1.781958
1.781958
1.755014
1.755014
1.773856
1.773856
1.779861
1.779861
1.766163
1.766163
1.763826
1.763826
1.769091
1.769091
1.767617
1.767617
1.769182
1.769182
1.771947
1.771947
1.757425
1.757425
1.770940
1.770940
1.787924
1.787924
1.752770
1.752770
1.772733
1.772733
1.755239
1.755239
1.785699
1.785699
1.786197
1.786197
1.757657
1.757657
1.766413
1.766413
1.768488
1.768488
1.773105
1.773105
1.780313
1.780313
1.778682
1.778682
1.754714
1.754714
1.774879
1.774879
1.766213
1.766213
1.746041
1.746041
1.761680
1.761680
1.756502
1.756502
1.762681
1.762681
1.780426
1.780426
1.781704
1.781704
1.766262
1.766262
1.759047
1.759047
1.776789
1.776789
1.756952
1.756952
1.771755
1.771755
1.768562
1.768562
1.768868
1.768868
1.766951
1.766951
1.754307
1.754307
1.759532
1.759532
1.763017
1.763017
1.754659
1.754659
1.766286
1.766286
1.775034
1.775034
1.745511
1.745511
1.757718
1.757718
1.772414
1.772414
1.768664
1.768664
1.751125
1.751125
1.763675
1.763675
1.758609
1.758609
1.771202
1.771202
1.762851
1.762851
1.760050
1.760050
1.738940
1.738940
1.758470
1.758470
1.761224
1.761224
1.765747
1.765747
1.756368
1.756368
1.761619
1.761619
1.754064
1.754064
1.754866
1.754866
1.767908
1.767908
1.758183
1.758183
1.772840
1.772840
1.745692
1.745692
1.763071
1.763071
1.752025
1.752025
1.770994
1.770994
1.773436
1.773436
1.765981
1.765981
1.755019
1.755019
1.760064
1.760064
1.753116
1.753116
1.754646
1.754646
1.752542
1.752542
1.760255
1.760255
1.766936
1.766936
1.755623
1.755623
1.738884
1.738884
1.752689
1.752689
1.766088
1.766088
1.748166
1.748166
1.758360
1.758360
1.762004
1.762004
1.758465
1.758465
1.777844
1.777844
1.744394
1.744394
1.748980
1.748980
1.738108
1.738108
1.753632
1.753632
1.759811
1.759811
1.750137
1.750137
1.755902
1.755902
1.758404
1.758404
1.742462
1.742462
1.754400
1.754400
1.764747
1.764747
1.752481
1.752481
1.766356
1.766356
1.739614
1.739614
1.752038
1.752038
1.740689
1.740689
1.771619
1.771619
1.792254
1.792254
1.741674
1.741674
1.753923
1.753923
1.751227
1.751227
1.771301
1.771301
1.738834
1.738834
1.755585
1.755585
1.746953
1.746953
1.745167
1.745167
1.752450
1.752450
1.788571
1.788571
1.741500
1.741500
1.761888
1.761888
1.747733
1.747733
1.754448
1.754448
1.756924
1.756924
1.749849
1.749849
1.744104
1.744104
1.756645
1.756645
1.746083
1.746083
1.774545
1.774545
1.741735
1.741735
1.755731
1.755731
1.762063
1.762063
1.744632
1.744632
1.737818
1.737818
1.745615
1.745615
1.735651
1.735651
1.752648
1.752648
1.750935
1.750935
1.786522
1.786522
1.721965
1.721965
1.744115
1.744115
1.754864
1.754864
1.764349
1.764349
1.774884
1.774884
1.746358
1.746358
1.758504
1.758504
1.740825
1.740825
1.747513
1.747513
1.741513
1.741513
1.738994
1.738994
1.755545
1.755545
1.752226
1.752226
1.747287
1.747287
1.732057
1.732057
1.739437
1.739437
1.754658
1.754658
1.755183
1.755183
1.737433
1.737433
1.745223
1.745223
1.757225
1.757225
1.758324
1.758324
1.734538
1.734538
1.739953
1.739953
1.724293
1.724293
1.752334
1.752334
1.748143
1.748143
1.735858
1.735858
1.747986
1.747986
1.737600
1.737600
1.759402
1.759402
1.745305
1.745305
1.732371
1.732371
1.745762
1.745762
1.742614
1.742614
1.752863
1.752863
1.740167
1.740167
1.747070
1.747070
1.746773
1.746773
1.726238
1.726238
1.764213
1.764213
1.750165
1.750165
1.723654
1.723654
1.741621
1.741621
1.746411
1.746411
1.768400
1.768400
1.729587
1.729587
1.728897
1.728897
1.750354
1.750354
1.749667
1.749667
1.737310
1.737310
1.755821
1.755821
1.743630
1.743630
1.737173
1.737173
1.752437
1.752437
1.753174
1.753174
1.741281
1.741281
1.736528
1.736528
1.739719
1.739719
1.749824
1.749824
1.750812
1.750812
1.730645
1.730645
1.740657
1.740657
1.735530
1.735530
1.772304
1.772304
1.750744
1.750744
1.741398
1.741398
1.727306
1.727306
1.745498
1.745498
1.733991
1.733991
1.740335
1.740335
1.747009
1.747009
1.734800
1.734800
1.740264
1.740264
1.735052
1.735052
1.740855
1.740855
1.741209
1.741209
1.735296
1.735296
1.745868
1.745868
1.727630
1.727630
1.745508
1.745508
1.744368
1.744368
1.736588
1.736588
1.737305
1.737305
1.721681
1.721681
1.731144
1.731144
1.763340
1.763340
1.733347
1.733347
1.731846
1.731846
1.729727
1.729727
1.760682
1.760682
1.737147
1.737147
1.726704
1.726704
1.734353
1.734353
1.726266
1.726266
1.750566
1.750566
1.738495
1.738495
1.750559
1.750559
1.718892
1.718892
1.721466
1.721466
1.734082
1.734082
1.735093
1.735093
1.735486
1.735486
1.753943
1.753943
1.714177
1.714177
1.737841
1.737841
1.742839
1.742839
1.740564
1.740564
1.727121
1.727121
1.737659
1.737659
1.743569
1.743569
1.743012
1.743012
1.732325
1.732325
1.728266
1.728266
1.726381
1.726381
1.725201
1.725201
1.747075
1.747075
1.729718
1.729718
1.736694
1.736694
1.745748
1.745748
1.747956
1.747956
1.723802
1.723802
1.731599
1.731599
1.733016
1.733016
1.748060
1.748060
1.719024
1.719024
1.744866
1.744866
1.749147
1.749147
1.726281
1.726281
1.732526
1.732526
1.735064
1.735064
1.724126
1.724126
1.736601
1.736601
1.739807
1.739807
1.737688
1.737688
1.726182
1.726182
1.740652
1.740652
1.739223
1.739223
1.733314
1.733314
1.719597
1.719597
1.731219
1.731219
1.725700
1.725700
1.751314
1.751314
1.724804
1.724804
1.736535
1.736535
1.749197
1.749197
1.729348
1.729348
1.711484
1.711484
1.739947
1.739947
1.740926
1.740926
1.731064
1.731064
1.730251
1.730251
1.725493
1.725493
1.737190
1.737190
1.753170
1.753170
1.741339
1.741339
1.731317
1.731317
1.722242
1.722242
1.728303
1.728303
1.741838
1.741838
1.740235
1.740235
1.738705
1.738705
1.729306
1.729306
1.729073
1.729073
1.686514
1.686514
1.729105
1.729105
1.732162
1.732162
1.716854
1.716854
1.747634
1.747634
1.721587
1.721587
1.728814
1.728814
1.721318
1.721318
1.737190
1.737190
1.740443
1.740443
1.714355
1.714355
1.727254
1.727254
1.739325
1.739325
1.721752
1.721752
1.736129
1.736129
1.721055
1.721055
1.726398
1.726398
1.727847
1.727847
1.731858
1.731858
1.725499
1.725499
1.757336
1.757336
1.732327
1.732327
1.734255
1.734255
1.716228
1.716228
1.726027
1.726027
1.756618
1.756618
1.730829
1.730829
1.735357
1.735357
1.735205
1.735205
1.713492
1.713492
1.726854
1.726854
1.722896
1.722896
1.725673
1.725673
1.739251
1.739251
1.723916
1.723916
1.727262
1.727262
1.742415
1.742415
1.726188
1.726188
1.726951
1.726951
1.711662
1.711662
1.735305
1.735305
1.716212
1.716212
1.735831
1.735831
1.710179
1.710179
1.743940
1.743940
1.728853
1.728853
1.727177
1.727177
1.733616
1.733616
1.716828
1.716828
1.729758
1.729758
1.716248
1.716248
1.725666
1.725666
1.731980
1.731980
1.724965
1.724965
1.718624
1.718624
1.731357
1.731357
1.722234
1.722234
1.747614
1.747614
1.703959
1.703959
1.736682
1.736682
1.694705
1.694705
1.735534
1.735534
1.725381
1.725381
1.713874
1.713874
1.722632
1.722632
1.733414
1.733414
1.731682
1.731682
1.730834
1.730834
1.727205
1.727205
1.709165
1.709165
1.725771
1.725771
1.736936
1.736936
1.707927
1.707927
1.733369
1.733369
1.710757
1.710757
1.752894
1.752894
1.724561
1.724561
1.736761
1.736761
1.729980
1.729980
1.710164
1.710164
1.710043
1.710043
1.708302
1.708302
1.729332
1.729332
1.723103
1.723103
1.734548
1.734548
1.730187
1.730187
1.727996
1.727996
1.705638
1.705638
1.746664
1.746664
1.714807
1.714807
1.726716
1.726716
1.726518
1.726518
1.718450
1.718450
1.725202
1.725202
1.729639
1.729639
1.706078
1.706078
1.724555
1.724555
1.729989
1.729989
1.720156
1.720156
1.715808
1.715808
1.729449
1.729449
1.716352
1.716352
1.737413
1.737413
1.710528
1.710528
1.723995
1.723995
1.730650
1.730650
1.737708
1.737708
1.717139
1.717139
1.716611
1.716611
1.714988
1.714988
1.727941
1.727941
1.717972
1.717972
1.722958
1.722958
1.726061
1.726061
1.723865
1.723865
1.698200
1.698200
1.729156
1.729156
1.707402
1.707402
1.715025
1.715025
1.726333
1.726333
1.735606
1.735606
1.728058
1.728058
1.721704
1.721704
1.725092
1.725092
1.707449
1.707449
1.718701
1.718701
1.714019
1.714019
1.717064
1.717064
1.722445
1.722445
1.734188
1.734188
1.699995
1.699995
1.713372
1.713372
1.726507
1.726507
1.714574
1.714574
1.728323
1.728323
1.714484
1.714484
1.728308
1.728308
1.715991
1.715991
1.728153
1.728153
1.700029
1.700029
1.744119
1.744119
1.714572
1.714572
1.716073
1.716073
1.718649
1.718649
1.733743
1.733743
1.704137
1.704137
1.711712
1.711712
1.721486
1.721486
1.728046
1.728046
1.713434
1.713434
1.727301
1.727301
1.721111
1.721111
1.724086
1.724086
1.722278
1.722278
1.705102
1.705102
1.729720
1.729720
1.734213
1.734213
1.724885
1.724885
1.714470
1.714470
1.713842
1.713842
1.674269
1.674269
1.719901
1.719901
1.717314
1.717314
1.719205
1.719205
1.716559
1.716559
1.713339
1.713339
1.724089
1.724089
1.710109
1.710109
1.713820
1.713820
1.721514
1.721514
1.715496
1.715496
1.720215
1.720215
1.721003
1.721003
1.709397
1.709397
1.718820
1.718820
1.704279
1.704279
1.720465
1.720465
1.721058
1.721058
1.724256
1.724256
1.704930
1.704930
1.690776
1.690776
1.699394
1.699394
1.729563
1.729563
1.700327
1.700327
1.730010
1.730010
1.726080
1.726080
1.719282
1.719282
1.715539
1.715539
1.717612
1.717612
1.716947
1.716947
1.692929
1.692929
1.717049
1.717049
1.726097
1.726097
1.704753
1.704753
1.717011
1.717011
1.704777
1.704777
1.730890
1.730890
1.709911
1.709911
1.717610
1.717610
1.709761
1.709761
1.687635
1.687635
1.703427
1.703427
1.711822
1.711822
1.725674
1.725674
1.718591
1.718591
1.705649
1.705649
1.724419
1.724419
1.704168
1.704168
1.706872
1.706872
1.719260
1.719260
1.717298
1.717298
1.712049
1.712049
1.708278
1.708278
1.720017
1.720017
1.710707
1.710707
1.725514
1.725514
1.715133
1.715133
1.711776
1.711776
1.722357
1.722357
1.702686
1.702686
1.718127
1.718127
1.719405
1.719405
1.694614
1.694614
1.728654
1.728654
1.703911
1.703911
1.732707
1.732707
1.715446
1.715446
1.726438
1.726438
1.711403
1.711403
1.703721
1.703721
1.687843
1.687843
1.714278
1.714278
1.704383
1.704383
1.718491
1.718491
1.707900
1.707900
1.722460
1.722460
1.709875
1.709875
1.704746
1.704746
1.714347
1.714347
1.723321
1.723321
1.695206
1.695206
1.704002
1.704002
1.724246
1.724246
1.700779
1.700779
1.709116
1.709116
1.738370
1.738370
1.727073
1.727073
1.699539
1.699539
1.706621
1.706621
1.712224
1.712224
1.707148
1.707148
1.715962
1.715962
1.702075
1.702075
1.720534
1.720534
1.696739
1.696739
1.737131
1.737131
1.708750
1.708750
1.727534
1.727534
1.705504
1.705504
1.694077
1.694077
1.729926
1.729926
1.709041
1.709041
1.721759
1.721759
1.708921
1.708921
1.702881
1.702881
1.702967
1.702967
1.723254
1.723254
1.691452
1.691452
1.722188
1.722188
1.701419
1.701419
1.712614
1.712614
1.702206
1.702206
1.712100
1.712100
1.725580
1.725580
1.697915
1.697915
1.708351
1.708351
1.706068
1.706068
1.707507
1.707507
1.708496
1.708496
1.714313
1.714313
1.704630
1.704630
1.712420
1.712420
1.730688
1.730688
1.691347
1.691347
1.694978
1.694978
1.727485
1.727485
1.708947
1.708947
1.709590
1.709590
1.707824
1.707824
1.707367
1.707367
1.711108
1.711108
1.701148
1.701148
1.713405
1.713405
1.710321
1.710321
1.716716
1.716716
1.686826
1.686826
1.710989
1.710989
1.697808
1.697808
1.724410
1.724410
1.700701
1.700701
1.712969
1.712969
1.712941
1.712941
1.710369
1.710369
1.703947
1.703947
1.701425
1.701425
1.724601
1.724601
1.710368
1.710368
1.706384
1.706384
1.707632
1.707632
1.710360
1.710360
1.698564
1.698564
1.709022
1.709022
1.709973
1.709973
1.706130
1.706130
1.702463
1.702463
1.718975
1.718975
1.716787
1.716787
1.700402
1.700402
1.707168
1.707168
1.705320
1.705320
1.708938
1.708938
1.708199
1.708199
1.714262
1.714262
1.693790
1.693790
1.712678
1.712678
1.707407
1.707407
1.713625
1.713625
1.706140
1.706140
1.716945
1.716945
1.695623
1.695623
1.687828
1.687828
1.692729
1.692729
1.711401
1.711401
1.700201
1.700201
1.715988
1.715988
1.717749
1.717749
1.706501
1.706501
1.696023
1.696023
1.711420
1.711420
1.707346
1.707346
1.710332
1.710332
1.694100
1.694100
1.704908
1.704908
1.708203
1.708203
1.711985
1.711985
1.714936
1.714936
1.701469
1.701469
1.719495
1.719495
1.696812
1.696812
1.708114
1.708114
1.688889
1.688889
1.697180
1.697180
1.715155
1.715155
1.694593
1.694593
1.712445
1.712445
1.706389
1.706389
1.709532
1.709532
1.704527
1.704527
1.709859
1.709859
1.698824
1.698824
1.681804
1.681804
1.705962
1.705962
1.710090
1.710090
1.687007
1.687007
1.710744
1.710744
1.702728
1.702728
1.716266
1.716266
1.704733
1.704733
1.686183
1.686183
1.699239
1.699239
1.726088
1.726088
1.709668
1.709668
1.688300
1.688300
1.715362
1.715362
1.703155
1.703155
1.693275
1.693275
1.706525
1.706525
1.697097
1.697097
1.697415
1.697415
1.713752
1.713752
1.698657
1.698657
1.709927
1.709927
1.697953
1.697953
1.718156
1.718156
1.687832
1.687832
1.700482
1.700482
1.706985
1.706985
1.718141
1.718141
1.706910
1.706910
1.693170
1.693170
1.662306
1.662306
1.703334
1.703334
1.702272
1.702272
1.703463
1.703463
1.703818
1.703818
1.702096
1.702096
1.696772
1.696772
1.701653
1.701653
1.704249
1.704249
1.706816
1.706816
1.710172
1.710172
1.688743
1.688743
1.704485
1.704485
1.706347
1.706347
1.709276
1.709276
1.707239
1.707239
1.703998
1.703998
1.706409
1.706409
1.703334
1.703334
1.700146
1.700146
1.684692
1.684692
1.696668
1.696668
1.695658
1.695658
1.702230
1.702230
1.701831
1.701831
1.732147
1.732147
1.709426
1.709426
1.685296
1.685296
1.698402
1.698402
1.706929
1.706929
1.712316
1.712316
1.710001
1.710001
1.689396
1.689396
1.700681
1.700681
1.698453
1.698453
1.714459
1.714459
1.697949
1.697949
1.694231
1.694231
1.709743
1.709743
1.700687
1.700687
1.698348
1.698348
1.690059
1.690059
1.708761
1.708761
1.693306
1.693306
1.704564
1.704564
1.713932
1.713932
1.698728
1.698728
1.704449
1.704449
1.698175
1.698175
1.695452
1.695452
1.714944
1.714944
1.702754
1.702754
1.695071
1.695071
1.704742
1.704742
1.697281
1.697281
1.703968
1.703968
1.705071
1.705071
1.701538
1.701538
1.702533
1.702533
1.689476
1.689476
1.705525
1.705525
1.695429
1.695429
1.723378
1.723378
1.702545
1.702545
1.687961
1.687961
1.665979
1.665979
1.696423
1.696423
1.688517
1.688517
1.700954
1.700954
1.705772
1.705772
1.720749
1.720749
1.692763
1.692763
1.711326
1.711326
1.699103
1.699103
1.685106
1.685106
1.719671
1.719671
1.701429
1.701429
1.693307
1.693307
1.712544
1.712544
1.691259
1.691259
1.678003
1.678003
1.697674
1.697674
1.710417
1.710417
1.699496
1.699496
1.683967
1.683967
1.702113
1.702113
1.692710
1.692710
1.715170
1.715170
1.706427
1.706427
1.687742
1.687742
1.668260
1.668260
1.697749
1.697749
1.700086
1.700086
1.695112
1.695112
1.697701
1.697701
1.705520
1.705520
1.701128
1.701128
1.690483
1.690483
1.709442
1.709442
1.691565
1.691565
1.697282
1.697282
1.681310
1.681310
1.696549
1.696549
1.705677
1.705677
1.703944
1.703944
1.712178
1.712178
1.683103
1.683103
1.708383
1.708383
1.696800
1.696800
1.701888
1.701888
1.700250
1.700250
1.697774
1.697774
1.695357
1.695357
1.695018
1.695018
1.696535
1.696535
1.714451
1.714451
1.691938
1.691938
1.711218
1.711218
1.704986
1.704986
1.685729
1.685729
1.678900
1.678900
1.694728
1.694728
1.698252
1.698252
1.690523
1.690523
1.694419
1.694419
1.725763
1.725763
1.706465
1.706465
1.692711
1.692711
1.686446
1.686446
1.700856
1.700856
1.696300
1.696300
1.698024
1.698024
1.698393
1.698393
1.695039
1.695039
1.692274
1.692274
1.706665
1.706665
1.693720
1.693720
1.697869
1.697869
1.693484
1.693484
1.702014
1.702014
1.692476
1.692476
1.701500
1.701500
1.709468
1.709468
1.680875
1.680875
1.698902
1.698902
1.673177
1.673177
1.701874
1.701874
1.704761
1.704761
1.687294
1.687294
1.689434
1.689434
1.696117
1.696117
1.682838
1.682838
1.694739
1.694739
1.703340
1.703340
1.696402
1.696402
1.714057
1.714057
1.680526
1.680526
1.701174
1.701174
1.696514
1.696514
1.696307
1.696307
1.711438
1.711438
1.696094
1.696094
1.693714
1.693714
1.701742
1.701742
1.691197
1.691197
1.678485
1.678485
1.702003
1.702003
1.685068
1.685068
1.697397
1.697397
1.691850
1.691850
1.696745
1.696745
1.696827
1.696827
1.707716
1.707716
1.693541
1.693541
1.681134
1.681134
1.684825
1.684825
1.677770
1.677770
1.696596
1.696596
1.693028
1.693028
1.698492
1.698492
1.727686
1.727686
1.694696
1.694696
1.684350
1.684350
1.687165
1.687165
1.708890
1.708890
1.695918
1.695918
1.695588
1.695588
1.707862
1.707862
1.683775
1.683775
1.689629
1.689629
1.689267
1.689267
1.694301
1.694301
1.684672
1.684672
1.685853
1.685853
1.706740
1.706740
1.705531
1.705531
1.697128
1.697128
1.685554
1.685554
1.694178
1.694178
1.693077
1.693077
1.706096
1.706096
1.701799
1.701799
1.682789
1.682789
1.681310
1.681310
1.701158
1.701158
1.711852
1.711852
1.691068
1.691068
1.698582
1.698582
1.683259
1.683259
1.696908
1.696908
1.700143
1.700143
1.704323
1.704323
1.686047
1.686047
1.693862
1.693862
1.687237
1.687237
1.689490
1.689490
1.675777
1.675777
1.710548
1.710548
1.685315
1.685315
1.702644
1.702644
1.672767
1.672767
1.690150
1.690150
1.695389
1.695389
1.684070
1.684070
1.707331
1.707331
1.661174
1.661174
1.688419
1.688419
1.682947
1.682947
1.709965
1.709965
1.696750
1.696750
1.659744
1.659744
1.683821
1.683821
1.698503
1.698503
1.670995
1.670995
1.703545
1.703545
1.732680
1.732680
1.691595
1.691595
1.698217
1.698217
1.691382
1.691382
1.696196
1.696196
1.665418
1.665418
1.694540
1.694540
1.679539
1.679539
1.712717
1.712717
1.685251
1.685251
1.679830
1.679830
1.691160
1.691160
1.704414
1.704414
1.690319
1.690319
1.687791
1.687791
1.670642
1.670642
1.706140
1.706140
1.681352
1.681352
1.693265
1.693265
1.681169
1.681169
1.708430
1.708430
1.689787
1.689787
1.713688
1.713688
1.698089
1.698089
1.670830
1.670830
1.671565
1.671565
1.710398
1.710398
1.698284
1.698284
1.677598
1.677598
1.674209
1.674209
1.707209
1.707209
1.678571
1.678571
1.693118
1.693118
1.682593
1.682593
1.697436
1.697436
1.723096
1.723096
1.698170
1.698170
1.703203
1.703203
1.675622
1.675622
1.684704
1.684704
1.684243
1.684243
1.700061
1.700061
1.692965
1.692965
1.683562
1.683562
1.683306
1.683306
1.688634
1.688634
1.690144
1.690144
1.688229
1.688229
1.684390
1.684390
1.690202
1.690202
1.710523
1.710523
1.693525
1.693525
1.690225
1.690225
1.690525
1.690525
1.687907
1.687907
1.679159
1.679159
1.694884
1.694884
1.688392
1.688392
1.695259
1.695259
1.678551
1.678551
1.694591
1.694591
1.692146
1.692146
1.690888
1.690888
1.697068
1.697068
1.676350
1.676350
1.695875
1.695875
1.673861
1.673861
1.705552
1.705552
1.686005
1.686005
1.688843
1.688843
1.702468
1.702468
1.690185
1.690185
1.680860
1.680860
1.684324
1.684324
1.703399
1.703399
1.687122
1.687122
1.684951
1.684951
1.689071
1.689071
1.700343
1.700343
1.683386
1.683386
1.688160
1.688160
1.695459
1.695459
1.687822
1.687822
1.684598
1.684598
1.693861
1.693861
1.662161
1.662161
1.691690
1.691690
1.683255
1.683255
1.693763
1.693763
1.687008
1.687008
1.674719
1.674719
1.688224
1.688224
1.675570
1.675570
1.695892
1.695892
1.692678
1.692678
1.686000
1.686000
1.685553
1.685553
1.698161
1.698161
1.681955
1.681955
1.688818
1.688818
1.680818
1.680818
1.687856
1.687856
1.685591
1.685591
1.688674
1.688674
1.689328
1.689328
1.693293
1.693293
1.688852
1.688852
1.696610
1.696610
1.687868
1.687868
1.681905
1.681905
1.681974
1.681974
1.678594
1.678594
1.688093
1.688093
1.681477
1.681477
1.697515
1.697515
1.713825
1.713825
1.694949
1.694949
1.676074
1.676074
1.690720
1.690720
1.691774
1.691774
1.690393
1.690393
1.683519
1.683519
1.690896
1.690896
1.689854
1.689854
1.687276
1.687276
1.696896
1.696896
1.682786
1.682786
1.689026
1.689026
1.685879
1.685879
1.696464
1.696464
1.680218
1.680218
1.678985
1.678985
1.684560
1.684560
1.695024
1.695024
1.688969
1.688969
1.696031
1.696031
1.683152
1.683152
1.678098
1.678098
1.690595
1.690595
1.690163
1.690163
1.710709
1.710709
1.687189
1.687189
1.686473
1.686473
1.676027
1.676027
1.700829
1.700829
1.679889
1.679889
1.698258
1.698258
1.679348
1.679348
1.685464
1.685464
1.687801
1.687801
1.676707
1.676707
1.677603
1.677603
1.681114
1.681114
1.679097
1.679097
1.709072
1.709072
1.680201
1.680201
1.667259
1.667259
1.697385
1.697385
1.688232
1.688232
1.690163
1.690163
1.689414
1.689414
1.683552
1.683552
1.701005
1.701005
1.673936
1.673936
1.682879
1.682879
1.692546
1.692546
1.685821
1.685821
1.682023
1.682023
1.695004
1.695004
1.684917
1.684917
1.669888
1.669888
1.688983
1.688983
1.686857
1.686857
1.696429
1.696429
1.672046
1.672046
1.681312
1.681312
1.689916
1.689916
1.690931
1.690931
1.683363
1.683363
1.682050
1.682050
1.674840
1.674840
1.698901
1.698901
1.678301
1.678301
1.679256
1.679256
1.679543
1.679543
1.707344
1.707344
1.673482
1.673482
1.688748
1.688748
1.674713
1.674713
1.699956
1.699956
1.699542
1.699542
1.678353
1.678353
1.668875
1.668875
1.696076
1.696076
1.689586
1.689586
1.707774
1.707774
1.681678
1.681678
1.683062
1.683062
1.680144
1.680144
1.689843
1.689843
1.697084
1.697084
1.702989
1.702989
1.683504
1.683504
1.691274
1.691274
1.667756
1.667756
1.657738
1.657738
1.677721
1.677721
1.688561
1.688561
1.681717
1.681717
1.685618
1.685618
1.694243
1.694243
1.674311
1.674311
1.671758
1.671758
1.691660
1.691660
1.688504
1.688504
1.713578
1.713578
1.689167
1.689167
1.677040
1.677040
1.686457
1.686457
1.683547
1.683547
1.678099
1.678099
1.691340
1.691340
1.672879
1.672879
1.668472
1.668472
1.690408
1.690408
1.717102
1.717102
1.682703
1.682703
1.686699
1.686699
1.678772
1.678772
1.680386
1.680386
1.697062
1.697062
1.673134
1.673134
1.689394
1.689394
1.680942
1.680942
1.687598
1.687598
1.687146
1.687146
1.685037
1.685037
1.679864
1.679864
1.684770
1.684770
1.684254
1.684254
1.675791
1.675791
1.669775
1.669775
1.691627
1.691627
1.681587
1.681587
1.683391
1.683391
1.695937
1.695937
1.679743
1.679743
1.681072
1.681072
1.683751
1.683751
1.688004
1.688004
1.673681
1.673681
1.676118
1.676118
1.676151
1.676151
1.674110
1.674110
1.693145
1.693145
1.715606
1.715606
1.697500
1.697500
1.684115
1.684115
1.667238
1.667238
1.679801
1.679801
1.678985
1.678985
1.692265
1.692265
1.669950
1.669950
1.690930
1.690930
1.668114
1.668114
1.702018
1.702018
1.665236
1.665236
1.691235
1.691235
1.689381
1.689381
1.681710
1.681710
1.679202
1.679202
1.670861
1.670861
1.666623
1.666623
1.702012
1.702012
1.687879
1.687879
1.678723
1.678723
1.671012
1.671012
1.679058
1.679058
1.684642
1.684642
1.695119
1.695119
1.663813
1.663813
1.682394
1.682394
1.683682
1.683682
1.674639
1.674639
1.687160
1.687160
1.666852
1.666852
1.681451
1.681451
1.696900
1.696900
1.666043
1.666043
1.683007
1.683007
1.669526
1.669526
1.674810
1.674810
1.682978
1.682978
1.677734
1.677734
1.689136
1.689136
1.680432
1.680432
1.677511
1.677511
1.688789
1.688789
1.674097
1.674097
1.688866
1.688866
1.666506
1.666506
1.676953
1.676953
1.680660
1.680660
1.682182
1.682182
1.682169
1.682169
1.691155
1.691155
1.682409
1.682409
1.681589
1.681589
1.673987
1.673987
1.680290
1.680290
1.702736
1.702736
1.688762
1.688762
1.687321
1.687321
1.675510
1.675510
1.676919
1.676919
1.666151
1.666151
1.673667
1.673667
1.677240
1.677240
1.669211
1.669211
1.688773
1.688773
1.724019
1.724019
1.668214
1.668214
1.683187
1.683187
1.678280
1.678280
1.690326
1.690326
1.676638
1.676638
1.679047
1.679047
1.691961
1.691961
1.672409
1.672409
1.672778
1.672778
1.686268
1.686268
1.676839
1.676839
1.681036
1.681036
1.675069
1.675069
1.676962
1.676962
1.706298
1.706298
1.676196
1.676196
1.683417
1.683417
1.686587
1.686587
1.674224
1.674224
1.671852
1.671852
1.683448
1.683448
1.664541
1.664541
1.698550
1.698550
1.669011
1.669011
1.689872
1.689872
1.699348
1.699348
1.662086
1.662086
1.692016
1.692016
1.670742
1.670742
1.663163
1.663163
1.674708
1.674708
1.683799
1.683799
1.678693
1.678693
1.681709
1.681709
1.681510
1.681510
1.674643
1.674643
1.686065
1.686065
1.661015
1.661015
1.690980
1.690980
1.701970
1.701970
1.671843
1.671843
1.662899
1.662899
1.678495
1.678495
1.695260
1.695260
1.715359
1.715359
1.680129
1.680129
1.672029
1.672029
1.683295
1.683295
1.679304
1.679304
1.693659
1.693659
1.685098
1.685098
1.660401
1.660401
1.679474
1.679474
1.683729
1.683729
1.701181
1.701181
1.688644
1.688644
1.671794
1.671794
1.668685
1.668685
1.686278
1.686278
1.671765
1.671765
1.671156
1.671156
1.682529
1.682529
1.680520
1.680520
1.678018
1.678018
1.682627
1.682627
1.681278
1.681278
1.674176
1.674176
1.676357
1.676357
1.682688
1.682688
1.679160
1.679160
1.674900
1.674900
1.674466
1.674466
1.684688
1.684688
1.680986
1.680986
1.680293
1.680293
1.684191
1.684191
1.673118
1.673118
1.687196
1.687196
1.675496
1.675496
1.665328
1.665328
1.674790
1.674790
1.686373
1.686373
1.670270
1.670270
1.683593
1.683593
1.681548
1.681548
1.681708
1.681708
1.671885
1.671885
1.675305
1.675305
1.687964
1.687964
1.673952
1.673952
1.682680
1.682680
1.668568
1.668568
1.688663
1.688663
1.671740
1.671740
1.688439
1.688439
1.673853
1.673853
1.674353
1.674353
1.689801
1.689801
1.677054
1.677054
1.673530
1.673530
1.689767
1.689767
1.672830
1.672830
1.675293
1.675293
1.683105
1.683105
1.650748
1.650748
1.678256
1.678256
1.678365
1.678365
1.684712
1.684712
1.664180
1.664180
1.693191
1.693191
1.675584
1.675584
1.671319
1.671319
1.675896
1.675896
1.690450
1.690450
1.655345
1.655345
1.664830
1.664830
1.673025
1.673025
1.673707
1.673707
1.692963
1.692963
1.682881
1.682881
1.675709
1.675709
1.680174
1.680174
1.674666
1.674666
1.675096
1.675096
1.679051
1.679051
1.676611
1.676611
1.681782
1.681782
1.669293
1.669293
1.674338
1.674338
1.691509
1.691509
1.668521
1.668521
1.670702
1.670702
1.683892
1.683892
1.690377
1.690377
1.653710
1.653710
1.666068
1.666068
1.672587
1.672587
1.677183
1.677183
1.692811
1.692811
1.669634
1.669634
1.676894
1.676894
1.668922
1.668922
1.674591
1.674591
1.689128
1.689128
1.665976
1.665976
1.689391
1.689391
1.670699
1.670699
1.673492
1.673492
1.658616
1.658616
1.722217
1.722217
1.679651
1.679651
1.672062
1.672062
1.682215
1.682215
1.677510
1.677510
1.655481
1.655481
1.667218
1.667218
1.674877
1.674877
1.667051
1.667051
1.686822
1.686822
1.696931
1.696931
1.687241
1.687241
1.685027
1.685027
1.656742
1.656742
1.671157
1.671157
1.680389
1.680389
1.660503
1.660503
1.682823
1.682823
1.679697
1.679697
1.676045
1.676045
1.681621
1.681621
1.672812
1.672812
1.679499
1.679499
1.669165
1.669165
1.675718
1.675718
1.686775
1.686775
1.677552
1.677552
1.672911
1.672911
1.674655
1.674655
1.678118
1.678118
1.667351
1.667351
1.689091
1.689091
1.682832
1.682832
1.664557
1.664557
1.671521
1.671521
1.652724
1.652724
1.675210
1.675210
1.665595
1.665595
1.681031
1.681031
1.676328
1.676328
1.686664
1.686664
1.686043
1.686043
1.667956
1.667956
1.670078
1.670078
1.681674
1.681674
1.661845
1.661845
1.673765
1.673765
1.687077
1.687077
1.676924
1.676924
1.660020
1.660020
1.675803
1.675803
1.679614
1.679614
1.674505
1.674505
1.672629
1.672629
1.665589
1.665589
1.684156
1.684156
1.674501
1.674501
1.673758
1.673758
1.681571
1.681571
1.669315
1.669315
1.662295
1.662295
1.670902
1.670902
1.664924
1.664924
1.674509
1.674509
1.683795
1.683795
1.679940
1.679940
1.666041
1.666041
1.669227
1.669227
1.684718
1.684718
1.675679
1.675679
1.676226
1.676226
1.679176
1.679176
1.670177
1.670177
1.665474
1.665474
1.680185
1.680185
1.678372
1.678372
1.664836
1.664836
1.673259
1.673259
1.678090
1.678090
1.683391
1.683391
1.663630
1.663630
1.659594
1.659594
1.670998
1.670998
1.688961
1.688961
1.677360
1.677360
1.674654
1.674654
1.676988
1.676988
1.666688
1.666688
1.668807
1.668807
1.685920
1.685920
1.670647
1.670647
1.681917
1.681917
1.660982
1.660982
1.667735
1.667735
1.681061
1.681061
1.694806
1.694806
1.657578
1.657578
1.694638
1.694638
1.670302
1.670302
1.669910
1.669910
1.692637
1.692637
1.676696
1.676696
1.680427
1.680427
1.668995
1.668995
1.678019
1.678019
1.652207
1.652207
1.676765
1.676765
1.677343
1.677343
1.673584
1.673584
1.667700
1.667700
1.678321
1.678321
1.663344
1.663344
1.670650
1.670650
1.670480
1.670480
1.683868
1.683868
1.696656
1.696656
1.673907
1.673907
1.673457
1.673457
1.677266
1.677266
1.672941
1.672941
1.664977
1.664977
1.675188
1.675188
1.674488
1.674488
1.656770
1.656770
1.692952
1.692952
1.655711
1.655711
1.671802
1.671802
1.674612
1.674612
1.679106
1.679106
1.675286
1.675286
1.651405
1.651405
1.682838
1.682838
1.657062
1.657062
1.673368
1.673368
1.670684
1.670684
1.704190
1.704190
1.682148
1.682148
1.663360
1.663360
1.672616
1.672616
1.664009
1.664009
1.702914
1.702914
1.649563
1.649563
1.672815
1.672815
1.672300
1.672300
1.690903
1.690903
1.682521
1.682521
1.661750
1.661750
1.668871
1.668871
1.662006
1.662006
1.698882
1.698882
1.661392
1.661392
1.671021
1.671021
1.660562
1.660562
1.676561
1.676561
1.671735
1.671735
1.698330
1.698330
1.665209
1.665209
1.678139
1.678139
1.671029
1.671029
1.672448
1.672448
1.674461
1.674461
1.683459
1.683459
1.660918
1.660918
1.676281
1.676281
1.668903
1.668903
1.664951
1.664951
1.673433
1.673433
1.659056
1.659056
1.679809
1.679809
1.666755
1.666755
1.698879
1.698879
1.677840
1.677840
1.667531
1.667531
1.674417
1.674417
1.667914
1.667914
1.662793
1.662793
1.675379
1.675379
1.672735
1.672735
1.675548
1.675548
1.658386
1.658386
1.677739
1.677739
1.676199
1.676199
1.673005
1.673005
1.664704
1.664704
1.672382
1.672382
1.663025
1.663025
1.658767
1.658767
1.677629
1.677629
1.673763
1.673763
1.669120
1.669120
1.686800
1.686800
1.660787
1.660787
1.682176
1.682176
1.660133
1.660133
1.681527
1.681527
1.669941
1.669941
1.660693
1.660693
1.675086
1.675086
1.670180
1.670180
1.673787
1.673787
1.682680
1.682680
1.664544
1.664544
1.686769
1.686769
1.659936
1.659936
1.669245
1.669245
1.676603
1.676603
1.665464
1.665464
1.653106
1.653106
1.675508
1.675508
1.677459
1.677459
1.708149
1.708149
1.670465
1.670465
1.684009
1.684009
1.662184
1.662184
1.666386
1.666386
1.670028
1.670028
1.673547
1.673547
1.669620
1.669620
1.680887
1.680887
1.663102
1.663102
1.653482
1.653482
1.668526
1.668526
1.668951
1.668951
1.663148
1.663148
1.680621
1.680621
1.669713
1.669713
1.675746
1.675746
1.679175
1.679175
1.669089
1.669089
1.667693
1.667693
1.635737
1.635737
1.658815
1.658815
1.663594
1.663594
1.674823
1.674823
1.684803
1.684803
1.668641
1.668641
1.667382
1.667382
1.675888
1.675888
1.670029
1.670029
1.670446
1.670446
1.664186
1.664186
1.667407
1.667407
1.670009
1.670009
1.668129
1.668129
1.679511
1.679511
1.660985
1.660985
1.670677
1.670677
1.672674
1.672674
1.665627
1.665627
1.672998
1.672998
1.672077
1.672077
1.672169
1.672169
1.682327
1.682327
1.654276
1.654276
1.671806
1.671806
1.675668
1.675668
1.664672
1.664672
1.675113
1.675113
1.661124
1.661124
1.678807
1.678807
1.672896
1.672896
1.672470
1.672470
1.677582
1.677582
1.661841
1.661841
1.667609
1.667609
1.665388
1.665388
1.664620
1.664620
1.659670
1.659670
1.681045
1.681045
1.675604
1.675604
1.655585
1.655585
1.672355
1.672355
1.669240
1.669240
1.657894
1.657894
1.678409
1.678409
1.667523
1.667523
1.665031
1.665031
1.669698
1.669698
1.675655
1.675655
1.669018
1.669018
1.664724
1.664724
1.678952
1.678952
1.660785
1.660785
1.658055
1.658055
1.677075
1.677075
1.681267
1.681267
1.659349
1.659349
1.665247
1.665247
1.675435
1.675435
1.674363
1.674363
1.683542
1.683542
1.673838
1.673838
1.662339
1.662339
1.670183
1.670183
1.661312
1.661312
1.706058
1.706058
1.682201
1.682201
1.661109
1.661109
1.662377
1.662377
1.671117
1.671117
1.674361
1.674361
1.675251
1.675251
1.677901
1.677901
1.665157
1.665157
1.659803
1.659803
1.668748
1.668748
1.667796
1.667796
1.675231
1.675231
1.654242
1.654242
1.668577
1.668577
1.699448
1.699448
1.650798
1.650798
1.669559
1.669559
1.674930
1.674930
1.669546
1.669546
1.692626
1.692626
1.675391
1.675391
1.663162
1.663162
1.674212
1.674212
1.665457
1.665457
1.648464
1.648464
1.670153
1.670153
1.659259
1.659259
1.672773
1.672773
1.667821
1.667821
1.676353
1.676353
1.671708
1.671708
1.677060
1.677060
1.657458
1.657458
1.672516
1.672516
1.648944
1.648944
1.664652
1.664652
1.672070
1.672070
1.667042
1.667042
1.672784
1.672784
1.658243
1.658243
1.668147
1.668147
1.655953
1.655953
1.685158
1.685158
1.664530
1.664530
1.668588
1.668588
1.667840
1.667840
1.648897
1.648897
1.675486
1.675486
1.683711
1.683711
1.663304
1.663304
1.664303
1.664303
1.680260
1.680260
1.675027
1.675027
1.657738
1.657738
1.659396
1.659396
1.675084
1.675084
1.680125
1.680125
1.652807
1.652807
1.666611
1.666611
1.667887
1.667887
1.662641
1.662641
1.663214
1.663214
1.676662
1.676662
1.673285
1.673285
1.663724
1.663724
1.674417
1.674417
1.676917
1.676917
1.674670
1.674670
1.656873
1.656873
1.633782
1.633782
1.663879
1.663879
1.675043
1.675043
1.675368
1.675368
1.661172
1.661172
1.655209
1.655209
1.658302
1.658302
1.680206
1.680206
1.671721
1.671721
1.669396
1.669396
1.642295
1.642295
1.673407
1.673407
1.660168
1.660168
1.669574
1.669574
1.662705
1.662705
1.688769
1.688769
1.675020
1.675020
1.665007
1.665007
1.671109
1.671109
1.667577
1.667577
1.643458
1.643458
1.668090
1.668090
1.664806
1.664806
1.675298
1.675298
1.667716
1.667716
1.650715
1.650715
1.669524
1.669524
1.663024
1.663024
1.680210
1.680210
1.653609
1.653609
1.676620
1.676620
1.679687
1.679687
1.657436
1.657436
1.685063
1.685063
1.648016
1.648016
1.665284
1.665284
1.661752
1.661752
1.680380
1.680380
1.654411
1.654411
1.671818
1.671818
1.674215
1.674215
1.678625
1.678625
1.670998
1.670998
1.671479
1.671479
1.655305
1.655305
1.649163
1.649163
1.662629
1.662629
1.686783
1.686783
1.663146
1.663146
1.657061
1.657061
1.672143
1.672143
1.673752
1.673752
1.664037
1.664037
1.677733
1.677733
1.650597
1.650597
1.683419
1.683419
1.669764
1.669764
1.659973
1.659973
1.650407
1.650407
1.683141
1.683141
1.692240
1.692240
1.669188
1.669188
1.678727
1.678727
1.657059
1.657059
1.670351
1.670351
1.650722
1.650722
1.674922
1.674922
1.668340
1.668340
1.675118
1.675118
1.651206
1.651206
1.668032
1.668032
1.677153
1.677153
1.656263
1.656263
1.671183
1.671183
1.670339
1.670339
1.643857
1.643857
1.668289
1.668289
1.669153
1.669153
1.662596
1.662596
1.674024
1.674024
1.638872
1.638872
1.666250
1.666250
1.657940
1.657940
1.671685
1.671685
1.673974
1.673974
1.651517
1.651517
1.674415
1.674415
1.663213
1.663213
1.654812
1.654812
1.670967
1.670967
1.675940
1.675940
1.665466
1.665466
1.658133
1.658133
1.666550
1.666550
1.680449
1.680449
1.653912
1.653912
1.663954
1.663954
1.676157
1.676157
1.665618
1.665618
1.668743
1.668743
1.642501
1.642501
1.675429
1.675429
1.679831
1.679831
1.652959
1.652959
1.659403
1.659403
1.666462
1.666462
1.668260
1.668260
1.659449
1.659449
1.667619
1.667619
1.674208
1.674208
1.660494
1.660494
1.653110
1.653110
1.656853
1.656853
1.675399
1.675399
1.677131
1.677131
1.683079
1.683079
1.671334
1.671334
1.671110
1.671110
1.655869
1.655869
1.661532
1.661532
1.691447
1.691447
1.671698
1.671698
1.663840
1.663840
1.662008
1.662008
1.672104
1.672104
1.657063
1.657063
1.673572
1.673572
1.656725
1.656725
1.660527
1.660527
1.671805
1.671805
1.677390
1.677390
1.666165
1.666165
1.680447
1.680447
1.666613
1.666613
1.649533
1.649533
1.669626
1.669626
1.670977
1.670977
1.660733
1.660733
1.662702
1.662702
1.665900
1.665900
1.669644
1.669644
1.675592
1.675592
1.665117
1.665117
1.654622
1.654622
1.663361
1.663361
1.668013
1.668013
1.671703
1.671703
1.661698
1.661698
1.665840
1.665840
1.662234
1.662234
1.653805
1.653805
1.659569
1.659569
1.680504
1.680504
1.659865
1.659865
1.664809
1.664809
1.643877
1.643877
1.685136
1.685136
1.649741
1.649741
1.667504
1.667504
1.658600
1.658600
1.657225
1.657225
1.664144
1.664144
1.673234
1.673234
1.663023
1.663023
1.670027
1.670027
1.627711
1.627711
1.654095
1.654095
1.663669
1.663669
1.663099
1.663099
1.670299
1.670299
1.689573
1.689573
1.662984
1.662984
1.667266
1.667266
1.659955
1.659955
1.661187
1.661187
1.681419
1.681419
1.670783
1.670783
1.660962
1.660962
1.663569
1.663569
1.652832
1.652832
1.690984
1.690984
1.670028
1.670028
1.679898
1.679898
1.651985
1.651985
1.659196
1.659196
1.649161
1.649161
1.653000
1.653000
1.661411
1.661411
1.677552
1.677552
1.663216
1.663216
1.671853
1.671853
1.673220
1.673220
1.666657
1.666657
1.648945
1.648945
1.671395
1.671395
1.659815
1.659815
1.660132
1.660132
1.662560
1.662560
1.665580
1.665580
1.668253
1.668253
1.677255
1.677255
1.664094
1.664094
1.672548
1.672548
1.660382
1.660382
1.662634
1.662634
1.669793
1.669793
1.669978
1.669978
1.684869
1.684869
1.648454
1.648454
1.648762
1.648762
1.697915
1.697915
1.667459
1.667459
1.651443
1.651443
1.671236
1.671236
1.668648
1.668648
1.677296
1.677296
1.658707
1.658707
1.673450
1.673450
1.661102
1.661102
1.668063
1.668063
1.668583
1.668583
1.662832
1.662832
1.660009
1.660009
1.660809
1.660809
1.675578
1.675578
1.673457
1.673457
1.662459
1.662459
1.676298
1.676298
1.661643
1.661643
1.661343
1.661343
1.662986
1.662986
1.666270
1.666270
1.675131
1.675131
1.665080
1.665080
1.658545
1.658545
1.649550
1.649550
1.647345
1.647345
1.680325
1.680325
1.670402
1.670402
1.662580
1.662580
1.660753
1.660753
1.662361
1.662361
1.669154
1.669154
1.664360
1.664360
1.665342
1.665342
1.652612
1.652612
1.673007
1.673007
1.650163
1.650163
1.665603
1.665603
1.673620
1.673620
1.636485
1.636485
1.654414
1.654414
1.691233
1.691233
1.655569
1.655569
1.655471
1.655471
1.647450
1.647450
1.669265
1.669265
1.665389
1.665389
1.648114
1.648114
1.664248
1.664248
1.674759
1.674759
1.658562
1.658562
1.661917
1.661917
1.662666
1.662666
1.663891
1.663891
1.676381
1.676381
1.641392
1.641392
1.663782
1.663782
1.682060
1.682060
1.667186
1.667186
1.654804
1.654804
1.660844
1.660844
1.675445
1.675445
1.657583
1.657583
1.658435
1.658435
1.664289
1.664289
1.656791
1.656791
1.664159
1.664159
1.677450
1.677450
1.650779
1.650779
1.675702
1.675702
1.665912
1.665912
1.666752
1.666752
1.661399
1.661399
1.658453
1.658453
1.664214
1.664214
1.667896
1.667896
1.656371
1.656371
1.665720
1.665720
1.658750
1.658750
1.676596
1.676596
1.652389
1.652389
1.664190
1.664190
1.656934
1.656934
1.670642
1.670642
1.691751
1.691751
1.655524
1.655524
1.659399
1.659399
1.668132
1.668132
1.673167
1.673167
1.650533
1.650533
1.673934
1.673934
1.667290
1.667290
1.658957
1.658957
1.655457
1.655457
1.649743
1.649743
1.668308
1.668308
1.670641
1.670641
1.651598
1.651598
1.661874
1.661874
1.655380
1.655380
1.666802
1.666802
1.674823
1.674823
1.656011
1.656011
1.659395
1.659395
1.638108
1.638108
1.661449
1.661449
1.668865
1.668865
1.654925
1.654925
1.658330
1.658330
1.673593
1.673593
1.659407
1.659407
1.661119
1.661119
1.659820
1.659820
1.663324
1.663324
1.666903
1.666903
1.662723
1.662723
1.658312
1.658312
1.660228
1.660228
1.667073
1.667073
1.654881
1.654881
1.659299
1.659299
1.654592
1.654592
1.665444
1.665444
1.668094
1.668094
1.663624
1.663624
1.671118
1.671118
1.654592
1.654592
1.653108
1.653108
1.669221
1.669221
1.666170
1.666170
1.668211
1.668211
1.661449
1.661449
1.656866
1.656866
1.661547
1.661547
1.669231
1.669231
1.656384
1.656384
1.660721
1.660721
1.678743
1.678743
1.663449
1.663449
1.633292
1.633292
1.669415
1.669415
1.655095
1.655095
1.658357
1.658357
1.660852
1.660852
1.685639
1.685639
1.666738
1.666738
1.651590
1.651590
1.664086
1.664086
1.673545
1.673545
1.645124
1.645124
1.670885
1.670885
1.643850
1.643850
1.660702
1.660702
1.670151
1.670151
1.679761
1.679761
1.645504
1.645504
1.677083
1.677083
1.664004
1.664004
1.661743
1.661743
1.670753
1.670753
1.663098
1.663098
1.653727
1.653727
1.662975
1.662975
1.669803
1.669803
1.664051
1.664051
1.659883
1.659883
1.661126
1.661126
1.659760
1.659760
1.667801
1.667801
1.657976
1.657976
1.657505
1.657505
1.667859
1.667859
1.662200
1.662200
1.666953
1.666953
1.637565
1.637565
1.655775
1.655775
1.667672
1.667672
1.665965
1.665965
1.654221
1.654221
1.670507
1.670507
1.676843
1.676843
1.661891
1.661891
1.651614
1.651614
1.654247
1.654247
1.662858
1.662858
1.663754
1.663754
1.667516
1.667516
1.653941
1.653941
1.658079
1.658079
1.667878
1.667878
1.658580
1.658580
1.671983
1.671983
1.663777
1.663777
1.647941
1.647941
1.672159
1.672159
1.668224
1.668224
1.660425
1.660425
1.661464
1.661464
1.649923
1.649923
1.680165
1.680165
1.670121
1.670121
1.652539
1.652539
1.649032
1.649032
1.674366
1.674366
1.658005
1.658005
1.670010
1.670010
1.658528
1.658528
1.657953
1.657953
1.662087
1.662087
1.642698
1.642698
1.674372
1.674372
1.676783
1.676783
1.648110
1.648110
1.646152
1.646152
1.655331
1.655331
1.656711
1.656711
1.656816
1.656816
1.662918
1.662918
1.666768
1.666768
1.664985
1.664985
1.659643
1.659643
1.673637
1.673637
1.652550
1.652550
1.665258
1.665258
1.642391
1.642391
1.674054
1.674054
1.659433
1.659433
1.652090
1.652090
1.659224
1.659224
1.667519
1.667519
1.653872
1.653872
1.667408
1.667408
1.662681
1.662681
1.661473
1.661473
1.667727
1.667727
1.656484
1.656484
1.675367
1.675367
1.651362
1.651362
1.666201
1.666201
1.654152
1.654152
1.676525
1.676525
1.665650
1.665650
1.652159
1.652159
1.652816
1.652816
1.658466
1.658466
1.678709
1.678709
1.657305
1.657305
1.656479
1.656479
1.658387
1.658387
1.642487
1.642487
1.656099
1.656099
1.670820
1.670820
1.668871
1.668871
1.656293
1.656293
1.638859
1.638859
1.664682
1.664682
1.667611
1.667611
1.647562
1.647562
1.662497
1.662497
1.671889
1.671889
1.668083
1.668083
1.652439
1.652439
1.665357
1.665357
1.664607
1.664607
1.639379
1.639379
1.663741
1.663741
1.672311
1.672311
1.651039
1.651039
1.658464
1.658464
1.652541
1.652541
1.659948
1.659948
1.669490
1.669490
1.653739
1.653739
1.650978
1.650978
1.689992
1.689992
1.660758
1.660758
1.654697
1.654697
1.652503
1.652503
1.666209
1.666209
1.687196
1.687196
1.658056
1.658056
1.662756
1.662756
1.665532
1.665532
1.648231
1.648231
1.674760
1.674760
1.649945
1.649945
1.670928
1.670928
1.657852
1.657852
1.664655
1.664655
1.644388
1.644388
1.676358
1.676358
1.647939
1.647939
1.644388
1.644388
1.666323
1.666323
1.673923
1.673923
1.657864
1.657864
1.649594
1.649594
1.668541
1.668541
1.660709
1.660709
1.670609
1.670609
1.655690
1.655690
1.665124
1.665124
1.661410
1.661410
1.651318
1.651318
1.683188
1.683188
1.658621
1.658621
1.661982
1.661982
1.665734
1.665734
1.658726
1.658726
1.644870
1.644870
1.659663
1.659663
1.667896
1.667896
1.652947
1.652947
1.661096
1.661096
1.655127
1.655127
1.662030
1.662030
1.662906
1.662906
1.644070
1.644070
1.665882
1.665882
1.676536
1.676536
1.667809
1.667809
1.659536
1.659536
1.668860
1.668860
1.653079
1.653079
1.627863
1.627863
1.664107
1.664107
1.652339
1.652339
1.657988
1.657988
1.659685
1.659685
1.675432
1.675432
1.663578
1.663578
1.648407
1.648407
1.666906
1.666906
1.666618
1.666618
1.631787
1.631787
1.668247
1.668247
1.673659
1.673659
1.654201
1.654201
1.645805
1.645805
1.644113
1.644113
1.646682
1.646682
1.665452
1.665452
1.666874
1.666874
1.653054
1.653054
1.667648
1.667648
1.653229
1.653229
1.655023
1.655023
1.668326
1.668326
1.655554
1.655554
1.661623
1.661623
1.655120
1.655120
1.660513
1.660513
1.662412
1.662412
1.662533
1.662533
1.640348
1.640348
1.657737
1.657737
1.661555
1.661555
1.651131
1.651131
1.668391
1.668391
1.651821
1.651821
1.649451
1.649451
1.658161
1.658161
1.678407
1.678407
1.655255
1.655255
1.647965
1.647965
1.657686
1.657686
1.649716
1.649716
1.668586
1.668586
1.664132
1.664132
1.657475
1.657475
1.661652
1.661652
1.665254
1.665254
1.662510
1.662510
1.658758
1.658758
1.637217
1.637217
1.658753
1.658753
1.667683
1.667683
1.663847
1.663847
1.651485
1.651485
1.663211
1.663211
1.667613
1.667613
1.669829
1.669829
1.656775
1.656775
1.653244
1.653244
1.645946
1.645946
1.675461
1.675461
1.648636
1.648636
1.660555
1.660555
1.662489
1.662489
1.647227
1.647227
1.665754
1.665754
1.669122
1.669122
1.647433
1.647433
1.653275
1.653275
1.684754
1.684754
1.652840
1.652840
1.686106
1.686106
1.644271
1.644271
1.658106
1.658106
1.664154
1.664154
1.658858
1.658858
1.657237
1.657237
1.665679
1.665679
1.665397
1.665397
1.642086
1.642086
1.656496
1.656496
1.647699
1.647699
1.672452
1.672452
1.666897
1.666897
1.650827
1.650827
1.655376
1.655376
1.653891
1.653891
1.670395
1.670395
1.653733
1.653733
1.681566
1.681566
1.668843
1.668843
1.666878
1.666878
1.648951
1.648951
1.654588
1.654588
1.661115
1.661115
1.655333
1.655333
1.663671
1.663671
1.668011
1.668011
1.656319
1.656319
1.646923
1.646923
1.650854
1.650854
1.665634
1.665634
1.662876
1.662876
1.657726
1.657726
1.666967
1.666967
1.660749
1.660749
1.652883
1.652883
1.649809
1.649809
1.670600
1.670600
1.673949
1.673949
1.656337
1.656337
1.656695
1.656695
1.666267
1.666267
1.660664
1.660664
1.636258
1.636258
1.654063
1.654063
1.662508
1.662508
1.656513
1.656513
1.656060
1.656060
1.662282
1.662282
1.661496
1.661496
1.662967
1.662967
1.656631
1.656631
1.643798
1.643798
1.676952
1.676952
1.665257
1.665257
1.656193
1.656193
1.660132
1.660132
1.651944
1.651944
1.650035
1.650035
1.656435
1.656435
1.655598
1.655598
1.671361
1.671361
1.645625
1.645625
1.668443
1.668443
1.657867
1.657867
1.656503
1.656503
1.656307
1.656307
1.663571
1.663571
1.653792
1.653792
1.661894
1.661894
1.658391
1.658391
1.641533
1.641533
1.664313
1.664313
1.681096
1.681096
1.653444
1.653444
1.664821
1.664821
1.651889
1.651889
1.661740
1.661740
1.664348
1.664348
1.680877
1.680877
1.655217
1.655217
1.659429
1.659429
1.647121
1.647121
1.629879
1.629879
1.650251
1.650251
1.649204
1.649204
1.674326
1.674326
1.657847
1.657847
1.668269
1.668269
1.654765
1.654765
1.654719
1.654719
1.668351
1.668351
1.657137
1.657137
1.659256
1.659256
1.654051
1.654051
1.656442
1.656442
1.674275
1.674275
1.648435
1.648435
1.665680
1.665680
1.668356
1.668356
1.654127
1.654127
1.666608
1.666608
1.648159
1.648159
1.651703
1.651703
1.652077
1.652077
1.648458
1.648458
1.671207
1.671207
1.667169
1.667169
1.644912
1.644912
1.662477
1.662477
1.657911
1.657911
1.651860
1.651860
1.649352
1.649352
1.696867
1.696867
1.650433
1.650433
1.667112
1.667112
1.655555
1.655555
1.655838
1.655838
1.665485
1.665485
1.668700
1.668700
1.641801
1.641801
1.669466
1.669466
1.649151
1.649151
1.663559
1.663559
1.650341
1.650341
1.662115
1.662115
1.660029
1.660029
1.667774
1.667774
1.625998
1.625998
1.664458
1.664458
1.658924
1.658924
1.651133
1.651133
1.649798
1.649798
1.678595
1.678595
1.657368
1.657368
1.641340
1.641340
1.650483
1.650483
1.671601
1.671601
1.680180
1.680180
1.658761
1.658761
1.648616
1.648616
1.653011
1.653011
1.667307
1.667307
1.654791
1.654791
1.652946
1.652946
1.658537
1.658537
1.665162
1.665162
1.650512
1.650512
1.657929
1.657929
1.646709
1.646709
1.674875
1.674875
1.643231
1.643231
1.663906
1.663906
1.651365
1.651365
1.652308
1.652308
1.654456
1.654456
1.660757
1.660757
1.659300
1.659300
1.651846
1.651846
1.658857
1.658857
1.635405
1.635405
1.652823
1.652823
1.672173
1.672173
1.672357
1.672357
1.655978
1.655978
1.659791
1.659791
1.656605
1.656605
1.652254
1.652254
1.656403
1.656403
1.650226
1.650226
1.670688
1.670688
1.644271
1.644271
1.663961
1.663961
1.644055
1.644055
1.660468
1.660468
1.647476
1.647476
1.655799
1.655799
1.661605
1.661605
1.659793
1.659793
1.673744
1.673744
1.651464
1.651464
1.652739
1.652739
1.656545
1.656545
1.631979
1.631979
1.651617
1.651617
1.655973
1.655973
1.666174
1.666174
1.653589
1.653589
1.657431
1.657431
1.658393
1.658393
1.653802
1.653802
1.650521
1.650521
1.668278
1.668278
1.647254
1.647254
1.670731
1.670731
1.661195
1.661195
1.651635
1.651635
1.655747
1.655747
1.620306
1.620306
1.662191
1.662191
1.650426
1.650426
1.660412
1.660412
1.651889
1.651889
1.667981
1.667981
1.664941
1.664941
1.645206
1.645206
1.647897
1.647897
1.663056
1.663056
1.681813
1.681813
1.656709
1.656709
1.676386
1.676386
1.634758
1.634758
1.658840
1.658840
1.664017
1.664017
1.669463
1.669463
1.658883
1.658883
1.642514
1.642514
1.660144
1.660144
1.649420
1.649420
1.654154
1.654154
1.655000
1.655000
1.667797
1.667797
1.648223
1.648223
1.665115
1.665115
1.645062
1.645062
1.662122
1.662122
1.654520
1.654520
1.664899
1.664899
1.655733
1.655733
1.669725
1.669725
1.653220
1.653220
1.647807
1.647807
1.656833
1.656833
1.646658
1.646658
1.662812
1.662812
1.653120
1.653120
1.660352
1.660352
1.650026
1.650026
1.646079
1.646079
1.651901
1.651901
1.646821
1.646821
1.655872
1.655872
1.670298
1.670298
1.648040
1.648040
1.640793
1.640793
1.667491
1.667491
1.663760
1.663760
1.652333
1.652333
1.649915
1.649915
1.659221
1.659221
1.657037
1.657037
1.637204
1.637204
1.665049
1.665049
1.669766
1.669766
1.652835
1.652835
1.649111
1.649111
1.654420
1.654420
1.667313
1.667313
1.654345
1.654345
1.648320
1.648320
1.664456
1.664456
1.656561
1.656561
1.657317
1.657317
1.644966
1.644966
1.646987
1.646987
1.659801
1.659801
1.666381
1.666381
1.653085
1.653085
1.647262
1.647262
1.662216
1.662216
1.642450
1.642450
1.657332
1.657332
1.656894
1.656894
1.673617
1.673617
1.660064
1.660064
1.667563
1.667563
1.643837
1.643837
1.657948
1.657948
1.641772
1.641772
1.647606
1.647606
1.669456
1.669456
1.644340
1.644340
1.672860
1.672860
1.629201
1.629201
1.654452
1.654452
1.656853
1.656853
1.655167
1.655167
1.651123
1.651123
1.686132
1.686132
1.659197
1.659197
1.643379
1.643379
1.661353
1.661353
1.663706
1.663706
1.652878
1.652878
1.650907
1.650907
1.668429
1.668429
1.651109
1.651109
1.651834
1.651834
1.669774
1.669774
1.657042
1.657042
1.650796
1.650796
1.652929
1.652929
1.662174
1.662174
1.666074
1.666074
1.662191
1.662191
1.645674
1.645674
1.650791
1.650791
1.661335
1.661335
1.674153
1.674153
1.647165
1.647165
1.659988
1.659988
1.666333
1.666333
1.648385
1.648385
1.655078
1.655078
1.651429
1.651429
1.641483
1.641483
1.652897
1.652897
1.676219
1.676219
1.640664
1.640664
1.652479
1.652479
1.657457
1.657457
1.639813
1.639813
1.666008
1.666008
1.657389
1.657389
1.654631
1.654631
1.655445
1.655445
1.653978
1.653978
1.658900
1.658900
1.637889
1.637889
1.671113
1.671113
1.657233
1.657233
1.652290
1.652290
1.640184
1.640184
1.650138
1.650138
1.656790
1.656790
1.658973
1.658973
1.653215
1.653215
1.646592
1.646592
1.672421
1.672421
1.649694
1.649694
1.668384
1.668384
1.640513
1.640513
1.656508
1.656508
1.678700
1.678700
1.668674
1.668674
1.659804
1.659804
1.656199
1.656199
1.644860
1.644860
1.633144
1.633144
1.660686
1.660686
1.651059
1.651059
1.645607
1.645607
1.664102
1.664102
1.661277
1.661277
1.650997
1.650997
1.643880
1.643880
1.643512
1.643512
1.675372
1.675372
1.688140
1.688140
1.652652
1.652652
1.663789
1.663789
1.652952
1.652952
1.658726
1.658726
1.640761
1.640761
1.649559
1.649559
1.643368
1.643368
1.658598
1.658598
1.666836
1.666836
1.672995
1.672995
1.654425
1.654425
1.658109
1.658109
1.651982
1.651982
1.657338
1.657338
1.660670
1.660670
1.651574
1.651574
1.648739
1.648739
1.651868
1.651868
1.659913
1.659913
1.691352
1.691352
1.650883
1.650883
1.653981
1.653981
1.667496
1.667496
1.647822
1.647822
1.662727
1.662727
1.643163
1.643163
1.656772
1.656772
1.663112
1.663112
1.655739
1.655739
1.665105
1.665105
1.656737
1.656737
1.662116
1.662116
1.648270
1.648270
1.654513
1.654513
1.656217
1.656217
1.650529
1.650529
1.658128
1.658128
1.649756
1.649756
1.664370
1.664370
1.654167
1.654167
1.649737
1.649737
1.659637
1.659637
1.646730
1.646730
1.667580
1.667580
1.651554
1.651554
1.654654
1.654654
1.660013
1.660013
1.658718
1.658718
1.649149
1.649149
1.654729
1.654729
1.648903
1.648903
1.666903
1.666903
1.651202
1.651202
1.655276
1.655276
1.654096
1.654096
1.657821
1.657821
1.635507
1.635507
1.668546
1.668546
1.657764
1.657764
1.648950
1.648950
1.648662
1.648662
1.646262
1.646262
1.659307
1.659307
1.655578
1.655578
1.663355
1.663355
1.637649
1.637649
1.630761
1.630761
1.671837
1.671837
1.669953
1.669953
1.658348
1.658348
1.645525
1.645525
1.656805
1.656805
1.656702
1.656702
1.650418
1.650418
1.661304
1.661304
1.650505
1.650505
1.660039
1.660039
1.655620
1.655620
1.653439
1.653439
1.633512
1.633512
1.646692
1.646692
1.654178
1.654178
1.646011
1.646011
1.668022
1.668022
1.654720
1.654720
1.659571
1.659571
1.639247
1.639247
1.662286
1.662286
1.651514
1.651514
1.667376
1.667376
1.665739
1.665739
1.661422
1.661422
1.646732
1.646732
1.642595
1.642595
1.659334
1.659334
1.647296
1.647296
1.639964
1.639964
1.654881
1.654881
1.677647
1.677647
1.651627
1.651627
1.651415
1.651415
1.650679
1.650679
1.660843
1.660843
1.655097
1.655097
1.659706
1.659706
1.655594
1.655594
1.667814
1.667814
1.647506
1.647506
1.654034
1.654034
1.637985
1.637985
1.665197
1.665197
1.658166
1.658166
1.667473
1.667473
1.636004
1.636004
1.633626
1.633626
1.648506
1.648506
1.653778
1.653778
1.655258
1.655258
1.661523
1.661523
1.660730
1.660730
1.655275
1.655275
1.660454
1.660454
1.657781
1.657781
1.654640
1.654640
1.631204
1.631204
1.656139
1.656139
1.660019
1.660019
1.652717
1.652717
1.660724
1.660724
1.626576
1.626576
1.650272
1.650272
1.659011
1.659011
1.644280
1.644280
1.661239
1.661239
1.674894
1.674894
1.656360
1.656360
1.653921
1.653921
1.646919
1.646919
1.659443
1.659443
1.667079
1.667079
1.653248
1.653248
1.647262
1.647262
1.655007
1.655007
1.662870
1.662870
1.659049
1.659049
1.655127
1.655127
1.657506
1.657506
1.654030
1.654030
1.657101
1.657101
1.639166
1.639166
1.648960
1.648960
1.649189
1.649189
1.654159
1.654159
1.667913
1.667913
1.649386
1.649386
1.656570
1.656570
1.664353
1.664353
1.653687
1.653687
1.653321
1.653321
1.622218
1.622218
1.665184
1.665184
1.643167
1.643167
1.657045
1.657045
1.653736
1.653736
1.650496
1.650496
1.651085
1.651085
1.654352
1.654352
1.661371
1.661371
1.648988
1.648988
1.661018
1.661018
1.657855
1.657855
1.656638
1.656638
1.643833
1.643833
1.652700
1.652700
1.675945
1.675945
1.651688
1.651688
1.642884
1.642884
1.660070
1.660070
1.656932
1.656932
1.661327
1.661327
1.655636
1.655636
1.652243
1.652243
1.651257
1.651257
1.656738
1.656738
1.636844
1.636844
1.645179
1.645179
1.663472
1.663472
1.648122
1.648122
1.653901
1.653901
1.648168
1.648168
1.659600
1.659600
1.643125
1.643125
1.650408
1.650408
1.657834
1.657834
1.649716
1.649716
1.665026
1.665026
1.640881
1.640881
1.653440
1.653440
1.652788
1.652788
1.645211
1.645211
1.649368
1.649368
1.654090
1.654090
1.649548
1.649548
1.656527
1.656527
1.650899
1.650899
1.648261
1.648261
1.658687
1.658687
1.650808
1.650808
1.650046
1.650046
1.652629
1.652629
1.655601
1.655601
1.644360
1.644360
1.657395
1.657395
1.650783
1.650783
1.653193
1.653193
1.650738
1.650738
1.647345
1.647345
1.667746
1.667746
1.646553
1.646553
1.643934
1.643934
1.650833
1.650833
1.643884
1.643884
1.662215
1.662215
1.651627
1.651627
1.661166
1.661166
1.651834
1.651834
1.648552
1.648552
1.662347
1.662347
1.644824
1.644824
1.668132
1.668132
1.654471
1.654471
1.660046
1.660046
1.652240
1.652240
1.652665
1.652665
1.631212
1.631212
1.648746
1.648746
1.658390
1.658390
1.649197
1.649197
1.655450
1.655450
1.658746
1.658746
1.656656
1.656656
1.638252
1.638252
1.666799
1.666799
1.649924
1.649924
1.660904
1.660904
1.647977
1.647977
1.640870
1.640870
1.670839
1.670839
1.655115
1.655115
1.651014
1.651014
1.649446
1.649446
1.653181
1.653181
1.652942
1.652942
1.660448
1.660448
1.647134
1.647134
1.653659
1.653659
1.642980
1.642980
1.657884
1.657884
1.654338
1.654338
1.671506
1.671506
1.652516
1.652516
1.663321
1.663321
1.651893
1.651893
1.648695
1.648695
1.646743
1.646743
1.652532
1.652532
1.650639
1.650639
1.653079
1.653079
1.655946
1.655946
1.660931
1.660931
1.642233
1.642233
1.648238
1.648238
1.651383
1.651383
1.672715
1.672715
1.654857
1.654857
1.668909
1.668909
1.645719
1.645719
1.661541
1.661541
1.646157
1.646157
1.631013
1.631013
1.661674
1.661674
1.655489
1.655489
1.648679
1.648679
1.650622
1.650622
1.651081
1.651081
1.640051
1.640051
1.650618
1.650618
1.674066
1.674066
1.646836
1.646836
1.666583
1.666583
1.644925
1.644925
1.656312
1.656312
1.665493
1.665493
1.647137
1.647137
1.657538
1.657538
1.654980
1.654980
1.644732
1.644732
1.672359
1.672359
1.643944
1.643944
1.648579
1.648579
1.643538
1.643538
1.652930
1.652930
1.657107
1.657107
1.659913
1.659913
1.656133
1.656133
1.664265
1.664265
1.654534
1.654534
1.650647
1.650647
1.649848
1.649848
1.634165
1.634165
1.665039
1.665039
1.653070
1.653070
1.644907
1.644907
1.647600
1.647600
1.656944
1.656944
1.650797
1.650797
1.645819
1.645819
1.663407
1.663407
1.653307
1.653307
1.649240
1.649240
1.634534
1.634534
1.642890
1.642890
1.660841
1.660841
1.666749
1.666749
1.676403
1.676403
1.654194
1.654194
1.662845
1.662845
1.648710
1.648710
1.641622
1.641622
1.666531
1.666531
1.657233
1.657233
1.657734
1.657734
1.654709
1.654709
1.645483
1.645483
1.641167
1.641167
1.654922
1.654922
1.642792
1.642792
1.653045
1.653045
1.657665
1.657665
1.654891
1.654891
1.641633
1.641633
1.669539
1.669539
1.648059
1.648059
1.649339
1.649339
1.653809
1.653809
1.665303
1.665303
1.638840
1.638840
1.646090
1.646090
1.662674
1.662674
1.639387
1.639387
1.663636
1.663636
1.654258
1.654258
1.642640
1.642640
1.649869
1.649869
1.644866
1.644866
1.657302
1.657302
1.640697
1.640697
1.665353
1.665353
1.649114
1.649114
1.641789
1.641789
1.657791
1.657791
1.660441
1.660441
1.651376
1.651376
1.638236
1.638236
1.660967
1.660967
1.656623
1.656623
1.648913
1.648913
1.651788
1.651788
1.656368
1.656368
1.645059
1.645059
1.650919
1.650919
1.649684
1.649684
1.665136
1.665136
1.640929
1.640929
1.671104
1.671104
1.665236
1.665236
1.637590
1.637590
1.647801
1.647801
1.661185
1.661185
1.655759
1.655759
1.647491
1.647491
1.649197
1.649197
1.663741
1.663741
1.647578
1.647578
1.670629
1.670629
1.650458
1.650458
1.652594
1.652594
1.654590
1.654590
1.660904
1.660904
1.636808
1.636808
1.643956
1.643956
1.659776
1.659776
1.649570
1.649570
1.663183
1.663183
1.644044
1.644044
1.644982
1.644982
1.666875
1.666875
1.653994
1.653994
1.651942
1.651942
1.639141
1.639141
1.649632
1.649632
1.653040
1.653040
1.650666
1.650666
1.661184
1.661184
1.648958
1.648958
1.657080
1.657080
1.650157
1.650157
1.658257
1.658257
1.651355
1.651355
1.639329
1.639329
1.661060
1.661060
1.660209
1.660209
1.649084
1.649084
1.637686
1.637686
1.666439
1.666439
1.666839
1.666839
1.655732
1.655732
1.645709
1.645709
1.644566
1.644566
1.645969
1.645969
1.652989
1.652989
1.652203
1.652203
1.644806
1.644806
1.660623
1.660623
1.649580
1.649580
1.655341
1.655341
1.655354
1.655354
1.643335
1.643335
1.658144
1.658144
1.643193
1.643193
1.651447
1.651447
1.647514
1.647514
1.659290
1.659290
1.655503
1.655503
1.637302
1.637302
1.644634
1.644634
1.653012
1.653012
1.644928
1.644928
1.669745
1.669745
1.630340
1.630340
1.653285
1.653285
1.656389
1.656389
1.647978
1.647978
1.645790
1.645790
1.648389
1.648389
1.651467
1.651467
1.647415
1.647415
1.656978
1.656978
1.642051
1.642051
1.659389
1.659389
1.647941
1.647941
1.640830
1.640830
1.656681
1.656681
1.654218
1.654218
1.657800
1.657800
1.646404
1.646404
1.639910
1.639910
1.663274
1.663274
1.652455
1.652455
1.657767
1.657767
1.667702
1.667702
1.646769
1.646769
1.652220
1.652220
1.638372
1.638372
1.654967
1.654967
1.653700
1.653700
1.650478
1.650478
1.638174
1.638174
1.662148
1.662148
1.663032
1.663032
1.660442
1.660442
1.651676
1.651676
1.646648
1.646648
1.649069
1.649069
1.655334
1.655334
1.646797
1.646797
1.651220
1.651220
1.649473
1.649473
1.660331
1.660331
1.661201
1.661201
1.647144
1.647144
1.661793
1.661793
1.637049
1.637049
1.659828
1.659828
1.671485
1.671485
1.661260
1.661260
1.655951
1.655951
1.645426
1.645426
1.654377
1.654377
1.634828
1.634828
1.652448
1.652448
1.656342
1.656342
1.650327
1.650327
1.657262
1.657262
1.636725
1.636725
1.656457
1.656457
1.653021
1.653021
1.653593
1.653593
1.654305
1.654305
1.633200
1.633200
1.655901
1.655901
1.647358
1.647358
1.668943
1.668943
1.639552
1.639552
1.653656
1.653656
1.656428
1.656428
1.638675
1.638675
1.653203
1.653203
1.664940
1.664940
1.649024
1.649024
1.667770
1.667770
1.642515
1.642515
1.650404
1.650404
1.654373
1.654373
1.641245
1.641245
1.656305
1.656305
1.653698
1.653698
1.644706
1.644706
1.654130
1.654130
1.659082
1.659082
1.663602
1.663602
1.641923
1.641923
1.650066
1.650066
1.650905
1.650905
1.664062
1.664062
1.651978
1.651978
1.659567
1.659567
1.647037
1.647037
1.651811
1.651811
1.648248
1.648248
1.647720
1.647720
1.651262
1.651262
1.653019
1.653019
1.663749
1.663749
1.627781
1.627781
1.652864
1.652864
1.652176
1.652176
1.647635
1.647635
1.651444
1.651444
1.664472
1.664472
1.643538
1.643538
1.652664
1.652664
1.648478
1.648478
1.656653
1.656653
1.672470
1.672470
1.655885
1.655885
1.653932
1.653932
1.654305
1.654305
1.647889
1.647889
1.635482
1.635482
1.658107
1.658107
1.634015
1.634015
1.661728
1.661728
1.649997
1.649997
1.655409
1.655409
1.642752
1.642752
1.665348
1.665348
1.648199
1.648199
1.644041
1.644041
1.660424
1.660424
1.660693
1.660693
1.649295
1.649295
1.649683
1.649683
1.635476
1.635476
1.666976
1.666976
1.660617
1.660617
1.640705
1.640705
1.642458
1.642458
1.665065
1.665065
1.612760
1.612760
1.634618
1.634618
1.651742
1.651742
1.655881
1.655881
1.658843
1.658843
1.634331
1.634331
1.650311
1.650311
1.647108
1.647108
1.648540
1.648540
1.657983
1.657983
1.623675
1.623675
1.663437
1.663437
1.637858
1.637858
1.646283
1.646283
1.658702
1.658702
1.619837
1.619837
1.656818
1.656818
1.663845
1.663845
1.644835
1.644835
1.642397
1.642397
1.619273
1.619273
1.645721
1.645721
1.652421
1.652421
1.657215
1.657215
1.652288
1.652288
1.623400
1.623400
1.649411
1.649411
1.653811
1.653811
1.638356
1.638356
1.664368
1.664368
1.635420
1.635420
1.657005
1.657005
1.654425
1.654425
1.650273
1.650273
1.640817
1.640817
1.652672
1.652672
1.641818
1.641818
1.647361
1.647361
1.659281
1.659281
1.655785
1.655785
1.652755
1.652755
1.644767
1.644767
1.641327
1.641327
1.653180
1.653180
1.663668
1.663668
1.663377
1.663377
1.648035
1.648035
1.659663
1.659663
1.661835
1.661835
1.644729
1.644729
1.629981
1.629981
1.651115
1.651115
1.649777
1.649777
1.648883
1.648883
1.663621
1.663621
1.634432
1.634432
1.660596
1.660596
1.658089
1.658089
1.653569
1.653569
1.638822
1.638822
1.642886
1.642886
1.653317
1.653317
1.644227
1.644227
1.649419
1.649419
1.660499
1.660499
1.655135
1.655135
1.663911
1.663911
1.652470
1.652470
1.654719
1.654719
1.636821
1.636821
1.653195
1.653195
1.646815
1.646815
1.656532
1.656532
1.642935
1.642935
1.661537
1.661537
1.653122
1.653122
1.653414
1.653414
1.640119
1.640119
1.656415
1.656415
1.654153
1.654153
1.666375
1.666375
1.648290
1.648290
1.655641
1.655641
1.659603
1.659603
1.652505
1.652505
1.626285
1.626285
1.652947
1.652947
1.658819
1.658819
1.645589
1.645589
1.651113
1.651113
1.650008
1.650008
1.657315
1.657315
1.639175
1.639175
1.640645
1.640645
1.666701
1.666701
1.661111
1.661111
1.658937
1.658937
1.648387
1.648387
1.638959
1.638959
1.662595
1.662595
1.640215
1.640215
1.658436
1.658436
1.646073
1.646073
1.644527
1.644527
1.656890
1.656890
1.649179
1.649179
1.637046
1.637046
1.661619
1.661619
1.657747
1.657747
1.643480
1.643480
1.670263
1.670263
1.657801
1.657801
1.646655
1.646655
1.659480
1.659480
1.645260
1.645260
1.639481
1.639481
1.643884
1.643884
1.649405
1.649405
1.663702
1.663702
1.650127
1.650127
1.639856
1.639856
1.658199
1.658199
1.638012
1.638012
1.654067
1.654067
1.653040
1.653040
1.647905
1.647905
1.662548
1.662548
1.644392
1.644392
1.650919
1.650919
1.649334
1.649334
1.633613
1.633613
1.644336
1.644336
1.645679
1.645679
1.655198
1.655198
1.654123
1.654123
1.646941
1.646941
1.641440
1.641440
1.651538
1.651538
1.646007
1.646007
1.659608
1.659608
1.632519
1.632519
1.658178
1.658178
1.631902
1.631902
1.656671
1.656671
1.649921
1.649921
1.635960
1.635960
1.644344
1.644344
1.641025
1.641025
1.640175
1.640175
1.662968
1.662968
1.657719
1.657719
1.651571
1.651571
1.642377
1.642377
1.653190
1.653190
1.641364
1.641364
1.658038
1.658038
1.634737
1.634737
1.667595
1.667595
1.654658
1.654658
1.643225
1.643225
1.625818
1.625818
1.640655
1.640655
1.645670
1.645670
1.650516
1.650516
1.652602
1.652602
1.668560
1.668560
1.653764
1.653764
1.642572
1.642572
1.638269
1.638269
1.665901
1.665901
1.638708
1.638708
1.664701
1.664701
1.651041
1.651041
1.629227
1.629227
1.644777
1.644777
1.681703
1.681703
1.649116
1.649116
1.652637
1.652637
1.658250
1.658250
1.644449
1.644449
1.638039
1.638039
1.659115
1.659115
1.645513
1.645513
1.654923
1.654923
1.645153
1.645153
1.640936
1.640936
1.640540
1.640540
1.650932
1.650932
1.647877
1.647877
1.650017
1.650017
1.694529
1.694529
1.641769
1.641769
1.643063
1.643063
1.659244
1.659244
1.654893
1.654893
1.664905
1.664905
1.649365
1.649365
1.655887
1.655887
1.647067
1.647067
1.649920
1.649920
1.655326
1.655326
1.636274
1.636274
1.654111
1.654111
1.654320
1.654320
1.653676
1.653676
1.668139
1.668139
1.651342
1.651342
1.655804
1.655804
1.651340
1.651340
1.635191
1.635191
1.683615
1.683615
1.650274
1.650274
1.654090
1.654090
1.660759
1.660759
1.647245
1.647245
1.620882
1.620882
1.649906
1.649906
1.656824
1.656824
1.644252
1.644252
1.655557
1.655557
1.638551
1.638551
1.645161
1.645161
1.643492
1.643492
1.653336
1.653336
1.656236
1.656236
1.664193
1.664193
1.646425
1.646425
1.650121
1.650121
1.657515
1.657515
1.650266
1.650266
1.642523
1.642523
1.649538
1.649538
1.650836
1.650836
1.651681
1.651681
1.651927
1.651927
1.645561
1.645561
1.656280
1.656280
1.644367
1.644367
1.650371
1.650371
1.654198
1.654198
1.644881
1.644881
1.631013
1.631013
1.655498
1.655498
1.666674
1.666674
1.654391
1.654391
1.639415
1.639415
1.642520
1.642520
1.658329
1.658329
1.642178
1.642178
1.662767
1.662767
1.645377
1.645377
1.648507
1.648507
1.646910
1.646910
1.661729
1.661729
1.644827
1.644827
1.657110
1.657110
1.651545
1.651545
1.650118
1.650118
1.649560
1.649560
1.651893
1.651893
1.651649
1.651649
1.651630
1.651630
1.652384
1.652384
1.647981
1.647981
1.644747
1.644747
1.670004
1.670004
1.658398
1.658398
1.654232
1.654232
1.652369
1.652369
1.641508
1.641508
1.634619
1.634619
1.636080
1.636080
1.651072
1.651072
1.659436
1.659436
1.657818
1.657818
1.639430
1.639430
1.631258
1.631258
1.656570
1.656570
1.659364
1.659364
1.657475
1.657475
1.636267
1.636267
1.652808
1.652808
1.655159
1.655159
1.633927
1.633927
1.653275
1.653275
1.665263
1.665263
1.642987
1.642987
1.665177
1.665177
1.649863
1.649863
1.635490
1.635490
1.668750
1.668750
1.641345
1.641345
1.648787
1.648787
1.663236
1.663236
1.640003
1.640003
1.660335
1.660335
1.650152
1.650152
1.653428
1.653428
1.646184
1.646184
1.644814
1.644814
1.639590
1.639590
1.646513
1.646513
1.655908
1.655908
1.646867
1.646867
1.641915
1.641915
1.639548
1.639548
1.633131
1.633131
1.650130
1.650130
1.654460
1.654460
1.648455
1.648455
1.650175
1.650175
1.641566
1.641566
1.639267
1.639267
1.652077
1.652077
1.653147
1.653147
1.645450
1.645450
1.641248
1.641248
1.639473
1.639473
1.648913
1.648913
1.649683
1.649683
1.666256
1.666256
1.646627
1.646627
1.667151
1.667151
1.630049
1.630049
1.647847
1.647847
1.628991
1.628991
1.638974
1.638974
1.648933
1.648933
1.658839
1.658839
1.649924
1.649924
1.622594
1.622594
1.633396
1.633396
1.658463
1.658463
1.642840
1.642840
1.660908
1.660908
1.635751
1.635751
1.640006
1.640006
1.656560
1.656560
1.648808
1.648808
1.643978
1.643978
1.665076
1.665076
1.654349
1.654349
1.634726
1.634726
1.643679
1.643679
1.657665
1.657665
1.668442
1.668442
1.661627
1.661627
1.647049
1.647049
1.652548
1.652548
1.642483
1.642483
1.632669
1.632669
1.644528
1.644528
1.644540
1.644540
1.663560
1.663560
1.660996
1.660996
1.604941
1.604941
1.659944
1.659944
1.644860
1.644860
1.653579
1.653579
1.644525
1.644525
1.643317
1.643317
1.653760
1.653760
1.669275
1.669275
1.646000
1.646000
1.631426
1.631426
1.653002
1.653002
1.653496
1.653496
1.660378
1.660378
1.638696
1.638696
1.653926
1.653926
1.633487
1.633487
1.665735
1.665735
1.634436
1.634436
1.649890
1.649890
1.647696
1.647696
1.662231
1.662231
1.645644
1.645644
1.653026
1.653026
1.652669
1.652669
1.651625
1.651625
1.643927
1.643927
1.656322
1.656322
1.653403
1.653403
1.656825
1.656825
1.633838
1.633838
1.651620
1.651620
1.654595
1.654595
1.649819
1.649819
1.657292
1.657292
1.640776
1.640776
1.643828
1.643828
1.639162
1.639162
1.638055
1.638055
1.662654
1.662654
1.662943
1.662943
1.644078
1.644078
1.646588
1.646588
1.656348
1.656348
1.643001
1.643001
1.656263
1.656263
1.650071
1.650071
1.647663
1.647663
1.634546
1.634546
1.665063
1.665063
1.658070
1.658070
1.643991
1.643991
1.632644
1.632644
1.649840
1.649840
1.658256
1.658256
1.656547
1.656547
1.671372
1.671372
1.641105
1.641105
1.650004
1.650004
1.645929
1.645929
1.668140
1.668140
1.643729
1.643729
1.660026
1.660026
1.651072
1.651072
1.647752
1.647752
1.645724
1.645724
1.643542
1.643542
1.645332
1.645332
1.650249
1.650249
1.661373
1.661373
1.643685
1.643685
1.653442
1.653442
1.654251
1.654251
1.661004
1.661004
1.637704
1.637704
1.645938
1.645938
1.655850
1.655850
1.649330
1.649330
1.645590
1.645590
1.654927
1.654927
1.648533
1.648533
1.654039
1.654039
1.652303
1.652303
1.664607
1.664607
1.645982
1.645982
1.639557
1.639557
1.636954
1.636954
1.656963
1.656963
1.650839
1.650839
1.641297
1.641297
1.645703
1.645703
1.661435
1.661435
1.646656
1.646656
1.663318
1.663318
1.654373
1.654373
1.635647
1.635647
1.646386
1.646386
1.658186
1.658186
1.648743
1.648743
1.653646
1.653646
1.648008
1.648008
1.619455
1.619455
1.642064
1.642064
1.672618
1.672618
1.648281
1.648281
1.639669
1.639669
1.639470
1.639470
1.653360
1.653360
1.652272
1.652272
1.647785
1.647785
1.652706
1.652706
1.626653
1.626653
1.654110
1.654110
1.645954
1.645954
1.646440
1.646440
1.647051
1.647051
1.665905
1.665905
1.649294
1.649294
1.638896
1.638896
1.657953
1.657953
1.652756
1.652756
1.645281
1.645281
1.650363
1.650363
1.651273
1.651273
1.654214
1.654214
1.649221
1.649221
1.617695
1.617695
1.654389
1.654389
1.638179
1.638179
1.664802
1.664802
1.637498
1.637498
1.628575
1.628575
1.647122
1.647122
1.655514
1.655514
1.647966
1.647966
1.638305
1.638305
1.630635
1.630635
1.640511
1.640511
1.640758
1.640758
1.652879
1.652879
1.645116
1.645116
1.650293
1.650293
1.644042
1.644042
1.645536
1.645536
1.649404
1.649404
1.641731
1.641731
1.637394
1.637394
1.637814
1.637814
1.646513
1.646513
1.651952
1.651952
1.646549
1.646549
1.624943
1.624943
1.643594
1.643594
1.641936
1.641936
1.647239
1.647239
1.644641
1.644641
1.640708
1.640708
1.643559
1.643559
1.646755
1.646755
1.649042
1.649042
1.633560
1.633560
1.655852
1.655852
1.659561
1.659561
1.639043
1.639043
1.636801
1.636801
1.645536
1.645536
1.631740
1.631740
1.644866
1.644866
1.651672
1.651672
1.631670
1.631670
1.652210
1.652210
1.638119
1.638119
1.654263
1.654263
1.646195
1.646195
1.648267
1.648267
1.631459
1.631459
1.645957
1.645957
1.635553
1.635553
1.630213
1.630213
1.637889
1.637889
1.670858
1.670858
1.674354
1.674354
1.640545
1.640545
1.655062
1.655062
1.635290
1.635290
1.653251
1.653251
1.653072
1.653072
1.660146
1.660146
1.651585
1.651585
1.643795
1.643795
1.639810
1.639810
1.626421
1.626421
1.643322
1.643322
1.639331
1.639331
1.654718
1.654718
1.651672
1.651672
1.659588
1.659588
1.656531
1.656531
1.661449
1.661449
1.636168
1.636168
1.640677
1.640677
1.652631
1.652631
1.651053
1.651053
1.652503
1.652503
1.652110
1.652110
1.644199
1.644199
1.648030
1.648030
1.655082
1.655082
1.647064
1.647064
1.655161
1.655161
1.639689
1.639689
1.669806
1.669806
1.663649
1.663649
1.648754
1.648754
1.645856
1.645856
1.655775
1.655775
1.625047
1.625047
1.656388
1.656388
1.653745
1.653745
1.654056
1.654056
1.651034
1.651034
1.632538
1.632538
1.645834
1.645834
1.663285
1.663285
1.655100
1.655100
1.648131
1.648131
1.653568
1.653568
1.657565
1.657565
1.644099
1.644099
1.656601
1.656601
1.652130
1.652130
1.671228
1.671228
1.638397
1.638397
1.661331
1.661331
1.644076
1.644076
1.669523
1.669523
1.671227
1.671227
1.654481
1.654481
1.650678
1.650678
1.670025
1.670025
1.646703
1.646703
1.650632
1.650632
1.647212
1.647212
1.659234
1.659234
1.650823
1.650823
1.661576
1.661576
1.666570
1.666570
1.659785
1.659785
1.644909
1.644909
1.655180
1.655180
1.663555
1.663555
1.656141
1.656141
1.654578
1.654578
1.646600
1.646600
1.653220
1.653220
1.666324
1.666324
1.669270
1.669270
1.652444
1.652444
1.652130
1.652130
1.664296
1.664296
1.658981
1.658981
1.648514
1.648514
1.655963
1.655963
1.652262
1.652262
1.655553
1.655553
1.656929
1.656929
1.673335
1.673335
1.653653
1.653653
1.658763
1.658763
1.670183
1.670183
1.650680
1.650680
1.631480
1.631480
1.656686
1.656686
1.666862
1.666862
1.651374
1.651374
1.654520
1.654520
1.643103
1.643103
1.664282
1.664282
1.649446
1.649446
1.664447
1.664447
1.649071
1.649071
1.648624
1.648624
1.647504
1.647504
1.670641
1.670641
1.655068
1.655068
1.655093
1.655093
1.643651
1.643651
1.657364
1.657364
1.648564
1.648564
1.663394
1.663394
1.650044
1.650044
1.671311
1.671311
1.649666
1.649666
1.652746
1.652746
1.674959
1.674959
1.658378
1.658378
1.614026
1.614026
1.660884
1.660884
1.662432
1.662432
1.646005
1.646005
1.648952
1.648952
1.668595
1.668595
1.640879
1.640879
1.662277
1.662277
1.649084
1.649084
1.667778
1.667778
1.659320
1.659320
1.654250
1.654250
1.655257
1.655257
1.650924
1.650924
1.653938
1.653938
1.674061
1.674061
1.671405
1.671405
1.643642
1.643642
1.648348
1.648348
1.652715
1.652715
1.663960
1.663960
1.665627
1.665627
1.646587
1.646587
1.638196
1.638196
1.671088
1.671088
1.641957
1.641957
1.655892
1.655892
1.644942
1.644942
1.667176
1.667176
1.640660
1.640660
1.680123
1.680123
1.668987
1.668987
1.658737
1.658737
1.644366
1.644366
1.645111
1.645111
1.647552
1.647552
1.644661
1.644661
1.663106
1.663106
1.652105
1.652105
1.652310
1.652310
1.659306
1.659306
1.650342
1.650342
1.661429
1.661429
1.658331
1.658331
1.647886
1.647886
1.635221
1.635221
1.650406
1.650406
1.656106
1.656106
1.647124
1.647124
1.655454
1.655454
1.660519
1.660519
1.648191
1.648191
1.654017
1.654017
1.643866
1.643866
1.659957
1.659957
1.667032
1.667032
1.646860
1.646860
1.659460
1.659460
1.662362
1.662362
1.642425
1.642425
1.646497
1.646497
1.641383
1.641383
1.643865
1.643865
1.657468
1.657468
1.663482
1.663482
1.659134
1.659134
1.646464
1.646464
1.650522
1.650522
1.649855
1.649855
1.658043
1.658043
1.659546
1.659546
1.643988
1.643988
1.652732
1.652732
1.635609
1.635609
1.671427
1.671427
1.659235
1.659235
1.663272
1.663272
1.642737
1.642737
1.640974
1.640974
1.648393
1.648393
1.683032
1.683032
1.645737
1.645737
1.663043
1.663043
1.648617
1.648617
1.645889
1.645889
1.653378
1.653378
1.652225
1.652225
1.655697
1.655697
1.637111
1.637111
1.663187
1.663187
1.634425
1.634425
1.646065
1.646065
1.665802
1.665802
1.646338
1.646338
1.644001
1.644001
1.652176
1.652176
1.650109
1.650109
1.660699
1.660699
1.646108
1.646108
1.638849
1.638849
1.670889
1.670889
1.662873
1.662873
1.651282
1.651282
1.652227
1.652227
1.641627
1.641627
1.627526
1.627526
1.675725
1.675725
1.644459
1.644459
1.627470
1.627470
1.647521
1.647521
1.668269
1.668269
1.648032
1.648032
1.643158
1.643158
1.663542
1.663542
1.646800
1.646800
1.645728
1.645728
1.637074
1.637074
1.660101
1.660101
1.656287
1.656287
1.650861
1.650861
1.633960
1.633960
1.646305
1.646305
1.658579
1.658579
1.662572
1.662572
1.634365
1.634365
1.639488
1.639488
1.665632
1.665632
1.640270
1.640270
1.646038
1.646038
1.641343
1.641343
1.665480
1.665480
1.656055
1.656055
1.649567
1.649567
1.655589
1.655589
1.635086
1.635086
1.652848
1.652848
1.660074
1.660074
1.652656
1.652656
1.631642
1.631642
1.645043
1.645043
1.672490
1.672490
1.649648
1.649648
1.653865
1.653865
1.640415
1.640415
1.651083
1.651083
1.650332
1.650332
1.638768
1.638768
1.664226
1.664226
1.650665
1.650665
1.646760
1.646760
1.629178
1.629178
1.647242
1.647242
1.644513
1.644513
1.637405
1.637405
1.655064
1.655064
1.681244
1.681244
1.647377
1.647377
1.654833
1.654833
1.649194
1.649194
1.650500
1.650500
1.621360
1.621360
1.650012
1.650012
1.649216
1.649216
1.643182
1.643182
1.648504
1.648504
1.656221
1.656221
1.644674
1.644674
1.639431
1.639431
1.657426
1.657426
1.652100
1.652100
1.645207
1.645207
1.659822
1.659822
1.652457
1.652457
1.643707
1.643707
1.636896
1.636896
1.645619
1.645619
1.644666
1.644666
1.655324
1.655324
1.642923
1.642923
1.647840
1.647840
1.650375
1.650375
1.642093
1.642093
1.639397
1.639397
1.641621
1.641621
1.663414
1.663414
1.662955
1.662955
1.636405
1.636405
1.651163
1.651163
1.654629
1.654629
1.654878
1.654878
1.626085
1.626085
1.650327
1.650327
1.661651
1.661651
1.636392
1.636392
1.641881
1.641881
1.645952
1.645952
1.652185
1.652185
1.647434
1.647434
1.645370
1.645370
1.644565
1.644565
1.646291
1.646291
1.660803
1.660803
1.643456
1.643456
1.642922
1.642922
1.643763
1.643763
1.640547
1.640547
1.643242
1.643242
1.649525
1.649525
1.646634
1.646634
1.650245
1.650245
1.643739
1.643739
1.651024
1.651024
1.648787
1.648787
1.646384
1.646384
1.640152
1.640152
1.652995
1.652995
1.652974
1.652974
1.643833
1.643833
1.646447
1.646447
1.650189
1.650189
1.627561
1.627561
1.644778
1.644778
1.652174
1.652174
1.634333
1.634333
1.650234
1.650234
1.665818
1.665818
1.650176
1.650176
1.642527
1.642527
1.642961
1.642961
1.644341
1.644341
1.669475
1.669475
1.646156
1.646156
1.648583
1.648583
1.636412
1.636412
1.649135
1.649135
1.666588
1.666588
1.645126
1.645126
1.632008
1.632008
1.654220
1.654220
1.647846
1.647846
1.667810
1.667810
1.642727
1.642727
1.648407
1.648407
1.657291
1.657291
1.643109
1.643109
1.624263
1.624263
1.641147
1.641147
1.649841
1.649841
1.648232
1.648232
1.643121
1.643121
1.652435
1.652435
1.659292
1.659292
1.646136
1.646136
1.647205
1.647205
1.627012
1.627012
1.658826
1.658826
1.649480
1.649480
1.650642
1.650642
1.641229
1.641229
1.639675
1.639675
1.651200
1.651200
1.648415
1.648415
1.637972
1.637972
1.645411
1.645411
1.650358
1.650358
1.644423
1.644423
1.655048
1.655048
1.652296
1.652296
1.638330
1.638330
1.643637
1.643637
1.618233
1.618233
1.646390
1.646390
1.637955
1.637955
1.645373
1.645373
1.653618
1.653618
1.636799
1.636799
1.631408
1.631408
1.651803
1.651803
1.650491
1.650491
1.649780
1.649780
1.634929
1.634929
1.641258
1.641258
1.636763
1.636763
1.661960
1.661960
1.641303
1.641303
1.640521
1.640521
1.650758
1.650758
1.635957
1.635957
1.634672
1.634672
1.654985
1.654985
1.654909
1.654909
1.648399
1.648399
1.643981
1.643981
1.635748
1.635748
1.645218
1.645218
1.662455
1.662455
1.638009
1.638009
1.642692
1.642692
1.657541
1.657541
1.638006
1.638006
1.650324
1.650324
1.639951
1.639951
1.638004
1.638004
1.651656
1.651656
1.644966
1.644966
1.654141
1.654141
1.656127
1.656127
1.645289
1.645289
1.645103
1.645103
1.636288
1.636288
1.626751
1.626751
1.651142
1.651142
1.657503
1.657503
1.627076
1.627076
1.635447
1.635447
1.664751
1.664751
1.641673
1.641673
1.641163
1.641163
1.635458
1.635458
1.654171
1.654171
1.659008
1.659008
1.640787
1.640787
1.638527
1.638527
1.646095
1.646095
1.648012
1.648012
1.653507
1.653507
1.643584
1.643584
1.645513
1.645513
1.638869
1.638869
1.652298
1.652298
1.628014
1.628014
1.637067
1.637067
1.655752
1.655752
1.642289
1.642289
1.640393
1.640393
1.641651
1.641651
1.634861
1.634861
1.639582
1.639582
1.648649
1.648649
1.648666
1.648666
1.652243
1.652243
1.630636
1.630636
1.636335
1.636335
1.663841
1.663841
1.652068
1.652068
1.614186
1.614186
1.644981
1.644981
1.643291
1.643291
1.638384
1.638384
1.644062
1.644062
1.653405
1.653405
1.641741
1.641741
1.642512
1.642512
1.655087
1.655087
1.633253
1.633253
1.645939
1.645939
1.640841
1.640841
1.646255
1.646255
1.644456
1.644456
1.639234
1.639234
1.650581
1.650581
1.624949
1.624949
1.648352
1.648352
1.651563
1.651563
1.641096
1.641096
1.664818
1.664818
1.641816
1.641816
1.649673
1.649673
1.637867
1.637867
1.642562
1.642562
1.643807
1.643807
1.642982
1.642982
1.661191
1.661191
1.640964
1.640964
1.635731
1.635731
1.611904
1.611904
1.635281
1.635281
1.662340
1.662340
1.633594
1.633594
1.638551
1.638551
1.646237
1.646237
1.634406
1.634406
1.632539
1.632539
1.645650
1.645650
1.645806
1.645806
1.681373
1.681373
1.631186
1.631186
1.630127
1.630127
1.661481
1.661481
1.644226
1.644226
1.649838
1.649838
