2.348100
2.348100
2.348337
2.348337
2.349050
2.349050
2.348585
2.348585
2.348050
2.348050
2.344684
2.344684
2.347956
2.347956
2.346283
2.346283
2.346606
2.346606
2.346628
2.346628
2.346809
2.346809
2.347383
2.347383
2.346586
2.346586
2.344361
2.344361
2.345052
2.345052
2.345258
2.345258
2.344418
2.344418
2.342179
2.342179
2.342490
2.342490
2.343024
2.343024
2.343425
2.343425
2.342360
2.342360
2.341285
2.341285
2.341522
2.341522
2.339962
2.339962
2.339408
2.339408
2.340528
2.340528
2.340497
2.340497
2.339075
2.339075
2.338787
2.338787
2.338039
2.338039
2.337180
2.337180
2.336912
2.336912
2.337239
2.337239
2.337399
2.337399
2.335896
2.335896
2.336283
2.336283
2.335381
2.335381
2.334570
2.334570
2.331198
2.331198
2.333537
2.333537
2.332355
2.332355
2.330688
2.330688
2.332440
2.332440
2.331874
2.331874
2.330459
2.330459
2.327824
2.327824
2.330015
2.330015
2.328511
2.328511
2.326913
2.326913
2.326533
2.326533
2.326771
2.326771
2.325995
2.325995
2.323545
2.323545
2.324056
2.324056
2.323738
2.323738
2.321855
2.321855
2.321549
2.321549
2.321012
2.321012
2.322229
2.322229
2.318398
2.318398
2.319224
2.319224
2.318558
2.318558
2.315833
2.315833
2.315117
2.315117
2.316705
2.316705
2.316078
2.316078
2.313256
2.313256
2.312422
2.312422
2.310788
2.310788
2.309233
2.309233
2.307968
2.307968
2.309774
2.309774
2.306810
2.306810
2.304859
2.304859
2.303935
2.303935
2.303203
2.303203
2.302799
2.302799
2.302711
2.302711
2.297989
2.297989
2.297109
2.297109
2.298331
2.298331
2.297167
2.297167
2.292799
2.292799
2.295550
2.295550
2.288091
2.288091
2.288743
2.288743
2.286552
2.286552
2.290865
2.290865
2.282549
2.282549
2.282822
2.282822
2.281499
2.281499
2.278810
2.278810
2.276125
2.276125
2.279599
2.279599
2.275372
2.275372
2.269142
2.269142
2.271902
2.271902
2.268714
2.268714
2.265268
2.265268
2.260073
2.260073
2.265975
2.265975
2.258827
2.258827
2.255930
2.255930
2.256232
2.256232
2.246477
2.246477
2.248869
2.248869
2.245589
2.245589
2.242803
2.242803
2.235906
2.235906
2.234530
2.234530
2.232132
2.232132
2.232471
2.232471
2.224557
2.224557
2.224928
2.224928
2.222734
2.222734
2.213421
2.213421
2.205642
2.205642
2.202313
2.202313
2.196521
2.196521
2.196685
2.196685
2.194427
2.194427
2.189476
2.189476
2.179313
2.179313
2.175902
2.175902
2.167214
2.167214
2.162462
2.162462
2.160980
2.160980
2.154334
2.154334
2.154853
2.154853
2.145322
2.145322
2.126064
2.126064
2.126546
2.126546
2.121090
2.121090
2.112841
2.112841
2.114353
2.114353
2.095860
2.095860
2.089744
2.089744
2.083580
2.083580
2.081210
2.081210
2.075578
2.075578
2.064472
2.064472
2.049921
2.049921
2.036840
2.036840
2.036430
2.036430
2.027477
2.027477
2.027297
2.027297
2.014046
2.014046
1.996388
1.996388
1.999433
1.999433
1.977955
1.977955
1.975124
1.975124
1.967662
1.967662
1.963898
1.963898
1.952022
1.952022
1.943354
1.943354
1.936939
1.936939
1.929333
1.929333
1.918635
1.918635
1.905238
1.905238
1.892106
1.892106
1.885643
1.885643
1.870066
1.870066
1.869282
1.869282
1.860620
1.860620
1.862006
1.862006
1.858765
1.858765
1.858692
1.858692
1.834906
1.834906
1.832437
1.832437
1.823939
1.823939
1.821406
1.821406
1.812074
1.812074
1.805510
1.805510
1.796937
1.796937
1.788126
1.788126
1.790292
1.790292
1.779170
1.779170
1.774006
1.774006
1.770035
1.770035
1.761553
1.761553
1.748907
1.748907
1.753769
1.753769
1.759137
1.759137
1.758323
1.758323
1.757124
1.757124
1.749778
1.749778
1.737257
1.737257
1.727048
1.727048
1.740796
1.740796
1.722007
1.722007
1.711959
1.711959
1.719075
1.719075
1.725276
1.725276
1.704114
1.704114
1.707979
1.707979
1.715949
1.715949
1.718234
1.718234
1.711900
1.711900
1.698539
1.698539
1.701625
1.701625
1.698643
1.698643
1.687084
1.687084
1.686043
1.686043
1.693229
1.693229
1.681911
1.681911
1.680583
1.680583
1.692744
1.692744
1.687434
1.687434
1.684060
1.684060
1.677719
1.677719
1.674105
1.674105
1.686924
1.686924
1.677089
1.677089
1.678518
1.678518
1.676222
1.676222
1.674720
1.674720
1.674109
1.674109
1.659685
1.659685
1.672796
1.672796
1.662654
1.662654
1.665885
1.665885
1.657584
1.657584
1.672927
1.672927
1.658208
1.658208
1.657629
1.657629
1.662839
1.662839
1.655455
1.655455
1.658269
1.658269
1.657395
1.657395
1.664625
1.664625
1.652467
1.652467
1.653426
1.653426
1.640660
1.640660
1.658530
1.658530
1.644658
1.644658
1.644538
1.644538
1.660127
1.660127
1.636594
1.636594
1.648237
1.648237
1.641178
1.641178
1.652179
1.652179
1.639008
1.639008
1.644445
1.644445
1.635903
1.635903
1.644879
1.644879
1.633499
1.633499
1.629913
1.629913
1.648948
1.648948
1.644861
1.644861
1.639692
1.639692
1.631083
1.631083
1.637892
1.637892
1.628569
1.628569
1.636378
1.636378
1.633820
1.633820
1.631647
1.631647
1.635035
1.635035
1.631450
1.631450
1.623737
1.623737
1.622306
1.622306
1.627656
1.627656
1.632900
1.632900
1.618240
1.618240
1.627020
1.627020
1.632486
1.632486
1.621458
1.621458
1.621554
1.621554
1.619913
1.619913
1.622740
1.622740
1.615618
1.615618
1.621347
1.621347
1.618039
1.618039
1.630170
1.630170
1.626672
1.626672
1.619240
1.619240
1.618935
1.618935
1.610846
1.610846
1.619658
1.619658
1.623234
1.623234
1.625608
1.625608
1.625773
1.625773
1.618969
1.618969
1.613838
1.613838
1.616043
1.616043
1.621340
1.621340
1.623933
1.623933
1.608479
1.608479
1.613995
1.613995
1.620792
1.620792
1.617555
1.617555
1.610322
1.610322
1.605079
1.605079
1.600750
1.600750
1.609853
1.609853
1.604613
1.604613
1.606641
1.606641
1.604234
1.604234
1.615379
1.615379
1.606341
1.606341
1.605528
1.605528
1.612028
1.612028
1.605359
1.605359
1.606200
1.606200
1.606964
1.606964
1.599556
1.599556
1.614760
1.614760
1.592913
1.592913
1.610492
1.610492
1.604036
1.604036
1.607749
1.607749
1.601848
1.601848
1.593581
1.593581
1.612430
1.612430
1.603064
1.603064
1.611608
1.611608
1.600426
1.600426
1.610328
1.610328
1.606569
1.606569
1.603602
1.603602
1.598725
1.598725
1.601834
1.601834
1.604974
1.604974
1.606856
1.606856
1.606125
1.606125
1.599971
1.599971
1.595388
1.595388
1.605319
1.605319
1.594042
1.594042
1.611225
1.611225
1.590567
1.590567
1.592717
1.592717
1.598171
1.598171
1.599116
1.599116
1.608997
1.608997
1.597608
1.597608
1.598918
1.598918
1.591418
1.591418
1.598425
1.598425
1.595214
1.595214
1.597590
1.597590
1.600919
1.600919
1.596354
1.596354
1.592691
1.592691
1.594603
1.594603
1.589591
1.589591
1.591506
1.591506
1.598509
1.598509
1.586615
1.586615
1.597886
1.597886
1.594232
1.594232
1.593385
1.593385
1.589860
1.589860
1.591586
1.591586
1.593071
1.593071
1.596417
1.596417
1.587550
1.587550
1.598652
1.598652
1.588060
1.588060
1.576987
1.576987
1.590681
1.590681
1.591153
1.591153
1.596621
1.596621
1.588544
1.588544
1.585541
1.585541
1.586280
1.586280
1.598538
1.598538
1.591161
1.591161
1.583585
1.583585
1.586084
1.586084
1.588631
1.588631
1.567265
1.567265
1.581388
1.581388
1.587946
1.587946
1.586661
1.586661
1.585674
1.585674
1.592910
1.592910
1.593903
1.593903
1.593393
1.593393
1.585372
1.585372
1.585877
1.585877
1.583407
1.583407
1.589211
1.589211
1.581265
1.581265
1.586730
1.586730
1.591739
1.591739
1.586414
1.586414
1.584131
1.584131
1.578737
1.578737
1.579220
1.579220
1.589543
1.589543
1.580818
1.580818
1.584846
1.584846
1.583137
1.583137
1.578163
1.578163
1.584099
1.584099
1.590221
1.590221
1.578417
1.578417
1.581221
1.581221
1.576691
1.576691
1.579994
1.579994
1.589161
1.589161
1.570354
1.570354
1.586353
1.586353
1.591387
1.591387
1.585496
1.585496
1.579365
1.579365
1.564132
1.564132
1.581519
1.581519
1.587438
1.587438
1.583342
1.583342
1.578194
1.578194
1.570233
1.570233
1.583776
1.583776
1.580103
1.580103
1.576488
1.576488
1.588288
1.588288
1.575400
1.575400
1.581348
1.581348
1.565924
1.565924
1.579244
1.579244
1.584555
1.584555
1.575426
1.575426
1.575677
1.575677
1.576811
1.576811
1.573393
1.573393
1.565140
1.565140
1.591154
1.591154
1.582555
1.582555
1.563979
1.563979
1.585527
1.585527
1.575636
1.575636
1.582610
1.582610
1.571915
1.571915
1.574910
1.574910
1.573031
1.573031
1.574752
1.574752
1.581258
1.581258
1.575471
1.575471
1.579141
1.579141
1.579631
1.579631
1.574993
1.574993
1.565033
1.565033
1.578414
1.578414
1.566064
1.566064
1.586320
1.586320
1.567823
1.567823
1.569342
1.569342
1.583811
1.583811
1.577940
1.577940
1.570477
1.570477
1.564388
1.564388
1.577358
1.577358
1.580745
1.580745
1.581939
1.581939
1.571868
1.571868
1.574871
1.574871
1.582397
1.582397
1.580287
1.580287
1.565246
1.565246
1.567783
1.567783
1.565751
1.565751
1.566968
1.566968
1.575268
1.575268
1.577313
1.577313
1.577037
1.577037
1.572706
1.572706
1.555100
1.555100
1.576290
1.576290
1.567492
1.567492
1.571185
1.571185
1.571970
1.571970
1.581781
1.581781
1.555699
1.555699
1.574426
1.574426
1.566471
1.566471
1.569133
1.569133
1.569267
1.569267
1.572898
1.572898
1.576305
1.576305
1.564405
1.564405
1.573429
1.573429
1.566342
1.566342
1.568320
1.568320
1.581609
1.581609
1.563253
1.563253
1.561747
1.561747
1.565350
1.565350
1.570086
1.570086
1.573123
1.573123
1.581261
1.581261
1.567242
1.567242
1.581615
1.581615
1.563967
1.563967
1.572572
1.572572
1.563965
1.563965
1.566201
1.566201
1.572383
1.572383
1.571987
1.571987
1.565580
1.565580
1.560763
1.560763
1.576922
1.576922
1.571458
1.571458
1.566173
1.566173
1.569668
1.569668
1.560501
1.560501
1.558052
1.558052
1.574903
1.574903
1.572616
1.572616
1.573946
1.573946
1.565112
1.565112
1.574082
1.574082
1.571520
1.571520
1.564410
1.564410
1.560532
1.560532
1.572892
1.572892
1.575557
1.575557
1.563190
1.563190
1.564940
1.564940
1.568193
1.568193
1.560777
1.560777
1.578070
1.578070
1.564913
1.564913
1.571788
1.571788
1.559065
1.559065
1.562544
1.562544
1.566465
1.566465
1.568018
1.568018
1.572158
1.572158
1.566337
1.566337
1.565122
1.565122
1.557289
1.557289
1.563482
1.563482
1.561475
1.561475
1.570075
1.570075
1.559948
1.559948
1.566756
1.566756
1.568402
1.568402
1.559448
1.559448
1.561273
1.561273
1.559659
1.559659
1.569004
1.569004
1.563817
1.563817
1.566594
1.566594
1.565833
1.565833
1.564384
1.564384
1.567953
1.567953
1.560349
1.560349
1.565813
1.565813
1.567686
1.567686
1.563539
1.563539
1.567341
1.567341
1.567817
1.567817
1.572368
1.572368
1.560122
1.560122
1.559767
1.559767
1.565391
1.565391
1.568282
1.568282
1.567695
1.567695
1.559679
1.559679
1.559526
1.559526
1.557188
1.557188
1.570873
1.570873
1.568321
1.568321
1.548945
1.548945
1.559621
1.559621
1.570064
1.570064
1.572823
1.572823
1.563531
1.563531
1.562932
1.562932
1.567881
1.567881
1.561508
1.561508
1.562986
1.562986
1.564054
1.564054
1.557156
1.557156
1.566077
1.566077
1.563981
1.563981
1.558994
1.558994
1.563687
1.563687
1.561436
1.561436
1.569211
1.569211
1.556161
1.556161
1.564291
1.564291
1.556117
1.556117
1.563156
1.563156
1.568384
1.568384
1.561254
1.561254
1.561920
1.561920
1.558300
1.558300
1.554221
1.554221
1.572619
1.572619
1.561692
1.561692
1.562963
1.562963
1.560187
1.560187
1.562298
1.562298
1.560950
1.560950
1.568918
1.568918
1.559175
1.559175
1.557151
1.557151
1.553558
1.553558
1.570887
1.570887
1.573194
1.573194
1.559468
1.559468
1.545742
1.545742
1.553651
1.553651
1.559997
1.559997
1.560323
1.560323
1.548990
1.548990
1.568888
1.568888
1.557528
1.557528
1.564425
1.564425
1.554176
1.554176
1.556328
1.556328
1.557697
1.557697
1.559671
1.559671
1.560482
1.560482
1.559245
1.559245
1.570201
1.570201
1.559991
1.559991
1.560209
1.560209
1.563444
1.563444
1.556591
1.556591
1.559579
1.559579
1.557330
1.557330
1.559732
1.559732
1.567028
1.567028
1.548469
1.548469
1.562177
1.562177
1.564145
1.564145
1.555720
1.555720
1.557459
1.557459
1.557858
1.557858
1.563581
1.563581
1.560973
1.560973
1.564477
1.564477
1.545503
1.545503
1.555907
1.555907
1.560019
1.560019
1.555204
1.555204
1.561118
1.561118
1.560284
1.560284
1.559879
1.559879
1.560436
1.560436
1.549068
1.549068
1.557106
1.557106
1.563942
1.563942
1.563598
1.563598
1.556033
1.556033
1.557182
1.557182
1.556159
1.556159
1.561333
1.561333
1.564318
1.564318
1.554111
1.554111
1.548430
1.548430
1.554723
1.554723
1.557367
1.557367
1.561369
1.561369
1.558979
1.558979
1.552963
1.552963
1.566111
1.566111
1.562185
1.562185
1.561149
1.561149
1.556273
1.556273
1.545197
1.545197
1.556617
1.556617
1.559036
1.559036
1.558524
1.558524
1.548965
1.548965
1.551568
1.551568
1.564431
1.564431
1.560972
1.560972
1.551533
1.551533
1.547849
1.547849
1.554254
1.554254
1.548702
1.548702
1.563766
1.563766
1.564375
1.564375
1.566288
1.566288
1.558711
1.558711
1.565999
1.565999
1.555196
1.555196
1.546982
1.546982
1.558061
1.558061
1.551628
1.551628
1.554029
1.554029
1.556362
1.556362
1.560562
1.560562
1.554606
1.554606
1.555541
1.555541
1.560081
1.560081
1.566111
1.566111
1.559692
1.559692
1.545610
1.545610
1.551246
1.551246
1.557851
1.557851
1.556704
1.556704
1.556900
1.556900
1.556599
1.556599
1.559152
1.559152
1.549979
1.549979
1.548380
1.548380
1.554488
1.554488
1.547294
1.547294
1.554504
1.554504
1.556723
1.556723
1.558187
1.558187
1.557117
1.557117
1.547354
1.547354
1.546651
1.546651
1.563495
1.563495
1.549380
1.549380
1.559806
1.559806
1.551053
1.551053
1.556007
1.556007
1.547153
1.547153
1.567025
1.567025
1.553340
1.553340
1.552320
1.552320
1.548107
1.548107
1.555920
1.555920
1.560580
1.560580
1.553850
1.553850
1.555171
1.555171
1.549526
1.549526
1.546025
1.546025
1.558330
1.558330
1.551848
1.551848
1.554983
1.554983
1.556839
1.556839
1.555060
1.555060
1.553109
1.553109
1.542195
1.542195
1.547240
1.547240
1.546456
1.546456
1.556179
1.556179
1.563212
1.563212
1.553679
1.553679
1.548721
1.548721
1.555083
1.555083
1.550527
1.550527
1.546095
1.546095
1.558724
1.558724
1.556578
1.556578
1.541597
1.541597
1.548934
1.548934
1.549392
1.549392
1.563275
1.563275
1.553029
1.553029
1.545285
1.545285
1.558586
1.558586
1.555077
1.555077
1.550365
1.550365
1.549163
1.549163
1.553187
1.553187
1.550705
1.550705
1.562596
1.562596
1.549657
1.549657
1.549518
1.549518
1.549383
1.549383
1.551386
1.551386
1.555794
1.555794
1.556887
1.556887
1.547756
1.547756
1.553346
1.553346
1.562143
1.562143
1.552152
1.552152
1.542522
1.542522
1.555433
1.555433
1.550915
1.550915
1.564067
1.564067
1.555519
1.555519
1.549741
1.549741
1.539203
1.539203
1.553619
1.553619
1.550299
1.550299
1.553244
1.553244
1.551634
1.551634
1.558858
1.558858
1.551004
1.551004
1.540686
1.540686
1.553070
1.553070
1.549902
1.549902
1.557980
1.557980
1.556327
1.556327
1.540288
1.540288
1.552786
1.552786
1.556261
1.556261
1.553323
1.553323
1.552504
1.552504
1.550055
1.550055
1.547520
1.547520
1.549189
1.549189
1.558133
1.558133
1.548491
1.548491
1.541384
1.541384
1.557105
1.557105
1.550412
1.550412
1.550959
1.550959
1.550678
1.550678
1.557531
1.557531
1.549091
1.549091
1.545185
1.545185
1.550969
1.550969
1.549040
1.549040
1.548906
1.548906
1.554510
1.554510
1.547596
1.547596
1.548806
1.548806
1.553136
1.553136
1.550330
1.550330
1.554664
1.554664
1.552879
1.552879
1.555279
1.555279
1.542722
1.542722
1.547395
1.547395
1.550463
1.550463
1.541475
1.541475
1.549395
1.549395
1.545332
1.545332
1.559792
1.559792
1.551364
1.551364
1.544707
1.544707
1.552544
1.552544
1.545058
1.545058
1.549411
1.549411
1.552820
1.552820
1.545410
1.545410
1.546393
1.546393
1.548304
1.548304
1.555587
1.555587
1.549464
1.549464
1.547982
1.547982
1.543800
1.543800
1.548833
1.548833
1.551569
1.551569
1.551022
1.551022
1.543918
1.543918
1.552414
1.552414
1.547662
1.547662
1.547603
1.547603
1.550300
1.550300
1.546657
1.546657
1.550321
1.550321
1.541744
1.541744
1.556686
1.556686
1.551095
1.551095
1.548744
1.548744
1.542616
1.542616
1.551855
1.551855
1.554683
1.554683
1.548806
1.548806
1.549653
1.549653
1.553547
1.553547
1.546511
1.546511
1.544068
1.544068
1.553761
1.553761
1.553586
1.553586
1.538577
1.538577
1.546199
1.546199
1.550400
1.550400
1.547848
1.547848
1.553583
1.553583
1.542439
1.542439
1.553853
1.553853
1.539849
1.539849
1.556551
1.556551
1.549045
1.549045
1.541401
1.541401
1.549843
1.549843
1.544134
1.544134
1.546642
1.546642
1.552832
1.552832
1.550732
1.550732
1.543970
1.543970
1.544252
1.544252
1.541743
1.541743
1.541111
1.541111
1.548522
1.548522
1.544865
1.544865
1.553248
1.553248
1.552183
1.552183
1.540368
1.540368
1.543005
1.543005
1.546298
1.546298
1.547666
1.547666
1.547174
1.547174
1.552966
1.552966
1.552158
1.552158
1.549407
1.549407
1.550057
1.550057
1.546574
1.546574
1.542857
1.542857
1.546488
1.546488
1.561207
1.561207
1.555708
1.555708
1.548424
1.548424
1.540986
1.540986
1.548555
1.548555
1.548033
1.548033
1.548245
1.548245
1.552227
1.552227
1.541951
1.541951
1.546367
1.546367
1.551779
1.551779
1.552674
1.552674
1.540717
1.540717
1.545779
1.545779
1.542093
1.542093
1.543579
1.543579
1.553709
1.553709
1.553987
1.553987
1.544373
1.544373
1.542167
1.542167
1.544840
1.544840
1.545979
1.545979
1.549725
1.549725
1.544019
1.544019
1.554990
1.554990
1.551701
1.551701
1.548823
1.548823
1.550975
1.550975
1.539719
1.539719
1.542972
1.542972
1.538404
1.538404
1.546337
1.546337
1.548676
1.548676
1.551634
1.551634
1.536754
1.536754
1.550603
1.550603
1.540585
1.540585
1.549793
1.549793
1.542790
1.542790
1.546128
1.546128
1.545030
1.545030
1.547200
1.547200
1.550833
1.550833
1.545896
1.545896
1.549050
1.549050
1.546097
1.546097
1.541838
1.541838
1.546815
1.546815
1.556442
1.556442
1.544241
1.544241
1.542617
1.542617
1.556241
1.556241
1.543321
1.543321
1.546098
1.546098
1.551160
1.551160
1.544297
1.544297
1.545934
1.545934
1.547417
1.547417
1.545071
1.545071
1.554775
1.554775
1.540202
1.540202
1.562159
1.562159
1.540127
1.540127
1.539864
1.539864
1.546753
1.546753
1.543187
1.543187
1.539800
1.539800
1.542582
1.542582
1.549706
1.549706
1.545582
1.545582
1.548050
1.548050
1.543073
1.543073
1.541522
1.541522
1.540450
1.540450
1.552665
1.552665
1.545693
1.545693
1.544464
1.544464
1.549731
1.549731
1.535327
1.535327
1.542472
1.542472
1.551348
1.551348
1.546221
1.546221
1.546784
1.546784
1.541030
1.541030
1.550723
1.550723
1.541758
1.541758
1.545985
1.545985
1.551858
1.551858
1.547929
1.547929
1.551683
1.551683
1.526100
1.526100
1.547315
1.547315
1.547045
1.547045
1.539607
1.539607
1.549558
1.549558
1.545006
1.545006
1.548661
1.548661
1.544133
1.544133
1.553202
1.553202
1.546395
1.546395
1.543160
1.543160
1.542118
1.542118
1.542225
1.542225
1.542663
1.542663
1.548462
1.548462
1.538932
1.538932
1.551994
1.551994
1.543378
1.543378
1.547096
1.547096
1.549796
1.549796
1.545509
1.545509
1.537089
1.537089
1.546977
1.546977
1.544371
1.544371
1.549345
1.549345
1.541565
1.541565
1.549638
1.549638
1.548092
1.548092
1.542832
1.542832
1.541021
1.541021
1.539006
1.539006
1.555854
1.555854
1.539450
1.539450
1.545532
1.545532
1.541086
1.541086
1.542420
1.542420
1.536955
1.536955
1.545060
1.545060
1.537891
1.537891
1.547633
1.547633
1.550052
1.550052
1.545991
1.545991
1.532415
1.532415
1.530009
1.530009
1.547165
1.547165
1.555561
1.555561
1.539286
1.539286
1.545852
1.545852
1.554811
1.554811
1.547361
1.547361
1.541023
1.541023
1.545853
1.545853
1.546645
1.546645
1.541964
1.541964
1.541101
1.541101
1.555680
1.555680
1.545568
1.545568
1.540481
1.540481
1.540561
1.540561
1.539841
1.539841
1.534623
1.534623
1.539329
1.539329
1.544139
1.544139
1.550775
1.550775
1.545783
1.545783
1.535137
1.535137
1.551462
1.551462
1.549599
1.549599
1.542918
1.542918
1.555145
1.555145
1.530879
1.530879
1.544274
1.544274
1.534248
1.534248
1.543894
1.543894
1.538937
1.538937
1.540609
1.540609
1.554275
1.554275
1.542507
1.542507
1.540836
1.540836
1.549264
1.549264
1.539739
1.539739
1.540976
1.540976
1.534129
1.534129
1.548484
1.548484
1.553248
1.553248
1.544637
1.544637
1.546229
1.546229
1.547004
1.547004
1.533590
1.533590
1.545323
1.545323
1.542255
1.542255
1.547575
1.547575
1.545151
1.545151
1.535782
1.535782
1.544387
1.544387
1.539091
1.539091
1.537634
1.537634
1.544322
1.544322
1.544948
1.544948
1.539141
1.539141
1.542584
1.542584
1.538321
1.538321
1.538977
1.538977
1.542115
1.542115
1.538962
1.538962
1.544693
1.544693
1.537934
1.537934
1.544623
1.544623
1.544783
1.544783
1.545105
1.545105
1.550300
1.550300
1.540815
1.540815
1.534464
1.534464
1.540303
1.540303
1.541101
1.541101
1.544338
1.544338
1.540155
1.540155
1.544795
1.544795
1.543881
1.543881
1.535977
1.535977
1.549329
1.549329
1.552477
1.552477
1.543186
1.543186
1.529838
1.529838
1.539319
1.539319
1.548251
1.548251
1.543219
1.543219
1.545651
1.545651
1.540492
1.540492
1.538218
1.538218
1.541943
1.541943
1.540183
1.540183
1.561086
1.561086
1.548154
1.548154
1.549468
1.549468
1.533499
1.533499
1.536776
1.536776
1.545956
1.545956
1.544602
1.544602
1.546772
1.546772
1.542812
1.542812
1.548393
1.548393
1.543033
1.543033
1.530831
1.530831
1.549547
1.549547
1.540558
1.540558
1.542774
1.542774
1.541643
1.541643
1.548169
1.548169
1.535774
1.535774
1.549500
1.549500
1.536821
1.536821
1.547596
1.547596
1.541338
1.541338
1.543209
1.543209
1.543905
1.543905
1.533917
1.533917
1.540083
1.540083
1.538144
1.538144
1.542211
1.542211
1.545908
1.545908
1.539749
1.539749
1.547722
1.547722
1.544180
1.544180
1.540278
1.540278
1.545702
1.545702
1.537253
1.537253
1.544153
1.544153
1.538890
1.538890
1.539330
1.539330
1.549889
1.549889
1.541404
1.541404
1.539332
1.539332
1.544564
1.544564
1.534346
1.534346
1.554794
1.554794
1.538525
1.538525
1.540166
1.540166
1.543302
1.543302
1.539977
1.539977
1.529493
1.529493
1.547891
1.547891
1.540425
1.540425
1.538552
1.538552
1.537637
1.537637
1.543367
1.543367
1.539507
1.539507
1.541167
1.541167
1.541830
1.541830
1.544334
1.544334
1.542712
1.542712
1.539041
1.539041
1.538130
1.538130
1.544421
1.544421
1.539792
1.539792
1.541190
1.541190
1.547936
1.547936
1.534723
1.534723
1.542013
1.542013
1.538805
1.538805
1.546809
1.546809
1.543851
1.543851
1.539999
1.539999
1.546636
1.546636
1.524192
1.524192
1.541236
1.541236
1.545405
1.545405
1.546864
1.546864
1.542922
1.542922
1.532207
1.532207
1.538458
1.538458
1.547582
1.547582
1.539316
1.539316
1.533679
1.533679
1.543482
1.543482
1.544653
1.544653
1.535886
1.535886
1.544878
1.544878
1.544779
1.544779
1.547409
1.547409
1.537094
1.537094
1.541060
1.541060
1.524464
1.524464
1.539382
1.539382
1.533468
1.533468
1.543656
1.543656
1.546447
1.546447
1.549751
1.549751
1.533785
1.533785
1.540385
1.540385
1.548824
1.548824
1.537027
1.537027
1.538826
1.538826
1.542238
1.542238
1.543136
1.543136
1.544766
1.544766
1.535604
1.535604
1.543522
1.543522
1.541213
1.541213
1.544813
1.544813
1.535574
1.535574
1.540971
1.540971
1.538071
1.538071
1.547950
1.547950
1.541976
1.541976
1.535435
1.535435
1.546216
1.546216
1.547106
1.547106
1.540910
1.540910
1.532856
1.532856
1.539932
1.539932
1.544402
1.544402
1.544933
1.544933
1.547207
1.547207
1.531237
1.531237
1.546620
1.546620
1.536520
1.536520
1.543993
1.543993
1.538001
1.538001
1.538074
1.538074
1.536565
1.536565
1.542169
1.542169
1.545908
1.545908
1.538413
1.538413
1.543581
1.543581
1.537119
1.537119
1.542792
1.542792
1.549318
1.549318
1.537642
1.537642
1.542809
1.542809
1.524136
1.524136
1.533389
1.533389
1.544451
1.544451
1.549120
1.549120
1.539977
1.539977
1.542568
1.542568
1.525758
1.525758
1.547934
1.547934
1.536024
1.536024
1.539705
1.539705
1.539872
1.539872
1.544523
1.544523
1.530214
1.530214
1.528792
1.528792
1.552210
1.552210
1.541399
1.541399
1.540991
1.540991
1.541950
1.541950
1.527334
1.527334
1.540756
1.540756
1.539386
1.539386
1.538429
1.538429
1.536198
1.536198
1.543151
1.543151
1.544452
1.544452
1.542710
1.542710
1.545122
1.545122
1.546403
1.546403
1.531868
1.531868
1.541846
1.541846
1.522376
1.522376
1.536267
1.536267
1.540181
1.540181
1.542483
1.542483
1.537273
1.537273
1.549954
1.549954
1.528256
1.528256
1.544805
1.544805
1.539766
1.539766
1.535541
1.535541
1.538952
1.538952
1.541946
1.541946
1.535364
1.535364
1.538838
1.538838
1.537139
1.537139
1.548190
1.548190
1.531923
1.531923
1.540202
1.540202
1.542101
1.542101
1.533920
1.533920
1.539752
1.539752
1.543163
1.543163
1.543015
1.543015
1.539688
1.539688
1.536097
1.536097
1.542001
1.542001
1.541558
1.541558
1.529644
1.529644
1.538698
1.538698
1.545589
1.545589
1.543135
1.543135
1.550789
1.550789
1.545958
1.545958
1.535224
1.535224
1.533362
1.533362
1.540108
1.540108
1.525823
1.525823
1.537547
1.537547
1.535857
1.535857
1.545741
1.545741
1.540861
1.540861
1.537309
1.537309
1.529502
1.529502
1.533352
1.533352
1.537008
1.537008
1.536997
1.536997
1.541729
1.541729
1.544819
1.544819
1.532890
1.532890
1.543079
1.543079
1.544948
1.544948
1.543384
1.543384
1.539432
1.539432
1.523730
1.523730
1.533831
1.533831
1.538231
1.538231
1.553774
1.553774
1.529884
1.529884
1.538087
1.538087
1.538521
1.538521
1.528142
1.528142
1.540854
1.540854
1.535809
1.535809
1.540969
1.540969
1.537015
1.537015
1.542292
1.542292
1.535357
1.535357
1.533787
1.533787
1.545961
1.545961
1.534963
1.534963
1.538382
1.538382
1.540114
1.540114
1.546483
1.546483
1.535515
1.535515
1.542577
1.542577
1.539213
1.539213
1.535897
1.535897
1.543808
1.543808
1.538525
1.538525
1.539815
1.539815
1.539043
1.539043
1.541453
1.541453
1.543464
1.543464
1.529199
1.529199
1.548667
1.548667
1.538950
1.538950
1.540485
1.540485
1.538995
1.538995
1.551119
1.551119
1.529728
1.529728
1.533497
1.533497
1.540584
1.540584
1.545636
1.545636
1.546412
1.546412
1.530412
1.530412
1.532704
1.532704
1.535517
1.535517
1.531960
1.531960
1.538561
1.538561
1.536063
1.536063
1.542332
1.542332
1.542387
1.542387
1.540978
1.540978
1.539966
1.539966
1.538710
1.538710
1.542099
1.542099
1.538278
1.538278
1.536790
1.536790
1.530920
1.530920
1.533819
1.533819
1.533995
1.533995
1.546796
1.546796
1.539671
1.539671
1.536143
1.536143
1.536123
1.536123
1.548524
1.548524
1.541467
1.541467
1.537851
1.537851
1.536802
1.536802
1.527847
1.527847
1.529145
1.529145
1.539654
1.539654
1.538284
1.538284
1.527102
1.527102
1.538615
1.538615
1.541959
1.541959
1.547414
1.547414
1.531838
1.531838
1.541943
1.541943
1.533659
1.533659
1.541184
1.541184
1.540929
1.540929
1.539878
1.539878
1.532469
1.532469
1.529293
1.529293
1.543720
1.543720
1.540457
1.540457
1.545843
1.545843
1.535342
1.535342
1.523862
1.523862
1.544409
1.544409
1.543454
1.543454
1.542183
1.542183
1.533042
1.533042
1.542626
1.542626
1.526870
1.526870
1.545048
1.545048
1.548264
1.548264
1.537418
1.537418
1.530472
1.530472
1.523006
1.523006
1.535332
1.535332
1.536096
1.536096
1.532802
1.532802
1.537515
1.537515
1.541866
1.541866
1.536069
1.536069
1.538160
1.538160
1.533717
1.533717
1.535270
1.535270
1.546414
1.546414
1.530227
1.530227
1.538514
1.538514
1.540161
1.540161
1.533423
1.533423
1.534303
1.534303
1.532061
1.532061
1.538278
1.538278
1.554855
1.554855
1.539625
1.539625
1.540171
1.540171
1.536860
1.536860
1.531689
1.531689
1.536729
1.536729
1.540968
1.540968
1.547922
1.547922
1.543406
1.543406
1.540030
1.540030
1.528820
1.528820
1.528305
1.528305
1.534638
1.534638
1.542686
1.542686
1.540506
1.540506
1.531698
1.531698
1.536181
1.536181
1.538866
1.538866
1.532943
1.532943
1.536650
1.536650
1.542802
1.542802
1.536089
1.536089
1.531679
1.531679
1.540673
1.540673
1.536594
1.536594
1.535548
1.535548
1.534848
1.534848
1.545048
1.545048
1.535742
1.535742
1.532560
1.532560
1.544139
1.544139
1.534453
1.534453
1.542723
1.542723
1.539343
1.539343
1.537118
1.537118
1.538919
1.538919
1.523728
1.523728
1.537786
1.537786
1.544476
1.544476
1.533299
1.533299
1.535353
1.535353
1.536325
1.536325
1.535574
1.535574
1.528688
1.528688
1.535263
1.535263
1.542577
1.542577
1.543750
1.543750
1.534244
1.534244
1.532938
1.532938
1.527455
1.527455
1.537207
1.537207
1.538288
1.538288
1.540166
1.540166
1.540242
1.540242
1.536944
1.536944
1.542455
1.542455
1.530235
1.530235
1.536429
1.536429
1.543241
1.543241
1.527440
1.527440
1.544418
1.544418
1.546084
1.546084
1.532220
1.532220
1.534436
1.534436
1.536816
1.536816
1.529656
1.529656
1.531744
1.531744
1.533361
1.533361
1.540648
1.540648
1.533769
1.533769
1.534756
1.534756
1.541309
1.541309
1.522424
1.522424
1.530334
1.530334
1.534549
1.534549
1.541816
1.541816
1.534520
1.534520
1.537996
1.537996
1.535966
1.535966
1.528996
1.528996
1.536912
1.536912
1.531727
1.531727
1.535362
1.535362
1.545053
1.545053
1.541267
1.541267
1.537555
1.537555
1.542520
1.542520
1.530095
1.530095
1.526957
1.526957
1.539506
1.539506
1.547000
1.547000
1.535684
1.535684
1.540887
1.540887
1.537828
1.537828
1.540610
1.540610
1.533433
1.533433
1.520630
1.520630
1.536294
1.536294
1.538803
1.538803
1.532032
1.532032
1.538359
1.538359
1.532050
1.532050
1.547271
1.547271
1.534722
1.534722
1.542579
1.542579
1.531331
1.531331
1.540080
1.540080
1.535807
1.535807
1.528013
1.528013
1.538481
1.538481
1.530860
1.530860
1.533805
1.533805
1.544938
1.544938
1.530178
1.530178
1.545048
1.545048
1.534967
1.534967
1.532934
1.532934
1.539225
1.539225
1.538818
1.538818
1.530097
1.530097
1.547336
1.547336
1.541058
1.541058
1.527501
1.527501
1.537876
1.537876
1.537447
1.537447
1.535809
1.535809
1.534182
1.534182
1.532188
1.532188
1.529354
1.529354
1.535975
1.535975
1.545407
1.545407
1.533802
1.533802
1.544551
1.544551
1.539311
1.539311
1.533198
1.533198
1.542221
1.542221
1.534058
1.534058
1.533045
1.533045
1.535316
1.535316
1.531129
1.531129
1.535273
1.535273
1.545570
1.545570
1.532571
1.532571
1.530787
1.530787
1.553031
1.553031
1.534019
1.534019
1.536805
1.536805
1.536432
1.536432
1.539263
1.539263
1.531412
1.531412
1.540200
1.540200
1.527867
1.527867
1.538612
1.538612
1.526848
1.526848
1.538648
1.538648
1.546754
1.546754
1.536894
1.536894
1.526786
1.526786
1.535381
1.535381
1.541191
1.541191
1.545512
1.545512
1.533126
1.533126
1.530329
1.530329
1.540766
1.540766
1.531287
1.531287
1.538050
1.538050
1.541339
1.541339
1.532876
1.532876
1.525522
1.525522
1.544701
1.544701
1.540958
1.540958
1.532786
1.532786
1.526481
1.526481
1.534535
1.534535
1.525515
1.525515
1.537121
1.537121
1.538999
1.538999
1.528058
1.528058
1.535981
1.535981
1.533407
1.533407
1.539046
1.539046
1.542501
1.542501
1.523191
1.523191
1.531414
1.531414
1.536289
1.536289
1.538730
1.538730
1.545948
1.545948
1.550446
1.550446
1.531821
1.531821
1.533182
1.533182
1.527109
1.527109
1.537103
1.537103
1.531397
1.531397
1.540243
1.540243
1.541865
1.541865
1.538552
1.538552
1.537126
1.537126
1.520890
1.520890
1.536516
1.536516
1.533103
1.533103
1.547267
1.547267
1.526419
1.526419
1.530572
1.530572
1.542435
1.542435
1.536402
1.536402
1.537754
1.537754
1.533305
1.533305
1.535793
1.535793
1.536097
1.536097
1.546288
1.546288
1.515597
1.515597
1.526781
1.526781
1.542235
1.542235
1.529415
1.529415
1.540085
1.540085
1.540539
1.540539
1.540931
1.540931
1.543006
1.543006
1.535935
1.535935
1.537321
1.537321
1.527862
1.527862
1.529153
1.529153
1.548507
1.548507
1.537388
1.537388
1.537515
1.537515
1.527444
1.527444
1.527532
1.527532
1.539535
1.539535
1.545417
1.545417
1.530248
1.530248
1.544412
1.544412
1.534044
1.534044
1.533463
1.533463
1.539580
1.539580
1.518589
1.518589
1.522934
1.522934
1.540745
1.540745
1.527817
1.527817
1.538209
1.538209
1.541877
1.541877
1.545974
1.545974
1.530868
1.530868
1.534123
1.534123
1.530891
1.530891
1.541285
1.541285
1.538108
1.538108
1.539919
1.539919
1.535055
1.535055
1.537840
1.537840
1.535709
1.535709
1.532643
1.532643
1.536356
1.536356
1.536462
1.536462
1.548357
1.548357
1.541503
1.541503
1.529055
1.529055
1.527924
1.527924
1.534938
1.534938
1.527996
1.527996
1.533353
1.533353
1.535443
1.535443
1.534188
1.534188
1.540092
1.540092
1.534807
1.534807
1.538538
1.538538
1.540410
1.540410
1.546484
1.546484
1.526035
1.526035
1.526586
1.526586
1.533801
1.533801
1.540698
1.540698
1.532592
1.532592
1.535089
1.535089
1.539814
1.539814
1.537678
1.537678
1.531121
1.531121
1.533771
1.533771
1.541043
1.541043
1.529947
1.529947
1.534837
1.534837
1.536066
1.536066
1.537834
1.537834
1.528106
1.528106
1.535308
1.535308
1.537604
1.537604
1.541591
1.541591
1.541368
1.541368
1.528136
1.528136
1.520856
1.520856
1.535077
1.535077
1.530359
1.530359
1.538187
1.538187
1.536213
1.536213
1.535093
1.535093
1.534878
1.534878
1.534476
1.534476
1.523544
1.523544
1.541336
1.541336
1.540009
1.540009
1.536825
1.536825
1.533106
1.533106
1.544052
1.544052
1.535481
1.535481
1.532445
1.532445
1.532516
1.532516
1.531181
1.531181
1.531818
1.531818
1.529308
1.529308
1.525086
1.525086
1.545513
1.545513
1.534845
1.534845
1.543220
1.543220
1.527235
1.527235
1.523991
1.523991
1.539225
1.539225
1.546755
1.546755
1.526443
1.526443
1.543339
1.543339
1.525601
1.525601
1.543572
1.543572
1.539238
1.539238
1.537659
1.537659
1.530901
1.530901
1.529853
1.529853
1.524580
1.524580
1.540951
1.540951
1.533034
1.533034
1.531499
1.531499
1.535826
1.535826
1.538055
1.538055
1.526545
1.526545
1.528421
1.528421
1.538432
1.538432
1.534963
1.534963
1.525043
1.525043
1.547558
1.547558
1.538990
1.538990
1.532201
1.532201
1.534431
1.534431
1.534846
1.534846
1.534879
1.534879
1.539126
1.539126
1.532469
1.532469
1.536115
1.536115
1.526425
1.526425
1.536807
1.536807
1.540515
1.540515
1.536810
1.536810
1.529755
1.529755
1.535053
1.535053
1.539253
1.539253
1.531622
1.531622
1.530268
1.530268
1.534811
1.534811
1.540919
1.540919
1.540333
1.540333
1.533851
1.533851
1.535267
1.535267
1.530186
1.530186
1.536330
1.536330
1.530251
1.530251
1.530140
1.530140
1.531975
1.531975
1.531175
1.531175
1.532418
1.532418
1.548671
1.548671
1.530707
1.530707
1.528358
1.528358
1.537127
1.537127
1.533061
1.533061
1.535050
1.535050
1.540425
1.540425
1.533058
1.533058
1.534489
1.534489
1.537336
1.537336
1.530429
1.530429
1.529491
1.529491
1.541362
1.541362
1.536255
1.536255
1.526129
1.526129
1.537866
1.537866
1.534884
1.534884
1.536204
1.536204
1.534303
1.534303
1.542060
1.542060
1.535448
1.535448
1.541773
1.541773
1.531042
1.531042
1.533640
1.533640
1.534594
1.534594
1.525841
1.525841
1.533929
1.533929
1.521754
1.521754
1.533937
1.533937
1.532148
1.532148
1.546298
1.546298
1.539894
1.539894
1.532871
1.532871
1.533085
1.533085
1.536618
1.536618
1.532854
1.532854
1.529469
1.529469
1.546203
1.546203
1.530573
1.530573
1.533975
1.533975
1.537194
1.537194
1.534285
1.534285
1.534157
1.534157
1.534880
1.534880
1.532155
1.532155
1.534958
1.534958
1.538256
1.538256
1.531241
1.531241
1.534909
1.534909
1.533158
1.533158
1.541397
1.541397
1.528353
1.528353
1.536981
1.536981
1.530684
1.530684
1.533259
1.533259
1.527289
1.527289
1.525896
1.525896
1.538527
1.538527
1.531257
1.531257
1.536003
1.536003
1.534850
1.534850
1.538151
1.538151
1.534096
1.534096
1.539800
1.539800
1.531460
1.531460
1.531568
1.531568
1.530671
1.530671
1.537788
1.537788
1.531748
1.531748
1.535072
1.535072
1.541039
1.541039
1.527415
1.527415
1.534673
1.534673
1.533980
1.533980
1.529462
1.529462
1.533523
1.533523
1.530235
1.530235
1.535589
1.535589
1.537398
1.537398
1.544424
1.544424
1.531542
1.531542
1.528786
1.528786
1.531494
1.531494
1.539875
1.539875
1.538166
1.538166
1.536928
1.536928
1.532044
1.532044
1.533316
1.533316
1.546211
1.546211
1.538237
1.538237
1.525759
1.525759
1.520573
1.520573
1.520717
1.520717
1.546669
1.546669
1.531101
1.531101
1.538178
1.538178
1.529154
1.529154
1.537109
1.537109
1.537695
1.537695
1.528171
1.528171
1.527557
1.527557
1.533023
1.533023
1.535004
1.535004
1.546433
1.546433
1.529345
1.529345
1.542036
1.542036
1.534637
1.534637
1.526971
1.526971
1.533338
1.533338
1.535567
1.535567
1.538440
1.538440
1.529401
1.529401
1.532618
1.532618
1.533319
1.533319
1.537143
1.537143
1.525495
1.525495
1.539368
1.539368
1.529261
1.529261
1.533106
1.533106
1.535799
1.535799
1.531011
1.531011
1.533432
1.533432
1.540625
1.540625
1.540872
1.540872
1.540048
1.540048
1.527450
1.527450
1.522431
1.522431
1.528457
1.528457
1.534976
1.534976
1.533241
1.533241
1.534488
1.534488
1.527678
1.527678
1.540394
1.540394
1.531559
1.531559
1.538056
1.538056
1.532976
1.532976
1.528165
1.528165
1.534407
1.534407
1.539905
1.539905
1.526343
1.526343
1.527243
1.527243
1.532998
1.532998
1.528511
1.528511
1.541690
1.541690
1.542572
1.542572
1.526814
1.526814
1.536618
1.536618
1.534267
1.534267
1.526189
1.526189
1.532972
1.532972
1.524189
1.524189
1.554887
1.554887
1.527731
1.527731
1.532669
1.532669
1.538302
1.538302
1.530005
1.530005
1.536279
1.536279
1.529330
1.529330
1.542549
1.542549
1.532603
1.532603
1.522133
1.522133
1.532055
1.532055
1.532063
1.532063
1.539605
1.539605
1.536306
1.536306
1.532766
1.532766
1.533345
1.533345
1.533318
1.533318
1.531092
1.531092
1.528235
1.528235
1.531129
1.531129
1.526686
1.526686
1.541864
1.541864
1.540002
1.540002
1.531997
1.531997
1.518030
1.518030
1.541482
1.541482
1.526133
1.526133
1.535677
1.535677
1.529775
1.529775
1.533335
1.533335
1.531834
1.531834
1.527659
1.527659
1.531426
1.531426
1.531240
1.531240
1.533996
1.533996
1.540567
1.540567
1.536715
1.536715
1.528578
1.528578
1.535079
1.535079
1.531042
1.531042
1.536966
1.536966
1.532196
1.532196
1.540150
1.540150
1.537009
1.537009
1.538765
1.538765
1.533165
1.533165
1.526357
1.526357
1.523810
1.523810
1.551863
1.551863
1.540207
1.540207
1.519777
1.519777
1.533132
1.533132
1.535406
1.535406
1.535945
1.535945
1.528913
1.528913
1.530047
1.530047
1.521246
1.521246
1.540609
1.540609
1.528622
1.528622
1.534573
1.534573
1.543373
1.543373
1.530743
1.530743
1.527120
1.527120
1.536622
1.536622
1.527285
1.527285
1.535863
1.535863
1.539005
1.539005
1.531854
1.531854
1.525202
1.525202
1.532345
1.532345
1.533734
1.533734
1.535486
1.535486
1.539032
1.539032
1.517763
1.517763
1.529880
1.529880
1.541931
1.541931
1.529329
1.529329
1.540383
1.540383
1.539755
1.539755
1.526310
1.526310
1.535719
1.535719
1.532147
1.532147
1.538304
1.538304
1.536778
1.536778
1.517662
1.517662
1.535932
1.535932
1.528725
1.528725
1.538304
1.538304
1.533288
1.533288
1.529519
1.529519
1.527788
1.527788
1.540956
1.540956
1.532646
1.532646
1.525960
1.525960
1.533428
1.533428
1.527019
1.527019
1.542934
1.542934
1.533433
1.533433
1.539991
1.539991
1.536435
1.536435
1.520403
1.520403
1.531079
1.531079
1.532897
1.532897
1.535835
1.535835
1.539178
1.539178
1.527602
1.527602
1.535177
1.535177
1.523329
1.523329
1.533173
1.533173
1.528280
1.528280
1.534803
1.534803
1.542321
1.542321
1.532205
1.532205
1.521336
1.521336
1.536097
1.536097
1.535538
1.535538
1.530830
1.530830
1.537146
1.537146
1.533297
1.533297
1.527763
1.527763
1.523551
1.523551
1.524981
1.524981
1.533139
1.533139
1.526428
1.526428
1.533067
1.533067
1.543880
1.543880
1.532907
1.532907
1.530587
1.530587
1.534342
1.534342
1.533990
1.533990
1.532544
1.532544
1.536522
1.536522
1.519399
1.519399
1.534614
1.534614
1.531557
1.531557
1.523311
1.523311
1.538949
1.538949
1.526780
1.526780
1.551537
1.551537
1.532455
1.532455
1.524257
1.524257
1.526363
1.526363
1.526225
1.526225
1.538293
1.538293
1.552551
1.552551
1.527962
1.527962
1.531085
1.531085
1.533267
1.533267
1.534201
1.534201
1.528926
1.528926
1.530685
1.530685
1.536393
1.536393
1.526131
1.526131
1.533653
1.533653
1.531031
1.531031
1.536292
1.536292
1.514183
1.514183
1.532744
1.532744
1.537199
1.537199
1.535132
1.535132
1.533756
1.533756
1.519407
1.519407
1.530348
1.530348
1.534591
1.534591
1.531766
1.531766
1.524284
1.524284
1.534564
1.534564
1.533470
1.533470
1.532423
1.532423
1.530974
1.530974
1.520645
1.520645
1.535399
1.535399
1.536351
1.536351
1.536067
1.536067
1.533196
1.533196
1.532019
1.532019
1.531087
1.531087
1.524402
1.524402
1.535620
1.535620
1.537733
1.537733
1.531869
1.531869
1.536464
1.536464
1.526392
1.526392
1.529670
1.529670
1.530782
1.530782
1.543696
1.543696
1.519276
1.519276
1.535062
1.535062
1.540601
1.540601
1.531522
1.531522
1.522796
1.522796
1.524879
1.524879
1.549921
1.549921
1.531038
1.531038
1.535432
1.535432
1.535011
1.535011
1.537365
1.537365
1.525348
1.525348
1.531181
1.531181
1.537421
1.537421
1.524898
1.524898
1.534493
1.534493
1.532295
1.532295
1.533441
1.533441
1.537931
1.537931
1.528602
1.528602
1.535271
1.535271
1.540094
1.540094
1.528395
1.528395
1.535279
1.535279
1.528663
1.528663
1.540676
1.540676
1.526148
1.526148
1.540257
1.540257
1.528278
1.528278
1.526933
1.526933
1.540300
1.540300
1.543369
1.543369
1.531933
1.531933
1.529805
1.529805
1.526698
1.526698
1.533605
1.533605
1.533617
1.533617
1.529443
1.529443
1.531152
1.531152
1.531852
1.531852
1.531675
1.531675
1.535140
1.535140
1.547429
1.547429
1.531729
1.531729
1.529667
1.529667
1.534606
1.534606
1.528859
1.528859
1.533248
1.533248
1.542994
1.542994
1.530346
1.530346
1.530326
1.530326
1.530385
1.530385
1.532932
1.532932
1.536362
1.536362
1.534143
1.534143
1.537243
1.537243
1.533153
1.533153
1.532386
1.532386
1.530515
1.530515
1.529923
1.529923
1.528686
1.528686
1.529878
1.529878
1.538697
1.538697
1.526764
1.526764
1.540141
1.540141
1.531758
1.531758
1.520154
1.520154
1.543841
1.543841
1.522703
1.522703
1.534682
1.534682
1.523552
1.523552
1.540504
1.540504
1.525735
1.525735
1.526371
1.526371
1.532701
1.532701
1.539528
1.539528
1.530292
1.530292
1.531922
1.531922
1.538915
1.538915
1.526600
1.526600
1.535753
1.535753
1.537050
1.537050
1.528341
1.528341
1.531395
1.531395
1.538520
1.538520
1.538866
1.538866
1.525539
1.525539
1.527385
1.527385
1.545065
1.545065
1.529821
1.529821
1.524909
1.524909
1.533218
1.533218
1.527007
1.527007
1.536865
1.536865
1.528071
1.528071
1.536889
1.536889
1.538960
1.538960
1.536109
1.536109
1.533487
1.533487
1.533697
1.533697
1.529705
1.529705
1.534430
1.534430
1.528386
1.528386
1.529462
1.529462
1.540076
1.540076
1.535372
1.535372
1.531160
1.531160
1.531477
1.531477
1.522334
1.522334
1.530440
1.530440
1.543583
1.543583
1.535414
1.535414
1.523792
1.523792
1.533348
1.533348
1.523265
1.523265
1.539141
1.539141
1.545975
1.545975
1.530835
1.530835
1.530203
1.530203
1.517016
1.517016
1.532171
1.532171
1.535700
1.535700
1.530489
1.530489
1.528531
1.528531
1.532649
1.532649
1.531992
1.531992
1.537669
1.537669
1.540509
1.540509
1.532207
1.532207
1.532731
1.532731
1.528794
1.528794
1.528882
1.528882
1.525679
1.525679
1.532181
1.532181
1.532183
1.532183
1.526744
1.526744
1.533715
1.533715
1.533160
1.533160
1.539356
1.539356
1.530782
1.530782
1.528408
1.528408
1.540494
1.540494
1.533426
1.533426
1.530766
1.530766
1.526487
1.526487
1.536068
1.536068
1.525000
1.525000
1.530235
1.530235
1.534194
1.534194
1.532508
1.532508
1.541679
1.541679
1.541389
1.541389
1.532702
1.532702
1.529488
1.529488
1.536710
1.536710
1.523557
1.523557
1.528535
1.528535
1.525312
1.525312
1.531989
1.531989
1.538814
1.538814
1.534620
1.534620
1.526161
1.526161
1.544298
1.544298
1.532635
1.532635
1.537073
1.537073
1.531343
1.531343
1.530689
1.530689
1.533973
1.533973
1.518410
1.518410
1.524390
1.524390
1.531041
1.531041
1.535677
1.535677
1.529540
1.529540
1.534383
1.534383
1.533296
1.533296
1.521909
1.521909
1.530203
1.530203
1.529084
1.529084
1.532892
1.532892
1.534745
1.534745
1.548188
1.548188
1.540141
1.540141
1.531476
1.531476
1.533878
1.533878
1.525267
1.525267
1.529253
1.529253
1.523365
1.523365
1.528081
1.528081
1.535803
1.535803
1.532413
1.532413
1.532384
1.532384
1.534819
1.534819
1.517056
1.517056
1.532214
1.532214
1.530908
1.530908
1.529141
1.529141
1.539588
1.539588
1.525284
1.525284
1.534357
1.534357
1.534156
1.534156
1.533504
1.533504
1.535020
1.535020
1.531177
1.531177
1.528314
1.528314
1.524062
1.524062
1.532127
1.532127
1.520481
1.520481
1.536172
1.536172
1.529569
1.529569
1.532653
1.532653
1.552402
1.552402
1.535269
1.535269
1.521891
1.521891
1.536213
1.536213
1.534421
1.534421
1.532461
1.532461
1.523827
1.523827
1.530460
1.530460
1.533072
1.533072
1.537622
1.537622
1.520630
1.520630
1.534324
1.534324
1.523927
1.523927
1.539004
1.539004
1.518343
1.518343
1.530566
1.530566
1.521140
1.521140
1.541153
1.541153
1.540039
1.540039
1.532327
1.532327
1.534325
1.534325
1.532571
1.532571
1.525463
1.525463
1.530202
1.530202
1.530777
1.530777
1.529644
1.529644
1.526449
1.526449
1.530868
1.530868
1.537299
1.537299
1.532003
1.532003
1.530013
1.530013
1.523706
1.523706
1.534816
1.534816
1.537771
1.537771
1.531688
1.531688
1.538687
1.538687
1.507678
1.507678
1.532143
1.532143
1.526993
1.526993
1.532123
1.532123
1.526453
1.526453
1.536248
1.536248
1.540284
1.540284
1.537211
1.537211
1.539841
1.539841
1.527808
1.527808
1.529399
1.529399
1.525247
1.525247
1.529477
1.529477
1.531362
1.531362
1.532255
1.532255
1.541531
1.541531
1.514607
1.514607
1.537087
1.537087
1.538226
1.538226
1.525241
1.525241
1.532275
1.532275
1.532372
1.532372
1.536470
1.536470
1.534069
1.534069
1.527505
1.527505
1.537650
1.537650
1.532771
1.532771
1.528034
1.528034
1.531931
1.531931
1.531838
1.531838
1.518187
1.518187
1.529249
1.529249
1.530162
1.530162
1.535843
1.535843
1.536559
1.536559
1.523786
1.523786
1.535055
1.535055
1.525342
1.525342
1.537257
1.537257
1.523919
1.523919
1.526981
1.526981
1.541304
1.541304
1.537536
1.537536
1.532141
1.532141
1.540738
1.540738
1.532122
1.532122
1.517736
1.517736
1.529288
1.529288
1.539763
1.539763
1.528509
1.528509
1.537907
1.537907
1.530553
1.530553
1.527038
1.527038
1.530520
1.530520
1.527967
1.527967
1.532541
1.532541
1.525315
1.525315
1.536903
1.536903
1.537854
1.537854
1.521240
1.521240
1.522959
1.522959
1.529817
1.529817
1.530385
1.530385
1.526064
1.526064
1.533185
1.533185
1.527677
1.527677
1.541105
1.541105
1.530834
1.530834
1.533397
1.533397
1.528005
1.528005
1.530796
1.530796
1.532121
1.532121
1.523708
1.523708
1.534595
1.534595
1.537701
1.537701
1.526728
1.526728
1.522691
1.522691
1.533475
1.533475
1.527228
1.527228
1.524595
1.524595
1.537816
1.537816
1.522295
1.522295
1.530483
1.530483
1.534834
1.534834
1.543697
1.543697
1.524889
1.524889
1.529660
1.529660
1.532841
1.532841
1.537738
1.537738
1.528158
1.528158
1.538592
1.538592
1.529797
1.529797
1.532926
1.532926
1.540160
1.540160
1.528930
1.528930
1.530146
1.530146
1.519585
1.519585
1.539491
1.539491
1.522940
1.522940
1.533916
1.533916
1.529477
1.529477
1.534162
1.534162
1.516645
1.516645
1.530450
1.530450
1.532722
1.532722
1.531467
1.531467
1.531728
1.531728
1.526519
1.526519
1.525104
1.525104
1.527577
1.527577
1.518588
1.518588
1.525166
1.525166
1.533339
1.533339
1.545227
1.545227
1.534518
1.534518
1.533072
1.533072
1.522899
1.522899
1.532194
1.532194
1.529399
1.529399
1.533758
1.533758
1.533174
1.533174
1.538680
1.538680
1.530321
1.530321
1.524853
1.524853
1.532208
1.532208
1.526540
1.526540
1.532105
1.532105
1.539978
1.539978
1.532753
1.532753
1.529603
1.529603
1.527150
1.527150
1.528471
1.528471
1.520923
1.520923
1.533492
1.533492
1.537109
1.537109
1.521879
1.521879
1.530417
1.530417
1.534222
1.534222
1.526118
1.526118
1.533778
1.533778
1.538017
1.538017
1.521183
1.521183
1.534765
1.534765
1.527608
1.527608
1.533931
1.533931
1.524640
1.524640
1.532693
1.532693
1.534490
1.534490
1.532542
1.532542
1.531479
1.531479
1.534910
1.534910
1.537484
1.537484
1.534022
1.534022
1.523506
1.523506
1.533169
1.533169
1.531644
1.531644
1.527328
1.527328
1.530085
1.530085
1.535730
1.535730
1.527285
1.527285
1.524591
1.524591
1.534548
1.534548
1.540392
1.540392
1.535251
1.535251
1.527987
1.527987
1.528373
1.528373
1.527694
1.527694
1.529564
1.529564
1.545746
1.545746
1.527927
1.527927
1.528825
1.528825
1.529507
1.529507
1.533270
1.533270
1.534440
1.534440
1.526582
1.526582
1.526714
1.526714
1.533195
1.533195
1.525002
1.525002
1.527915
1.527915
1.539695
1.539695
1.531779
1.531779
1.535706
1.535706
1.521778
1.521778
1.533445
1.533445
1.529859
1.529859
1.533172
1.533172
1.529779
1.529779
1.529111
1.529111
1.530893
1.530893
1.532003
1.532003
1.532737
1.532737
1.532649
1.532649
1.521392
1.521392
1.541550
1.541550
1.524407
1.524407
1.532871
1.532871
1.527326
1.527326
1.530532
1.530532
1.516914
1.516914
1.538102
1.538102
1.522890
1.522890
1.522653
1.522653
1.529305
1.529305
1.534609
1.534609
1.530528
1.530528
1.531083
1.531083
1.530955
1.530955
1.534898
1.534898
1.534093
1.534093
1.524734
1.524734
1.513663
1.513663
1.526883
1.526883
1.524388
1.524388
1.529629
1.529629
1.530959
1.530959
1.537993
1.537993
1.531066
1.531066
1.524737
1.524737
1.534326
1.534326
1.534285
1.534285
1.534252
1.534252
1.523929
1.523929
1.529828
1.529828
1.534972
1.534972
1.529415
1.529415
1.541935
1.541935
1.522502
1.522502
1.527062
1.527062
1.521321
1.521321
1.519433
1.519433
1.528192
1.528192
1.527460
1.527460
1.540765
1.540765
1.535359
1.535359
1.534019
1.534019
1.528785
1.528785
1.535756
1.535756
1.526031
1.526031
1.531067
1.531067
1.531178
1.531178
1.531238
1.531238
1.531765
1.531765
1.528396
1.528396
1.527118
1.527118
1.528849
1.528849
1.529011
1.529011
1.550469
1.550469
1.531257
1.531257
1.527825
1.527825
1.532380
1.532380
1.535720
1.535720
1.527844
1.527844
1.527442
1.527442
1.533190
1.533190
1.527822
1.527822
1.531072
1.531072
1.536128
1.536128
1.526125
1.526125
1.529559
1.529559
1.534764
1.534764
1.530832
1.530832
1.535391
1.535391
1.531278
1.531278
1.523413
1.523413
1.526764
1.526764
1.528541
1.528541
1.523325
1.523325
1.525177
1.525177
1.537358
1.537358
1.538632
1.538632
1.528998
1.528998
1.535989
1.535989
1.528080
1.528080
1.525123
1.525123
1.524710
1.524710
1.519975
1.519975
1.564337
1.564337
1.535012
1.535012
1.520038
1.520038
1.529227
1.529227
1.528992
1.528992
1.530800
1.530800
1.531804
1.531804
1.539706
1.539706
1.529113
1.529113
1.517001
1.517001
1.532276
1.532276
1.526987
1.526987
1.528493
1.528493
1.537633
1.537633
1.526760
1.526760
1.532920
1.532920
1.524125
1.524125
1.526988
1.526988
1.522574
1.522574
1.531366
1.531366
1.519691
1.519691
1.534350
1.534350
1.537249
1.537249
1.524155
1.524155
1.529061
1.529061
1.529896
1.529896
1.524859
1.524859
1.539614
1.539614
1.530788
1.530788
1.522565
1.522565
1.529322
1.529322
1.529850
1.529850
1.534479
1.534479
1.523856
1.523856
1.528702
1.528702
1.534082
1.534082
1.523569
1.523569
1.526576
1.526576
1.528705
1.528705
1.529415
1.529415
1.520921
1.520921
1.538288
1.538288
1.542177
1.542177
1.531430
1.531430
1.528169
1.528169
1.531718
1.531718
1.530915
1.530915
1.529160
1.529160
1.525678
1.525678
1.532570
1.532570
1.525447
1.525447
1.529097
1.529097
1.528721
1.528721
1.532095
1.532095
1.534228
1.534228
1.525884
1.525884
1.538090
1.538090
1.527763
1.527763
1.519963
1.519963
1.536956
1.536956
1.530420
1.530420
1.526217
1.526217
1.532262
1.532262
1.520557
1.520557
1.543920
1.543920
1.522813
1.522813
1.536865
1.536865
1.528929
1.528929
1.532984
1.532984
1.527128
1.527128
1.538706
1.538706
1.516413
1.516413
1.529690
1.529690
1.535512
1.535512
1.521514
1.521514
1.528357
1.528357
1.524708
1.524708
1.536061
1.536061
1.524705
1.524705
1.526314
1.526314
1.526080
1.526080
1.532318
1.532318
1.532027
1.532027
1.527941
1.527941
1.530586
1.530586
1.534461
1.534461
1.530002
1.530002
1.525767
1.525767
1.522158
1.522158
1.531063
1.531063
1.535786
1.535786
1.538752
1.538752
1.535686
1.535686
1.519256
1.519256
1.529872
1.529872
1.522476
1.522476
1.531567
1.531567
1.524014
1.524014
1.529026
1.529026
1.535397
1.535397
1.532769
1.532769
1.527320
1.527320
1.527388
1.527388
1.530565
1.530565
1.539138
1.539138
1.530400
1.530400
1.525244
1.525244
1.521814
1.521814
1.532972
1.532972
1.529471
1.529471
1.533320
1.533320
1.519660
1.519660
1.538855
1.538855
1.530162
1.530162
1.524923
1.524923
1.526851
1.526851
1.530335
1.530335
1.532218
1.532218
1.533811
1.533811
1.526626
1.526626
1.530396
1.530396
1.530557
1.530557
1.530035
1.530035
1.523678
1.523678
1.530788
1.530788
1.527781
1.527781
1.543386
1.543386
1.529270
1.529270
1.536118
1.536118
1.527115
1.527115
1.535414
1.535414
1.527888
1.527888
1.509022
1.509022
1.524906
1.524906
1.522177
1.522177
1.527710
1.527710
1.544012
1.544012
1.527888
1.527888
1.530527
1.530527
1.535186
1.535186
1.527503
1.527503
1.525952
1.525952
1.524445
1.524445
1.534670
1.534670
1.521826
1.521826
1.523822
1.523822
1.536152
1.536152
1.531214
1.531214
1.525022
1.525022
1.521624
1.521624
1.547831
1.547831
1.537569
1.537569
1.525708
1.525708
1.524270
1.524270
1.527305
1.527305
1.535073
1.535073
1.521585
1.521585
1.523499
1.523499
1.522532
1.522532
1.534834
1.534834
1.528924
1.528924
1.534210
1.534210
1.537980
1.537980
1.521170
1.521170
1.532938
1.532938
1.529240
1.529240
1.530584
1.530584
1.532831
1.532831
1.525079
1.525079
1.531552
1.531552
1.526099
1.526099
1.528839
1.528839
1.523463
1.523463
1.535421
1.535421
1.529732
1.529732
1.531991
1.531991
1.521205
1.521205
1.530471
1.530471
1.524250
1.524250
1.534802
1.534802
1.538195
1.538195
1.534470
1.534470
1.521730
1.521730
1.529017
1.529017
1.533999
1.533999
1.529219
1.529219
1.526119
1.526119
1.530977
1.530977
1.535094
1.535094
1.527692
1.527692
1.528655
1.528655
1.527429
1.527429
1.524151
1.524151
1.528153
1.528153
1.530263
1.530263
1.527786
1.527786
1.530332
1.530332
1.528878
1.528878
1.535327
1.535327
1.535079
1.535079
1.524310
1.524310
1.526790
1.526790
1.532104
1.532104
1.524889
1.524889
1.537732
1.537732
1.530189
1.530189
1.524881
1.524881
1.521538
1.521538
1.532263
1.532263
1.535476
1.535476
1.532713
1.532713
1.527640
1.527640
1.536191
1.536191
1.531860
1.531860
1.519653
1.519653
1.523012
1.523012
1.548487
1.548487
1.525002
1.525002
1.528880
1.528880
1.528336
1.528336
1.531965
1.531965
1.530871
1.530871
1.530910
1.530910
1.532286
1.532286
1.530041
1.530041
1.533268
1.533268
1.524213
1.524213
1.522904
1.522904
1.532097
1.532097
1.530208
1.530208
1.530598
1.530598
1.532294
1.532294
1.526694
1.526694
1.527436
1.527436
1.522806
1.522806
1.530162
1.530162
1.530395
1.530395
1.522392
1.522392
1.535781
1.535781
1.525417
1.525417
1.529569
1.529569
1.527276
1.527276
1.518436
1.518436
1.534393
1.534393
1.535997
1.535997
1.525380
1.525380
1.528789
1.528789
1.526945
1.526945
1.522132
1.522132
1.530152
1.530152
1.535235
1.535235
1.528472
1.528472
1.527748
1.527748
1.522152
1.522152
1.519207
1.519207
1.538046
1.538046
1.537757
1.537757
1.528323
1.528323
1.524200
1.524200
1.525658
1.525658
1.529695
1.529695
1.529069
1.529069
1.528742
1.528742
1.525479
1.525479
1.543007
1.543007
1.531362
1.531362
1.529618
1.529618
1.532556
1.532556
1.514954
1.514954
1.540877
1.540877
1.518971
1.518971
1.537876
1.537876
1.523541
1.523541
1.528858
1.528858
1.524320
1.524320
1.530336
1.530336
1.530957
1.530957
1.522853
1.522853
1.528903
1.528903
1.534189
1.534189
1.532675
1.532675
1.533566
1.533566
1.515039
1.515039
1.529914
1.529914
1.531444
1.531444
1.526264
1.526264
1.526350
1.526350
1.530187
1.530187
1.534484
1.534484
1.527896
1.527896
1.528604
1.528604
1.531273
1.531273
1.530709
1.530709
1.529816
1.529816
1.520981
1.520981
1.521767
1.521767
1.534530
1.534530
1.527249
1.527249
1.523927
1.523927
1.532441
1.532441
1.543304
1.543304
1.530109
1.530109
1.526816
1.526816
1.527266
1.527266
1.529901
1.529901
1.522494
1.522494
1.539006
1.539006
1.528450
1.528450
1.529981
1.529981
1.521078
1.521078
1.531412
1.531412
1.524758
1.524758
1.540176
1.540176
1.526878
1.526878
1.534013
1.534013
1.524894
1.524894
1.530759
1.530759
1.525994
1.525994
1.527028
1.527028
1.525721
1.525721
1.528840
1.528840
1.528634
1.528634
1.534034
1.534034
1.520457
1.520457
1.541645
1.541645
1.528456
1.528456
1.530061
1.530061
1.530127
1.530127
1.523705
1.523705
1.526428
1.526428
1.541872
1.541872
1.525947
1.525947
1.528845
1.528845
1.521473
1.521473
1.529920
1.529920
1.541981
1.541981
1.521916
1.521916
1.524741
1.524741
1.526379
1.526379
1.532462
1.532462
1.535513
1.535513
1.526590
1.526590
1.529961
1.529961
1.521263
1.521263
1.528232
1.528232
1.528218
1.528218
1.532137
1.532137
1.534438
1.534438
1.535035
1.535035
1.531363
1.531363
1.530758
1.530758
1.525749
1.525749
1.530185
1.530185
1.527500
1.527500
1.533293
1.533293
1.526435
1.526435
1.532616
1.532616
1.531273
1.531273
1.525207
1.525207
1.532365
1.532365
1.530033
1.530033
1.533884
1.533884
1.531184
1.531184
1.536270
1.536270
1.514335
1.514335
1.533080
1.533080
1.530093
1.530093
1.522492
1.522492
1.539898
1.539898
1.528479
1.528479
1.532627
1.532627
1.528162
1.528162
1.524316
1.524316
1.537148
1.537148
1.526314
1.526314
1.527569
1.527569
1.534989
1.534989
1.523529
1.523529
1.530762
1.530762
1.534455
1.534455
1.528991
1.528991
1.530209
1.530209
1.534902
1.534902
1.527024
1.527024
1.517303
1.517303
1.540824
1.540824
1.526198
1.526198
1.529132
1.529132
1.525595
1.525595
1.530864
1.530864
1.524913
1.524913
1.528299
1.528299
1.528003
1.528003
1.540697
1.540697
1.534387
1.534387
1.524298
1.524298
1.511932
1.511932
1.533325
1.533325
1.529998
1.529998
1.531739
1.531739
1.528285
1.528285
1.522928
1.522928
1.516648
1.516648
1.530795
1.530795
1.523058
1.523058
1.527792
1.527792
1.532754
1.532754
1.531755
1.531755
1.515754
1.515754
1.533130
1.533130
1.525289
1.525289
1.529281
1.529281
1.528533
1.528533
1.521519
1.521519
1.537979
1.537979
1.535010
1.535010
1.532208
1.532208
1.529161
1.529161
1.516743
1.516743
1.529642
1.529642
1.528456
1.528456
1.532709
1.532709
1.524924
1.524924
1.531527
1.531527
1.527552
1.527552
1.530717
1.530717
1.517517
1.517517
1.524607
1.524607
1.526091
1.526091
1.528932
1.528932
1.535802
1.535802
1.529922
1.529922
1.523860
1.523860
1.533825
1.533825
1.532026
1.532026
1.533145
1.533145
1.524690
1.524690
1.526016
1.526016
1.517719
1.517719
1.528467
1.528467
1.538779
1.538779
1.521450
1.521450
1.531253
1.531253
1.525608
1.525608
1.531988
1.531988
1.523828
1.523828
1.535032
1.535032
1.534298
1.534298
1.520458
1.520458
1.530391
1.530391
1.538394
1.538394
1.537809
1.537809
1.532648
1.532648
1.528020
1.528020
1.521338
1.521338
1.524404
1.524404
1.539299
1.539299
1.538964
1.538964
1.535332
1.535332
1.531102
1.531102
1.524940
1.524940
1.520720
1.520720
1.523706
1.523706
1.532976
1.532976
1.538388
1.538388
1.528864
1.528864
1.523272
1.523272
1.523541
1.523541
1.532388
1.532388
1.531758
1.531758
1.522341
1.522341
1.528412
1.528412
1.531967
1.531967
1.532267
1.532267
1.526328
1.526328
1.523674
1.523674
1.529520
1.529520
1.528847
1.528847
1.534536
1.534536
1.532352
1.532352
1.521796
1.521796
1.529015
1.529015
1.523241
1.523241
1.526493
1.526493
1.532058
1.532058
1.531725
1.531725
1.537751
1.537751
1.532398
1.532398
1.538738
1.538738
1.528167
1.528167
1.520753
1.520753
1.525941
1.525941
1.525752
1.525752
1.529397
1.529397
1.534536
1.534536
1.525914
1.525914
1.527007
1.527007
1.529019
1.529019
1.517497
1.517497
1.528600
1.528600
1.524023
1.524023
1.532119
1.532119
1.528483
1.528483
1.527077
1.527077
1.532496
1.532496
1.534869
1.534869
1.520304
1.520304
1.538711
1.538711
1.528523
1.528523
1.520106
1.520106
1.525388
1.525388
1.530049
1.530049
1.521592
1.521592
1.524983
1.524983
1.526010
1.526010
1.532945
1.532945
1.533346
1.533346
1.525681
1.525681
1.526469
1.526469
1.526644
1.526644
1.534283
1.534283
1.523973
1.523973
1.530496
1.530496
1.532408
1.532408
1.529510
1.529510
1.521891
1.521891
1.526320
1.526320
1.526519
1.526519
1.534273
1.534273
1.526331
1.526331
1.529453
1.529453
1.528640
1.528640
1.528516
1.528516
1.525664
1.525664
1.532277
1.532277
1.530872
1.530872
1.523501
1.523501
1.533455
1.533455
1.530787
1.530787
1.522788
1.522788
1.529886
1.529886
1.530388
1.530388
1.529085
1.529085
1.522501
1.522501
1.530516
1.530516
1.534688
1.534688
1.520517
1.520517
1.525182
1.525182
1.542037
1.542037
1.531908
1.531908
1.526016
1.526016
1.519116
1.519116
1.530570
1.530570
1.532078
1.532078
1.530764
1.530764
1.522855
1.522855
1.521455
1.521455
1.535037
1.535037
1.537765
1.537765
1.535572
1.535572
1.521370
1.521370
1.532696
1.532696
1.533039
1.533039
1.523589
1.523589
1.529269
1.529269
1.533801
1.533801
1.520829
1.520829
1.524673
1.524673
1.524987
1.524987
1.535193
1.535193
1.546548
1.546548
1.530259
1.530259
1.530843
1.530843
1.531766
1.531766
1.525410
1.525410
1.528741
1.528741
1.528915
1.528915
1.528544
1.528544
1.537053
1.537053
1.521863
1.521863
1.530415
1.530415
1.528197
1.528197
1.527130
1.527130
1.523548
1.523548
1.522674
1.522674
1.534812
1.534812
1.530914
1.530914
1.532668
1.532668
1.522775
1.522775
1.526641
1.526641
1.526647
1.526647
1.528800
1.528800
1.530211
1.530211
1.530517
1.530517
1.524216
1.524216
1.537387
1.537387
1.534858
1.534858
1.522960
1.522960
1.519017
1.519017
1.525903
1.525903
1.527388
1.527388
1.522409
1.522409
1.529335
1.529335
1.523762
1.523762
1.537073
1.537073
1.525946
1.525946
1.529552
1.529552
1.524686
1.524686
1.532016
1.532016
1.531535
1.531535
1.527052
1.527052
1.525291
1.525291
1.525937
1.525937
1.524485
1.524485
1.524548
1.524548
1.523577
1.523577
1.536398
1.536398
1.531022
1.531022
1.530767
1.530767
1.528692
1.528692
1.527780
1.527780
1.527435
1.527435
1.527782
1.527782
1.530887
1.530887
1.528219
1.528219
1.532805
1.532805
1.522353
1.522353
1.528288
1.528288
1.536275
1.536275
1.527123
1.527123
1.520833
1.520833
1.530562
1.530562
1.522158
1.522158
1.532131
1.532131
1.529271
1.529271
1.530609
1.530609
1.527773
1.527773
1.526018
1.526018
1.534555
1.534555
1.527131
1.527131
1.521311
1.521311
1.537526
1.537526
1.524629
1.524629
1.524042
1.524042
1.529131
1.529131
1.527485
1.527485
1.526688
1.526688
1.534464
1.534464
1.536565
1.536565
1.521681
1.521681
1.530463
1.530463
1.529758
1.529758
1.518790
1.518790
1.540296
1.540296
1.538502
1.538502
1.530408
1.530408
1.525016
1.525016
1.529711
1.529711
1.527903
1.527903
1.530412
1.530412
1.532602
1.532602
1.530718
1.530718
1.532429
1.532429
1.527978
1.527978
1.530063
1.530063
1.523486
1.523486
1.529121
1.529121
1.525987
1.525987
1.517901
1.517901
1.534144
1.534144
1.527963
1.527963
1.525121
1.525121
1.545175
1.545175
1.528734
1.528734
1.528576
1.528576
1.522134
1.522134
1.522111
1.522111
1.529929
1.529929
1.534682
1.534682
1.527779
1.527779
1.537146
1.537146
1.521707
1.521707
1.527940
1.527940
1.523834
1.523834
1.517650
1.517650
1.527240
1.527240
1.527745
1.527745
1.522409
1.522409
1.531686
1.531686
1.530824
1.530824
1.517171
1.517171
1.528487
1.528487
1.527621
1.527621
1.527276
1.527276
1.530294
1.530294
1.522767
1.522767
1.528523
1.528523
1.526907
1.526907
1.520542
1.520542
1.522617
1.522617
1.535301
1.535301
1.533047
1.533047
1.527171
1.527171
1.533280
1.533280
1.526439
1.526439
1.520434
1.520434
1.531827
1.531827
1.526213
1.526213
1.530502
1.530502
1.523031
1.523031
1.522977
1.522977
1.521778
1.521778
1.532973
1.532973
1.535341
1.535341
1.537935
1.537935
1.523854
1.523854
1.531969
1.531969
1.527521
1.527521
1.526775
1.526775
1.530397
1.530397
1.529483
1.529483
1.524364
1.524364
1.524235
1.524235
1.525895
1.525895
1.540684
1.540684
1.527787
1.527787
1.525195
1.525195
1.534428
1.534428
1.531911
1.531911
1.518353
1.518353
1.533695
1.533695
1.525062
1.525062
1.525249
1.525249
1.529977
1.529977
1.526998
1.526998
1.525207
1.525207
1.531286
1.531286
1.527063
1.527063
1.533069
1.533069
1.523793
1.523793
1.526057
1.526057
1.528264
1.528264
1.527311
1.527311
1.532604
1.532604
1.539831
1.539831
1.524787
1.524787
1.533114
1.533114
1.525099
1.525099
1.524179
1.524179
1.535546
1.535546
1.529175
1.529175
1.521621
1.521621
1.521136
1.521136
1.541264
1.541264
1.525869
1.525869
1.529922
1.529922
1.536311
1.536311
1.535201
1.535201
1.524147
1.524147
1.520642
1.520642
1.527223
1.527223
1.529743
1.529743
1.543382
1.543382
1.524708
1.524708
1.527901
1.527901
1.528239
1.528239
1.530751
1.530751
1.528707
1.528707
1.535589
1.535589
1.528622
1.528622
1.524964
1.524964
1.522238
1.522238
1.530255
1.530255
1.529336
1.529336
1.538155
1.538155
1.530846
1.530846
1.528772
1.528772
1.536008
1.536008
1.520586
1.520586
1.518417
1.518417
1.521447
1.521447
1.530630
1.530630
1.531846
1.531846
1.524918
1.524918
1.525658
1.525658
1.518928
1.518928
1.520841
1.520841
1.526605
1.526605
1.522471
1.522471
1.526904
1.526904
1.532576
1.532576
1.521398
1.521398
1.528412
1.528412
1.527513
1.527513
1.521368
1.521368
1.526885
1.526885
1.529090
1.529090
1.526670
1.526670
1.529028
1.529028
1.527727
1.527727
1.531744
1.531744
1.525483
1.525483
1.524662
1.524662
1.519429
1.519429
1.538832
1.538832
1.526888
1.526888
1.527547
1.527547
1.529832
1.529832
1.518226
1.518226
1.532533
1.532533
1.528262
1.528262
1.531644
1.531644
1.528202
1.528202
1.526471
1.526471
1.528715
1.528715
1.520421
1.520421
1.530609
1.530609
1.523092
1.523092
1.526578
1.526578
1.521859
1.521859
1.532774
1.532774
1.534931
1.534931
1.524348
1.524348
1.528732
1.528732
1.523742
1.523742
1.524830
1.524830
1.525090
1.525090
1.531803
1.531803
1.538617
1.538617
1.540464
1.540464
1.522061
1.522061
1.523249
1.523249
1.528315
1.528315
1.527522
1.527522
1.524137
1.524137
1.533730
1.533730
1.524157
1.524157
1.537537
1.537537
1.519888
1.519888
1.533657
1.533657
1.509474
1.509474
1.522198
1.522198
1.523819
1.523819
1.532580
1.532580
1.528868
1.528868
1.533734
1.533734
1.530050
1.530050
1.536945
1.536945
1.525762
1.525762
1.522887
1.522887
1.532440
1.532440
1.523910
1.523910
1.531121
1.531121
1.530214
1.530214
1.533647
1.533647
1.523613
1.523613
1.520032
1.520032
1.533665
1.533665
1.535300
1.535300
1.528561
1.528561
1.531056
1.531056
1.522201
1.522201
1.527342
1.527342
1.532121
1.532121
1.536206
1.536206
1.529633
1.529633
1.528125
1.528125
1.526382
1.526382
1.528943
1.528943
1.532641
1.532641
1.526285
1.526285
1.528449
1.528449
1.528010
1.528010
1.538367
1.538367
1.526800
1.526800
1.526203
1.526203
1.521734
1.521734
1.526739
1.526739
1.529987
1.529987
1.532995
1.532995
1.524715
1.524715
1.523149
1.523149
1.546606
1.546606
1.533604
1.533604
1.520050
1.520050
1.524444
1.524444
1.532583
1.532583
1.535015
1.535015
1.527459
1.527459
1.530140
1.530140
1.525642
1.525642
1.539508
1.539508
1.525478
1.525478
1.526178
1.526178
1.515972
1.515972
1.530264
1.530264
1.525365
1.525365
1.524318
1.524318
1.528414
1.528414
1.526397
1.526397
1.534003
1.534003
1.519790
1.519790
1.531160
1.531160
1.533689
1.533689
1.521798
1.521798
1.526694
1.526694
1.533691
1.533691
1.528366
1.528366
1.528020
1.528020
1.519310
1.519310
1.539047
1.539047
1.519729
1.519729
1.531063
1.531063
1.531299
1.531299
1.519767
1.519767
1.524410
1.524410
1.527907
1.527907
1.530976
1.530976
1.526631
1.526631
1.524586
1.524586
1.515173
1.515173
1.527242
1.527242
1.532527
1.532527
1.534177
1.534177
1.521684
1.521684
1.523111
1.523111
1.536887
1.536887
1.525047
1.525047
1.515092
1.515092
1.533438
1.533438
1.520984
1.520984
1.517744
1.517744
1.527137
1.527137
1.529285
1.529285
1.534695
1.534695
1.527386
1.527386
1.517641
1.517641
1.524267
1.524267
1.533649
1.533649
1.526645
1.526645
1.527330
1.527330
1.522075
1.522075
1.526107
1.526107
1.529127
1.529127
1.525483
1.525483
1.526653
1.526653
1.523395
1.523395
1.532121
1.532121
1.522118
1.522118
1.524867
1.524867
1.529861
1.529861
1.532489
1.532489
1.527736
1.527736
1.520111
1.520111
1.529076
1.529076
1.527890
1.527890
1.538928
1.538928
1.525730
1.525730
1.525809
1.525809
1.522639
1.522639
1.517132
1.517132
1.521457
1.521457
1.532206
1.532206
1.524830
1.524830
1.526202
1.526202
1.534275
1.534275
1.524012
1.524012
1.529378
1.529378
1.528516
1.528516
1.518535
1.518535
1.532441
1.532441
1.529443
1.529443
1.527367
1.527367
1.535724
1.535724
1.520624
1.520624
1.520681
1.520681
1.532139
1.532139
1.529952
1.529952
1.527011
1.527011
1.521306
1.521306
1.528332
1.528332
1.536943
1.536943
1.533709
1.533709
1.523212
1.523212
1.517823
1.517823
1.535531
1.535531
1.520029
1.520029
1.526023
1.526023
1.528846
1.528846
1.528490
1.528490
1.529591
1.529591
1.518308
1.518308
1.532455
1.532455
1.526644
1.526644
1.532469
1.532469
1.532921
1.532921
1.521088
1.521088
1.532445
1.532445
1.518815
1.518815
1.525730
1.525730
1.535279
1.535279
1.527375
1.527375
1.529271
1.529271
1.520407
1.520407
1.527509
1.527509
1.536306
1.536306
1.528845
1.528845
1.521371
1.521371
1.542281
1.542281
1.526027
1.526027
1.528610
1.528610
1.526177
1.526177
1.529143
1.529143
1.535891
1.535891
1.515049
1.515049
1.528091
1.528091
1.528699
1.528699
1.531868
1.531868
1.522956
1.522956
1.532600
1.532600
1.518921
1.518921
1.531271
1.531271
1.524376
1.524376
1.527771
1.527771
1.523598
1.523598
1.530760
1.530760
1.525856
1.525856
1.528761
1.528761
1.525302
1.525302
1.524344
1.524344
1.522085
1.522085
1.535086
1.535086
1.526131
1.526131
1.529785
1.529785
1.522345
1.522345
1.535707
1.535707
1.523331
1.523331
1.517166
1.517166
1.539973
1.539973
1.529557
1.529557
1.527236
1.527236
1.516210
1.516210
1.523168
1.523168
1.536194
1.536194
1.528796
1.528796
1.526430
1.526430
1.528709
1.528709
1.529345
1.529345
1.528164
1.528164
1.516427
1.516427
1.536666
1.536666
1.527258
1.527258
1.525727
1.525727
1.527785
1.527785
1.525417
1.525417
1.521718
1.521718
1.530761
1.530761
1.522151
1.522151
1.532754
1.532754
1.525176
1.525176
1.529937
1.529937
1.520893
1.520893
1.524923
1.524923
1.523594
1.523594
1.529802
1.529802
1.523741
1.523741
1.522320
1.522320
1.532512
1.532512
1.519108
1.519108
1.532931
1.532931
1.524115
1.524115
1.522409
1.522409
1.521493
1.521493
1.529221
1.529221
1.527089
1.527089
1.531828
1.531828
1.525579
1.525579
1.527521
1.527521
1.524863
1.524863
1.522953
1.522953
1.524588
1.524588
1.526955
1.526955
1.526974
1.526974
1.535316
1.535316
1.525240
1.525240
1.519937
1.519937
1.523658
1.523658
1.532516
1.532516
1.530177
1.530177
1.522467
1.522467
1.527594
1.527594
1.527723
1.527723
1.511532
1.511532
1.523488
1.523488
1.527889
1.527889
1.534296
1.534296
1.529218
1.529218
1.518768
1.518768
1.530058
1.530058
1.522280
1.522280
1.528078
1.528078
1.526750
1.526750
1.524398
1.524398
1.529459
1.529459
1.538572
1.538572
1.521324
1.521324
1.534010
1.534010
1.526115
1.526115
1.533169
1.533169
1.522739
1.522739
1.525168
1.525168
1.522528
1.522528
1.530745
1.530745
1.517125
1.517125
1.534266
1.534266
1.531744
1.531744
1.528768
1.528768
1.533569
1.533569
1.516403
1.516403
1.528824
1.528824
1.525201
1.525201
1.532398
1.532398
1.529818
1.529818
1.523286
1.523286
1.537382
1.537382
1.530373
1.530373
1.524360
1.524360
1.525979
1.525979
1.518860
1.518860
1.531908
1.531908
1.521288
1.521288
1.527974
1.527974
1.522779
1.522779
1.538067
1.538067
1.516066
1.516066
1.534522
1.534522
1.526236
1.526236
1.526853
1.526853
1.527734
1.527734
1.516932
1.516932
1.537844
1.537844
1.530393
1.530393
1.523219
1.523219
1.531797
1.531797
1.532962
1.532962
1.520035
1.520035
1.523970
1.523970
1.528876
1.528876
1.524927
1.524927
1.526728
1.526728
1.525664
1.525664
1.532891
1.532891
1.519159
1.519159
1.515461
1.515461
1.534093
1.534093
1.523979
1.523979
1.525071
1.525071
1.532533
1.532533
1.524038
1.524038
1.522848
1.522848
1.530368
1.530368
1.516553
1.516553
1.530269
1.530269
1.517739
1.517739
1.545802
1.545802
1.525971
1.525971
1.524770
1.524770
1.523532
1.523532
1.520875
1.520875
1.531633
1.531633
1.524401
1.524401
1.529220
1.529220
1.532501
1.532501
1.518788
1.518788
1.522984
1.522984
1.524842
1.524842
1.524475
1.524475
1.518385
1.518385
1.524316
1.524316
1.519994
1.519994
1.529318
1.529318
1.539160
1.539160
1.521663
1.521663
1.523684
1.523684
1.519720
1.519720
1.529131
1.529131
1.533014
1.533014
1.521602
1.521602
1.534734
1.534734
1.525307
1.525307
1.527577
1.527577
1.525722
1.525722
1.528211
1.528211
1.524129
1.524129
1.528791
1.528791
1.524085
1.524085
1.530243
1.530243
1.519609
1.519609
1.528955
1.528955
1.533619
1.533619
1.517737
1.517737
1.526215
1.526215
1.531518
1.531518
1.526311
1.526311
1.525998
1.525998
1.521729
1.521729
1.531260
1.531260
1.523203
1.523203
1.519546
1.519546
1.530745
1.530745
1.526923
1.526923
1.531644
1.531644
1.532709
1.532709
1.534225
1.534225
1.519502
1.519502
1.531161
1.531161
1.522772
1.522772
1.534780
1.534780
1.509516
1.509516
1.531627
1.531627
1.523766
1.523766
1.527249
1.527249
1.525962
1.525962
1.528393
1.528393
1.524026
1.524026
1.521691
1.521691
1.521304
1.521304
1.530850
1.530850
1.523958
1.523958
1.535068
1.535068
1.534782
1.534782
1.528930
1.528930
1.518707
1.518707
1.530283
1.530283
1.520988
1.520988
1.540585
1.540585
1.519491
1.519491
1.530462
1.530462
1.533323
1.533323
1.522955
1.522955
1.521171
1.521171
1.524345
1.524345
1.537236
1.537236
1.530212
1.530212
1.526962
1.526962
1.529244
1.529244
1.517073
1.517073
1.533742
1.533742
1.525687
1.525687
1.526155
1.526155
1.526947
1.526947
1.528383
1.528383
1.528369
1.528369
1.531535
1.531535
1.516109
1.516109
1.527101
1.527101
1.534915
1.534915
1.519520
1.519520
1.530516
1.530516
1.522035
1.522035
1.534078
1.534078
1.528940
1.528940
1.525038
1.525038
1.532821
1.532821
1.537926
1.537926
1.518178
1.518178
1.513300
1.513300
1.527639
1.527639
1.522045
1.522045
1.515685
1.515685
1.524076
1.524076
1.540817
1.540817
1.536196
1.536196
1.522719
1.522719
1.532813
1.532813
1.528928
1.528928
1.527082
1.527082
1.520111
1.520111
1.525752
1.525752
1.524347
1.524347
1.531238
1.531238
1.519994
1.519994
1.531428
1.531428
1.525865
1.525865
1.514246
1.514246
1.524889
1.524889
1.522971
1.522971
1.528009
1.528009
1.522574
1.522574
1.528262
1.528262
1.524544
1.524544
1.521367
1.521367
1.521513
1.521513
1.521530
1.521530
1.536062
1.536062
1.526283
1.526283
1.520900
1.520900
1.523358
1.523358
1.527676
1.527676
1.525798
1.525798
1.525782
1.525782
1.527177
1.527177
1.516738
1.516738
1.529845
1.529845
1.522256
1.522256
1.528133
1.528133
1.531293
1.531293
1.514747
1.514747
1.524773
1.524773
1.531047
1.531047
1.514882
1.514882
1.527226
1.527226
1.520618
1.520618
1.534189
1.534189
1.524785
1.524785
1.524882
1.524882
1.523243
1.523243
1.532390
1.532390
1.522271
1.522271
1.526228
1.526228
1.526270
1.526270
1.521597
1.521597
1.525087
1.525087
1.529448
1.529448
1.532854
1.532854
1.522997
1.522997
1.522840
1.522840
1.527199
1.527199
1.526574
1.526574
1.521539
1.521539
1.524390
1.524390
1.528482
1.528482
1.535016
1.535016
1.530099
1.530099
1.524367
1.524367
1.516016
1.516016
1.525620
1.525620
1.535620
1.535620
1.528762
1.528762
1.530529
1.530529
1.519838
1.519838
1.529114
1.529114
1.528300
1.528300
1.524166
1.524166
1.529881
1.529881
1.529721
1.529721
1.524930
1.524930
1.529112
1.529112
1.526798
1.526798
1.529533
1.529533
1.512948
1.512948
1.528478
1.528478
1.522420
1.522420
1.521116
1.521116
1.533885
1.533885
1.530629
1.530629
1.524005
1.524005
1.526585
1.526585
1.534406
1.534406
1.525054
1.525054
1.517705
1.517705
1.528234
1.528234
1.536471
1.536471
1.534962
1.534962
1.532630
1.532630
1.523004
1.523004
1.516166
1.516166
1.532013
1.532013
1.521107
1.521107
1.540959
1.540959
1.521753
1.521753
1.517195
1.517195
1.527158
1.527158
1.528148
1.528148
1.530016
1.530016
1.526350
1.526350
1.535220
1.535220
1.531007
1.531007
1.524069
1.524069
1.524768
1.524768
1.512825
1.512825
1.511697
1.511697
1.527920
1.527920
1.519932
1.519932
1.531389
1.531389
1.534958
1.534958
1.548965
1.548965
1.530447
1.530447
1.533996
1.533996
1.521494
1.521494
1.522215
1.522215
1.526315
1.526315
1.528967
1.528967
1.526513
1.526513
1.524119
1.524119
1.522220
1.522220
1.528372
1.528372
1.530323
1.530323
1.536438
1.536438
1.527660
1.527660
1.523321
1.523321
1.526508
1.526508
1.527803
1.527803
1.522899
1.522899
1.539403
1.539403
1.523346
1.523346
1.528646
1.528646
1.523037
1.523037
1.526196
1.526196
1.529439
1.529439
1.530722
1.530722
1.524117
1.524117
1.524933
1.524933
1.529165
1.529165
1.524691
1.524691
1.526946
1.526946
1.531870
1.531870
1.515645
1.515645
1.522857
1.522857
1.527351
1.527351
1.524306
1.524306
1.535045
1.535045
1.525099
1.525099
1.527518
1.527518
1.523462
1.523462
1.525382
1.525382
1.525513
1.525513
1.518719
1.518719
1.528748
1.528748
1.524948
1.524948
1.518406
1.518406
1.522133
1.522133
1.522488
1.522488
1.530540
1.530540
1.527273
1.527273
1.523170
1.523170
1.525362
1.525362
1.529797
1.529797
1.516221
1.516221
1.525075
1.525075
1.521302
1.521302
1.520004
1.520004
1.523040
1.523040
1.526231
1.526231
1.519679
1.519679
1.529453
1.529453
1.528528
1.528528
1.522743
1.522743
1.519838
1.519838
1.533400
1.533400
1.517894
1.517894
1.533114
1.533114
1.512266
1.512266
1.526654
1.526654
1.523408
1.523408
1.524088
1.524088
1.528615
1.528615
1.524059
1.524059
1.517234
1.517234
1.532981
1.532981
1.525197
1.525197
1.524958
1.524958
1.525615
1.525615
1.517415
1.517415
1.522724
1.522724
1.522681
1.522681
1.525276
1.525276
1.524042
1.524042
1.525787
1.525787
1.528396
1.528396
1.526578
1.526578
1.524209
1.524209
1.526916
1.526916
1.512486
1.512486
1.535580
1.535580
1.521347
1.521347
1.543412
1.543412
1.524958
1.524958
1.529393
1.529393
1.531980
1.531980
1.521444
1.521444
1.524694
1.524694
1.517854
1.517854
1.533054
1.533054
1.529307
1.529307
1.520620
1.520620
1.522927
1.522927
1.523276
1.523276
1.528039
1.528039
1.524727
1.524727
1.527091
1.527091
1.524002
1.524002
1.524046
1.524046
1.530324
1.530324
1.527644
1.527644
1.519261
1.519261
1.525073
1.525073
1.530930
1.530930
1.528331
1.528331
1.527570
1.527570
1.527294
1.527294
1.536314
1.536314
1.527480
1.527480
1.519726
1.519726
1.521656
1.521656
1.527949
1.527949
1.524968
1.524968
1.522420
1.522420
1.528854
1.528854
1.522605
1.522605
1.529501
1.529501
1.530552
1.530552
1.525296
1.525296
1.526670
1.526670
1.525272
1.525272
1.523852
1.523852
1.527718
1.527718
1.531717
1.531717
1.523721
1.523721
1.522070
1.522070
1.527928
1.527928
1.522011
1.522011
1.526678
1.526678
1.529732
1.529732
1.541162
1.541162
1.528386
1.528386
1.527780
1.527780
1.522284
1.522284
1.527433
1.527433
1.527435
1.527435
1.530046
1.530046
1.523475
1.523475
1.529148
1.529148
1.529773
1.529773
1.524287
1.524287
1.524395
1.524395
1.535784
1.535784
1.533693
1.533693
1.519614
1.519614
1.526747
1.526747
1.531796
1.531796
1.524751
1.524751
1.522831
1.522831
1.528058
1.528058
1.526753
1.526753
1.518770
1.518770
1.534605
1.534605
1.521869
1.521869
1.539076
1.539076
1.519530
1.519530
1.530524
1.530524
1.527015
1.527015
1.534782
1.534782
1.524303
1.524303
1.524975
1.524975
1.531310
1.531310
1.525012
1.525012
1.522642
1.522642
1.526578
1.526578
1.525896
1.525896
1.536467
1.536467
1.528503
1.528503
1.529028
1.529028
1.525014
1.525014
1.526382
1.526382
1.525949
1.525949
1.528157
1.528157
1.530059
1.530059
1.522072
1.522072
1.526027
1.526027
1.519724
1.519724
1.532070
1.532070
1.540088
1.540088
1.532863
1.532863
1.529671
1.529671
1.524610
1.524610
1.531912
1.531912
1.520376
1.520376
1.514368
1.514368
1.523185
1.523185
1.520727
1.520727
1.531020
1.531020
1.522402
1.522402
1.531468
1.531468
1.526562
1.526562
1.534358
1.534358
1.515725
1.515725
1.524650
1.524650
1.522462
1.522462
1.527762
1.527762
1.523004
1.523004
1.525151
1.525151
1.526497
1.526497
1.524423
1.524423
1.520481
1.520481
1.527454
1.527454
1.519359
1.519359
1.524759
1.524759
1.524873
1.524873
1.527173
1.527173
1.519234
1.519234
1.526352
1.526352
1.513893
1.513893
1.520859
1.520859
1.522582
1.522582
1.526216
1.526216
1.520247
1.520247
1.522194
1.522194
1.534417
1.534417
1.526899
1.526899
1.524333
1.524333
1.523817
1.523817
1.521757
1.521757
1.526390
1.526390
1.512308
1.512308
1.531396
1.531396
1.523644
1.523644
1.516115
1.516115
1.527025
1.527025
1.518936
1.518936
1.532541
1.532541
1.521648
1.521648
1.523788
1.523788
1.521552
1.521552
1.529664
1.529664
1.521394
1.521394
1.535290
1.535290
1.529832
1.529832
1.529220
1.529220
1.524750
1.524750
1.513688
1.513688
1.529266
1.529266
1.518697
1.518697
1.526211
1.526211
1.533403
1.533403
1.519734
1.519734
1.522038
1.522038
1.522345
1.522345
1.529875
1.529875
1.527730
1.527730
1.516811
1.516811
1.523039
1.523039
1.536675
1.536675
1.522417
1.522417
1.525492
1.525492
1.516525
1.516525
1.531974
1.531974
1.533332
1.533332
1.520717
1.520717
1.530585
1.530585
1.512110
1.512110
1.530781
1.530781
1.515851
1.515851
1.525713
1.525713
1.527948
1.527948
1.526484
1.526484
1.529556
1.529556
1.518982
1.518982
1.532207
1.532207
1.528697
1.528697
1.518082
1.518082
1.529286
1.529286
1.530363
1.530363
1.522684
1.522684
1.527355
1.527355
1.525020
1.525020
1.527135
1.527135
1.523703
1.523703
1.535409
1.535409
1.531247
1.531247
1.522880
1.522880
1.523747
1.523747
1.535382
1.535382
1.520877
1.520877
1.517139
1.517139
1.539286
1.539286
1.523527
1.523527
1.523328
1.523328
1.526416
1.526416
1.519175
1.519175
1.524106
1.524106
1.531329
1.531329
1.525047
1.525047
1.525171
1.525171
1.519914
1.519914
1.531555
1.531555
1.522161
1.522161
1.531765
1.531765
1.522385
1.522385
1.523860
1.523860
1.525358
1.525358
1.529805
1.529805
1.522669
1.522669
1.515789
1.515789
1.527836
1.527836
1.535555
1.535555
1.533477
1.533477
1.523241
1.523241
1.516991
1.516991
1.521135
1.521135
1.517658
1.517658
1.525755
1.525755
1.531607
1.531607
1.538068
1.538068
1.522560
1.522560
1.517848
1.517848
1.533288
1.533288
1.515290
1.515290
1.531178
1.531178
1.532440
1.532440
1.534121
1.534121
1.514477
1.514477
1.534944
1.534944
1.531173
1.531173
1.530049
1.530049
1.522467
1.522467
1.529283
1.529283
1.523667
1.523667
1.529543
1.529543
1.519942
1.519942
1.530235
1.530235
1.533080
1.533080
1.523338
1.523338
1.525791
1.525791
1.527867
1.527867
1.532623
1.532623
1.522663
1.522663
1.531699
1.531699
1.514011
1.514011
1.526260
1.526260
1.530593
1.530593
1.522123
1.522123
1.528655
1.528655
1.530833
1.530833
1.519576
1.519576
1.523077
1.523077
1.527090
1.527090
1.525855
1.525855
1.536963
1.536963
1.521384
1.521384
1.529616
1.529616
1.527913
1.527913
1.529925
1.529925
1.529298
1.529298
1.517815
1.517815
1.529936
1.529936
1.528682
1.528682
1.524576
1.524576
1.531506
1.531506
1.528904
1.528904
1.530630
1.530630
1.524230
1.524230
1.516761
1.516761
1.519367
1.519367
1.527711
1.527711
1.536462
1.536462
1.532122
1.532122
1.519391
1.519391
1.529953
1.529953
1.520923
1.520923
1.537356
1.537356
1.534579
1.534579
1.524258
1.524258
1.523929
1.523929
1.514097
1.514097
1.539148
1.539148
1.523440
1.523440
1.522204
1.522204
1.516970
1.516970
1.523283
1.523283
1.531599
1.531599
1.528259
1.528259
1.528455
1.528455
1.526301
1.526301
1.519115
1.519115
1.513606
1.513606
1.533957
1.533957
1.526854
1.526854
1.517284
1.517284
1.535614
1.535614
1.511531
1.511531
1.515235
1.515235
1.537741
1.537741
1.525042
1.525042
1.524317
1.524317
1.519142
1.519142
1.518050
1.518050
1.521612
1.521612
1.518109
1.518109
1.512377
1.512377
1.524084
1.524084
1.514861
1.514861
1.522985
1.522985
1.526617
1.526617
1.521753
1.521753
1.518530
1.518530
1.523060
1.523060
1.516155
1.516155
1.519500
1.519500
1.519562
1.519562
1.520184
1.520184
1.514939
1.514939
1.517690
1.517690
1.526249
1.526249
1.524385
1.524385
1.507595
1.507595
1.523978
1.523978
1.514773
1.514773
1.515325
1.515325
1.520983
1.520983
1.515052
1.515052
1.525013
1.525013
1.514313
1.514313
1.518897
1.518897
1.525319
1.525319
1.511121
1.511121
1.514213
1.514213
1.519204
1.519204
1.511975
1.511975
1.520700
1.520700
1.516705
1.516705
1.515005
1.515005
1.527167
1.527167
1.506082
1.506082
1.512399
1.512399
1.526203
1.526203
1.515987
1.515987
1.512493
1.512493
1.510919
1.510919
1.518952
1.518952
1.509554
1.509554
1.516847
1.516847
1.513373
1.513373
1.508139
1.508139
1.525251
1.525251
1.511714
1.511714
1.526477
1.526477
1.514898
1.514898
1.510943
1.510943
1.514053
1.514053
1.512040
1.512040
1.518065
1.518065
1.534211
1.534211
1.520006
1.520006
1.522985
1.522985
1.510626
1.510626
1.504179
1.504179
1.522431
1.522431
1.504894
1.504894
1.518466
1.518466
1.507117
1.507117
1.514891
1.514891
1.517678
1.517678
1.514373
1.514373
1.518913
1.518913
1.518140
1.518140
1.519856
1.519856
1.513169
1.513169
1.512623
1.512623
1.510534
1.510534
1.510496
1.510496
1.509824
1.509824
1.515990
1.515990
1.511290
1.511290
1.514335
1.514335
1.519525
1.519525
1.514542
1.514542
1.515943
1.515943
1.515588
1.515588
1.508956
1.508956
1.517792
1.517792
1.509335
1.509335
1.518649
1.518649
1.508296
1.508296
1.507745
1.507745
1.519499
1.519499
1.512930
1.512930
1.513024
1.513024
1.529514
1.529514
1.505872
1.505872
1.521385
1.521385
1.508690
1.508690
1.515096
1.515096
1.510682
1.510682
1.525484
1.525484
1.515474
1.515474
1.511825
1.511825
1.510136
1.510136
1.515249
1.515249
1.515136
1.515136
1.508732
1.508732
1.516838
1.516838
1.518057
1.518057
1.509452
1.509452
1.513310
1.513310
1.511590
1.511590
1.503549
1.503549
1.514182
1.514182
1.508911
1.508911
1.504605
1.504605
1.517418
1.517418
1.521003
1.521003
1.508864
1.508864
1.512241
1.512241
1.509702
1.509702
1.517846
1.517846
1.513678
1.513678
1.513693
1.513693
1.504184
1.504184
1.512156
1.512156
1.517627
1.517627
1.514357
1.514357
1.510278
1.510278
1.502715
1.502715
1.526235
1.526235
1.509254
1.509254
1.513051
1.513051
1.516210
1.516210
1.512124
1.512124
1.515409
1.515409
1.502939
1.502939
1.515535
1.515535
1.511331
1.511331
1.509703
1.509703
1.507201
1.507201
1.519183
1.519183
1.508564
1.508564
1.510930
1.510930
1.516481
1.516481
1.514156
1.514156
1.513153
1.513153
1.505982
1.505982
1.512270
1.512270
1.508008
1.508008
1.513119
1.513119
1.507880
1.507880
1.515331
1.515331
1.513848
1.513848
1.516698
1.516698
1.506398
1.506398
1.522506
1.522506
1.512299
1.512299
1.511117
1.511117
1.511038
1.511038
1.502885
1.502885
1.511876
1.511876
1.514470
1.514470
1.509834
1.509834
1.509935
1.509935
1.511318
1.511318
1.516206
1.516206
1.519146
1.519146
1.511203
1.511203
1.515494
1.515494
1.505926
1.505926
1.508486
1.508486
1.508940
1.508940
1.511785
1.511785
1.509324
1.509324
1.518622
1.518622
1.505022
1.505022
1.511119
1.511119
1.518873
1.518873
1.515763
1.515763
1.515762
1.515762
1.507109
1.507109
1.516099
1.516099
1.509355
1.509355
1.498966
1.498966
1.516791
1.516791
1.506232
1.506232
1.516008
1.516008
1.501833
1.501833
1.514964
1.514964
1.518707
1.518707
1.511539
1.511539
1.509531
1.509531
1.510074
1.510074
1.515546
1.515546
1.513453
1.513453
1.508032
1.508032
1.513107
1.513107
1.512684
1.512684
1.505473
1.505473
1.510056
1.510056
1.515620
1.515620
1.514984
1.514984
1.509762
1.509762
1.510843
1.510843
1.511546
1.511546
1.513244
1.513244
1.519066
1.519066
1.496161
1.496161
1.512748
1.512748
1.514132
1.514132
1.513578
1.513578
1.511306
1.511306
1.505841
1.505841
1.511992
1.511992
1.513583
1.513583
1.506575
1.506575
1.515418
1.515418
1.504439
1.504439
1.513524
1.513524
1.521214
1.521214
1.509924
1.509924
1.510352
1.510352
1.515557
1.515557
1.508540
1.508540
1.511352
1.511352
1.515423
1.515423
1.506884
1.506884
1.510829
1.510829
1.511242
1.511242
1.507237
1.507237
1.516878
1.516878
1.521111
1.521111
1.516005
1.516005
1.510298
1.510298
1.517842
1.517842
1.505146
1.505146
1.508063
1.508063
1.510122
1.510122
1.511199
1.511199
1.515285
1.515285
1.511977
1.511977
1.511856
1.511856
1.505401
1.505401
1.513488
1.513488
1.510298
1.510298
1.520862
1.520862
1.520000
1.520000
1.501724
1.501724
1.503306
1.503306
1.511979
1.511979
1.513263
1.513263
1.505911
1.505911
1.506832
1.506832
1.519552
1.519552
1.511318
1.511318
1.510567
1.510567
1.520449
1.520449
1.510936
1.510936
1.500113
1.500113
1.500497
1.500497
1.518238
1.518238
1.526787
1.526787
1.507535
1.507535
1.512794
1.512794
1.507224
1.507224
1.516918
1.516918
1.516181
1.516181
1.501612
1.501612
1.517980
1.517980
1.505752
1.505752
1.510883
1.510883
1.505833
1.505833
1.519294
1.519294
1.503541
1.503541
1.511930
1.511930
1.509561
1.509561
1.507077
1.507077
1.518320
1.518320
1.512376
1.512376
1.504604
1.504604
1.511483
1.511483
1.512920
1.512920
1.501014
1.501014
1.514374
1.514374
1.513030
1.513030
1.519913
1.519913
1.507997
1.507997
1.514208
1.514208
1.512823
1.512823
1.508095
1.508095
1.510511
1.510511
1.517870
1.517870
1.505574
1.505574
1.525433
1.525433
1.514119
1.514119
1.504768
1.504768
1.508611
1.508611
1.506003
1.506003
1.500770
1.500770
1.508703
1.508703
1.510053
1.510053
1.522135
1.522135
1.512126
1.512126
1.517273
1.517273
1.511588
1.511588
1.512753
1.512753
1.517050
1.517050
1.510594
1.510594
1.501038
1.501038
1.519125
1.519125
1.511338
1.511338
1.512159
1.512159
1.514342
1.514342
1.502645
1.502645
1.513752
1.513752
1.516310
1.516310
1.516871
1.516871
1.506796
1.506796
1.512307
1.512307
1.511998
1.511998
1.512120
1.512120
1.502386
1.502386
1.519798
1.519798
1.510737
1.510737
1.499612
1.499612
1.512804
1.512804
1.512908
1.512908
1.512710
1.512710
1.511513
1.511513
1.505813
1.505813
1.508118
1.508118
1.512798
1.512798
1.518341
1.518341
1.511130
1.511130
1.511363
1.511363
1.507977
1.507977
1.515936
1.515936
1.509065
1.509065
1.511943
1.511943
1.511948
1.511948
1.508231
1.508231
1.504194
1.504194
1.515472
1.515472
1.514377
1.514377
1.512787
1.512787
1.514980
1.514980
1.518412
1.518412
1.514826
1.514826
1.506887
1.506887
1.508906
1.508906
1.508905
1.508905
1.508038
1.508038
1.516083
1.516083
1.509970
1.509970
1.508516
1.508516
1.518200
1.518200
1.504091
1.504091
1.510551
1.510551
1.510033
1.510033
1.510969
1.510969
1.510858
1.510858
1.509847
1.509847
1.513440
1.513440
1.514657
1.514657
1.511271
1.511271
1.512634
1.512634
1.514755
1.514755
1.509575
1.509575
1.510525
1.510525
1.505957
1.505957
1.518953
1.518953
1.512884
1.512884
1.510672
1.510672
1.508355
1.508355
1.503169
1.503169
1.517155
1.517155
1.508742
1.508742
1.501251
1.501251
1.514956
1.514956
1.511289
1.511289
1.516526
1.516526
1.520470
1.520470
1.517401
1.517401
1.513460
1.513460
1.510616
1.510616
1.512019
1.512019
1.510105
1.510105
1.494859
1.494859
1.516693
1.516693
1.506767
1.506767
1.515670
1.515670
1.511034
1.511034
1.509363
1.509363
1.504692
1.504692
1.508442
1.508442
1.503667
1.503667
1.514225
1.514225
1.505496
1.505496
1.520890
1.520890
1.521090
1.521090
1.509687
1.509687
1.514546
1.514546
1.511558
1.511558
1.510063
1.510063
1.505634
1.505634
1.524043
1.524043
1.513829
1.513829
1.514770
1.514770
1.511807
1.511807
1.506461
1.506461
1.510342
1.510342
1.510078
1.510078
1.513691
1.513691
1.515870
1.515870
1.506413
1.506413
1.510448
1.510448
1.510484
1.510484
1.510586
1.510586
1.506635
1.506635
1.513977
1.513977
1.516525
1.516525
1.507699
1.507699
1.515544
1.515544
1.502242
1.502242
1.510998
1.510998
1.517014
1.517014
1.509435
1.509435
1.508054
1.508054
1.509381
1.509381
1.515393
1.515393
1.512609
1.512609
1.512946
1.512946
1.505185
1.505185
1.511591
1.511591
1.515301
1.515301
1.508784
1.508784
1.512146
1.512146
1.516393
1.516393
1.508829
1.508829
1.505217
1.505217
1.510456
1.510456
1.519919
1.519919
1.506919
1.506919
1.514259
1.514259
1.510130
1.510130
1.514250
1.514250
1.510892
1.510892
1.511873
1.511873
1.523019
1.523019
1.506916
1.506916
1.504940
1.504940
1.513899
1.513899
1.508018
1.508018
1.511072
1.511072
1.504846
1.504846
1.516939
1.516939
1.505515
1.505515
1.517526
1.517526
1.508646
1.508646
1.518943
1.518943
1.510532
1.510532
1.512443
1.512443
1.510500
1.510500
1.510354
1.510354
1.508222
1.508222
1.522323
1.522323
1.502952
1.502952
1.512115
1.512115
1.512441
1.512441
1.519377
1.519377
1.512228
1.512228
1.505386
1.505386
1.505114
1.505114
1.508473
1.508473
1.516343
1.516343
1.506963
1.506963
1.515212
1.515212
1.522123
1.522123
1.516061
1.516061
1.501549
1.501549
1.512891
1.512891
1.511955
1.511955
1.514118
1.514118
1.511473
1.511473
1.509354
1.509354
1.519688
1.519688
1.515258
1.515258
1.503923
1.503923
1.511307
1.511307
1.504390
1.504390
1.511442
1.511442
1.504908
1.504908
1.511343
1.511343
1.513605
1.513605
1.514212
1.514212
1.513958
1.513958
1.517807
1.517807
1.508332
1.508332
1.502956
1.502956
1.521432
1.521432
1.510547
1.510547
1.500486
1.500486
1.512862
1.512862
1.512028
1.512028
1.510637
1.510637
1.514814
1.514814
1.507026
1.507026
1.509305
1.509305
1.514910
1.514910
1.507611
1.507611
1.503897
1.503897
1.516223
1.516223
1.513240
1.513240
1.512956
1.512956
1.514201
1.514201
1.512290
1.512290
1.512110
1.512110
1.510519
1.510519
1.507422
1.507422
1.511391
1.511391
1.517387
1.517387
1.511808
1.511808
1.509818
1.509818
1.508371
1.508371
1.509158
1.509158
1.511313
1.511313
1.511210
1.511210
1.509065
1.509065
1.513258
1.513258
1.515445
1.515445
1.507127
1.507127
1.512359
1.512359
1.508874
1.508874
1.515226
1.515226
1.510440
1.510440
1.506763
1.506763
1.516384
1.516384
1.508456
1.508456
1.514825
1.514825
1.517577
1.517577
