0.0850
0.0840
0.0860
0.0950
0.0781
0.0750
0.0880
0.0920
0.1030
0.0973
0.0870
0.0960
0.1110
0.0930
0.0893
0.0870
0.1080
0.0970
0.1220
0.0973
0.1000
0.1010
0.1190
0.1060
0.1196
0.1130
0.1000
0.1360
0.1110
0.1292
0.1180
0.1390
0.1220
0.1130
0.1356
0.1190
0.1420
0.1370
0.1440
0.1419
0.1570
0.1310
0.1530
0.1420
0.1467
0.1640
0.1550
0.1590
0.1510
0.1451
0.1600
0.1750
0.1810
0.1450
0.1659
0.1560
0.1570
0.1890
0.1890
0.1786
0.1850
0.1560
0.1730
0.1980
0.1818
0.1770
0.1810
0.1920
0.1990
0.1818
0.1900
0.2010
0.1990
0.2100
0.1850
0.2010
0.2060
0.1950
0.2190
0.2073
0.1950
0.2160
0.2060
0.2350
0.2201
0.2130
0.2310
0.2400
0.2130
0.2105
0.2200
0.2330
0.2230
0.2400
0.2504
0.2400
0.2460
0.2270
0.2560
0.2568
0.2680
0.2390
0.2470
0.2560
0.2584
0.2640
0.2580
0.2610
0.2760
0.2568
0.2620
0.2740
0.2490
0.2830
0.3158
0.2650
0.3060
0.2990
0.2760
0.2903
0.2990
0.2980
0.3120
0.2950
0.2967
0.3190
0.3020
0.3110
0.3270
0.3158
0.3550
0.3320
0.3070
0.3610
0.3126
0.3490
0.3650
0.3360
0.3650
0.3844
0.3870
0.3620
0.3750
0.3980
0.3828
0.3830
0.4100
0.4160
0.4100
0.3987
0.4380
0.4090
0.4170
0.4370
0.4434
0.4520
0.4780
0.4240
0.4580
0.4561
0.4530
0.4800
0.4890
0.4900
0.4848
0.4760
0.5140
0.5190
0.5110
0.5008
0.5190
0.5320
0.5380
0.5350
0.5407
0.5420
0.5430
0.5550
0.5760
0.5566
0.5620
0.5860
0.5670
0.5660
0.6124
0.5800
0.6270
0.5690
0.5860
0.5933
0.5980
0.5970
0.5720
0.6070
0.6491
0.6090
0.6060
0.5990
0.6240
0.6332
0.6130
0.6300
0.6230
0.6240
0.6364
0.6150
0.6390
0.6310
0.6430
0.6427
0.6470
0.6410
0.6260
0.6430
0.6523
0.6580
0.6520
0.6370
0.6370
0.6603
0.6470
0.6450
0.6660
0.6470
0.6746
0.6400
0.6540
0.6570
0.6790
0.6746
0.6750
0.6620
0.6470
0.6480
0.7145
0.6610
0.6730
0.6750
0.6770
0.6683
0.6880
0.6900
0.6610
0.6870
0.6459
0.6970
0.6780
0.6750
0.6970
0.6619
0.6890
0.6810
0.6840
0.7040
0.6970
0.6860
0.7100
0.7050
0.7010
0.6762
0.6910
0.6980
0.7050
0.7130
0.7033
0.6850
0.7380
0.6950
0.7070
0.7065
0.7040
0.7140
0.7130
0.7240
0.6922
0.7060
0.7100
0.7170
0.7470
0.6986
0.7170
0.7190
0.7210
0.7180
0.7352
0.7170
0.7150
0.7310
0.7270
0.7384
0.7200
0.7220
0.7260
0.7500
0.7416
0.7360
0.7420
0.7320
0.7390
0.7241
0.7430
0.7300
0.7380
0.7400
0.7464
0.7430
0.7420
0.7420
0.7370
0.7560
0.7430
0.7590
0.7540
0.7380
0.7352
0.7630
0.7380
0.7350
0.7490
0.7703
0.7440
0.7650
0.7490
0.7500
0.7735
0.7670
0.7430
0.7610
0.7610
0.7432
0.7660
0.7540
0.7380
0.7690
0.7687
0.7680
0.7380
0.7710
0.7630
0.7735
0.7560
0.7560
0.7630
0.7720
0.7767
0.7440
0.7630
0.7630
0.7700
0.7943
0.7630
0.7620
0.7620
0.7750
0.7687
0.7700
0.7770
0.7650
0.7720
0.7464
0.7550
0.7720
0.7730
0.7730
0.7719
0.7720
0.7690
0.7630
0.7730
0.7719
0.7660
0.7720
0.7750
0.7830
0.7480
0.7640
0.7750
0.7640
0.7780
0.7831
0.7870
0.7850
0.7680
0.7690
0.7528
0.7620
0.7750
0.7810
0.7720
0.7911
0.7730
0.7590
0.7770
0.7970
0.7799
0.7930
0.7670
0.7760
0.7830
0.7640
0.7640
0.7740
0.7930
0.7760
0.7943
0.7980
0.7750
0.7670
0.7780
0.7863
0.7830
0.7870
0.7970
0.7730
0.7640
0.8040
0.7900
0.7760
0.7770
0.7576
0.7930
0.7790
0.7530
0.7950
0.8118
0.7990
0.7790
0.7910
0.7730
0.7815
0.7880
0.7790
0.8010
0.7780
0.7847
0.7810
0.7890
0.7770
0.8070
0.7895
0.7900
0.7940
0.7860
0.7950
0.7831
0.7850
0.7750
0.8020
0.7970
0.8038
0.7820
0.8070
0.7690
0.8040
0.8070
0.7950
0.8200
0.7890
0.7770
0.7879
0.7950
0.7940
0.8030
0.7950
0.7815
0.7930
0.7960
0.7970
0.7960
0.7943
0.8070
0.7870
0.7880
0.8010
0.7990
0.7840
0.7950
0.8000
0.8050
0.8054
0.7750
0.8130
0.8000
0.7890
0.8230
0.7760
0.8050
0.8200
0.8100
0.7719
0.8090
0.7890
0.8030
0.8100
0.7751
0.8000
0.7910
0.8040
0.8010
0.8006
0.8310
0.8050
0.7950
0.7670
0.8038
0.7950
0.8100
0.8030
0.8020
0.7895
0.7950
0.8230
0.7860
0.8050
0.7895
0.7780
0.8110
0.7880
0.7970
0.8485
0.8320
0.8010
0.7960
0.7880
0.7879
0.7920
0.8150
0.8040
0.7980
0.8038
0.8270
0.8190
0.7930
0.7780
0.7959
0.7930
0.8060
0.7840
0.8190
0.8246
0.8140
0.7910
0.8170
0.7980
0.7990
0.8290
0.8020
0.8000
0.7970
0.7863
0.8110
0.8180
0.7930
0.7990
0.7990
0.7950
0.8000
0.8130
0.8100
0.8070
0.8070
0.8070
0.8300
0.7830
0.7959
0.8050
0.8000
0.8210
0.8030
0.7959
0.8080
0.8030
0.7960
0.8100
0.8182
0.7920
0.7990
0.8230
0.8090
0.8166
0.8120
0.8110
0.7930
0.8240
0.7895
0.7910
0.8050
0.8130
0.8190
0.8118
0.7990
0.8080
0.7870
0.8260
0.8246
0.7960
0.8100
0.8150
0.8100
0.8102
0.7950
0.8080
0.8120
0.8180
0.8102
0.8210
0.8090
0.8110
0.7870
0.8230
0.7900
0.8180
0.8050
0.8230
0.8150
0.7960
0.7910
0.8100
0.8440
0.8102
0.8130
0.8020
0.8080
0.8170
0.8150
0.8140
0.8050
0.8110
0.8160
0.8070
0.8070
0.8220
0.8180
0.8150
0.7847
0.8140
0.7990
0.8370
0.8020
0.8006
0.8280
0.8310
0.8050
0.7880
0.8070
0.8130
0.8080
0.8200
0.8100
0.8118
0.8160
0.8130
0.8080
0.8170
0.8070
0.8160
0.8010
0.8270
0.7960
0.8293
0.7920
0.8140
0.8210
0.8330
0.7959
0.8020
0.8160
0.8180
0.8110
0.8150
0.8210
0.8020
0.8030
0.8270
0.8118
0.8020
0.8270
0.8060
0.8240
0.8022
0.8000
0.8370
0.8010
0.8200
0.8070
0.8140
0.8280
0.8170
0.8020
0.8086
0.7990
0.8100
0.8260
0.8050
0.8437
0.7940
0.8210
0.8160
0.8160
0.8325
0.8340
0.7930
0.8110
0.8110
0.8309
0.8090
0.8180
0.8230
0.8080
0.8198
0.8100
0.8190
0.8120
0.8260
0.8102
0.8060
0.8060
0.8320
0.8280
0.8022
0.8200
0.8050
0.8250
0.8180
0.8102
0.8030
0.8190
0.8290
0.8180
0.8118
0.8060
0.8150
0.8210
0.8180
0.8262
0.8150
0.8180
0.8330
0.8120
0.7974
0.8140
0.8150
0.8040
0.8370
0.8118
0.8140
0.8140
0.8120
0.8130
0.8405
0.8050
0.8270
0.8190
0.8190
0.8182
0.8250
0.8110
0.8340
0.8050
0.8102
0.8250
0.8180
0.8250
0.8200
0.7895
0.8280
0.8010
0.8120
0.8310
0.8166
0.7850
0.8320
0.8320
0.8360
0.7974
0.8270
0.8290
0.8130
0.7910
0.8373
0.8260
0.8200
0.8170
0.7990
0.8357
0.7980
0.8100
0.8370
0.8230
0.8262
0.8300
0.8170
0.8220
0.8250
0.7895
0.8190
0.8320
0.8120
0.8080
0.8262
0.8250
0.8300
0.8270
0.8000
0.8102
0.8090
0.8250
0.8260
0.8100
0.8293
0.8180
0.8100
0.8190
0.8240
0.8262
0.8180
0.8170
0.8310
0.8180
0.8086
0.8150
0.8250
0.8050
0.8300
0.8278
0.8300
0.8090
0.8230
0.8300
0.8038
0.8270
0.8000
0.8340
0.8160
0.8309
0.8280
0.8090
0.8400
0.8140
0.8102
0.8200
0.8370
0.8190
0.7980
0.8405
0.8330
0.8250
0.8130
0.8260
0.8102
0.8170
0.8400
0.8130
0.8230
0.8214
0.8030
0.8390
0.8260
0.8060
0.8501
0.8080
0.8160
0.8300
0.8180
0.8533
0.8180
0.8190
0.8320
0.8200
0.8293
0.8230
0.8170
0.8070
0.8400
0.8325
0.8210
0.8170
0.8330
0.8290
0.8102
0.8390
0.8160
0.8190
0.8190
0.8214
0.8330
0.8150
0.8390
0.8190
0.8006
0.8340
0.8230
0.8310
0.8030
0.8262
0.8150
0.8510
0.8310
0.8080
0.8054
0.8220
0.8190
0.8110
0.8380
0.8293
0.8290
0.8200
0.8220
0.8070
0.8501
0.8340
0.7880
0.8350
0.8290
0.8389
0.8220
0.8150
0.8280
0.8240
0.8357
0.8370
0.8320
0.8060
0.8140
0.8389
0.8130
0.8230
0.8270
0.8300
0.8373
0.8180
0.8220
0.8090
0.8430
0.8453
0.8220
0.8330
0.8340
0.8240
0.8182
0.8190
0.8500
0.8100
0.8270
0.8293
0.8230
0.8250
0.8400
0.8180
0.8325
0.8420
0.8290
0.8130
0.8200
0.8373
0.8180
0.8370
0.8200
0.8300
0.8341
0.8350
0.8210
0.8440
0.8220
0.8070
0.8350
0.8340
0.8180
0.8180
0.8309
0.8320
0.8220
0.8280
0.8290
0.8246
0.8250
0.8240
0.8440
0.8280
0.8086
0.8410
0.8190
0.8280
0.8300
0.8118
0.8260
0.8190
0.8150
0.8510
0.8230
0.8460
0.7980
0.8270
0.8400
0.8230
0.8380
0.8150
0.8410
0.8160
0.8246
0.8250
0.8160
0.8340
0.8400
0.8166
0.8290
0.8230
0.8260
0.8360
0.8198
0.8330
0.8460
0.8100
0.8210
0.8246
0.8120
0.8350
0.8410
0.8280
0.8150
0.8280
0.8350
0.8310
0.8190
0.8198
0.8100
0.8230
0.8200
0.8380
0.8581
0.8320
0.8230
0.8230
0.8400
0.8150
0.8470
0.8200
0.8290
0.8120
0.8278
0.8320
0.8400
0.8260
0.8260
0.8038
0.8160
0.8070
0.8540
0.8240
0.8389
0.8340
0.8330
0.8250
0.8110
0.8389
0.8230
0.8360
0.8420
0.8230
0.8070
0.8340
0.8050
0.8340
0.8460
0.8182
0.8270
0.8370
0.8150
0.8320
0.8325
0.8510
0.8210
0.8470
0.8070
0.8118
0.8250
0.8290
0.8230
0.8290
0.8453
0.8420
0.8130
0.8450
0.8290
0.8086
0.8350
0.8330
0.8250
0.8200
0.8373
0.8030
0.8410
0.8420
0.8420
0.8150
0.8340
0.8360
0.8410
0.8280
0.8022
0.8420
0.8280
0.8230
0.8370
0.8182
0.8350
0.8360
0.8170
0.8260
0.8453
0.8320
0.8310
0.8390
0.8330
0.8118
0.8270
0.8380
0.8530
0.8190
0.8102
0.8450
0.8310
0.8350
0.8190
0.8230
0.8410
0.8290
0.8220
0.8230
0.8517
0.8100
0.8340
0.8310
0.8540
0.8309
0.8250
0.8510
0.8230
0.8380
0.8198
0.8310
0.8500
0.8110
0.8360
0.8341
0.8450
0.8330
0.8410
0.8200
0.8214
0.8330
0.8300
0.8340
0.8290
0.8437
0.8250
0.8230
0.8420
0.8310
0.8517
0.8460
0.8400
0.8340
0.8240
0.8150
0.8280
0.8290
0.8450
0.8390
0.8230
0.8400
0.8310
0.8270
0.8340
0.8405
0.8470
0.8320
0.8240
0.8390
0.8246
0.8090
0.8540
0.8470
0.8250
0.8373
0.8340
0.8240
0.8380
0.8410
0.8341
0.8340
0.8330
0.8230
0.8450
0.8389
0.8310
0.8240
0.8320
0.8550
0.8293
0.8480
0.8140
0.8520
0.8270
0.8325
0.8260
0.8180
0.8430
0.8510
0.8357
0.8200
0.8430
0.8450
0.8260
0.8421
0.8280
0.8310
0.8380
0.8330
0.8517
0.8380
0.8530
0.8250
0.8350
0.8198
0.8450
0.8220
0.8190
0.8440
0.8533
0.8460
0.8380
0.8370
0.8190
0.8389
0.8470
0.8320
0.8350
0.8200
0.8485
0.8250
0.8430
0.8580
0.8220
0.8262
0.8350
0.8530
0.8280
0.8210
0.8437
0.8160
0.8360
0.8450
0.8470
0.8341
0.8420
0.8360
0.8260
0.8410
0.8309
0.8350
0.8480
0.8350
0.8280
0.8293
0.8230
0.8370
0.8350
0.8390
0.8501
0.8370
0.8260
0.8500
0.8240
0.8453
0.8490
0.8180
0.8330
0.8300
0.8596
0.8490
0.8370
0.8420
0.8210
0.8293
0.8440
0.8330
0.8290
0.8450
0.8262
0.8340
0.8170
0.8470
0.8300
0.8644
0.8270
0.8410
0.8190
0.8560
0.8405
0.8350
0.8350
0.8560
0.8250
0.8278
0.8210
0.8450
0.8300
0.8380
0.8533
0.8360
0.8420
0.8240
0.8450
0.8357
0.8340
0.8220
0.8420
0.8500
0.8325
0.8300
0.8470
0.8320
0.8440
0.8246
0.8440
0.8300
0.8300
0.8410
0.8373
0.8360
0.8380
0.8390
0.8370
0.8309
0.8420
0.8300
0.8320
0.8460
0.8341
0.8420
0.8290
0.8370
0.8480
0.8246
0.8420
0.8440
0.8290
0.8300
0.8437
0.8510
0.8310
0.8230
0.8490
0.8293
0.8440
0.8280
0.8190
0.8350
0.8756
0.8370
0.8390
0.8530
0.8460
0.7990
0.8430
0.8310
0.8290
0.8540
0.8278
0.8320
0.8340
0.8580
0.8270
0.8389
0.8390
0.8500
0.8260
0.8330
0.8437
0.8400
0.8370
0.8320
0.8420
0.8405
0.8380
0.8460
0.8420
0.8360
0.8246
0.8220
0.8220
0.8640
0.8450
0.8389
0.8430
0.8370
0.8270
0.8440
0.8437
0.8400
0.8360
0.8460
0.8400
0.8278
0.8360
0.8220
0.8450
0.8450
0.8517
0.8480
0.8350
0.8310
0.8610
0.8102
0.8420
0.8280
0.8410
0.8470
0.8373
0.8300
0.8310
0.8470
0.8450
0.8453
0.8350
0.8340
0.8370
0.8400
0.8565
0.8230
0.8280
0.8540
0.8480
0.8453
0.8450
0.8440
0.8220
0.8410
0.8469
0.8480
0.8500
0.8350
0.8350
0.8230
0.8430
0.8470
0.8470
0.8290
0.8278
0.8340
0.8610
0.8150
0.8540
0.8293
0.8550
0.8350
0.8440
0.8110
0.8581
0.8520
0.8350
0.8240
0.8460
0.8405
0.8290
0.8370
0.8400
0.8550
0.8341
0.8300
0.8510
0.8400
0.8430
0.8309
0.8550
0.8370
0.8360
0.8360
0.8341
0.8550
0.8420
0.8340
0.8270
0.8405
0.8300
0.8340
0.8430
0.8470
0.8501
0.8440
0.8590
0.8260
0.8290
0.8453
0.8430
0.8410
0.8420
0.8350
0.8437
0.8440
0.8400
0.8400
0.8250
0.8628
0.8250
0.8570
0.8420
0.8480
0.8278
0.8440
0.8520
0.8350
0.8280
0.8517
0.8510
0.8440
0.8270
0.8460
0.8389
0.8390
0.8400
0.8410
0.8640
0.8166
0.8410
0.8350
0.8280
0.8580
0.8533
0.8460
0.8370
0.8450
0.8320
0.8549
0.8400
0.8220
0.8430
0.8630
0.8437
0.8440
0.8370
0.8570
0.8430
0.8230
0.8480
0.8270
0.8570
0.8380
0.8405
0.8470
0.8430
0.8550
0.8440
0.8134
0.8420
0.8470
0.8400
0.8330
0.8581
0.8380
0.8320
0.8440
0.8540
0.8501
0.8320
0.8460
0.8520
0.8450
0.8389
0.8420
0.8540
0.8410
0.8320
0.8501
0.8470
0.8570
0.8340
0.8410
0.8341
0.8570
0.8380
0.8410
0.8420
0.8357
0.8400
0.8290
0.8540
0.8370
0.8628
0.8360
0.8320
0.8460
0.8590
0.8421
0.8500
0.8420
0.8450
0.8420
0.8325
0.8410
0.8450
0.8620
0.8350
0.8262
0.8460
0.8390
0.8400
0.8400
0.8549
0.8520
0.8340
0.8380
0.8500
0.8405
0.8370
0.8480
0.8440
0.8470
0.8373
0.8490
0.8240
0.8630
0.8490
0.8230
0.8500
0.8400
0.8430
0.8440
0.8373
0.8450
0.8450
0.8490
0.8370
0.8373
0.8520
0.8490
0.8420
0.8340
0.8357
0.8600
0.8290
0.8410
0.8580
0.8182
0.8350
0.8370
0.8370
0.8560
0.8549
0.8270
0.8470
0.8540
0.8400
0.8501
0.8440
0.8350
0.8210
0.8710
0.8453
0.8350
0.8420
0.8440
0.8490
0.8469
0.8470
0.8400
0.8490
0.8450
0.8309
0.8370
0.8450
0.8570
0.8470
0.8230
0.8590
0.8540
0.8280
0.8380
0.8341
0.8500
0.8460
0.8510
0.8300
0.8389
0.8290
0.8240
0.8570
0.8540
0.8596
0.8510
0.8540
0.8380
0.8440
0.8246
0.8440
0.8350
0.8550
0.8270
0.8660
0.8680
0.8280
0.8440
0.8360
0.8421
0.8430
0.8440
0.8430
0.8420
0.8485
0.8550
0.8280
0.8390
0.8520
0.8469
0.8570
0.8140
0.8730
0.8360
0.8373
0.8300
0.8490
0.8590
0.8400
0.8421
0.8250
0.8530
0.8510
0.8430
0.8501
0.8430
0.8550
0.8350
0.8400
0.8469
0.8360
0.8560
0.8480
0.8360
0.8405
0.8380
0.8560
0.8470
0.8380
0.8373
0.8700
0.8360
0.8400
0.8430
0.8214
0.8450
0.8430
0.8450
0.8500
0.8341
0.8310
0.8440
0.8650
0.8470
0.8309
0.8400
0.8280
0.8430
0.8580
0.8596
0.8430
0.8520
0.8470
0.8460
0.8309
0.8290
0.8430
0.8430
0.8600
0.8517
0.8410
0.8370
0.8450
0.8450
0.8644
0.8380
0.8410
0.8330
0.8680
0.8453
0.8300
0.8560
0.8470
0.8360
0.8644
0.8540
0.8260
0.8530
0.8450
0.8501
0.8380
0.8390
0.8480
0.8450
0.8644
0.8360
0.8580
0.8520
0.8510
0.8246
0.8440
0.8550
0.8460
0.8380
0.8469
0.8480
0.8360
0.8450
0.8520
0.8501
0.8440
0.8450
0.8470
0.8320
0.8756
0.8530
0.8600
0.8370
0.8460
0.8325
0.8410
0.8470
0.8420
0.8720
0.8262
0.8540
0.8600
0.8560
0.8300
0.8278
0.8560
0.8570
0.8290
0.8550
0.8357
0.8420
0.8450
0.8510
0.8410
0.8644
0.8340
0.8480
0.8500
0.8530
0.8549
0.8570
0.8390
0.8380
0.8500
0.8565
0.8530
0.8630
0.8520
0.8320
0.8325
0.8370
0.8560
0.8470
0.8620
0.8293
0.8240
0.8550
0.8550
0.8500
0.8581
0.8380
0.8370
0.8710
0.8500
0.8389
0.8230
0.8590
0.8520
0.8560
0.8485
0.8460
0.8490
0.8560
0.8380
0.8517
0.8410
0.8300
0.8520
0.8620
0.8581
0.8410
0.8560
0.8650
0.8440
0.8246
0.8470
0.8420
0.8370
0.8730
0.8357
0.8610
0.8470
0.8450
0.8400
0.8469
0.8460
0.8550
0.8550
0.8430
0.8357
0.8420
0.8320
0.8600
0.8610
0.8421
0.8400
0.8530
0.8490
0.8530
0.8421
0.8330
0.8430
0.8540
0.8350
0.8900
0.8630
0.8430
0.8580
0.8440
0.8214
0.8440
0.8500
0.8460
0.8500
0.8501
0.8580
0.8490
0.8390
0.8440
0.8501
0.8450
0.8320
0.8540
0.8530
0.8596
0.8490
0.8480
0.8560
0.8370
0.8501
0.8410
0.8410
0.8500
0.8550
0.8549
0.8430
0.8490
0.8530
0.8390
0.8596
0.8470
0.8320
0.8550
0.8590
0.8453
0.8390
0.8630
0.8350
0.8600
0.8421
0.8470
0.8540
0.8490
0.8430
0.8485
0.8550
0.8520
0.8410
0.8550
0.8357
0.8570
0.8480
0.8570
0.8560
0.8134
0.8420
0.8330
0.8580
0.8700
0.8373
0.8490
0.8340
0.8400
0.8700
0.8533
0.8510
0.8430
0.8480
0.8440
0.8644
0.8260
0.8650
0.8570
0.8410
0.8596
0.8490
0.8510
0.8500
0.8500
0.8421
0.8550
0.8250
0.8620
0.8570
0.8437
0.8410
0.8550
0.8540
0.8520
0.8405
0.8300
0.8550
0.8440
0.8610
0.8596
0.8400
0.8560
0.8560
0.8510
0.8405
0.8430
0.8450
0.8570
0.8420
0.8660
0.8370
0.8390
0.8500
0.8660
0.8596
0.8390
0.8630
0.8420
0.8640
0.8341
0.8580
0.8500
0.8430
0.8540
0.8405
0.8480
0.8620
0.8570
0.8350
0.8453
0.8630
0.8570
0.8470
0.8390
0.8389
0.8510
0.8540
0.8570
0.8400
0.8453
0.8660
0.8520
0.8360
0.8440
0.8517
0.8640
0.8560
0.8460
0.8320
0.8517
0.8540
0.8330
0.8620
0.8480
0.8533
0.8610
0.8280
0.8450
0.8500
0.8740
0.8400
0.8470
0.8570
0.8590
0.8437
0.8700
0.8410
0.8480
0.8510
0.8325
0.8480
0.8620
0.8470
0.8520
0.8325
0.8520
0.8400
0.8510
0.8570
0.8469
0.8520
0.8450
0.8500
0.8520
0.8485
0.8480
0.8510
0.8550
0.8460
0.8485
0.8340
0.8650
0.8440
0.8430
0.8708
0.8730
0.8370
0.8490
0.8370
0.8565
0.8530
0.8430
0.8330
0.8600
0.8676
0.8480
0.8520
0.8540
0.8440
0.8533
0.8590
0.8520
0.8480
0.8520
0.8325
0.8600
0.8580
0.8530
0.8340
0.8437
0.8390
0.8520
0.8600
0.8530
0.8453
0.8510
0.8520
0.8460
0.8530
0.8501
0.8460
0.8600
0.8430
0.8490
0.8565
0.8510
0.8390
0.8500
0.8630
0.8501
0.8600
0.8520
0.8560
0.8410
0.8405
0.8440
0.8670
0.8490
0.8470
0.8421
0.8580
0.8540
0.8450
0.8390
0.8596
0.8280
0.8480
0.8640
0.8620
0.8517
0.8510
0.8560
0.8530
0.8270
0.8788
0.8580
0.8680
0.8370
0.8300
0.8676
0.8640
0.8400
0.8650
0.8470
0.8309
0.8540
0.8580
0.8320
0.8610
0.8485
0.8580
0.8560
0.8440
0.8430
0.8549
0.8360
0.8680
0.8580
0.8520
0.8357
0.8360
0.8660
0.8560
0.8430
0.8565
0.8640
0.8400
0.8480
0.8440
0.8644
0.8470
0.8380
0.8580
0.8630
0.8485
0.8550
0.8370
0.8520
0.8560
0.8581
0.8770
0.8450
0.8630
0.8250
0.8421
0.8520
0.8480
0.8630
0.8380
0.8581
0.8430
0.8530
0.8570
0.8580
0.8421
0.8470
0.8550
0.8570
0.8420
0.8581
0.8340
0.8630
0.8450
0.8540
0.8660
0.8620
0.8330
0.8550
0.8480
0.8628
0.8520
0.8440
0.8650
0.8540
0.8357
0.8450
0.8510
0.8570
0.8490
0.8565
0.8470
0.8570
0.8420
0.8530
0.8596
0.8610
0.8490
0.8340
0.8580
0.8565
0.8430
0.8490
0.8410
0.8530
0.8836
0.8380
0.8640
0.8620
0.8420
0.8517
0.8550
0.8600
0.8570
0.8420
0.8405
0.8530
0.8570
0.8490
0.8380
0.8676
0.8630
0.8570
0.8500
0.8470
0.8357
0.8670
0.8360
0.8670
0.8440
0.8421
0.8650
0.8390
0.8520
0.8500
0.8533
0.8570
0.8490
0.8450
0.8490
0.8644
0.8620
0.8340
0.8570
0.8510
0.8581
0.8600
0.8580
0.8400
0.8430
0.8628
0.8440
0.8600
0.8530
0.8550
0.8453
0.8510
0.8610
0.8530
0.8400
0.8565
0.8370
0.8710
0.8280
0.8640
0.8644
0.8530
0.8420
0.8600
0.8460
0.8628
0.8460
0.8370
0.8500
0.8650
0.8676
0.8420
0.8530
0.8700
0.8560
0.8309
0.8490
0.8540
0.8530
0.8500
0.8533
0.8520
0.8520
0.8460
0.8530
0.8581
0.8540
0.8760
0.8420
0.8470
0.8325
0.8550
0.8530
0.8480
0.8460
0.8596
0.8610
0.8500
0.8480
0.8520
0.8453
0.8500
0.8330
0.8620
0.8560
0.8612
0.8650
0.8350
0.8480
0.8480
0.8692
0.8560
0.8370
0.8440
0.8670
0.8565
0.8430
0.8480
0.8540
0.8630
0.8517
0.8500
0.8560
0.8670
0.8400
0.8437
0.8310
0.8660
0.8420
0.8570
0.8708
0.8650
0.8390
0.8610
0.8500
0.8421
0.8610
0.8370
0.8450
0.8530
0.8724
0.8610
0.8510
0.8400
0.8450
0.8708
0.8640
0.8580
0.8450
0.8480
0.8421
0.8550
0.8330
0.8520
0.8590
0.8692
0.8520
0.8450
0.8620
0.8480
0.8565
0.8630
0.8630
0.8480
0.8280
0.8644
0.8580
0.8360
0.8540
0.8590
0.8565
0.8540
0.8520
0.8570
0.8420
0.8596
0.8560
0.8530
0.8470
0.8470
0.8628
0.8440
0.8390
0.8570
0.8530
0.8788
0.8420
0.8690
0.8560
0.8600
0.8246
0.8620
0.8430
0.8560
0.8550
0.8421
0.8540
0.8610
0.8470
0.8310
0.8788
0.8480
0.8550
0.8500
0.8510
0.8612
0.8580
0.8420
0.8450
0.8640
0.8533
0.8560
0.8740
0.8470
0.8380
0.8453
0.8540
0.8350
0.8570
0.8640
0.8533
0.8640
0.8500
0.8540
0.8480
0.8453
0.8590
0.8330
0.8530
0.8500
0.8788
0.8470
0.8530
0.8700
0.8450
0.8469
0.8580
0.8620
0.8440
0.8590
0.8341
0.8680
0.8490
0.8430
0.8530
0.8501
0.8320
0.8580
0.8500
0.8600
0.8724
0.8470
0.8540
0.8620
0.8590
0.8373
0.8500
0.8580
0.8610
0.8330
0.8692
0.8630
0.8710
0.8280
0.8550
0.8453
0.8560
0.8480
0.8590
0.8530
0.8469
0.8550
0.8640
0.8530
0.8630
0.8166
0.8620
0.8410
0.8510
0.8620
0.8469
0.8450
0.8530
0.8420
0.8630
0.8676
0.8430
0.8460
0.8510
0.8620
0.8692
0.8700
0.8430
0.8560
0.8410
0.8565
0.8510
0.8490
0.8390
0.8540
0.8836
0.8420
0.8630
0.8470
0.8500
0.8692
0.8590
0.8550
0.8590
0.8520
0.8325
0.8510
0.8830
0.8180
0.8510
0.8676
0.8390
0.8560
0.8520
0.8590
0.8628
0.8650
0.8630
0.8430
0.8400
0.8549
0.8460
0.8410
0.8700
0.8700
0.8293
0.8740
0.8530
0.8450
0.8490
0.8389
0.8570
0.8680
0.8490
0.8410
0.8485
0.8320
0.8460
0.8570
0.8660
0.8708
0.8430
0.8610
0.8540
0.8510
0.8581
0.8700
0.8600
0.8370
0.8450
0.8533
0.8610
0.8430
0.8500
0.8550
0.8581
0.8640
0.8470
0.8670
0.8370
0.8517
0.8600
0.8590
0.8570
0.8480
0.8357
0.8440
0.8390
0.8570
0.8700
0.8581
0.8660
0.8500
0.8550
0.8410
0.8565
0.8510
0.8510
0.8550
0.8510
0.8628
0.8520
0.8660
0.8590
0.8460
0.8389
0.8450
0.8630
0.8530
0.8580
0.8453
0.8510
0.8310
0.8600
0.8610
0.8724
0.8590
0.8560
0.8520
0.8580
0.8373
0.8660
0.8430
0.8520
0.8540
0.8549
0.8480
0.8670
0.8560
0.8520
0.8421
0.8770
0.8560
0.8500
0.8430
0.8373
0.8640
0.8600
0.8520
0.8450
0.8469
0.8540
0.8520
0.8520
0.8550
0.8581
0.8380
0.8720
0.8520
0.8560
0.8517
0.8720
0.8430
0.8540
0.8530
0.8469
0.8570
0.8560
0.8470
0.8530
0.8612
0.8530
0.8630
0.8580
0.8410
0.8581
0.8450
0.8730
0.8600
0.8680
0.8118
0.8500
0.8440
0.8630
0.8540
0.8676
0.8430
0.8550
0.8670
0.8430
0.8724
0.8520
0.8470
0.8710
0.8500
0.8533
0.8530
0.8510
0.8750
0.8520
0.8357
0.8550
0.8650
0.8410
0.8550
0.8596
0.8690
0.8540
0.8520
0.8550
0.8373
0.8520
0.8490
0.8530
0.8700
0.8453
0.8630
0.8500
0.8510
0.8400
0.8772
0.8590
0.8520
0.8460
0.8680
0.8437
0.8610
0.8590
0.8520
0.8500
0.8501
0.8300
0.8630
0.8590
0.8550
0.8756
0.8470
0.8590
0.8560
0.8500
0.8676
0.8660
0.8280
0.8680
0.8520
0.8644
0.8570
0.8580
0.8580
0.8500
0.8501
0.8720
0.8520
0.8600
0.8440
0.8421
0.8580
0.8420
0.8610
0.8500
0.8692
0.8660
0.8480
0.8590
0.8610
0.8341
0.8500
0.8400
0.8680
0.8600
0.8596
0.8330
0.8650
0.8670
0.8480
0.8676
0.8570
0.8630
0.8450
0.8630
0.8437
0.8650
0.8430
0.8530
0.8490
0.8724
0.8550
0.8580
0.8500
0.8590
0.8533
0.8620
0.8550
0.8580
0.8510
0.8485
0.8370
0.8590
0.8600
0.8510
0.8804
0.8470
0.8610
0.8490
0.8680
0.8533
0.8560
0.8590
0.8430
0.8670
0.8533
0.8540
0.8680
0.8540
0.8590
0.8373
0.8550
0.8710
0.8380
0.8550
0.8628
0.8680
0.8500
0.8540
0.8380
0.8772
0.8500
0.8570
0.8520
0.8460
0.8852
0.8390
0.8660
0.8640
0.8460
0.8708
0.8580
0.8420
0.8480
0.8650
0.8740
0.8690
0.8600
0.8480
0.8590
0.8373
0.8460
0.8490
0.8620
0.8580
0.8708
0.8500
0.8560
0.8510
0.8750
0.8405
0.8480
0.8440
0.8660
0.8560
0.8692
0.8600
0.8530
0.8550
0.8430
0.8756
0.8620
0.8410
0.8390
0.8710
0.8740
0.8650
0.8520
0.8460
0.8710
0.8421
0.8650
0.8770
0.8480
0.8300
0.8644
0.8460
0.8630
0.8560
0.8710
0.8389
0.8390
0.8760
0.8540
0.8700
0.8357
0.8520
0.8460
0.8630
0.8540
0.8724
0.8420
0.8780
0.8560
0.8610
0.8389
0.8430
0.8660
0.8580
0.8630
0.8501
0.8350
0.8730
0.8510
0.8660
0.8581
0.8700
0.8420
0.8390
0.8690
0.8660
0.8720
0.8550
0.8580
0.8470
0.8485
0.8760
0.8560
0.8610
0.8450
0.8389
0.8740
0.8460
0.8580
0.8500
0.8565
0.8570
0.8610
0.8570
0.8550
0.8533
0.8480
0.8650
0.8600
0.8520
0.8612
0.8740
0.8520
0.8510
0.8500
0.8581
0.8700
0.8450
0.8600
0.8650
0.8373
0.8480
0.8440
0.8750
0.8600
0.8581
0.8580
0.8570
0.8600
0.8600
0.8469
0.8490
0.8630
0.8690
0.8310
0.8852
0.8730
0.8520
0.8530
0.8560
0.8501
0.8700
0.8500
0.8450
0.8600
0.8644
0.8450
0.8640
0.8630
0.8650
0.8469
0.8400
0.8780
0.8500
0.8590
0.8628
0.8540
0.8610
0.8390
0.8630
0.8788
0.8450
0.8620
0.8490
0.8680
0.8676
0.8710
0.8680
0.8550
0.8410
0.8517
0.8600
0.8640
0.8460
0.8500
0.8756
0.8730
0.8590
0.8520
0.8520
0.8517
0.8740
0.8710
0.8380
0.8640
0.8357
0.8690
0.8500
0.8590
0.8510
0.8644
0.8880
0.8400
0.8510
0.8510
0.8628
0.8480
0.8700
0.8610
0.8490
0.8676
0.8660
0.8680
0.8620
0.8560
0.8278
0.8660
0.8480
0.8510
0.8610
0.8692
0.8350
0.8610
0.8670
0.8610
0.8724
0.8450
0.8590
0.8630
0.8540
0.8772
0.8640
0.8610
0.8560
0.8570
0.8501
0.8420
0.8520
0.8700
0.8660
0.8628
0.8470
0.8740
0.8590
0.8500
0.8628
0.8720
0.8570
0.8540
0.8480
0.8612
0.8540
0.8550
0.8460
0.8630
0.8820
0.8450
0.8610
0.8410
0.8760
0.8740
0.8620
0.8690
0.8440
0.8510
0.8692
0.8580
0.8650
0.8520
0.8500
0.8724
0.8540
0.8680
0.8610
0.8590
0.8453
0.8590
0.8660
0.8400
0.8620
0.8692
0.8660
0.8520
0.8580
0.8600
0.8565
0.8570
0.8620
0.8710
0.8540
0.8437
0.8610
0.8520
0.8610
0.8710
0.8421
0.8550
0.8590
0.8640
0.8550
0.8612
0.8250
0.8830
0.8520
0.8570
0.8852
0.8510
0.8590
0.8640
0.8710
0.8421
0.8680
0.8550
0.8580
0.8570
0.8533
0.8740
0.8540
0.8450
0.8600
0.8628
0.8630
0.8760
0.8380
0.8540
0.8676
0.8490
0.8570
0.8620
0.8620
0.8692
0.8610
0.8610
0.8520
0.8570
0.8676
0.8730
0.8610
0.8610
0.8500
0.8453
0.8610
0.8620
0.8400
0.8610
0.8788
0.8590
0.8610
0.8660
0.8510
0.8581
0.8410
0.8710
0.8750
0.8600
0.8421
0.8430
0.8570
0.8770
0.8600
0.8581
0.8490
0.8570
0.8480
0.8760
0.8692
0.8540
0.8540
0.8510
0.8710
0.8692
0.8560
0.8560
0.8620
0.8580
0.8660
0.8540
0.8420
0.8740
0.8520
0.8836
0.8620
0.8470
0.8630
0.8600
0.8676
0.8610
0.8500
0.8650
0.8530
0.8724
0.8500
0.8630
0.8620
0.8540
0.8724
0.8730
0.8530
0.8620
0.8390
0.8756
0.8630
0.8480
0.8640
0.8570
0.8676
0.8530
0.8660
0.8520
0.8640
0.8628
0.8650
0.8600
0.8650
0.8450
0.8628
0.8690
0.8470
0.8620
0.8500
0.8772
0.8630
0.8660
0.8540
0.8520
0.8660
0.8570
0.8480
0.8780
0.8540
0.8628
0.8580
0.8510
0.8740
0.8510
0.8692
0.8420
0.8740
0.8570
0.8600
0.8708
0.8640
0.8570
0.8690
0.8510
0.8581
0.8810
0.8660
0.8370
0.8550
0.8628
0.8650
0.8380
0.8550
0.8740
0.8724
0.8700
0.8550
0.8560
0.8560
0.8644
0.8600
0.8410
0.8660
0.8720
0.8628
0.8530
0.8570
0.8800
0.8430
0.8724
0.8660
0.8620
0.8580
0.8580
0.8549
0.8680
0.8670
0.8540
0.8510
0.8612
0.8530
0.8620
0.8570
0.8710
0.8565
0.8730
0.8420
0.8520
0.8750
0.8581
0.8670
0.8610
0.8560
0.8540
0.8644
0.8510
0.8570
0.8740
0.8610
0.8565
0.8590
0.8500
0.8760
0.8560
0.8596
0.8510
0.8570
0.8530
0.8640
0.8852
0.8660
0.8600
0.8590
0.8580
0.8565
0.8460
0.8510
0.8670
0.8730
0.8676
0.8600
0.8560
0.8620
0.8550
0.8740
0.8610
0.8480
0.8700
0.8710
0.8469
0.8660
0.8600
0.8540
0.8570
0.8676
0.8550
0.8660
0.8410
0.8660
0.8820
0.8480
0.8580
0.8800
0.8640
0.8469
0.8790
0.8510
0.8700
0.8570
0.8357
0.8670
0.8600
0.8750
0.8490
0.8437
0.8470
0.8530
0.8750
0.8630
0.8644
0.8550
0.8600
0.8720
0.8530
0.8612
0.8620
0.8660
0.8570
0.8740
0.8309
0.8790
0.8570
0.8570
0.8490
0.8581
0.8710
0.8540
0.8630
0.8610
0.8469
0.8600
0.8710
0.8360
0.8690
0.8692
0.8760
0.8490
0.8570
0.8720
0.8405
0.8500
0.8620
0.8780
0.8450
0.8708
0.8490
0.8540
0.8630
0.8630
0.8804
0.8680
0.8530
0.8600
0.8580
0.8644
0.8650
0.8570
0.8710
0.8530
0.8533
0.8470
0.8710
0.8660
0.8570
0.8612
0.8720
0.8560
0.8460
0.8710
0.8549
0.8700
0.8450
0.8640
0.8610
0.8644
0.8490
0.8650
0.8660
0.8550
0.8724
0.8410
0.8650
0.8410
0.8710
0.8995
0.8450
0.8670
0.8710
0.8690
0.8453
0.8690
0.8570
0.8620
0.8610
0.8501
0.8730
0.8450
0.8780
0.8510
0.8533
0.8580
0.8530
0.8660
0.8620
0.8644
0.8590
0.8630
0.8650
0.8650
0.8437
0.8640
0.8750
0.8550
0.8480
0.8596
0.8530
0.8650
0.8700
0.8540
0.8612
0.8550
0.8610
0.8830
0.8490
0.8517
0.8610
0.8590
0.8570
0.8730
0.8501
0.8680
0.8510
0.8620
0.8640
0.8581
0.8580
0.8770
0.8620
0.8630
0.8357
0.8720
0.8520
0.8510
0.8650
0.8692
0.8870
0.8590
0.8510
0.8530
0.8533
0.8590
0.8610
0.8550
0.8660
0.8676
0.8470
0.8760
0.8550
0.8630
0.8676
0.8610
0.8570
0.8590
0.8600
0.8740
0.8550
0.8740
0.8640
0.8640
0.8405
0.8590
0.8670
0.8570
0.8540
0.8740
0.8690
0.8510
0.8680
0.8560
0.8628
0.8660
0.8630
0.8620
0.8500
0.8676
0.8720
0.8550
0.8530
0.8620
0.8676
0.8550
0.8630
0.8640
0.8770
0.8405
0.8520
0.8690
0.8880
0.8440
0.8501
0.8680
0.8470
0.8620
0.8620
0.8724
0.8670
0.8610
0.8750
0.8550
0.8421
0.8570
0.8610
0.8680
0.8480
0.8804
0.8710
0.8440
0.8610
0.8640
0.8708
0.8710
0.8700
0.8390
0.8620
0.8676
0.8680
0.8650
0.8610
0.8520
0.8596
0.8620
0.8690
0.8710
0.8410
0.8660
0.8730
0.8570
0.8620
0.8510
0.8660
0.8630
0.8700
0.8490
0.8590
0.8692
0.8750
0.8710
0.8480
0.8460
0.8708
0.8610
0.8630
0.8570
0.8650
0.8612
0.8590
0.8830
0.8530
0.8520
0.8596
0.8730
0.8610
0.8530
0.8570
0.8644
0.8630
0.8670
0.8760
0.8530
0.8405
0.8610
0.8590
0.8630
0.8590
0.8676
0.8630
0.8590
0.8570
0.8560
0.8788
0.8690
0.8580
0.8550
0.8660
0.8581
0.8450
0.8630
0.8570
0.8760
0.8692
0.8630
0.8450
0.8790
0.8710
0.8437
0.8650
0.8670
0.8550
0.8560
0.8660
0.8660
0.8690
0.8620
0.8440
0.8708
0.8650
0.8470
0.8610
0.8710
0.8660
0.8550
0.8710
0.8410
0.8580
0.8979
0.8610
0.8570
0.8710
0.8600
0.8596
0.8670
0.8700
0.8480
0.8780
0.8389
0.8700
0.8560
0.8650
0.8670
0.8469
0.8410
0.8640
0.8530
0.8770
0.8852
0.8660
0.8490
0.8480
0.8850
0.8644
0.8720
0.8580
0.8720
0.8440
0.8676
0.8550
0.8620
0.8720
0.8620
0.8581
0.8520
0.8680
0.8560
0.8610
0.8804
0.8730
0.8470
0.8690
0.8560
0.8676
0.8650
0.8600
0.8620
0.8540
0.8740
0.8570
0.8600
0.8630
0.8750
0.8517
0.8770
0.8570
0.8660
0.8480
0.8628
0.8520
0.8730
0.8720
0.8580
0.8517
0.8380
0.8600
0.8680
0.8760
0.8724
0.8780
0.8600
0.8600
0.8710
0.8293
0.8540
0.8630
0.8720
0.8630
0.8565
0.8500
0.8670
0.8600
0.8690
0.8644
0.8730
0.8660
0.8610
0.8490
0.8612
0.8500
0.8640
0.8820
0.8530
0.8612
0.8550
0.8560
0.8760
0.8750
0.8405
0.8570
0.8620
0.8700
0.8720
0.8437
0.8600
0.8630
0.8620
0.8690
0.8549
0.8730
0.8670
0.8510
0.8480
0.8804
0.8480
0.8600
0.8690
0.8740
0.8612
0.8700
0.8670
0.8560
0.8610
0.8565
0.8670
0.8500
0.8680
0.8640
0.8644
0.8580
0.8680
0.8730
0.8660
0.8389
0.8670
0.8710
0.8350
0.8790
0.8596
0.8450
0.8580
0.8660
0.8760
0.8692
0.8830
0.8450
0.8670
0.8640
0.8469
0.8750
0.8710
0.8360
0.8650
0.8660
0.8690
0.8750
0.8570
0.8660
0.8341
0.8600
0.8590
0.8630
0.8680
0.8612
0.8720
0.8620
0.8580
0.8610
0.8581
0.8630
0.8610
0.8700
0.8560
0.8628
0.8410
0.8580
0.8720
0.8820
0.8581
0.8700
0.8750
0.8410
0.8640
0.8628
0.8600
0.8680
0.8590
0.8620
0.8644
0.8660
0.8620
0.8650
0.8600
0.8596
0.8530
0.8620
0.8670
0.8610
0.8756
0.8630
0.8850
0.8340
0.8670
0.8660
0.8740
0.8540
0.8570
0.8630
0.8676
0.8730
0.8710
0.8530
0.8590
0.8549
0.8620
0.8600
0.8640
0.8680
0.8596
0.8540
0.8720
0.8550
0.8680
0.8676
0.8650
0.8690
0.8640
0.8560
0.8596
0.8740
0.8560
0.8500
0.8650
0.8740
0.8580
0.8480
0.8730
0.8680
0.8708
0.8690
0.8540
0.8650
0.8730
0.8501
0.8470
0.8520
0.8820
0.8810
0.8485
0.8630
0.8600
0.8680
0.8660
0.8581
0.8710
0.8570
0.8630
0.8680
0.8549
0.8570
0.8650
0.8670
0.8620
0.8644
0.8640
0.8590
0.8620
0.8580
0.8788
0.8410
0.8740
0.8820
0.8730
0.8357
0.8500
0.8600
0.8630
0.8670
0.8836
0.8720
0.8580
0.8690
0.8480
0.8724
0.8500
0.8650
0.8700
0.8620
0.8724
0.8630
0.8650
0.8700
0.8420
0.8820
0.8690
0.8570
0.8580
0.8670
0.8628
0.8650
0.8570
0.8660
0.8530
0.8804
0.8510
0.8620
0.8820
0.8670
0.8485
0.8580
0.8630
0.8610
0.8670
0.8676
0.8560
0.8790
0.8610
0.8660
0.8453
0.8510
0.8580
0.8720
0.8700
0.8628
0.8760
0.8580
0.8570
0.8560
0.8724
0.8770
0.8670
0.8470
0.8640
0.8612
0.8560
0.8610
0.8620
0.8630
0.8820
0.8720
0.8760
0.8570
0.8580
0.8485
0.8540
0.8550
0.8650
0.8840
0.8565
0.8740
0.8620
0.8550
0.8610
0.8676
0.8740
0.8470
0.8700
0.8670
0.8581
0.8620
0.8630
0.8550
0.8670
0.8756
0.8790
0.8570
0.8590
0.8690
0.8485
0.8630
0.8560
0.8630
0.8700
0.8676
0.8580
0.8620
0.8700
0.8670
0.8596
0.8600
0.8560
0.8540
0.8740
0.8804
0.8580
0.8540
0.8570
0.8800
0.8724
0.8650
0.8700
0.8610
0.8520
0.8740
0.8730
0.8570
0.8740
0.8550
0.8565
0.8690
0.8680
0.8550
0.8710
0.8501
0.8550
0.8930
0.8500
0.8610
0.8565
0.8780
0.8840
0.8390
0.8630
0.8485
0.8620
0.8660
0.8660
0.8660
0.8549
0.8710
0.8690
0.8660
0.8600
0.8469
0.8560
0.8580
0.8760
0.8580
0.8756
0.8740
0.8600
0.8520
0.8750
0.8549
0.8550
0.8530
0.8630
0.8680
0.8900
0.8660
0.8720
0.8710
0.8440
0.8660
0.8520
0.8680
0.8550
0.8600
0.8947
0.8670
0.8630
0.8580
0.8770
0.8469
0.8880
0.8390
0.8660
0.8620
0.8628
0.8540
0.8820
0.8620
0.8640
0.8501
0.8800
0.8670
0.8620
0.8520
0.8517
0.8740
0.8540
0.8800
0.8550
0.8485
0.8700
0.8630
0.8770
0.8450
0.8612
0.8770
0.8620
0.8500
0.8650
0.8628
0.8640
0.8840
0.8480
0.8590
0.8612
0.8710
0.8670
0.8680
0.8410
0.8724
0.8580
0.8660
0.8710
0.8600
0.8596
0.8570
0.8610
0.8660
0.8620
0.8724
0.8520
0.8500
0.8520
0.8840
0.8852
0.8570
0.8670
0.8740
0.8660
0.8437
0.8660
0.8560
0.8560
0.8730
0.8660
0.8750
0.8460
0.8570
0.8760
0.8644
0.8700
0.8680
0.8540
0.8630
0.8628
0.8490
0.8640
0.8800
0.8560
0.8724
0.8520
0.8750
0.8760
0.8580
0.8533
0.8920
0.8400
0.8640
0.8560
0.8676
0.8700
0.8520
0.8610
0.8600
0.8836
0.8740
0.8620
0.8570
0.8630
0.8628
0.8460
0.8740
0.8700
0.8630
0.8676
0.8550
0.8800
0.8540
0.8600
0.8740
0.8670
0.8620
0.8710
0.8600
0.8565
0.8570
0.8560
0.8640
0.8680
0.8804
0.8750
0.8590
0.8810
0.8400
0.8644
0.8620
0.8710
0.8600
0.8760
0.8421
0.8670
0.8580
0.8600
0.8730
0.8596
0.8570
0.8660
0.8590
0.8670
0.8740
0.8480
0.8680
0.8540
0.8740
0.8820
0.8550
0.8670
0.8610
0.8640
0.8772
0.8670
0.8730
0.8520
0.8560
0.8756
0.8590
0.8660
0.8620
0.8560
0.8836
0.8550
0.8760
0.8670
0.8700
0.8453
0.8510
0.8700
0.8490
0.8780
0.8772
0.8670
0.8720
0.8650
0.8620
0.8501
0.8740
0.8730
0.8810
0.8410
0.8453
0.8700
0.8620
0.8590
0.8740
0.8517
0.8570
0.8830
0.8680
0.8570
0.8517
0.8690
0.8690
0.8550
0.8710
0.8533
0.8700
0.8620
0.8580
0.8690
0.8612
0.8810
0.8510
0.8580
0.8710
0.8581
0.8630
0.8680
0.8650
0.8630
0.8628
0.8580
0.8610
0.8740
0.8680
0.8596
0.8480
0.8700
0.8800
0.8560
0.8740
0.8750
0.8690
0.8690
0.8470
0.8644
0.8780
0.8510
0.8820
0.8620
0.8453
0.8750
0.8410
0.8640
0.8680
0.8852
0.8690
0.8500
0.8790
0.8640
0.8660
0.8760
0.8410
0.8740
0.8550
0.8915
0.8600
0.8680
0.8570
0.8590
0.8947
0.8680
0.8540
0.8800
0.8500
0.8820
0.8520
0.8700
0.8690
0.8600
0.8836
0.8470
0.8590
0.8700
0.8800
0.8756
0.8700
0.8580
0.8460
0.8750
0.8868
0.8680
0.8580
0.8690
0.8610
0.8740
0.8640
0.8690
0.8560
0.8770
0.8581
0.8580
0.8530
0.8670
0.8750
0.8804
0.8690
0.8640
0.8750
0.8550
0.8644
0.8620
0.8600
0.8570
0.8760
0.8772
0.8520
0.8710
0.8570
0.8790
0.8708
0.8620
0.8700
0.8750
0.8500
0.8740
0.8610
0.8710
0.8640
0.8660
0.8676
0.8860
0.8690
0.8550
0.8620
0.8517
0.8710
0.8760
0.8630
0.8560
0.8596
0.8550
0.8730
0.8700
0.8790
0.8421
0.8670
0.8590
0.8670
0.8710
0.8628
0.8550
0.8570
0.8700
0.8820
0.8612
0.8680
0.8600
0.8760
0.8560
0.8676
0.8570
0.8770
0.8600
0.8740
0.8533
0.8560
0.8490
0.8670
0.8740
0.8868
0.8460
0.8820
0.8650
0.8760
0.8501
0.8590
0.8660
0.8630
0.8700
0.8660
0.8520
0.8560
0.8670
0.8800
0.8724
0.8610
0.8610
0.8670
0.8670
0.8708
0.8570
0.8640
0.8680
0.8640
0.8772
0.8680
0.8760
0.8590
0.8640
0.8549
0.8600
0.8690
0.8720
0.8590
0.8660
0.8720
0.8550
0.8630
0.8700
0.8660
0.8770
0.8630
0.8480
0.8660
0.8772
0.8600
0.8640
0.8650
0.8700
0.8692
0.8660
0.8590
0.8580
0.8690
0.8804
0.8830
0.8470
0.8650
0.8650
0.8676
0.8710
0.8510
0.8610
0.8790
0.8644
0.8730
0.8680
0.8670
0.8430
0.8836
0.8780
0.8470
0.8670
0.8610
0.8788
0.8650
0.8710
0.8560
0.8670
0.8708
0.8510
0.8760
0.8620
0.8720
0.8676
0.8610
0.8810
0.8620
0.8560
0.8692
0.8720
0.8630
0.8690
0.8510
0.8772
0.8590
0.8590
0.8750
0.8620
0.8772
0.8540
0.8690
0.8610
0.8710
0.8772
0.8690
0.8610
0.8760
0.8730
0.8389
0.8560
0.8720
0.8650
0.8590
0.8820
0.8660
0.8540
0.8670
0.8680
0.8772
0.8660
0.8640
0.8610
0.8700
0.8660
0.8780
0.8640
0.8670
0.8510
0.8676
0.8580
0.8740
0.8770
0.8570
0.8581
0.8670
0.8620
0.8630
0.8710
0.8628
0.8740
0.8650
0.8620
0.8600
0.8660
0.8660
0.8470
0.8760
0.8720
0.8660
0.8670
0.8710
0.8540
0.8610
0.8788
0.8550
0.8780
0.8730
0.8620
0.8549
0.8650
0.8660
0.8810
0.8500
0.8644
0.8640
0.8690
0.8420
0.8820
0.8724
0.8700
0.8630
0.8690
0.8660
0.8565
0.8740
0.8530
0.8670
0.8630
0.8740
0.8720
0.8640
0.8640
0.8570
0.8740
0.8740
0.8780
0.8430
0.8680
0.8644
0.8710
0.8610
0.8740
0.8730
0.8389
0.8650
0.8640
0.8700
0.8690
0.8565
0.8660
0.9040
0.8440
0.8500
0.8628
0.8600
0.8760
0.8690
0.8530
0.8724
0.8650
0.8660
0.8770
0.8530
0.8676
0.8640
0.8820
0.8720
0.8580
0.8453
0.8760
0.8520
0.8870
0.8560
0.8533
0.8800
0.8470
0.8580
0.8790
0.8644
0.8730
0.8790
0.8530
0.8640
0.8565
0.8630
0.8570
0.8710
0.8660
0.8756
0.8660
0.8510
0.8620
0.8800
0.8724
0.8750
0.8700
0.8680
0.8680
0.8357
0.8620
0.8740
0.8580
0.8590
0.8804
0.8660
0.8640
0.8800
0.8400
0.8852
0.8560
0.8670
0.8780
0.8610
0.8660
0.8590
0.8720
0.8770
0.8560
0.8644
0.8730
0.8770
0.8600
0.8690
0.8405
0.8570
0.8650
0.8680
0.8680
0.8740
0.8600
0.8700
0.8750
0.8660
0.8533
0.8410
0.8870
0.8660
0.8630
0.8756
0.8750
0.8510
0.8650
0.8790
0.8549
0.8540
0.8760
0.8600
0.8670
0.8756
0.8630
0.8620
0.8620
0.8730
0.8708
0.8590
0.8640
0.8820
0.8560
0.8692
0.8770
0.8630
0.8570
0.8720
0.8565
0.8670
0.8750
0.8580
0.8650
0.8612
0.8670
0.8450
0.8790
0.8650
0.8756
0.8600
0.8650
0.8730
0.8730
0.8517
0.8690
0.8550
0.8670
0.8690
0.8692
0.8610
0.8690
0.8460
0.8850
0.8676
0.8780
0.8610
0.8520
0.8640
0.8772
0.8570
0.8640
0.8610
0.8730
0.8788
0.8740
0.8420
0.8710
0.8740
0.8692
0.8620
0.8660
0.8590
0.8740
0.8692
0.8560
0.8690
0.8730
0.8560
0.8804
0.8490
0.8770
0.8770
0.8720
0.8469
0.8900
0.8580
0.8610
0.8630
0.8549
0.8600
0.8940
0.8670
0.8500
0.8565
0.8680
0.8590
0.8780
0.8510
0.8788
0.8640
0.8800
0.8630
0.8580
0.8644
0.8710
0.8500
0.8630
0.8810
0.8644
0.8490
0.8680
0.8750
0.8630
0.8804
0.8680
0.8740
0.8700
0.8480
0.8724
0.8690
0.8700
0.8650
0.8600
0.8676
0.8740
0.8640
0.8610
0.8580
0.8788
0.8650
0.8600
0.8770
0.8560
0.8772
0.8770
0.8600
0.8730
0.8670
0.8485
0.8710
0.8670
0.8690
0.8560
0.8724
0.8610
0.8560
0.8640
0.8780
0.8788
0.8720
0.8640
0.8520
0.8760
0.8708
0.8860
0.8450
0.8660
0.8640
0.8788
