3.1611
5.5136
11.0717
13.0741
16.3586
16.6779
18.2822
18.2369
19.0397
19.0774
21.0500
23.1325
22.0725
22.6182
24.0260
24.4775
24.8614
23.3108
27.0554
25.4155
28.0619
28.1137
28.7140
29.4663
27.7190
28.2832
33.9410
32.3067
37.8152
34.8465
31.7064
35.0554
35.3684
36.4820
34.0603
38.7538
37.0844
37.4503
42.7272
39.3251
40.2579
40.4995
39.7677
36.2536
46.6632
38.6723
49.6971
46.2064
44.7424
50.2795
45.3938
47.9078
49.6206
49.4325
48.7154
45.8474
46.7789
47.9414
50.6111
53.7905
57.4288
53.5238
52.4539
49.1179
54.2795
50.0388
54.3358
57.7419
55.5460
56.7839
56.2369
64.6146
57.5113
58.8046
55.1209
59.9745
59.8329
59.0352
60.1399
63.0939
83.9647
72.5621
61.5520
63.9954
61.3743
60.2697
75.4572
72.6248
74.7362
67.9093
67.8362
62.6258
85.7351
77.5687
74.5497
80.4761
65.8886
73.6207
73.5237
68.1430
