1.1109
1.1663
1.4246
1.3984
1.3005
1.1713
1.1700
1.2064
1.3863
1.2873
1.3836
1.1375
1.3653
1.4429
1.0604
1.3822
1.3048
1.1398
1.3390
1.3483
1.3840
1.2338
1.1268
1.1203
1.1891
1.1819
1.2601
1.1743
1.2212
1.2780
1.1974
1.2086
1.1119
1.3455
1.1241
1.2485
1.0586
1.1910
1.3322
1.2064
1.3604
1.1700
1.1377
1.1353
1.3498
1.3238
1.2801
1.4935
1.1252
1.2433
1.2530
1.2423
1.2841
1.3232
1.2139
1.1206
1.0900
1.2170
1.0476
1.1609
1.1020
1.2203
1.2802
1.2607
1.2051
1.1039
1.1447
1.1585
1.2443
1.3294
1.1645
1.4501
1.2568
1.1436
1.2171
1.1894
1.0511
1.1027
1.0871
1.3603
1.2976
1.2160
1.2190
1.2156
1.1747
1.1182
1.3781
1.1936
1.4503
1.1626
1.1957
1.2142
1.0129
1.1384
1.2691
1.3105
1.2335
1.2124
1.2186
1.1315
