2.4246
3.9900
9.4021
13.5522
15.9062
16.7800
17.2905
19.8267
20.8254
21.8996
21.9018
18.8551
20.8284
20.8965
20.5970
22.7854
22.5192
25.1071
24.6942
23.5756
24.5716
25.9386
25.3395
23.0707
24.3843
23.5998
28.1931
26.7479
27.5119
27.9143
25.6042
27.9392
25.2007
23.9083
27.6627
26.9086
32.2896
30.7199
29.0803
28.9061
28.1026
27.7659
26.8929
31.5127
26.9742
34.0924
27.6122
30.1603
32.4605
31.9995
35.3867
34.5572
30.5062
37.6954
34.0597
39.7301
35.0886
36.5898
38.0097
37.5264
34.6116
39.7002
35.0185
42.4925
42.4399
45.3181
43.7869
38.4682
43.9323
41.8729
42.6380
45.6672
47.3874
38.7359
41.5246
47.1082
36.6940
40.6483
52.5929
40.3829
48.7780
47.7042
47.6801
48.6222
50.0486
57.9749
52.9052
56.0758
56.4948
52.5736
50.9628
61.6066
59.8989
58.4506
51.8906
51.6600
54.6379
67.4831
58.8162
60.2513
