0.9491
1.0170
1.3805
1.1411
1.0849
1.1525
1.1327
1.1181
1.0443
1.2573
1.1285
1.3316
0.9351
1.2627
1.0544
1.0289
1.2207
1.1361
1.1882
1.0144
1.1270
1.0330
1.0531
1.0395
1.0263
1.1026
1.1691
1.1333
1.2591
0.9974
1.0780
1.2553
1.2053
1.0588
1.0579
1.1133
1.0024
1.0830
1.1348
1.0249
1.1619
1.1009
1.1007
1.2611
1.0811
1.0521
0.8845
1.0899
0.9390
0.9095
0.9560
1.0226
1.0343
1.0052
1.1330
1.0800
1.0236
1.5225
1.0465
0.9934
1.0558
1.0999
0.9962
0.9541
1.0883
1.0638
1.0657
1.0867
1.1102
1.0805
1.0604
0.9749
1.1973
0.9492
1.0610
