2.298828
2.298828
2.297758
2.297758
2.298601
2.298601
2.297835
2.297835
2.301497
2.301497
2.298642
2.298642
2.296037
2.296037
2.294772
2.294772
2.294983
2.294983
2.291730
2.291730
2.291818
2.291818
2.291433
2.291433
2.289930
2.289930
2.288962
2.288962
2.286217
2.286217
2.287153
2.287153
2.282828
2.282828
2.280847
2.280847
2.280714
2.280714
2.281290
2.281290
2.276078
2.276078
2.277807
2.277807
2.273299
2.273299
2.274716
2.274716
2.269687
2.269687
2.270023
2.270023
2.267935
2.267935
2.268287
2.268287
2.264774
2.264774
2.259979
2.259979
2.259337
2.259337
2.262417
2.262417
2.255629
2.255629
2.255546
2.255546
2.253478
2.253478
2.251592
2.251592
2.250310
2.250310
2.248065
2.248065
2.243232
2.243232
2.246695
2.246695
2.240150
2.240150
2.240182
2.240182
2.237189
2.237189
2.234440
2.234440
2.235639
2.235639
2.229142
2.229142
2.226224
2.226224
2.226572
2.226572
2.225443
2.225443
2.222104
2.222104
2.215214
2.215214
2.217160
2.217160
2.211634
2.211634
2.213432
2.213432
2.207702
2.207702
2.207262
2.207262
2.201137
2.201137
2.200518
2.200518
2.191729
2.191729
2.193149
2.193149
2.189469
2.189469
2.185548
2.185548
2.189509
2.189509
2.181197
2.181197
2.178670
2.178670
2.176874
2.176874
2.172018
2.172018
2.170201
2.170201
2.164345
2.164345
2.159158
2.159158
2.164078
2.164078
2.149793
2.149793
2.149271
2.149271
2.140625
2.140625
2.140340
2.140340
2.129570
2.129570
2.130812
2.130812
2.128127
2.128127
2.128094
2.128094
2.120731
2.120731
2.115707
2.115707
2.119076
2.119076
2.100757
2.100757
2.099980
2.099980
2.088547
2.088547
2.086327
2.086327
2.081560
2.081560
2.083309
2.083309
2.078553
2.078553
2.063127
2.063127
2.067937
2.067937
2.046242
2.046242
2.051749
2.051749
2.051885
2.051885
2.027146
2.027146
2.029956
2.029956
2.025198
2.025198
2.019503
2.019503
2.015347
2.015347
2.014788
2.014788
2.006142
2.006142
2.000221
2.000221
1.989931
1.989931
1.990508
1.990508
1.984686
1.984686
1.971753
1.971753
1.967652
1.967652
1.964048
1.964048
1.965648
1.965648
1.950314
1.950314
1.947464
1.947464
1.933039
1.933039
1.935808
1.935808
1.930736
1.930736
1.927952
1.927952
1.922269
1.922269
1.906937
1.906937
1.908235
1.908235
1.904767
1.904767
1.904092
1.904092
1.895564
1.895564
1.891724
1.891724
1.885033
1.885033
1.884924
1.884924
1.876630
1.876630
1.872435
1.872435
1.869777
1.869777
1.871019
1.871019
1.858173
1.858173
1.860937
1.860937
1.860083
1.860083
1.842283
1.842283
1.853993
1.853993
1.859182
1.859182
1.829591
1.829591
1.845897
1.845897
1.828240
1.828240
1.836912
1.836912
1.839072
1.839072
1.822679
1.822679
1.820851
1.820851
1.826103
1.826103
1.827026
1.827026
1.820766
1.820766
1.820203
1.820203
1.812705
1.812705
1.819440
1.819440
1.806523
1.806523
1.816095
1.816095
1.804139
1.804139
1.809322
1.809322
1.804946
1.804946
1.800175
1.800175
1.795487
1.795487
1.793902
1.793902
1.797654
1.797654
1.783458
1.783458
1.789111
1.789111
1.795416
1.795416
1.797422
1.797422
1.791669
1.791669
1.784088
1.784088
1.787536
1.787536
1.769703
1.769703
1.788127
1.788127
1.792010
1.792010
1.774907
1.774907
1.766213
1.766213
1.774603
1.774603
1.770175
1.770175
1.765765
1.765765
1.775215
1.775215
1.775648
1.775648
1.766499
1.766499
1.760626
1.760626
1.761652
1.761652
1.772024
1.772024
1.767558
1.767558
1.763237
1.763237
1.755417
1.755417
1.764584
1.764584
1.761793
1.761793
1.757020
1.757020
1.743636
1.743636
1.769825
1.769825
1.754897
1.754897
1.747079
1.747079
1.753617
1.753617
1.754421
1.754421
1.761898
1.761898
1.744406
1.744406
1.762604
1.762604
1.747102
1.747102
1.750620
1.750620
1.745200
1.745200
1.744034
1.744034
1.745842
1.745842
1.744315
1.744315
1.748120
1.748120
1.763611
1.763611
1.751832
1.751832
1.739837
1.739837
1.744627
1.744627
1.746480
1.746480
1.748914
1.748914
1.745254
1.745254
1.749690
1.749690
1.749695
1.749695
1.737832
1.737832
1.743411
1.743411
1.742344
1.742344
1.738185
1.738185
1.747740
1.747740
1.754353
1.754353
1.739823
1.739823
1.744711
1.744711
1.739399
1.739399
1.750355
1.750355
1.744409
1.744409
1.743144
1.743144
1.751260
1.751260
1.731416
1.731416
1.746111
1.746111
1.741694
1.741694
1.742290
1.742290
1.731414
1.731414
1.748060
1.748060
1.738174
1.738174
1.735139
1.735139
1.753614
1.753614
1.736109
1.736109
1.736870
1.736870
1.734120
1.734120
1.743160
1.743160
1.747296
1.747296
1.743031
1.743031
1.744750
1.744750
1.731167
1.731167
1.728021
1.728021
1.735209
1.735209
1.745241
1.745241
1.734070
1.734070
1.732601
1.732601
1.721626
1.721626
1.731733
1.731733
1.726595
1.726595
1.718962
1.718962
1.736363
1.736363
1.736896
1.736896
1.724514
1.724514
1.721863
1.721863
1.728154
1.728154
1.717047
1.717047
1.725991
1.725991
1.727644
1.727644
1.723625
1.723625
1.720227
1.720227
1.722571
1.722571
1.719763
1.719763
1.712861
1.712861
1.728267
1.728267
1.700781
1.700781
1.711088
1.711088
1.717156
1.717156
1.720731
1.720731
1.714574
1.714574
1.715345
1.715345
1.705097
1.705097
1.717910
1.717910
1.699097
1.699097
1.712686
1.712686
1.718421
1.718421
1.697567
1.697567
1.709338
1.709338
1.698590
1.698590
1.708724
1.708724
1.711041
1.711041
1.693501
1.693501
1.699774
1.699774
1.705300
1.705300
1.705250
1.705250
1.701158
1.701158
1.703308
1.703308
1.696109
1.696109
1.689721
1.689721
1.706859
1.706859
1.696064
1.696064
1.694213
1.694213
1.694951
1.694951
1.684427
1.684427
1.689559
1.689559
1.696461
1.696461
1.684766
1.684766
1.695108
1.695108
1.704522
1.704522
1.689809
1.689809
1.695090
1.695090
1.683946
1.683946
1.682976
1.682976
1.706373
1.706373
1.681740
1.681740
1.683653
1.683653
1.679506
1.679506
1.689804
1.689804
1.709714
1.709714
1.682387
1.682387
1.685903
1.685903
1.687900
1.687900
1.678738
1.678738
1.690584
1.690584
1.680506
1.680506
1.693180
1.693180
1.674880
1.674880
1.683306
1.683306
1.679017
1.679017
1.675972
1.675972
1.686310
1.686310
1.684638
1.684638
1.677410
1.677410
1.685271
1.685271
1.677197
1.677197
1.691199
1.691199
1.668061
1.668061
1.674195
1.674195
1.687995
1.687995
1.681156
1.681156
1.675978
1.675978
1.677298
1.677298
1.674337
1.674337
1.672693
1.672693
1.683617
1.683617
1.676753
1.676753
1.678525
1.678525
1.667541
1.667541
1.658844
1.658844
1.681259
1.681259
1.669766
1.669766
1.664007
1.664007
1.662718
1.662718
1.682668
1.682668
1.673009
1.673009
1.671571
1.671571
1.673264
1.673264
1.666768
1.666768
1.667412
1.667412
1.671450
1.671450
1.664460
1.664460
1.669905
1.669905
1.668366
1.668366
1.669165
1.669165
1.661080
1.661080
1.671443
1.671443
1.662020
1.662020
1.677030
1.677030
1.664712
1.664712
1.670497
1.670497
1.668702
1.668702
1.659735
1.659735
1.660652
1.660652
1.674516
1.674516
1.666991
1.666991
1.659145
1.659145
1.674675
1.674675
1.656749
1.656749
1.663120
1.663120
1.665103
1.665103
1.667316
1.667316
1.662452
1.662452
1.651077
1.651077
1.664225
1.664225
1.665081
1.665081
1.667938
1.667938
1.646680
1.646680
1.666880
1.666880
1.659264
1.659264
1.657952
1.657952
1.660449
1.660449
1.661273
1.661273
1.663678
1.663678
1.655755
1.655755
1.643235
1.643235
1.664912
1.664912
1.672351
1.672351
1.654932
1.654932
1.649981
1.649981
1.659983
1.659983
1.652172
1.652172
1.646101
1.646101
1.658200
1.658200
1.662298
1.662298
1.654068
1.654068
1.651349
1.651349
1.659216
1.659216
1.650746
1.650746
1.643330
1.643330
1.655737
1.655737
1.638910
1.638910
1.649572
1.649572
1.640980
1.640980
1.639410
1.639410
1.645071
1.645071
1.644060
1.644060
1.641693
1.641693
1.641196
1.641196
1.641525
1.641525
1.640314
1.640314
1.646961
1.646961
1.643446
1.643446
1.646550
1.646550
1.635247
1.635247
1.650680
1.650680
1.640208
1.640208
1.644234
1.644234
1.637249
1.637249
1.643059
1.643059
1.649431
1.649431
1.634253
1.634253
1.632783
1.632783
1.645882
1.645882
1.633105
1.633105
1.634943
1.634943
1.646558
1.646558
1.634369
1.634369
1.646613
1.646613
1.623788
1.623788
1.641402
1.641402
1.632785
1.632785
1.638138
1.638138
1.638296
1.638296
1.643265
1.643265
1.634172
1.634172
1.643668
1.643668
1.634465
1.634465
1.641423
1.641423
1.640124
1.640124
1.634504
1.634504
1.636989
1.636989
1.634524
1.634524
1.653464
1.653464
1.620716
1.620716
1.627157
1.627157
1.641679
1.641679
1.648340
1.648340
1.636422
1.636422
1.626320
1.626320
1.639388
1.639388
1.635108
1.635108
1.629082
1.629082
1.627256
1.627256
1.640371
1.640371
1.641150
1.641150
1.628636
1.628636
1.627490
1.627490
1.636431
1.636431
1.635519
1.635519
1.627029
1.627029
1.635612
1.635612
1.632030
1.632030
1.639174
1.639174
1.639705
1.639705
1.629898
1.629898
1.635523
1.635523
1.623815
1.623815
1.644051
1.644051
1.639586
1.639586
1.634142
1.634142
1.631177
1.631177
1.624696
1.624696
1.634805
1.634805
1.641322
1.641322
1.636651
1.636651
1.636557
1.636557
1.632247
1.632247
1.630622
1.630622
1.628813
1.628813
1.632720
1.632720
1.634248
1.634248
1.634750
1.634750
1.622144
1.622144
1.625867
1.625867
1.627136
1.627136
1.630994
1.630994
1.632402
1.632402
1.634720
1.634720
1.611407
1.611407
1.626997
1.626997
1.625870
1.625870
1.627056
1.627056
1.628301
1.628301
1.638392
1.638392
1.623629
1.623629
1.629268
1.629268
1.628914
1.628914
1.634374
1.634374
1.630261
1.630261
1.633539
1.633539
1.632993
1.632993
1.626773
1.626773
1.622831
1.622831
1.632120
1.632120
1.627038
1.627038
1.624060
1.624060
1.627078
1.627078
1.623522
1.623522
1.627251
1.627251
1.628652
1.628652
1.613721
1.613721
1.626299
1.626299
1.636355
1.636355
1.620316
1.620316
1.629295
1.629295
1.624934
1.624934
1.620228
1.620228
1.631285
1.631285
1.622587
1.622587
1.623594
1.623594
1.622711
1.622711
1.633207
1.633207
1.627476
1.627476
1.623921
1.623921
1.615879
1.615879
1.627190
1.627190
1.634422
1.634422
1.631919
1.631919
1.621669
1.621669
1.620289
1.620289
1.625203
1.625203
1.616701
1.616701
1.626671
1.626671
1.622783
1.622783
1.625918
1.625918
1.620168
1.620168
1.617594
1.617594
1.627716
1.627716
1.616748
1.616748
1.619169
1.619169
1.624233
1.624233
1.626382
1.626382
1.618673
1.618673
1.625762
1.625762
1.620372
1.620372
1.623861
1.623861
1.624789
1.624789
1.621436
1.621436
1.624837
1.624837
1.623239
1.623239
1.626164
1.626164
1.623662
1.623662
1.614118
1.614118
1.620261
1.620261
1.626635
1.626635
1.615119
1.615119
1.626158
1.626158
1.627693
1.627693
1.608639
1.608639
1.624563
1.624563
1.615152
1.615152
1.633423
1.633423
1.615031
1.615031
1.613965
1.613965
1.613005
1.613005
1.619410
1.619410
1.623196
1.623196
1.616868
1.616868
1.618407
1.618407
1.613656
1.613656
1.619868
1.619868
1.613168
1.613168
1.620210
1.620210
1.612870
1.612870
1.611900
1.611900
1.611275
1.611275
1.623499
1.623499
1.619439
1.619439
1.617532
1.617532
1.631880
1.631880
1.610174
1.610174
1.614175
1.614175
1.621874
1.621874
1.604645
1.604645
1.618607
1.618607
1.615502
1.615502
1.622894
1.622894
1.616262
1.616262
1.615353
1.615353
1.615565
1.615565
1.617785
1.617785
1.612075
1.612075
1.615322
1.615322
1.619946
1.619946
1.613434
1.613434
1.618073
1.618073
1.607541
1.607541
1.614226
1.614226
1.621645
1.621645
1.608418
1.608418
1.619464
1.619464
1.615952
1.615952
1.610679
1.610679
1.617258
1.617258
1.615778
1.615778
1.613866
1.613866
1.619157
1.619157
1.615144
1.615144
1.603334
1.603334
1.610828
1.610828
1.609195
1.609195
1.609830
1.609830
1.617172
1.617172
1.624044
1.624044
1.618529
1.618529
1.606654
1.606654
1.610727
1.610727
1.614612
1.614612
1.603049
1.603049
1.613260
1.613260
1.614856
1.614856
1.604845
1.604845
1.609227
1.609227
1.613167
1.613167
1.617310
1.617310
1.603850
1.603850
1.620817
1.620817
1.614627
1.614627
1.597612
1.597612
1.620575
1.620575
1.611905
1.611905
1.604408
1.604408
1.605402
1.605402
1.607618
1.607618
1.606466
1.606466
1.610786
1.610786
1.596537
1.596537
1.615140
1.615140
1.621487
1.621487
1.599892
1.599892
1.617187
1.617187
1.613372
1.613372
1.615774
1.615774
1.604791
1.604791
1.610551
1.610551
1.603760
1.603760
1.615911
1.615911
1.617639
1.617639
1.605247
1.605247
1.615644
1.615644
1.608399
1.608399
1.606850
1.606850
1.609194
1.609194
1.604351
1.604351
1.611619
1.611619
1.604176
1.604176
1.613840
1.613840
1.614057
1.614057
1.605123
1.605123
1.619907
1.619907
1.603994
1.603994
1.613850
1.613850
1.603524
1.603524
1.615047
1.615047
1.605570
1.605570
1.624437
1.624437
1.613583
1.613583
1.603099
1.603099
1.596986
1.596986
1.604477
1.604477
1.607213
1.607213
1.606758
1.606758
1.611984
1.611984
1.612612
1.612612
1.605705
1.605705
1.611109
1.611109
1.602523
1.602523
1.605664
1.605664
1.624853
1.624853
1.610857
1.610857
1.606081
1.606081
1.613930
1.613930
1.601568
1.601568
1.603203
1.603203
1.599867
1.599867
1.595019
1.595019
1.621010
1.621010
1.613268
1.613268
1.599216
1.599216
1.608515
1.608515
1.609062
1.609062
1.603958
1.603958
1.601020
1.601020
1.605640
1.605640
1.609719
1.609719
1.606328
1.606328
1.603830
1.603830
1.599797
1.599797
1.609892
1.609892
1.599728
1.599728
1.606139
1.606139
1.615142
1.615142
1.609138
1.609138
1.592821
1.592821
1.597881
1.597881
1.612834
1.612834
1.600593
1.600593
1.602093
1.602093
1.604121
1.604121
1.601691
1.601691
1.605633
1.605633
1.605617
1.605617
1.608786
1.608786
1.598152
1.598152
1.598595
1.598595
1.599406
1.599406
1.602639
1.602639
1.603373
1.603373
1.606251
1.606251
1.615840
1.615840
1.605196
1.605196
1.596674
1.596674
1.593454
1.593454
1.601747
1.601747
1.598534
1.598534
1.601547
1.601547
1.607113
1.607113
1.596793
1.596793
1.611883
1.611883
1.605022
1.605022
1.592518
1.592518
1.611148
1.611148
1.600711
1.600711
1.608498
1.608498
1.597048
1.597048
1.600832
1.600832
1.602568
1.602568
1.609024
1.609024
1.600527
1.600527
1.601838
1.601838
1.601659
1.601659
1.597773
1.597773
1.601489
1.601489
1.609309
1.609309
1.604212
1.604212
1.604138
1.604138
1.587462
1.587462
1.603516
1.603516
1.603758
1.603758
1.601425
1.601425
1.604583
1.604583
1.595398
1.595398
1.595567
1.595567
1.606383
1.606383
1.593586
1.593586
1.598232
1.598232
1.602082
1.602082
1.608204
1.608204
1.602786
1.602786
1.609013
1.609013
1.601318
1.601318
1.599743
1.599743
1.598783
1.598783
1.597140
1.597140
1.611593
1.611593
1.588278
1.588278
1.603328
1.603328
1.596574
1.596574
1.596892
1.596892
1.607443
1.607443
1.595465
1.595465
1.606774
1.606774
1.593399
1.593399
1.595448
1.595448
1.601607
1.601607
1.591020
1.591020
1.597942
1.597942
1.605399
1.605399
1.583872
1.583872
1.596933
1.596933
1.596793
1.596793
1.600045
1.600045
1.589014
1.589014
1.598200
1.598200
1.595017
1.595017
1.597901
1.597901
1.609177
1.609177
1.602225
1.602225
1.577369
1.577369
1.598751
1.598751
1.603040
1.603040
1.601250
1.601250
1.596121
1.596121
1.593948
1.593948
1.593103
1.593103
1.605249
1.605249
1.604913
1.604913
1.600968
1.600968
1.595902
1.595902
1.592551
1.592551
1.598605
1.598605
1.603560
1.603560
1.606684
1.606684
1.599737
1.599737
1.594649
1.594649
1.600337
1.600337
1.601153
1.601153
1.601607
1.601607
1.589413
1.589413
1.601618
1.601618
1.598362
1.598362
1.591699
1.591699
1.584710
1.584710
1.597264
1.597264
1.587872
1.587872
1.593397
1.593397
1.589856
1.589856
1.605185
1.605185
1.596207
1.596207
1.589766
1.589766
1.594334
1.594334
1.595129
1.595129
1.600861
1.600861
1.598314
1.598314
1.598637
1.598637
1.601058
1.601058
1.590817
1.590817
1.596151
1.596151
1.596784
1.596784
1.591176
1.591176
1.595429
1.595429
1.576765
1.576765
1.608413
1.608413
1.607927
1.607927
1.586915
1.586915
1.591530
1.591530
1.597586
1.597586
1.590225
1.590225
1.604037
1.604037
1.590182
1.590182
1.597745
1.597745
1.602304
1.602304
1.591378
1.591378
1.591837
1.591837
1.600278
1.600278
1.579239
1.579239
1.601697
1.601697
1.599229
1.599229
1.602308
1.602308
1.599234
1.599234
1.593263
1.593263
1.594925
1.594925
1.594112
1.594112
1.590147
1.590147
1.586710
1.586710
1.588961
1.588961
1.603105
1.603105
1.597999
1.597999
1.582859
1.582859
1.596414
1.596414
1.595356
1.595356
1.584246
1.584246
1.600556
1.600556
1.589193
1.589193
1.592576
1.592576
1.597462
1.597462
1.590327
1.590327
1.587521
1.587521
1.594778
1.594778
1.589059
1.589059
1.588706
1.588706
1.592936
1.592936
1.595665
1.595665
1.597500
1.597500
1.595883
1.595883
1.582121
1.582121
1.591901
1.591901
1.606053
1.606053
1.594265
1.594265
1.595517
1.595517
1.605593
1.605593
1.599635
1.599635
1.582372
1.582372
1.594586
1.594586
1.600962
1.600962
1.597222
1.597222
1.593066
1.593066
1.592051
1.592051
1.590574
1.590574
1.583938
1.583938
1.599590
1.599590
1.589098
1.589098
1.597277
1.597277
1.581275
1.581275
1.590624
1.590624
1.588978
1.588978
1.592909
1.592909
1.588791
1.588791
1.590560
1.590560
1.594373
1.594373
1.591656
1.591656
1.587651
1.587651
1.590740
1.590740
1.595037
1.595037
1.587224
1.587224
1.602428
1.602428
1.589299
1.589299
1.587314
1.587314
1.601163
1.601163
1.590291
1.590291
1.590298
1.590298
1.588082
1.588082
1.591724
1.591724
1.599179
1.599179
1.594578
1.594578
1.582914
1.582914
1.592016
1.592016
1.583066
1.583066
1.593446
1.593446
1.585380
1.585380
1.597975
1.597975
1.597487
1.597487
1.577107
1.577107
1.594479
1.594479
1.587520
1.587520
1.583274
1.583274
1.597533
1.597533
1.598282
1.598282
1.586517
1.586517
1.596177
1.596177
1.592861
1.592861
1.588556
1.588556
1.585153
1.585153
1.582778
1.582778
1.572754
1.572754
1.592949
1.592949
1.587253
1.587253
1.597523
1.597523
1.603490
1.603490
1.585332
1.585332
1.601447
1.601447
1.592197
1.592197
1.583378
1.583378
1.578000
1.578000
1.594920
1.594920
1.586876
1.586876
1.585519
1.585519
1.588043
1.588043
1.586844
1.586844
1.589558
1.589558
1.590419
1.590419
1.584741
1.584741
1.591877
1.591877
1.583701
1.583701
1.592448
1.592448
1.575814
1.575814
1.595477
1.595477
1.578136
1.578136
1.584168
1.584168
1.586791
1.586791
1.580546
1.580546
1.586966
1.586966
1.584471
1.584471
1.584595
1.584595
1.588972
1.588972
1.580696
1.580696
1.594532
1.594532
1.576999
1.576999
1.589779
1.589779
1.586345
1.586345
1.582118
1.582118
1.585965
1.585965
1.593941
1.593941
1.590065
1.590065
1.581892
1.581892
1.585979
1.585979
1.588921
1.588921
1.590444
1.590444
1.577675
1.577675
1.583334
1.583334
1.588498
1.588498
1.584515
1.584515
1.577037
1.577037
1.582361
1.582361
1.586691
1.586691
1.580553
1.580553
1.584854
1.584854
1.579735
1.579735
1.586054
1.586054
1.587014
1.587014
1.580347
1.580347
1.580119
1.580119
1.591299
1.591299
1.582175
1.582175
1.581034
1.581034
1.588969
1.588969
1.582553
1.582553
1.584430
1.584430
1.589687
1.589687
1.578182
1.578182
1.590265
1.590265
1.582304
1.582304
1.583915
1.583915
1.588670
1.588670
1.579194
1.579194
1.587534
1.587534
1.585371
1.585371
1.577760
1.577760
1.575796
1.575796
1.579266
1.579266
1.589972
1.589972
1.573185
1.573185
1.575227
1.575227
1.569726
1.569726
1.571294
1.571294
1.577559
1.577559
1.576395
1.576395
1.574814
1.574814
1.572037
1.572037
1.568107
1.568107
1.569763
1.569763
1.573135
1.573135
1.568571
1.568571
1.581658
1.581658
1.572461
1.572461
1.572536
1.572536
1.556092
1.556092
1.576080
1.576080
1.569304
1.569304
1.563439
1.563439
1.564034
1.564034
1.567009
1.567009
1.576650
1.576650
1.564964
1.564964
1.556738
1.556738
1.566653
1.566653
1.574408
1.574408
1.567229
1.567229
1.562938
1.562938
1.568916
1.568916
1.565477
1.565477
1.556873
1.556873
1.569625
1.569625
1.559444
1.559444
1.560677
1.560677
1.561831
1.561831
1.571625
1.571625
1.555014
1.555014
1.568572
1.568572
1.566469
1.566469
1.562612
1.562612
1.557740
1.557740
1.557910
1.557910
1.570009
1.570009
1.549692
1.549692
1.551218
1.551218
1.574914
1.574914
1.567738
1.567738
1.567471
1.567471
1.569819
1.569819
1.561180
1.561180
1.565679
1.565679
1.550529
1.550529
1.557943
1.557943
1.568380
1.568380
1.561079
1.561079
1.555532
1.555532
1.558552
1.558552
1.558483
1.558483
1.557989
1.557989
1.557102
1.557102
1.561769
1.561769
1.565226
1.565226
1.556491
1.556491
1.557473
1.557473
1.560522
1.560522
1.561321
1.561321
1.562572
1.562572
1.553414
1.553414
1.560793
1.560793
1.565149
1.565149
1.561637
1.561637
1.550689
1.550689
1.556754
1.556754
1.555301
1.555301
1.560979
1.560979
1.557510
1.557510
1.558649
1.558649
1.563050
1.563050
1.564248
1.564248
1.555897
1.555897
1.559775
1.559775
1.564855
1.564855
1.544084
1.544084
1.561257
1.561257
1.567801
1.567801
1.548207
1.548207
1.558285
1.558285
1.554797
1.554797
1.562018
1.562018
1.556256
1.556256
1.561675
1.561675
1.553682
1.553682
1.555339
1.555339
1.550606
1.550606
1.558552
1.558552
1.558744
1.558744
1.553980
1.553980
1.569819
1.569819
1.553474
1.553474
1.571117
1.571117
1.550786
1.550786
1.557626
1.557626
1.552870
1.552870
1.550923
1.550923
1.560238
1.560238
1.559814
1.559814
1.557145
1.557145
1.557890
1.557890
1.556644
1.556644
1.556612
1.556612
1.554338
1.554338
1.564014
1.564014
1.551708
1.551708
1.560067
1.560067
1.558388
1.558388
1.552402
1.552402
1.558796
1.558796
1.553321
1.553321
1.557084
1.557084
1.564567
1.564567
1.549875
1.549875
1.559783
1.559783
1.551046
1.551046
1.559488
1.559488
1.555257
1.555257
1.554981
1.554981
1.559065
1.559065
1.555191
1.555191
1.563280
1.563280
1.553972
1.553972
1.544341
1.544341
1.561543
1.561543
1.563154
1.563154
1.568518
1.568518
1.554418
1.554418
1.555043
1.555043
1.556977
1.556977
1.546494
1.546494
1.552493
1.552493
1.554317
1.554317
1.557295
1.557295
1.566923
1.566923
1.551275
1.551275
1.554182
1.554182
1.561044
1.561044
1.557877
1.557877
1.558409
1.558409
1.550516
1.550516
1.560122
1.560122
1.554239
1.554239
1.556818
1.556818
1.553326
1.553326
1.561703
1.561703
1.549789
1.549789
1.560073
1.560073
1.563684
1.563684
1.556842
1.556842
1.555703
1.555703
1.553911
1.553911
1.559862
1.559862
1.555489
1.555489
1.563955
1.563955
1.552839
1.552839
1.564977
1.564977
1.562078
1.562078
1.553624
1.553624
1.551512
1.551512
1.554379
1.554379
1.565259
1.565259
1.558140
1.558140
1.555132
1.555132
1.554732
1.554732
1.552537
1.552537
1.551897
1.551897
1.562280
1.562280
1.556868
1.556868
1.559218
1.559218
1.556441
1.556441
1.555088
1.555088
1.566647
1.566647
1.549567
1.549567
1.557427
1.557427
1.559389
1.559389
1.549940
1.549940
1.557108
1.557108
1.558927
1.558927
1.561741
1.561741
1.563017
1.563017
1.544063
1.544063
1.558751
1.558751
1.563360
1.563360
1.561492
1.561492
1.563986
1.563986
1.558291
1.558291
1.555570
1.555570
1.552431
1.552431
1.563692
1.563692
1.560773
1.560773
1.556946
1.556946
1.548120
1.548120
1.567825
1.567825
1.558177
1.558177
1.558395
1.558395
1.557481
1.557481
1.558070
1.558070
1.565622
1.565622
1.556390
1.556390
1.548195
1.548195
1.562302
1.562302
1.552003
1.552003
1.558730
1.558730
1.557010
1.557010
1.557202
1.557202
1.557552
1.557552
1.554495
1.554495
1.553503
1.553503
1.567175
1.567175
1.552258
1.552258
1.551867
1.551867
1.560840
1.560840
1.560506
1.560506
1.555456
1.555456
1.556805
1.556805
1.558793
1.558793
1.551194
1.551194
1.554331
1.554331
1.558362
1.558362
1.564033
1.564033
1.564050
1.564050
1.554511
1.554511
1.553075
1.553075
1.554537
1.554537
1.558181
1.558181
1.567524
1.567524
1.556020
1.556020
1.555152
1.555152
1.558004
1.558004
1.542866
1.542866
1.554237
1.554237
1.554920
1.554920
1.563396
1.563396
1.550130
1.550130
1.562127
1.562127
1.557632
1.557632
1.552404
1.552404
1.550993
1.550993
1.565416
1.565416
1.556609
1.556609
1.556776
1.556776
1.560450
1.560450
1.561334
1.561334
1.553861
1.553861
1.548140
1.548140
1.550977
1.550977
1.563476
1.563476
1.562065
1.562065
1.551239
1.551239
1.554084
1.554084
1.563999
1.563999
1.561810
1.561810
1.547927
1.547927
1.555552
1.555552
1.551298
1.551298
1.561918
1.561918
1.556519
1.556519
1.557024
1.557024
1.559288
1.559288
1.543110
1.543110
1.559123
1.559123
1.555017
1.555017
1.555702
1.555702
1.559308
1.559308
1.549993
1.549993
1.557110
1.557110
1.551731
1.551731
1.557081
1.557081
1.554628
1.554628
1.561039
1.561039
1.567435
1.567435
1.557447
1.557447
1.548631
1.548631
1.550097
1.550097
1.556245
1.556245
1.544407
1.544407
1.558955
1.558955
1.562926
1.562926
1.550412
1.550412
1.565253
1.565253
1.548806
1.548806
1.551287
1.551287
1.550596
1.550596
1.558902
1.558902
1.574481
1.574481
1.551024
1.551024
1.551667
1.551667
1.560980
1.560980
1.555484
1.555484
1.560613
1.560613
1.558809
1.558809
1.557976
1.557976
1.552758
1.552758
1.549932
1.549932
1.559685
1.559685
1.552895
1.552895
1.565239
1.565239
1.546621
1.546621
1.563030
1.563030
1.547636
1.547636
1.556154
1.556154
1.553570
1.553570
1.554620
1.554620
1.561370
1.561370
1.549804
1.549804
1.558398
1.558398
1.567127
1.567127
1.553538
1.553538
1.547815
1.547815
1.547407
1.547407
1.557915
1.557915
1.560540
1.560540
1.548489
1.548489
1.550963
1.550963
1.558966
1.558966
1.554395
1.554395
1.553773
1.553773
1.564878
1.564878
1.552397
1.552397
1.547796
1.547796
1.558312
1.558312
1.561936
1.561936
1.551469
1.551469
1.555040
1.555040
1.545308
1.545308
1.553519
1.553519
1.544001
1.544001
1.563645
1.563645
1.562000
1.562000
1.550211
1.550211
1.558363
1.558363
1.552046
1.552046
1.549685
1.549685
1.556762
1.556762
1.558718
1.558718
1.542694
1.542694
1.553804
1.553804
1.554602
1.554602
1.573254
1.573254
1.548051
1.548051
1.556300
1.556300
1.561070
1.561070
1.545516
1.545516
1.552817
1.552817
1.559458
1.559458
1.559766
1.559766
1.557771
1.557771
1.555098
1.555098
1.550997
1.550997
1.547852
1.547852
1.549420
1.549420
1.564314
1.564314
1.554663
1.554663
1.550554
1.550554
1.553603
1.553603
1.559385
1.559385
1.554888
1.554888
1.553656
1.553656
1.552733
1.552733
1.550534
1.550534
1.552808
1.552808
1.550544
1.550544
1.560441
1.560441
1.554664
1.554664
1.552956
1.552956
1.565594
1.565594
1.543824
1.543824
1.560855
1.560855
1.550590
1.550590
1.549555
1.549555
1.548733
1.548733
1.550815
1.550815
1.556501
1.556501
1.557686
1.557686
1.559423
1.559423
1.554052
1.554052
1.550766
1.550766
1.556012
1.556012
1.560640
1.560640
1.549148
1.549148
1.545906
1.545906
1.559160
1.559160
1.556652
1.556652
1.558933
1.558933
1.551720
1.551720
1.553904
1.553904
1.552938
1.552938
1.557012
1.557012
1.555572
1.555572
1.553884
1.553884
1.548919
1.548919
1.550875
1.550875
1.552672
1.552672
1.566657
1.566657
1.554354
1.554354
1.550474
1.550474
1.549751
1.549751
1.559881
1.559881
1.548313
1.548313
1.568821
1.568821
1.556230
1.556230
1.560465
1.560465
1.553464
1.553464
1.550928
1.550928
1.550750
1.550750
1.554915
1.554915
1.561602
1.561602
1.545021
1.545021
1.552526
1.552526
1.559700
1.559700
1.552540
1.552540
1.546109
1.546109
1.564676
1.564676
1.559752
1.559752
1.546658
1.546658
1.561410
1.561410
1.552710
1.552710
1.553326
1.553326
1.555534
1.555534
1.547135
1.547135
1.553870
1.553870
1.566461
1.566461
1.553663
1.553663
1.543422
1.543422
1.555217
1.555217
1.555360
1.555360
1.558172
1.558172
1.557101
1.557101
1.555889
1.555889
1.544291
1.544291
1.557395
1.557395
1.551233
1.551233
1.545678
1.545678
1.571052
1.571052
1.547498
1.547498
1.561453
1.561453
1.553435
1.553435
1.552184
1.552184
1.557606
1.557606
1.548980
1.548980
1.554560
1.554560
1.555715
1.555715
1.551944
1.551944
1.556901
1.556901
1.556354
1.556354
1.556814
1.556814
1.556251
1.556251
1.557301
1.557301
1.551297
1.551297
1.551959
1.551959
1.545900
1.545900
1.553918
1.553918
1.558146
1.558146
1.552569
1.552569
1.566119
1.566119
1.554542
1.554542
1.560230
1.560230
1.553926
1.553926
1.554935
1.554935
1.546825
1.546825
1.545734
1.545734
1.552727
1.552727
1.561715
1.561715
1.555519
1.555519
1.556631
1.556631
1.555638
1.555638
1.556884
1.556884
1.557558
1.557558
1.547033
1.547033
1.553654
1.553654
1.544896
1.544896
1.549209
1.549209
1.557925
1.557925
1.561691
1.561691
1.557305
1.557305
1.557653
1.557653
1.553251
1.553251
1.555230
1.555230
1.551652
1.551652
1.550950
1.550950
1.554300
1.554300
1.543410
1.543410
1.568426
1.568426
1.551447
1.551447
1.550624
1.550624
1.549584
1.549584
1.556659
1.556659
1.551843
1.551843
1.545720
1.545720
1.568939
1.568939
1.549796
1.549796
1.546167
1.546167
1.557577
1.557577
1.557496
1.557496
1.558115
1.558115
1.555365
1.555365
1.550303
1.550303
1.542968
1.542968
1.559708
1.559708
1.560818
1.560818
1.552703
1.552703
1.550905
1.550905
1.553860
1.553860
1.559214
1.559214
1.548308
1.548308
1.543313
1.543313
1.550586
1.550586
1.552429
1.552429
1.564024
1.564024
1.556578
1.556578
1.558086
1.558086
1.555776
1.555776
1.555192
1.555192
1.547586
1.547586
1.547294
1.547294
1.545128
1.545128
1.558148
1.558148
1.534018
1.534018
1.572135
1.572135
1.556716
1.556716
1.555702
1.555702
1.553877
1.553877
1.549068
1.549068
1.549112
1.549112
1.558343
1.558343
1.542150
1.542150
1.556631
1.556631
1.559352
1.559352
1.555345
1.555345
1.549448
1.549448
1.555040
1.555040
1.552685
1.552685
1.555630
1.555630
1.547559
1.547559
1.551913
1.551913
1.551214
1.551214
1.551745
1.551745
1.551184
1.551184
1.550440
1.550440
1.559675
1.559675
1.538254
1.538254
1.548165
1.548165
1.562665
1.562665
1.560332
1.560332
1.552194
1.552194
1.545254
1.545254
1.553639
1.553639
1.553300
1.553300
1.555193
1.555193
1.554614
1.554614
1.543984
1.543984
1.562871
1.562871
1.541947
1.541947
1.559025
1.559025
1.553958
1.553958
1.555473
1.555473
1.554946
1.554946
1.552578
1.552578
1.550077
1.550077
1.546720
1.546720
1.546313
1.546313
1.555439
1.555439
1.555352
1.555352
1.556793
1.556793
1.545307
1.545307
1.543979
1.543979
1.554370
1.554370
1.563691
1.563691
1.550732
1.550732
1.547034
1.547034
1.548563
1.548563
1.554675
1.554675
1.548681
1.548681
1.566195
1.566195
1.539749
1.539749
1.555507
1.555507
1.549452
1.549452
1.560351
1.560351
1.547080
1.547080
1.547609
1.547609
1.558743
1.558743
1.556315
1.556315
1.547877
1.547877
1.549329
1.549329
1.547992
1.547992
1.561800
1.561800
1.552919
1.552919
1.543745
1.543745
1.550969
1.550969
1.552468
1.552468
1.553171
1.553171
1.547495
1.547495
1.559448
1.559448
1.548852
1.548852
1.554264
1.554264
1.559178
1.559178
1.543848
1.543848
1.561738
1.561738
1.549652
1.549652
1.547312
1.547312
1.547796
1.547796
1.555970
1.555970
1.552588
1.552588
1.551646
1.551646
1.556381
1.556381
1.552408
1.552408
1.563527
1.563527
1.544426
1.544426
1.548091
1.548091
1.555461
1.555461
1.556530
1.556530
1.548851
1.548851
1.551277
1.551277
1.551044
1.551044
1.555688
1.555688
1.559290
1.559290
1.547806
1.547806
1.551382
1.551382
1.556767
1.556767
1.544190
1.544190
1.554915
1.554915
1.543023
1.543023
1.556876
1.556876
1.558457
1.558457
1.545661
1.545661
1.553547
1.553547
1.552783
1.552783
1.546905
1.546905
1.556157
1.556157
1.550136
1.550136
1.537421
1.537421
1.550789
1.550789
1.562227
1.562227
1.557309
1.557309
1.551597
1.551597
1.557295
1.557295
1.541480
1.541480
1.554623
1.554623
1.545340
1.545340
1.563540
1.563540
1.561816
1.561816
1.556493
1.556493
1.539899
1.539899
1.551458
1.551458
1.548637
1.548637
1.555837
1.555837
1.563051
1.563051
1.551277
1.551277
1.540810
1.540810
1.547458
1.547458
1.547934
1.547934
1.556490
1.556490
1.553162
1.553162
1.554469
1.554469
1.546044
1.546044
1.562362
1.562362
1.553521
1.553521
1.546114
1.546114
1.547972
1.547972
1.548517
1.548517
1.556664
1.556664
1.549153
1.549153
1.552597
1.552597
1.550956
1.550956
1.548514
1.548514
1.555923
1.555923
1.545462
1.545462
1.559982
1.559982
1.546607
1.546607
1.549964
1.549964
1.549036
1.549036
1.551976
1.551976
1.551292
1.551292
1.551022
1.551022
1.556628
1.556628
1.552307
1.552307
1.552882
1.552882
1.558815
1.558815
1.545827
1.545827
1.548126
1.548126
1.558298
1.558298
1.541547
1.541547
1.563732
1.563732
1.550662
1.550662
1.541827
1.541827
1.549451
1.549451
1.559370
1.559370
1.547586
1.547586
1.549325
1.549325
1.554067
1.554067
1.562493
1.562493
1.548431
1.548431
1.548942
1.548942
1.549968
1.549968
1.549534
1.549534
1.555026
1.555026
1.557403
1.557403
1.553158
1.553158
1.547045
1.547045
1.546200
1.546200
1.550371
1.550371
1.552221
1.552221
1.545450
1.545450
1.551006
1.551006
1.564762
1.564762
1.557517
1.557517
1.555353
1.555353
1.543804
1.543804
1.558011
1.558011
1.542659
1.542659
1.548045
1.548045
1.567838
1.567838
1.543985
1.543985
1.550394
1.550394
1.547621
1.547621
1.543578
1.543578
1.565456
1.565456
1.549642
1.549642
1.548811
1.548811
1.550313
1.550313
1.553983
1.553983
1.542373
1.542373
1.555029
1.555029
1.553579
1.553579
1.552445
1.552445
1.548714
1.548714
1.552541
1.552541
1.551002
1.551002
1.550282
1.550282
1.554424
1.554424
1.543380
1.543380
1.547189
1.547189
1.558311
1.558311
1.554652
1.554652
1.551737
1.551737
1.545029
1.545029
1.552964
1.552964
1.555360
1.555360
1.543196
1.543196
1.560090
1.560090
1.546510
1.546510
1.557644
1.557644
1.550305
1.550305
1.554778
1.554778
1.541483
1.541483
1.549207
1.549207
1.547666
1.547666
1.552167
1.552167
1.546661
1.546661
1.558897
1.558897
1.543726
1.543726
1.554154
1.554154
1.553757
1.553757
1.556581
1.556581
1.541199
1.541199
1.542239
1.542239
1.560368
1.560368
1.557099
1.557099
1.543404
1.543404
1.547660
1.547660
1.543691
1.543691
1.545240
1.545240
1.550729
1.550729
1.553406
1.553406
1.560714
1.560714
1.549505
1.549505
1.555761
1.555761
1.560924
1.560924
1.541797
1.541797
1.539393
1.539393
1.542418
1.542418
1.553666
1.553666
1.552590
1.552590
1.546711
1.546711
1.555896
1.555896
1.546085
1.546085
1.553163
1.553163
1.550480
1.550480
1.548001
1.548001
1.552123
1.552123
1.556849
1.556849
1.545973
1.545973
1.553755
1.553755
1.543179
1.543179
1.548600
1.548600
1.551596
1.551596
1.547817
1.547817
1.554716
1.554716
1.545305
1.545305
1.548204
1.548204
1.548650
1.548650
1.551112
1.551112
1.556074
1.556074
1.542395
1.542395
1.550062
1.550062
1.555153
1.555153
1.541973
1.541973
1.552775
1.552775
1.552423
1.552423
1.545520
1.545520
1.546722
1.546722
1.541611
1.541611
1.552199
1.552199
1.557394
1.557394
1.551816
1.551816
1.549528
1.549528
1.552659
1.552659
1.553355
1.553355
1.545065
1.545065
1.547732
1.547732
1.548337
1.548337
1.542773
1.542773
1.559392
1.559392
1.551143
1.551143
1.546142
1.546142
1.551675
1.551675
1.547012
1.547012
1.548824
1.548824
1.545490
1.545490
1.557611
1.557611
1.546777
1.546777
1.552094
1.552094
1.545569
1.545569
1.559366
1.559366
1.542316
1.542316
1.548958
1.548958
1.554164
1.554164
1.555447
1.555447
1.548923
1.548923
1.536949
1.536949
1.548084
1.548084
1.554632
1.554632
1.545813
1.545813
1.550917
1.550917
1.547633
1.547633
1.534407
1.534407
1.555999
1.555999
1.551182
1.551182
1.555353
1.555353
1.550821
1.550821
1.553934
1.553934
1.542878
1.542878
1.552367
1.552367
1.551144
1.551144
1.545725
1.545725
1.555405
1.555405
1.542867
1.542867
1.546326
1.546326
1.549996
1.549996
1.552849
1.552849
1.549535
1.549535
1.550422
1.550422
1.550352
1.550352
1.547132
1.547132
1.548005
1.548005
1.550152
1.550152
1.542620
1.542620
1.547610
1.547610
1.550420
1.550420
1.556124
1.556124
1.546339
1.546339
1.552937
1.552937
1.545522
1.545522
1.546161
1.546161
1.555142
1.555142
1.544399
1.544399
1.547121
1.547121
1.554546
1.554546
1.548918
1.548918
1.549927
1.549927
1.549776
1.549776
1.548862
1.548862
1.555604
1.555604
1.545657
1.545657
1.543078
1.543078
1.549095
1.549095
1.551778
1.551778
1.548632
1.548632
1.547449
1.547449
1.546588
1.546588
1.555528
1.555528
1.554567
1.554567
1.545702
1.545702
1.542818
1.542818
1.543452
1.543452
1.548499
1.548499
1.547280
1.547280
1.543658
1.543658
1.552709
1.552709
1.551353
1.551353
1.542359
1.542359
1.541314
1.541314
1.552803
1.552803
1.558299
1.558299
1.546849
1.546849
1.549447
1.549447
1.551993
1.551993
1.549928
1.549928
1.543905
1.543905
1.545542
1.545542
1.550101
1.550101
1.545139
1.545139
1.548085
1.548085
1.550489
1.550489
1.548269
1.548269
1.551992
1.551992
1.549785
1.549785
1.541568
1.541568
1.551062
1.551062
1.548068
1.548068
1.545768
1.545768
1.551446
1.551446
1.553451
1.553451
1.545546
1.545546
1.546122
1.546122
1.542340
1.542340
1.551299
1.551299
1.541474
1.541474
1.555347
1.555347
1.554681
1.554681
1.546324
1.546324
1.552999
1.552999
1.546917
1.546917
1.550149
1.550149
1.546503
1.546503
1.550267
1.550267
1.543209
1.543209
1.556192
1.556192
1.551340
1.551340
1.539680
1.539680
1.553838
1.553838
1.541976
1.541976
1.547432
1.547432
1.553451
1.553451
1.545735
1.545735
1.551504
1.551504
1.544336
1.544336
1.546976
1.546976
1.555768
1.555768
1.543031
1.543031
1.556409
1.556409
1.554973
1.554973
1.542355
1.542355
1.548017
1.548017
1.538489
1.538489
1.552934
1.552934
1.558039
1.558039
1.546321
1.546321
1.542175
1.542175
1.541563
1.541563
1.539576
1.539576
1.550311
1.550311
1.548893
1.548893
1.549902
1.549902
1.555979
1.555979
1.542630
1.542630
1.553034
1.553034
1.552774
1.552774
1.549089
1.549089
1.543469
1.543469
1.552389
1.552389
1.543850
1.543850
1.552784
1.552784
1.551771
1.551771
1.538330
1.538330
1.536394
1.536394
1.553172
1.553172
1.546214
1.546214
1.563671
1.563671
1.539427
1.539427
1.552712
1.552712
1.553716
1.553716
1.541272
1.541272
1.545040
1.545040
1.547755
1.547755
1.541010
1.541010
1.543519
1.543519
1.545308
1.545308
1.554068
1.554068
1.559087
1.559087
1.534569
1.534569
1.555352
1.555352
1.547907
1.547907
1.553730
1.553730
1.547988
1.547988
1.537896
1.537896
1.549749
1.549749
1.546692
1.546692
1.551529
1.551529
1.555544
1.555544
1.553944
1.553944
1.544949
1.544949
1.547329
1.547329
1.545797
1.545797
1.546378
1.546378
1.544914
1.544914
1.551334
1.551334
1.546439
1.546439
1.547080
1.547080
1.548625
1.548625
1.551480
1.551480
1.544915
1.544915
1.549011
1.549011
1.542831
1.542831
1.549908
1.549908
1.545932
1.545932
1.548110
1.548110
1.546863
1.546863
1.548558
1.548558
1.547421
1.547421
1.547114
1.547114
1.543308
1.543308
1.548504
1.548504
1.542365
1.542365
1.557751
1.557751
1.557600
1.557600
1.548764
1.548764
1.535041
1.535041
1.554547
1.554547
1.536529
1.536529
1.557943
1.557943
1.550396
1.550396
1.527358
1.527358
1.547187
1.547187
1.553679
1.553679
1.544512
1.544512
1.553705
1.553705
1.542090
1.542090
1.540747
1.540747
1.555300
1.555300
1.550054
1.550054
1.549626
1.549626
1.551030
1.551030
1.540835
1.540835
1.540001
1.540001
1.540797
1.540797
1.542278
1.542278
1.550927
1.550927
1.550006
1.550006
1.549590
1.549590
1.542606
1.542606
1.546094
1.546094
1.544558
1.544558
1.555983
1.555983
1.541669
1.541669
1.544938
1.544938
1.546076
1.546076
1.545803
1.545803
1.547445
1.547445
1.547799
1.547799
1.544019
1.544019
1.545427
1.545427
1.549304
1.549304
1.550021
1.550021
1.542165
1.542165
1.546057
1.546057
1.540789
1.540789
1.559461
1.559461
1.538597
1.538597
1.547901
1.547901
1.548466
1.548466
1.548073
1.548073
1.545765
1.545765
1.540209
1.540209
1.551295
1.551295
1.538953
1.538953
1.547690
1.547690
1.556387
1.556387
1.539892
1.539892
1.550671
1.550671
1.556046
1.556046
1.545509
1.545509
1.537259
1.537259
1.548335
1.548335
1.544468
1.544468
1.545869
1.545869
1.537641
1.537641
1.546827
1.546827
1.551914
1.551914
1.551127
1.551127
1.545088
1.545088
1.548477
1.548477
1.545004
1.545004
1.548971
1.548971
1.544140
1.544140
1.544802
1.544802
1.548339
1.548339
1.544970
1.544970
1.543306
1.543306
1.552631
1.552631
1.544097
1.544097
1.551119
1.551119
1.542884
1.542884
1.550320
1.550320
1.542840
1.542840
1.541725
1.541725
1.549667
1.549667
1.555778
1.555778
1.534158
1.534158
1.552387
1.552387
1.545713
1.545713
1.552856
1.552856
1.545800
1.545800
1.538779
1.538779
1.549504
1.549504
1.541947
1.541947
1.540388
1.540388
1.550053
1.550053
1.554571
1.554571
1.543848
1.543848
1.544648
1.544648
1.544379
1.544379
1.552097
1.552097
1.547442
1.547442
1.541550
1.541550
1.543722
1.543722
1.543999
1.543999
1.538739
1.538739
1.546817
1.546817
1.562610
1.562610
1.542820
1.542820
1.547705
1.547705
1.541328
1.541328
1.555685
1.555685
1.542858
1.542858
1.550846
1.550846
1.549442
1.549442
1.538974
1.538974
1.548494
1.548494
1.542615
1.542615
1.546546
1.546546
1.549772
1.549772
1.544529
1.544529
1.542928
1.542928
1.548883
1.548883
1.550979
1.550979
1.552305
1.552305
1.545647
1.545647
1.539916
1.539916
1.542113
1.542113
1.535208
1.535208
1.549861
1.549861
1.549350
1.549350
1.551595
1.551595
1.545858
1.545858
1.554216
1.554216
1.555335
1.555335
1.540465
1.540465
1.540581
1.540581
1.539382
1.539382
1.542970
1.542970
1.552505
1.552505
1.548922
1.548922
1.538045
1.538045
1.550411
1.550411
1.539304
1.539304
1.549577
1.549577
1.552870
1.552870
1.544535
1.544535
1.544834
1.544834
1.549909
1.549909
1.552008
1.552008
1.546092
1.546092
1.537791
1.537791
1.545370
1.545370
1.542754
1.542754
1.552770
1.552770
1.544637
1.544637
1.544038
1.544038
1.547270
1.547270
1.536422
1.536422
1.548516
1.548516
1.541021
1.541021
1.549665
1.549665
1.558894
1.558894
1.536009
1.536009
1.540796
1.540796
1.548386
1.548386
1.549259
1.549259
1.560456
1.560456
1.541041
1.541041
1.546692
1.546692
1.542576
1.542576
1.547102
1.547102
1.556349
1.556349
1.546649
1.546649
1.548869
1.548869
1.547920
1.547920
1.548416
1.548416
1.536109
1.536109
1.552701
1.552701
1.542062
1.542062
1.541979
1.541979
1.544447
1.544447
1.549985
1.549985
1.542291
1.542291
1.547687
1.547687
1.547850
1.547850
1.546896
1.546896
1.544315
1.544315
1.539377
1.539377
1.556156
1.556156
1.547528
1.547528
1.541158
1.541158
1.544222
1.544222
1.549232
1.549232
1.536315
1.536315
1.540624
1.540624
1.556871
1.556871
1.544922
1.544922
1.541910
1.541910
1.548763
1.548763
1.550398
1.550398
1.545871
1.545871
1.539008
1.539008
1.537560
1.537560
1.546284
1.546284
1.556920
1.556920
1.545891
1.545891
1.539232
1.539232
1.551449
1.551449
1.546176
1.546176
1.544919
1.544919
1.541699
1.541699
1.542165
1.542165
1.550888
1.550888
1.542717
1.542717
1.541511
1.541511
1.546481
1.546481
1.545097
1.545097
1.538615
1.538615
1.542316
1.542316
1.543100
1.543100
1.556378
1.556378
1.545802
1.545802
1.542725
1.542725
1.551756
1.551756
1.534531
1.534531
1.548754
1.548754
1.549134
1.549134
1.549854
1.549854
1.535848
1.535848
1.543513
1.543513
1.544878
1.544878
1.553897
1.553897
1.550052
1.550052
1.539046
1.539046
1.542733
1.542733
1.537313
1.537313
1.560052
1.560052
1.549073
1.549073
1.540275
1.540275
1.546220
1.546220
1.543091
1.543091
1.546257
1.546257
1.540488
1.540488
1.543331
1.543331
1.540346
1.540346
1.552725
1.552725
1.548053
1.548053
1.535185
1.535185
1.550741
1.550741
1.541833
1.541833
1.550864
1.550864
1.545941
1.545941
1.555148
1.555148
1.544303
1.544303
1.546127
1.546127
1.533911
1.533911
1.544782
1.544782
1.546822
1.546822
1.545403
1.545403
1.543931
1.543931
1.543990
1.543990
1.543662
1.543662
1.550635
1.550635
1.542284
1.542284
1.545117
1.545117
1.540426
1.540426
1.545775
1.545775
1.532613
1.532613
1.541811
1.541811
1.544658
1.544658
1.549818
1.549818
1.558657
1.558657
1.547451
1.547451
1.551062
1.551062
1.547535
1.547535
1.539708
1.539708
1.535925
1.535925
1.549373
1.549373
1.536465
1.536465
1.547954
1.547954
1.553110
1.553110
1.534598
1.534598
1.548305
1.548305
1.543260
1.543260
1.541281
1.541281
1.554396
1.554396
1.534143
1.534143
1.534108
1.534108
1.549044
1.549044
1.543179
1.543179
1.551747
1.551747
1.546519
1.546519
1.539681
1.539681
1.537232
1.537232
1.549609
1.549609
1.548806
1.548806
1.549685
1.549685
1.542080
1.542080
1.557357
1.557357
1.539064
1.539064
1.545748
1.545748
1.536560
1.536560
1.540244
1.540244
1.544133
1.544133
1.548423
1.548423
1.543178
1.543178
1.546996
1.546996
1.548483
1.548483
1.550275
1.550275
1.544535
1.544535
1.537511
1.537511
1.539815
1.539815
1.541279
1.541279
1.542131
1.542131
1.558321
1.558321
1.542679
1.542679
1.534267
1.534267
1.549801
1.549801
1.547924
1.547924
1.548539
1.548539
1.531960
1.531960
1.543756
1.543756
1.547210
1.547210
1.548727
1.548727
1.538228
1.538228
1.545690
1.545690
1.544159
1.544159
1.536060
1.536060
1.544296
1.544296
1.551499
1.551499
1.545833
1.545833
1.548589
1.548589
1.530559
1.530559
1.559575
1.559575
1.532993
1.532993
1.549578
1.549578
1.556211
1.556211
1.549724
1.549724
1.557506
1.557506
1.545142
1.545142
1.531328
1.531328
1.541202
1.541202
1.548913
1.548913
1.545058
1.545058
1.547997
1.547997
1.545774
1.545774
1.535513
1.535513
1.551325
1.551325
1.548963
1.548963
1.545295
1.545295
1.539796
1.539796
1.538535
1.538535
1.539001
1.539001
1.550280
1.550280
1.547094
1.547094
1.546276
1.546276
1.541875
1.541875
1.546841
1.546841
1.548535
1.548535
1.542948
1.542948
1.536970
1.536970
1.551425
1.551425
1.550654
1.550654
1.538989
1.538989
1.538220
1.538220
1.548609
1.548609
1.550046
1.550046
1.543714
1.543714
1.542110
1.542110
1.549006
1.549006
1.543469
1.543469
1.547209
1.547209
1.545992
1.545992
1.540934
1.540934
1.548307
1.548307
1.545927
1.545927
1.542670
1.542670
1.538735
1.538735
1.546331
1.546331
1.543466
1.543466
1.548895
1.548895
1.547081
1.547081
1.534613
1.534613
1.550714
1.550714
1.547443
1.547443
1.541912
1.541912
1.550021
1.550021
1.547633
1.547633
1.546130
1.546130
1.550505
1.550505
1.538507
1.538507
1.537840
1.537840
1.532518
1.532518
1.552266
1.552266
1.540606
1.540606
1.548160
1.548160
1.549473
1.549473
1.546315
1.546315
1.536967
1.536967
1.542405
1.542405
1.542735
1.542735
1.555545
1.555545
1.536255
1.536255
1.537590
1.537590
1.548603
1.548603
1.548169
1.548169
1.551588
1.551588
1.539192
1.539192
1.542797
1.542797
1.541582
1.541582
1.546725
1.546725
1.551062
1.551062
1.538032
1.538032
1.550394
1.550394
1.544626
1.544626
1.541278
1.541278
1.544853
1.544853
1.547783
1.547783
1.534682
1.534682
1.544307
1.544307
1.540695
1.540695
1.554556
1.554556
1.542005
1.542005
1.543748
1.543748
1.545373
1.545373
1.547935
1.547935
1.539042
1.539042
1.548507
1.548507
1.543773
1.543773
1.541739
1.541739
1.542133
1.542133
1.543119
1.543119
1.549186
1.549186
1.544734
1.544734
1.538672
1.538672
1.541872
1.541872
1.545148
1.545148
1.549717
1.549717
1.548110
1.548110
1.545567
1.545567
1.535450
1.535450
1.538625
1.538625
1.539075
1.539075
1.547534
1.547534
1.551391
1.551391
1.541534
1.541534
1.537176
1.537176
1.545480
1.545480
1.544134
1.544134
1.541590
1.541590
1.550373
1.550373
1.533909
1.533909
1.541449
1.541449
1.539061
1.539061
1.547710
1.547710
1.547608
1.547608
1.541431
1.541431
1.540918
1.540918
1.545513
1.545513
1.545034
1.545034
1.540127
1.540127
1.546624
1.546624
1.546722
1.546722
1.540638
1.540638
1.544602
1.544602
1.547958
1.547958
1.534348
1.534348
1.550223
1.550223
1.544938
1.544938
1.538693
1.538693
1.545556
1.545556
1.534410
1.534410
1.549650
1.549650
1.546312
1.546312
1.533620
1.533620
1.548933
1.548933
1.535283
1.535283
1.539216
1.539216
1.550855
1.550855
1.545070
1.545070
1.537454
1.537454
1.543174
1.543174
1.548520
1.548520
1.543503
1.543503
1.538900
1.538900
1.539098
1.539098
1.546453
1.546453
1.539253
1.539253
1.549308
1.549308
1.543154
1.543154
1.540302
1.540302
1.543338
1.543338
1.550676
1.550676
1.541179
1.541179
1.544822
1.544822
1.538422
1.538422
1.538541
1.538541
1.543572
1.543572
1.544310
1.544310
1.538929
1.538929
1.537479
1.537479
1.552750
1.552750
1.536197
1.536197
1.537009
1.537009
1.544171
1.544171
1.549520
1.549520
1.548913
1.548913
1.545145
1.545145
1.534286
1.534286
1.545559
1.545559
1.542199
1.542199
1.549423
1.549423
1.545409
1.545409
1.542802
1.542802
1.544394
1.544394
1.541279
1.541279
1.540917
1.540917
1.539161
1.539161
1.541822
1.541822
1.543587
1.543587
1.542133
1.542133
1.550959
1.550959
1.539830
1.539830
1.544964
1.544964
1.543203
1.543203
1.544049
1.544049
1.543697
1.543697
1.537601
1.537601
1.540261
1.540261
1.545720
1.545720
1.547265
1.547265
1.545570
1.545570
1.546706
1.546706
1.543584
1.543584
1.539317
1.539317
1.548732
1.548732
1.535442
1.535442
1.550974
1.550974
1.530462
1.530462
1.545469
1.545469
1.537180
1.537180
1.554844
1.554844
1.539520
1.539520
1.545109
1.545109
1.545579
1.545579
1.539332
1.539332
1.547153
1.547153
1.549527
1.549527
1.537531
1.537531
1.548818
1.548818
1.541630
1.541630
1.535717
1.535717
1.533140
1.533140
1.539193
1.539193
1.555655
1.555655
1.546724
1.546724
1.539021
1.539021
1.539762
1.539762
1.533809
1.533809
1.552568
1.552568
1.541138
1.541138
1.548596
1.548596
1.534325
1.534325
1.543342
1.543342
1.551432
1.551432
1.549045
1.549045
1.532862
1.532862
1.541500
1.541500
1.543934
1.543934
1.539783
1.539783
1.550285
1.550285
1.535815
1.535815
1.550834
1.550834
1.538243
1.538243
1.543471
1.543471
1.543200
1.543200
1.534889
1.534889
1.545245
1.545245
1.550061
1.550061
1.541427
1.541427
1.543488
1.543488
1.528275
1.528275
1.538391
1.538391
1.542049
1.542049
1.541932
1.541932
1.538857
1.538857
1.554127
1.554127
1.544000
1.544000
1.545682
1.545682
1.539567
1.539567
1.541297
1.541297
1.540925
1.540925
1.535013
1.535013
1.538512
1.538512
1.540163
1.540163
1.558173
1.558173
1.538552
1.538552
1.544019
1.544019
1.535896
1.535896
1.543223
1.543223
1.546739
1.546739
1.540546
1.540546
1.544603
1.544603
1.547676
1.547676
1.537654
1.537654
1.535616
1.535616
1.545793
1.545793
1.548062
1.548062
1.539315
1.539315
1.531484
1.531484
1.549633
1.549633
1.540900
1.540900
1.545306
1.545306
1.533720
1.533720
1.544393
1.544393
1.535940
1.535940
1.552797
1.552797
1.537291
1.537291
1.544801
1.544801
1.544456
1.544456
1.545532
1.545532
1.534912
1.534912
1.535855
1.535855
1.542090
1.542090
1.546341
1.546341
1.549927
1.549927
1.531819
1.531819
1.536293
1.536293
1.545803
1.545803
1.544850
1.544850
1.542342
1.542342
1.538337
1.538337
1.544627
1.544627
1.538502
1.538502
1.538797
1.538797
1.547987
1.547987
1.537489
1.537489
1.533822
1.533822
1.538317
1.538317
1.539494
1.539494
1.551513
1.551513
1.548364
1.548364
1.537833
1.537833
1.539251
1.539251
1.542848
1.542848
1.544469
1.544469
1.547964
1.547964
1.542631
1.542631
1.541261
1.541261
1.549650
1.549650
1.533873
1.533873
1.544323
1.544323
1.538039
1.538039
1.534138
1.534138
1.539323
1.539323
1.551242
1.551242
1.550577
1.550577
1.540215
1.540215
1.549229
1.549229
1.545546
1.545546
1.534084
1.534084
1.541488
1.541488
1.549567
1.549567
1.536287
1.536287
1.539247
1.539247
1.540741
1.540741
1.545346
1.545346
1.543168
1.543168
1.544032
1.544032
1.539860
1.539860
1.542286
1.542286
1.539793
1.539793
1.552000
1.552000
1.535278
1.535278
1.539396
1.539396
1.538039
1.538039
1.545454
1.545454
1.541906
1.541906
1.534870
1.534870
1.545316
1.545316
1.538273
1.538273
1.550896
1.550896
1.539566
1.539566
1.534588
1.534588
1.541310
1.541310
1.548009
1.548009
1.546430
1.546430
1.540620
1.540620
1.546122
1.546122
1.536223
1.536223
1.542719
1.542719
1.544065
1.544065
1.537394
1.537394
1.551027
1.551027
1.540961
1.540961
1.536848
1.536848
1.544986
1.544986
1.544839
1.544839
1.538989
1.538989
1.540924
1.540924
1.543608
1.543608
1.544058
1.544058
1.548923
1.548923
1.541628
1.541628
1.538803
1.538803
1.540192
1.540192
1.543782
1.543782
1.542006
1.542006
1.541946
1.541946
1.542060
1.542060
1.546953
1.546953
1.539563
1.539563
1.553154
1.553154
1.542066
1.542066
1.543747
1.543747
1.537374
1.537374
1.534686
1.534686
1.552089
1.552089
1.539384
1.539384
1.533152
1.533152
1.540955
1.540955
1.548902
1.548902
1.538177
1.538177
1.543081
1.543081
1.542190
1.542190
1.536330
1.536330
1.556119
1.556119
1.537765
1.537765
1.542145
1.542145
1.543471
1.543471
1.542342
1.542342
1.547061
1.547061
1.543316
1.543316
1.545300
1.545300
1.541693
1.541693
1.544402
1.544402
1.533634
1.533634
1.543941
1.543941
1.543018
1.543018
1.547693
1.547693
1.532330
1.532330
1.544161
1.544161
1.547215
1.547215
1.539998
1.539998
1.540111
1.540111
1.535113
1.535113
1.551415
1.551415
1.543023
1.543023
1.538944
1.538944
1.535994
1.535994
1.555341
1.555341
1.536723
1.536723
1.543525
1.543525
1.531976
1.531976
1.543547
1.543547
1.542804
1.542804
1.552393
1.552393
1.534241
1.534241
1.547233
1.547233
1.546842
1.546842
1.537447
1.537447
1.546778
1.546778
1.547705
1.547705
1.541630
1.541630
1.537283
1.537283
1.539799
1.539799
1.545429
1.545429
1.543263
1.543263
1.536707
1.536707
1.543659
1.543659
1.536672
1.536672
1.553455
1.553455
1.537866
1.537866
1.544583
1.544583
1.543568
1.543568
1.545317
1.545317
1.538050
1.538050
1.539430
1.539430
1.547581
1.547581
1.534609
1.534609
1.539051
1.539051
1.552180
1.552180
1.543474
1.543474
1.539609
1.539609
1.548348
1.548348
1.545587
1.545587
1.528752
1.528752
1.530946
1.530946
1.553506
1.553506
1.539156
1.539156
1.541448
1.541448
1.544251
1.544251
1.546353
1.546353
1.535381
1.535381
1.535143
1.535143
1.548369
1.548369
1.543156
1.543156
1.536675
1.536675
1.547881
1.547881
1.544718
1.544718
1.532929
1.532929
1.546583
1.546583
1.532330
1.532330
1.551142
1.551142
1.536632
1.536632
1.543851
1.543851
1.543323
1.543323
1.532209
1.532209
1.536513
1.536513
1.542037
1.542037
1.548420
1.548420
1.549208
1.549208
1.542714
1.542714
1.536064
1.536064
1.540113
1.540113
1.554112
1.554112
1.530918
1.530918
1.544459
1.544459
1.540204
1.540204
1.540082
1.540082
1.541932
1.541932
1.540748
1.540748
1.544433
1.544433
1.546688
1.546688
1.535331
1.535331
1.535915
1.535915
1.547154
1.547154
1.536081
1.536081
1.544032
1.544032
1.541188
1.541188
1.542486
1.542486
1.545311
1.545311
1.548276
1.548276
1.538712
1.538712
1.546798
1.546798
1.540234
1.540234
1.531068
1.531068
1.534173
1.534173
1.554531
1.554531
1.542937
1.542937
1.540425
1.540425
1.533131
1.533131
1.542834
1.542834
1.553835
1.553835
1.534768
1.534768
1.535114
1.535114
1.539996
1.539996
1.545594
1.545594
1.541590
1.541590
1.545811
1.545811
1.537356
1.537356
1.533909
1.533909
1.540527
1.540527
1.545871
1.545871
1.539948
1.539948
1.544690
1.544690
1.533129
1.533129
1.547662
1.547662
1.536550
1.536550
1.536431
1.536431
1.544049
1.544049
1.542252
1.542252
1.554860
1.554860
1.538812
1.538812
1.534427
1.534427
1.538373
1.538373
1.539522
1.539522
1.542744
1.542744
1.542645
1.542645
1.541525
1.541525
1.538809
1.538809
1.540086
1.540086
1.542816
1.542816
1.536678
1.536678
1.543048
1.543048
1.540405
1.540405
1.543851
1.543851
1.543364
1.543364
1.538969
1.538969
1.537089
1.537089
1.549452
1.549452
1.535487
1.535487
1.536551
1.536551
1.539774
1.539774
1.536355
1.536355
1.547855
1.547855
1.546751
1.546751
1.543948
1.543948
1.542908
1.542908
1.543769
1.543769
1.537051
1.537051
1.536517
1.536517
1.533176
1.533176
1.548949
1.548949
1.530924
1.530924
1.555721
1.555721
1.534394
1.534394
1.539068
1.539068
1.542918
1.542918
1.533571
1.533571
1.545878
1.545878
1.544147
1.544147
1.538073
1.538073
1.547553
1.547553
1.540361
1.540361
1.543385
1.543385
1.532764
1.532764
1.549550
1.549550
1.532210
1.532210
1.538742
1.538742
1.540228
1.540228
1.545241
1.545241
1.539222
1.539222
1.550174
1.550174
1.530020
1.530020
1.542657
1.542657
1.544005
1.544005
1.531711
1.531711
1.545187
1.545187
1.546543
1.546543
1.540195
1.540195
1.542026
1.542026
1.545684
1.545684
1.536617
1.536617
1.540489
1.540489
1.533837
1.533837
1.551325
1.551325
1.537377
1.537377
1.538559
1.538559
1.539547
1.539547
1.542283
1.542283
1.549137
1.549137
1.539140
1.539140
1.543840
1.543840
1.543996
1.543996
1.539883
1.539883
1.535787
1.535787
1.541878
1.541878
1.546647
1.546647
1.539354
1.539354
1.535539
1.535539
1.540035
1.540035
1.529213
1.529213
1.536726
1.536726
1.541782
1.541782
1.541276
1.541276
1.560014
1.560014
1.546911
1.546911
1.541815
1.541815
1.535977
1.535977
1.540950
1.540950
1.537911
1.537911
1.543621
1.543621
1.540315
1.540315
1.534020
1.534020
1.543664
1.543664
1.544736
1.544736
1.542165
1.542165
1.542696
1.542696
1.541633
1.541633
1.538361
1.538361
1.540994
1.540994
1.536103
1.536103
1.543837
1.543837
1.543571
1.543571
1.542814
1.542814
1.539432
1.539432
1.546196
1.546196
1.536386
1.536386
1.537434
1.537434
1.542495
1.542495
1.544875
1.544875
1.535770
1.535770
1.542489
1.542489
1.539064
1.539064
1.543355
1.543355
1.547696
1.547696
1.541288
1.541288
1.545498
1.545498
1.547215
1.547215
1.533105
1.533105
1.540030
1.540030
1.544200
1.544200
1.544840
1.544840
1.543762
1.543762
1.539393
1.539393
1.534835
1.534835
1.535554
1.535554
1.542760
1.542760
1.535656
1.535656
1.546808
1.546808
1.550967
1.550967
1.539256
1.539256
1.537929
1.537929
1.542092
1.542092
1.554360
1.554360
1.532695
1.532695
1.536795
1.536795
1.541956
1.541956
1.541469
1.541469
1.544655
1.544655
1.543553
1.543553
1.545499
1.545499
1.543302
1.543302
1.542574
1.542574
1.537135
1.537135
1.537492
1.537492
1.538796
1.538796
1.549484
1.549484
1.535581
1.535581
1.537593
1.537593
1.546193
1.546193
1.540565
1.540565
1.546154
1.546154
1.538280
1.538280
1.540333
1.540333
1.539665
1.539665
1.541592
1.541592
1.543444
1.543444
1.535797
1.535797
1.539625
1.539625
1.545087
1.545087
1.537698
1.537698
1.540628
1.540628
1.539997
1.539997
1.545773
1.545773
1.539245
1.539245
1.547658
1.547658
1.536793
1.536793
1.540568
1.540568
1.539844
1.539844
1.537520
1.537520
1.542357
1.542357
1.537454
1.537454
1.538586
1.538586
1.540072
1.540072
1.545649
1.545649
1.529033
1.529033
1.548578
1.548578
1.547163
1.547163
1.541254
1.541254
1.534406
1.534406
1.529779
1.529779
1.545917
1.545917
1.536587
1.536587
1.543542
1.543542
1.547398
1.547398
1.536820
1.536820
1.540612
1.540612
1.536571
1.536571
1.545148
1.545148
1.541926
1.541926
1.532317
1.532317
1.539643
1.539643
1.541775
1.541775
1.550543
1.550543
1.534199
1.534199
1.539816
1.539816
1.534117
1.534117
1.542525
1.542525
1.542262
1.542262
1.541155
1.541155
1.542071
1.542071
1.538565
1.538565
1.543128
1.543128
1.542128
1.542128
1.530662
1.530662
1.534667
1.534667
1.544167
1.544167
1.537774
1.537774
1.539470
1.539470
1.543857
1.543857
1.542598
1.542598
1.541670
1.541670
1.537324
1.537324
1.540440
1.540440
1.535546
1.535546
1.534490
1.534490
1.545364
1.545364
1.541897
1.541897
1.534905
1.534905
1.542927
1.542927
1.543436
1.543436
1.545156
1.545156
1.540608
1.540608
1.533772
1.533772
1.534014
1.534014
1.530170
1.530170
1.547168
1.547168
1.545827
1.545827
1.542606
1.542606
1.530197
1.530197
1.547131
1.547131
1.535754
1.535754
1.540355
1.540355
1.541333
1.541333
1.532691
1.532691
1.539794
1.539794
1.533311
1.533311
1.545047
1.545047
1.541915
1.541915
1.539674
1.539674
1.545423
1.545423
1.546665
1.546665
1.543221
1.543221
1.534926
1.534926
1.525715
1.525715
1.549233
1.549233
1.536837
1.536837
1.543512
1.543512
1.539571
1.539571
1.526926
1.526926
1.535386
1.535386
1.545280
1.545280
1.537042
1.537042
1.544412
1.544412
1.536077
1.536077
1.540999
1.540999
1.545342
1.545342
1.536473
1.536473
1.538254
1.538254
1.536971
1.536971
1.533226
1.533226
1.532856
1.532856
1.538134
1.538134
1.546935
1.546935
1.550476
1.550476
1.547315
1.547315
1.544479
1.544479
1.536876
1.536876
1.525887
1.525887
1.545594
1.545594
1.538264
1.538264
1.533636
1.533636
1.542205
1.542205
1.540374
1.540374
1.545183
1.545183
1.539354
1.539354
1.542643
1.542643
1.535148
1.535148
1.533319
1.533319
1.550152
1.550152
1.539505
1.539505
1.540696
1.540696
1.546024
1.546024
1.533307
1.533307
1.537690
1.537690
1.541706
1.541706
1.537963
1.537963
1.539643
1.539643
1.539376
1.539376
1.538694
1.538694
1.535697
1.535697
1.532073
1.532073
1.542958
1.542958
1.551035
1.551035
1.534528
1.534528
1.533649
1.533649
1.533350
1.533350
1.548010
1.548010
1.540858
1.540858
1.543692
1.543692
1.547538
1.547538
1.535917
1.535917
1.532682
1.532682
1.547258
1.547258
1.534810
1.534810
1.549221
1.549221
1.538069
1.538069
1.534775
1.534775
1.537345
1.537345
1.540637
1.540637
1.545046
1.545046
1.530620
1.530620
1.545568
1.545568
1.545263
1.545263
1.530758
1.530758
1.551014
1.551014
1.534934
1.534934
1.533704
1.533704
1.543151
1.543151
1.535645
1.535645
1.534168
1.534168
1.536557
1.536557
1.539984
1.539984
1.546572
1.546572
1.543033
1.543033
1.542146
1.542146
1.534057
1.534057
1.536474
1.536474
1.535595
1.535595
1.555017
1.555017
1.527834
1.527834
1.543320
1.543320
1.547689
1.547689
1.540713
1.540713
1.539296
1.539296
1.541360
1.541360
1.543268
1.543268
1.535796
1.535796
1.543362
1.543362
1.534101
1.534101
1.538165
1.538165
1.542629
1.542629
1.535892
1.535892
1.543566
1.543566
1.539018
1.539018
1.537580
1.537580
1.536133
1.536133
1.546200
1.546200
1.539022
1.539022
1.540605
1.540605
1.532314
1.532314
1.539629
1.539629
1.547625
1.547625
1.536645
1.536645
1.543811
1.543811
1.546375
1.546375
1.540431
1.540431
1.531197
1.531197
1.539042
1.539042
1.541862
1.541862
1.538101
1.538101
1.544834
1.544834
1.545638
1.545638
1.529451
1.529451
1.539691
1.539691
1.538711
1.538711
1.536552
1.536552
1.539127
1.539127
1.537691
1.537691
1.547328
1.547328
1.535007
1.535007
1.543248
1.543248
1.538267
1.538267
1.549423
1.549423
1.527637
1.527637
1.538819
1.538819
1.539845
1.539845
1.542951
1.542951
1.538683
1.538683
1.534657
1.534657
1.538222
1.538222
1.534217
1.534217
1.532965
1.532965
1.551807
1.551807
1.539966
1.539966
1.541517
1.541517
1.544781
1.544781
1.530080
1.530080
1.536982
1.536982
1.547453
1.547453
1.544658
1.544658
1.542457
1.542457
1.526475
1.526475
1.546764
1.546764
1.539723
1.539723
1.535764
1.535764
1.536078
1.536078
1.547337
1.547337
1.546812
1.546812
1.532595
1.532595
1.543617
1.543617
1.544714
1.544714
1.543108
1.543108
1.533595
1.533595
1.534119
1.534119
1.539783
1.539783
1.537855
1.537855
1.538904
1.538904
1.546268
1.546268
1.536992
1.536992
1.545740
1.545740
1.535887
1.535887
1.550759
1.550759
1.533284
1.533284
1.532519
1.532519
1.540717
1.540717
1.540244
1.540244
1.532373
1.532373
1.542457
1.542457
1.546762
1.546762
1.541111
1.541111
1.532863
1.532863
1.547606
1.547606
1.537821
1.537821
1.543646
1.543646
1.542044
1.542044
1.542257
1.542257
1.532611
1.532611
1.541031
1.541031
1.546327
1.546327
1.539470
1.539470
1.538597
1.538597
1.542992
1.542992
1.538497
1.538497
1.543990
1.543990
1.530841
1.530841
1.541777
1.541777
1.538461
1.538461
1.545856
1.545856
1.546924
1.546924
1.552288
1.552288
1.532978
1.532978
1.541879
1.541879
1.534672
1.534672
1.539272
1.539272
1.540321
1.540321
1.542074
1.542074
1.540826
1.540826
1.540188
1.540188
1.536026
1.536026
1.541237
1.541237
1.531017
1.531017
1.541044
1.541044
1.545634
1.545634
1.541216
1.541216
1.538156
1.538156
1.541409
1.541409
1.531370
1.531370
1.547997
1.547997
1.540323
1.540323
1.534900
1.534900
1.542486
1.542486
1.537954
1.537954
1.538769
1.538769
1.546204
1.546204
1.536554
1.536554
1.545527
1.545527
1.540780
1.540780
1.537970
1.537970
1.536358
1.536358
1.534777
1.534777
1.537908
1.537908
1.540679
1.540679
1.545563
1.545563
1.538257
1.538257
1.536236
1.536236
1.540813
1.540813
1.546880
1.546880
1.539261
1.539261
1.531520
1.531520
1.536469
1.536469
1.543807
1.543807
1.535827
1.535827
1.539653
1.539653
1.540933
1.540933
1.537414
1.537414
1.546130
1.546130
1.536841
1.536841
1.542557
1.542557
1.530624
1.530624
1.546709
1.546709
1.529001
1.529001
1.533078
1.533078
1.547358
1.547358
1.539312
1.539312
1.542708
1.542708
1.542604
1.542604
1.532635
1.532635
1.538608
1.538608
1.537851
1.537851
1.541069
1.541069
1.539008
1.539008
1.540404
1.540404
1.537323
1.537323
1.536026
1.536026
1.546431
1.546431
1.537661
1.537661
1.548062
1.548062
1.527640
1.527640
1.533430
1.533430
1.535973
1.535973
1.537552
1.537552
1.538599
1.538599
1.538562
1.538562
1.546201
1.546201
1.543265
1.543265
1.539896
1.539896
1.534679
1.534679
1.539818
1.539818
1.537470
1.537470
1.537740
1.537740
1.533738
1.533738
1.546242
1.546242
1.541930
1.541930
1.535575
1.535575
1.541850
1.541850
1.544600
1.544600
1.531074
1.531074
1.540949
1.540949
1.537751
1.537751
1.529990
1.529990
1.545770
1.545770
1.535501
1.535501
1.548015
1.548015
1.536670
1.536670
1.535313
1.535313
1.530766
1.530766
1.544899
1.544899
1.542196
1.542196
1.544959
1.544959
1.540600
1.540600
1.548656
1.548656
1.539768
1.539768
1.531250
1.531250
1.535033
1.535033
1.531746
1.531746
1.543704
1.543704
1.539449
1.539449
1.542781
1.542781
1.538036
1.538036
1.549345
1.549345
1.530284
1.530284
1.545463
1.545463
1.534237
1.534237
1.534889
1.534889
1.535327
1.535327
1.548445
1.548445
1.534926
1.534926
1.534850
1.534850
1.541963
1.541963
1.546990
1.546990
1.535051
1.535051
1.534846
1.534846
1.541735
1.541735
1.534279
1.534279
1.543383
1.543383
1.540494
1.540494
1.536547
1.536547
1.536819
1.536819
1.535676
1.535676
1.537880
1.537880
1.539651
1.539651
1.534804
1.534804
1.542061
1.542061
1.539386
1.539386
1.545307
1.545307
1.534840
1.534840
1.542152
1.542152
1.544574
1.544574
1.522435
1.522435
1.538711
1.538711
1.545991
1.545991
1.534240
1.534240
1.541700
1.541700
1.530862
1.530862
1.534259
1.534259
1.539036
1.539036
1.545718
1.545718
1.540062
1.540062
1.533041
1.533041
1.532197
1.532197
1.538833
1.538833
1.536153
1.536153
1.548189
1.548189
1.538002
1.538002
1.536617
1.536617
1.542620
1.542620
1.546552
1.546552
1.536209
1.536209
1.528491
1.528491
1.538281
1.538281
1.535895
1.535895
1.537672
1.537672
1.544891
1.544891
1.535753
1.535753
1.539441
1.539441
1.531731
1.531731
1.537843
1.537843
1.533638
1.533638
1.556580
1.556580
1.536204
1.536204
1.536970
1.536970
1.540822
1.540822
1.541031
1.541031
1.540079
1.540079
1.534780
1.534780
1.538101
1.538101
1.539151
1.539151
1.536336
1.536336
1.549267
1.549267
1.541532
1.541532
1.532463
1.532463
1.539814
1.539814
1.545340
1.545340
1.534138
1.534138
1.533505
1.533505
1.536088
1.536088
1.538697
1.538697
1.544465
1.544465
1.542697
1.542697
1.535964
1.535964
1.542616
1.542616
1.540233
1.540233
1.541842
1.541842
1.531697
1.531697
1.537400
1.537400
1.542278
1.542278
1.541015
1.541015
1.537126
1.537126
1.535315
1.535315
1.536496
1.536496
1.547792
1.547792
1.538839
1.538839
1.536565
1.536565
1.532107
1.532107
1.542492
1.542492
1.531464
1.531464
1.544233
1.544233
1.531105
1.531105
1.545471
1.545471
1.537665
1.537665
1.536715
1.536715
1.537623
1.537623
1.545345
1.545345
1.533375
1.533375
1.532923
1.532923
1.532986
1.532986
1.535286
1.535286
1.546950
1.546950
1.545422
1.545422
1.534545
1.534545
1.542583
1.542583
1.543556
1.543556
1.537745
1.537745
1.530846
1.530846
1.535981
1.535981
1.542772
1.542772
1.531512
1.531512
1.544447
1.544447
1.535421
1.535421
1.535535
1.535535
1.534573
1.534573
1.541645
1.541645
1.542684
1.542684
1.536272
1.536272
1.539796
1.539796
1.538829
1.538829
1.537698
1.537698
1.537256
1.537256
1.537728
1.537728
1.530151
1.530151
1.551885
1.551885
1.538735
1.538735
1.538945
1.538945
1.529028
1.529028
1.534432
1.534432
1.547027
1.547027
1.543985
1.543985
1.526288
1.526288
1.539780
1.539780
1.534715
1.534715
1.541033
1.541033
1.544082
1.544082
1.537466
1.537466
1.531896
1.531896
1.539991
1.539991
1.530884
1.530884
1.541247
1.541247
1.537058
1.537058
1.542566
1.542566
1.538659
1.538659
1.535404
1.535404
1.545461
1.545461
1.534229
1.534229
1.535727
1.535727
1.536436
1.536436
1.534979
1.534979
1.534006
1.534006
1.543372
1.543372
1.542133
1.542133
1.535477
1.535477
1.538610
1.538610
1.542477
1.542477
1.536895
1.536895
1.535814
1.535814
1.543797
1.543797
1.545742
1.545742
1.530160
1.530160
1.528968
1.528968
1.542525
1.542525
1.531219
1.531219
1.539694
1.539694
1.534094
1.534094
1.539982
1.539982
1.547774
1.547774
1.536053
1.536053
1.536590
1.536590
1.544428
1.544428
1.539878
1.539878
1.532000
1.532000
1.529221
1.529221
1.545438
1.545438
1.540191
1.540191
1.540211
1.540211
1.534808
1.534808
1.537658
1.537658
1.539011
1.539011
1.545408
1.545408
1.529348
1.529348
1.539502
1.539502
1.549769
1.549769
1.531141
1.531141
1.537549
1.537549
1.534755
1.534755
1.536376
1.536376
1.539173
1.539173
1.534517
1.534517
1.533154
1.533154
1.541721
1.541721
1.542230
1.542230
1.533695
1.533695
1.542672
1.542672
1.533900
1.533900
1.541305
1.541305
1.537586
1.537586
1.548223
1.548223
1.532081
1.532081
1.536570
1.536570
1.536134
1.536134
1.535011
1.535011
1.536472
1.536472
1.536370
1.536370
1.542653
1.542653
1.532945
1.532945
1.541050
1.541050
1.541098
1.541098
1.536604
1.536604
1.533601
1.533601
1.536027
1.536027
1.542151
1.542151
1.535288
1.535288
1.536780
1.536780
1.542376
1.542376
1.539016
1.539016
1.533932
1.533932
1.537700
1.537700
1.538752
1.538752
1.537266
1.537266
1.534560
1.534560
1.541567
1.541567
1.533188
1.533188
1.538969
1.538969
1.538244
1.538244
1.535961
1.535961
1.544600
1.544600
1.530833
1.530833
1.542052
1.542052
1.533855
1.533855
1.548327
1.548327
1.532541
1.532541
1.536303
1.536303
1.543501
1.543501
1.539247
1.539247
1.530304
1.530304
1.540835
1.540835
1.533921
1.533921
1.539284
1.539284
1.543234
1.543234
1.535888
1.535888
1.536811
1.536811
1.542782
1.542782
1.541896
1.541896
1.531762
1.531762
1.536669
1.536669
1.535476
1.535476
1.537904
1.537904
1.544296
1.544296
1.541238
1.541238
1.532683
1.532683
1.530863
1.530863
1.538561
1.538561
1.541215
1.541215
1.534066
1.534066
1.535478
1.535478
1.539631
1.539631
1.542899
1.542899
1.537817
1.537817
1.535370
1.535370
1.540736
1.540736
1.528702
1.528702
1.527574
1.527574
1.530391
1.530391
1.544842
1.544842
1.542170
1.542170
1.544801
1.544801
1.538191
1.538191
1.528134
1.528134
1.543932
1.543932
1.536283
1.536283
1.542244
1.542244
1.538758
1.538758
1.535281
1.535281
1.534371
1.534371
1.540544
1.540544
1.538349
1.538349
1.534004
1.534004
1.536878
1.536878
1.537842
1.537842
1.538612
1.538612
1.540190
1.540190
1.548775
1.548775
1.537532
1.537532
1.536654
1.536654
1.532048
1.532048
1.529395
1.529395
1.533559
1.533559
1.538416
1.538416
1.534283
1.534283
1.543634
1.543634
1.536271
1.536271
1.534125
1.534125
1.538491
1.538491
1.533642
1.533642
1.538048
1.538048
1.544349
1.544349
1.534642
1.534642
1.531210
1.531210
1.533978
1.533978
1.547201
1.547201
1.542485
1.542485
1.538682
1.538682
1.553260
1.553260
1.529484
1.529484
1.530290
1.530290
1.537440
1.537440
1.541834
1.541834
1.543542
1.543542
1.531247
1.531247
1.543462
1.543462
1.526467
1.526467
1.536958
1.536958
1.543680
1.543680
1.537488
1.537488
1.532260
1.532260
1.539872
1.539872
1.545361
1.545361
1.549333
1.549333
1.526519
1.526519
1.538300
1.538300
1.526869
1.526869
1.535141
1.535141
1.545259
1.545259
1.536158
1.536158
1.542858
1.542858
1.526567
1.526567
1.534725
1.534725
1.532190
1.532190
1.540773
1.540773
1.548209
1.548209
1.531093
1.531093
1.538969
1.538969
1.532917
1.532917
1.530850
1.530850
1.547478
1.547478
1.538831
1.538831
1.535911
1.535911
1.537238
1.537238
1.549195
1.549195
1.535041
1.535041
1.528870
1.528870
1.537975
1.537975
1.535544
1.535544
1.528807
1.528807
1.546780
1.546780
1.540146
1.540146
1.534968
1.534968
1.538641
1.538641
1.529499
1.529499
1.551415
1.551415
1.532983
1.532983
1.547229
1.547229
1.531647
1.531647
1.544643
1.544643
1.535198
1.535198
1.529148
1.529148
1.533538
1.533538
1.536876
1.536876
1.542554
1.542554
1.538551
1.538551
1.539971
1.539971
1.543683
1.543683
1.538637
1.538637
1.537670
1.537670
1.533010
1.533010
1.538036
1.538036
1.535818
1.535818
1.545728
1.545728
1.546836
1.546836
1.535213
1.535213
1.523279
1.523279
1.539228
1.539228
1.544202
1.544202
1.536041
1.536041
1.534599
1.534599
1.536193
1.536193
1.532741
1.532741
1.546393
1.546393
1.532613
1.532613
1.534613
1.534613
1.546321
1.546321
1.542827
1.542827
1.542066
1.542066
1.531923
1.531923
1.528646
1.528646
1.546901
1.546901
1.533444
1.533444
1.543065
1.543065
1.543678
1.543678
1.534314
1.534314
1.533784
1.533784
1.534170
1.534170
1.530468
1.530468
1.541003
1.541003
1.541204
1.541204
1.543514
1.543514
1.538344
1.538344
1.540138
1.540138
1.543362
1.543362
1.531992
1.531992
1.533113
1.533113
1.539477
1.539477
1.531264
1.531264
1.539610
1.539610
1.535934
1.535934
1.542811
1.542811
1.533504
1.533504
1.539183
1.539183
1.533920
1.533920
1.537702
1.537702
1.545058
1.545058
1.543754
1.543754
1.537432
1.537432
1.533655
1.533655
1.531721
1.531721
1.541214
1.541214
1.536263
1.536263
1.539011
1.539011
1.541439
1.541439
1.531182
1.531182
1.538793
1.538793
1.547668
1.547668
1.535007
1.535007
1.542513
1.542513
1.526683
1.526683
1.532759
1.532759
1.540113
1.540113
1.536112
1.536112
1.541901
1.541901
1.529940
1.529940
1.537480
1.537480
1.529091
1.529091
1.533086
1.533086
1.542805
1.542805
1.535023
1.535023
1.548167
1.548167
1.551383
1.551383
1.529058
1.529058
1.534908
1.534908
1.531264
1.531264
1.538693
1.538693
1.542846
1.542846
1.537993
1.537993
1.535520
1.535520
1.532555
1.532555
1.535912
1.535912
1.531763
1.531763
1.545878
1.545878
1.536821
1.536821
1.532829
1.532829
1.538155
1.538155
1.539696
1.539696
1.529210
1.529210
1.546421
1.546421
1.534058
1.534058
1.535022
1.535022
1.537641
1.537641
1.537324
1.537324
1.537980
1.537980
1.536394
1.536394
1.534736
1.534736
1.533879
1.533879
1.538213
1.538213
1.536686
1.536686
1.538085
1.538085
1.537628
1.537628
1.551003
1.551003
1.535010
1.535010
1.540338
1.540338
1.525725
1.525725
1.529799
1.529799
1.538537
1.538537
1.539787
1.539787
1.533838
1.533838
1.534422
1.534422
1.536728
1.536728
1.536626
1.536626
1.537846
1.537846
1.536321
1.536321
1.536900
1.536900
1.534548
1.534548
1.539503
1.539503
1.526388
1.526388
1.538515
1.538515
1.542083
1.542083
1.535714
1.535714
1.534194
1.534194
1.534094
1.534094
1.532077
1.532077
1.545573
1.545573
1.536200
1.536200
1.540241
1.540241
1.527810
1.527810
1.526751
1.526751
1.540509
1.540509
1.550759
1.550759
1.526543
1.526543
1.541812
1.541812
1.534503
1.534503
1.540470
1.540470
1.539439
1.539439
1.534398
1.534398
1.542606
1.542606
1.534986
1.534986
1.531056
1.531056
1.539379
1.539379
1.548231
1.548231
1.524857
1.524857
1.540967
1.540967
1.533162
1.533162
1.533142
1.533142
1.528626
1.528626
1.539646
1.539646
1.531819
1.531819
1.540342
1.540342
1.542113
1.542113
1.542374
1.542374
1.531728
1.531728
1.534374
1.534374
1.535068
1.535068
1.537621
1.537621
1.542926
1.542926
1.521800
1.521800
1.530558
1.530558
1.546291
1.546291
1.540105
1.540105
1.537488
1.537488
1.541015
1.541015
1.541244
1.541244
1.529694
1.529694
1.529153
1.529153
1.532382
1.532382
1.538408
1.538408
1.540906
1.540906
1.532561
1.532561
1.537819
1.537819
1.533758
1.533758
1.532261
1.532261
1.544351
1.544351
1.540758
1.540758
1.529360
1.529360
1.537269
1.537269
1.535921
1.535921
1.537020
1.537020
1.539712
1.539712
1.531301
1.531301
1.536551
1.536551
1.539033
1.539033
1.538365
1.538365
1.533600
1.533600
1.536134
1.536134
1.541969
1.541969
1.537555
1.537555
1.541546
1.541546
1.530026
1.530026
1.534275
1.534275
1.538928
1.538928
1.537021
1.537021
1.536337
1.536337
1.538035
1.538035
1.536955
1.536955
1.542810
1.542810
1.540846
1.540846
1.541213
1.541213
1.532956
1.532956
1.527171
1.527171
1.530323
1.530323
1.542565
1.542565
1.546968
1.546968
1.532300
1.532300
1.535120
1.535120
1.539332
1.539332
1.532976
1.532976
1.534954
1.534954
1.542760
1.542760
1.537920
1.537920
1.541231
1.541231
1.537152
1.537152
1.533327
1.533327
1.541716
1.541716
1.532854
1.532854
1.540907
1.540907
1.539269
1.539269
1.536183
1.536183
1.537755
1.537755
1.531327
1.531327
1.537599
1.537599
1.532188
1.532188
1.541064
1.541064
1.535854
1.535854
1.541003
1.541003
1.533638
1.533638
1.533333
1.533333
1.546579
1.546579
1.531669
1.531669
1.542502
1.542502
1.536700
1.536700
1.544555
1.544555
1.531257
1.531257
1.532870
1.532870
1.541541
1.541541
1.534945
1.534945
1.526883
1.526883
1.547186
1.547186
1.537364
1.537364
1.539290
1.539290
1.544104
1.544104
1.531061
1.531061
1.539783
1.539783
1.529061
1.529061
1.541846
1.541846
1.537615
1.537615
1.534803
1.534803
1.538544
1.538544
1.537011
1.537011
1.536144
1.536144
1.529341
1.529341
1.542195
1.542195
1.539898
1.539898
1.542220
1.542220
1.528843
1.528843
1.538373
1.538373
1.543022
1.543022
1.535545
1.535545
1.534057
1.534057
1.533346
1.533346
1.540401
1.540401
1.537256
1.537256
1.534029
1.534029
1.537495
1.537495
1.536101
1.536101
1.535398
1.535398
1.540226
1.540226
1.540098
1.540098
1.535588
1.535588
1.533406
1.533406
1.531412
1.531412
1.535585
1.535585
1.535935
1.535935
1.537279
1.537279
1.548795
1.548795
1.533683
1.533683
1.538631
1.538631
1.534570
1.534570
1.539312
1.539312
1.540191
1.540191
1.535911
1.535911
1.539735
1.539735
1.532753
1.532753
1.539845
1.539845
1.536596
1.536596
1.529900
1.529900
1.539969
1.539969
1.534892
1.534892
1.540407
1.540407
1.540241
1.540241
1.536669
1.536669
1.539905
1.539905
1.531577
1.531577
1.536962
1.536962
1.539576
1.539576
1.539497
1.539497
1.538747
1.538747
1.532258
1.532258
1.539119
1.539119
1.532959
1.532959
1.538383
1.538383
1.531544
1.531544
1.539264
1.539264
1.540900
1.540900
1.532009
1.532009
1.531910
1.531910
1.538201
1.538201
1.535467
1.535467
1.540099
1.540099
1.537705
1.537705
1.544465
1.544465
1.538982
1.538982
1.535048
1.535048
1.531525
1.531525
1.531362
1.531362
1.545024
1.545024
1.532602
1.532602
1.536429
1.536429
1.539459
1.539459
1.526743
1.526743
1.532928
1.532928
1.538846
1.538846
1.536103
1.536103
1.544332
1.544332
1.528978
1.528978
1.540580
1.540580
1.538310
1.538310
1.534252
1.534252
1.533958
1.533958
1.536239
1.536239
1.531591
1.531591
1.547016
1.547016
1.533899
1.533899
1.534295
1.534295
1.536512
1.536512
1.539770
1.539770
1.533817
1.533817
1.532706
1.532706
1.542116
1.542116
1.534132
1.534132
1.532094
1.532094
1.537657
1.537657
1.538427
1.538427
1.541741
1.541741
1.532459
1.532459
1.545322
1.545322
1.537144
1.537144
1.531186
1.531186
1.542548
1.542548
1.523546
1.523546
1.537714
1.537714
1.537065
1.537065
1.540247
1.540247
1.537413
1.537413
1.528261
1.528261
1.531916
1.531916
1.536916
1.536916
1.546026
1.546026
1.531095
1.531095
1.536772
1.536772
1.534709
1.534709
1.533360
1.533360
1.537451
1.537451
1.538466
1.538466
1.539122
1.539122
1.532548
1.532548
1.542054
1.542054
1.527287
1.527287
1.543009
1.543009
1.537456
1.537456
1.540723
1.540723
1.533449
1.533449
1.531211
1.531211
1.538183
1.538183
1.538748
1.538748
1.536989
1.536989
1.535824
1.535824
1.529486
1.529486
1.541783
1.541783
1.537834
1.537834
1.525178
1.525178
1.536022
1.536022
1.542624
1.542624
1.527970
1.527970
1.555223
1.555223
1.543180
1.543180
1.536158
1.536158
1.534908
1.534908
1.533066
1.533066
1.533942
1.533942
1.545818
1.545818
1.537613
1.537613
1.532770
1.532770
1.535975
1.535975
1.526853
1.526853
1.538281
1.538281
1.535182
1.535182
1.535060
1.535060
1.535729
1.535729
1.537274
1.537274
1.543820
1.543820
1.533467
1.533467
1.531902
1.531902
1.528823
1.528823
1.545290
1.545290
1.533718
1.533718
1.542235
1.542235
1.536172
1.536172
1.533731
1.533731
1.533801
1.533801
1.525698
1.525698
1.535392
1.535392
1.538125
1.538125
1.540737
1.540737
1.541421
1.541421
1.540579
1.540579
1.526973
1.526973
1.538024
1.538024
1.539574
1.539574
1.533669
1.533669
1.539747
1.539747
1.535979
1.535979
1.530505
1.530505
1.537349
1.537349
1.535213
1.535213
1.548490
1.548490
1.530618
1.530618
1.530647
1.530647
1.535486
1.535486
1.532306
1.532306
1.546045
1.546045
1.535422
1.535422
1.538425
1.538425
1.522195
1.522195
1.536096
1.536096
1.538244
1.538244
1.533506
1.533506
1.532673
1.532673
1.538731
1.538731
1.534008
1.534008
1.532967
1.532967
1.533540
1.533540
1.539689
1.539689
1.536790
1.536790
1.534181
1.534181
1.532286
1.532286
1.538429
1.538429
1.536914
1.536914
1.532960
1.532960
1.537555
1.537555
1.526665
1.526665
1.542663
1.542663
1.535533
1.535533
1.533042
1.533042
1.541294
1.541294
1.534632
1.534632
1.543344
1.543344
1.534816
1.534816
1.532074
1.532074
1.531640
1.531640
1.533942
1.533942
1.534862
1.534862
1.538124
1.538124
1.537567
1.537567
1.531847
1.531847
1.532098
1.532098
1.538716
1.538716
1.530140
1.530140
1.536578
1.536578
1.541268
1.541268
1.538783
1.538783
1.537184
1.537184
1.527839
1.527839
1.536155
1.536155
1.537736
1.537736
1.537440
1.537440
1.537551
1.537551
1.530343
1.530343
1.534614
1.534614
1.537459
1.537459
1.534943
1.534943
1.534727
1.534727
1.535570
1.535570
1.537910
1.537910
1.532651
1.532651
1.536166
1.536166
1.537489
1.537489
1.542440
1.542440
1.526104
1.526104
1.533556
1.533556
1.538970
1.538970
1.540348
1.540348
1.535704
1.535704
1.530716
1.530716
1.528649
1.528649
1.533451
1.533451
1.538469
1.538469
1.535140
1.535140
1.534077
1.534077
1.535589
1.535589
1.533861
1.533861
1.534104
1.534104
1.533187
1.533187
1.539005
1.539005
1.537159
1.537159
1.541595
1.541595
1.533346
1.533346
1.529917
1.529917
1.528647
1.528647
1.546254
1.546254
1.530563
1.530563
1.531143
1.531143
1.541214
1.541214
1.537891
1.537891
1.535954
1.535954
1.535435
1.535435
1.525352
1.525352
1.537411
1.537411
1.545547
1.545547
1.531964
1.531964
1.535821
1.535821
1.531060
1.531060
1.540535
1.540535
1.532997
1.532997
1.537725
1.537725
1.533656
1.533656
1.541100
1.541100
1.537584
1.537584
1.540424
1.540424
1.521155
1.521155
1.542818
1.542818
1.535498
1.535498
1.535630
1.535630
1.535222
1.535222
1.526082
1.526082
1.534780
1.534780
1.534714
1.534714
1.530565
1.530565
1.538492
1.538492
1.540969
1.540969
1.534415
1.534415
1.553830
1.553830
1.531147
1.531147
1.527678
1.527678
1.529487
1.529487
1.536413
1.536413
1.531385
1.531385
1.536736
1.536736
1.543340
1.543340
1.528350
1.528350
1.542459
1.542459
1.535875
1.535875
1.533695
1.533695
1.528605
1.528605
1.538091
1.538091
1.539222
1.539222
1.534936
1.534936
1.531111
1.531111
1.536504
1.536504
1.536363
1.536363
1.536472
1.536472
1.528863
1.528863
1.538188
1.538188
1.539359
1.539359
1.534968
1.534968
1.535358
1.535358
1.533709
1.533709
1.542902
1.542902
1.530922
1.530922
1.535218
1.535218
1.530907
1.530907
1.531788
1.531788
1.536457
1.536457
1.539984
1.539984
1.540555
1.540555
1.541889
1.541889
1.537085
1.537085
1.529335
1.529335
1.531049
1.531049
1.540179
1.540179
1.540429
1.540429
1.539349
1.539349
1.533473
1.533473
1.530885
1.530885
1.533468
1.533468
1.543145
1.543145
1.535146
1.535146
1.536545
1.536545
1.538568
1.538568
1.520756
1.520756
1.535278
1.535278
1.533671
1.533671
1.534159
1.534159
1.537062
1.537062
1.539497
1.539497
1.534041
1.534041
1.534679
1.534679
1.538275
1.538275
1.536371
1.536371
1.535313
1.535313
1.537805
1.537805
1.527296
1.527296
1.531370
1.531370
1.541934
1.541934
1.542395
1.542395
1.534801
1.534801
1.537525
1.537525
1.530375
1.530375
1.541256
1.541256
1.535165
1.535165
1.543650
1.543650
1.530938
1.530938
1.532618
1.532618
1.538871
1.538871
1.532173
1.532173
1.538670
1.538670
1.535741
1.535741
1.535396
1.535396
1.533446
1.533446
1.535859
1.535859
1.533079
1.533079
1.530678
1.530678
1.542310
1.542310
1.537006
1.537006
1.535575
1.535575
1.535985
1.535985
1.537961
1.537961
1.527152
1.527152
1.533552
1.533552
1.546570
1.546570
1.538469
1.538469
1.531423
1.531423
1.535322
1.535322
1.537641
1.537641
1.534798
1.534798
1.541806
1.541806
1.535510
1.535510
1.533590
1.533590
1.531174
1.531174
1.535604
1.535604
1.537850
1.537850
1.531609
1.531609
1.538386
1.538386
1.535003
1.535003
1.534707
1.534707
1.540343
1.540343
1.520926
1.520926
1.547026
1.547026
1.534878
1.534878
1.534076
1.534076
1.531566
1.531566
1.534194
1.534194
1.540767
1.540767
1.533363
1.533363
1.538415
1.538415
1.537866
1.537866
1.536624
1.536624
1.532242
1.532242
1.530576
1.530576
1.541637
1.541637
1.536652
1.536652
1.531821
1.531821
1.539149
1.539149
1.535378
1.535378
1.533471
1.533471
1.539729
1.539729
1.534168
1.534168
1.531272
1.531272
1.538317
1.538317
1.532556
1.532556
1.537003
1.537003
1.542496
1.542496
1.530203
1.530203
1.532940
1.532940
1.533259
1.533259
1.534599
1.534599
1.533849
1.533849
1.529523
1.529523
1.547593
1.547593
1.528856
1.528856
1.538769
1.538769
1.527562
1.527562
1.539048
1.539048
1.529897
1.529897
1.543728
1.543728
1.543540
1.543540
1.528065
1.528065
1.532986
1.532986
1.541218
1.541218
1.529854
1.529854
1.534863
1.534863
1.543448
1.543448
1.536931
1.536931
1.528598
1.528598
1.532741
1.532741
1.527879
1.527879
1.540275
1.540275
1.536739
1.536739
1.536340
1.536340
1.536185
1.536185
1.532499
1.532499
1.540401
1.540401
1.535315
1.535315
1.528071
1.528071
1.542702
1.542702
1.527379
1.527379
1.538295
1.538295
1.537067
1.537067
1.537414
1.537414
1.536936
1.536936
1.534847
1.534847
1.537316
1.537316
1.532527
1.532527
1.541724
1.541724
1.528163
1.528163
1.529976
1.529976
1.534946
1.534946
1.545715
1.545715
1.537517
1.537517
1.526567
1.526567
1.537626
1.537626
1.534280
1.534280
1.541170
1.541170
1.536849
1.536849
1.525253
1.525253
1.526805
1.526805
1.538884
1.538884
1.540073
1.540073
1.539147
1.539147
1.532834
1.532834
1.535950
1.535950
1.532676
1.532676
1.534478
1.534478
1.535240
1.535240
1.541992
1.541992
1.531176
1.531176
1.536146
1.536146
1.531916
1.531916
1.543741
1.543741
1.535515
1.535515
1.546659
1.546659
1.528920
1.528920
1.531338
1.531338
1.536816
1.536816
1.534013
1.534013
1.534943
1.534943
1.536281
1.536281
1.529355
1.529355
1.540445
1.540445
1.537237
1.537237
1.536741
1.536741
1.539910
1.539910
1.541077
1.541077
1.532712
1.532712
1.523711
1.523711
1.541334
1.541334
1.535354
1.535354
1.536014
1.536014
1.536095
1.536095
1.525584
1.525584
1.533782
1.533782
1.542388
1.542388
1.538840
1.538840
1.536662
1.536662
1.522069
1.522069
1.541731
1.541731
1.532355
1.532355
1.540296
1.540296
1.533944
1.533944
1.526681
1.526681
1.538215
1.538215
1.530372
1.530372
1.537318
1.537318
1.533863
1.533863
1.538107
1.538107
1.535996
1.535996
1.544409
1.544409
1.533525
1.533525
1.532961
1.532961
1.527776
1.527776
1.535360
1.535360
1.539947
1.539947
1.533147
1.533147
1.529660
1.529660
1.539348
1.539348
1.535974
1.535974
1.540916
1.540916
1.535348
1.535348
1.536403
1.536403
1.524279
1.524279
1.535752
1.535752
1.536776
1.536776
1.536098
1.536098
1.530354
1.530354
1.536901
1.536901
1.526691
1.526691
1.531825
1.531825
1.541100
1.541100
1.536080
1.536080
1.540888
1.540888
1.529347
1.529347
1.532658
1.532658
1.531293
1.531293
1.539281
1.539281
1.544727
1.544727
1.535804
1.535804
1.528786
1.528786
1.530801
1.530801
1.535120
1.535120
1.547276
1.547276
1.538143
1.538143
1.536267
1.536267
1.536714
1.536714
1.533188
1.533188
1.528936
1.528936
1.538761
1.538761
1.528709
1.528709
1.545917
1.545917
1.528954
1.528954
1.533223
1.533223
1.541196
1.541196
1.534718
1.534718
1.531763
1.531763
1.529630
1.529630
1.540829
1.540829
1.528144
1.528144
1.530146
1.530146
1.543354
1.543354
1.534020
1.534020
1.543277
1.543277
1.532948
1.532948
1.537831
1.537831
1.539798
1.539798
1.535096
1.535096
1.529478
1.529478
1.535449
1.535449
1.536668
1.536668
1.531844
1.531844
1.541107
1.541107
1.529942
1.529942
1.528736
1.528736
1.527447
1.527447
1.532632
1.532632
1.540314
1.540314
1.551819
1.551819
1.536748
1.536748
1.541591
1.541591
1.535800
1.535800
1.533291
1.533291
1.526869
1.526869
1.527655
1.527655
1.543934
1.543934
1.535889
1.535889
1.534023
1.534023
1.534903
1.534903
1.531855
1.531855
1.529197
1.529197
1.540809
1.540809
1.545181
1.545181
1.526843
1.526843
1.530264
1.530264
1.547704
1.547704
1.528995
1.528995
1.530954
1.530954
1.538761
1.538761
1.534506
1.534506
1.530865
1.530865
1.533525
1.533525
1.534474
1.534474
1.544400
1.544400
1.535259
1.535259
1.537096
1.537096
1.533409
1.533409
1.534332
1.534332
1.534749
1.534749
1.541201
1.541201
1.533639
1.533639
1.533442
1.533442
1.532683
1.532683
1.533313
1.533313
1.537996
1.537996
1.537566
1.537566
1.533628
1.533628
1.531652
1.531652
1.533023
1.533023
1.536522
1.536522
1.536411
1.536411
1.535515
1.535515
1.534216
1.534216
1.530019
1.530019
1.537585
1.537585
1.526262
1.526262
1.534455
1.534455
1.537366
1.537366
1.539063
1.539063
1.541316
1.541316
1.528032
1.528032
1.533803
1.533803
1.530953
1.530953
1.540731
1.540731
1.538797
1.538797
1.529294
1.529294
1.538165
1.538165
1.533673
1.533673
1.532297
1.532297
1.538440
1.538440
1.532086
1.532086
1.534051
1.534051
1.526735
1.526735
1.543971
1.543971
1.535095
1.535095
1.534509
1.534509
1.545988
1.545988
1.528379
1.528379
1.526807
1.526807
1.532980
1.532980
1.530385
1.530385
1.537324
1.537324
1.538401
1.538401
1.534437
1.534437
1.532284
1.532284
1.545247
1.545247
1.534101
1.534101
1.530574
1.530574
1.530695
1.530695
1.534652
1.534652
1.534340
1.534340
1.536263
1.536263
1.528475
1.528475
1.542571
1.542571
1.534392
1.534392
1.541544
1.541544
1.534139
1.534139
1.531332
1.531332
1.532131
1.532131
1.529777
1.529777
1.543285
1.543285
1.531106
1.531106
1.532879
1.532879
1.538566
1.538566
1.531219
1.531219
1.527350
1.527350
1.535592
1.535592
1.546366
1.546366
1.534843
1.534843
1.528348
1.528348
1.538445
1.538445
1.531201
1.531201
1.538741
1.538741
1.540431
1.540431
1.536925
1.536925
1.540752
1.540752
1.532936
1.532936
1.533952
1.533952
1.529486
1.529486
1.539154
1.539154
1.539174
1.539174
1.534636
1.534636
1.529070
1.529070
1.532501
1.532501
1.531143
1.531143
1.535313
1.535313
1.541913
1.541913
1.530380
1.530380
1.536667
1.536667
1.539138
1.539138
1.538311
1.538311
1.535277
1.535277
1.527206
1.527206
1.535289
1.535289
1.528434
1.528434
1.534249
1.534249
1.540782
1.540782
1.534964
1.534964
1.538296
1.538296
1.535407
1.535407
1.539718
1.539718
1.537663
1.537663
1.531319
1.531319
1.530920
1.530920
1.538067
1.538067
1.532370
1.532370
1.536493
1.536493
1.543125
1.543125
1.523172
1.523172
1.531314
1.531314
1.532277
1.532277
1.531336
1.531336
1.543090
1.543090
1.539889
1.539889
1.537150
1.537150
1.537554
1.537554
1.540646
1.540646
1.529085
1.529085
1.530753
1.530753
1.535124
1.535124
1.531352
1.531352
1.532198
1.532198
1.547164
1.547164
1.528422
1.528422
1.530827
1.530827
1.541425
1.541425
1.530933
1.530933
1.539529
1.539529
1.532705
1.532705
1.528534
1.528534
1.537024
1.537024
1.539088
1.539088
1.527232
1.527232
1.547379
1.547379
1.541690
1.541690
1.526619
1.526619
1.533657
1.533657
1.536985
1.536985
1.537115
1.537115
1.537882
1.537882
1.531355
1.531355
1.541981
1.541981
1.533477
1.533477
1.528597
1.528597
1.550203
1.550203
1.523009
1.523009
1.539415
1.539415
1.533612
1.533612
1.525911
1.525911
1.536082
1.536082
1.535927
1.535927
1.535749
1.535749
1.536851
1.536851
1.527711
1.527711
1.540467
1.540467
1.530583
1.530583
1.539142
1.539142
1.530202
1.530202
1.533231
1.533231
1.528048
1.528048
1.537155
1.537155
1.537214
1.537214
1.534581
1.534581
1.537402
1.537402
1.543929
1.543929
1.544962
1.544962
1.524523
1.524523
1.528021
1.528021
1.531149
1.531149
1.524802
1.524802
1.541995
1.541995
1.532424
1.532424
1.526653
1.526653
1.552474
1.552474
1.533359
1.533359
1.542280
1.542280
1.534098
1.534098
1.530894
1.530894
1.531865
1.531865
1.527468
1.527468
1.532831
1.532831
1.538356
1.538356
1.542389
1.542389
1.530848
1.530848
1.532649
1.532649
1.537227
1.537227
1.531486
1.531486
1.533049
1.533049
1.539571
1.539571
1.539149
1.539149
1.524537
1.524537
1.530347
1.530347
1.542849
1.542849
1.535848
1.535848
1.532522
1.532522
1.535287
1.535287
1.534874
1.534874
1.535921
1.535921
1.533133
1.533133
1.538481
1.538481
1.523464
1.523464
1.536342
1.536342
1.534779
1.534779
1.540308
1.540308
1.535361
1.535361
1.528559
1.528559
1.534992
1.534992
1.536274
1.536274
1.537046
1.537046
1.524564
1.524564
1.532287
1.532287
1.542438
1.542438
1.534219
1.534219
1.539123
1.539123
1.536039
1.536039
1.528967
1.528967
1.532990
1.532990
1.531078
1.531078
1.544971
1.544971
1.533034
1.533034
1.540093
1.540093
1.534391
1.534391
1.536358
1.536358
1.524229
1.524229
1.534580
1.534580
1.542228
1.542228
1.522891
1.522891
1.537261
1.537261
1.535013
1.535013
1.537553
1.537553
1.533175
1.533175
1.534663
1.534663
1.530532
1.530532
1.537548
1.537548
1.542655
1.542655
1.541109
1.541109
1.526351
1.526351
1.534583
1.534583
1.525812
1.525812
1.532233
1.532233
1.536768
1.536768
1.531768
1.531768
1.539316
1.539316
1.532161
1.532161
1.530036
1.530036
1.534276
1.534276
1.526565
1.526565
1.551327
1.551327
1.529069
1.529069
1.533379
1.533379
1.532632
1.532632
1.539754
1.539754
1.526235
1.526235
1.542855
1.542855
1.538113
1.538113
1.530523
1.530523
1.538408
1.538408
1.527418
1.527418
1.539773
1.539773
1.533434
1.533434
1.535540
1.535540
1.536092
1.536092
1.527482
1.527482
1.542562
1.542562
1.531965
1.531965
1.532719
1.532719
1.532556
1.532556
1.536252
1.536252
1.541530
1.541530
1.535608
1.535608
1.535520
1.535520
1.528780
1.528780
1.543904
1.543904
1.527789
1.527789
1.541823
1.541823
1.535434
1.535434
1.529345
1.529345
1.529934
1.529934
1.537818
1.537818
1.539925
1.539925
1.536608
1.536608
1.525597
1.525597
1.539033
1.539033
1.531498
1.531498
1.535789
1.535789
1.528302
1.528302
1.543106
1.543106
1.533933
1.533933
1.532604
1.532604
1.524965
1.524965
1.543562
1.543562
1.534896
1.534896
1.531351
1.531351
1.542161
1.542161
1.531899
1.531899
1.531809
1.531809
1.530393
1.530393
1.540128
1.540128
1.543235
1.543235
1.545426
1.545426
1.539002
1.539002
1.537637
1.537637
1.526379
1.526379
1.523623
1.523623
1.532644
1.532644
1.536490
1.536490
1.529852
1.529852
1.536209
1.536209
1.541606
1.541606
