2.298493
2.298493
2.298507
2.298507
2.299411
2.299411
2.297250
2.297250
2.298193
2.298193
2.301636
2.301636
2.297655
2.297655
2.298705
2.298705
2.295837
2.295837
2.295256
2.295256
2.293380
2.293380
2.297081
2.297081
2.294880
2.294880
2.292933
2.292933
2.293375
2.293375
2.289551
2.289551
2.291261
2.291261
2.276820
2.276820
2.284530
2.284530
2.290982
2.290982
2.286935
2.286935
2.284997
2.284997
2.285453
2.285453
2.286736
2.286736
2.282568
2.282568
2.280129
2.280129
2.278212
2.278212
2.280641
2.280641
2.280427
2.280427
2.281669
2.281669
2.275996
2.275996
2.277839
2.277839
2.273657
2.273657
2.271741
2.271741
2.269657
2.269657
2.273523
2.273523
2.269763
2.269763
2.264584
2.264584
2.263167
2.263167
2.268394
2.268394
2.268293
2.268293
2.262916
2.262916
2.259440
2.259440
2.262160
2.262160
2.256504
2.256504
2.259452
2.259452
2.259856
2.259856
2.253418
2.253418
2.255431
2.255431
2.250795
2.250795
2.254832
2.254832
2.250870
2.250870
2.248469
2.248469
2.238764
2.238764
2.247528
2.247528
2.243448
2.243448
2.246182
2.246182
2.241074
2.241074
2.244243
2.244243
2.230496
2.230496
2.238126
2.238126
2.238574
2.238574
2.239491
2.239491
2.236002
2.236002
2.234154
2.234154
2.213232
2.213232
2.236662
2.236662
2.224602
2.224602
2.229802
2.229802
2.228088
2.228088
2.226949
2.226949
2.225222
2.225222
2.226893
2.226893
2.227884
2.227884
2.219334
2.219334
2.216150
2.216150
2.219927
2.219927
2.212747
2.212747
2.212667
2.212667
2.213809
2.213809
2.217669
2.217669
2.212019
2.212019
2.214749
2.214749
2.218708
2.218708
2.208276
2.208276
2.207419
2.207419
2.210845
2.210845
2.206135
2.206135
2.198797
2.198797
2.207070
2.207070
2.197381
2.197381
2.192164
2.192164
2.204362
2.204362
2.197533
2.197533
2.198717
2.198717
2.184542
2.184542
2.187201
2.187201
2.188714
2.188714
2.186195
2.186195
2.187105
2.187105
2.188825
2.188825
2.203094
2.203094
2.179768
2.179768
2.181393
2.181393
2.182961
2.182961
2.174739
2.174739
2.170754
2.170754
2.163607
2.163607
2.164275
2.164275
2.165386
2.165386
2.166730
2.166730
2.164479
2.164479
2.171145
2.171145
2.163780
2.163780
2.153616
2.153616
2.158582
2.158582
2.161910
2.161910
2.155210
2.155210
2.144203
2.144203
2.139603
2.139603
2.145387
2.145387
2.141936
2.141936
2.144351
2.144351
2.142353
2.142353
2.135456
2.135456
2.130874
2.130874
2.128544
2.128544
2.134112
2.134112
2.130481
2.130481
2.120119
2.120119
2.125112
2.125112
2.154011
2.154011
2.120130
2.120130
2.115984
2.115984
2.110581
2.110581
2.111012
2.111012
2.118570
2.118570
2.106438
2.106438
2.105360
2.105360
2.102876
2.102876
2.102433
2.102433
2.097156
2.097156
2.097461
2.097461
2.092976
2.092976
2.098991
2.098991
2.087369
2.087369
2.086250
2.086250
2.074152
2.074152
2.083872
2.083872
2.081785
2.081785
2.082170
2.082170
2.071202
2.071202
2.060671
2.060671
2.064440
2.064440
2.072782
2.072782
2.079951
2.079951
2.061662
2.061662
2.046606
2.046606
2.053141
2.053141
2.057538
2.057538
2.056926
2.056926
2.031018
2.031018
2.046067
2.046067
2.045519
2.045519
2.033333
2.033333
2.033367
2.033367
2.033867
2.033867
2.009604
2.009604
2.017727
2.017727
2.026519
2.026519
2.022791
2.022791
2.011171
2.011171
2.022132
2.022132
2.026225
2.026225
2.000136
2.000136
2.016337
2.016337
2.004068
2.004068
1.997449
1.997449
1.993756
1.993756
2.001456
2.001456
1.993269
1.993269
1.985846
1.985846
1.984508
1.984508
1.979986
1.979986
1.981035
1.981035
1.969778
1.969778
1.969532
1.969532
1.986929
1.986929
1.957945
1.957945
1.958140
1.958140
1.964124
1.964124
1.957511
1.957511
1.954669
1.954669
1.954972
1.954972
1.948807
1.948807
1.949508
1.949508
1.952925
1.952925
1.903477
1.903477
1.934878
1.934878
1.934036
1.934036
1.951623
1.951623
1.930346
1.930346
1.927534
1.927534
1.930485
1.930485
1.929893
1.929893
1.923760
1.923760
1.912584
1.912584
1.921478
1.921478
1.918164
1.918164
1.938654
1.938654
1.916423
1.916423
1.921157
1.921157
1.907509
1.907509
1.911233
1.911233
1.897753
1.897753
1.858536
1.858536
1.907555
1.907555
1.894145
1.894145
1.896983
1.896983
1.891848
1.891848
1.894686
1.894686
1.926213
1.926213
1.895481
1.895481
1.895211
1.895211
1.879470
1.879470
1.882684
1.882684
1.888475
1.888475
1.864952
1.864952
1.871716
1.871716
1.878198
1.878198
1.892535
1.892535
1.872276
1.872276
1.875856
1.875856
1.877156
1.877156
1.876579
1.876579
1.865578
1.865578
1.874473
1.874473
1.876282
1.876282
1.857136
1.857136
1.854002
1.854002
1.838341
1.838341
1.871982
1.871982
1.862571
1.862571
1.870658
1.870658
1.866423
1.866423
1.851983
1.851983
1.865807
1.865807
1.854604
1.854604
1.850561
1.850561
1.852715
1.852715
1.848068
1.848068
1.858641
1.858641
1.857725
1.857725
1.837538
1.837538
1.841610
1.841610
1.846671
1.846671
1.859187
1.859187
1.820602
1.820602
1.844463
1.844463
1.847694
1.847694
1.844257
1.844257
1.835297
1.835297
1.838322
1.838322
1.821239
1.821239
1.843105
1.843105
1.832778
1.832778
1.837973
1.837973
1.830681
1.830681
1.833284
1.833284
1.831927
1.831927
1.825709
1.825709
1.819945
1.819945
1.829276
1.829276
1.832848
1.832848
1.846924
1.846924
1.796500
1.796500
1.827506
1.827506
1.833510
1.833510
1.827744
1.827744
1.815658
1.815658
1.819767
1.819767
1.823508
1.823508
1.816037
1.816037
1.830684
1.830684
1.818477
1.818477
1.821801
1.821801
1.817622
1.817622
1.788289
1.788289
1.820851
1.820851
1.825553
1.825553
1.810650
1.810650
1.809234
1.809234
1.811527
1.811527
1.807755
1.807755
1.823411
1.823411
1.814003
1.814003
1.813299
1.813299
1.807835
1.807835
1.796314
1.796314
1.813189
1.813189
1.817386
1.817386
1.812234
1.812234
1.808937
1.808937
1.801529
1.801529
1.794650
1.794650
1.808566
1.808566
1.799204
1.799204
1.798206
1.798206
1.808852
1.808852
1.812095
1.812095
1.804111
1.804111
1.756934
1.756934
1.789966
1.789966
1.790753
1.790753
1.800257
1.800257
1.811720
1.811720
1.801365
1.801365
1.815169
1.815169
1.777835
1.777835
1.798110
1.798110
1.798728
1.798728
1.803028
1.803028
1.798040
1.798040
1.810377
1.810377
1.794812
1.794812
1.784209
1.784209
1.800486
1.800486
1.792243
1.792243
1.791705
1.791705
1.771682
1.771682
1.792832
1.792832
1.784076
1.784076
1.785887
1.785887
1.783517
1.783517
1.792367
1.792367
1.817474
1.817474
1.791797
1.791797
1.785860
1.785860
1.789974
1.789974
1.781413
1.781413
1.776968
1.776968
1.785531
1.785531
1.783313
1.783313
1.791817
1.791817
1.774761
1.774761
1.780153
1.780153
1.777758
1.777758
1.795221
1.795221
1.777683
1.777683
1.779820
1.779820
1.791675
1.791675
1.779580
1.779580
1.767154
1.767154
1.770501
1.770501
1.772803
1.772803
1.779092
1.779092
1.777734
1.777734
1.773398
1.773398
1.779164
1.779164
1.761915
1.761915
1.773334
1.773334
1.771490
1.771490
1.781890
1.781890
1.762857
1.762857
1.777058
1.777058
1.767239
1.767239
1.771467
1.771467
1.767056
1.767056
1.767935
1.767935
1.770267
1.770267
1.768953
1.768953
1.810560
1.810560
1.777558
1.777558
1.758892
1.758892
1.774343
1.774343
1.757370
1.757370
1.765682
1.765682
1.796949
1.796949
1.768663
1.768663
1.761719
1.761719
1.758181
1.758181
1.780174
1.780174
1.759777
1.759777
1.742658
1.742658
1.762320
1.762320
1.762580
1.762580
1.770658
1.770658
1.757645
1.757645
1.761463
1.761463
1.747183
1.747183
1.751693
1.751693
1.777342
1.777342
1.745231
1.745231
1.756481
1.756481
1.768244
1.768244
1.766653
1.766653
1.761282
1.761282
1.743975
1.743975
1.756644
1.756644
1.763269
1.763269
1.761878
1.761878
1.762897
1.762897
1.768989
1.768989
1.752080
1.752080
1.769626
1.769626
1.747645
1.747645
1.740689
1.740689
1.738170
1.738170
1.758657
1.758657
1.760442
1.760442
1.748312
1.748312
1.758508
1.758508
1.736213
1.736213
1.774952
1.774952
1.768164
1.768164
1.745764
1.745764
1.751647
1.751647
1.752852
1.752852
1.738520
1.738520
1.737013
1.737013
1.736514
1.736514
1.753941
1.753941
1.748513
1.748513
1.746338
1.746338
1.765846
1.765846
1.703532
1.703532
1.736046
1.736046
1.758496
1.758496
1.757095
1.757095
1.745037
1.745037
1.733344
1.733344
1.772549
1.772549
1.733374
1.733374
1.737867
1.737867
1.747652
1.747652
1.753495
1.753495
1.754693
1.754693
1.723654
1.723654
1.738947
1.738947
1.751105
1.751105
1.747430
1.747430
1.735752
1.735752
1.742088
1.742088
1.733880
1.733880
1.741183
1.741183
1.738330
1.738330
1.735104
1.735104
1.743128
1.743128
1.751591
1.751591
1.708914
1.708914
1.729178
1.729178
1.757656
1.757656
1.738532
1.738532
1.729014
1.729014
1.741399
1.741399
1.735428
1.735428
1.734919
1.734919
1.726887
1.726887
1.752655
1.752655
1.733222
1.733222
1.745383
1.745383
1.691631
1.691631
1.736723
1.736723
1.746238
1.746238
1.728558
1.728558
1.732468
1.732468
1.728370
1.728370
1.765867
1.765867
1.729342
1.729342
1.734851
1.734851
1.737416
1.737416
1.727496
1.727496
1.739971
1.739971
1.727261
1.727261
1.738500
1.738500
1.726049
1.726049
1.747682
1.747682
1.719288
1.719288
1.727659
1.727659
1.732676
1.732676
1.724839
1.724839
1.719191
1.719191
1.728239
1.728239
1.740606
1.740606
1.738899
1.738899
1.724420
1.724420
1.736897
1.736897
1.731323
1.731323
1.712612
1.712612
1.742282
1.742282
1.718496
1.718496
1.736149
1.736149
1.727187
1.727187
1.735906
1.735906
1.723201
1.723201
1.722891
1.722891
1.726478
1.726478
1.724130
1.724130
1.717280
1.717280
1.728683
1.728683
1.727978
1.727978
1.733169
1.733169
1.719080
1.719080
1.737941
1.737941
1.732645
1.732645
1.707656
1.707656
1.725051
1.725051
1.731747
1.731747
1.721498
1.721498
1.739204
1.739204
1.738080
1.738080
1.711586
1.711586
1.720577
1.720577
1.737661
1.737661
1.707065
1.707065
1.714043
1.714043
1.712012
1.712012
1.739909
1.739909
1.723743
1.723743
1.718598
1.718598
1.714896
1.714896
1.703702
1.703702
1.726465
1.726465
1.724914
1.724914
1.726489
1.726489
1.713200
1.713200
1.720049
1.720049
1.643628
1.643628
1.728750
1.728750
1.725232
1.725232
1.711394
1.711394
1.709772
1.709772
1.716655
1.716655
1.725155
1.725155
1.717641
1.717641
1.720928
1.720928
1.721509
1.721509
1.709772
1.709772
1.716310
1.716310
1.717632
1.717632
1.718300
1.718300
1.703850
1.703850
1.730302
1.730302
1.719606
1.719606
1.706124
1.706124
1.725857
1.725857
1.713354
1.713354
1.712039
1.712039
1.718355
1.718355
1.713829
1.713829
1.716005
1.716005
1.712449
1.712449
1.717883
1.717883
1.697835
1.697835
1.701117
1.701117
1.730592
1.730592
1.719566
1.719566
1.713394
1.713394
1.710734
1.710734
1.711024
1.711024
1.708571
1.708571
1.713116
1.713116
1.714817
1.714817
1.729200
1.729200
1.710791
1.710791
1.709125
1.709125
1.718436
1.718436
1.710860
1.710860
1.703486
1.703486
1.723266
1.723266
1.715935
1.715935
1.702893
1.702893
1.710369
1.710369
1.709917
1.709917
1.711245
1.711245
1.697174
1.697174
1.712790
1.712790
1.713817
1.713817
1.702269
1.702269
1.700380
1.700380
1.712140
1.712140
1.714955
1.714955
1.704789
1.704789
1.716504
1.716504
1.709596
1.709596
1.697958
1.697958
1.710579
1.710579
1.686555
1.686555
1.706115
1.706115
1.705336
1.705336
1.701568
1.701568
1.712261
1.712261
1.708592
1.708592
1.681967
1.681967
1.702308
1.702308
1.699179
1.699179
1.712467
1.712467
1.707135
1.707135
1.699745
1.699745
1.727437
1.727437
1.702317
1.702317
1.705208
1.705208
1.703978
1.703978
1.714364
1.714364
1.695436
1.695436
1.687801
1.687801
1.691726
1.691726
1.694831
1.694831
1.708625
1.708625
1.707370
1.707370
1.708339
1.708339
1.721366
1.721366
1.703371
1.703371
1.695512
1.695512
1.695106
1.695106
1.716340
1.716340
1.697315
1.697315
1.708407
1.708407
1.708930
1.708930
1.711711
1.711711
1.693754
1.693754
1.691414
1.691414
1.703694
1.703694
1.661904
1.661904
1.698786
1.698786
1.694534
1.694534
1.700677
1.700677
1.702339
1.702339
1.700256
1.700256
1.712574
1.712574
1.687752
1.687752
1.693504
1.693504
1.686321
1.686321
1.709815
1.709815
1.713146
1.713146
1.717852
1.717852
1.693608
1.693608
1.710703
1.710703
1.695208
1.695208
1.701650
1.701650
1.687524
1.687524
1.694590
1.694590
1.691648
1.691648
1.692058
1.692058
1.704042
1.704042
1.696985
1.696985
1.703833
1.703833
1.661462
1.661462
1.704539
1.704539
1.697968
1.697968
1.683724
1.683724
1.692864
1.692864
1.695149
1.695149
1.722314
1.722314
1.703327
1.703327
1.691711
1.691711
1.679036
1.679036
1.702778
1.702778
1.699207
1.699207
1.678236
1.678236
1.697982
1.697982
1.677455
1.677455
1.700731
1.700731
1.700873
1.700873
1.694002
1.694002
1.679983
1.679983
1.680933
1.680933
1.700480
1.700480
1.693607
1.693607
1.688067
1.688067
1.700021
1.700021
1.701588
1.701588
1.716651
1.716651
1.681790
1.681790
1.690207
1.690207
1.681187
1.681187
1.692064
1.692064
1.682084
1.682084
1.708412
1.708412
1.700546
1.700546
1.683398
1.683398
1.688834
1.688834
1.676313
1.676313
1.684635
1.684635
1.694035
1.694035
1.678483
1.678483
1.696592
1.696592
1.688581
1.688581
1.698603
1.698603
1.666245
1.666245
1.691772
1.691772
1.696148
1.696148
1.685925
1.685925
1.685318
1.685318
1.692003
1.692003
1.672212
1.672212
1.681828
1.681828
1.697750
1.697750
1.697560
1.697560
1.676123
1.676123
1.692249
1.692249
1.679859
1.679859
1.681696
1.681696
1.683642
1.683642
1.691102
1.691102
1.686450
1.686450
1.690005
1.690005
1.732773
1.732773
1.698482
1.698482
1.685535
1.685535
1.675261
1.675261
1.682875
1.682875
1.691509
1.691509
1.699262
1.699262
1.684022
1.684022
1.677049
1.677049
1.695707
1.695707
1.690163
1.690163
1.685548
1.685548
1.680439
1.680439
1.682069
1.682069
1.688832
1.688832
1.678990
1.678990
1.694516
1.694516
1.687022
1.687022
1.662044
1.662044
1.685062
1.685062
1.691565
1.691565
1.674478
1.674478
1.684240
1.684240
1.682532
1.682532
1.723668
1.723668
1.688644
1.688644
1.681168
1.681168
1.686400
1.686400
1.676154
1.676154
1.692344
1.692344
1.652540
1.652540
1.683782
1.683782
1.683081
1.683081
1.680122
1.680122
1.687599
1.687599
1.681677
1.681677
1.683495
1.683495
1.678341
1.678341
1.687253
1.687253
1.683505
1.683505
1.676387
1.676387
1.686886
1.686886
1.685700
1.685700
1.699716
1.699716
1.685869
1.685869
1.673854
1.673854
1.680704
1.680704
1.673313
1.673313
1.654007
1.654007
1.678107
1.678107
1.681762
1.681762
1.678771
1.678771
1.688231
1.688231
1.681617
1.681617
1.661815
1.661815
1.685050
1.685050
1.687669
1.687669
1.692546
1.692546
1.673997
1.673997
1.663578
1.663578
1.675519
1.675519
1.678406
1.678406
1.676641
1.676641
1.679066
1.679066
1.686822
1.686822
1.679864
1.679864
1.665523
1.665523
1.679470
1.679470
1.681362
1.681362
1.676981
1.676981
1.656377
1.656377
1.696519
1.696519
1.707242
1.707242
1.681107
1.681107
1.675004
1.675004
1.670381
1.670381
1.680509
1.680509
1.683021
1.683021
1.688408
1.688408
1.685158
1.685158
1.673944
1.673944
1.677834
1.677834
1.676777
1.676777
1.678137
1.678137
1.655172
1.655172
1.681951
1.681951
1.677306
1.677306
1.682595
1.682595
1.676757
1.676757
1.672155
1.672155
1.641666
1.641666
1.675390
1.675390
1.694170
1.694170
1.670235
1.670235
1.682352
1.682352
1.656725
1.656725
1.697627
1.697627
1.671477
1.671477
1.668007
1.668007
1.680432
1.680432
1.686331
1.686331
1.682231
1.682231
1.613425
1.613425
1.670512
1.670512
1.672749
1.672749
1.673214
1.673214
1.688180
1.688180
1.667799
1.667799
1.697843
1.697843
1.672438
1.672438
1.671228
1.671228
1.672019
1.672019
1.676958
1.676958
1.679836
1.679836
1.677929
1.677929
1.677623
1.677623
1.679325
1.679325
1.672343
1.672343
1.658698
1.658698
1.683615
1.683615
1.664091
1.664091
1.688004
1.688004
1.673300
1.673300
1.676943
1.676943
1.670639
1.670639
1.661688
1.661688
1.650713
1.650713
1.679873
1.679873
1.671867
1.671867
1.660563
1.660563
1.675749
1.675749
1.674949
1.674949
1.679568
1.679568
1.692165
1.692165
1.670321
1.670321
1.676241
1.676241
1.659798
1.659798
1.662081
1.662081
1.675708
1.675708
1.668215
1.668215
1.681208
1.681208
1.664855
1.664855
1.674634
1.674634
1.670895
1.670895
1.662514
1.662514
1.680533
1.680533
1.665772
1.665772
1.676845
1.676845
1.662845
1.662845
1.670965
1.670965
1.664570
1.664570
1.665372
1.665372
1.661937
1.661937
1.666459
1.666459
1.668806
1.668806
1.691422
1.691422
1.666831
1.666831
1.680053
1.680053
1.657056
1.657056
1.668450
1.668450
1.673723
1.673723
1.667125
1.667125
1.698442
1.698442
1.666295
1.666295
1.668172
1.668172
1.668845
1.668845
1.673835
1.673835
1.673782
1.673782
1.649413
1.649413
1.669252
1.669252
1.660316
1.660316
1.670243
1.670243
1.677485
1.677485
1.671670
1.671670
1.643500
1.643500
1.663362
1.663362
1.675414
1.675414
1.669836
1.669836
1.660536
1.660536
1.672335
1.672335
1.674916
1.674916
1.676814
1.676814
1.676106
1.676106
1.675557
1.675557
1.645115
1.645115
1.662923
1.662923
1.689807
1.689807
1.665964
1.665964
1.665730
1.665730
1.671112
1.671112
1.667831
1.667831
1.668270
1.668270
1.657116
1.657116
1.662586
1.662586
1.662040
1.662040
1.666722
1.666722
1.684172
1.684172
1.664420
1.664420
1.632361
1.632361
1.668432
1.668432
1.675626
1.675626
1.668385
1.668385
1.663568
1.663568
1.658078
1.658078
1.651470
1.651470
1.668068
1.668068
1.655418
1.655418
1.670931
1.670931
1.670169
1.670169
1.658539
1.658539
1.705357
1.705357
1.662714
1.662714
1.671475
1.671475
1.670234
1.670234
1.661732
1.661732
1.665330
1.665330
1.633965
1.633965
1.657026
1.657026
1.668513
1.668513
1.673548
1.673548
1.670574
1.670574
1.647658
1.647658
1.708932
1.708932
1.660085
1.660085
1.681388
1.681388
1.660666
1.660666
1.654341
1.654341
1.670755
1.670755
1.627303
1.627303
1.677993
1.677993
1.659880
1.659880
1.664535
1.664535
1.660034
1.660034
1.657874
1.657874
1.657159
1.657159
1.664626
1.664626
1.662028
1.662028
1.673623
1.673623
1.655516
1.655516
1.661978
1.661978
1.659434
1.659434
1.662337
1.662337
1.651846
1.651846
1.652787
1.652787
1.667666
1.667666
1.677674
1.677674
1.681194
1.681194
1.658505
1.658505
1.680719
1.680719
1.666105
1.666105
1.649985
1.649985
1.660539
1.660539
1.643663
1.643663
1.657830
1.657830
1.675968
1.675968
1.657834
1.657834
1.660325
1.660325
1.661246
1.661246
1.646595
1.646595
1.651032
1.651032
1.676494
1.676494
1.668132
1.668132
1.651930
1.651930
1.659021
1.659021
1.674904
1.674904
1.669877
1.669877
1.671421
1.671421
1.658020
1.658020
1.667702
1.667702
1.640536
1.640536
1.652229
1.652229
1.656569
1.656569
1.664778
1.664778
1.658818
1.658818
1.658342
1.658342
1.668479
1.668479
1.638667
1.638667
1.646149
1.646149
1.680577
1.680577
1.652786
1.652786
1.658200
1.658200
1.668460
1.668460
1.628912
1.628912
1.660645
1.660645
1.667663
1.667663
1.662935
1.662935
1.649615
1.649615
1.658595
1.658595
1.659202
1.659202
1.653673
1.653673
1.662707
1.662707
1.652319
1.652319
1.663162
1.663162
1.665391
1.665391
1.659792
1.659792
1.651028
1.651028
1.655524
1.655524
1.659460
1.659460
1.660160
1.660160
1.664459
1.664459
1.688181
1.688181
1.654854
1.654854
1.662386
1.662386
1.652256
1.652256
1.653624
1.653624
1.665450
1.665450
1.685509
1.685509
1.655476
1.655476
1.650448
1.650448
1.652674
1.652674
1.670771
1.670771
1.663269
1.663269
1.642936
1.642936
1.653850
1.653850
1.659149
1.659149
1.657737
1.657737
1.655383
1.655383
1.662159
1.662159
1.656512
1.656512
1.655448
1.655448
1.653894
1.653894
1.668146
1.668146
1.652246
1.652246
1.659243
1.659243
1.637735
1.637735
1.655409
1.655409
1.655133
1.655133
1.662380
1.662380
1.656127
1.656127
1.656400
1.656400
1.646965
1.646965
1.663113
1.663113
1.657576
1.657576
1.658673
1.658673
1.651490
1.651490
1.653822
1.653822
1.638147
1.638147
1.655010
1.655010
1.657705
1.657705
1.649396
1.649396
1.655884
1.655884
1.661761
1.661761
1.656143
1.656143
1.652066
1.652066
1.667828
1.667828
1.654729
1.654729
1.650045
1.650045
1.653947
1.653947
1.650434
1.650434
1.667870
1.667870
1.662767
1.662767
1.647415
1.647415
1.648680
1.648680
1.650552
1.650552
1.646348
1.646348
1.648877
1.648877
1.655271
1.655271
1.664171
1.664171
1.650138
1.650138
1.660780
1.660780
1.621593
1.621593
1.657415
1.657415
1.657077
1.657077
1.643132
1.643132
1.650467
1.650467
1.663110
1.663110
1.662022
1.662022
1.644498
1.644498
1.665841
1.665841
1.655937
1.655937
1.646599
1.646599
1.659610
1.659610
1.641671
1.641671
1.654344
1.654344
1.652340
1.652340
1.651505
1.651505
1.651838
1.651838
1.662102
1.662102
1.632329
1.632329
1.666071
1.666071
1.647289
1.647289
1.649533
1.649533
1.659898
1.659898
1.645609
1.645609
1.645526
1.645526
1.656083
1.656083
1.641848
1.641848
1.648469
1.648469
1.666555
1.666555
1.648277
1.648277
1.681561
1.681561
1.653198
1.653198
1.653889
1.653889
1.650822
1.650822
1.668390
1.668390
1.641631
1.641631
1.626893
1.626893
1.675877
1.675877
1.663209
1.663209
1.632560
1.632560
1.645295
1.645295
1.648399
1.648399
1.633261
1.633261
1.666138
1.666138
1.648992
1.648992
1.650904
1.650904
1.653369
1.653369
1.644245
1.644245
1.633372
1.633372
1.662013
1.662013
1.636826
1.636826
1.650636
1.650636
1.645951
1.645951
1.659444
1.659444
1.679246
1.679246
1.651890
1.651890
1.640722
1.640722
1.652707
1.652707
1.671390
1.671390
1.642375
1.642375
1.640119
1.640119
1.641668
1.641668
1.648502
1.648502
1.654055
1.654055
1.658771
1.658771
1.655205
1.655205
1.634817
1.634817
1.655615
1.655615
1.643574
1.643574
1.653180
1.653180
1.643823
1.643823
1.661299
1.661299
1.628266
1.628266
1.646765
1.646765
1.654537
1.654537
1.644094
1.644094
1.653150
1.653150
1.647983
1.647983
1.688025
1.688025
1.667614
1.667614
1.652103
1.652103
1.638871
1.638871
1.643291
1.643291
1.644720
1.644720
1.676120
1.676120
1.644081
1.644081
1.652919
1.652919
1.654200
1.654200
1.651851
1.651851
1.653094
1.653094
1.602484
1.602484
1.655154
1.655154
1.650559
1.650559
1.643240
1.643240
1.652002
1.652002
1.644607
1.644607
1.659890
1.659890
1.646380
1.646380
1.651060
1.651060
1.661028
1.661028
1.647656
1.647656
1.640349
1.640349
1.642288
1.642288
1.659379
1.659379
1.646006
1.646006
1.642727
1.642727
1.641010
1.641010
1.655194
1.655194
1.646000
1.646000
1.653748
1.653748
1.650391
1.650391
1.653919
1.653919
1.644888
1.644888
1.641224
1.641224
1.637077
1.637077
1.657681
1.657681
1.632454
1.632454
1.659507
1.659507
1.645572
1.645572
1.647194
1.647194
1.639076
1.639076
1.641342
1.641342
1.661747
1.661747
1.654780
1.654780
1.637418
1.637418
1.646656
1.646656
1.632679
1.632679
1.659836
1.659836
1.647412
1.647412
1.640446
1.640446
1.650808
1.650808
1.639045
1.639045
1.649743
1.649743
1.639823
1.639823
1.637836
1.637836
1.656079
1.656079
1.651398
1.651398
1.649973
1.649973
1.653343
1.653343
1.643889
1.643889
1.651842
1.651842
1.628556
1.628556
1.646757
1.646757
1.654763
1.654763
1.703098
1.703098
1.638854
1.638854
1.643685
1.643685
1.648383
1.648383
1.636477
1.636477
1.661248
1.661248
1.674253
1.674253
1.639047
1.639047
1.656212
1.656212
1.640223
1.640223
1.648335
1.648335
1.643223
1.643223
1.677045
1.677045
1.642529
1.642529
1.645299
1.645299
1.643504
1.643504
1.658080
1.658080
1.641848
1.641848
1.641837
1.641837
1.629241
1.629241
1.654964
1.654964
1.650263
1.650263
1.649913
1.649913
1.644702
1.644702
1.648049
1.648049
1.658732
1.658732
1.636124
1.636124
1.656382
1.656382
1.641825
1.641825
1.636121
1.636121
1.637986
1.637986
1.649555
1.649555
1.647176
1.647176
1.640171
1.640171
1.631371
1.631371
1.658830
1.658830
1.641355
1.641355
1.645243
1.645243
1.665681
1.665681
1.639658
1.639658
1.637125
1.637125
1.642731
1.642731
1.610914
1.610914
1.639936
1.639936
1.649171
1.649171
1.641793
1.641793
1.644253
1.644253
1.642387
1.642387
1.686395
1.686395
1.635366
1.635366
1.634626
1.634626
1.643636
1.643636
1.659109
1.659109
1.646361
1.646361
1.666314
1.666314
1.637771
1.637771
1.652413
1.652413
1.653423
1.653423
1.635596
1.635596
1.646460
1.646460
1.612752
1.612752
1.642395
1.642395
1.630982
1.630982
1.641724
1.641724
1.656789
1.656789
1.645773
1.645773
1.654597
1.654597
1.647731
1.647731
1.642681
1.642681
1.642707
1.642707
1.640476
1.640476
1.642240
1.642240
1.657484
1.657484
1.655289
1.655289
1.637752
1.637752
1.643597
1.643597
1.650377
1.650377
1.630976
1.630976
1.633681
1.633681
1.654117
1.654117
1.641409
1.641409
1.641768
1.641768
1.651612
1.651612
1.628125
1.628125
1.630123
1.630123
1.637121
1.637121
1.655331
1.655331
1.646468
1.646468
1.634540
1.634540
1.637008
1.637008
1.664520
1.664520
1.657045
1.657045
1.639876
1.639876
1.632120
1.632120
1.642563
1.642563
1.639930
1.639930
1.649143
1.649143
1.645669
1.645669
1.653928
1.653928
1.639086
1.639086
1.636843
1.636843
1.630995
1.630995
1.672271
1.672271
1.641615
1.641615
1.633753
1.633753
1.631636
1.631636
1.647825
1.647825
1.652884
1.652884
1.655542
1.655542
1.645128
1.645128
1.634705
1.634705
1.647195
1.647195
1.629595
1.629595
1.650008
1.650008
1.653770
1.653770
1.652669
1.652669
1.639946
1.639946
1.643795
1.643795
1.635911
1.635911
1.641366
1.641366
1.599207
1.599207
1.650321
1.650321
1.640058
1.640058
1.635900
1.635900
1.648180
1.648180
1.636048
1.636048
1.611266
1.611266
1.637069
1.637069
1.649235
1.649235
1.640433
1.640433
1.633065
1.633065
1.643560
1.643560
1.648817
1.648817
1.637004
1.637004
1.635192
1.635192
1.639747
1.639747
1.637161
1.637161
1.650000
1.650000
1.668100
1.668100
1.642954
1.642954
1.635583
1.635583
1.650418
1.650418
1.643367
1.643367
1.629767
1.629767
1.641190
1.641190
1.643068
1.643068
1.648754
1.648754
1.638887
1.638887
1.646617
1.646617
1.624087
1.624087
1.637254
1.637254
1.627827
1.627827
1.641524
1.641524
1.642218
1.642218
1.639357
1.639357
1.647774
1.647774
1.645579
1.645579
1.629832
1.629832
1.632058
1.632058
1.633796
1.633796
1.648377
1.648377
1.656882
1.656882
1.622539
1.622539
1.641789
1.641789
1.632885
1.632885
1.631163
1.631163
1.636818
1.636818
1.648446
1.648446
1.678211
1.678211
1.636341
1.636341
1.648765
1.648765
1.634794
1.634794
1.642763
1.642763
1.630542
1.630542
1.657300
1.657300
1.644546
1.644546
1.632312
1.632312
1.635472
1.635472
1.639587
1.639587
1.641503
1.641503
1.649812
1.649812
1.653647
1.653647
1.635811
1.635811
1.631655
1.631655
1.644145
1.644145
1.630282
1.630282
1.629567
1.629567
1.634036
1.634036
1.649675
1.649675
1.629219
1.629219
1.646339
1.646339
1.635301
1.635301
1.628543
1.628543
1.640747
1.640747
1.635559
1.635559
1.636190
1.636190
1.649274
1.649274
1.630468
1.630468
1.635805
1.635805
1.644908
1.644908
1.642064
1.642064
1.627389
1.627389
1.639388
1.639388
1.636194
1.636194
1.642156
1.642156
1.628829
1.628829
1.638417
1.638417
1.645233
1.645233
1.641919
1.641919
1.633816
1.633816
1.645175
1.645175
1.644448
1.644448
1.628911
1.628911
1.623269
1.623269
1.647318
1.647318
1.641595
1.641595
1.654747
1.654747
1.641842
1.641842
1.646718
1.646718
1.640856
1.640856
1.622641
1.622641
1.641220
1.641220
1.595781
1.595781
1.629019
1.629019
1.632149
1.632149
1.653384
1.653384
1.639076
1.639076
1.635657
1.635657
1.613017
1.613017
1.639992
1.639992
1.642642
1.642642
1.645296
1.645296
1.628482
1.628482
1.627392
1.627392
1.641298
1.641298
1.624029
1.624029
1.629370
1.629370
1.649091
1.649091
1.634067
1.634067
1.644187
1.644187
1.653655
1.653655
1.639311
1.639311
1.650732
1.650732
1.639957
1.639957
1.626909
1.626909
1.631276
1.631276
1.597710
1.597710
1.647096
1.647096
1.628024
1.628024
1.641946
1.641946
1.642689
1.642689
1.624949
1.624949
1.612771
1.612771
1.638650
1.638650
1.636718
1.636718
1.633940
1.633940
1.637751
1.637751
1.631442
1.631442
1.645308
1.645308
1.623740
1.623740
1.637386
1.637386
1.624257
1.624257
1.638579
1.638579
1.657279
1.657279
1.620237
1.620237
1.633565
1.633565
1.635310
1.635310
1.638385
1.638385
1.625960
1.625960
1.643685
1.643685
1.641744
1.641744
1.628791
1.628791
1.639498
1.639498
1.632186
1.632186
1.645127
1.645127
1.626555
1.626555
1.666089
1.666089
1.638150
1.638150
1.648047
1.648047
1.632402
1.632402
1.632868
1.632868
1.619374
1.619374
1.669079
1.669079
1.635404
1.635404
1.630038
1.630038
1.649703
1.649703
1.619736
1.619736
1.640324
1.640324
1.634635
1.634635
1.643165
1.643165
1.636043
1.636043
1.624301
1.624301
1.636325
1.636325
1.631855
1.631855
1.651873
1.651873
1.634459
1.634459
1.631836
1.631836
1.641961
1.641961
1.629491
1.629491
1.635547
1.635547
1.634555
1.634555
1.626577
1.626577
1.637223
1.637223
1.632775
1.632775
1.635334
1.635334
1.640862
1.640862
1.630853
1.630853
1.630664
1.630664
1.635777
1.635777
1.635898
1.635898
1.625093
1.625093
1.648399
1.648399
1.604628
1.604628
1.635109
1.635109
1.648185
1.648185
1.627863
1.627863
1.630348
1.630348
1.626280
1.626280
1.650345
1.650345
1.628677
1.628677
1.620999
1.620999
1.638943
1.638943
1.641114
1.641114
1.640648
1.640648
1.626242
1.626242
1.647041
1.647041
1.639429
1.639429
1.637501
1.637501
1.626105
1.626105
1.620522
1.620522
1.618703
1.618703
1.632460
1.632460
1.622905
1.622905
1.645233
1.645233
1.636793
1.636793
1.634103
1.634103
1.607044
1.607044
1.625891
1.625891
1.651260
1.651260
1.633701
1.633701
1.627485
1.627485
1.627473
1.627473
1.638212
1.638212
1.623197
1.623197
1.634928
1.634928
1.632161
1.632161
1.636316
1.636316
1.635209
1.635209
1.657816
1.657816
1.621315
1.621315
1.631631
1.631631
1.630363
1.630363
1.648891
1.648891
1.633832
1.633832
1.623781
1.623781
1.649327
1.649327
1.622554
1.622554
1.625852
1.625852
1.627947
1.627947
1.641730
1.641730
1.607932
1.607932
1.643476
1.643476
1.626856
1.626856
1.628587
1.628587
1.621266
1.621266
1.643450
1.643450
1.625042
1.625042
1.635627
1.635627
1.625096
1.625096
1.630120
1.630120
1.637772
1.637772
1.633608
1.633608
1.626429
1.626429
1.636183
1.636183
1.640689
1.640689
1.631317
1.631317
1.625347
1.625347
1.631308
1.631308
1.602024
1.602024
1.632977
1.632977
1.651141
1.651141
1.616369
1.616369
1.637623
1.637623
1.623085
1.623085
1.618403
1.618403
1.638693
1.638693
1.630772
1.630772
1.628808
1.628808
1.623649
1.623649
1.632157
1.632157
1.658477
1.658477
1.644492
1.644492
1.634086
1.634086
1.629386
1.629386
1.624658
1.624658
1.621805
1.621805
1.649680
1.649680
1.615286
1.615286
1.629280
1.629280
1.649456
1.649456
1.619989
1.619989
1.636272
1.636272
1.669544
1.669544
1.641989
1.641989
1.617228
1.617228
1.636683
1.636683
1.628239
1.628239
1.630590
1.630590
1.632333
1.632333
1.627480
1.627480
1.634344
1.634344
1.636458
1.636458
1.633314
1.633314
1.626714
1.626714
1.601635
1.601635
1.621365
1.621365
1.631015
1.631015
1.630262
1.630262
1.639153
1.639153
1.634754
1.634754
1.606958
1.606958
1.641915
1.641915
1.626330
1.626330
1.615128
1.615128
1.631786
1.631786
1.636446
1.636446
1.633763
1.633763
1.635366
1.635366
1.620236
1.620236
1.634716
1.634716
1.627285
1.627285
1.629882
1.629882
1.655452
1.655452
1.629382
1.629382
1.626174
1.626174
1.622702
1.622702
1.638727
1.638727
1.629939
1.629939
1.653564
1.653564
1.636973
1.636973
1.629439
1.629439
1.628585
1.628585
1.621355
1.621355
1.631780
1.631780
1.640428
1.640428
1.633493
1.633493
1.626965
1.626965
1.636603
1.636603
1.625380
1.625380
1.631213
1.631213
1.599793
1.599793
1.627018
1.627018
1.627316
1.627316
1.635378
1.635378
1.628730
1.628730
1.629907
1.629907
1.630862
1.630862
1.627611
1.627611
1.625490
1.625490
1.630841
1.630841
1.640595
1.640595
1.623988
1.623988
1.626441
1.626441
1.621995
1.621995
1.619768
1.619768
1.632563
1.632563
1.643718
1.643718
1.632370
1.632370
1.610849
1.610849
1.632379
1.632379
1.615107
1.615107
1.633286
1.633286
1.631322
1.631322
1.631154
1.631154
1.653732
1.653732
1.638870
1.638870
1.631385
1.631385
1.627865
1.627865
1.626238
1.626238
1.623485
1.623485
1.618816
1.618816
1.627188
1.627188
1.639982
1.639982
1.627711
1.627711
1.619911
1.619911
1.630038
1.630038
1.632237
1.632237
1.623556
1.623556
1.636661
1.636661
1.627137
1.627137
1.638387
1.638387
1.618627
1.618627
1.628072
1.628072
1.638477
1.638477
1.630631
1.630631
1.629195
1.629195
1.618231
1.618231
1.628575
1.628575
1.616836
1.616836
1.629752
1.629752
1.628429
1.628429
1.646044
1.646044
1.624139
1.624139
1.617346
1.617346
1.606871
1.606871
1.632466
1.632466
1.627160
1.627160
1.624430
1.624430
1.631711
1.631711
1.628720
1.628720
1.608987
1.608987
1.648831
1.648831
1.622523
1.622523
1.634944
1.634944
1.616429
1.616429
1.618544
1.618544
1.623742
1.623742
1.619766
1.619766
1.637768
1.637768
1.614907
1.614907
1.627835
1.627835
1.633409
1.633409
1.666657
1.666657
1.634164
1.634164
1.637318
1.637318
1.615928
1.615928
1.625189
1.625189
1.625541
1.625541
1.631411
1.631411
1.634004
1.634004
1.624977
1.624977
1.623522
1.623522
1.629617
1.629617
1.630357
1.630357
1.597668
1.597668
1.632546
1.632546
1.634753
1.634753
1.629123
1.629123
1.631022
1.631022
1.610551
1.610551
1.622725
1.622725
1.616363
1.616363
1.622042
1.622042
1.624494
1.624494
1.643401
1.643401
1.628600
1.628600
1.639437
1.639437
1.627145
1.627145
1.628586
1.628586
1.631552
1.631552
1.626056
1.626056
1.617806
1.617806
1.660332
1.660332
1.631566
1.631566
1.633866
1.633866
1.626595
1.626595
1.637385
1.637385
1.607761
1.607761
1.617857
1.617857
1.619789
1.619789
1.632118
1.632118
1.617332
1.617332
1.631918
1.631918
1.633089
1.633089
1.634053
1.634053
1.637745
1.637745
1.628293
1.628293
1.636013
1.636013
1.612377
1.612377
1.625931
1.625931
1.590294
1.590294
1.628926
1.628926
1.619627
1.619627
1.637614
1.637614
1.619325
1.619325
1.627325
1.627325
1.633343
1.633343
1.620678
1.620678
1.631800
1.631800
1.625567
1.625567
1.637950
1.637950
1.617418
1.617418
1.623540
1.623540
1.618092
1.618092
1.633653
1.633653
1.630036
1.630036
1.616883
1.616883
1.637396
1.637396
1.599968
1.599968
1.619458
1.619458
1.625065
1.625065
1.623872
1.623872
1.632772
1.632772
1.628370
1.628370
1.636683
1.636683
1.617965
1.617965
1.636810
1.636810
1.635295
1.635295
1.620046
1.620046
1.623902
1.623902
1.602811
1.602811
1.624560
1.624560
1.620894
1.620894
1.623145
1.623145
1.635751
1.635751
1.622197
1.622197
1.647560
1.647560
1.612256
1.612256
1.647142
1.647142
1.630813
1.630813
1.622027
1.622027
1.616365
1.616365
1.629979
1.629979
1.618505
1.618505
1.626947
1.626947
1.609480
1.609480
1.639236
1.639236
1.633496
1.633496
1.631430
1.631430
1.640460
1.640460
1.616623
1.616623
1.620259
1.620259
1.621031
1.621031
1.632139
1.632139
1.607555
1.607555
1.613306
1.613306
1.626974
1.626974
1.627539
1.627539
1.634117
1.634117
1.621230
1.621230
1.649965
1.649965
1.618898
1.618898
1.633372
1.633372
1.640301
1.640301
1.619546
1.619546
1.618513
1.618513
1.595474
1.595474
1.625283
1.625283
1.621056
1.621056
1.622283
1.622283
1.619194
1.619194
1.636429
1.636429
1.632370
1.632370
1.627769
1.627769
1.637388
1.637388
1.613857
1.613857
1.621131
1.621131
1.623965
1.623965
1.629469
1.629469
1.615618
1.615618
1.630284
1.630284
1.624570
1.624570
1.620926
1.620926
1.632487
1.632487
1.626469
1.626469
1.644170
1.644170
1.623859
1.623859
1.615456
1.615456
1.614267
1.614267
1.625265
1.625265
1.627432
1.627432
1.633483
1.633483
1.620457
1.620457
1.622365
1.622365
1.622754
1.622754
1.624567
1.624567
1.619271
1.619271
1.628803
1.628803
1.611363
1.611363
1.620214
1.620214
1.631361
1.631361
1.628828
1.628828
1.635393
1.635393
1.621463
1.621463
1.618623
1.618623
1.634322
1.634322
1.621382
1.621382
1.627903
1.627903
1.610236
1.610236
1.609229
1.609229
1.605645
1.605645
1.626436
1.626436
1.646615
1.646615
1.637750
1.637750
1.592668
1.592668
1.611292
1.611292
1.622737
1.622737
1.626959
1.626959
1.632014
1.632014
1.627408
1.627408
1.623023
1.623023
1.621400
1.621400
1.633868
1.633868
1.626704
1.626704
1.628778
1.628778
1.612184
1.612184
1.602567
1.602567
1.621203
1.621203
1.630363
1.630363
1.609510
1.609510
1.620326
1.620326
1.637741
1.637741
1.623369
1.623369
1.617318
1.617318
1.623690
1.623690
1.633115
1.633115
1.623666
1.623666
1.621067
1.621067
1.620569
1.620569
1.629147
1.629147
1.620588
1.620588
1.623980
1.623980
1.631395
1.631395
1.615473
1.615473
1.604802
1.604802
1.634025
1.634025
1.624509
1.624509
1.616265
1.616265
1.625467
1.625467
1.613350
1.613350
1.645751
1.645751
1.626298
1.626298
1.609496
1.609496
1.636521
1.636521
1.621090
1.621090
1.619577
1.619577
1.646279
1.646279
1.625260
1.625260
1.622523
1.622523
1.617503
1.617503
1.625500
1.625500
1.626201
1.626201
1.616439
1.616439
1.629638
1.629638
1.615199
1.615199
1.627039
1.627039
1.630287
1.630287
1.610939
1.610939
1.637109
1.637109
1.629437
1.629437
1.625026
1.625026
1.631764
1.631764
1.616903
1.616903
1.610846
1.610846
1.626524
1.626524
1.609177
1.609177
1.634551
1.634551
1.613979
1.613979
1.628705
1.628705
1.626680
1.626680
1.628111
1.628111
1.612309
1.612309
1.636716
1.636716
1.612565
1.612565
1.631687
1.631687
1.621281
1.621281
1.614789
1.614789
1.629748
1.629748
1.608049
1.608049
1.627734
1.627734
1.628844
1.628844
1.622249
1.622249
1.597446
1.597446
1.619686
1.619686
1.620264
1.620264
1.619854
1.619854
1.627183
1.627183
1.627372
1.627372
1.608928
1.608928
1.640040
1.640040
1.620883
1.620883
1.613196
1.613196
1.615532
1.615532
1.620095
1.620095
1.636177
1.636177
1.635008
1.635008
1.623620
1.623620
1.609923
1.609923
1.617989
1.617989
1.623783
1.623783
1.628516
1.628516
1.622953
1.622953
1.627078
1.627078
1.617386
1.617386
1.623224
1.623224
1.623140
1.623140
1.601957
1.601957
1.630573
1.630573
1.628728
1.628728
1.628498
1.628498
1.605296
1.605296
1.614095
1.614095
1.640940
1.640940
1.619861
1.619861
1.627757
1.627757
1.628421
1.628421
1.614100
1.614100
1.619034
1.619034
1.622807
1.622807
1.599257
1.599257
1.626833
1.626833
1.618426
1.618426
1.619307
1.619307
1.644233
1.644233
1.624012
1.624012
1.618018
1.618018
1.623526
1.623526
1.619859
1.619859
1.620706
1.620706
1.628043
1.628043
1.605853
1.605853
1.604542
1.604542
1.603455
1.603455
1.638802
1.638802
1.627193
1.627193
1.639714
1.639714
1.579913
1.579913
1.617508
1.617508
1.611857
1.611857
1.626197
1.626197
1.623780
1.623780
1.624037
1.624037
1.643842
1.643842
1.626531
1.626531
1.621007
1.621007
1.623698
1.623698
1.624236
1.624236
1.611104
1.611104
1.617915
1.617915
1.630688
1.630688
1.627037
1.627037
1.620989
1.620989
1.617953
1.617953
1.607689
1.607689
1.628092
1.628092
1.624446
1.624446
1.611102
1.611102
1.619645
1.619645
1.621577
1.621577
1.627953
1.627953
1.622119
1.622119
1.624485
1.624485
1.616702
1.616702
1.613057
1.613057
1.626119
1.626119
1.627273
1.627273
1.599920
1.599920
1.621185
1.621185
1.621166
1.621166
1.634414
1.634414
1.611863
1.611863
1.617715
1.617715
1.605894
1.605894
1.619725
1.619725
1.617680
1.617680
1.625921
1.625921
1.624306
1.624306
1.616837
1.616837
1.615593
1.615593
1.621680
1.621680
1.623592
1.623592
1.618155
1.618155
1.624920
1.624920
1.612109
1.612109
1.637817
1.637817
1.615400
1.615400
1.619082
1.619082
1.617845
1.617845
1.624548
1.624548
1.624897
1.624897
1.624544
1.624544
1.622205
1.622205
1.620822
1.620822
1.631382
1.631382
1.615416
1.615416
1.613303
1.613303
1.612076
1.612076
1.613426
1.613426
1.639061
1.639061
1.606108
1.606108
1.616129
1.616129
1.627882
1.627882
1.611728
1.611728
1.622274
1.622274
1.611176
1.611176
1.621869
1.621869
1.616497
1.616497
1.623473
1.623473
1.655144
1.655144
1.621617
1.621617
1.631549
1.631549
1.602205
1.602205
1.627047
1.627047
1.619682
1.619682
1.606271
1.606271
1.605971
1.605971
1.623910
1.623910
1.600985
1.600985
1.634050
1.634050
1.634985
1.634985
1.616508
1.616508
1.618079
1.618079
1.630722
1.630722
1.613769
1.613769
1.618523
1.618523
1.619898
1.619898
1.604221
1.604221
1.614145
1.614145
1.616274
1.616274
1.614135
1.614135
1.637829
1.637829
1.617364
1.617364
1.608020
1.608020
1.625284
1.625284
1.621497
1.621497
1.608559
1.608559
1.614718
1.614718
1.626972
1.626972
1.622417
1.622417
1.623863
1.623863
1.609704
1.609704
1.623126
1.623126
1.624325
1.624325
1.615721
1.615721
1.621214
1.621214
1.625615
1.625615
1.617571
1.617571
1.611888
1.611888
1.613626
1.613626
1.627061
1.627061
1.624614
1.624614
1.619953
1.619953
1.610705
1.610705
1.609974
1.609974
1.630334
1.630334
1.622492
1.622492
1.636600
1.636600
1.613123
1.613123
1.624261
1.624261
1.611292
1.611292
1.631894
1.631894
1.613779
1.613779
1.627412
1.627412
1.621961
1.621961
1.615945
1.615945
1.627905
1.627905
1.625816
1.625816
1.608348
1.608348
1.587231
1.587231
1.614960
1.614960
1.620409
1.620409
1.622360
1.622360
1.609981
1.609981
1.627194
1.627194
1.616837
1.616837
1.615524
1.615524
1.619583
1.619583
1.610947
1.610947
1.614004
1.614004
1.630666
1.630666
1.639940
1.639940
1.618947
1.618947
1.612760
1.612760
1.621683
1.621683
1.625798
1.625798
1.615918
1.615918
1.608043
1.608043
1.619836
1.619836
1.604445
1.604445
1.619532
1.619532
1.625807
1.625807
1.619518
1.619518
1.644513
1.644513
1.627249
1.627249
1.626030
1.626030
1.622005
1.622005
1.600249
1.600249
1.619464
1.619464
1.603892
1.603892
1.603600
1.603600
1.626522
1.626522
1.621289
1.621289
1.617817
1.617817
1.629252
1.629252
1.578992
1.578992
1.619247
1.619247
1.616361
1.616361
1.616936
1.616936
1.626185
1.626185
1.615392
1.615392
1.605007
1.605007
1.627471
1.627471
1.619028
1.619028
1.620779
1.620779
1.609851
1.609851
1.612190
1.612190
1.633175
1.633175
1.621415
1.621415
1.611961
1.611961
1.618841
1.618841
1.622902
1.622902
1.611339
1.611339
1.647331
1.647331
1.615217
1.615217
1.623214
1.623214
1.619814
1.619814
1.610176
1.610176
1.620571
1.620571
1.626388
1.626388
1.628381
1.628381
1.611834
1.611834
1.601959
1.601959
1.617994
1.617994
1.628537
1.628537
1.625220
1.625220
1.624292
1.624292
1.611622
1.611622
1.624496
1.624496
1.605410
1.605410
1.622892
1.622892
1.622568
1.622568
1.621210
1.621210
1.618266
1.618266
1.614010
1.614010
1.605111
1.605111
1.622590
1.622590
1.669685
1.669685
1.629428
1.629428
1.612753
1.612753
1.619666
1.619666
1.613253
1.613253
1.613928
1.613928
1.616193
1.616193
1.610180
1.610180
1.625353
1.625353
1.617918
1.617918
1.614488
1.614488
1.614307
1.614307
1.657405
1.657405
1.624080
1.624080
1.621787
1.621787
1.608047
1.608047
1.626605
1.626605
1.610454
1.610454
1.596248
1.596248
1.620178
1.620178
1.615241
1.615241
1.614463
1.614463
1.616932
1.616932
1.620789
1.620789
1.614028
1.614028
1.609747
1.609747
1.617607
1.617607
1.608281
1.608281
1.623628
1.623628
1.622566
1.622566
1.647708
1.647708
1.615398
1.615398
1.629230
1.629230
1.601732
1.601732
1.619424
1.619424
1.619652
1.619652
1.620070
1.620070
1.619435
1.619435
1.617394
1.617394
1.618242
1.618242
1.613982
1.613982
1.610250
1.610250
1.656384
1.656384
1.614386
1.614386
1.618432
1.618432
1.625135
1.625135
1.596166
1.596166
1.630625
1.630625
1.618621
1.618621
1.625594
1.625594
1.607105
1.607105
1.616632
1.616632
1.624252
1.624252
1.611040
1.611040
1.617847
1.617847
1.611377
1.611377
1.615409
1.615409
1.613017
1.613017
1.618376
1.618376
1.619860
1.619860
1.658738
1.658738
1.612557
1.612557
1.618009
1.618009
1.621860
1.621860
1.621150
1.621150
1.613377
1.613377
1.597070
1.597070
1.619118
1.619118
1.638670
1.638670
1.605623
1.605623
1.614468
1.614468
1.605018
1.605018
1.619965
1.619965
1.623208
1.623208
1.599912
1.599912
1.621800
1.621800
1.619973
1.619973
1.615374
1.615374
1.634306
1.634306
1.611008
1.611008
1.614764
1.614764
1.625180
1.625180
1.610472
1.610472
1.619366
1.619366
1.627759
1.627759
1.598907
1.598907
1.626827
1.626827
1.621496
1.621496
1.614156
1.614156
1.612696
1.612696
1.669252
1.669252
1.623596
1.623596
1.619703
1.619703
1.618699
1.618699
1.607706
1.607706
1.614488
1.614488
1.601306
1.601306
1.619749
1.619749
1.637396
1.637396
1.608200
1.608200
1.605166
1.605166
1.609425
1.609425
1.626900
1.626900
1.625144
1.625144
1.608616
1.608616
1.621828
1.621828
1.622361
1.622361
1.605393
1.605393
1.603215
1.603215
1.619394
1.619394
1.606614
1.606614
1.613601
1.613601
1.622425
1.622425
1.620123
1.620123
1.609249
1.609249
1.615191
1.615191
1.621092
1.621092
1.610353
1.610353
1.616923
1.616923
1.623470
1.623470
1.574674
1.574674
1.611260
1.611260
1.622132
1.622132
1.617877
1.617877
1.615716
1.615716
1.610012
1.610012
1.636217
1.636217
1.619592
1.619592
1.619875
1.619875
1.617211
1.617211
1.623001
1.623001
1.604074
1.604074
1.587734
1.587734
1.612164
1.612164
1.603404
1.603404
1.619552
1.619552
1.627488
1.627488
1.617237
1.617237
1.608882
1.608882
1.611190
1.611190
1.618071
1.618071
1.622271
1.622271
1.617427
1.617427
1.611835
1.611835
1.597802
1.597802
1.621195
1.621195
1.615193
1.615193
1.624671
1.624671
1.609596
1.609596
1.611704
1.611704
1.583246
1.583246
1.620740
1.620740
1.618092
1.618092
1.604540
1.604540
1.627481
1.627481
1.611175
1.611175
1.582338
1.582338
1.618933
1.618933
1.611497
1.611497
1.617504
1.617504
1.612656
1.612656
1.618069
1.618069
1.601321
1.601321
1.621265
1.621265
1.606448
1.606448
1.622625
1.622625
1.605980
1.605980
1.620230
1.620230
1.613148
1.613148
1.613495
1.613495
1.619324
1.619324
1.622629
1.622629
1.618683
1.618683
1.603898
1.603898
1.601639
1.601639
1.613242
1.613242
1.607584
1.607584
1.615503
1.615503
1.614360
1.614360
1.626057
1.626057
1.607849
1.607849
1.624608
1.624608
1.615355
1.615355
1.609872
1.609872
1.611974
1.611974
1.610103
1.610103
1.637367
1.637367
1.615293
1.615293
1.604084
1.604084
1.613221
1.613221
1.633110
1.633110
1.606933
1.606933
1.629136
1.629136
1.615294
1.615294
1.613284
1.613284
1.601371
1.601371
1.611999
1.611999
1.629251
1.629251
1.634040
1.634040
1.611604
1.611604
1.618866
1.618866
1.616144
1.616144
1.610838
1.610838
1.619348
1.619348
1.593682
1.593682
1.610020
1.610020
1.614581
1.614581
1.634285
1.634285
1.602976
1.602976
1.611985
1.611985
1.610645
1.610645
1.617170
1.617170
1.618826
1.618826
1.619475
1.619475
1.616599
1.616599
1.602366
1.602366
1.604210
1.604210
1.610512
1.610512
1.613142
1.613142
1.632836
1.632836
1.609241
1.609241
1.606329
1.606329
1.617162
1.617162
1.613781
1.613781
1.613109
1.613109
1.631723
1.631723
1.609536
1.609536
1.607973
1.607973
1.588573
1.588573
1.607687
1.607687
1.625105
1.625105
1.602409
1.602409
1.617464
1.617464
1.617735
1.617735
1.624212
1.624212
1.630998
1.630998
1.599478
1.599478
1.605208
1.605208
1.618627
1.618627
1.616078
1.616078
1.622414
1.622414
1.614935
1.614935
1.619288
1.619288
1.621175
1.621175
1.603240
1.603240
1.615175
1.615175
1.598535
1.598535
1.621420
1.621420
1.608134
1.608134
1.618502
1.618502
1.610809
1.610809
1.613868
1.613868
1.604168
1.604168
1.605515
1.605515
1.626824
1.626824
1.612613
1.612613
1.611147
1.611147
1.616453
1.616453
1.604099
1.604099
1.613252
1.613252
1.624000
1.624000
1.623910
1.623910
1.605208
1.605208
1.600902
1.600902
1.636922
1.636922
1.615747
1.615747
1.612348
1.612348
1.614637
1.614637
1.607849
1.607849
1.619694
1.619694
1.615203
1.615203
1.613382
1.613382
1.610472
1.610472
1.604588
1.604588
1.633075
1.633075
1.609492
1.609492
1.608694
1.608694
1.620223
1.620223
1.617549
1.617549
1.607533
1.607533
1.599961
1.599961
1.620553
1.620553
1.640492
1.640492
1.608167
1.608167
1.632234
1.632234
1.621105
1.621105
1.603274
1.603274
1.608581
1.608581
1.587766
1.587766
1.618939
1.618939
1.609008
1.609008
1.617643
1.617643
1.604907
1.604907
1.613950
1.613950
1.642239
1.642239
1.599264
1.599264
1.610097
1.610097
1.617635
1.617635
1.632633
1.632633
1.602169
1.602169
1.656611
1.656611
1.601798
1.601798
1.613581
1.613581
1.617458
1.617458
1.616664
1.616664
1.608860
1.608860
1.677066
1.677066
1.619913
1.619913
1.609838
1.609838
1.619245
1.619245
1.609252
1.609252
1.609373
1.609373
1.613338
1.613338
1.618385
1.618385
1.612642
1.612642
1.616245
1.616245
1.607522
1.607522
1.614768
1.614768
1.596918
1.596918
1.603149
1.603149
1.625332
1.625332
1.616016
1.616016
1.611293
1.611293
1.612515
1.612515
1.601729
1.601729
1.622491
1.622491
1.601645
1.601645
1.610675
1.610675
1.605009
1.605009
1.627190
1.627190
1.607477
1.607477
1.615085
1.615085
1.623577
1.623577
1.608254
1.608254
1.616897
1.616897
1.603083
1.603083
1.605603
1.605603
1.614280
1.614280
1.607995
1.607995
1.610736
1.610736
1.613422
1.613422
1.616829
1.616829
1.626287
1.626287
1.609161
1.609161
1.614926
1.614926
1.611660
1.611660
1.625178
1.625178
1.604362
1.604362
1.610332
1.610332
1.617600
1.617600
1.615602
1.615602
1.603095
1.603095
1.622031
1.622031
1.608622
1.608622
1.597176
1.597176
1.606246
1.606246
1.608922
1.608922
1.613332
1.613332
1.617794
1.617794
1.615565
1.615565
1.628573
1.628573
1.616584
1.616584
1.612207
1.612207
1.607547
1.607547
1.615356
1.615356
1.613653
1.613653
1.604109
1.604109
1.609189
1.609189
1.599600
1.599600
1.619813
1.619813
1.618447
1.618447
1.616495
1.616495
1.613802
1.613802
1.608793
1.608793
1.619528
1.619528
1.607050
1.607050
1.615162
1.615162
1.613281
1.613281
1.609611
1.609611
1.610557
1.610557
1.622161
1.622161
1.620471
1.620471
1.605619
1.605619
1.608561
1.608561
1.583681
1.583681
1.617003
1.617003
1.606282
1.606282
1.612134
1.612134
1.623510
1.623510
1.607009
1.607009
1.589366
1.589366
1.618195
1.618195
1.602493
1.602493
1.621520
1.621520
1.616169
1.616169
1.608425
1.608425
1.580011
1.580011
1.608136
1.608136
1.627121
1.627121
1.610255
1.610255
1.609698
1.609698
1.606155
1.606155
1.612859
1.612859
1.609540
1.609540
1.612274
1.612274
1.613889
1.613889
1.618300
1.618300
1.606785
1.606785
1.614684
1.614684
1.609693
1.609693
1.608478
1.608478
1.611616
1.611616
1.617940
1.617940
1.612702
1.612702
1.615305
1.615305
1.607603
1.607603
1.629325
1.629325
1.616229
1.616229
1.596270
1.596270
1.606259
1.606259
1.644405
1.644405
1.605014
1.605014
1.617222
1.617222
1.611123
1.611123
1.617131
1.617131
1.607265
1.607265
1.628451
1.628451
1.614670
1.614670
1.612560
1.612560
1.607325
1.607325
1.608697
1.608697
1.610213
1.610213
1.654301
1.654301
1.610320
1.610320
1.632682
1.632682
1.602978
1.602978
1.612869
1.612869
1.605161
1.605161
1.583247
1.583247
1.618451
1.618451
1.607394
1.607394
1.609847
1.609847
1.615861
1.615861
1.610462
1.610462
1.592868
1.592868
1.605705
1.605705
1.606933
1.606933
1.611047
1.611047
1.615683
1.615683
1.613558
1.613558
1.648811
1.648811
1.607089
1.607089
1.622628
1.622628
1.605631
1.605631
1.617108
1.617108
1.607854
1.607854
1.597633
1.597633
1.614676
1.614676
1.607548
1.607548
1.609962
1.609962
1.601686
1.601686
1.618876
1.618876
1.644688
1.644688
1.618488
1.618488
1.604680
1.604680
1.602274
1.602274
1.607190
1.607190
1.619722
1.619722
1.645210
1.645210
1.608695
1.608695
1.605800
1.605800
1.621590
1.621590
1.612367
1.612367
1.603389
1.603389
1.646963
1.646963
1.616504
1.616504
1.619034
1.619034
1.614353
1.614353
1.609701
1.609701
1.597445
1.597445
1.611754
1.611754
1.606676
1.606676
1.617365
1.617365
1.618661
1.618661
1.610340
1.610340
1.605731
1.605731
1.598673
1.598673
1.614269
1.614269
1.620069
1.620069
1.602529
1.602529
1.614413
1.614413
1.608777
1.608777
1.589517
1.589517
1.614536
1.614536
1.604552
1.604552
1.617042
1.617042
1.609442
1.609442
1.613021
1.613021
1.598459
1.598459
1.620038
1.620038
1.587561
1.587561
1.613308
1.613308
1.617890
1.617890
1.620650
1.620650
1.592493
1.592493
1.613372
1.613372
1.602982
1.602982
1.615579
1.615579
1.619179
1.619179
1.605767
1.605767
1.608113
1.608113
1.629674
1.629674
1.605814
1.605814
1.620401
1.620401
1.599506
1.599506
1.605136
1.605136
1.582347
1.582347
1.612635
1.612635
1.613276
1.613276
1.617492
1.617492
1.608448
1.608448
1.607040
1.607040
1.590536
1.590536
1.612541
1.612541
1.603849
1.603849
1.609730
1.609730
1.614622
1.614622
1.612644
1.612644
1.624207
1.624207
1.601421
1.601421
1.606754
1.606754
1.619956
1.619956
1.624614
1.624614
1.598301
1.598301
1.637019
1.637019
1.601495
1.601495
1.606675
1.606675
1.616540
1.616540
1.624029
1.624029
1.605165
1.605165
1.615404
1.615404
1.608747
1.608747
1.602667
1.602667
1.619645
1.619645
1.618242
1.618242
1.602063
1.602063
1.629497
1.629497
1.604139
1.604139
1.600725
1.600725
1.608033
1.608033
1.618126
1.618126
1.623025
1.623025
1.609972
1.609972
1.611953
1.611953
1.609544
1.609544
1.606039
1.606039
1.615521
1.615521
1.615619
1.615619
1.577643
1.577643
1.605633
1.605633
1.610454
1.610454
1.601403
1.601403
1.625566
1.625566
1.616075
1.616075
1.571942
1.571942
1.607391
1.607391
1.611172
1.611172
1.617322
1.617322
1.615603
1.615603
1.604269
1.604269
1.591319
1.591319
1.617604
1.617604
1.609995
1.609995
1.605854
1.605854
1.612580
1.612580
1.607125
1.607125
1.605771
1.605771
1.611371
1.611371
1.601736
1.601736
1.613257
1.613257
1.618893
1.618893
1.606929
1.606929
1.609611
1.609611
1.608801
1.608801
1.610180
1.610180
1.608092
1.608092
1.612278
1.612278
1.617122
1.617122
1.579029
1.579029
1.618255
1.618255
1.601287
1.601287
1.609343
1.609343
1.607485
1.607485
1.616263
1.616263
1.601577
1.601577
1.611457
1.611457
1.608239
1.608239
1.613132
1.613132
1.604906
1.604906
1.614700
1.614700
1.600664
1.600664
1.620820
1.620820
1.611905
1.611905
1.596652
1.596652
1.605414
1.605414
1.621385
1.621385
1.574401
1.574401
1.618607
1.618607
1.612513
1.612513
1.599687
1.599687
1.612504
1.612504
1.610994
1.610994
1.585114
1.585114
1.612171
1.612171
1.612180
1.612180
1.611729
1.611729
1.618924
1.618924
1.595063
1.595063
1.610817
1.610817
1.600704
1.600704
1.605170
1.605170
1.622250
1.622250
1.608277
1.608277
1.612977
1.612977
1.613481
1.613481
1.621103
1.621103
1.599487
1.599487
1.609451
1.609451
1.615712
1.615712
1.609443
1.609443
1.573579
1.573579
1.615012
1.615012
1.605307
1.605307
1.618392
1.618392
1.604347
1.604347
1.613672
1.613672
1.562217
1.562217
1.607803
1.607803
1.604502
1.604502
1.610544
1.610544
1.608207
1.608207
1.614045
1.614045
1.637134
1.637134
1.620617
1.620617
1.598824
1.598824
1.607355
1.607355
1.611256
1.611256
1.614236
1.614236
1.587766
1.587766
1.617370
1.617370
1.613580
1.613580
1.607345
1.607345
1.604770
1.604770
1.602888
1.602888
1.625955
1.625955
1.600692
1.600692
1.616465
1.616465
1.610127
1.610127
1.605132
1.605132
1.612901
1.612901
1.627838
1.627838
1.599865
1.599865
1.613761
1.613761
1.610866
1.610866
1.617860
1.617860
1.598487
1.598487
1.655204
1.655204
1.605913
1.605913
1.625701
1.625701
1.604205
1.604205
1.603137
1.603137
1.606736
1.606736
1.621779
1.621779
1.610535
1.610535
1.618293
1.618293
1.603970
1.603970
1.612875
1.612875
1.609230
1.609230
1.559869
1.559869
1.606081
1.606081
1.599495
1.599495
1.612654
1.612654
1.617304
1.617304
1.611919
1.611919
1.606459
1.606459
1.600789
1.600789
1.593030
1.593030
1.621262
1.621262
1.621509
1.621509
1.611077
1.611077
1.602365
1.602365
1.609401
1.609401
1.600208
1.600208
1.612070
1.612070
1.612392
1.612392
1.606480
1.606480
1.645888
1.645888
1.612124
1.612124
1.610892
1.610892
1.610730
1.610730
1.604729
1.604729
1.604474
1.604474
1.626917
1.626917
1.616379
1.616379
1.602433
1.602433
1.621751
1.621751
1.613888
1.613888
1.587921
1.587921
1.627598
1.627598
1.601201
1.601201
1.621545
1.621545
1.609845
1.609845
1.603104
1.603104
1.609845
1.609845
1.604465
1.604465
1.603913
1.603913
1.598482
1.598482
1.613176
1.613176
1.616875
1.616875
1.610329
1.610329
1.620682
1.620682
1.605792
1.605792
1.603611
1.603611
1.612603
1.612603
1.617462
1.617462
1.600238
1.600238
1.639956
1.639956
1.606578
1.606578
1.613688
1.613688
1.616905
1.616905
1.610643
1.610643
1.594054
1.594054
1.624881
1.624881
1.606680
1.606680
1.611872
1.611872
1.607902
1.607902
1.606848
1.606848
1.612185
1.612185
1.599248
1.599248
1.618799
1.618799
1.610461
1.610461
1.611058
1.611058
1.604621
1.604621
1.602465
1.602465
1.583900
1.583900
1.599884
1.599884
1.615697
1.615697
1.609226
1.609226
1.617130
1.617130
1.602930
1.602930
1.597125
1.597125
1.611538
1.611538
1.607002
1.607002
1.595034
1.595034
1.621500
1.621500
1.604923
1.604923
1.626161
1.626161
1.602061
1.602061
1.613065
1.613065
1.601403
1.601403
1.614992
1.614992
1.613180
1.613180
1.593508
1.593508
1.600389
1.600389
1.616241
1.616241
1.613356
1.613356
1.617286
1.617286
1.598404
1.598404
1.585298
1.585298
1.613219
1.613219
1.600947
1.600947
1.604831
1.604831
1.615204
1.615204
1.611725
1.611725
1.582138
1.582138
1.597404
1.597404
1.615143
1.615143
1.617995
1.617995
1.594397
1.594397
1.617384
1.617384
1.603942
1.603942
1.600727
1.600727
1.613109
1.613109
1.610780
1.610780
1.612623
1.612623
1.600000
1.600000
1.635738
1.635738
1.612349
1.612349
1.612140
1.612140
1.612476
1.612476
1.600969
1.600969
1.602232
1.602232
1.615771
1.615771
1.613504
1.613504
1.609183
1.609183
1.597343
1.597343
1.613915
1.613915
1.609329
1.609329
1.594371
1.594371
1.615475
1.615475
1.610701
1.610701
1.589551
1.589551
1.613686
1.613686
1.609653
1.609653
1.621115
1.621115
1.609686
1.609686
1.618879
1.618879
1.602703
1.602703
1.604974
1.604974
1.601590
1.601590
1.628288
1.628288
1.603764
1.603764
1.611733
1.611733
1.608240
1.608240
1.601943
1.601943
1.615579
1.615579
1.604416
1.604416
1.601983
1.601983
1.603064
1.603064
1.615956
1.615956
1.615615
1.615615
1.599717
1.599717
1.634803
1.634803
1.625586
1.625586
1.598699
1.598699
1.613480
1.613480
1.597055
1.597055
1.611025
1.611025
1.570853
1.570853
1.617975
1.617975
1.604703
1.604703
1.607408
1.607408
1.597768
1.597768
1.614907
1.614907
1.589391
1.589391
1.609588
1.609588
1.614703
1.614703
1.612143
1.612143
1.600835
1.600835
1.599007
1.599007
1.630773
1.630773
1.618931
1.618931
1.594601
1.594601
1.605252
1.605252
1.618313
1.618313
1.600433
1.600433
1.621317
1.621317
1.611121
1.611121
1.598254
1.598254
1.606729
1.606729
1.623343
1.623343
1.601819
1.601819
1.594788
1.594788
1.601749
1.601749
1.620089
1.620089
1.609572
1.609572
1.606846
1.606846
1.603420
1.603420
1.589873
1.589873
1.603400
1.603400
1.614080
1.614080
1.606397
1.606397
1.611094
1.611094
1.603418
1.603418
1.608993
1.608993
1.605716
1.605716
1.609148
1.609148
1.604125
1.604125
1.614713
1.614713
1.609371
1.609371
1.575261
1.575261
1.614484
1.614484
1.601886
1.601886
1.614565
1.614565
1.604559
1.604559
1.607287
1.607287
1.574666
1.574666
1.613508
1.613508
1.605816
1.605816
1.599825
1.599825
1.606725
1.606725
1.608879
1.608879
1.625679
1.625679
1.609692
1.609692
1.595476
1.595476
1.617437
1.617437
1.602575
1.602575
1.612346
1.612346
1.606479
1.606479
1.613342
1.613342
1.598564
1.598564
1.619867
1.619867
1.604971
1.604971
1.601510
1.601510
1.600183
1.600183
1.605410
1.605410
1.608031
1.608031
1.613858
1.613858
1.600480
1.600480
1.606925
1.606925
1.622056
1.622056
1.590756
1.590756
1.604159
1.604159
1.623423
1.623423
1.611199
1.611199
1.612053
1.612053
1.574808
1.574808
1.599891
1.599891
1.606863
1.606863
1.607795
1.607795
1.611734
1.611734
1.605261
1.605261
1.637762
1.637762
1.609744
1.609744
1.612684
1.612684
1.608003
1.608003
1.610974
1.610974
1.593266
1.593266
1.616193
1.616193
1.604815
1.604815
1.601535
1.601535
1.613733
1.613733
1.609913
1.609913
1.604522
1.604522
1.615927
1.615927
1.609941
1.609941
1.613161
1.613161
1.605958
1.605958
1.604062
1.604062
1.603449
1.603449
1.601009
1.601009
1.601493
1.601493
1.611034
1.611034
1.604772
1.604772
1.607725
1.607725
1.609504
1.609504
1.612497
1.612497
1.602574
1.602574
1.605514
1.605514
1.614894
1.614894
1.605412
1.605412
1.603175
1.603175
1.629806
1.629806
1.609712
1.609712
1.608269
1.608269
1.598206
1.598206
1.603811
1.603811
1.614995
1.614995
1.604489
1.604489
1.622018
1.622018
1.593733
1.593733
1.605232
1.605232
1.612842
1.612842
1.600537
1.600537
1.606297
1.606297
1.598104
1.598104
1.601839
1.601839
1.603588
1.603588
1.607991
1.607991
1.620832
1.620832
1.617673
1.617673
1.598402
1.598402
1.608111
1.608111
1.608988
1.608988
1.605412
1.605412
1.613725
1.613725
1.601291
1.601291
1.616849
1.616849
1.601011
1.601011
1.619004
1.619004
1.591285
1.591285
1.603857
1.603857
1.617190
1.617190
1.593978
1.593978
1.611055
1.611055
1.609187
1.609187
1.604863
1.604863
1.613538
1.613538
1.611567
1.611567
1.602502
1.602502
1.601595
1.601595
1.608473
1.608473
1.603006
1.603006
1.618017
1.618017
1.603574
1.603574
1.605980
1.605980
1.608021
1.608021
1.595604
1.595604
1.622247
1.622247
1.600621
1.600621
1.609954
1.609954
1.593393
1.593393
1.602046
1.602046
1.608993
1.608993
1.616834
1.616834
1.613860
1.613860
1.590942
1.590942
1.597740
1.597740
1.620941
1.620941
1.601799
1.601799
1.596993
1.596993
1.616127
1.616127
1.597843
1.597843
1.594571
1.594571
1.600049
1.600049
1.603359
1.603359
1.615979
1.615979
1.617470
1.617470
1.609758
1.609758
1.594778
1.594778
1.625589
1.625589
1.603428
1.603428
1.606750
1.606750
1.601799
1.601799
1.602142
1.602142
1.599223
1.599223
1.615764
1.615764
1.615781
1.615781
1.606354
1.606354
1.591857
1.591857
1.622081
1.622081
1.605659
1.605659
1.613229
1.613229
1.600440
1.600440
1.614024
1.614024
1.597654
1.597654
1.607269
1.607269
1.612664
1.612664
1.605478
1.605478
1.604202
1.604202
1.599410
1.599410
1.611743
1.611743
1.589133
1.589133
1.608026
1.608026
1.602981
1.602981
1.597566
1.597566
1.610767
1.610767
1.617164
1.617164
1.566604
1.566604
1.610615
1.610615
1.599380
1.599380
1.606163
1.606163
1.608432
1.608432
1.610182
1.610182
1.575592
1.575592
1.610796
1.610796
1.603164
1.603164
1.605025
1.605025
1.602081
1.602081
1.611188
1.611188
1.590394
1.590394
1.602863
1.602863
1.609074
1.609074
1.604837
1.604837
1.602850
1.602850
1.608872
1.608872
1.613432
1.613432
1.589558
1.589558
1.608438
1.608438
1.592594
1.592594
1.623078
1.623078
1.614536
1.614536
1.613335
1.613335
1.601038
1.601038
1.608347
1.608347
1.602064
1.602064
1.595972
1.595972
1.621900
1.621900
1.604126
1.604126
1.602623
1.602623
1.622137
1.622137
1.586162
1.586162
1.618214
1.618214
1.602257
1.602257
1.588958
1.588958
1.605593
1.605593
1.601907
1.601907
1.605789
1.605789
1.593376
1.593376
1.619625
1.619625
1.621165
1.621165
1.603231
1.603231
1.599857
1.599857
1.604246
1.604246
1.609767
1.609767
1.613093
1.613093
1.594608
1.594608
1.607152
1.607152
1.603273
1.603273
1.610854
1.610854
1.598295
1.598295
1.614255
1.614255
1.570705
1.570705
1.608413
1.608413
1.623156
1.623156
1.596231
1.596231
1.602083
1.602083
1.599926
1.599926
1.596764
1.596764
1.600930
1.600930
1.598858
1.598858
1.609129
1.609129
1.607541
1.607541
1.610771
1.610771
1.613492
1.613492
1.599927
1.599927
1.606775
1.606775
1.602079
1.602079
1.619698
1.619698
1.598192
1.598192
1.617293
1.617293
1.598135
1.598135
1.623165
1.623165
1.607248
1.607248
1.599753
1.599753
1.604828
1.604828
1.575068
1.575068
1.602250
1.602250
1.614026
1.614026
1.607640
1.607640
1.596383
1.596383
1.613058
1.613058
1.572518
1.572518
1.599344
1.599344
1.601384
1.601384
1.607442
1.607442
1.600356
1.600356
1.616506
1.616506
1.624545
1.624545
1.607876
1.607876
1.606749
1.606749
1.616432
1.616432
1.589900
1.589900
1.607446
1.607446
1.600009
1.600009
1.616913
1.616913
1.594719
1.594719
1.591298
1.591298
1.603791
1.603791
1.617584
1.617584
1.624735
1.624735
1.608134
1.608134
1.605311
1.605311
1.610772
1.610772
1.598990
1.598990
1.605585
1.605585
1.593605
1.593605
1.601460
1.601460
1.609622
1.609622
1.611318
1.611318
1.606089
1.606089
1.599187
1.599187
1.599117
1.599117
1.598406
1.598406
1.614944
1.614944
1.600339
1.600339
1.605549
1.605549
1.605240
1.605240
1.618216
1.618216
1.599373
1.599373
1.618667
1.618667
1.602545
1.602545
1.608182
1.608182
1.601567
1.601567
1.577551
1.577551
1.602372
1.602372
1.607625
1.607625
1.598177
1.598177
1.614342
1.614342
1.605162
1.605162
1.592175
1.592175
1.607368
1.607368
1.607568
1.607568
1.600171
1.600171
1.605150
1.605150
1.604850
1.604850
1.606799
1.606799
1.597437
1.597437
1.604101
1.604101
1.606776
1.606776
1.611709
1.611709
1.604234
1.604234
1.610398
1.610398
1.599642
1.599642
1.614226
1.614226
1.612573
1.612573
1.599710
1.599710
1.599483
1.599483
1.599086
1.599086
1.594951
1.594951
1.602438
1.602438
1.605970
1.605970
1.613087
1.613087
1.609326
1.609326
1.596068
1.596068
1.606682
1.606682
1.603468
1.603468
1.605353
1.605353
1.599801
1.599801
1.606822
1.606822
1.617698
1.617698
1.604392
1.604392
1.602493
1.602493
1.614380
1.614380
1.601087
1.601087
1.597978
1.597978
1.627858
1.627858
1.602126
1.602126
1.604244
1.604244
1.612240
1.612240
1.603856
1.603856
1.602131
1.602131
1.598703
1.598703
1.611472
1.611472
1.600748
1.600748
1.603412
1.603412
1.595768
1.595768
1.615996
1.615996
1.579978
1.579978
1.609538
1.609538
1.613214
1.613214
1.597219
1.597219
1.591604
1.591604
1.607335
1.607335
1.634768
1.634768
1.613315
1.613315
1.615304
1.615304
1.602714
1.602714
1.601920
1.601920
1.589520
1.589520
1.607971
1.607971
1.608105
1.608105
1.610253
1.610253
1.609116
1.609116
1.593657
1.593657
1.602160
1.602160
1.602811
1.602811
1.598212
1.598212
1.595450
1.595450
1.606520
1.606520
1.610019
1.610019
1.609753
1.609753
1.623062
1.623062
1.608092
1.608092
1.595455
1.595455
1.612975
1.612975
1.608051
1.608051
1.600393
1.600393
1.588799
1.588799
1.602641
1.602641
1.608466
1.608466
1.621241
1.621241
1.595050
1.595050
1.595791
1.595791
1.598628
1.598628
1.618849
1.618849
1.595312
1.595312
1.603589
1.603589
1.597244
1.597244
1.606915
1.606915
1.605163
1.605163
1.599214
1.599214
1.605070
1.605070
1.614178
1.614178
1.603159
1.603159
1.604069
1.604069
1.578661
1.578661
1.612482
1.612482
1.604941
1.604941
1.600978
1.600978
1.601804
1.601804
1.605688
1.605688
1.575980
1.575980
1.606325
1.606325
1.604827
1.604827
1.609055
1.609055
1.605168
1.605168
1.597609
1.597609
1.594007
1.594007
1.605935
1.605935
1.609386
1.609386
1.602736
1.602736
1.605211
1.605211
1.598616
1.598616
1.599350
1.599350
1.597819
1.597819
1.608590
1.608590
1.599091
1.599091
1.607078
1.607078
1.605030
1.605030
1.624596
1.624596
1.598282
1.598282
1.603052
1.603052
1.601833
1.601833
1.613900
1.613900
1.604892
1.604892
1.594394
1.594394
1.602074
1.602074
1.594295
1.594295
1.622919
1.622919
1.607505
1.607505
1.595887
1.595887
1.588284
1.588284
1.601581
1.601581
1.611557
1.611557
1.589713
1.589713
1.603279
1.603279
1.613102
1.613102
1.609290
1.609290
1.597652
1.597652
1.613769
1.613769
1.581601
1.581601
1.607455
1.607455
1.618806
1.618806
1.608766
1.608766
1.599074
1.599074
1.602318
1.602318
1.614205
1.614205
1.594324
1.594324
1.609671
1.609671
1.606496
1.606496
1.602030
1.602030
1.602386
1.602386
1.600614
1.600614
1.609854
1.609854
1.604117
1.604117
1.608830
1.608830
1.600435
1.600435
1.611006
1.611006
1.611591
1.611591
1.600399
1.600399
1.596235
1.596235
1.603045
1.603045
1.619643
1.619643
1.594020
1.594020
1.599553
1.599553
1.604348
1.604348
1.600719
1.600719
1.611091
1.611091
1.607452
1.607452
1.594918
1.594918
1.597503
1.597503
1.613586
1.613586
1.603390
1.603390
1.619540
1.619540
1.597743
1.597743
1.601237
1.601237
1.594496
1.594496
1.618743
1.618743
1.610001
1.610001
1.583125
1.583125
1.608235
1.608235
1.594491
1.594491
1.611255
1.611255
1.612707
1.612707
1.592784
1.592784
1.598754
1.598754
1.604070
1.604070
1.609092
1.609092
1.607934
1.607934
1.591359
1.591359
1.601557
1.601557
1.632149
1.632149
1.616993
1.616993
1.606447
1.606447
1.601976
1.601976
1.592216
1.592216
1.602491
1.602491
1.590172
1.590172
1.609771
1.609771
1.596301
1.596301
1.600926
1.600926
1.610766
1.610766
1.600682
1.600682
1.599897
1.599897
1.604929
1.604929
1.600069
1.600069
1.597009
1.597009
1.603491
1.603491
1.610661
1.610661
1.613795
1.613795
1.597576
1.597576
1.605710
1.605710
1.612404
1.612404
1.606403
1.606403
1.591923
1.591923
1.626882
1.626882
1.611913
1.611913
1.612127
1.612127
1.609717
1.609717
1.584122
1.584122
1.604250
1.604250
1.573186
1.573186
1.607565
1.607565
1.603998
1.603998
1.593554
1.593554
1.599928
1.599928
1.608210
1.608210
1.630353
1.630353
1.588676
1.588676
1.611490
1.611490
1.621244
1.621244
1.605619
1.605619
1.589911
1.589911
1.605189
1.605189
1.606068
1.606068
1.608213
1.608213
1.602754
1.602754
1.586664
1.586664
1.613142
1.613142
1.604280
1.604280
1.613287
1.613287
1.593799
1.593799
1.599504
1.599504
1.607335
1.607335
1.602193
1.602193
1.607568
1.607568
1.600167
1.600167
1.603009
1.603009
1.600797
1.600797
1.616614
1.616614
1.595612
1.595612
1.606062
1.606062
1.593477
1.593477
1.599965
1.599965
1.604252
1.604252
1.608795
1.608795
1.606636
1.606636
1.625949
1.625949
1.600926
1.600926
1.612810
1.612810
1.599669
1.599669
1.585491
1.585491
1.610749
1.610749
1.648572
1.648572
1.597228
1.597228
1.604339
1.604339
1.600377
1.600377
1.595589
1.595589
1.612981
1.612981
1.642956
1.642956
1.610662
1.610662
1.596777
1.596777
1.593901
1.593901
1.608384
1.608384
1.607489
1.607489
1.599790
1.599790
1.609683
1.609683
1.603958
1.603958
1.598494
1.598494
1.594252
1.594252
1.605087
1.605087
1.636837
1.636837
1.616343
1.616343
1.601039
1.601039
1.596719
1.596719
1.611719
1.611719
1.592489
1.592489
1.590831
1.590831
1.602617
1.602617
1.604338
1.604338
1.603174
1.603174
1.601270
1.601270
1.608541
1.608541
1.578447
1.578447
1.609925
1.609925
1.607350
1.607350
1.604235
1.604235
1.603480
1.603480
1.592990
1.592990
1.589756
1.589756
1.601417
1.601417
1.590234
1.590234
1.612197
1.612197
1.602799
1.602799
1.607050
1.607050
1.616331
1.616331
1.612111
1.612111
1.596095
1.596095
1.600638
1.600638
1.601968
1.601968
1.602572
1.602572
1.616936
1.616936
1.605679
1.605679
1.595378
1.595378
1.611942
1.611942
1.592843
1.592843
1.607882
1.607882
1.613955
1.613955
1.608793
1.608793
1.601815
1.601815
1.608573
1.608573
1.598135
1.598135
1.601855
1.601855
1.576528
1.576528
1.611120
1.611120
1.612583
1.612583
1.599677
1.599677
1.591314
1.591314
1.603046
1.603046
1.584067
1.584067
1.600731
1.600731
1.595258
1.595258
1.602636
1.602636
1.613305
1.613305
1.599679
1.599679
1.623310
1.623310
1.592083
1.592083
1.606910
1.606910
1.609081
1.609081
1.606492
1.606492
1.596874
1.596874
1.624166
1.624166
1.602727
1.602727
1.591759
1.591759
1.595150
1.595150
1.602905
1.602905
1.617595
1.617595
1.632321
1.632321
1.609335
1.609335
1.595667
1.595667
1.596019
1.596019
1.607089
1.607089
1.604669
1.604669
1.613137
1.613137
1.595727
1.595727
1.606059
1.606059
1.600814
1.600814
1.611256
1.611256
1.598672
1.598672
1.612334
1.612334
1.599351
1.599351
1.596055
1.596055
1.598897
1.598897
1.607576
1.607576
1.613358
1.613358
1.592227
1.592227
1.604280
1.604280
1.605679
1.605679
1.600605
1.600605
1.605552
1.605552
1.600801
1.600801
1.579609
1.579609
1.602558
1.602558
1.600129
1.600129
1.593532
1.593532
1.610177
1.610177
1.600855
1.600855
1.642197
1.642197
1.603395
1.603395
1.596925
1.596925
1.611486
1.611486
1.598749
1.598749
1.605909
1.605909
1.581444
1.581444
1.609415
1.609415
1.596740
1.596740
1.607110
1.607110
1.602070
1.602070
1.597617
1.597617
1.604122
1.604122
1.584868
1.584868
1.604753
1.604753
1.605372
1.605372
1.609653
1.609653
1.599974
1.599974
1.657633
1.657633
1.600406
1.600406
1.602690
1.602690
1.601681
1.601681
1.595990
1.595990
1.613017
1.613017
1.596150
1.596150
1.605297
1.605297
1.606399
1.606399
1.599390
1.599390
1.589424
1.589424
1.610342
1.610342
1.612992
1.612992
1.601936
1.601936
1.612564
1.612564
1.609727
1.609727
1.596529
1.596529
1.591888
1.591888
1.599069
1.599069
1.592114
1.592114
1.587162
1.587162
1.620843
1.620843
1.604348
1.604348
1.608468
1.608468
1.595515
1.595515
1.601891
1.601891
1.604697
1.604697
1.596505
1.596505
1.593205
1.593205
1.616121
1.616121
1.597554
1.597554
1.610131
1.610131
1.597342
1.597342
1.599587
1.599587
1.611971
1.611971
1.592149
1.592149
1.604759
1.604759
1.604442
1.604442
1.583988
1.583988
1.603827
1.603827
1.615778
1.615778
1.604791
1.604791
1.594467
1.594467
1.589659
1.589659
1.611686
1.611686
1.601481
1.601481
1.606093
1.606093
1.605977
1.605977
1.581127
1.581127
1.604648
1.604648
1.609264
1.609264
1.595032
1.595032
1.599211
1.599211
1.605543
1.605543
1.588547
1.588547
1.601031
1.601031
1.613065
1.613065
1.612049
1.612049
1.589101
1.589101
1.598570
1.598570
1.587719
1.587719
1.599728
1.599728
1.593679
1.593679
1.604831
1.604831
1.606018
1.606018
1.612070
1.612070
1.570987
1.570987
1.623186
1.623186
1.592338
1.592338
1.588160
1.588160
1.612875
1.612875
1.594571
1.594571
1.604586
1.604586
1.602509
1.602509
1.598763
1.598763
1.595373
1.595373
1.612293
1.612293
1.600783
1.600783
1.612512
1.612512
1.597648
1.597648
1.605573
1.605573
1.601864
1.601864
1.606070
1.606070
1.603527
1.603527
1.578664
1.578664
1.594898
1.594898
1.611094
1.611094
1.606354
1.606354
1.596895
1.596895
1.599260
1.599260
1.617863
1.617863
1.606981
1.606981
1.603434
1.603434
1.598776
1.598776
1.597476
1.597476
1.602015
1.602015
1.615945
1.615945
1.612914
1.612914
1.593701
1.593701
1.594965
1.594965
1.616246
1.616246
1.592212
1.592212
1.606269
1.606269
1.619109
1.619109
1.605096
1.605096
1.600401
1.600401
1.582219
1.582219
1.604549
1.604549
1.595642
1.595642
1.595091
1.595091
1.600088
1.600088
1.595926
1.595926
1.612685
1.612685
1.608294
1.608294
1.589762
1.589762
1.606840
1.606840
1.607398
1.607398
1.593361
1.593361
1.605307
1.605307
1.597365
1.597365
1.600581
1.600581
1.609267
1.609267
1.593545
1.593545
1.592754
1.592754
1.609253
1.609253
1.611409
1.611409
1.559517
1.559517
1.599521
1.599521
1.595774
1.595774
1.603459
1.603459
1.609131
1.609131
1.604020
1.604020
1.585312
1.585312
1.601605
1.601605
1.598096
1.598096
1.599030
1.599030
1.606671
1.606671
1.601934
1.601934
1.613082
1.613082
1.597469
1.597469
1.603978
1.603978
1.583507
1.583507
1.605541
1.605541
1.614498
1.614498
1.626702
1.626702
1.599423
1.599423
1.595639
1.595639
1.604721
1.604721
1.601397
1.601397
1.609606
1.609606
1.587544
1.587544
1.601741
1.601741
1.605547
1.605547
1.606336
1.606336
1.605312
1.605312
1.589457
1.589457
1.601257
1.601257
1.596702
1.596702
1.589149
1.589149
1.602678
1.602678
1.602363
1.602363
1.611598
1.611598
1.638729
1.638729
1.611070
1.611070
1.602210
1.602210
1.593913
1.593913
1.601292
1.601292
1.603678
1.603678
1.574826
1.574826
1.598381
1.598381
1.609112
1.609112
1.591537
1.591537
1.615940
1.615940
1.595027
1.595027
1.587907
1.587907
1.596597
1.596597
1.603698
1.603698
1.608745
1.608745
1.601170
1.601170
1.597979
1.597979
1.597997
1.597997
1.597555
1.597555
1.599446
1.599446
1.612034
1.612034
1.594631
1.594631
1.602165
1.602165
1.611686
1.611686
1.593650
1.593650
1.603116
1.603116
1.604464
1.604464
1.604172
1.604172
1.603119
1.603119
1.593789
1.593789
1.592995
1.592995
1.601592
1.601592
1.603168
1.603168
1.597783
1.597783
1.607458
1.607458
1.629290
1.629290
1.590342
1.590342
1.606102
1.606102
1.609366
1.609366
1.596881
1.596881
1.602946
1.602946
1.609665
1.609665
1.603554
1.603554
1.597836
1.597836
1.605775
1.605775
1.606087
1.606087
1.593932
1.593932
1.596846
1.596846
1.602151
1.602151
1.589293
1.589293
1.606507
1.606507
1.602701
1.602701
1.607431
1.607431
1.589309
1.589309
1.590373
1.590373
1.612794
1.612794
1.599848
1.599848
1.602021
1.602021
1.601575
1.601575
1.597564
1.597564
1.593013
1.593013
1.607566
1.607566
1.602505
1.602505
1.605016
1.605016
1.596928
1.596928
1.607237
1.607237
1.610091
1.610091
1.588594
1.588594
1.599829
1.599829
1.606895
1.606895
1.602575
1.602575
1.588108
1.588108
1.602424
1.602424
1.594099
1.594099
1.599525
1.599525
1.605260
1.605260
1.601704
1.601704
1.620052
1.620052
1.591231
1.591231
1.609771
1.609771
1.596728
1.596728
1.603331
1.603331
1.603512
1.603512
1.608917
1.608917
1.584653
1.584653
1.606736
1.606736
1.607948
1.607948
1.597731
1.597731
1.606836
1.606836
1.613213
1.613213
1.602505
1.602505
1.609469
1.609469
1.590834
1.590834
1.607691
1.607691
1.596841
1.596841
1.590635
1.590635
1.594888
1.594888
1.614732
1.614732
1.581106
1.581106
1.604866
1.604866
1.610477
1.610477
1.597831
1.597831
1.597144
1.597144
1.599411
1.599411
1.596224
1.596224
1.601805
1.601805
1.609292
1.609292
1.610888
1.610888
1.609424
1.609424
1.597098
1.597098
1.588072
1.588072
1.616264
1.616264
1.597163
1.597163
1.583839
1.583839
1.593852
1.593852
1.598571
1.598571
1.600471
1.600471
1.602831
1.602831
1.607401
1.607401
1.615997
1.615997
1.596421
1.596421
1.600659
1.600659
1.611297
1.611297
1.598586
1.598586
1.597618
1.597618
1.605494
1.605494
1.609040
1.609040
1.606161
1.606161
1.605985
1.605985
1.591787
1.591787
1.590796
1.590796
1.610463
1.610463
1.604851
1.604851
1.609365
1.609365
1.593647
1.593647
1.591190
1.591190
1.603582
1.603582
1.618306
1.618306
1.606058
1.606058
1.602431
1.602431
1.608807
1.608807
1.590901
1.590901
1.596661
1.596661
1.604684
1.604684
1.598077
1.598077
1.605017
1.605017
1.598505
1.598505
1.606499
1.606499
1.599599
1.599599
1.586917
1.586917
1.604455
1.604455
1.601909
1.601909
1.599328
1.599328
1.595600
1.595600
1.603491
1.603491
1.606142
1.606142
1.592309
1.592309
1.612157
1.612157
1.612682
1.612682
1.593536
1.593536
1.596435
1.596435
1.590296
1.590296
1.600335
1.600335
1.611569
1.611569
1.591836
1.591836
1.601004
1.601004
1.597943
1.597943
1.617963
1.617963
1.604028
1.604028
1.601510
1.601510
1.597198
1.597198
1.612355
1.612355
1.591994
1.591994
1.587236
1.587236
1.601875
1.601875
1.600302
1.600302
1.602697
1.602697
1.595637
1.595637
1.605696
1.605696
1.590849
1.590849
1.605295
1.605295
1.608576
1.608576
1.595610
1.595610
1.593623
1.593623
1.598057
1.598057
1.621898
1.621898
1.602182
1.602182
1.593637
1.593637
1.606936
1.606936
1.604049
1.604049
1.599726
1.599726
1.584683
1.584683
1.599895
1.599895
1.598889
1.598889
1.610220
1.610220
1.604205
1.604205
1.594013
1.594013
1.578373
1.578373
1.594370
1.594370
1.608975
1.608975
1.591373
1.591373
1.608756
1.608756
1.599918
1.599918
1.601999
1.601999
1.593264
1.593264
1.587649
1.587649
1.606415
1.606415
1.618518
1.618518
1.594514
1.594514
1.620996
1.620996
1.588335
1.588335
1.606388
1.606388
1.592656
1.592656
1.595259
1.595259
1.619036
1.619036
1.611776
1.611776
1.600194
1.600194
1.599720
1.599720
1.605367
1.605367
1.598049
1.598049
1.600477
1.600477
1.596982
1.596982
1.595760
1.595760
1.602958
1.602958
1.600880
1.600880
1.612392
1.612392
1.591490
1.591490
1.597796
1.597796
1.603363
1.603363
1.596253
1.596253
1.592737
1.592737
1.603068
1.603068
1.608070
1.608070
1.595713
1.595713
1.595199
1.595199
1.600079
1.600079
1.593624
1.593624
1.615058
1.615058
1.597118
1.597118
1.610073
1.610073
1.606612
1.606612
1.601372
1.601372
1.586069
1.586069
1.599527
1.599527
1.607360
1.607360
1.609280
1.609280
1.601382
1.601382
1.604550
1.604550
1.597573
1.597573
1.599003
1.599003
1.599332
1.599332
1.600547
1.600547
1.613294
1.613294
1.592427
1.592427
1.594022
1.594022
1.606053
1.606053
1.594027
1.594027
1.610756
1.610756
1.595127
1.595127
1.593675
1.593675
1.600792
1.600792
1.603787
1.603787
1.608353
1.608353
1.596621
1.596621
1.597040
1.597040
1.592624
1.592624
1.603737
1.603737
1.602997
1.602997
1.600561
1.600561
1.627036
1.627036
1.598643
1.598643
1.611553
1.611553
1.601417
1.601417
1.589922
1.589922
1.598895
1.598895
1.602885
1.602885
1.591324
1.591324
1.604226
1.604226
1.601100
1.601100
1.618620
1.618620
1.587210
1.587210
1.587784
1.587784
1.588158
1.588158
1.604457
1.604457
1.599218
1.599218
1.602002
1.602002
1.605284
1.605284
1.608559
1.608559
1.586761
1.586761
1.609115
1.609115
1.599659
1.599659
1.607069
1.607069
1.597676
1.597676
1.599736
1.599736
1.613444
1.613444
1.597651
1.597651
1.603061
1.603061
1.592297
1.592297
1.592025
1.592025
1.611278
1.611278
1.610387
1.610387
1.592618
1.592618
1.609221
1.609221
1.587998
1.587998
1.597749
1.597749
1.615106
1.615106
1.594133
1.594133
1.596468
1.596468
1.597573
1.597573
1.610696
1.610696
1.601872
1.601872
1.596514
1.596514
1.594990
1.594990
1.609948
1.609948
1.605541
1.605541
1.597830
1.597830
1.599506
1.599506
1.548962
1.548962
1.598202
1.598202
1.608681
1.608681
1.605871
1.605871
1.589810
1.589810
1.598994
1.598994
1.589522
1.589522
1.598712
1.598712
1.593824
1.593824
1.609902
1.609902
1.593585
1.593585
1.604795
1.604795
1.594621
1.594621
1.595387
1.595387
1.596609
1.596609
1.609937
1.609937
1.599524
1.599524
1.597349
1.597349
1.607699
1.607699
1.597075
1.597075
1.590633
1.590633
1.600668
1.600668
1.611373
1.611373
1.602051
1.602051
1.587416
1.587416
1.593535
1.593535
1.597410
1.597410
1.598800
1.598800
1.602143
1.602143
1.607410
1.607410
1.602664
1.602664
1.596223
1.596223
1.600139
1.600139
1.590716
1.590716
1.597292
1.597292
1.610041
1.610041
1.633927
1.633927
1.597663
1.597663
1.608521
1.608521
1.608882
1.608882
1.585770
1.585770
1.603087
1.603087
1.570666
1.570666
1.603250
1.603250
1.602344
1.602344
1.605643
1.605643
1.594797
1.594797
1.588118
1.588118
1.633150
1.633150
1.606677
1.606677
1.597034
1.597034
1.596147
1.596147
1.593639
1.593639
1.600962
1.600962
1.629880
1.629880
1.593117
1.593117
1.610773
1.610773
1.598102
1.598102
1.593569
1.593569
1.599495
1.599495
1.624393
1.624393
1.587194
1.587194
1.615966
1.615966
1.607916
1.607916
1.590242
1.590242
1.595762
1.595762
1.609509
1.609509
1.597808
1.597808
1.597483
1.597483
1.601695
1.601695
1.603325
1.603325
1.601190
1.601190
1.579436
1.579436
1.584717
1.584717
1.611287
1.611287
1.597519
1.597519
1.599229
1.599229
1.602343
1.602343
1.620363
1.620363
1.592824
1.592824
1.588250
1.588250
1.589370
1.589370
1.611382
1.611382
1.620461
1.620461
1.572720
1.572720
1.607186
1.607186
1.594370
1.594370
1.593200
1.593200
1.608844
1.608844
1.596624
1.596624
1.585359
1.585359
1.597598
1.597598
1.598186
1.598186
1.596982
1.596982
1.604566
1.604566
1.602259
1.602259
1.587651
1.587651
1.595551
1.595551
1.593761
1.593761
1.596334
1.596334
1.605510
1.605510
1.605006
1.605006
1.608421
1.608421
1.603512
1.603512
1.590452
1.590452
1.606102
1.606102
1.596706
1.596706
1.599919
1.599919
1.603959
1.603959
1.598732
1.598732
1.599415
1.599415
1.597397
1.597397
1.603432
1.603432
1.594489
1.594489
1.624254
1.624254
1.594918
1.594918
1.600888
1.600888
1.598130
1.598130
1.597460
1.597460
1.603618
1.603618
1.613605
1.613605
1.610701
1.610701
1.598952
1.598952
1.603175
1.603175
1.590458
1.590458
1.596398
1.596398
1.582503
1.582503
1.591018
1.591018
1.604369
1.604369
1.604822
1.604822
1.596511
1.596511
1.603839
1.603839
1.576047
1.576047
1.594208
1.594208
1.613814
1.613814
1.597408
1.597408
1.604679
1.604679
1.585058
1.585058
1.611132
1.611132
1.581531
1.581531
1.615729
1.615729
1.603806
1.603806
1.603199
1.603199
1.592322
1.592322
1.602351
1.602351
1.595166
1.595166
1.612053
1.612053
1.607844
1.607844
1.589361
1.589361
1.591248
1.591248
1.609063
1.609063
1.592138
1.592138
1.605655
1.605655
1.610881
1.610881
1.595365
1.595365
1.589517
1.589517
1.623977
1.623977
1.607121
1.607121
1.592793
1.592793
1.602379
1.602379
1.595904
1.595904
1.595063
1.595063
1.626627
1.626627
1.596611
1.596611
1.599934
1.599934
1.604175
1.604175
1.590967
1.590967
1.603537
1.603537
1.613661
1.613661
1.605805
1.605805
1.593887
1.593887
1.597976
1.597976
1.608522
1.608522
1.593539
1.593539
1.584090
1.584090
1.588397
1.588397
1.609636
1.609636
1.596509
1.596509
1.599833
1.599833
1.603408
1.603408
1.596137
1.596137
1.596727
1.596727
1.607057
1.607057
1.602446
1.602446
1.599028
1.599028
1.592737
1.592737
1.593557
1.593557
1.595584
1.595584
1.596025
1.596025
1.591939
1.591939
1.594852
1.594852
1.616909
1.616909
1.609598
1.609598
1.597379
1.597379
1.602529
1.602529
1.591720
1.591720
1.604749
1.604749
1.604185
1.604185
1.573076
1.573076
1.592003
1.592003
1.586048
1.586048
1.606003
1.606003
1.614456
1.614456
1.596417
1.596417
1.607729
1.607729
1.590298
1.590298
1.600302
1.600302
1.607194
1.607194
1.603620
1.603620
1.595866
1.595866
1.590780
1.590780
1.607511
1.607511
1.583685
1.583685
1.614172
1.614172
1.596565
1.596565
1.591003
1.591003
1.618071
1.618071
1.596852
1.596852
1.603983
1.603983
1.598285
1.598285
1.600504
1.600504
1.596386
1.596386
1.597433
1.597433
1.592293
1.592293
1.598148
1.598148
1.605914
1.605914
1.607997
1.607997
1.585896
1.585896
1.634772
1.634772
1.596429
1.596429
1.593255
1.593255
1.602535
1.602535
1.608874
1.608874
1.597123
1.597123
1.581335
1.581335
1.600680
1.600680
1.595851
1.595851
1.598912
1.598912
1.606403
1.606403
1.596017
1.596017
1.582365
1.582365
1.586781
1.586781
1.593895
1.593895
1.600786
1.600786
1.608724
1.608724
1.602955
1.602955
1.612484
1.612484
1.592762
1.592762
1.597222
1.597222
1.592269
1.592269
1.615511
1.615511
1.594320
1.594320
1.618194
1.618194
1.607881
1.607881
1.581616
1.581616
1.602689
1.602689
1.604533
1.604533
1.602600
1.602600
1.569579
1.569579
1.608992
1.608992
1.596893
1.596893
1.597576
1.597576
1.595663
1.595663
1.596653
1.596653
1.591530
1.591530
1.601442
1.601442
1.598455
1.598455
1.594165
1.594165
1.594424
1.594424
1.609247
1.609247
1.577210
1.577210
1.594130
1.594130
1.590481
1.590481
1.610637
1.610637
1.594322
1.594322
1.602084
1.602084
1.615330
1.615330
1.599658
1.599658
1.590530
1.590530
1.596019
1.596019
1.602436
1.602436
1.598273
1.598273
1.645227
1.645227
1.610201
1.610201
1.595836
1.595836
1.600431
1.600431
1.591481
1.591481
1.599831
1.599831
1.573116
1.573116
1.590527
1.590527
1.606880
1.606880
1.594661
1.594661
1.602425
1.602425
1.602959
1.602959
1.573702
1.573702
1.600129
1.600129
1.595715
1.595715
1.605632
1.605632
1.595306
1.595306
1.593869
1.593869
1.617283
1.617283
1.593233
1.593233
1.610547
1.610547
1.590503
1.590503
1.599009
1.599009
1.604258
1.604258
1.571511
1.571511
1.612412
1.612412
1.601345
1.601345
1.584274
1.584274
1.594245
1.594245
1.599940
1.599940
1.605863
1.605863
1.603217
1.603217
1.600613
1.600613
1.605540
1.605540
1.595611
1.595611
1.589592
1.589592
1.589447
1.589447
1.588505
1.588505
1.603757
1.603757
1.600290
1.600290
1.595995
1.595995
1.600732
1.600732
1.622438
1.622438
1.598672
1.598672
1.601169
1.601169
1.593950
1.593950
1.603131
1.603131
1.596627
1.596627
1.593661
1.593661
1.593087
1.593087
1.605306
1.605306
1.605429
1.605429
1.593742
1.593742
1.595287
1.595287
1.597414
1.597414
1.604399
1.604399
1.592868
1.592868
1.601764
1.601764
1.597427
1.597427
1.592505
1.592505
1.622193
1.622193
1.597575
1.597575
1.598954
1.598954
1.597747
1.597747
1.599588
1.599588
1.595885
1.595885
1.616346
1.616346
1.596354
1.596354
1.614727
1.614727
1.594921
1.594921
1.602681
1.602681
1.586282
1.586282
1.582093
1.582093
1.595386
1.595386
1.605976
1.605976
1.585295
1.585295
1.607068
1.607068
1.596529
1.596529
1.612705
1.612705
1.597484
1.597484
1.603453
1.603453
1.599546
1.599546
1.595852
1.595852
1.600490
1.600490
1.569908
1.569908
1.600007
1.600007
1.597700
1.597700
1.598817
1.598817
1.598193
1.598193
1.600437
1.600437
1.580643
1.580643
1.596757
1.596757
1.607455
1.607455
1.605045
1.605045
1.590537
1.590537
1.592035
1.592035
1.601423
1.601423
1.600978
1.600978
1.607339
1.607339
1.594515
1.594515
1.598207
1.598207
1.598464
1.598464
1.550241
1.550241
1.592709
1.592709
1.585093
1.585093
1.600706
1.600706
1.607745
1.607745
1.605034
1.605034
1.603482
1.603482
1.609396
1.609396
1.602970
1.602970
1.593848
1.593848
1.599001
1.599001
1.588737
1.588737
1.586447
1.586447
1.607798
1.607798
1.588658
1.588658
1.593101
1.593101
1.598673
1.598673
1.600286
1.600286
1.622141
1.622141
1.588662
1.588662
1.605103
1.605103
1.608366
1.608366
1.592962
1.592962
1.595199
1.595199
1.609926
1.609926
1.590217
1.590217
1.599557
1.599557
1.612306
1.612306
1.597114
1.597114
1.591998
1.591998
1.603112
1.603112
1.588943
1.588943
1.603743
1.603743
1.593227
1.593227
1.602840
1.602840
1.601858
1.601858
1.605466
1.605466
1.587231
1.587231
1.587518
1.587518
1.610002
1.610002
1.609668
1.609668
1.598497
1.598497
1.588235
1.588235
1.601120
1.601120
1.592375
1.592375
1.591716
1.591716
1.593009
1.593009
1.606945
1.606945
1.637013
1.637013
1.603217
1.603217
1.604974
1.604974
1.588449
1.588449
1.591788
1.591788
1.605966
1.605966
1.575648
1.575648
1.592262
1.592262
1.597224
1.597224
1.606744
1.606744
1.596812
1.596812
1.598403
1.598403
1.595047
1.595047
1.594705
1.594705
1.603859
1.603859
1.600574
1.600574
1.601436
1.601436
1.593715
1.593715
1.576593
1.576593
1.587557
1.587557
1.602587
1.602587
1.589287
1.589287
1.609133
1.609133
1.602738
1.602738
1.595274
1.595274
1.599864
1.599864
1.593641
1.593641
1.601370
1.601370
1.604135
1.604135
1.593917
1.593917
1.584316
1.584316
1.604718
1.604718
1.594200
1.594200
1.588630
1.588630
1.598318
1.598318
1.603472
1.603472
1.607390
1.607390
1.589583
1.589583
1.600265
1.600265
1.594955
1.594955
1.611658
1.611658
1.592420
1.592420
1.609601
1.609601
1.597446
1.597446
1.596855
1.596855
1.599921
1.599921
1.592488
1.592488
1.607222
1.607222
1.575403
1.575403
1.593532
1.593532
1.596241
1.596241
1.593239
1.593239
1.607692
1.607692
1.599079
1.599079
1.601637
1.601637
1.600644
1.600644
1.598561
1.598561
1.592457
1.592457
1.595067
1.595067
1.600579
1.600579
1.616672
1.616672
1.616646
1.616646
1.577816
1.577816
1.587040
1.587040
1.602588
1.602588
1.603933
1.603933
1.610894
1.610894
1.613963
1.613963
1.583023
1.583023
1.601783
1.601783
1.604457
1.604457
1.590656
1.590656
1.571941
1.571941
1.598729
1.598729
1.592844
1.592844
1.597189
1.597189
1.603057
1.603057
1.595438
1.595438
1.613672
1.613672
1.582897
1.582897
1.604505
1.604505
1.593921
1.593921
1.603451
1.603451
1.600941
1.600941
1.620840
1.620840
1.608872
1.608872
1.605426
1.605426
1.602800
1.602800
1.591938
1.591938
1.582418
1.582418
1.580563
1.580563
1.600154
1.600154
1.598613
1.598613
1.604545
1.604545
1.592224
1.592224
1.599783
1.599783
1.554009
1.554009
1.599540
1.599540
1.590307
1.590307
1.595540
1.595540
1.592363
1.592363
1.606570
1.606570
1.625331
1.625331
1.596844
1.596844
1.603232
1.603232
1.598261
1.598261
1.591610
1.591610
1.599974
1.599974
1.587908
1.587908
1.605356
1.605356
1.586684
1.586684
1.608073
1.608073
1.598433
1.598433
1.588537
1.588537
1.605899
1.605899
1.594461
1.594461
1.609373
1.609373
1.588712
1.588712
1.613490
1.613490
1.587754
1.587754
1.562585
1.562585
1.599401
1.599401
1.597231
1.597231
1.604174
1.604174
1.591419
1.591419
1.591557
1.591557
1.628185
1.628185
1.589003
1.589003
1.592237
1.592237
1.605053
1.605053
1.595237
1.595237
1.609479
1.609479
1.580710
1.580710
1.594036
1.594036
1.605502
1.605502
1.596652
1.596652
1.601132
1.601132
1.591183
1.591183
1.597298
1.597298
1.594381
1.594381
1.594374
1.594374
1.594032
1.594032
1.593640
1.593640
1.605912
1.605912
1.637471
1.637471
1.601051
1.601051
1.599458
1.599458
1.602988
1.602988
1.592507
1.592507
1.591631
1.591631
1.601458
1.601458
1.594190
1.594190
1.594100
1.594100
1.596830
1.596830
1.599558
1.599558
1.599840
1.599840
1.619135
1.619135
1.598091
1.598091
1.590069
1.590069
1.596305
1.596305
1.598354
1.598354
1.601096
1.601096
1.620737
1.620737
1.586295
1.586295
1.613497
1.613497
1.591807
1.591807
1.601846
1.601846
1.598628
1.598628
1.565730
1.565730
1.596857
1.596857
1.596613
1.596613
1.602823
1.602823
1.595326
1.595326
1.594757
1.594757
1.602494
1.602494
1.603968
1.603968
1.608994
1.608994
1.606938
1.606938
1.586913
1.586913
1.581176
1.581176
1.591942
1.591942
1.605571
1.605571
1.603822
1.603822
1.596814
1.596814
1.595480
1.595480
1.585852
1.585852
1.595184
1.595184
1.598017
1.598017
1.611970
1.611970
1.598990
1.598990
1.589328
1.589328
1.588038
1.588038
1.603039
1.603039
1.598156
1.598156
1.594017
1.594017
1.599808
1.599808
1.607397
1.607397
1.588911
1.588911
1.590390
1.590390
1.596572
1.596572
1.582570
1.582570
1.602913
1.602913
1.610540
1.610540
1.591707
1.591707
1.616496
1.616496
1.594296
1.594296
1.591740
1.591740
1.599557
1.599557
1.597026
1.597026
1.601571
1.601571
1.616799
1.616799
1.596800
1.596800
1.591494
1.591494
1.597216
1.597216
1.607421
1.607421
1.594748
1.594748
1.593465
1.593465
1.595629
1.595629
1.595563
1.595563
1.607889
1.607889
1.587081
1.587081
1.602001
1.602001
1.588751
1.588751
1.604267
1.604267
1.597421
1.597421
1.597335
1.597335
1.600571
1.600571
1.586465
1.586465
1.600329
1.600329
1.606274
1.606274
1.598521
1.598521
1.601751
1.601751
1.593984
1.593984
1.586129
1.586129
1.594499
1.594499
1.603724
1.603724
1.599654
1.599654
1.604918
1.604918
1.593105
1.593105
1.588106
1.588106
1.574989
1.574989
1.594764
1.594764
1.596971
1.596971
1.600654
1.600654
1.600357
1.600357
1.590722
1.590722
1.613858
1.613858
1.605904
1.605904
1.598195
1.598195
1.590438
1.590438
1.599172
1.599172
1.592458
1.592458
1.595783
1.595783
1.599993
1.599993
1.604069
1.604069
1.591703
1.591703
1.589091
1.589091
1.602798
1.602798
1.585459
1.585459
1.602426
1.602426
1.600981
1.600981
1.605237
1.605237
1.577658
1.577658
1.602837
1.602837
1.575394
1.575394
1.605342
1.605342
1.614060
1.614060
1.591791
1.591791
1.595307
1.595307
1.582891
1.582891
1.572915
1.572915
1.593309
1.593309
1.607628
1.607628
1.601658
1.601658
1.584074
1.584074
1.601803
1.601803
1.578485
1.578485
1.600554
1.600554
1.603396
1.603396
1.598155
1.598155
1.590635
1.590635
1.595945
1.595945
1.576785
1.576785
1.600083
1.600083
1.596363
1.596363
