2.3580
3.7751
3.6495
2.5040
1.8649
1.8286
1.4486
1.4014
1.5736
1.9904
1.5012
1.4560
1.2449
1.3350
1.7619
1.9724
1.2001
1.3664
1.5009
1.4179
1.6189
1.2554
1.6479
1.3256
1.4949
1.3433
1.2483
1.1805
1.0411
1.3504
1.1818
1.2699
1.2078
1.5437
0.9254
1.4092
1.5081
1.6399
1.5075
1.1528
1.3967
1.6178
1.2391
1.0879
0.8800
0.9641
1.1148
1.0605
1.1353
1.1823
1.1287
1.2353
1.1535
1.2687
0.9243
1.7296
1.2011
1.2838
1.0170
1.3731
1.1086
1.3968
1.4308
1.1336
1.2956
1.1965
1.0911
1.0523
0.9975
1.0881
1.3973
1.2956
0.9294
0.9454
0.8921
