1.8459
3.6018
2.5933
2.6213
3.3323
3.6189
3.7157
3.4049
3.4958
3.7578
3.2698
2.5552
3.0794
2.5257
2.5836
3.0656
2.5630
2.7975
2.5766
2.2624
2.6883
2.5316
2.2461
2.5991
1.9875
2.4394
1.7502
1.6761
1.7650
1.7111
2.1200
2.2526
2.0157
2.3779
1.7897
1.9144
2.4591
1.9295
1.5304
1.7652
1.6035
1.4929
2.5481
1.7923
1.5751
2.2015
1.9097
1.8015
1.6381
1.5850
2.0016
1.9355
1.9791
1.3110
1.5591
2.2113
1.6321
2.0673
1.8998
2.1249
1.7703
1.5828
1.6525
1.8012
1.6802
2.0124
1.4830
1.4470
1.6793
1.4462
2.1111
2.2096
1.8748
2.2215
1.9557
