0.5942
0.7980
0.6334
0.5549
0.5982
0.5706
0.7078
0.6643
0.5073
0.5897
0.5190
0.5860
0.5306
0.4938
0.5775
0.5480
0.5767
0.4729
0.5212
0.5946
0.5055
0.5237
0.5641
0.5848
0.5123
0.5208
0.4747
0.4531
0.5628
0.5121
0.6193
0.6558
0.6904
0.6066
0.7434
0.6819
0.5643
0.6619
0.5790
0.6984
0.5655
0.6051
0.7532
0.6332
0.6635
0.6547
0.6665
0.7631
0.5999
0.6632
0.4717
0.6585
0.7335
0.5042
0.5391
0.6225
0.6433
0.5340
0.5356
0.7753
0.5423
0.6645
0.7915
0.5096
0.6229
0.5148
0.6312
0.4751
0.5907
0.6748
0.5804
0.6519
0.5595
0.5662
0.6403
