1.9533
2.4643
4.3621
4.0590
3.5902
3.1112
2.6810
2.1306
2.0302
2.6815
2.5755
2.9322
2.9778
2.6465
3.1404
2.5559
2.5616
2.6207
2.4314
2.4291
2.4037
2.7215
2.5710
2.7793
2.2903
2.2520
2.6372
2.6380
2.4755
2.7543
2.3163
2.1138
2.2852
2.7932
2.4472
2.8246
2.7481
2.4653
2.2331
2.0683
2.2364
3.9606
2.7969
2.8063
2.4752
2.2695
2.8609
2.1559
1.9928
2.0619
2.4287
2.2051
2.3107
2.4650
1.9997
2.1860
2.4690
1.7759
2.6321
2.0173
2.5116
2.2939
1.7415
2.1100
2.3321
2.4510
2.1965
2.1299
2.2206
2.0745
2.1354
2.3001
2.2375
2.2543
1.9463
