2.4996
3.7514
5.0726
4.1042
4.0358
4.2571
4.5302
3.8379
3.9047
3.7542
3.9871
3.8548
3.9100
4.0652
4.0531
3.4172
3.9914
3.6005
3.9357
3.5462
3.2201
3.3194
3.8789
3.5326
3.8915
3.5799
3.8329
3.3971
3.2008
3.3058
3.3521
3.2212
3.6433
3.3460
3.6282
3.2544
3.2196
3.1714
3.1146
3.3029
3.3348
3.2399
3.4188
3.2518
2.8621
3.5191
2.9733
3.8696
3.0313
2.9762
2.9367
3.3730
3.5763
3.4125
3.6376
3.3993
3.2660
3.5019
3.3385
3.0454
3.3147
3.3617
3.1720
2.6085
3.2149
3.4042
2.7852
3.0261
3.0075
3.2700
3.0285
2.9928
3.1768
2.8668
3.4023
