0.6037
0.7478
0.8840
0.7954
0.8122
0.7006
0.6770
0.6401
0.6745
0.6710
0.6332
0.5844
0.5961
0.6376
0.6625
0.5663
0.5827
0.6023
0.5415
0.6380
0.6138
0.5917
0.5897
0.5709
0.5802
0.5767
0.6031
0.5585
0.5104
0.6237
0.6387
0.5184
0.5708
0.5474
0.5765
0.5495
0.6433
0.5628
0.5500
0.6617
0.5507
0.5521
0.5281
0.5000
0.5288
0.5402
0.5077
0.5304
0.5618
0.5029
0.5423
0.5465
0.5846
0.5654
0.5923
0.5275
0.5291
0.5527
0.5643
0.5175
0.5137
0.5529
0.5895
0.5946
0.5739
0.5136
0.5795
0.4709
0.4812
0.5384
0.5108
0.5436
0.5026
0.5254
0.5259
