3.1611
4.5763
7.4514
11.1426
14.2055
15.8176
16.5839
16.7530
18.3123
19.8980
20.6160
23.0495
24.9100
25.4177
27.0969
25.0709
47.9679
37.8009
41.1839
40.1884
33.4121
23.3579
18.2698
20.9028
19.5009
22.4988
18.4462
28.6899
31.6206
33.2063
37.9398
36.0386
20.7677
28.9332
33.2183
42.0314
47.7387
39.1195
41.0903
48.5714
44.0372
38.1238
35.3780
28.7293
33.4360
49.7203
46.3361
28.9902
48.8002
29.3585
36.9441
40.9140
188.5538
78.0168
75.1611
31.2243
23.2724
2.5515
40.7713
69.9513
19.6661
1.5283
5.8905
10.8314
10.5055
14.5821
15.6526
15.2933
13.4747
18.0874
14.1458
13.9572
11.8250
14.7291
9.9117
11.2519
17.6509
19.8203
14.9548
8.2969
6.6837
31.1926
11.2837
1.6152
10.9996
27.4482
8.0998
10.2791
20.7791
13.0339
13.8072
15.0631
15.8138
18.1059
22.4718
22.0213
18.8139
17.0578
19.3965
26.6065
