5.0319
5.3024
5.3466
5.7305
6.0697
10.3478
6.3663
5.3011
7.0442
6.1717
6.5169
5.0926
6.0983
6.0874
6.0650
6.5782
5.3474
6.7379
5.5280
5.5090
5.8978
5.4487
5.3608
5.2120
5.9431
7.4771
5.2930
5.4275
6.3414
7.2082
7.3358
7.4880
6.7608
6.8110
6.8423
9.1671
8.0610
9.2138
9.1571
7.9668
5.5386
5.5901
6.2500
7.6746
6.8980
6.4359
6.3864
6.1270
7.1251
8.5733
8.4790
8.3782
8.7832
7.9472
6.4007
5.2438
7.4522
8.7113
9.9761
7.3785
6.1749
7.1294
9.0090
9.4735
9.0300
10.4934
8.9129
8.4070
8.9003
8.4963
628.8344
161.0545
188.0851
79.2049
38.9192
135.5863
82.8072
111.4948
14.0591
44.4099
42.7794
66.9757
53.3820
255.0712
28.6631
16.1844
22.2382
14.6004
11.6330
14.9779
8.4970
11.4985
13.5319
9.3920
5.6230
5.3199
5.1213
5.4186
4.7813
4.9654
