0.0940
0.0910
0.0960
0.0980
0.0938
0.0950
0.1040
0.1060
0.1060
0.0988
0.1130
0.1210
0.1160
0.1130
0.1062
0.1110
0.1350
0.1120
0.1220
0.1575
0.1460
0.1470
0.1340
0.1740
0.1475
0.1570
0.1570
0.1760
0.1770
0.2087
0.1970
0.1950
0.1950
0.2130
0.2200
0.2070
0.2600
0.2340
0.2310
0.2675
0.2520
0.2720
0.2690
0.2870
0.2900
0.3210
0.2930
0.2930
0.3020
0.3375
0.3210
0.3250
0.3300
0.3570
0.3563
0.3470
0.3650
0.3460
0.3760
0.3513
0.3610
0.3630
0.3490
0.3910
0.4075
0.4020
0.3700
0.3570
0.3840
0.4150
0.3980
0.3910
0.4130
0.3910
0.4062
0.4160
0.4270
0.3970
0.4240
0.4175
0.4100
0.4460
0.4180
0.4460
0.4325
0.4470
0.4650
0.4430
0.4310
0.4562
0.4470
0.4610
0.4540
0.4810
0.4938
0.4800
0.4720
0.4740
0.4840
0.4938
0.4920
0.4670
0.5140
0.4900
0.5062
0.4860
0.4950
0.5210
0.5230
0.5350
0.5260
0.5110
0.5370
0.5410
0.5288
0.5500
0.5470
0.5360
0.5500
0.5513
0.5740
0.5590
0.5630
0.5750
0.5725
0.5820
0.5580
0.5900
0.5830
0.6175
0.5810
0.6230
0.6080
0.6000
0.5938
0.6300
0.6000
0.6130
0.6260
0.6250
0.6270
0.6170
0.6220
0.6410
0.6462
0.6540
0.6260
0.6580
0.6200
0.6587
0.6550
0.6690
0.6530
0.6570
0.6238
0.6600
0.6610
0.6690
0.6610
0.6637
0.6720
0.7040
0.6410
0.6540
0.6587
0.6530
0.6930
0.6700
0.6670
0.6650
0.6860
0.6430
0.6840
0.6710
0.6863
0.7040
0.6590
0.6510
0.6850
0.7025
0.6810
0.7120
0.6760
0.6680
0.6937
0.6980
0.6840
0.6840
0.6920
0.7000
0.6970
0.7080
0.6880
0.7190
0.6900
0.6830
0.7230
0.7190
0.7050
0.7200
0.7280
0.7290
0.7080
0.7120
0.7125
0.6860
0.7670
0.7170
0.7380
0.7300
0.7420
0.7260
0.7390
0.7580
0.7163
0.7600
0.7630
0.7460
0.7380
0.7137
0.7460
0.7370
0.7680
0.7420
0.7738
0.7450
0.7680
0.7600
0.7670
0.7475
0.7720
0.7460
0.7620
0.7730
0.7588
0.7430
0.7550
0.7800
0.7770
0.7725
0.7770
0.7630
0.7730
0.7620
0.7700
0.7920
0.7480
0.7860
0.7590
0.7662
0.7810
0.7820
0.7660
0.7800
0.7538
0.7540
0.7890
0.7870
0.7780
0.7688
0.7760
0.7630
0.7700
0.7920
0.7775
0.7940
0.7690
0.7840
0.7660
0.7700
0.7960
0.7820
0.7700
0.7670
0.7712
0.7770
0.7670
0.7820
0.7770
0.7913
0.7840
0.7840
0.7740
0.7740
0.7863
0.7850
0.7680
0.7960
0.7680
0.7987
0.7820
0.7850
0.7850
0.7810
0.7837
0.7860
0.7790
0.7760
0.8010
0.7738
0.8090
0.7610
0.7970
0.7680
0.7913
0.7820
0.7830
0.7860
0.8130
0.7625
0.7750
0.7830
0.7920
0.7960
0.7913
0.7700
0.7960
0.7990
0.7900
0.7837
0.7970
0.7740
0.7820
0.7760
0.8200
0.7860
0.7760
0.8070
0.7860
0.7913
0.7750
0.7980
0.8020
0.7870
0.7887
0.8000
0.7720
0.8070
0.7800
0.7975
0.8040
0.7930
0.7870
0.7770
0.8013
0.8230
0.8010
0.7640
0.7810
0.7950
0.7930
0.7910
0.7900
0.7950
0.8013
0.7840
0.7930
0.8010
0.8090
0.7837
0.7880
0.8030
0.8190
0.7700
0.7975
0.7840
0.8140
0.7960
0.7940
0.7937
0.7850
0.7830
0.8170
0.8010
0.7975
0.7790
0.7940
0.8040
0.8030
0.8113
0.7910
0.7960
0.7890
0.8080
0.8100
0.8120
0.8260
0.7960
0.7720
0.7925
0.8070
0.8110
0.8010
0.8010
0.7762
0.7980
0.7910
0.8190
0.7920
0.8113
0.7970
0.7860
0.8260
0.8100
0.7875
0.8050
0.8080
0.8070
0.7890
0.8037
0.7940
0.8210
0.7940
0.8140
0.7887
0.7930
0.8170
0.8070
0.8030
0.8000
0.8020
0.7910
0.8050
0.8090
0.8213
0.8090
0.8010
0.8160
0.8150
0.7913
0.8050
0.7940
0.8180
0.8060
0.8163
0.8280
0.7820
0.8050
0.8260
0.8000
0.8200
0.7980
0.7980
0.8110
0.8213
0.8060
0.8090
0.8170
0.8040
0.8150
0.8230
0.8370
0.7860
0.8040
0.8075
0.8120
0.8310
0.7940
0.8090
0.8175
0.8140
0.8080
0.8170
0.8010
0.8313
0.8220
0.8100
0.8100
0.8200
0.8100
0.8000
0.8160
0.8190
0.8240
0.8250
0.8120
0.8140
0.8200
0.8340
0.8113
0.8040
0.8250
0.8140
0.8310
0.8313
0.7990
0.8200
0.8350
0.8360
0.8237
0.8200
0.8230
0.8310
0.8080
0.8413
0.8370
0.7970
0.8360
0.8290
0.8213
0.8270
0.8150
0.8320
0.8390
0.8175
0.8210
0.8200
0.8350
0.8360
0.8263
0.8390
0.8250
0.8460
0.8210
0.8125
0.8160
0.8470
0.8390
0.8180
0.8287
0.8220
0.8290
0.8380
0.8460
0.8125
0.8530
0.8340
0.8110
0.8180
0.8425
0.8170
0.8320
0.8450
0.8370
0.8275
0.8380
0.8420
0.8250
0.8410
0.8163
0.8240
0.8130
0.8550
0.8440
0.8325
0.8500
0.8310
0.8390
0.8280
0.8250
0.8430
0.8290
0.8350
0.8380
0.8350
0.8250
0.8190
0.8550
0.8480
0.8400
0.8680
0.8430
0.8160
0.8410
0.8225
0.8580
0.8360
0.8420
0.8370
0.8187
0.8420
0.8200
0.8360
0.8520
0.8538
0.8380
0.8400
0.8480
0.8350
0.8438
0.8290
0.8320
0.8330
0.8590
0.8538
0.8410
0.8260
0.8540
0.8490
0.8400
0.8450
0.8530
0.8290
0.8520
0.8337
0.8460
0.8330
0.8440
0.8420
0.8525
0.8530
0.8550
0.8310
0.8390
0.8425
0.8530
0.8280
0.8530
0.8480
0.8438
0.8590
0.8350
0.8600
0.8480
0.8225
0.8470
0.8600
0.8240
0.8540
0.8462
0.8460
0.8520
0.8370
0.8520
0.8450
0.8290
0.8610
0.8460
0.8350
0.8688
0.8410
0.8540
0.8500
0.8500
0.8425
0.8340
0.8420
0.8580
0.8580
0.8500
0.8500
0.8320
0.8620
0.8450
0.8538
0.8440
0.8540
0.8500
0.8480
0.8488
0.8400
0.8560
0.8290
0.8670
0.8575
0.8570
0.8430
0.8450
0.8590
0.8438
0.8450
0.8480
0.8600
0.8490
0.8488
0.8490
0.8430
0.8540
0.8460
0.8638
0.8600
0.8490
0.8570
0.8450
0.8425
0.8570
0.8360
0.8440
0.8670
0.8538
0.8360
0.8540
0.8670
0.8560
0.8413
0.8400
0.8530
0.8700
0.8520
0.8450
0.8670
0.8600
0.8400
0.8470
0.8438
0.8460
0.8620
0.8630
0.8460
0.8450
0.8630
0.8380
0.8480
0.8580
0.8638
0.8560
0.8580
0.8480
0.8490
0.8588
0.8710
0.8490
0.8540
0.8590
0.8363
0.8520
0.8700
0.8470
0.8390
0.8688
0.8490
0.8560
0.8540
0.8590
0.8588
0.8480
0.8460
0.8620
0.8670
0.8550
0.8580
0.8450
0.8740
0.8340
0.8688
0.8590
0.8560
0.8590
0.8430
0.8625
0.8470
0.8760
0.8460
0.8470
0.8662
0.8790
0.8600
0.8360
0.8550
0.8500
0.8540
0.8460
0.8530
0.8640
0.8688
0.8540
0.8570
0.8570
0.8620
0.8538
0.8450
0.8380
0.8600
0.8850
0.8575
0.8480
0.8570
0.8690
0.8480
0.8650
0.8540
0.8520
0.8730
0.8720
0.8337
0.8520
0.8740
0.8460
0.8620
0.8538
0.8520
0.8480
0.8670
0.8630
0.8588
0.8650
0.8570
0.8490
0.8670
0.8512
0.8600
0.8550
0.8540
0.8640
0.8612
0.8490
0.8380
0.8790
0.8720
0.8575
0.8650
0.8390
0.8700
0.8550
0.8688
0.8790
0.8670
0.8540
0.8420
0.8538
0.8680
0.8680
0.8530
0.8570
0.8512
0.8530
0.8740
0.8610
0.8460
0.8700
0.8340
0.8550
0.8820
0.8690
0.8612
0.8600
0.8600
0.8540
0.8710
0.8575
0.8510
0.8540
0.8690
0.8710
0.8612
0.8640
0.8640
0.8690
0.8620
0.8475
0.8720
0.8470
0.8600
0.8630
0.8750
0.8580
0.8500
0.8890
0.8560
0.8625
0.8630
0.8470
0.8760
0.8540
0.8825
0.8480
0.8640
0.8800
0.8610
0.8662
0.8600
0.8600
0.8750
0.8600
0.8662
0.8650
0.8710
0.8510
0.8680
0.8688
0.8680
0.8530
0.8740
0.8710
0.8538
0.8630
0.8820
0.8730
0.8480
0.8550
0.8620
0.8600
0.8580
0.8860
0.8562
0.8650
0.8660
0.8690
0.8650
0.8612
0.8780
0.8720
0.8560
0.8590
0.8625
0.8620
0.8700
0.8640
0.8750
0.8538
0.8580
0.8680
0.8610
0.8630
0.8812
0.8670
0.8650
0.8610
0.8620
0.8762
0.8760
0.8770
0.8520
0.8570
0.8675
0.8690
0.8610
0.8580
0.8770
0.8650
0.8800
0.8490
0.8680
0.8680
0.8638
0.8610
0.8670
0.8760
0.8670
0.8575
0.8560
0.8550
0.8810
0.8680
0.8750
0.8650
0.8800
0.8840
0.8530
0.8475
0.8620
0.8730
0.8610
0.8630
0.8788
0.8820
0.8540
0.8570
0.8750
0.8738
0.8620
0.8530
0.8840
0.8730
0.8712
0.8600
0.8770
0.8730
0.8680
0.8638
0.8560
0.8790
0.8700
0.8630
0.8762
0.8610
0.8680
0.8630
0.8790
0.8725
0.8630
0.8510
0.8700
0.8880
0.8712
0.8690
0.8590
0.8770
0.8680
0.8712
0.8630
0.8620
0.8650
0.8840
0.8700
0.8720
0.8760
0.8420
0.8770
0.8800
0.8700
0.8800
0.8770
0.8600
0.8550
0.8810
0.8490
0.8770
0.8640
0.8762
0.8700
0.8540
0.8650
0.8870
0.8725
0.8690
0.8690
0.8750
0.8620
0.8750
0.8760
0.8500
0.8930
0.8700
0.8600
0.8570
0.8790
0.8750
0.8760
0.8638
0.8680
0.8740
0.8530
0.8690
0.8938
0.8590
0.8630
0.8810
0.8740
0.8775
0.8690
0.8690
0.8650
0.8640
0.8900
0.8500
0.8900
0.8710
0.8800
0.8612
0.8620
0.8730
0.8730
0.8700
0.8775
0.8660
0.8580
0.8880
0.8620
0.8825
0.8590
0.8950
0.8600
0.8540
0.8912
0.8720
0.8580
0.8620
0.8750
0.8938
0.8840
0.8590
0.8740
0.8920
0.8413
0.8740
0.8690
0.8840
0.8670
0.8612
0.8950
0.8500
0.8740
0.8880
0.8475
0.8790
0.8840
0.8660
0.8750
0.8512
0.8700
0.8760
0.8810
0.8740
0.8562
0.8680
0.8670
0.8660
0.8850
0.8775
0.8620
0.8710
0.8660
0.8940
0.8700
0.8900
0.8690
0.8700
0.8610
0.8762
0.8780
0.8740
0.8600
0.8870
0.8650
0.8670
0.8860
0.8750
0.8750
0.8588
0.8700
0.8830
0.8740
0.8680
0.8688
0.8690
0.8680
0.8700
0.8780
0.8825
0.8770
0.8830
0.8650
0.8670
0.8738
0.8690
0.8730
0.8740
0.8760
0.8788
0.8840
0.8770
0.8810
0.8590
0.8675
0.8750
0.8680
0.8850
0.8690
0.8725
0.8590
0.8660
0.8780
0.8780
0.8925
0.8700
0.8910
0.8770
0.8600
0.8725
0.8810
0.8740
0.8800
0.8780
0.8538
0.8750
0.8710
0.8730
0.8760
0.8762
0.8740
0.8820
0.8850
0.8700
0.8562
0.8680
0.8790
0.8910
0.8760
0.8525
0.8620
0.8800
0.8800
0.8730
0.8762
0.8640
0.8700
0.9010
0.8580
0.8788
0.8840
0.8850
0.8930
0.8430
0.8638
0.8740
0.8940
0.8700
0.8590
0.8738
0.8690
0.8770
0.8560
0.8770
0.8962
0.8730
0.8730
0.8840
0.8600
0.8838
0.8940
0.8680
0.8800
0.8610
0.8662
0.8680
0.8880
0.8600
0.8810
0.8738
0.8870
0.8640
0.8810
0.8630
0.8762
0.8720
0.8730
0.8660
0.8800
0.8825
0.8730
0.8640
0.8760
0.8720
0.8925
0.8750
0.8860
0.8640
0.8780
0.8712
0.8770
0.8740
0.8610
0.8840
0.8838
0.8770
0.8880
0.8740
0.8770
0.8588
0.8800
0.8890
0.8600
0.8770
0.8712
0.8920
0.8870
0.8600
0.8660
0.8750
0.8780
0.8910
0.8680
0.8830
0.8588
0.8810
0.8840
0.8780
0.8710
0.8688
0.8710
0.8790
0.8890
0.8710
0.8738
0.8810
0.8760
0.8800
0.8740
0.8725
0.8600
0.8840
0.8750
0.8760
0.8925
0.8810
0.8730
0.8840
0.8720
0.8738
0.8840
0.8630
0.8870
0.8760
0.8750
0.8830
0.8760
0.8610
0.9060
0.8538
0.8860
0.8790
0.8670
0.8750
0.8775
0.8840
0.8780
0.8730
0.8750
0.8738
0.8740
0.8900
0.8760
0.8760
0.8688
0.8670
0.8900
0.8760
0.8770
0.8762
0.8750
0.8760
0.8870
0.8680
0.8812
0.8690
0.8780
0.8730
0.8740
0.8962
0.8900
0.8770
0.8840
0.8620
0.8738
0.8880
0.8690
0.8670
0.8800
0.8838
0.8690
0.8750
0.8710
0.8840
0.8900
0.8870
0.8760
0.8770
0.8630
0.8850
0.8770
0.8820
0.8860
0.8630
0.8800
0.8700
0.8740
0.8750
0.8910
0.8775
0.8670
0.8940
0.8830
0.8720
0.8700
0.8570
0.8780
0.8860
0.8790
0.8900
0.8720
0.8870
0.8790
0.8710
0.8788
0.8820
0.8830
0.8730
0.8640
0.8888
0.8980
0.8720
0.8620
0.8850
0.8725
0.8740
0.8740
0.8840
0.8700
0.8912
0.8880
0.8740
0.8700
0.8980
0.8562
0.8660
0.8920
0.8660
0.8780
0.8925
0.8880
0.8770
0.8820
0.8670
0.8800
0.8790
0.8800
0.8660
0.8800
0.8900
0.8730
0.8710
0.9020
0.8610
0.8875
0.8800
0.8790
0.8830
0.8770
0.8725
0.8600
0.8920
0.8680
0.8800
0.8975
0.8730
0.8610
0.8760
0.8920
0.8950
0.8730
0.8910
0.8850
0.8720
0.8712
0.8700
0.8700
0.9010
0.8740
0.8788
0.8890
0.8910
0.8510
0.8770
0.8888
0.8830
0.8800
0.8700
0.8770
0.8875
0.8720
0.8820
0.8660
0.8850
0.8938
0.8760
0.8800
0.8940
0.8730
0.8725
0.8810
0.8900
0.8640
0.8840
0.8775
0.8870
0.8780
0.8730
0.8820
0.8762
0.8810
0.8850
0.8730
0.8810
0.8762
0.8820
0.8830
0.8790
0.8660
0.8925
0.8640
0.8960
0.8700
0.8760
0.8975
0.8750
0.8750
0.8870
0.8840
0.8788
0.8850
0.8730
0.8820
0.8790
0.8812
0.8820
0.8830
0.8750
0.8800
0.8800
0.8920
0.8890
0.8840
0.8680
0.8638
0.8790
0.8790
0.8730
0.8760
0.8975
0.8840
0.8870
0.8770
0.8850
0.8638
0.8900
0.8770
0.8720
0.8860
0.8738
0.8920
0.8820
0.8630
0.8870
0.8750
0.8850
0.8680
0.8820
0.8710
0.8962
0.9030
0.8760
0.8650
0.8750
0.8800
0.8770
0.8920
0.8610
0.8790
0.8938
0.8900
0.8770
0.8680
0.8860
0.8788
0.8920
0.8700
0.8990
0.8770
0.8575
0.8870
0.8760
0.8790
0.8850
0.8712
0.8800
0.8650
0.8650
0.8970
0.8962
0.8850
0.8870
0.8910
0.8740
0.8588
0.8730
0.8790
0.8830
0.8830
0.8825
0.8550
0.8780
0.8870
0.8930
0.8875
0.8760
0.8860
0.8790
0.8770
0.8812
0.8790
0.8620
0.8850
0.8960
0.8762
0.8830
0.8670
0.8870
0.8810
0.8812
0.8800
0.8690
0.8890
0.8800
0.8812
0.8660
0.8960
0.8740
0.8810
0.8838
0.8740
0.8850
0.8760
0.8810
0.8862
0.8820
0.8910
0.8770
0.8710
0.8800
0.8660
0.8850
0.8850
0.8950
0.8675
0.8650
0.8940
0.8680
0.8870
0.8875
0.8780
0.8710
0.8890
0.8840
0.8800
0.8730
0.8920
0.9000
0.8710
0.8662
0.8830
0.8750
0.8940
0.8770
0.8775
0.8930
0.8720
0.8830
0.8810
0.8775
0.8900
0.8750
0.8900
0.8670
0.8862
0.8920
0.8780
0.8680
0.8870
0.8838
0.8760
0.8740
0.8980
0.8890
0.8688
0.8830
0.8770
0.8990
0.8780
0.8700
0.8930
0.8720
0.8840
0.8810
0.8788
0.8820
0.8920
0.8770
0.8840
0.8725
0.8850
0.9030
0.8770
0.8810
0.8588
0.8820
0.8930
0.8790
0.8730
0.8838
0.8610
0.8800
0.8880
0.8880
0.8962
0.8920
0.8810
0.8740
0.8770
0.8875
0.8800
0.8880
0.8790
0.8950
0.8662
0.8820
0.8920
0.8820
0.8790
0.8750
0.8990
0.8660
0.8830
0.8840
0.8800
0.8730
0.8670
0.8740
0.9010
0.9025
0.8760
0.8870
0.8990
0.8690
0.8825
0.8890
0.8680
0.8880
0.8830
0.8862
0.8710
0.8840
0.8910
0.8970
0.8675
0.8760
0.8900
0.8850
0.8870
0.8738
0.8980
0.8780
0.8770
0.8870
0.8712
0.8900
0.8720
0.9010
0.8860
0.8612
0.8770
0.8730
0.8980
0.8920
0.8725
0.8830
0.8750
0.8790
0.8910
0.8888
0.8940
0.8610
0.8840
0.8820
0.8962
0.9080
0.8710
0.8920
0.8770
0.8625
0.8880
0.8660
0.8860
0.9000
0.8712
0.8910
0.8830
0.8890
0.8750
0.8738
0.8820
0.8670
0.8900
0.8790
0.9000
0.8910
0.8930
0.8840
0.8650
0.8812
0.8740
0.8640
0.8930
0.9010
0.8838
0.8930
0.8920
0.8760
0.8870
0.8625
0.8850
0.8860
0.8850
0.8730
0.8850
0.8740
0.8790
0.8930
0.8780
0.8925
0.8740
0.8770
0.8880
0.8950
0.8800
0.8820
0.8770
0.8800
0.8860
0.8912
0.8780
0.8970
0.8810
0.8750
0.8850
0.8770
0.8840
0.8730
0.8950
0.8875
0.8660
0.8980
0.8890
0.8720
0.8938
0.8730
0.8730
0.8960
0.8930
0.8812
0.9020
0.8690
0.8790
0.8900
0.8762
0.8780
0.8860
0.8760
0.9000
0.8762
0.8870
0.8940
0.8840
0.8680
0.8850
0.8780
0.8820
0.8830
0.8870
0.8875
0.8650
0.8940
0.8950
0.8860
0.8762
0.8780
0.8790
0.8750
0.8980
0.8925
0.8710
0.9030
0.8950
0.8770
0.8712
0.8830
0.8940
0.8720
0.8750
0.8988
0.8800
0.8900
0.8880
0.8660
0.8975
0.8880
0.8900
0.8810
0.8830
0.8762
0.8860
0.8880
0.8890
0.8830
0.8712
0.8840
0.8810
0.9010
0.8710
0.8825
0.8860
0.8670
0.8820
0.8830
0.9062
0.8840
0.8800
0.8900
0.8740
0.8938
0.8710
0.8770
0.9010
0.8890
0.8812
0.8970
0.8720
0.8840
0.8790
0.8888
0.8860
0.8720
0.8970
0.8830
0.8812
0.8880
0.8990
0.8690
0.8790
0.8838
0.8920
0.8840
0.8650
0.9030
0.8750
0.8980
0.8920
0.8550
0.8840
0.8950
0.9000
0.8830
0.8700
0.8830
0.8862
0.8790
0.8850
0.8950
0.8790
0.8838
0.8790
0.8960
0.8650
0.9080
0.8712
0.8750
0.9050
0.8740
0.8990
0.8650
0.8860
0.8940
0.8860
0.8730
0.8825
0.8890
0.8760
0.8800
0.8700
0.9125
0.8900
0.8850
0.8750
0.8980
0.8712
0.8910
0.8730
0.8850
0.8860
0.8900
0.8900
0.8880
0.8900
0.8830
0.8700
0.8810
0.8810
0.8870
0.8860
0.8900
0.8780
0.8900
0.8940
0.8830
0.8775
0.8730
0.8870
0.8880
0.8940
0.8812
0.8910
0.8740
0.8950
0.8830
0.8812
0.8760
0.8910
0.8900
0.8920
0.8738
0.8940
0.8810
0.8810
0.8900
0.8775
0.9010
0.8880
0.8890
0.8670
0.8812
0.8840
0.8980
0.8600
0.8970
0.8900
0.8800
0.8880
0.8900
0.8840
0.8875
0.8780
0.8800
0.8810
0.9060
0.8838
0.8930
0.8820
0.8920
0.8860
0.8738
0.8740
0.8890
0.8730
0.8970
0.8988
0.8920
0.8800
0.8760
0.8860
0.8962
0.8790
0.9030
0.8850
0.8790
0.8812
0.8850
0.8730
0.9010
0.8810
0.8888
0.8830
0.8840
0.9000
0.8670
0.8975
0.8920
0.8870
0.8980
0.8780
0.8712
0.8840
0.8970
0.8870
0.8700
0.8925
0.8820
0.8930
0.8920
0.8650
0.9000
0.8700
0.8940
0.8910
0.8930
0.8812
0.8750
0.8820
0.8780
0.8950
0.9038
0.8940
0.8820
0.8780
0.8920
0.8825
0.8850
0.8770
0.8940
0.8800
0.8950
0.8820
0.8970
0.8800
0.8930
0.8750
0.8710
0.8850
0.8910
0.8910
0.8925
0.8770
0.8860
0.8990
0.8910
0.8738
0.8700
0.8940
0.8860
0.8930
0.8862
0.8900
0.8780
0.8870
0.8790
0.8975
0.8800
0.8930
0.8970
0.8840
0.8725
0.8810
0.8860
0.8950
0.8880
0.8775
0.8720
0.8780
0.9020
0.8960
0.8800
0.8940
0.8790
0.8930
0.8670
0.8988
0.8880
0.8740
0.8880
0.8960
0.8825
0.8750
0.8800
0.8800
0.9070
0.8875
0.8910
0.8840
0.8920
0.8960
0.8612
0.8880
0.8790
0.8850
0.8920
0.8850
0.8920
0.8860
0.8800
0.8750
0.8988
0.9040
0.8850
0.8890
0.8730
0.8750
0.8900
0.8990
0.8860
0.8670
0.8862
0.8800
0.8810
0.8850
0.8880
0.8962
0.8900
0.8900
0.8740
0.8920
0.8812
0.8950
0.8960
0.8860
0.8880
0.8575
0.8830
0.8830
0.8980
0.8670
0.9000
0.8940
0.8850
0.8810
0.8890
0.8775
0.8840
0.8960
0.8700
0.8830
0.8975
0.8930
0.8870
0.8860
0.8930
0.8650
0.8760
0.9030
0.8880
0.8720
0.8900
0.8780
0.8940
0.8700
0.8920
0.8962
0.9010
0.8880
0.8840
0.8790
0.8750
0.8810
0.8850
0.8880
0.8950
0.8800
0.8880
0.8800
0.8910
0.8900
0.8800
0.9040
0.8760
0.8790
0.9030
0.8638
0.8630
0.8840
0.9000
0.8880
0.8975
0.8850
0.8900
0.8970
0.8710
0.8875
0.8940
0.8860
0.8830
0.8880
0.8762
0.8910
0.8860
0.8880
0.8850
0.8775
0.8910
0.8770
0.8760
0.8890
0.9000
0.8830
0.8820
0.8930
0.8860
0.8862
0.8720
0.8890
0.8950
0.8860
0.8888
0.8860
0.8840
0.8850
0.8820
0.8950
0.8860
0.8980
0.8760
0.8880
0.8812
0.8890
0.8770
0.8780
0.8980
0.8900
0.8850
0.8830
0.8940
0.8870
0.8812
0.8820
0.8870
0.8790
0.8920
0.8925
0.8880
0.8910
0.8930
0.8730
0.8862
0.8720
0.8960
0.8890
0.8970
0.8750
0.8780
0.9040
0.8850
0.8920
0.8700
0.8920
0.8880
0.8880
0.8890
0.8725
0.8980
0.8800
0.8880
0.8800
0.8862
0.8960
0.8830
0.8860
0.8880
0.8775
0.8960
0.8950
0.9040
0.8620
0.8725
0.8950
0.8940
0.8740
0.8990
0.8662
0.8910
0.8970
0.8710
0.8950
0.8750
0.8800
0.8960
0.8880
0.8960
0.8675
0.8860
0.8780
0.8760
0.8910
0.9038
0.8940
0.8750
0.8870
0.8750
0.9038
0.9060
0.8960
0.8680
0.8770
0.8838
0.8790
0.8930
0.8880
0.8710
0.9038
0.8820
0.8720
0.8830
0.8940
0.9025
0.8880
0.8920
0.8780
0.8950
0.8762
0.8880
0.8840
0.8870
0.8870
0.8850
0.8840
0.8940
0.8870
0.8860
0.8788
0.8750
0.8950
0.8680
0.8930
0.9038
0.8640
0.8920
0.8950
0.8840
0.8988
0.8840
0.8900
0.8860
0.8850
0.8862
0.8700
0.8940
0.8960
0.8670
0.9087
0.8880
0.8980
0.8870
0.8740
0.8838
0.8710
0.8870
0.8890
0.8850
0.9025
0.8790
0.8920
0.8830
0.8980
0.8775
0.8660
0.8840
0.8830
0.9000
0.9025
0.8960
0.8740
0.8850
0.8990
0.8762
0.8640
0.9020
0.8730
0.8930
0.9038
0.8860
0.8860
0.8950
0.8790
0.8862
0.8840
0.8880
0.8780
0.8900
0.8938
0.9020
0.8830
0.8790
0.8820
0.8862
0.8770
0.8920
0.8950
0.8880
0.8788
0.8860
0.8800
0.8860
0.8970
0.8838
0.8920
0.8800
0.8830
0.9000
0.8762
0.8910
0.8690
0.8780
0.8960
0.9012
0.8930
0.8740
0.8810
0.8880
0.9000
0.8790
0.8870
0.8940
0.8800
0.8950
0.8930
0.8920
0.8780
0.8840
0.8862
0.8730
0.8880
0.8890
0.8880
0.8962
0.8860
0.8890
0.8790
0.8850
0.8950
0.8840
0.8760
0.9060
0.8940
0.8688
0.8810
0.8980
0.8880
0.8740
0.8925
0.8870
0.8790
0.8960
0.8890
0.8812
0.8910
0.8870
0.8940
0.8800
0.8800
0.8740
0.8800
0.8840
0.8980
0.9000
0.8900
0.8740
0.8820
0.8850
0.9062
0.8940
0.8990
0.8950
0.8890
0.8488
0.8870
0.8920
0.8740
0.8880
0.8938
0.8800
0.8950
0.8930
0.8800
0.8850
0.8980
0.8970
0.8760
0.8710
0.8925
0.8950
0.8850
0.8840
0.8850
0.8838
0.8770
0.8990
0.8820
0.8820
0.8950
0.8950
0.8880
0.8850
0.8920
0.8700
0.8910
0.8940
0.8930
0.8730
0.8812
0.8790
0.8920
0.8930
0.8780
0.8925
0.8810
0.8980
0.8850
0.8950
0.8712
0.8890
0.8890
0.8860
0.8720
0.9000
0.8960
0.8830
0.9030
0.8800
0.8675
0.8800
0.9100
0.8890
0.8830
0.8675
0.8770
0.8950
0.8850
0.8870
0.8900
0.8910
0.8830
0.8870
0.8800
0.8938
0.8910
0.8810
0.8960
0.8850
0.8788
0.8950
0.8760
0.8950
0.8740
0.8962
0.8940
0.8910
0.8790
0.8920
0.8762
0.8960
0.8960
0.8850
0.8810
0.8725
0.8930
0.8970
0.8620
0.8940
0.8875
0.9090
0.8820
0.8770
0.8810
0.8838
0.8900
0.8750
0.8900
0.8860
0.8938
0.8930
0.8840
0.8820
0.8860
0.8888
0.8780
0.8960
0.8970
0.8840
0.8762
0.8830
0.8930
0.8760
0.8870
0.8962
0.8870
0.8980
0.8900
0.8690
0.8900
0.8920
0.8710
0.8940
0.8890
0.8875
0.8940
0.8810
0.8890
0.8730
0.8988
0.8830
0.8890
0.8790
0.8930
0.8900
0.8880
0.8920
0.8940
0.8830
0.8738
0.8890
0.8840
0.8880
0.8850
0.8875
0.8760
0.8850
0.8910
0.8900
0.8925
0.8850
0.8900
0.8960
0.8830
0.8775
0.8920
0.8950
0.8930
0.8800
0.8700
0.8850
0.8840
0.8820
0.8840
0.9012
0.8940
0.8800
0.8840
0.8880
0.8875
0.8870
0.8940
0.8710
0.9000
0.8825
0.8800
0.8660
0.8930
0.9040
0.8938
0.8830
0.8820
0.8910
0.8860
0.8962
0.8890
0.8800
0.8920
0.8860
0.8900
0.8960
0.8810
0.8780
0.8910
0.8912
0.8730
0.9120
0.8810
0.8860
0.8838
0.8790
0.8860
0.8850
0.8890
0.9025
0.8860
0.8860
0.8680
0.9040
0.8975
0.8920
0.8910
0.8930
0.8800
0.8825
0.8880
0.8780
0.8950
0.9060
0.8700
0.8820
0.8890
0.8890
0.8770
0.9075
0.8930
0.8920
0.8830
0.8890
0.8838
0.8810
0.8910
0.8690
0.8910
0.9150
0.8950
0.8770
0.8950
0.8910
0.8838
0.9010
0.8990
0.8610
0.9030
0.8762
0.8910
0.8920
0.8830
0.8700
0.9113
0.8820
0.8920
0.8840
0.8900
0.8962
0.8840
0.9000
0.8750
0.8850
0.9012
0.8880
0.8890
0.8940
0.8810
0.8912
0.8890
0.8870
0.8820
0.8870
0.9000
0.8810
0.8940
0.8800
0.9000
0.8875
0.9000
0.8810
0.8870
0.8880
0.8862
0.8790
0.8890
0.8970
0.9020
0.8725
0.8860
0.8960
0.8860
0.8900
0.8838
0.8790
0.8880
0.8870
0.8980
0.8912
0.9010
0.8840
0.8690
0.8970
0.8938
0.8700
0.8890
0.8980
0.9040
0.8825
0.9030
0.8890
0.8920
0.8950
0.8612
0.8740
0.8850
0.8900
0.9030
0.8950
0.8870
0.8810
0.8950
0.8950
0.8875
0.8930
0.8860
0.8890
0.8830
0.8962
0.8940
0.8910
0.8830
0.8970
0.8788
0.8840
0.9000
0.8930
0.8830
0.8850
0.8810
0.9030
0.8950
0.8900
0.8738
0.8940
0.8860
0.9010
0.8910
0.8712
0.8990
0.8950
0.8710
0.8900
0.8925
0.8950
0.8920
0.8860
0.8970
0.8738
0.8940
0.8850
0.8820
0.8920
0.8962
0.8860
0.8810
0.8980
0.8900
0.8950
0.8910
0.8920
0.8860
0.8880
0.8925
0.8910
0.8930
0.8800
0.8910
0.8950
0.8920
0.8950
0.8870
0.8900
0.8838
0.8850
0.8910
0.8810
0.9110
0.8788
0.8940
0.8930
0.8770
0.8840
0.9038
0.8930
0.8960
0.8780
0.8940
0.8875
0.9060
0.8880
0.8810
0.8770
0.8988
0.8910
0.8790
0.8850
0.8930
0.9025
0.8730
0.9070
0.8750
0.9000
0.8938
0.8940
0.8710
0.8870
0.8980
0.9000
0.8880
0.9020
0.8940
0.8670
0.8988
0.8940
0.8920
0.8760
0.8960
0.8900
0.8970
0.8850
0.8870
0.8960
0.8825
0.8790
0.9020
0.9060
0.8770
0.8838
0.8970
0.9010
0.8890
0.8860
0.8725
0.8910
0.8950
0.8930
0.8870
0.8812
0.9050
0.8910
0.8670
0.8900
0.8975
0.8810
0.8880
0.8820
0.8900
0.9125
0.8950
0.8930
0.8800
0.8870
0.8950
0.8830
0.8970
0.8950
0.8950
0.8762
0.8930
0.8880
0.8920
0.8840
0.8925
0.8850
0.8890
0.8960
0.8850
0.8950
0.9060
0.8730
0.8750
0.8970
0.9012
0.8830
0.8810
0.8910
0.8970
0.9012
0.8890
0.8760
0.8900
0.9000
0.8988
0.8920
0.8950
0.8990
0.8800
0.8850
0.9010
0.8850
0.8950
0.8930
0.8750
0.8940
0.8900
0.8990
0.8980
0.8662
0.8820
0.9020
0.8920
0.8910
0.8838
0.8850
0.9030
0.8950
0.8920
0.8738
0.8900
0.8890
0.8920
0.8920
0.8888
0.8870
0.8980
0.8940
0.8940
0.8775
0.8870
0.8950
0.8790
0.8980
0.8950
0.8950
0.8730
0.8900
0.8940
0.9038
0.8880
0.8840
0.9130
0.8810
0.8862
0.8950
0.8930
0.8910
0.8960
0.8775
0.8900
0.8930
0.8840
0.8950
0.8938
0.8880
0.9040
0.8820
0.8890
0.8925
0.8850
0.9020
0.9070
0.8720
0.8888
0.8880
0.9030
0.8890
0.8790
0.8975
0.8890
0.8910
0.8830
0.9060
0.8850
0.8890
0.8980
0.8880
0.8860
0.8950
0.9040
0.8870
0.8930
0.8930
0.8738
0.8890
0.8890
0.8890
0.8900
0.8988
0.8750
0.8990
0.8830
0.8870
0.9137
0.9000
0.8950
0.8860
0.9050
0.8612
0.8990
0.8800
0.8900
0.9020
0.8800
0.9080
0.8730
0.8800
0.8940
0.9025
0.8960
0.8950
0.8730
0.8960
0.8962
0.9010
0.8870
0.8950
0.8890
0.8825
0.8920
0.8890
0.8990
0.8830
0.8938
0.8710
0.8860
0.9060
0.8940
0.9012
0.8880
0.8870
0.8950
0.9020
0.8825
0.8900
0.8870
0.9050
0.8920
0.8800
0.8900
0.8890
0.8870
0.9040
0.8850
0.9040
0.8870
0.8880
0.8880
0.8888
0.8950
0.8900
0.8980
0.8800
0.8938
0.8970
0.8910
0.8950
0.8830
0.8900
0.8840
0.9020
0.8850
0.8950
0.8900
0.9000
0.8790
0.8830
0.8970
0.8988
0.8860
0.8890
0.9000
0.8830
0.9000
0.8840
0.8890
0.8960
0.8990
0.8875
0.8950
0.8870
0.8960
0.8880
0.8900
0.8960
0.9040
0.8790
0.8950
0.8800
0.8790
0.9020
0.8850
0.9030
0.8862
0.8950
0.8870
0.9020
0.8870
0.8838
0.8990
0.8960
0.8930
0.8840
0.8825
0.8940
0.8980
0.8920
0.8830
0.8900
0.8950
0.9070
0.8810
0.8810
0.8938
0.8990
0.8830
0.8940
0.8930
0.8875
0.9000
0.8990
0.8900
0.8930
0.8712
0.9070
0.8900
0.8840
0.8830
0.8938
0.8950
0.8920
0.8890
0.8840
0.8988
0.8990
0.8900
0.8840
0.8980
0.8850
0.9100
0.8700
0.8720
0.9070
0.9012
0.8880
0.8920
0.8880
0.8980
0.8925
0.8890
0.8960
0.8930
0.8980
0.8800
0.8940
0.8850
0.8870
0.8910
0.9038
0.8980
0.8860
0.8940
0.8910
0.8888
0.8880
0.8890
0.8930
0.9060
0.8800
0.9030
0.8780
0.8880
0.8950
0.8962
0.9030
0.8810
0.8840
0.8950
0.8975
0.9030
0.8860
0.8850
0.8940
0.8912
0.9000
0.8950
0.8870
0.8800
0.8988
0.8840
0.8970
0.8900
0.8910
0.8988
0.8780
0.8940
0.8830
0.9010
0.9062
0.8900
0.8870
0.8870
0.9000
0.8950
0.8970
0.8890
0.8970
0.8910
0.8825
0.8980
0.8960
0.8820
0.8870
0.8962
0.8920
0.8960
0.8910
0.9000
0.8762
0.8920
0.8890
0.8890
0.9050
0.8812
0.8880
0.8940
0.8990
0.8850
0.8925
0.8810
0.8930
0.8950
0.8900
0.9012
0.8840
0.8750
0.9040
0.8950
0.9025
0.8940
0.8900
0.8860
0.8910
0.8988
0.9060
0.8810
0.9090
0.8800
0.8800
0.8940
0.8930
0.8980
0.8730
0.9025
0.8790
0.9090
0.8990
0.8880
0.8812
0.8940
0.8930
0.8910
0.9000
0.8775
0.8970
0.8670
0.8960
0.9150
0.8812
0.8930
0.8920
0.8850
0.8920
0.9000
0.8970
0.8970
0.8910
0.8850
0.8900
0.9000
0.8920
0.8810
0.8910
0.8975
0.8910
0.8900
0.8870
0.8870
0.9087
0.9010
0.8860
0.8800
0.8950
0.9000
0.8800
0.8880
0.8840
0.9200
0.8875
0.8880
0.9010
0.8990
0.8910
0.8788
0.9090
0.8620
0.8820
0.9040
0.9062
0.9090
0.8950
0.8900
0.8800
0.8862
0.8900
0.8960
0.8820
0.8940
0.9012
0.8940
0.8880
0.8850
0.9090
0.8838
0.8910
0.8950
0.8890
0.8950
0.8912
0.9020
0.8930
0.8970
0.8930
0.8725
0.8800
0.9010
0.8850
0.8960
0.9012
0.8950
0.8880
0.8860
0.8990
0.8938
0.8850
0.8970
0.9020
0.8940
0.8812
0.8850
0.9020
0.9000
0.8820
0.8925
0.8770
0.9000
0.9120
0.8890
0.8812
0.8890
0.8810
0.9030
0.8880
0.9025
0.8870
0.8950
0.9000
0.8970
0.8800
0.8860
0.8770
0.9010
0.9010
0.8988
0.8910
0.9040
0.9050
0.8800
0.8788
0.9010
0.8930
0.8840
0.9020
0.8800
0.8830
0.9010
0.9000
0.8780
0.9025
0.9010
0.9030
0.8840
0.8820
0.8925
0.8900
0.8920
0.8940
0.8890
0.8988
0.8800
0.8850
0.8940
0.9010
0.9050
0.8940
0.8960
0.8890
0.8810
0.9062
0.8890
0.8940
0.8820
0.8990
0.9012
0.8840
0.8960
0.8920
0.8940
0.8988
0.8800
0.8940
0.9050
0.8970
0.8862
0.8970
0.8870
0.9000
0.8920
0.8862
0.8840
0.8840
0.8900
0.9020
0.9062
0.9000
0.8870
0.8960
0.8800
0.9025
0.9010
0.8880
0.9030
0.8830
0.8875
0.8980
0.8830
0.8910
0.8940
0.9000
0.9000
0.8820
0.9020
0.8840
0.8975
0.8870
0.9000
0.8900
0.8910
0.8975
0.8990
0.8950
0.8890
0.8810
0.9025
0.8930
0.8920
0.8930
0.8970
0.8888
0.8820
0.9000
0.8970
0.8840
0.9038
0.8940
0.8980
0.8970
0.8970
0.8750
0.8720
0.8980
0.9020
0.9030
0.8900
0.9040
0.8850
0.8910
0.8960
0.8888
0.8920
0.8800
0.9030
0.8970
0.8950
0.8770
0.8910
0.9060
0.8900
0.9050
0.8970
0.8930
0.8930
0.8900
0.8938
0.9040
0.8900
0.8860
0.8890
0.8988
0.8710
0.8930
0.8890
0.9140
0.9012
0.8900
0.8890
0.8980
0.8860
0.9062
0.8930
0.9110
0.8810
0.8980
0.8825
0.8690
0.9060
0.9010
0.8860
0.9087
0.9000
0.8900
0.8870
0.8970
0.8938
0.8840
0.8900
0.9170
0.8880
0.8888
0.8900
0.9030
0.8990
0.8830
0.8938
0.8770
0.8940
0.8970
0.8950
0.9087
0.8830
0.8910
0.9010
0.9100
0.8800
0.8960
0.8990
0.8810
0.8980
0.8938
0.8910
0.8950
0.9090
0.8810
0.8912
0.8930
0.8870
0.9060
0.9020
0.8762
0.8820
0.9090
0.8950
0.8950
0.8850
0.9040
0.8980
0.8830
0.8920
0.8900
0.9040
0.8900
0.8900
0.9030
0.8775
0.8850
0.8980
0.8950
0.8990
0.8900
0.9020
0.8860
0.8880
0.8980
0.8938
0.8870
0.8890
0.8850
0.9050
0.9038
0.8920
0.8890
0.8930
0.8880
0.9087
0.8820
0.8900
0.9010
0.8960
0.9000
0.9000
0.8780
0.8990
0.8970
0.8938
0.8950
0.8930
0.8980
0.8850
0.8988
0.9130
0.8760
0.8820
0.8940
0.9062
0.8930
0.8950
0.8900
0.8970
0.8950
0.8890
0.8930
0.8970
0.8940
0.8988
0.8680
0.9010
0.8940
0.9130
0.8950
0.9090
0.8790
0.8980
0.8930
0.8912
0.8920
0.8990
0.8840
0.9060
0.8888
0.8950
0.8950
0.9000
0.9030
0.8738
0.9000
0.8890
0.8880
0.9010
0.8925
0.8890
0.8960
0.8980
0.8810
0.9100
0.8960
0.9090
0.8860
0.9030
0.8725
0.8950
0.8830
0.9060
0.8920
0.8962
0.8990
0.9030
0.8870
0.8900
0.8925
0.8950
0.8790
0.8980
0.8960
0.9062
0.9060
0.8910
0.8850
0.9040
0.8838
0.8950
0.9010
0.8920
0.8900
0.8938
0.8990
0.8880
0.8960
0.8960
0.8925
0.8950
0.8910
0.9000
0.8940
0.8912
0.8910
0.8980
0.9010
0.8830
0.9000
0.8920
0.8880
0.8910
0.9040
0.8975
0.8780
0.9090
0.9040
0.8860
0.8962
0.8940
0.8940
0.8970
0.8930
0.8950
0.8850
0.9150
0.8750
0.8970
0.9025
0.8860
0.8940
0.8880
0.9130
0.8912
0.9000
0.8940
0.9050
0.8840
0.8888
0.8850
0.8920
0.9010
0.8990
0.8962
0.8940
0.8940
0.8890
0.8950
0.9038
0.8840
0.9170
0.8890
0.8830
0.9025
0.9120
0.8970
0.8760
0.8870
0.9038
0.8850
0.8880
0.9040
0.8920
0.9075
0.9060
0.8880
0.8990
0.8880
0.8925
0.8990
0.9050
0.8790
0.8940
0.8975
0.8860
0.8870
0.8930
0.9020
0.9087
0.8940
0.8850
0.8850
0.9070
0.9050
0.8750
0.9030
0.9110
0.9010
0.8812
0.8900
0.9000
0.8980
0.8890
0.8975
0.8980
0.8980
0.8860
0.8890
0.9050
0.8910
0.8960
0.8910
0.8910
0.9075
0.8910
0.8880
0.9140
0.8930
0.8862
0.9000
0.9030
0.9100
0.8880
0.8688
0.8950
0.8990
0.8940
0.8900
0.8975
0.8900
0.8840
0.9140
0.8790
0.9125
0.8830
0.8940
0.9010
0.8930
0.9075
0.8990
0.8950
0.9040
0.8910
0.8850
0.8920
0.9010
0.8970
0.8910
0.8950
0.8890
0.8890
0.8920
0.8990
0.9100
0.8800
0.8950
0.9030
0.9080
0.8888
0.8800
0.9100
0.8920
0.9020
0.8912
0.8950
0.9060
0.8880
0.8880
0.9012
0.8950
0.8930
0.9030
0.9010
0.8825
0.9010
0.9010
0.8930
0.8960
0.8838
0.9040
0.9030
0.8700
0.9090
0.8900
0.9110
0.8890
0.8830
0.9070
0.8850
0.9010
0.8950
0.9020
0.8860
0.8925
0.9070
0.8850
0.9030
0.8910
0.8900
0.8970
0.9010
0.8850
0.8980
0.8962
0.8950
0.9050
0.8860
0.9030
0.8862
0.8980
0.8830
0.9200
0.8840
0.8912
0.8970
0.8900
0.8910
0.9000
0.9000
0.8930
0.9000
0.9040
0.8890
0.8900
0.8820
0.8900
0.9110
0.8850
0.9125
0.8880
0.9040
0.9010
0.8930
0.8900
0.9070
0.8710
0.8990
0.8930
0.9100
0.8750
0.9140
0.8960
0.8900
0.9038
0.8910
0.9090
0.8980
0.8920
0.8850
0.8960
0.9000
0.8900
0.8890
0.9038
0.9060
0.8830
0.8950
0.8920
0.9025
0.9040
0.9020
0.9030
0.8740
0.8938
0.8880
0.9080
0.9090
0.8790
0.8938
0.8970
0.8920
0.8800
0.9160
0.8925
0.9000
0.9090
0.8770
0.9060
0.8850
0.8930
0.8980
0.8860
0.9020
0.9012
0.9050
0.9060
0.8850
0.8950
0.8862
0.9010
0.9100
0.8970
0.8650
0.9087
0.8960
0.8990
0.8900
0.9030
0.8900
0.8960
0.8910
0.8930
0.8990
0.9025
0.8940
0.8910
0.9080
0.8940
0.8925
0.8930
0.8940
0.9040
0.8960
0.8925
0.8900
0.8920
0.8940
0.8990
0.9075
0.9090
0.8750
0.9120
0.8870
0.8975
0.9010
0.8910
0.8980
0.8960
0.8938
0.8970
0.8980
0.8980
0.9000
0.8850
0.8840
0.9130
0.8920
0.8910
0.9012
0.8970
0.9030
0.8890
0.8890
0.9050
0.8780
0.8920
0.9000
0.9070
0.9062
0.8980
0.8850
0.8940
0.9030
0.9025
0.8960
0.8940
0.8990
0.8980
0.8950
0.9040
0.8910
0.8990
0.9000
0.8862
0.8940
0.8960
0.8930
0.8920
0.9100
0.9020
0.8910
0.8930
0.9100
0.8838
0.8940
0.8930
0.8980
0.8980
0.9000
0.8870
0.9010
0.8960
0.9070
0.8900
0.8880
0.8980
0.9000
0.9000
0.8988
0.8820
0.9110
0.9070
0.8870
0.8975
0.9000
0.8910
0.9000
0.8930
0.9012
0.8990
0.9020
0.8900
0.8940
0.9000
0.9030
0.9000
0.9110
0.8820
0.8862
0.8920
0.9090
0.8990
0.8920
0.8912
0.9180
0.8880
0.8810
0.9050
0.8925
0.8900
0.9130
0.8860
0.8980
0.8988
0.8980
0.9000
0.9050
0.8840
0.8988
0.9010
0.8910
0.8970
0.8910
0.9075
0.9020
0.8950
0.8990
0.9010
0.8862
0.8810
0.8890
0.9140
0.8930
0.9113
0.8950
0.8930
0.8910
0.9000
0.9087
0.8900
0.9170
0.8870
0.9010
0.8888
0.9070
0.9170
0.8880
0.8760
0.8975
0.9080
0.8940
0.8970
0.9060
0.8762
0.8860
0.9070
0.9030
0.8940
0.8950
0.9040
0.9040
0.8830
0.9030
0.8900
0.9010
0.8800
0.8860
0.9030
0.9200
0.8850
0.8980
0.9020
0.9060
0.8938
0.8990
0.8850
0.8970
0.8970
0.9100
0.9090
0.9070
0.9030
0.8840
0.8788
0.8840
0.9130
0.8900
0.8910
0.9100
0.8890
0.9060
0.9060
0.8900
0.8938
0.8960
0.8880
0.8990
0.9090
0.8925
0.8940
0.8940
0.8980
0.9040
0.8950
0.8980
0.9070
0.8920
0.8940
0.8938
0.8880
0.9040
0.9040
0.8880
0.9025
0.8880
0.9170
0.9020
0.8940
0.8812
0.8960
0.8980
0.8990
0.9050
0.8850
0.8910
0.8970
0.9060
0.8880
0.9050
0.9100
0.8940
0.8970
0.8840
0.9012
0.9050
0.8900
0.8850
0.8970
0.9113
0.8940
0.8830
0.9010
0.9070
0.9012
0.8900
0.8960
0.9070
0.9000
0.8912
0.8960
0.9110
0.8920
0.8790
0.9113
0.9080
0.8940
0.9000
0.8950
0.8875
0.9040
0.9040
0.8920
0.8870
0.9000
0.8960
0.9110
0.8980
0.8820
0.9000
0.8890
0.8950
0.8910
0.9120
0.9000
0.8990
0.9000
0.9070
0.8970
0.8800
0.8820
0.8990
0.9010
0.9060
0.8988
0.9010
0.8820
0.9020
0.9060
0.8950
0.8990
0.8890
0.8890
0.9070
0.9038
0.9120
0.8970
0.8830
0.8890
0.9075
0.8930
0.9100
0.8860
0.9080
0.8875
0.9030
0.8890
0.8870
0.8960
0.9150
0.9060
0.8900
0.8970
0.9050
0.8862
0.8940
0.8990
0.8820
0.9060
0.9075
0.8980
0.8970
0.8950
0.9080
0.8862
0.8910
0.8950
0.8980
0.9010
0.9025
0.8950
0.8930
0.8920
0.9070
0.9000
0.8880
0.8890
0.9000
0.9170
0.8912
0.9050
0.8930
0.8980
0.9010
0.8875
0.9100
0.8990
0.8960
0.9040
0.8725
0.8970
0.8990
0.8870
0.8990
0.9062
0.8950
0.9140
0.9110
0.8790
0.8850
0.9020
0.8930
0.9100
0.8980
0.8800
0.8880
0.8850
0.9050
0.9100
0.8988
0.8780
0.9010
0.8820
0.9160
0.9125
0.8840
0.8910
0.8960
0.9070
0.9113
0.9110
0.9030
0.9010
0.8880
0.8800
0.9020
0.9050
0.8820
0.9010
0.8962
0.9140
0.8940
0.8970
0.8940
0.8850
0.9090
0.9020
0.8940
0.8850
0.8962
0.8920
0.8830
0.9010
0.9000
0.9137
0.8900
0.9050
0.9020
0.8830
0.9087
0.8980
0.8890
0.9150
0.8900
0.8938
0.8920
0.9040
0.9050
0.8960
0.8875
0.9070
0.9110
0.8850
0.8910
0.8912
0.9060
0.8980
0.8980
0.8800
0.9062
0.9020
0.9050
0.8930
0.8880
0.8988
0.8980
0.8840
0.9080
0.8930
0.9050
0.9020
0.8930
0.8900
0.9010
0.9012
0.8840
0.9030
0.8940
0.9020
0.9050
0.8930
0.8920
0.9080
0.8920
0.9025
0.8920
0.8980
0.9050
0.9050
0.8838
0.8990
0.9010
0.8860
0.8990
0.9025
0.9050
0.9000
0.8950
0.8960
0.8888
0.9010
0.8920
0.9000
0.9000
0.8925
0.8940
0.8840
0.9050
0.9010
0.9038
0.9040
0.8830
0.8920
0.8970
0.9137
0.9070
0.8960
0.9020
0.8880
0.8925
0.8890
0.8870
0.9100
0.9080
0.8912
0.9060
0.9110
0.8870
0.9000
0.8788
0.8950
0.8980
0.9050
0.9030
0.8825
0.8930
0.8980
0.8870
0.8970
0.9150
0.8970
0.8920
0.9030
0.8870
0.9113
0.9000
0.9020
0.9010
0.8950
0.8900
0.8940
0.8950
0.8840
0.9010
0.9200
0.9010
0.9050
0.9120
0.8870
0.8812
0.8940
0.8990
0.9040
0.8920
0.9012
0.8950
0.8930
0.8930
0.9050
0.9050
0.9050
0.9020
0.8860
0.9020
0.8938
0.9000
0.8860
0.8960
0.9130
0.8925
0.9130
0.8910
0.9030
0.8830
0.8988
0.8940
0.8940
0.9020
0.9030
0.8950
0.8940
0.8920
0.8990
0.9020
0.9025
0.8950
0.8990
0.8860
0.9010
0.9100
0.9110
0.8890
0.8990
0.8990
0.8888
0.8950
0.8990
0.9000
0.9110
0.8800
0.8960
0.8940
0.8970
0.8980
0.9050
0.9020
0.9110
0.9030
0.8770
0.8950
0.9040
0.9130
0.8920
0.8860
0.8925
0.8770
0.9070
0.9050
0.8950
0.9062
0.9030
0.8930
0.8930
0.9050
0.8938
0.8990
0.8910
0.9060
0.8990
0.8925
0.8910
0.9040
0.9060
0.8980
0.8875
0.8900
0.9070
0.9010
0.8940
0.8962
0.8890
0.9040
0.8990
0.8950
0.9025
0.8970
0.9020
0.8930
0.9000
0.8962
0.8980
0.9000
0.9070
0.8840
0.9000
0.9070
0.8940
0.8930
0.8920
0.9038
0.8950
0.8970
0.8950
0.9020
0.9012
0.8960
0.9060
0.8930
0.8920
0.9038
0.9040
0.8760
0.9190
0.8900
0.9012
0.8900
0.9000
0.9140
0.8770
0.9113
0.9130
0.8860
0.8770
0.9150
0.8988
0.9040
0.8880
0.9090
0.9030
0.8825
0.8890
0.9050
0.9070
0.8900
0.8988
0.9000
0.9040
0.9020
0.8910
0.8912
0.8920
0.9000
0.9070
0.9010
0.8875
0.8950
0.8970
0.8890
0.9050
0.9050
0.9120
0.8790
0.8850
0.9130
0.9012
0.8920
0.8930
0.9060
0.8950
0.9050
0.8950
0.9060
0.9050
0.8800
0.9050
0.9060
0.8800
0.8980
0.9050
0.9012
0.8920
0.8960
0.9000
0.8900
0.9150
0.8960
0.8870
0.8930
0.9150
0.8988
0.9080
0.8840
0.8930
0.8970
0.9100
0.8990
0.8880
0.9060
0.9000
0.8962
0.8920
0.8990
0.9110
0.8800
0.9100
0.9020
0.8900
0.9090
0.8920
0.8962
0.8950
0.9000
0.8910
0.9090
0.8938
0.8990
0.8860
0.9040
0.9050
0.8950
0.9010
0.8930
0.8980
0.9010
0.8962
0.9050
0.9060
0.8880
0.9040
0.8838
0.8940
0.8950
0.9070
0.8900
0.9050
0.8980
0.9020
0.8980
0.8990
0.8912
0.9110
0.8920
0.8930
0.9000
0.8925
0.8930
0.8870
0.9140
0.8990
0.8962
0.8860
0.8970
0.9010
0.8990
0.9087
0.9100
0.9000
0.8860
0.9010
0.8912
0.8890
0.8940
0.9070
0.8950
0.9062
0.9050
0.8950
0.9190
0.8910
0.8750
0.9020
0.8970
0.8930
0.8980
0.9012
0.9010
0.8920
0.9040
0.9090
0.8812
0.9000
0.8870
0.8950
0.8980
0.9137
0.8950
0.8980
0.9010
0.8970
0.9012
0.9000
0.8980
0.8880
0.9010
0.9062
0.9060
0.8910
0.8950
0.9040
0.8950
0.9060
0.9010
0.8920
0.8800
0.9163
0.9040
0.8920
0.8960
0.9090
0.8888
0.8900
0.9020
0.9060
0.8950
0.8988
0.8840
0.8950
0.9180
0.9030
0.8900
0.8950
0.9090
0.9010
0.8930
0.8925
0.8980
0.9140
0.8930
0.8980
0.8862
0.8940
0.9070
0.9040
0.8930
0.8925
0.9000
0.8980
0.8980
0.8990
0.8962
0.8950
0.9050
0.8840
0.9070
0.9012
0.9030
0.8930
0.9010
0.8960
0.8988
