2.298828
2.298828
2.297772
2.297772
2.298607
2.298607
2.297917
2.297917
2.301714
2.301714
2.299054
2.299054
2.296682
2.296682
2.295674
2.295674
2.296188
2.296188
2.293329
2.293329
2.293786
2.293786
2.293876
2.293876
2.292712
2.292712
2.292226
2.292226
2.290116
2.290116
2.291467
2.291467
2.287939
2.287939
2.286526
2.286526
2.286960
2.286960
2.288064
2.288064
2.283756
2.283756
2.285819
2.285819
2.281969
2.281969
2.283754
2.283754
2.279492
2.279492
2.280177
2.280177
2.278477
2.278477
2.279155
2.279155
2.276613
2.276613
2.272862
2.272862
2.272834
2.272834
2.275882
2.275882
2.270152
2.270152
2.270560
2.270560
2.269971
2.269971
2.268253
2.268253
2.267263
2.267263
2.266318
2.266318
2.262773
2.262773
2.265343
2.265343
2.260721
2.260721
2.261123
2.261123
2.259834
2.259834
2.257838
2.257838
2.259351
2.259351
2.253901
2.253901
2.253012
2.253012
2.254514
2.254514
2.253144
2.253144
2.251554
2.251554
2.246859
2.246859
2.249206
2.249206
2.244962
2.244962
2.247433
2.247433
2.243918
2.243918
2.243958
2.243958
2.241377
2.241377
2.240815
2.240815
2.234902
2.234902
2.236148
2.236148
2.233826
2.233826
2.231198
2.231198
2.236280
2.236280
2.230399
2.230399
2.229538
2.229538
2.229861
2.229861
2.225544
2.225544
2.225861
2.225861
2.222790
2.222790
2.218080
2.218080
2.224833
2.224833
2.215026
2.215026
2.216733
2.216733
2.213488
2.213488
2.213186
2.213186
2.207980
2.207980
2.210216
2.210216
2.209727
2.209727
2.210201
2.210201
2.204084
2.204084
2.204526
2.204526
2.207347
2.207347
2.196212
2.196212
2.197525
2.197525
2.193306
2.193306
2.193062
2.193062
2.192491
2.192491
2.193220
2.193220
2.191735
2.191735
2.184278
2.184278
2.190922
2.190922
2.175520
2.175520
2.184355
2.184355
2.184686
2.184686
2.172661
2.172661
2.176462
2.176462
2.175483
2.175483
2.169619
2.169619
2.171355
2.171355
2.169234
2.169234
2.163482
2.163482
2.166633
2.166633
2.161073
2.161073
2.161779
2.161779
2.159770
2.159770
2.155693
2.155693
2.153355
2.153355
2.150098
2.150098
2.154960
2.154960
2.146922
2.146922
2.147297
2.147297
2.138569
2.138569
2.141646
2.141646
2.141763
2.141763
2.140824
2.140824
2.137648
2.137648
2.128843
2.128843
2.129385
2.129385
2.129109
2.129109
2.133235
2.133235
2.124561
2.124561
2.123629
2.123629
2.119999
2.119999
2.117841
2.117841
2.116953
2.116953
2.110613
2.110613
2.112591
2.112591
2.113423
2.113423
2.105399
2.105399
2.106812
2.106812
2.106194
2.106194
2.096435
2.096435
2.100870
2.100870
2.102450
2.102450
2.085331
2.085331
2.097956
2.097956
2.081999
2.081999
2.091515
2.091515
2.087677
2.087677
2.078302
2.078302
2.074572
2.074572
2.079042
2.079042
2.082830
2.082830
2.075060
2.075060
2.072342
2.072342
2.065076
2.065076
2.071372
2.071372
2.063674
2.063674
2.065570
2.065570
2.063676
2.063676
2.063101
2.063101
2.059321
2.059321
2.054279
2.054279
2.049253
2.049253
2.047040
2.047040
2.051978
2.051978
2.038594
2.038594
2.041085
2.041085
2.041701
2.041701
2.048009
2.048009
2.035491
2.035491
2.034371
2.034371
2.037301
2.037301
2.023193
2.023193
2.035617
2.035617
2.035897
2.035897
2.023360
2.023360
2.015423
2.015423
2.018327
2.018327
2.015846
2.015846
2.008806
2.008806
2.018878
2.018878
2.019926
2.019926
2.005320
2.005320
2.000956
2.000956
2.000466
2.000466
2.005647
2.005647
2.002835
2.002835
2.000006
2.000006
1.992570
1.992570
1.998897
1.998897
1.996010
1.996010
1.987510
1.987510
1.977433
1.977433
1.992732
1.992732
1.987117
1.987117
1.975378
1.975378
1.979666
1.979666
1.976806
1.976806
1.983088
1.983088
1.967261
1.967261
1.979633
1.979633
1.970791
1.970791
1.969299
1.969299
1.962114
1.962114
1.962973
1.962973
1.961972
1.961972
1.954615
1.954615
1.956250
1.956250
1.970432
1.970432
1.964372
1.964372
1.944364
1.944364
1.950805
1.950805
1.947546
1.947546
1.949110
1.949110
1.944061
1.944061
1.946396
1.946396
1.944383
1.944383
1.933585
1.933585
1.942848
1.942848
1.934535
1.934535
1.930345
1.930345
1.934831
1.934831
1.938995
1.938995
1.926315
1.926315
1.928021
1.928021
1.921424
1.921424
1.930455
1.930455
1.923599
1.923599
1.918862
1.918862
1.926806
1.926806
1.911422
1.911422
1.919766
1.919766
1.909404
1.909404
1.914367
1.914367
1.899697
1.899697
1.919210
1.919210
1.905837
1.905837
1.901677
1.901677
1.919075
1.919075
1.901630
1.901630
1.902767
1.902767
1.896514
1.896514
1.902899
1.902899
1.901633
1.901633
1.905721
1.905721
1.900719
1.900719
1.885543
1.885543
1.885972
1.885972
1.890684
1.890684
1.898470
1.898470
1.889905
1.889905
1.887125
1.887125
1.876401
1.876401
1.881512
1.881512
1.878653
1.878653
1.871153
1.871153
1.885025
1.885025
1.890391
1.890391
1.873973
1.873973
1.872890
1.872890
1.876682
1.876682
1.863804
1.863804
1.875979
1.875979
1.879013
1.879013
1.870242
1.870242
1.869127
1.869127
1.868713
1.868713
1.864135
1.864135
1.859583
1.859583
1.872908
1.872908
1.848606
1.848606
1.853739
1.853739
1.861932
1.861932
1.866556
1.866556
1.860194
1.860194
1.858581
1.858581
1.848636
1.848636
1.859543
1.859543
1.841381
1.841381
1.853097
1.853097
1.858111
1.858111
1.841120
1.841120
1.848264
1.848264
1.839908
1.839908
1.848227
1.848227
1.850945
1.850945
1.831662
1.831662
1.839757
1.839757
1.844385
1.844385
1.842417
1.842417
1.841030
1.841030
1.839764
1.839764
1.832147
1.832147
1.829286
1.829286
1.843482
1.843482
1.831210
1.831210
1.829543
1.829543
1.833806
1.833806
1.817458
1.817458
1.825401
1.825401
1.827566
1.827566
1.818690
1.818690
1.828294
1.828294
1.834942
1.834942
1.821773
1.821773
1.825824
1.825824
1.813239
1.813239
1.810818
1.810818
1.838939
1.838939
1.812024
1.812024
1.812248
1.812248
1.807348
1.807348
1.819001
1.819001
1.833409
1.833409
1.809639
1.809639
1.810321
1.810321
1.812162
1.812162
1.807984
1.807984
1.815107
1.815107
1.803239
1.803239
1.816247
1.816247
1.800434
1.800434
1.807665
1.807665
1.801628
1.801628
1.793633
1.793633
1.808422
1.808422
1.802636
1.802636
1.799656
1.799656
1.804267
1.804267
1.793844
1.793844
1.811523
1.811523
1.782001
1.782001
1.793066
1.793066
1.809474
1.809474
1.797345
1.797345
1.796324
1.796324
1.795841
1.795841
1.786574
1.786574
1.789544
1.789544
1.800383
1.800383
1.790471
1.790471
1.795582
1.795582
1.782936
1.782936
1.774410
1.774410
1.796919
1.796919
1.784603
1.784603
1.779635
1.779635
1.774774
1.774774
1.796920
1.796920
1.785536
1.785536
1.783831
1.783831
1.786643
1.786643
1.774779
1.774779
1.780427
1.780427
1.786611
1.786611
1.774901
1.774901
1.780564
1.780564
1.772229
1.772229
1.780554
1.780554
1.773047
1.773047
1.778608
1.778608
1.768321
1.768321
1.785061
1.785061
1.771658
1.771658
1.775777
1.775777
1.776255
1.776255
1.764617
1.764617
1.767254
1.767254
1.780241
1.780241
1.774017
1.774017
1.762657
1.762657
1.779747
1.779747
1.764071
1.764071
1.765240
1.765240
1.773042
1.773042
1.768967
1.768967
1.765839
1.765839
1.756739
1.756739
1.767466
1.767466
1.767849
1.767849
1.773562
1.773562
1.749925
1.749925
1.765313
1.765313
1.758312
1.758312
1.760100
1.760100
1.759540
1.759540
1.756338
1.756338
1.767659
1.767659
1.756041
1.756041
1.743206
1.743206
1.760685
1.760685
1.773265
1.773265
1.754560
1.754560
1.752439
1.752439
1.760031
1.760031
1.750609
1.750609
1.745752
1.745752
1.756923
1.756923
1.758954
1.758954
1.752894
1.752894
1.748603
1.748603
1.758614
1.758614
1.750116
1.750116
1.745386
1.745386
1.759810
1.759810
1.738231
1.738231
1.754340
1.754340
1.743262
1.743262
1.747963
1.747963
1.751246
1.751246
1.749024
1.749024
1.749000
1.749000
1.736919
1.736919
1.743968
1.743968
1.743480
1.743480
1.744397
1.744397
1.745898
1.745898
1.745560
1.745560
1.737844
1.737844
1.749644
1.749644
1.735391
1.735391
1.743320
1.743320
1.738139
1.738139
1.740227
1.740227
1.745114
1.745114
1.738180
1.738180
1.733644
1.733644
1.747927
1.747927
1.727241
1.727241
1.737209
1.737209
1.741613
1.741613
1.733417
1.733417
1.741260
1.741260
1.727785
1.727785
1.737820
1.737820
1.730174
1.730174
1.737841
1.737841
1.730683
1.730683
1.736427
1.736427
1.725483
1.725483
1.736029
1.736029
1.728087
1.728087
1.734653
1.734653
1.738252
1.738252
1.729656
1.729656
1.731907
1.731907
1.726110
1.726110
1.745144
1.745144
1.711711
1.711711
1.715002
1.715002
1.734818
1.734818
1.740548
1.740548
1.730815
1.730815
1.713089
1.713089
1.728544
1.728544
1.725047
1.725047
1.722377
1.722377
1.722550
1.722550
1.730665
1.730665
1.733628
1.733628
1.720781
1.720781
1.715687
1.715687
1.721717
1.721717
1.727334
1.727334
1.714833
1.714833
1.723879
1.723879
1.716494
1.716494
1.729167
1.729167
1.725541
1.725541
1.715574
1.715574
1.725776
1.725776
1.706836
1.706836
1.730442
1.730442
1.721734
1.721734
1.722956
1.722956
1.715623
1.715623
1.707590
1.707590
1.718554
1.718554
1.729774
1.729774
1.722255
1.722255
1.718813
1.718813
1.713793
1.713793
1.712565
1.712565
1.714565
1.714565
1.717614
1.717614
1.719959
1.719959
1.717902
1.717902
1.706963
1.706963
1.709827
1.709827
1.710224
1.710224
1.716969
1.716969
1.717688
1.717688
1.719420
1.719420
1.695997
1.695997
1.711771
1.711771
1.710062
1.710062
1.709915
1.709915
1.709975
1.709975
1.716257
1.716257
1.705353
1.705353
1.710238
1.710238
1.709236
1.709236
1.710902
1.710902
1.713360
1.713360
1.711121
1.711121
1.707914
1.707914
1.707051
1.707051
1.701466
1.701466
1.713235
1.713235
1.707172
1.707172
1.709204
1.709204
1.703527
1.703527
1.704958
1.704958
1.706815
1.706815
1.710427
1.710427
1.693809
1.693809
1.705437
1.705437
1.710449
1.710449
1.703509
1.703509
1.706077
1.706077
1.704134
1.704134
1.696199
1.696199
1.710086
1.710086
1.698021
1.698021
1.697812
1.697812
1.699949
1.699949
1.708094
1.708094
1.705190
1.705190
1.694986
1.694986
1.685638
1.685638
1.702385
1.702385
1.707170
1.707170
1.707251
1.707251
1.696766
1.696766
1.693519
1.693519
1.701200
1.701200
1.694957
1.694957
1.702283
1.702283
1.701033
1.701033
1.703547
1.703547
1.694973
1.694973
1.696010
1.696010
1.701790
1.701790
1.685751
1.685751
1.692593
1.692593
1.697568
1.697568
1.698027
1.698027
1.692726
1.692726
1.698762
1.698762
1.688869
1.688869
1.696763
1.696763
1.695237
1.695237
1.694954
1.694954
1.697822
1.697822
1.695681
1.695681
1.703582
1.703582
1.691768
1.691768
1.688587
1.688587
1.683936
1.683936
1.696586
1.696586
1.684012
1.684012
1.696962
1.696962
1.699927
1.699927
1.677731
1.677731
1.694663
1.694663
1.687218
1.687218
1.704637
1.704637
1.682365
1.682365
1.680745
1.680745
1.686881
1.686881
1.688092
1.688092
1.693329
1.693329
1.687138
1.687138
1.690318
1.690318
1.689779
1.689779
1.693972
1.693972
1.680364
1.680364
1.689009
1.689009
1.684956
1.684956
1.682047
1.682047
1.682367
1.682367
1.695124
1.695124
1.688751
1.688751
1.683527
1.683527
1.701830
1.701830
1.678720
1.678720
1.677740
1.677740
1.692724
1.692724
1.671612
1.671612
1.683236
1.683236
1.683697
1.683697
1.691407
1.691407
1.679007
1.679007
1.682118
1.682118
1.679760
1.679760
1.683657
1.683657
1.678385
1.678385
1.684545
1.684545
1.688741
1.688741
1.677071
1.677071
1.687527
1.687527
1.674946
1.674946
1.681485
1.681485
1.687585
1.687585
1.675265
1.675265
1.683620
1.683620
1.684117
1.684117
1.679174
1.679174
1.677890
1.677890
1.679726
1.679726
1.677753
1.677753
1.683259
1.683259
1.681991
1.681991
1.670015
1.670015
1.677666
1.677666
1.669819
1.669819
1.675796
1.675796
1.683062
1.683062
1.686706
1.686706
1.682973
1.682973
1.672340
1.672340
1.676297
1.676297
1.679539
1.679539
1.674066
1.674066
1.680055
1.680055
1.681299
1.681299
1.669574
1.669574
1.674052
1.674052
1.675404
1.675404
1.686295
1.686295
1.664168
1.664168
1.682946
1.682946
1.674585
1.674585
1.662886
1.662886
1.680313
1.680313
1.669865
1.669865
1.673663
1.673663
1.669010
1.669010
1.674975
1.674975
1.674787
1.674787
1.670310
1.670310
1.658607
1.658607
1.678005
1.678005
1.682298
1.682298
1.660400
1.660400
1.676147
1.676147
1.676718
1.676718
1.676392
1.676392
1.664377
1.664377
1.667072
1.667072
1.663409
1.663409
1.676028
1.676028
1.676806
1.676806
1.666928
1.666928
1.674326
1.674326
1.670024
1.670024
1.667825
1.667825
1.669333
1.669333
1.665950
1.665950
1.675309
1.675309
1.660503
1.660503
1.674895
1.674895
1.671628
1.671628
1.661349
1.661349
1.678809
1.678809
1.657434
1.657434
1.669335
1.669335
1.665444
1.665444
1.672078
1.672078
1.663594
1.663594
1.684635
1.684635
1.672125
1.672125
1.660744
1.660744
1.652536
1.652536
1.667494
1.667494
1.661215
1.661215
1.664526
1.664526
1.670881
1.670881
1.669713
1.669713
1.662878
1.662878
1.671878
1.671878
1.657008
1.657008
1.662566
1.662566
1.676286
1.676286
1.666999
1.666999
1.661463
1.661463
1.670038
1.670038
1.663149
1.663149
1.659527
1.659527
1.660552
1.660552
1.647849
1.647849
1.678564
1.678564
1.671625
1.671625
1.656861
1.656861
1.661703
1.661703
1.663347
1.663347
1.660980
1.660980
1.659641
1.659641
1.667302
1.667302
1.667434
1.667434
1.661074
1.661074
1.661587
1.661587
1.654154
1.654154
1.662185
1.662185
1.656155
1.656155
1.655895
1.655895
1.669120
1.669120
1.669510
1.669510
1.647423
1.647423
1.656964
1.656964
1.669554
1.669554
1.656444
1.656444
1.655989
1.655989
1.658953
1.658953
1.658861
1.658861
1.658191
1.658191
1.661684
1.661684
1.661392
1.661392
1.653506
1.653506
1.658033
1.658033
1.656147
1.656147
1.655475
1.655475
1.660455
1.660455
1.663402
1.663402
1.671104
1.671104
1.664753
1.664753
1.652592
1.652592
1.649481
1.649481
1.647714
1.647714
1.654394
1.654394
1.656533
1.656533
1.660886
1.660886
1.651099
1.651099
1.662386
1.662386
1.658562
1.658562
1.645324
1.645324
1.664791
1.664791
1.651965
1.651965
1.659459
1.659459
1.649593
1.649593
1.654069
1.654069
1.653543
1.653543
1.663529
1.663529
1.654133
1.654133
1.656138
1.656138
1.652914
1.652914
1.651778
1.651778
1.652498
1.652498
1.659516
1.659516
1.660793
1.660793
1.653149
1.653149
1.638680
1.638680
1.656366
1.656366
1.660290
1.660290
1.654128
1.654128
1.654454
1.654454
1.648008
1.648008
1.648299
1.648299
1.660797
1.660797
1.644771
1.644771
1.652187
1.652187
1.654858
1.654858
1.656606
1.656606
1.651383
1.651383
1.658766
1.658766
1.650856
1.650856
1.646122
1.646122
1.651698
1.651698
1.648777
1.648777
1.658864
1.658864
1.637479
1.637479
1.653759
1.653759
1.654356
1.654356
1.649640
1.649640
1.659522
1.659522
1.646279
1.646279
1.659007
1.659007
1.639782
1.639782
1.645751
1.645751
1.649286
1.649286
1.642715
1.642715
1.652702
1.652702
1.660632
1.660632
1.640129
1.640129
1.650579
1.650579
1.646580
1.646580
1.657405
1.657405
1.641384
1.641384
1.648216
1.648216
1.646756
1.646756
1.652105
1.652105
1.657233
1.657233
1.656040
1.656040
1.621197
1.621197
1.647210
1.647210
1.656640
1.656640
1.652284
1.652284
1.640858
1.640858
1.637668
1.637668
1.638603
1.638603
1.652133
1.652133
1.651686
1.651686
1.647725
1.647725
1.643492
1.643492
1.636374
1.636374
1.643778
1.643778
1.648874
1.648874
1.652261
1.652261
1.652298
1.652298
1.636333
1.636333
1.647952
1.647952
1.654894
1.654894
1.646547
1.646547
1.642879
1.642879
1.653614
1.653614
1.644904
1.644904
1.638711
1.638711
1.639215
1.639215
1.651241
1.651241
1.641358
1.641358
1.638491
1.638491
1.639918
1.639918
1.655413
1.655413
1.647776
1.647776
1.636688
1.636688
1.642424
1.642424
1.641474
1.641474
1.650889
1.650889
1.648291
1.648291
1.647403
1.647403
1.647947
1.647947
1.633419
1.633419
1.645410
1.645410
1.640790
1.640790
1.636548
1.636548
1.641303
1.641303
1.628854
1.628854
1.656501
1.656501
1.652245
1.652245
1.634956
1.634956
1.640789
1.640789
1.645458
1.645458
1.640566
1.640566
1.650204
1.650204
1.633969
1.633969
1.643571
1.643571
1.646250
1.646250
1.641213
1.641213
1.642307
1.642307
1.646577
1.646577
1.625432
1.625432
1.643522
1.643522
1.643168
1.643168
1.648080
1.648080
1.643004
1.643004
1.636146
1.636146
1.642585
1.642585
1.642698
1.642698
1.637215
1.637215
1.631336
1.631336
1.636220
1.636220
1.652997
1.652997
1.648143
1.648143
1.628374
1.628374
1.641010
1.641010
1.643095
1.643095
1.630558
1.630558
1.648058
1.648058
1.633546
1.633546
1.639552
1.639552
1.639733
1.639733
1.638663
1.638663
1.637422
1.637422
1.640192
1.640192
1.642388
1.642388
1.640117
1.640117
1.631085
1.631085
1.639377
1.639377
1.640476
1.640476
1.645597
1.645597
1.627163
1.627163
1.640862
1.640862
1.643874
1.643874
1.631806
1.631806
1.638886
1.638886
1.650030
1.650030
1.642045
1.642045
1.621401
1.621401
1.636599
1.636599
1.639114
1.639114
1.640661
1.640661
1.636890
1.636890
1.635243
1.635243
1.635155
1.635155
1.627496
1.627496
1.642429
1.642429
1.641190
1.641190
1.643209
1.643209
1.629160
1.629160
1.634580
1.634580
1.638449
1.638449
1.639432
1.639432
1.635031
1.635031
1.635478
1.635478
1.638915
1.638915
1.636936
1.636936
1.632391
1.632391
1.633841
1.633841
1.639520
1.639520
1.630070
1.630070
1.646703
1.646703
1.630066
1.630066
1.629784
1.629784
1.643530
1.643530
1.633106
1.633106
1.636744
1.636744
1.629009
1.629009
1.634561
1.634561
1.644670
1.644670
1.637411
1.637411
1.632987
1.632987
1.636224
1.636224
1.628332
1.628332
1.639450
1.639450
1.626950
1.626950
1.642442
1.642442
1.640507
1.640507
1.623019
1.623019
1.639031
1.639031
1.629739
1.629739
1.628191
1.628191
1.641104
1.641104
1.639557
1.639557
1.627792
1.627792
1.638289
1.638289
1.635259
1.635259
1.631402
1.631402
1.631280
1.631280
1.627280
1.627280
1.616517
1.616517
1.636636
1.636636
1.629267
1.629267
1.639817
1.639817
1.642669
1.642669
1.630204
1.630204
1.644556
1.644556
1.636662
1.636662
1.624715
1.624715
1.619704
1.619704
1.632765
1.632765
1.633521
1.633521
1.630541
1.630541
1.633221
1.633221
1.624047
1.624047
1.629465
1.629465
1.632804
1.632804
1.627887
1.627887
1.633581
1.633581
1.629807
1.629807
1.633003
1.633003
1.621159
1.621159
1.640203
1.640203
1.625733
1.625733
1.632166
1.632166
1.633703
1.633703
1.628662
1.628662
1.630336
1.630336
1.630476
1.630476
1.625001
1.625001
1.633336
1.633336
1.623624
1.623624
1.638874
1.638874
1.617452
1.617452
1.635084
1.635084
1.624098
1.624098
1.623089
1.623089
1.631116
1.631116
1.637027
1.637027
1.628095
1.628095
1.620369
1.620369
1.630424
1.630424
1.631476
1.631476
1.629866
1.629866
1.627640
1.627640
1.627262
1.627262
1.634285
1.634285
1.628984
1.628984
1.617081
1.617081
1.629148
1.629148
1.633575
1.633575
1.627865
1.627865
1.626340
1.626340
1.620997
1.620997
1.625545
1.625545
1.627516
1.627516
1.622518
1.622518
1.621911
1.621911
1.635070
1.635070
1.627140
1.627140
1.622523
1.622523
1.630753
1.630753
1.624612
1.624612
1.626236
1.626236
1.629845
1.629845
1.622705
1.622705
1.630458
1.630458
1.622009
1.622009
1.625674
1.625674
1.632397
1.632397
1.621711
1.621711
1.637751
1.637751
1.629320
1.629320
1.621235
1.621235
1.617214
1.617214
1.623020
1.623020
1.634533
1.634533
1.622022
1.622022
1.624107
1.624107
1.623531
1.623531
1.627071
1.627071
1.621743
1.621743
1.622341
1.622341
1.627388
1.627388
1.628066
1.628066
1.619303
1.619303
1.621860
1.621860
1.626958
1.626958
1.623632
1.623632
1.634744
1.634744
1.628725
1.628725
1.625968
1.625968
1.612831
1.612831
1.628807
1.628807
1.625299
1.625299
1.615906
1.615906
1.623707
1.623707
1.620962
1.620962
1.635507
1.635507
1.622028
1.622028
1.611931
1.611931
1.624655
1.624655
1.630705
1.630705
1.627572
1.627572
1.620129
1.620129
1.633402
1.633402
1.623270
1.623270
1.613441
1.613441
1.627668
1.627668
1.613000
1.613000
1.619102
1.619102
1.619462
1.619462
1.631230
1.631230
1.614332
1.614332
1.628862
1.628862
1.626994
1.626994
1.620923
1.620923
1.614069
1.614069
1.621632
1.621632
1.627576
1.627576
1.607102
1.607102
1.610399
1.610399
1.636674
1.636674
1.628211
1.628211
1.628012
1.628012
1.629405
1.629405
1.622012
1.622012
1.627769
1.627769
1.609062
1.609062
1.618353
1.618353
1.632607
1.632607
1.615648
1.615648
1.617987
1.617987
1.619209
1.619209
1.619679
1.619679
1.618185
1.618185
1.617071
1.617071
1.622447
1.622447
1.628084
1.628084
1.616777
1.616777
1.621424
1.621424
1.624926
1.624926
1.620532
1.620532
1.620988
1.620988
1.612061
1.612061
1.622679
1.622679
1.630087
1.630087
1.622597
1.622597
1.610380
1.610380
1.613989
1.613989
1.615680
1.615680
1.620822
1.620822
1.617942
1.617942
1.623601
1.623601
1.623576
1.623576
1.625451
1.625451
1.620507
1.620507
1.624153
1.624153
1.619917
1.619917
1.605117
1.605117
1.622349
1.622349
1.627977
1.627977
1.609473
1.609473
1.621473
1.621473
1.614582
1.614582
1.625893
1.625893
1.618409
1.618409
1.618018
1.618018
1.614135
1.614135
1.618747
1.618747
1.614104
1.614104
1.618258
1.618258
1.617214
1.617214
1.615180
1.615180
1.631619
1.631619
1.609714
1.609714
1.634934
1.634934
1.611781
1.611781
1.616589
1.616589
1.616886
1.616886
1.612290
1.612290
1.621518
1.621518
1.622037
1.622037
1.616050
1.616050
1.615471
1.615471
1.617421
1.617421
1.617261
1.617261
1.615525
1.615525
1.623804
1.623804
1.609887
1.609887
1.617212
1.617212
1.619662
1.619662
1.615388
1.615388
1.619263
1.619263
1.610877
1.610877
1.618307
1.618307
1.624831
1.624831
1.607094
1.607094
1.620015
1.620015
1.610350
1.610350
1.619129
1.619129
1.614561
1.614561
1.614375
1.614375
1.618391
1.618391
1.614369
1.614369
1.619656
1.619656
1.615880
1.615880
1.604565
1.604565
1.621455
1.621455
1.620071
1.620071
1.629143
1.629143
1.612226
1.612226
1.613805
1.613805
1.616243
1.616243
1.604743
1.604743
1.614452
1.614452
1.613407
1.613407
1.615204
1.615204
1.623936
1.623936
1.608449
1.608449
1.613064
1.613064
1.617864
1.617864
1.617124
1.617124
1.618841
1.618841
1.606321
1.606321
1.618376
1.618376
1.612661
1.612661
1.615298
1.615298
1.609751
1.609751
1.620175
1.620175
1.607528
1.607528
1.619754
1.619754
1.621905
1.621905
1.614921
1.614921
1.608874
1.608874
1.610255
1.610255
1.617065
1.617065
1.610917
1.610917
1.624114
1.624114
1.610345
1.610345
1.622764
1.622764
1.618011
1.618011
1.608660
1.608660
1.608713
1.608713
1.614556
1.614556
1.622793
1.622793
1.616099
1.616099
1.613942
1.613942
1.608272
1.608272
1.608917
1.608917
1.610962
1.610962
1.622069
1.622069
1.609435
1.609435
1.614315
1.614315
1.613120
1.613120
1.610405
1.610405
1.625095
1.625095
1.605519
1.605519
1.613079
1.613079
1.614291
1.614291
1.605372
1.605372
1.613577
1.613577
1.613935
1.613935
1.617689
1.617689
1.617306
1.617306
1.601606
1.601606
1.613328
1.613328
1.621207
1.621207
1.614189
1.614189
1.616231
1.616231
1.612158
1.612158
1.610624
1.610624
1.605035
1.605035
1.619913
1.619913
1.618289
1.618289
1.613063
1.613063
1.599688
1.599688
1.623245
1.623245
1.613803
1.613803
1.613448
1.613448
1.610246
1.610246
1.611761
1.611761
1.622591
1.622591
1.611212
1.611212
1.602911
1.602911
1.617990
1.617990
1.605826
1.605826
1.614623
1.614623
1.610764
1.610764
1.609796
1.609796
1.612769
1.612769
1.606416
1.606416
1.608763
1.608763
1.620401
1.620401
1.608740
1.608740
1.606069
1.606069
1.613896
1.613896
1.615649
1.615649
1.609793
1.609793
1.610804
1.610804
1.614432
1.614432
1.604246
1.604246
1.609297
1.609297
1.612448
1.612448
1.615996
1.615996
1.621818
1.621818
1.608952
1.608952
1.605381
1.605381
1.605868
1.605868
1.612063
1.612063
1.620498
1.620498
1.612013
1.612013
1.611443
1.611443
1.610520
1.610520
1.592952
1.592952
1.606616
1.606616
1.608209
1.608209
1.618029
1.618029
1.600291
1.600291
1.620063
1.620063
1.608301
1.608301
1.605673
1.605673
1.602281
1.602281
1.620273
1.620273
1.613283
1.613283
1.609721
1.609721
1.612535
1.612535
1.614515
1.614515
1.607952
1.607952
1.599470
1.599470
1.606844
1.606844
1.616111
1.616111
1.613793
1.613793
1.601975
1.601975
1.605036
1.605036
1.614386
1.614386
1.611031
1.611031
1.601151
1.601151
1.610779
1.610779
1.604718
1.604718
1.616315
1.616315
1.608542
1.608542
1.609042
1.609042
1.610374
1.610374
1.593464
1.593464
1.612992
1.612992
1.604589
1.604589
1.607741
1.607741
1.612579
1.612579
1.600443
1.600443
1.608288
1.608288
1.606550
1.606550
1.607412
1.607412
1.606704
1.606704
1.610853
1.610853
1.621650
1.621650
1.611743
1.611743
1.595177
1.595177
1.602061
1.602061
1.606856
1.606856
1.593838
1.593838
1.609834
1.609834
1.614247
1.614247
1.604252
1.604252
1.616637
1.616637
1.598172
1.598172
1.603085
1.603085
1.601975
1.601975
1.609753
1.609753
1.627192
1.627192
1.601883
1.601883
1.602607
1.602607
1.611068
1.611068
1.606194
1.606194
1.613287
1.613287
1.613533
1.613533
1.608025
1.608025
1.600759
1.600759
1.598852
1.598852
1.611824
1.611824
1.604263
1.604263
1.612837
1.612837
1.600155
1.600155
1.613358
1.613358
1.596465
1.596465
1.607444
1.607444
1.601594
1.601594
1.604040
1.604040
1.612468
1.612468
1.601495
1.601495
1.606462
1.606462
1.619019
1.619019
1.603236
1.603236
1.597448
1.597448
1.598950
1.598950
1.606914
1.606914
1.610451
1.610451
1.599353
1.599353
1.601058
1.601058
1.608849
1.608849
1.607071
1.607071
1.606150
1.606150
1.615387
1.615387
1.596528
1.596528
1.597011
1.597011
1.609418
1.609418
1.609980
1.609980
1.603867
1.603867
1.603776
1.603776
1.592702
1.592702
1.603919
1.603919
1.593014
1.593014
1.612580
1.612580
1.612146
1.612146
1.598208
1.598208
1.610575
1.610575
1.601041
1.601041
1.594781
1.594781
1.607730
1.607730
1.607005
1.607005
1.591022
1.591022
1.601323
1.601323
1.607628
1.607628
1.619409
1.619409
1.598013
1.598013
1.607756
1.607756
1.610700
1.610700
1.596271
1.596271
1.597032
1.597032
1.606354
1.606354
1.608004
1.608004
1.606035
1.606035
1.602870
1.602870
1.600736
1.600736
1.596358
1.596358
1.598487
1.598487
1.612526
1.612526
1.601666
1.601666
1.600142
1.600142
1.601316
1.601316
1.608365
1.608365
1.602308
1.602308
1.602170
1.602170
1.602761
1.602761
1.595736
1.595736
1.597737
1.597737
1.600453
1.600453
1.608665
1.608665
1.601814
1.601814
1.603713
1.603713
1.612501
1.612501
1.592671
1.592671
1.608636
1.608636
1.598212
1.598212
1.597913
1.597913
1.595570
1.595570
1.600503
1.600503
1.604614
1.604614
1.605131
1.605131
1.605444
1.605444
1.601598
1.601598
1.598301
1.598301
1.602123
1.602123
1.608449
1.608449
1.597847
1.597847
1.590069
1.590069
1.608417
1.608417
1.601293
1.601293
1.608152
1.608152
1.600143
1.600143
1.603411
1.603411
1.599526
1.599526
1.604115
1.604115
1.599801
1.599801
1.600323
1.600323
1.598148
1.598148
1.593381
1.593381
1.597345
1.597345
1.614066
1.614066
1.604364
1.604364
1.597196
1.597196
1.597698
1.597698
1.609443
1.609443
1.591529
1.591529
1.612902
1.612902
1.601317
1.601317
1.605881
1.605881
1.601405
1.601405
1.595057
1.595057
1.600865
1.600865
1.601042
1.601042
1.609456
1.609456
1.592304
1.592304
1.595447
1.595447
1.606740
1.606740
1.597602
1.597602
1.595349
1.595349
1.608592
1.608592
1.605636
1.605636
1.592759
1.592759
1.608650
1.608650
1.597715
1.597715
1.597192
1.597192
1.600908
1.600908
1.595310
1.595310
1.599519
1.599519
1.611389
1.611389
1.597976
1.597976
1.589963
1.589963
1.601950
1.601950
1.599757
1.599757
1.602346
1.602346
1.603003
1.603003
1.601681
1.601681
1.590218
1.590218
1.599805
1.599805
1.595748
1.595748
1.589071
1.589071
1.617602
1.617602
1.596164
1.596164
1.603211
1.603211
1.597338
1.597338
1.598112
1.598112
1.603746
1.603746
1.595202
1.595202
1.601647
1.601647
1.601725
1.601725
1.597616
1.597616
1.597688
1.597688
1.599303
1.599303
1.600725
1.600725
1.601731
1.601731
1.598964
1.598964
1.597535
1.597535
1.597915
1.597915
1.588036
1.588036
1.597287
1.597287
1.604419
1.604419
1.596120
1.596120
1.614981
1.614981
1.603644
1.603644
1.604474
1.604474
1.598469
1.598469
1.597363
1.597363
1.588811
1.588811
1.589536
1.589536
1.595449
1.595449
1.605794
1.605794
1.602789
1.602789
1.601526
1.601526
1.604074
1.604074
1.601658
1.601658
1.601568
1.601568
1.588739
1.588739
1.596409
1.596409
1.589841
1.589841
1.589272
1.589272
1.602328
1.602328
1.604964
1.604964
1.607196
1.607196
1.601168
1.601168
1.596907
1.596907
1.602280
1.602280
1.595021
1.595021
1.592826
1.592826
1.599340
1.599340
1.585659
1.585659
1.614151
1.614151
1.594140
1.594140
1.594096
1.594096
1.591985
1.591985
1.601394
1.601394
1.595471
1.595471
1.589284
1.589284
1.613530
1.613530
1.592595
1.592595
1.592089
1.592089
1.601583
1.601583
1.599748
1.599748
1.601356
1.601356
1.599871
1.599871
1.593782
1.593782
1.585383
1.585383
1.603989
1.603989
1.604209
1.604209
1.594110
1.594110
1.594505
1.594505
1.598441
1.598441
1.601869
1.601869
1.594666
1.594666
1.584446
1.584446
1.594722
1.594722
1.598207
1.598207
1.606339
1.606339
1.600453
1.600453
1.601439
1.601439
1.601158
1.601158
1.597339
1.597339
1.589096
1.589096
1.591982
1.591982
1.586549
1.586549
1.600981
1.600981
1.575916
1.575916
1.619460
1.619460
1.599689
1.599689
1.596837
1.596837
1.598696
1.598696
1.588977
1.588977
1.593547
1.593547
1.605919
1.605919
1.585929
1.585929
1.599743
1.599743
1.600639
1.600639
1.600935
1.600935
1.592638
1.592638
1.597890
1.597890
1.594865
1.594865
1.596835
1.596835
1.593141
1.593141
1.598089
1.598089
1.593754
1.593754
1.594052
1.594052
1.595883
1.595883
1.594499
1.594499
1.603381
1.603381
1.581465
1.581465
1.590132
1.590132
1.606336
1.606336
1.601419
1.601419
1.600502
1.600502
1.591206
1.591206
1.594351
1.594351
1.596524
1.596524
1.597766
1.597766
1.598518
1.598518
1.587513
1.587513
1.607789
1.607789
1.582737
1.582737
1.603378
1.603378
1.595289
1.595289
1.596835
1.596835
1.595528
1.595528
1.596436
1.596436
1.594511
1.594511
1.591804
1.591804
1.589609
1.589609
1.597837
1.597837
1.599696
1.599696
1.600058
1.600058
1.585274
1.585274
1.584568
1.584568
1.596344
1.596344
1.606694
1.606694
1.593272
1.593272
1.592009
1.592009
1.592450
1.592450
1.595115
1.595115
1.591897
1.591897
1.604724
1.604724
1.585501
1.585501
1.595493
1.595493
1.590581
1.590581
1.602489
1.602489
1.588882
1.588882
1.593405
1.593405
1.599052
1.599052
1.599211
1.599211
1.590800
1.590800
1.591209
1.591209
1.588664
1.588664
1.605481
1.605481
1.596326
1.596326
1.585003
1.585003
1.589294
1.589294
1.593660
1.593660
1.594692
1.594692
1.590386
1.590386
1.601977
1.601977
1.588315
1.588315
1.594388
1.594388
1.599913
1.599913
1.583851
1.583851
1.603635
1.603635
1.592785
1.592785
1.587592
1.587592
1.589913
1.589913
1.594950
1.594950
1.592089
1.592089
1.597113
1.597113
1.596012
1.596012
1.591847
1.591847
1.607412
1.607412
1.585560
1.585560
1.589861
1.589861
1.594976
1.594976
1.596551
1.596551
1.594117
1.594117
1.590917
1.590917
1.591746
1.591746
1.596253
1.596253
1.602676
1.602676
1.588464
1.588464
1.593432
1.593432
1.595375
1.595375
1.586342
1.586342
1.597224
1.597224
1.582442
1.582442
1.596101
1.596101
1.602061
1.602061
1.588156
1.588156
1.595876
1.595876
1.595122
1.595122
1.589980
1.589980
1.595641
1.595641
1.589507
1.589507
1.576958
1.576958
1.591287
1.591287
1.604543
1.604543
1.599390
1.599390
1.594958
1.594958
1.600527
1.600527
1.581309
1.581309
1.595540
1.595540
1.588670
1.588670
1.602560
1.602560
1.603403
1.603403
1.595566
1.595566
1.580799
1.580799
1.595099
1.595099
1.589744
1.589744
1.595222
1.595222
1.605447
1.605447
1.590729
1.590729
1.581069
1.581069
1.591958
1.591958
1.588767
1.588767
1.597372
1.597372
1.593007
1.593007
1.597909
1.597909
1.584299
1.584299
1.604707
1.604707
1.593325
1.593325
1.585839
1.585839
1.590772
1.590772
1.585587
1.585587
1.599260
1.599260
1.588307
1.588307
1.593390
1.593390
1.588907
1.588907
1.590178
1.590178
1.593873
1.593873
1.588037
1.588037
1.600260
1.600260
1.585901
1.585901
1.590553
1.590553
1.589405
1.589405
1.592788
1.592788
1.587930
1.587930
1.590426
1.590426
1.598827
1.598827
1.594744
1.594744
1.592058
1.592058
1.597550
1.597550
1.585327
1.585327
1.585350
1.585350
1.597074
1.597074
1.577723
1.577723
1.605395
1.605395
1.590334
1.590334
1.583647
1.583647
1.587015
1.587015
1.599000
1.599000
1.591783
1.591783
1.588479
1.588479
1.589254
1.589254
1.603295
1.603295
1.584912
1.584912
1.586764
1.586764
1.589810
1.589810
1.590427
1.590427
1.592654
1.592654
1.594474
1.594474
1.591502
1.591502
1.587234
1.587234
1.587512
1.587512
1.590038
1.590038
1.587937
1.587937
1.584024
1.584024
1.591336
1.591336
1.603606
1.603606
1.594534
1.594534
1.595636
1.595636
1.583326
1.583326
1.596531
1.596531
1.580051
1.580051
1.583288
1.583288
1.607870
1.607870
1.583712
1.583712
1.590617
1.590617
1.585639
1.585639
1.583901
1.583901
1.603945
1.603945
1.586384
1.586384
1.587377
1.587377
1.589695
1.589695
1.593922
1.593922
1.581287
1.581287
1.592423
1.592423
1.591808
1.591808
1.591274
1.591274
1.587051
1.587051
1.588610
1.588610
1.589444
1.589444
1.591705
1.591705
1.593648
1.593648
1.582552
1.582552
1.586718
1.586718
1.597068
1.597068
1.593729
1.593729
1.588032
1.588032
1.583335
1.583335
1.593362
1.593362
1.594128
1.594128
1.581671
1.581671
1.597299
1.597299
1.582806
1.582806
1.598788
1.598788
1.589860
1.589860
1.593553
1.593553
1.578552
1.578552
1.590240
1.590240
1.588743
1.588743
1.588306
1.588306
1.583853
1.583853
1.596239
1.596239
1.583287
1.583287
1.592905
1.592905
1.593148
1.593148
1.593518
1.593518
1.578508
1.578508
1.583160
1.583160
1.598979
1.598979
1.596356
1.596356
1.577336
1.577336
1.586519
1.586519
1.579511
1.579511
1.582832
1.582832
1.592428
1.592428
1.592393
1.592393
1.597044
1.597044
1.586104
1.586104
1.593607
1.593607
1.600582
1.600582
1.577548
1.577548
1.581411
1.581411
1.583734
1.583734
1.590502
1.590502
1.588122
1.588122
1.585493
1.585493
1.594273
1.594273
1.582933
1.582933
1.593299
1.593299
1.587145
1.587145
1.588347
1.588347
1.587727
1.587727
1.595665
1.595665
1.582966
1.582966
1.590052
1.590052
1.583022
1.583022
1.586558
1.586558
1.590521
1.590521
1.582957
1.582957
1.593128
1.593128
1.584780
1.584780
1.586075
1.586075
1.588489
1.588489
1.588738
1.588738
1.591958
1.591958
1.578177
1.578177
1.591222
1.591222
1.592270
1.592270
1.579458
1.579458
1.592887
1.592887
1.591223
1.591223
1.579913
1.579913
1.584269
1.584269
1.579763
1.579763
1.591756
1.591756
1.591939
1.591939
1.591264
1.591264
1.587176
1.587176
1.592202
1.592202
1.591522
1.591522
1.582495
1.582495
1.583326
1.583326
1.584919
1.584919
1.580842
1.580842
1.596672
1.596672
1.587658
1.587658
1.587040
1.587040
1.588785
1.588785
1.587459
1.587459
1.585883
1.585883
1.582136
1.582136
1.593828
1.593828
1.583423
1.583423
1.590638
1.590638
1.583164
1.583164
1.597123
1.597123
1.578599
1.578599
1.584918
1.584918
1.590191
1.590191
1.593978
1.593978
1.586997
1.586997
1.574934
1.574934
1.585134
1.585134
1.593553
1.593553
1.581221
1.581221
1.587954
1.587954
1.585108
1.585108
1.570705
1.570705
1.594714
1.594714
1.589452
1.589452
1.590404
1.590404
1.587674
1.587674
1.587767
1.587767
1.579945
1.579945
1.591299
1.591299
1.587793
1.587793
1.585049
1.585049
1.594133
1.594133
1.578868
1.578868
1.585047
1.585047
1.584138
1.584138
1.591168
1.591168
1.586040
1.586040
1.587723
1.587723
1.587130
1.587130
1.585198
1.585198
1.585595
1.585595
1.587199
1.587199
1.581516
1.581516
1.585882
1.585882
1.584823
1.584823
1.594606
1.594606
1.582448
1.582448
1.588859
1.588859
1.583631
1.583631
1.582159
1.582159
1.597699
1.597699
1.581154
1.581154
1.583771
1.583771
1.591758
1.591758
1.586388
1.586388
1.590052
1.590052
1.587949
1.587949
1.585342
1.585342
1.594105
1.594105
1.582648
1.582648
1.580629
1.580629
1.585576
1.585576
1.589386
1.589386
1.586011
1.586011
1.586211
1.586211
1.584339
1.584339
1.594219
1.594219
1.591874
1.591874
1.580394
1.580394
1.582315
1.582315
1.581947
1.581947
1.587806
1.587806
1.585508
1.585508
1.581716
1.581716
1.591661
1.591661
1.584570
1.584570
1.578766
1.578766
1.581804
1.581804
1.589541
1.589541
1.596579
1.596579
1.584231
1.584231
1.585613
1.585613
1.589003
1.589003
1.590247
1.590247
1.581097
1.581097
1.584983
1.584983
1.586216
1.586216
1.582935
1.582935
1.587108
1.587108
1.587267
1.587267
1.588127
1.588127
1.590481
1.590481
1.588676
1.588676
1.576951
1.576951
1.588665
1.588665
1.586112
1.586112
1.585574
1.585574
1.587467
1.587467
1.589332
1.589332
1.584263
1.584263
1.582929
1.582929
1.580687
1.580687
1.587742
1.587742
1.577509
1.577509
1.592633
1.592633
1.593204
1.593204
1.584169
1.584169
1.588346
1.588346
1.583870
1.583870
1.588960
1.588960
1.582950
1.582950
1.588418
1.588418
1.578757
1.578757
1.594298
1.594298
1.587512
1.587512
1.577003
1.577003
1.591580
1.591580
1.576990
1.576990
1.586019
1.586019
1.592610
1.592610
1.579026
1.579026
1.588565
1.588565
1.578310
1.578310
1.586143
1.586143
1.591534
1.591534
1.582468
1.582468
1.596804
1.596804
1.590835
1.590835
1.577267
1.577267
1.585625
1.585625
1.573744
1.573744
1.588930
1.588930
1.595065
1.595065
1.584841
1.584841
1.577794
1.577794
1.578630
1.578630
1.575708
1.575708
1.586250
1.586250
1.584779
1.584779
1.588998
1.588998
1.593143
1.593143
1.582877
1.582877
1.587821
1.587821
1.590285
1.590285
1.583425
1.583425
1.580660
1.580660
1.590266
1.590266
1.579171
1.579171
1.589144
1.589144
1.588382
1.588382
1.575646
1.575646
1.576261
1.576261
1.589069
1.589069
1.581828
1.581828
1.600297
1.600297
1.573245
1.573245
1.588869
1.588869
1.588548
1.588548
1.577095
1.577095
1.582620
1.582620
1.586090
1.586090
1.580013
1.580013
1.577701
1.577701
1.582663
1.582663
1.591598
1.591598
1.592096
1.592096
1.570481
1.570481
1.591969
1.591969
1.584173
1.584173
1.590449
1.590449
1.584399
1.584399
1.572871
1.572871
1.585722
1.585722
1.586243
1.586243
1.587187
1.587187
1.590945
1.590945
1.593566
1.593566
1.583066
1.583066
1.581443
1.581443
1.578693
1.578693
1.583907
1.583907
1.582097
1.582097
1.590697
1.590697
1.582467
1.582467
1.582444
1.582444
1.581611
1.581611
1.587389
1.587389
1.580329
1.580329
1.584486
1.584486
1.579132
1.579132
1.588759
1.588759
1.583286
1.583286
1.583390
1.583390
1.582662
1.582662
1.585114
1.585114
1.582752
1.582752
1.579648
1.579648
1.580882
1.580882
1.583285
1.583285
1.581025
1.581025
1.594341
1.594341
1.593204
1.593204
1.586055
1.586055
1.566550
1.566550
1.591313
1.591313
1.576011
1.576011
1.593719
1.593719
1.587138
1.587138
1.563941
1.563941
1.580803
1.580803
1.590656
1.590656
1.580625
1.580625
1.591759
1.591759
1.576457
1.576457
1.576165
1.576165
1.590495
1.590495
1.588746
1.588746
1.583434
1.583434
1.585373
1.585373
1.576540
1.576540
1.577203
1.577203
1.577495
1.577495
1.578021
1.578021
1.584425
1.584425
1.587890
1.587890
1.585140
1.585140
1.579648
1.579648
1.579520
1.579520
1.582356
1.582356
1.593352
1.593352
1.574944
1.574944
1.581105
1.581105
1.583324
1.583324
1.582984
1.582984
1.583429
1.583429
1.580068
1.580068
1.578240
1.578240
1.580089
1.580089
1.586850
1.586850
1.587093
1.587093
1.578541
1.578541
1.581123
1.581123
1.577826
1.577826
1.594348
1.594348
1.575680
1.575680
1.583968
1.583968
1.584408
1.584408
1.584529
1.584529
1.582113
1.582113
1.577703
1.577703
1.584790
1.584790
1.576998
1.576998
1.583335
1.583335
1.593916
1.593916
1.575401
1.575401
1.583632
1.583632
1.591952
1.591952
1.582856
1.582856
1.571259
1.571259
1.583543
1.583543
1.583430
1.583430
1.582712
1.582712
1.572122
1.572122
1.582570
1.582570
1.588593
1.588593
1.587469
1.587469
1.580265
1.580265
1.585510
1.585510
1.581786
1.581786
1.584425
1.584425
1.578382
1.578382
1.582414
1.582414
1.582695
1.582695
1.581474
1.581474
1.579093
1.579093
1.586581
1.586581
1.579670
1.579670
1.585558
1.585558
1.578448
1.578448
1.587110
1.587110
1.579151
1.579151
1.576888
1.576888
1.586075
1.586075
1.588893
1.588893
1.571711
1.571711
1.588711
1.588711
1.582237
1.582237
1.587409
1.587409
1.578751
1.578751
1.574351
1.574351
1.589530
1.589530
1.576350
1.576350
1.575024
1.575024
1.586896
1.586896
1.591593
1.591593
1.579044
1.579044
1.578041
1.578041
1.581002
1.581002
1.589665
1.589665
1.582133
1.582133
1.576918
1.576918
1.580035
1.580035
1.575221
1.575221
1.573783
1.573783
1.584889
1.584889
1.599032
1.599032
1.576894
1.576894
1.587132
1.587132
1.573433
1.573433
1.591112
1.591112
1.577043
1.577043
1.585756
1.585756
1.585399
1.585399
1.575278
1.575278
1.582657
1.582657
1.574441
1.574441
1.580094
1.580094
1.585507
1.585507
1.576771
1.576771
1.579029
1.579029
1.584289
1.584289
1.583706
1.583706
1.588155
1.588155
1.579287
1.579287
1.574032
1.574032
1.578335
1.578335
1.568188
1.568188
1.585888
1.585888
1.585823
1.585823
1.585763
1.585763
1.577126
1.577126
1.588605
1.588605
1.587607
1.587607
1.574954
1.574954
1.575324
1.575324
1.574899
1.574899
1.575255
1.575255
1.587694
1.587694
1.581216
1.581216
1.573534
1.573534
1.585045
1.585045
1.572685
1.572685
1.582664
1.582664
1.586334
1.586334
1.578279
1.578279
1.580122
1.580122
1.583587
1.583587
1.585292
1.585292
1.578832
1.578832
1.570862
1.570862
1.581001
1.581001
1.575562
1.575562
1.584850
1.584850
1.578883
1.578883
1.576424
1.576424
1.583633
1.583633
1.569235
1.569235
1.581684
1.581684
1.576443
1.576443
1.583475
1.583475
1.589440
1.589440
1.569494
1.569494
1.574021
1.574021
1.579814
1.579814
1.581953
1.581953
1.596490
1.596490
1.574641
1.574641
1.579682
1.579682
1.575174
1.575174
1.580639
1.580639
1.589495
1.589495
1.583104
1.583104
1.580633
1.580633
1.577796
1.577796
1.583668
1.583668
1.569194
1.569194
1.587718
1.587718
1.576810
1.576810
1.576088
1.576088
1.575242
1.575242
1.582367
1.582367
1.575984
1.575984
1.581700
1.581700
1.579348
1.579348
1.579505
1.579505
1.581039
1.581039
1.569980
1.569980
1.588895
1.588895
1.581534
1.581534
1.577288
1.577288
1.578464
1.578464
1.582707
1.582707
1.571651
1.571651
1.574690
1.574690
1.587985
1.587985
1.578385
1.578385
1.574724
1.574724
1.582684
1.582684
1.583859
1.583859
1.578012
1.578012
1.574661
1.574661
1.572768
1.572768
1.581882
1.581882
1.585716
1.585716
1.581370
1.581370
1.570900
1.570900
1.584778
1.584778
1.578444
1.578444
1.578324
1.578324
1.574309
1.574309
1.578257
1.578257
1.582356
1.582356
1.574895
1.574895
1.574888
1.574888
1.581831
1.581831
1.580119
1.580119
1.570664
1.570664
1.576215
1.576215
1.575616
1.575616
1.590850
1.590850
1.580132
1.580132
1.575244
1.575244
1.585494
1.585494
1.566795
1.566795
1.584025
1.584025
1.582087
1.582087
1.582434
1.582434
1.569208
1.569208
1.578092
1.578092
1.579561
1.579561
1.585119
1.585119
1.584289
1.584289
1.573785
1.573785
1.575762
1.575762
1.569485
1.569485
1.593000
1.593000
1.583752
1.583752
1.574323
1.574323
1.580363
1.580363
1.574716
1.574716
1.579135
1.579135
1.573841
1.573841
1.576441
1.576441
1.571341
1.571341
1.588702
1.588702
1.582765
1.582765
1.569097
1.569097
1.584013
1.584013
1.576263
1.576263
1.584333
1.584333
1.578060
1.578060
1.590208
1.590208
1.578350
1.578350
1.580045
1.580045
1.566663
1.566663
1.575982
1.575982
1.583693
1.583693
1.577613
1.577613
1.577494
1.577494
1.576154
1.576154
1.576399
1.576399
1.581128
1.581128
1.576111
1.576111
1.579972
1.579972
1.574001
1.574001
1.581512
1.581512
1.565629
1.565629
1.575366
1.575366
1.578395
1.578395
1.584468
1.584468
1.591462
1.591462
1.582464
1.582464
1.584076
1.584076
1.581903
1.581903
1.572000
1.572000
1.568933
1.568933
1.580400
1.580400
1.570978
1.570978
1.581618
1.581618
1.586422
1.586422
1.570554
1.570554
1.582624
1.582624
1.575349
1.575349
1.576582
1.576582
1.589396
1.589396
1.564225
1.564225
1.566916
1.566916
1.581303
1.581303
1.577252
1.577252
1.585398
1.585398
1.581994
1.581994
1.573184
1.573184
1.571527
1.571527
1.583303
1.583303
1.584905
1.584905
1.578784
1.578784
1.576028
1.576028
1.589581
1.589581
1.576177
1.576177
1.576277
1.576277
1.571144
1.571144
1.572531
1.572531
1.578800
1.578800
1.581111
1.581111
1.578803
1.578803
1.579766
1.579766
1.581402
1.581402
1.586109
1.586109
1.574510
1.574510
1.572780
1.572780
1.574084
1.574084
1.574721
1.574721
1.576059
1.576059
1.592694
1.592694
1.576061
1.576061
1.566740
1.566740
1.583337
1.583337
1.581754
1.581754
1.580210
1.580210
1.567619
1.567619
1.575433
1.575433
1.581015
1.581015
1.581911
1.581911
1.572860
1.572860
1.577170
1.577170
1.575943
1.575943
1.569056
1.569056
1.578705
1.578705
1.582311
1.582311
1.577825
1.577825
1.583137
1.583137
1.564940
1.564940
1.592437
1.592437
1.563562
1.563562
1.584207
1.584207
1.587128
1.587128
1.580547
1.580547
1.591617
1.591617
1.580038
1.580038
1.561902
1.561902
1.574408
1.574408
1.582244
1.582244
1.576568
1.576568
1.578846
1.578846
1.578058
1.578058
1.571667
1.571667
1.585721
1.585721
1.580491
1.580491
1.578090
1.578090
1.574030
1.574030
1.567642
1.567642
1.569813
1.569813
1.583400
1.583400
1.580868
1.580868
1.577901
1.577901
1.575747
1.575747
1.578882
1.578882
1.582464
1.582464
1.575518
1.575518
1.568880
1.568880
1.583717
1.583717
1.581276
1.581276
1.571691
1.571691
1.569969
1.569969
1.583313
1.583313
1.582570
1.582570
1.574010
1.574010
1.573620
1.573620
1.581035
1.581035
1.579132
1.579132
1.579990
1.579990
1.577226
1.577226
1.573158
1.573158
1.579587
1.579587
1.580432
1.580432
1.575983
1.575983
1.571023
1.571023
1.580902
1.580902
1.574763
1.574763
1.580499
1.580499
1.579903
1.579903
1.566575
1.566575
1.583754
1.583754
1.580200
1.580200
1.574975
1.574975
1.581397
1.581397
1.579818
1.579818
1.576875
1.576875
1.584500
1.584500
1.572124
1.572124
1.569892
1.569892
1.563500
1.563500
1.586343
1.586343
1.572790
1.572790
1.578985
1.578985
1.585114
1.585114
1.575022
1.575022
1.569969
1.569969
1.571961
1.571961
1.577011
1.577011
1.594399
1.594399
1.567268
1.567268
1.571741
1.571741
1.581999
1.581999
1.580830
1.580830
1.582240
1.582240
1.570483
1.570483
1.574322
1.574322
1.576268
1.576268
1.578456
1.578456
1.584389
1.584389
1.570204
1.570204
1.582736
1.582736
1.577101
1.577101
1.573247
1.573247
1.578389
1.578389
1.578641
1.578641
1.568557
1.568557
1.576399
1.576399
1.573177
1.573177
1.587028
1.587028
1.575460
1.575460
1.575276
1.575276
1.577767
1.577767
1.580423
1.580423
1.569346
1.569346
1.582983
1.582983
1.575867
1.575867
1.573810
1.573810
1.571107
1.571107
1.575360
1.575360
1.580926
1.580926
1.575854
1.575854
1.568268
1.568268
1.576344
1.576344
1.577632
1.577632
1.578638
1.578638
1.581531
1.581531
1.580181
1.580181
1.567303
1.567303
1.568167
1.568167
1.572865
1.572865
1.579909
1.579909
1.578429
1.578429
1.576334
1.576334
1.567568
1.567568
1.576141
1.576141
1.577497
1.577497
1.575237
1.575237
1.581179
1.581179
1.562903
1.562903
1.573418
1.573418
1.569156
1.569156
1.579673
1.579673
1.580855
1.580855
1.571577
1.571577
1.572016
1.572016
1.577214
1.577214
1.575083
1.575083
1.572860
1.572860
1.579069
1.579069
1.580452
1.580452
1.569432
1.569432
1.576329
1.576329
1.579420
1.579420
1.566694
1.566694
1.581074
1.581074
1.578657
1.578657
1.568791
1.568791
1.576550
1.576550
1.566438
1.566438
1.581210
1.581210
1.580754
1.580754
1.564194
1.564194
1.579440
1.579440
1.564240
1.564240
1.567724
1.567724
1.582247
1.582247
1.576156
1.576156
1.570096
1.570096
1.576072
1.576072
1.582065
1.582065
1.574853
1.574853
1.568949
1.568949
1.569036
1.569036
1.576955
1.576955
1.569576
1.569576
1.580705
1.580705
1.576164
1.576164
1.570176
1.570176
1.573495
1.573495
1.579829
1.579829
1.571964
1.571964
1.575686
1.575686
1.570699
1.570699
1.570296
1.570296
1.575115
1.575115
1.573519
1.573519
1.569562
1.569562
1.570622
1.570622
1.582304
1.582304
1.564576
1.564576
1.571489
1.571489
1.574291
1.574291
1.579878
1.579878
1.579419
1.579419
1.576637
1.576637
1.565965
1.565965
1.575124
1.575124
1.570860
1.570860
1.580890
1.580890
1.574151
1.574151
1.574922
1.574922
1.575897
1.575897
1.570900
1.570900
1.570583
1.570583
1.570075
1.570075
1.572790
1.572790
1.575079
1.575079
1.569462
1.569462
1.582218
1.582218
1.571274
1.571274
1.574439
1.574439
1.574258
1.574258
1.572593
1.572593
1.574924
1.574924
1.566977
1.566977
1.573713
1.573713
1.575668
1.575668
1.576309
1.576309
1.574547
1.574547
1.576912
1.576912
1.575286
1.575286
1.571320
1.571320
1.578783
1.578783
1.561469
1.561469
1.582178
1.582178
1.563539
1.563539
1.574068
1.574068
1.565591
1.565591
1.584972
1.584972
1.566999
1.566999
1.576077
1.576077
1.577300
1.577300
1.568791
1.568791
1.580078
1.580078
1.580555
1.580555
1.568094
1.568094
1.580522
1.580522
1.569378
1.569378
1.567280
1.567280
1.565996
1.565996
1.569238
1.569238
1.586860
1.586860
1.577300
1.577300
1.565946
1.565946
1.571001
1.571001
1.563228
1.563228
1.583564
1.583564
1.571337
1.571337
1.579702
1.579702
1.566396
1.566396
1.576564
1.576564
1.582975
1.582975
1.578108
1.578108
1.558656
1.558656
1.572414
1.572414
1.574072
1.574072
1.571845
1.571845
1.579734
1.579734
1.566343
1.566343
1.582165
1.582165
1.569588
1.569588
1.573585
1.573585
1.572609
1.572609
1.565943
1.565943
1.574633
1.574633
1.580211
1.580211
1.572075
1.572075
1.575882
1.575882
1.558624
1.558624
1.569120
1.569120
1.573503
1.573503
1.571435
1.571435
1.568719
1.568719
1.585374
1.585374
1.572938
1.572938
1.575810
1.575810
1.571614
1.571614
1.573238
1.573238
1.569367
1.569367
1.564480
1.564480
1.569549
1.569549
1.567904
1.567904
1.590493
1.590493
1.569828
1.569828
1.573580
1.573580
1.569854
1.569854
1.571060
1.571060
1.575954
1.575954
1.571767
1.571767
1.575077
1.575077
1.576485
1.576485
1.569890
1.569890
1.565824
1.565824
1.575361
1.575361
1.579824
1.579824
1.568478
1.568478
1.560867
1.560867
1.578559
1.578559
1.573674
1.573674
1.574238
1.574238
1.564298
1.564298
1.576644
1.576644
1.565871
1.565871
1.581870
1.581870
1.564655
1.564655
1.575779
1.575779
1.576615
1.576615
1.575944
1.575944
1.564958
1.564958
1.565852
1.565852
1.570811
1.570811
1.575729
1.575729
1.582500
1.582500
1.562231
1.562231
1.567043
1.567043
1.576111
1.576111
1.575678
1.575678
1.573425
1.573425
1.565755
1.565755
1.575856
1.575856
1.569707
1.569707
1.567798
1.567798
1.576623
1.576623
1.568686
1.568686
1.560382
1.560382
1.568758
1.568758
1.570580
1.570580
1.581649
1.581649
1.581163
1.581163
1.567393
1.567393
1.567244
1.567244
1.573943
1.573943
1.574885
1.574885
1.579009
1.579009
1.571358
1.571358
1.573697
1.573697
1.578966
1.578966
1.564208
1.564208
1.572643
1.572643
1.569997
1.569997
1.562081
1.562081
1.569598
1.569598
1.584149
1.584149
1.575881
1.575881
1.569141
1.569141
1.578393
1.578393
1.575231
1.575231
1.565613
1.565613
1.571885
1.571885
1.581206
1.581206
1.566545
1.566545
1.566935
1.566935
1.570763
1.570763
1.575301
1.575301
1.573602
1.573602
1.571313
1.571313
1.569466
1.569466
1.573288
1.573288
1.571732
1.571732
1.581242
1.581242
1.565832
1.565832
1.571143
1.571143
1.566558
1.566558
1.575421
1.575421
1.574659
1.574659
1.565541
1.565541
1.573422
1.573422
1.567225
1.567225
1.580635
1.580635
1.570344
1.570344
1.565128
1.565128
1.570275
1.570275
1.578462
1.578462
1.575935
1.575935
1.569240
1.569240
1.575790
1.575790
1.566006
1.566006
1.575453
1.575453
1.573224
1.573224
1.566417
1.566417
1.581430
1.581430
1.568697
1.568697
1.568473
1.568473
1.576501
1.576501
1.574519
1.574519
1.571698
1.571698
1.568580
1.568580
1.571798
1.571798
1.576011
1.576011
1.580159
1.580159
1.573427
1.573427
1.566510
1.566510
1.569620
1.569620
1.572904
1.572904
1.569963
1.569963
1.569970
1.569970
1.572673
1.572673
1.577594
1.577594
1.572638
1.572638
1.583548
1.583548
1.570902
1.570902
1.572069
1.572069
1.568463
1.568463
1.565919
1.565919
1.581829
1.581829
1.571963
1.571963
1.562927
1.562927
1.567785
1.567785
1.579925
1.579925
1.567205
1.567205
1.574792
1.574792
1.572362
1.572362
1.564358
1.564358
1.587366
1.587366
1.566812
1.566812
1.573828
1.573828
1.571358
1.571358
1.571299
1.571299
1.580051
1.580051
1.572757
1.572757
1.575782
1.575782
1.568938
1.568938
1.576804
1.576804
1.563834
1.563834
1.572407
1.572407
1.571561
1.571561
1.579001
1.579001
1.561719
1.561719
1.576543
1.576543
1.576741
1.576741
1.568893
1.568893
1.571354
1.571354
1.563958
1.563958
1.582325
1.582325
1.573024
1.573024
1.567964
1.567964
1.567032
1.567032
1.585736
1.585736
1.565054
1.565054
1.574063
1.574063
1.561785
1.561785
1.572419
1.572419
1.573052
1.573052
1.581556
1.581556
1.566195
1.566195
1.574667
1.574667
1.578025
1.578025
1.567047
1.567047
1.574447
1.574447
1.578495
1.578495
1.570881
1.570881
1.563406
1.563406
1.570855
1.570855
1.576967
1.576967
1.571384
1.571384
1.564957
1.564957
1.575327
1.575327
1.566204
1.566204
1.584357
1.584357
1.564928
1.564928
1.575866
1.575866
1.575172
1.575172
1.576147
1.576147
1.564502
1.564502
1.567507
1.567507
1.577537
1.577537
1.563929
1.563929
1.568061
1.568061
1.584957
1.584957
1.574606
1.574606
1.568456
1.568456
1.578471
1.578471
1.575334
1.575334
1.557274
1.557274
1.564216
1.564216
1.582971
1.582971
1.567561
1.567561
1.569388
1.569388
1.573854
1.573854
1.575706
1.575706
1.565537
1.565537
1.564807
1.564807
1.579244
1.579244
1.570968
1.570968
1.567466
1.567466
1.574585
1.574585
1.574514
1.574514
1.564257
1.564257
1.576019
1.576019
1.561511
1.561511
1.583606
1.583606
1.566861
1.566861
1.571588
1.571588
1.571382
1.571382
1.562243
1.562243
1.567952
1.567952
1.568893
1.568893
1.578695
1.578695
1.578765
1.578765
1.570028
1.570028
1.566663
1.566663
1.568173
1.568173
1.585107
1.585107
1.562064
1.562064
1.574766
1.574766
1.567976
1.567976
1.570881
1.570881
1.570575
1.570575
1.569996
1.569996
1.573428
1.573428
1.575704
1.575704
1.565841
1.565841
1.564769
1.564769
1.575724
1.575724
1.566700
1.566700
1.572071
1.572071
1.571019
1.571019
1.573557
1.573557
1.570220
1.570220
1.576315
1.576315
1.568518
1.568518
1.575502
1.575502
1.567681
1.567681
1.563432
1.563432
1.564684
1.564684
1.584369
1.584369
1.570507
1.570507
1.568875
1.568875
1.562496
1.562496
1.571599
1.571599
1.585324
1.585324
1.562617
1.562617
1.562156
1.562156
1.571301
1.571301
1.576282
1.576282
1.571154
1.571154
1.575795
1.575795
1.564368
1.564368
1.562520
1.562520
1.568765
1.568765
1.577776
1.577776
1.569141
1.569141
1.573300
1.573300
1.560449
1.560449
1.577475
1.577475
1.566626
1.566626
1.566001
1.566001
1.572335
1.572335
1.569811
1.569811
1.584063
1.584063
1.568389
1.568389
1.565441
1.565441
1.566530
1.566530
1.567025
1.567025
1.569911
1.569911
1.571189
1.571189
1.571655
1.571655
1.568336
1.568336
1.571525
1.571525
1.571802
1.571802
1.570472
1.570472
1.570966
1.570966
1.570493
1.570493
1.567966
1.567966
1.573334
1.573334
1.567658
1.567658
1.565179
1.565179
1.579675
1.579675
1.564898
1.564898
1.568328
1.568328
1.570526
1.570526
1.562461
1.562461
1.576522
1.576522
1.575248
1.575248
1.573909
1.573909
1.571305
1.571305
1.572421
1.572421
1.565935
1.565935
1.566407
1.566407
1.562385
1.562385
1.577236
1.577236
1.561733
1.561733
1.584291
1.584291
1.562551
1.562551
1.565319
1.565319
1.570335
1.570335
1.563571
1.563571
1.574981
1.574981
1.576609
1.576609
1.569243
1.569243
1.576949
1.576949
1.569211
1.569211
1.568794
1.568794
1.561615
1.561615
1.577430
1.577430
1.560093
1.560093
1.568274
1.568274
1.570044
1.570044
1.573196
1.573196
1.567077
1.567077
1.579336
1.579336
1.557147
1.557147
1.572137
1.572137
1.573956
1.573956
1.562707
1.562707
1.572881
1.572881
1.572405
1.572405
1.569057
1.569057
1.572219
1.572219
1.575195
1.575195
1.565650
1.565650
1.567333
1.567333
1.563213
1.563213
1.579715
1.579715
1.566701
1.566701
1.567231
1.567231
1.567878
1.567878
1.570084
1.570084
1.578787
1.578787
1.569998
1.569998
1.572161
1.572161
1.571568
1.571568
1.570363
1.570363
1.561742
1.561742
1.569129
1.569129
1.575458
1.575458
1.569070
1.569070
1.566168
1.566168
1.566668
1.566668
1.557315
1.557315
1.566306
1.566306
1.573063
1.573063
1.567004
1.567004
1.587726
1.587726
1.574777
1.574777
1.570321
1.570321
1.566123
1.566123
1.566677
1.566677
1.567606
1.567606
1.573416
1.573416
1.569108
1.569108
1.558911
1.558911
1.573802
1.573802
1.571418
1.571418
1.570242
1.570242
1.571192
1.571192
1.568505
1.568505
1.567842
1.567842
1.567484
1.567484
1.563418
1.563418
1.571548
1.571548
1.572162
1.572162
1.569512
1.569512
1.568257
1.568257
1.574229
1.574229
1.562045
1.562045
1.566790
1.566790
1.572580
1.572580
1.568770
1.568770
1.563335
1.563335
1.568966
1.568966
1.566926
1.566926
1.570525
1.570525
1.576341
1.576341
1.570763
1.570763
1.570818
1.570818
1.575013
1.575013
1.559312
1.559312
1.567693
1.567693
1.570182
1.570182
1.576096
1.576096
1.572060
1.572060
1.563513
1.563513
1.559280
1.559280
1.561745
1.561745
1.573082
1.573082
1.560316
1.560316
1.573228
1.573228
1.577642
1.577642
1.567070
1.567070
1.561949
1.561949
1.571332
1.571332
1.579525
1.579525
1.561590
1.561590
1.564275
1.564275
1.566824
1.566824
1.571872
1.571872
1.569160
1.569160
1.571994
1.571994
1.571517
1.571517
1.570276
1.570276
1.573665
1.573665
1.562695
1.562695
1.563322
1.563322
1.564596
1.564596
1.575444
1.575444
1.561873
1.561873
1.566349
1.566349
1.576541
1.576541
1.567615
1.567615
1.573691
1.573691
1.565007
1.565007
1.567591
1.567591
1.568504
1.568504
1.569865
1.569865
1.570176
1.570176
1.564971
1.564971
1.566601
1.566601
1.571426
1.571426
1.565594
1.565594
1.568494
1.568494
1.568012
1.568012
1.572809
1.572809
1.566236
1.566236
1.575174
1.575174
1.564543
1.564543
1.565955
1.565955
1.569285
1.569285
1.565225
1.565225
1.567748
1.567748
1.565717
1.565717
1.567062
1.567062
1.568269
1.568269
1.572857
1.572857
1.555267
1.555267
1.576113
1.576113
1.575823
1.575823
1.570410
1.570410
1.560096
1.560096
1.556359
1.556359
1.572677
1.572677
1.565323
1.565323
1.572550
1.572550
1.574360
1.574360
1.565425
1.565425
1.568785
1.568785
1.564167
1.564167
1.571830
1.571830
1.569567
1.569567
1.558017
1.558017
1.569080
1.569080
1.568514
1.568514
1.578404
1.578404
1.564379
1.564379
1.569939
1.569939
1.562919
1.562919
1.568373
1.568373
1.570678
1.570678
1.567334
1.567334
1.569644
1.569644
1.565298
1.565298
1.569387
1.569387
1.574408
1.574408
1.557591
1.557591
1.564152
1.564152
1.570378
1.570378
1.566699
1.566699
1.567673
1.567673
1.570432
1.570432
1.573372
1.573372
1.567894
1.567894
1.564911
1.564911
1.569531
1.569531
1.560565
1.560565
1.561564
1.561564
1.574750
1.574750
1.569400
1.569400
1.561123
1.561123
1.572632
1.572632
1.566832
1.566832
1.574403
1.574403
1.571670
1.571670
1.561509
1.561509
1.561676
1.561676
1.558026
1.558026
1.573702
1.573702
1.571757
1.571757
1.570423
1.570423
1.562229
1.562229
1.574548
1.574548
1.564225
1.564225
1.567059
1.567059
1.570004
1.570004
1.560142
1.560142
1.568075
1.568075
1.560852
1.560852
1.572484
1.572484
1.569834
1.569834
1.567494
1.567494
1.573009
1.573009
1.575872
1.575872
1.570330
1.570330
1.561705
1.561705
1.554963
1.554963
1.577247
1.577247
1.567048
1.567048
1.570221
1.570221
1.566753
1.566753
1.555040
1.555040
1.563101
1.563101
1.573366
1.573366
1.564249
1.564249
1.572758
1.572758
1.566010
1.566010
1.570757
1.570757
1.574422
1.574422
1.563003
1.563003
1.567229
1.567229
1.563184
1.563184
1.561352
1.561352
1.559115
1.559115
1.567657
1.567657
1.575480
1.575480
1.579621
1.579621
1.575150
1.575150
1.570276
1.570276
1.565834
1.565834
1.556467
1.556467
1.574445
1.574445
1.566755
1.566755
1.560972
1.560972
1.570276
1.570276
1.570464
1.570464
1.573432
1.573432
1.568416
1.568416
1.570787
1.570787
1.563358
1.563358
1.561864
1.561864
1.578974
1.578974
1.568719
1.568719
1.567989
1.567989
1.573668
1.573668
1.562359
1.562359
1.567757
1.567757
1.571987
1.571987
1.565745
1.565745
1.567543
1.567543
1.568092
1.568092
1.567106
1.567106
1.564641
1.564641
1.559027
1.559027
1.573485
1.573485
1.578496
1.578496
1.563896
1.563896
1.561457
1.561457
1.561608
1.561608
1.575170
1.575170
1.571257
1.571257
1.572423
1.572423
1.576663
1.576663
1.562445
1.562445
1.561061
1.561061
1.577134
1.577134
1.562491
1.562491
1.577667
1.577667
1.567220
1.567220
1.562438
1.562438
1.565640
1.565640
1.569000
1.569000
1.572983
1.572983
1.559490
1.559490
1.572435
1.572435
1.573914
1.573914
1.561128
1.561128
1.578352
1.578352
1.562090
1.562090
1.562349
1.562349
1.571615
1.571615
1.566962
1.566962
1.565406
1.565406
1.564911
1.564911
1.568185
1.568185
1.574036
1.574036
1.568853
1.568853
1.568941
1.568941
1.564829
1.564829
1.563980
1.563980
1.562736
1.562736
1.584550
1.584550
1.559058
1.559058
1.572193
1.572193
1.574860
1.574860
1.568119
1.568119
1.565082
1.565082
1.570791
1.570791
1.572264
1.572264
1.564828
1.564828
1.572516
1.572516
1.557065
1.557065
1.567148
1.567148
1.571952
1.571952
1.564949
1.564949
1.571029
1.571029
1.564691
1.564691
1.564620
1.564620
1.565506
1.565506
1.571411
1.571411
1.567317
1.567317
1.573182
1.573182
1.559811
1.559811
1.568551
1.568551
1.578073
1.578073
1.564113
1.564113
1.570475
1.570475
1.576301
1.576301
1.565344
1.565344
1.561090
1.561090
1.567014
1.567014
1.571117
1.571117
1.569085
1.569085
1.574989
1.574989
1.573820
1.573820
1.555727
1.555727
1.565333
1.565333
1.569253
1.569253
1.563264
1.563264
1.568068
1.568068
1.565333
1.565333
1.575442
1.575442
1.562390
1.562390
1.572380
1.572380
1.565553
1.565553
1.579045
1.579045
1.556450
1.556450
1.567700
1.567700
1.569740
1.569740
1.569367
1.569367
1.568086
1.568086
1.561830
1.561830
1.566865
1.566865
1.563956
1.563956
1.561727
1.561727
1.579429
1.579429
1.565325
1.565325
1.569999
1.569999
1.571976
1.571976
1.556711
1.556711
1.564796
1.564796
1.577323
1.577323
1.573346
1.573346
1.569967
1.569967
1.553355
1.553355
1.575528
1.575528
1.566163
1.566163
1.565626
1.565626
1.562294
1.562294
1.574573
1.574573
1.574636
1.574636
1.559842
1.559842
1.570005
1.570005
1.575793
1.575793
1.571120
1.571120
1.559912
1.559912
1.559620
1.559620
1.566389
1.566389
1.565817
1.565817
1.568270
1.568270
1.572583
1.572583
1.563945
1.563945
1.571379
1.571379
1.562986
1.562986
1.580143
1.580143
1.560064
1.560064
1.561190
1.561190
1.564470
1.564470
1.567634
1.567634
1.563495
1.563495
1.570611
1.570611
1.571975
1.571975
1.568322
1.568322
1.559835
1.559835
1.572814
1.572814
1.564656
1.564656
1.571816
1.571816
1.570434
1.570434
1.567031
1.567031
1.558575
1.558575
1.570283
1.570283
1.570172
1.570172
1.566074
1.566074
1.562824
1.562824
1.569636
1.569636
1.566838
1.566838
1.570886
1.570886
1.556481
1.556481
1.567922
1.567922
1.563528
1.563528
1.574403
1.574403
1.574086
1.574086
1.578247
1.578247
1.559870
1.559870
1.569694
1.569694
1.560397
1.560397
1.565044
1.565044
1.567253
1.567253
1.571391
1.571391
1.566396
1.566396
1.564852
1.564852
1.561864
1.561864
1.569608
1.569608
1.557564
1.557564
1.565419
1.565419
1.571907
1.571907
1.568276
1.568276
1.563257
1.563257
1.569118
1.569118
1.557382
1.557382
1.574657
1.574657
1.567462
1.567462
1.561893
1.561893
1.568196
1.568196
1.564971
1.564971
1.567539
1.567539
1.568829
1.568829
1.561102
1.561102
1.572686
1.572686
1.569886
1.569886
1.563859
1.563859
1.561501
1.561501
1.561916
1.561916
1.564786
1.564786
1.568828
1.568828
1.569928
1.569928
1.564291
1.564291
1.564680
1.564680
1.566227
1.566227
1.575265
1.575265
1.565200
1.565200
1.556087
1.556087
1.564443
1.564443
1.570132
1.570132
1.562854
1.562854
1.566239
1.566239
1.566669
1.566669
1.562443
1.562443
1.574051
1.574051
1.564778
1.564778
1.569788
1.569788
1.556710
1.556710
1.573026
1.573026
1.555310
1.555310
1.559814
1.559814
1.574356
1.574356
1.568666
1.568666
1.569480
1.569480
1.568707
1.568707
1.561357
1.561357
1.565840
1.565840
1.564699
1.564699
1.568207
1.568207
1.566291
1.566291
1.567479
1.567479
1.564021
1.564021
1.564115
1.564115
1.572723
1.572723
1.564755
1.564755
1.574373
1.574373
1.558177
1.558177
1.559087
1.559087
1.564736
1.564736
1.562875
1.562875
1.564606
1.564606
1.565965
1.565965
1.575900
1.575900
1.571586
1.571586
1.567474
1.567474
1.561808
1.561808
1.566691
1.566691
1.563831
1.563831
1.566851
1.566851
1.561709
1.561709
1.574196
1.574196
1.566688
1.566688
1.562105
1.562105
1.570119
1.570119
1.573245
1.573245
1.555658
1.555658
1.567283
1.567283
1.567703
1.567703
1.556482
1.556482
1.574376
1.574376
1.561142
1.561142
1.577489
1.577489
1.563890
1.563890
1.563446
1.563446
1.558386
1.558386
1.571507
1.571507
1.569912
1.569912
1.571956
1.571956
1.568250
1.568250
1.575406
1.575406
1.567334
1.567334
1.560495
1.560495
1.560043
1.560043
1.556707
1.556707
1.573281
1.573281
1.565466
1.565466
1.570088
1.570088
1.567817
1.567817
1.578223
1.578223
1.556739
1.556739
1.574554
1.574554
1.560369
1.560369
1.561420
1.561420
1.563911
1.563911
1.575395
1.575395
1.561124
1.561124
1.562611
1.562611
1.570541
1.570541
1.575163
1.575163
1.562233
1.562233
1.560819
1.560819
1.570528
1.570528
1.562484
1.562484
1.572053
1.572053
1.571126
1.571126
1.563330
1.563330
1.562434
1.562434
1.561796
1.561796
1.567202
1.567202
1.566795
1.566795
1.560925
1.560925
1.570541
1.570541
1.565714
1.565714
1.572369
1.572369
1.561642
1.561642
1.570073
1.570073
1.572376
1.572376
1.550191
1.550191
1.563274
1.563274
1.572916
1.572916
1.562943
1.562943
1.569081
1.569081
1.560793
1.560793
1.560640
1.560640
1.566617
1.566617
1.573989
1.573989
1.564782
1.564782
1.563253
1.563253
1.560068
1.560068
1.565723
1.565723
1.563810
1.563810
1.576425
1.576425
1.562740
1.562740
1.564736
1.564736
1.572650
1.572650
1.570859
1.570859
1.562922
1.562922
1.554992
1.554992
1.566825
1.566825
1.562882
1.562882
1.562946
1.562946
1.572135
1.572135
1.563559
1.563559
1.568328
1.568328
1.559474
1.559474
1.560748
1.560748
1.561151
1.561151
1.585106
1.585106
1.562240
1.562240
1.564743
1.564743
1.567394
1.567394
1.567222
1.567222
1.569153
1.569153
1.563434
1.563434
1.564286
1.564286
1.566764
1.566764
1.562410
1.562410
1.575159
1.575159
1.568066
1.568066
1.559915
1.559915
1.568448
1.568448
1.569845
1.569845
1.561285
1.561285
1.562576
1.562576
1.564129
1.564129
1.563164
1.563164
1.572575
1.572575
1.565708
1.565708
1.564073
1.564073
1.569191
1.569191
1.564508
1.564508
1.570192
1.570192
1.557488
1.557488
1.564104
1.564104
1.571250
1.571250
1.567726
1.567726
1.562811
1.562811
1.559575
1.559575
1.563187
1.563187
1.575813
1.575813
1.563737
1.563737
1.564099
1.564099
1.557624
1.557624
1.568554
1.568554
1.558275
1.558275
1.571605
1.571605
1.556480
1.556480
1.573421
1.573421
1.564673
1.564673
1.561138
1.561138
1.565131
1.565131
1.572943
1.572943
1.560604
1.560604
1.559130
1.559130
1.557021
1.557021
1.563138
1.563138
1.575893
1.575893
1.572318
1.572318
1.562716
1.562716
1.570257
1.570257
1.570238
1.570238
1.564268
1.564268
1.555089
1.555089
1.563677
1.563677
1.572828
1.572828
1.558259
1.558259
1.571385
1.571385
1.556661
1.556661
1.561888
1.561888
1.560223
1.560223
1.568503
1.568503
1.571892
1.571892
1.562001
1.562001
1.566069
1.566069
1.567367
1.567367
1.562667
1.562667
1.564768
1.564768
1.564753
1.564753
1.557815
1.557815
1.575914
1.575914
1.567039
1.567039
1.566716
1.566716
1.555941
1.555941
1.561746
1.561746
1.571779
1.571779
1.571793
1.571793
1.553674
1.553674
1.567706
1.567706
1.561742
1.561742
1.569956
1.569956
1.571283
1.571283
1.562305
1.562305
1.558790
1.558790
1.565220
1.565220
1.557251
1.557251
1.567961
1.567961
1.563374
1.563374
1.574273
1.574273
1.563704
1.563704
1.565704
1.565704
1.571638
1.571638
1.561842
1.561842
1.561475
1.561475
1.562447
1.562447
1.563179
1.563179
1.561772
1.561772
1.569003
1.569003
1.570212
1.570212
1.561745
1.561745
1.566342
1.566342
1.570411
1.570411
1.564362
1.564362
1.561126
1.561126
1.570201
1.570201
1.574124
1.574124
1.557498
1.557498
1.554934
1.554934
1.569255
1.569255
1.557567
1.557567
1.564258
1.564258
1.560869
1.560869
1.568253
1.568253
1.577106
1.577106
1.562296
1.562296
1.563987
1.563987
1.571258
1.571258
1.565691
1.565691
1.560640
1.560640
1.555601
1.555601
1.573382
1.573382
1.567602
1.567602
1.565166
1.565166
1.563042
1.563042
1.564932
1.564932
1.565857
1.565857
1.572232
1.572232
1.557120
1.557120
1.565399
1.565399
1.576012
1.576012
1.559275
1.559275
1.564297
1.564297
1.561471
1.561471
1.564146
1.564146
1.564105
1.564105
1.561601
1.561601
1.560526
1.560526
1.569857
1.569857
1.570741
1.570741
1.562740
1.562740
1.571118
1.571118
1.560650
1.560650
1.566120
1.566120
1.563920
1.563920
1.574947
1.574947
1.558667
1.558667
1.564796
1.564796
1.562382
1.562382
1.563292
1.563292
1.563996
1.563996
1.562577
1.562577
1.570964
1.570964
1.558549
1.558549
1.569754
1.569754
1.564998
1.564998
1.565568
1.565568
1.561838
1.561838
1.565385
1.565385
1.567440
1.567440
1.562676
1.562676
1.564016
1.564016
1.569144
1.569144
1.567081
1.567081
1.560541
1.560541
1.564294
1.564294
1.566844
1.566844
1.564434
1.564434
1.560382
1.560382
1.570454
1.570454
1.560163
1.560163
1.565642
1.565642
1.564673
1.564673
1.563860
1.563860
1.573094
1.573094
1.560241
1.560241
1.566928
1.566928
1.561891
1.561891
1.576002
1.576002
1.558465
1.558465
1.563837
1.563837
1.569867
1.569867
1.565765
1.565765
1.558148
1.558148
1.569222
1.569222
1.560200
1.560200
1.565765
1.565765
1.572366
1.572366
1.562954
1.562954
1.564656
1.564656
1.569413
1.569413
1.568090
1.568090
1.559059
1.559059
1.563994
1.563994
1.565673
1.565673
1.565649
1.565649
1.570935
1.570935
1.571024
1.571024
1.558483
1.558483
1.557278
1.557278
1.567087
1.567087
1.566776
1.566776
1.559950
1.559950
1.563478
1.563478
1.567605
1.567605
1.569391
1.569391
1.563598
1.563598
1.564285
1.564285
1.569489
1.569489
1.553060
1.553060
1.557006
1.557006
1.557072
1.557072
1.571300
1.571300
1.568989
1.568989
1.569297
1.569297
1.566003
1.566003
1.555151
1.555151
1.573448
1.573448
1.561957
1.561957
1.565816
1.565816
1.563768
1.563768
1.563362
1.563362
1.560839
1.560839
1.567864
1.567864
1.566179
1.566179
1.563462
1.563462
1.562398
1.562398
1.566522
1.566522
1.563092
1.563092
1.566006
1.566006
1.575114
1.575114
1.564810
1.564810
1.563799
1.563799
1.557124
1.557124
1.558397
1.558397
1.560804
1.560804
1.565869
1.565869
1.561538
1.561538
1.571425
1.571425
1.559701
1.559701
1.560983
1.560983
1.565016
1.565016
1.560069
1.560069
1.563889
1.563889
1.572111
1.572111
1.559002
1.559002
1.557417
1.557417
1.563185
1.563185
1.574371
1.574371
1.566547
1.566547
1.564676
1.564676
1.581824
1.581824
1.555827
1.555827
1.554669
1.554669
1.562878
1.562878
1.568037
1.568037
1.571716
1.571716
1.555353
1.555353
1.569544
1.569544
1.552588
1.552588
1.562287
1.562287
1.570780
1.570780
1.565324
1.565324
1.559425
1.559425
1.561997
1.561997
1.571443
1.571443
1.578526
1.578526
1.550949
1.550949
1.564621
1.564621
1.551244
1.551244
1.560862
1.560862
1.569734
1.569734
1.562020
1.562020
1.568982
1.568982
1.556283
1.556283
1.563219
1.563219
1.557173
1.557173
1.566448
1.566448
1.573266
1.573266
1.557957
1.557957
1.565004
1.565004
1.560481
1.560481
1.558162
1.558162
1.572918
1.572918
1.562708
1.562708
1.560534
1.560534
1.566113
1.566113
1.575490
1.575490
1.561362
1.561362
1.553086
1.553086
1.566204
1.566204
1.562196
1.562196
1.553413
1.553413
1.574070
1.574070
1.563176
1.563176
1.561899
1.561899
1.567243
1.567243
1.554646
1.554646
1.575916
1.575916
1.557939
1.557939
1.570810
1.570810
1.554767
1.554767
1.574341
1.574341
1.562159
1.562159
1.555504
1.555504
1.560444
1.560444
1.563377
1.563377
1.567819
1.567819
1.566542
1.566542
1.561750
1.561750
1.566770
1.566770
1.566229
1.566229
1.562996
1.562996
1.560713
1.560713
1.564300
1.564300
1.563141
1.563141
1.571113
1.571113
1.570344
1.570344
1.562952
1.562952
1.549579
1.549579
1.567034
1.567034
1.569251
1.569251
1.560173
1.560173
1.562208
1.562208
1.561809
1.561809
1.558082
1.558082
1.574147
1.574147
1.557576
1.557576
1.563503
1.563503
1.568680
1.568680
1.568348
1.568348
1.569676
1.569676
1.559451
1.559451
1.552780
1.552780
1.572409
1.572409
1.557722
1.557722
1.569783
1.569783
1.571809
1.571809
1.560300
1.560300
1.558425
1.558425
1.560024
1.560024
1.556358
1.556358
1.568478
1.568478
1.566480
1.566480
1.568197
1.568197
1.562890
1.562890
1.564872
1.564872
1.568414
1.568414
1.560852
1.560852
1.558651
1.558651
1.563565
1.563565
1.558122
1.558122
1.567106
1.567106
1.560805
1.560805
1.567593
1.567593
1.558930
1.558930
1.563909
1.563909
1.560832
1.560832
1.562797
1.562797
1.571178
1.571178
1.569655
1.569655
1.563845
1.563845
1.560398
1.560398
1.555430
1.555430
1.566788
1.566788
1.563183
1.563183
1.566549
1.566549
1.567361
1.567361
1.555339
1.555339
1.561450
1.561450
1.569661
1.569661
1.560888
1.560888
1.568937
1.568937
1.552347
1.552347
1.561144
1.561144
1.565444
1.565444
1.563519
1.563519
1.564325
1.564325
1.555773
1.555773
1.564240
1.564240
1.552710
1.552710
1.558123
1.558123
1.569663
1.569663
1.559137
1.559137
1.576715
1.576715
1.578146
1.578146
1.554134
1.554134
1.559250
1.559250
1.555580
1.555580
1.566212
1.566212
1.568163
1.568163
1.563935
1.563935
1.559575
1.559575
1.559836
1.559836
1.560391
1.560391
1.558292
1.558292
1.571434
1.571434
1.563162
1.563162
1.558604
1.558604
1.560709
1.560709
1.566042
1.566042
1.553621
1.553621
1.571776
1.571776
1.560826
1.560826
1.559824
1.559824
1.565133
1.565133
1.562447
1.562447
1.563335
1.563335
1.561311
1.561311
1.560023
1.560023
1.559940
1.559940
1.565631
1.565631
1.560297
1.560297
1.564031
1.564031
1.563238
1.563238
1.575371
1.575371
1.562616
1.562616
1.566135
1.566135
1.549925
1.549925
1.557165
1.557165
1.564643
1.564643
1.563562
1.563562
1.559305
1.559305
1.562435
1.562435
1.562512
1.562512
1.561708
1.561708
1.566947
1.566947
1.561870
1.561870
1.562627
1.562627
1.557878
1.557878
1.564761
1.564761
1.552844
1.552844
1.564321
1.564321
1.567954
1.567954
1.562332
1.562332
1.558461
1.558461
1.560280
1.560280
1.557991
1.557991
1.573284
1.573284
1.562251
1.562251
1.565742
1.565742
1.552940
1.552940
1.550936
1.550936
1.569020
1.569020
1.578091
1.578091
1.552174
1.552174
1.568733
1.568733
1.562004
1.562004
1.566185
1.566185
1.563791
1.563791
1.561206
1.561206
1.569543
1.569543
1.560071
1.560071
1.557429
1.557429
1.564867
1.564867
1.573980
1.573980
1.548981
1.548981
1.570568
1.570568
1.560607
1.560607
1.556582
1.556582
1.554318
1.554318
1.567083
1.567083
1.559177
1.559177
1.564364
1.564364
1.568872
1.568872
1.568649
1.568649
1.557846
1.557846
1.559231
1.559231
1.562641
1.562641
1.563621
1.563621
1.569418
1.569418
1.548766
1.548766
1.556114
1.556114
1.570794
1.570794
1.567767
1.567767
1.563873
1.563873
1.565810
1.565810
1.567661
1.567661
1.557580
1.557580
1.554035
1.554035
1.557229
1.557229
1.563852
1.563852
1.567160
1.567160
1.560232
1.560232
1.563324
1.563324
1.558433
1.558433
1.557186
1.557186
1.571897
1.571897
1.567062
1.567062
1.555380
1.555380
1.561448
1.561448
1.563421
1.563421
1.561605
1.561605
1.564745
1.564745
1.560168
1.560168
1.563390
1.563390
1.564254
1.564254
1.564946
1.564946
1.557966
1.557966
1.561023
1.561023
1.566291
1.566291
1.564489
1.564489
1.566836
1.566836
1.555537
1.555537
1.557523
1.557523
1.564305
1.564305
1.561842
1.561842
1.560544
1.560544
1.562351
1.562351
1.563376
1.563376
1.565715
1.565715
1.565228
1.565228
1.566610
1.566610
1.559571
1.559571
1.552190
1.552190
1.555109
1.555109
1.565917
1.565917
1.572085
1.572085
1.558321
1.558321
1.559773
1.559773
1.560523
1.560523
1.559751
1.559751
1.560190
1.560190
1.568128
1.568128
1.562958
1.562958
1.567770
1.567770
1.562950
1.562950
1.558111
1.558111
1.563047
1.563047
1.557387
1.557387
1.565633
1.565633
1.564220
1.564220
1.559972
1.559972
1.563892
1.563892
1.553763
1.553763
1.564084
1.564084
1.553807
1.553807
1.567975
1.567975
1.559645
1.559645
1.563393
1.563393
1.559894
1.559894
1.555720
1.555720
1.570350
1.570350
1.555846
1.555846
1.567194
1.567194
1.559586
1.559586
1.569941
1.569941
1.554471
1.554471
1.558503
1.558503
1.565492
1.565492
1.559224
1.559224
1.550026
1.550026
1.573557
1.573557
1.560477
1.560477
1.564009
1.564009
1.567278
1.567278
1.555689
1.555689
1.563046
1.563046
1.554645
1.554645
1.567387
1.567387
1.563029
1.563029
1.560489
1.560489
1.559374
1.559374
1.562111
1.562111
1.561323
1.561323
1.553115
1.553115
1.567770
1.567770
1.562604
1.562604
1.566385
1.566385
1.554913
1.554913
1.560523
1.560523
1.568474
1.568474
1.558675
1.558675
1.559561
1.559561
1.559015
1.559015
1.565248
1.565248
1.561871
1.561871
1.557219
1.557219
1.562662
1.562662
1.559578
1.559578
1.559488
1.559488
1.565240
1.565240
1.563055
1.563055
1.560142
1.560142
1.558378
1.558378
1.557066
1.557066
1.558697
1.558697
1.562487
1.562487
1.560749
1.560749
1.570809
1.570809
1.554167
1.554167
1.566417
1.566417
1.556555
1.556555
1.565612
1.565612
1.565681
1.565681
1.561825
1.561825
1.565004
1.565004
1.557065
1.557065
1.562627
1.562627
1.560446
1.560446
1.557383
1.557383
1.564411
1.564411
1.557598
1.557598
1.564799
1.564799
1.563520
1.563520
1.563012
1.563012
1.562559
1.562559
1.557651
1.557651
1.560815
1.560815
1.563404
1.563404
1.563335
1.563335
1.564318
1.564318
1.557301
1.557301
1.564083
1.564083
1.556245
1.556245
1.565872
1.565872
1.555035
1.555035
1.562532
1.562532
1.564576
1.564576
1.557388
1.557388
1.558140
1.558140
1.562730
1.562730
1.559855
1.559855
1.562951
1.562951
1.562843
1.562843
1.570216
1.570216
1.565112
1.565112
1.557642
1.557642
1.557836
1.557836
1.552796
1.552796
1.570384
1.570384
1.557361
1.557361
1.562317
1.562317
1.562625
1.562625
1.549752
1.549752
1.556455
1.556455
1.562730
1.562730
1.561016
1.561016
1.569494
1.569494
1.553781
1.553781
1.565241
1.565241
1.562079
1.562079
1.556950
1.556950
1.558531
1.558531
1.563509
1.563509
1.555388
1.555388
1.571703
1.571703
1.560611
1.560611
1.558325
1.558325
1.559283
1.559283
1.564361
1.564361
1.557286
1.557286
1.556898
1.556898
1.567173
1.567173
1.559956
1.559956
1.557426
1.557426
1.563514
1.563514
1.561944
1.561944
1.567223
1.567223
1.554658
1.554658
1.570918
1.570918
1.561048
1.561048
1.556297
1.556297
1.567407
1.567407
1.547566
1.547566
1.564263
1.564263
1.563308
1.563308
1.562294
1.562294
1.562064
1.562064
1.553088
1.553088
1.557584
1.557584
1.562596
1.562596
1.570685
1.570685
1.555603
1.555603
1.560884
1.560884
1.561930
1.561930
1.559808
1.559808
1.559007
1.559007
1.562394
1.562394
1.565423
1.565423
1.554925
1.554925
1.567140
1.567140
1.552187
1.552187
1.569885
1.569885
1.563624
1.563624
1.564497
1.564497
1.560716
1.560716
1.554513
1.554513
1.565561
1.565561
1.561590
1.561590
1.560286
1.560286
1.560929
1.560929
1.555309
1.555309
1.568278
1.568278
1.561202
1.561202
1.549206
1.549206
1.561805
1.561805
1.568049
1.568049
1.551793
1.551793
1.579521
1.579521
1.569682
1.569682
1.558842
1.558842
1.557704
1.557704
1.561215
1.561215
1.556164
1.556164
1.572021
1.572021
1.559318
1.559318
1.555541
1.555541
1.562846
1.562846
1.552690
1.552690
1.562885
1.562885
1.561119
1.561119
1.560068
1.560068
1.559847
1.559847
1.560343
1.560343
1.568854
1.568854
1.558446
1.558446
1.556288
1.556288
1.551522
1.551522
1.572169
1.572169
1.559385
1.559385
1.567477
1.567477
1.560434
1.560434
1.557647
1.557647
1.558101
1.558101
1.550111
1.550111
1.559143
1.559143
1.565063
1.565063
1.563716
1.563716
1.567089
1.567089
1.565557
1.565557
1.550101
1.550101
1.564310
1.564310
1.565469
1.565469
1.556500
1.556500
1.563456
1.563456
1.562807
1.562807
1.552802
1.552802
1.564673
1.564673
1.558605
1.558605
1.574578
1.574578
1.555828
1.555828
1.554832
1.554832
1.561002
1.561002
1.555035
1.555035
1.570396
1.570396
1.558268
1.558268
1.564379
1.564379
1.546696
1.546696
1.563976
1.563976
1.565496
1.565496
1.558838
1.558838
1.555584
1.555584
1.562924
1.562924
1.559662
1.559662
1.558096
1.558096
1.560035
1.560035
1.564093
1.564093
1.560923
1.560923
1.559045
1.559045
1.556026
1.556026
1.565699
1.565699
1.559531
1.559531
1.559267
1.559267
1.562035
1.562035
1.552295
1.552295
1.567908
1.567908
1.558226
1.558226
1.557528
1.557528
1.567611
1.567611
1.559292
1.559292
1.568403
1.568403
1.558954
1.558954
1.557592
1.557592
1.555948
1.555948
1.559526
1.559526
1.557396
1.557396
1.563926
1.563926
1.563160
1.563160
1.556139
1.556139
1.554978
1.554978
1.564809
1.564809
1.553896
1.553896
1.561893
1.561893
1.566780
1.566780
1.560200
1.560200
1.563436
1.563436
1.551761
1.551761
1.563398
1.563398
1.561306
1.561306
1.562352
1.562352
1.562307
1.562307
1.553457
1.553457
1.560229
1.560229
1.561103
1.561103
1.557778
1.557778
1.559627
1.559627
1.558994
1.558994
1.563534
1.563534
1.558365
1.558365
1.560902
1.560902
1.562285
1.562285
1.569369
1.569369
1.549215
1.549215
1.555484
1.555484
1.565154
1.565154
1.564985
1.564985
1.560029
1.560029
1.554180
1.554180
1.551469
1.551469
1.557643
1.557643
1.563387
1.563387
1.559128
1.559128
1.557612
1.557612
1.560296
1.560296
1.556798
1.556798
1.560914
1.560914
1.558467
1.558467
1.562075
1.562075
1.559346
1.559346
1.567837
1.567837
1.558620
1.558620
1.553857
1.553857
1.549926
1.549926
1.570148
1.570148
1.554130
1.554130
1.555320
1.555320
1.566510
1.566510
1.561238
1.561238
1.560452
1.560452
1.559682
1.559682
1.550603
1.550603
1.561474
1.561474
1.569988
1.569988
1.554234
1.554234
1.559356
1.559356
1.555429
1.555429
1.564392
1.564392
1.556224
1.556224
1.563949
1.563949
1.555640
1.555640
1.562942
1.562942
1.562241
1.562241
1.567208
1.567208
1.547258
1.547258
1.565473
1.565473
1.557311
1.557311
1.559885
1.559885
1.560215
1.560215
1.554841
1.554841
1.559862
1.559862
1.561115
1.561115
1.552567
1.552567
1.562304
1.562304
1.564665
1.564665
1.558178
1.558178
1.578459
1.578459
1.556261
1.556261
1.551349
1.551349
1.552688
1.552688
1.558836
1.558836
1.555634
1.555634
1.562203
1.562203
1.565934
1.565934
1.554162
1.554162
1.566931
1.566931
1.558120
1.558120
1.554625
1.554625
1.554144
1.554144
1.565738
1.565738
1.562831
1.562831
1.556566
1.556566
1.556727
1.556727
1.562701
1.562701
1.558611
1.558611
1.559773
1.559773
1.553427
1.553427
1.561169
1.561169
1.565082
1.565082
1.557325
1.557325
1.559339
1.559339
1.558715
1.558715
1.566463
1.566463
1.553293
1.553293
1.559506
1.559506
1.554001
1.554001
1.555817
1.555817
1.561420
1.561420
1.563386
1.563386
1.564177
1.564177
1.565627
1.565627
1.561537
1.561537
1.551917
1.551917
1.553296
1.553296
1.567024
1.567024
1.565684
1.565684
1.563094
1.563094
1.556314
1.556314
1.555189
1.555189
1.555757
1.555757
1.569003
1.569003
1.558164
1.558164
1.559278
1.559278
1.561369
1.561369
1.544436
1.544436
1.559320
1.559320
1.555217
1.555217
1.560795
1.560795
1.557950
1.557950
1.563455
1.563455
1.557835
1.557835
1.557598
1.557598
1.562235
1.562235
1.558189
1.558189
1.559250
1.559250
1.559513
1.559513
1.551666
1.551666
1.555961
1.555961
1.564545
1.564545
1.564809
1.564809
1.557833
1.557833
1.562446
1.562446
1.552972
1.552972
1.564400
1.564400
1.556836
1.556836
1.567690
1.567690
1.554952
1.554952
1.557440
1.557440
1.559907
1.559907
1.553869
1.553869
1.561123
1.561123
1.558244
1.558244
1.559001
1.559001
1.555642
1.555642
1.561870
1.561870
1.556478
1.556478
1.554437
1.554437
1.566873
1.566873
1.559072
1.559072
1.557729
1.557729
1.557632
1.557632
1.561791
1.561791
1.551518
1.551518
1.557133
1.557133
1.569652
1.569652
1.563587
1.563587
1.554590
1.554590
1.560443
1.560443
1.559375
1.559375
1.555714
1.555714
1.562804
1.562804
1.559701
1.559701
1.559246
1.559246
1.554370
1.554370
1.557929
1.557929
1.561149
1.561149
1.555207
1.555207
1.561323
1.561323
1.561128
1.561128
1.554290
1.554290
1.563594
1.563594
1.543646
1.543646
1.570601
1.570601
1.558535
1.558535
1.557738
1.557738
1.554163
1.554163
1.556089
1.556089
1.565143
1.565143
1.557293
1.557293
1.563061
1.563061
1.561000
1.561000
1.559203
1.559203
1.554870
1.554870
1.554250
1.554250
1.567948
1.567948
1.558313
1.558313
1.556849
1.556849
1.562681
1.562681
1.559115
1.559115
1.557844
1.557844
1.564928
1.564928
1.558083
1.558083
1.555142
1.555142
1.561409
1.561409
1.555008
1.555008
1.559895
1.559895
1.566891
1.566891
1.556749
1.556749
1.556360
1.556360
1.555124
1.555124
1.559307
1.559307
1.556105
1.556105
1.552966
1.552966
1.571671
1.571671
1.555323
1.555323
1.560935
1.560935
1.550819
1.550819
1.562784
1.562784
1.555536
1.555536
1.569561
1.569561
1.565851
1.565851
1.551266
1.551266
1.556273
1.556273
1.566063
1.566063
1.556995
1.556995
1.560715
1.560715
1.570280
1.570280
1.560306
1.560306
1.550465
1.550465
1.553886
1.553886
1.552287
1.552287
1.565263
1.565263
1.560762
1.560762
1.558388
1.558388
1.560840
1.560840
1.555400
1.555400
1.563325
1.563325
1.561744
1.561744
1.551704
1.551704
1.567100
1.567100
1.549430
1.549430
1.561225
1.561225
1.565881
1.565881
1.558995
1.558995
1.562083
1.562083
1.558359
1.558359
1.562967
1.562967
1.555876
1.555876
1.567129
1.567129
1.549719
1.549719
1.553506
1.553506
1.561214
1.561214
1.567749
1.567749
1.560878
1.560878
1.551455
1.551455
1.560485
1.560485
1.559270
1.559270
1.565502
1.565502
1.560190
1.560190
1.549333
1.549333
1.548505
1.548505
1.564539
1.564539
1.563143
1.563143
1.564235
1.564235
1.556619
1.556619
1.561355
1.561355
1.555294
1.555294
1.559152
1.559152
1.558595
1.558595
1.564361
1.564361
1.553934
1.553934
1.559627
1.559627
1.555518
1.555518
1.567863
1.567863
1.560177
1.560177
1.569802
1.569802
1.551993
1.551993
1.554016
1.554016
1.560744
1.560744
1.560172
1.560172
1.559988
1.559988
1.558528
1.558528
1.550944
1.550944
1.564839
1.564839
1.562632
1.562632
1.561010
1.561010
1.565518
1.565518
1.563775
1.563775
1.555270
1.555270
1.546396
1.546396
1.562500
1.562500
1.560837
1.560837
1.559685
1.559685
1.559660
1.559660
1.550137
1.550137
1.560593
1.560593
1.562385
1.562385
1.563268
1.563268
1.561130
1.561130
1.544425
1.544425
1.564299
1.564299
1.555673
1.555673
1.564986
1.564986
1.557763
1.557763
1.551511
1.551511
1.559127
1.559127
1.556687
1.556687
1.561991
1.561991
1.557675
1.557675
1.561792
1.561792
1.558563
1.558563
1.568667
1.568667
1.558507
1.558507
1.558429
1.558429
1.549949
1.549949
1.558364
1.558364
1.564805
1.564805
1.558741
1.558741
1.553867
1.553867
1.561550
1.561550
1.557707
1.557707
1.568059
1.568059
1.557406
1.557406
1.560920
1.560920
1.550113
1.550113
1.561282
1.561282
1.558493
1.558493
1.559927
1.559927
1.556344
1.556344
1.561091
1.561091
1.550611
1.550611
1.555021
1.555021
1.564717
1.564717
1.561204
1.561204
1.566956
1.566956
1.553332
1.553332
1.558328
1.558328
1.554359
1.554359
1.563412
1.563412
1.569451
1.569451
1.560062
1.560062
1.553255
1.553255
1.554115
1.554115
1.559119
1.559119
1.572924
1.572924
1.564067
1.564067
1.561896
1.561896
1.557901
1.557901
1.556990
1.556990
1.552845
1.552845
1.561839
1.561839
1.554167
1.554167
1.569109
1.569109
1.553379
1.553379
1.556169
1.556169
1.567162
1.567162
1.557391
1.557391
1.556162
1.556162
1.553591
1.553591
1.562051
1.562051
1.551223
1.551223
1.557587
1.557587
1.566850
1.566850
1.557804
1.557804
1.562716
1.562716
1.556006
1.556006
1.563733
1.563733
1.563019
1.563019
1.555707
1.555707
1.555163
1.555163
1.560211
1.560211
1.558697
1.558697
1.555084
1.555084
1.563628
1.563628
1.555721
1.555721
1.552509
1.552509
1.552775
1.552775
1.556993
1.556993
1.560755
1.560755
1.575219
1.575219
1.561515
1.561515
1.562766
1.562766
1.558542
1.558542
1.556754
1.556754
1.551719
1.551719
1.551808
1.551808
1.566764
1.566764
1.559889
1.559889
1.555593
1.555593
1.558956
1.558956
1.554914
1.554914
1.553257
1.553257
1.562265
1.562265
1.570268
1.570268
1.549616
1.549616
1.553086
1.553086
1.572701
1.572701
1.549552
1.549552
1.554102
1.554102
1.564948
1.564948
1.557461
1.557461
1.555315
1.555315
1.556362
1.556362
1.558322
1.558322
1.567465
1.567465
1.558668
1.558668
1.558516
1.558516
1.558181
1.558181
1.557043
1.557043
1.560400
1.560400
1.564059
1.564059
1.559345
1.559345
1.555415
1.555415
1.556036
1.556036
1.556777
1.556777
1.558993
1.558993
1.560756
1.560756
1.558767
1.558767
1.554995
1.554995
1.558269
1.558269
1.559858
1.559858
1.561634
1.561634
1.557544
1.557544
1.556830
1.556830
1.554823
1.554823
1.560503
1.560503
1.552163
1.552163
1.557780
1.557780
1.559831
1.559831
1.562455
1.562455
1.563371
1.563371
1.554886
1.554886
1.559440
1.559440
1.553284
1.553284
1.561060
1.561060
1.559325
1.559325
1.554293
1.554293
1.560754
1.560754
1.558353
1.558353
1.557926
1.557926
1.561920
1.561920
1.555407
1.555407
1.558377
1.558377
1.548622
1.548622
1.568989
1.568989
1.558015
1.558015
1.559881
1.559881
1.568140
1.568140
1.550795
1.550795
1.551674
1.551674
1.557443
1.557443
1.555166
1.555166
1.560892
1.560892
1.561217
1.561217
1.555255
1.555255
1.558605
1.558605
1.567505
1.567505
1.556382
1.556382
1.553730
1.553730
1.553956
1.553956
1.558219
1.558219
1.556939
1.556939
1.558988
1.558988
1.554060
1.554060
1.565611
1.565611
1.558456
1.558456
1.565126
1.565126
1.558401
1.558401
1.554974
1.554974
1.554162
1.554162
1.554464
1.554464
1.566962
1.566962
1.552264
1.552264
1.555957
1.555957
1.564952
1.564952
1.553447
1.553447
1.551731
1.551731
1.561244
1.561244
1.568427
1.568427
1.558645
1.558645
1.552924
1.552924
1.559047
1.559047
1.557180
1.557180
1.561800
1.561800
1.564524
1.564524
1.559376
1.559376
1.562960
1.562960
1.559836
1.559836
1.556177
1.556177
1.554635
1.554635
1.563939
1.563939
1.565965
1.565965
1.556128
1.556128
1.552494
1.552494
1.554558
1.554558
1.553140
1.553140
1.563175
1.563175
1.564575
1.564575
1.554695
1.554695
1.558697
1.558697
1.562137
1.562137
1.562246
1.562246
1.559728
1.559728
1.551500
1.551500
1.558969
1.558969
1.551900
1.551900
1.555191
1.555191
1.567583
1.567583
1.558981
1.558981
1.562843
1.562843
1.557925
1.557925
1.565214
1.565214
1.562659
1.562659
1.554819
1.554819
1.553622
1.553622
1.559120
1.559120
1.556470
1.556470
1.560536
1.560536
1.567409
1.567409
1.549799
1.549799
1.554133
1.554133
1.554890
1.554890
1.554829
1.554829
1.567220
1.567220
1.567206
1.567206
1.561519
1.561519
1.561858
1.561858
1.562500
1.562500
1.553499
1.553499
1.555863
1.555863
1.559361
1.559361
1.552230
1.552230
1.556581
1.556581
1.571479
1.571479
1.555504
1.555504
1.554412
1.554412
1.563155
1.563155
1.554493
1.554493
1.565000
1.565000
1.559135
1.559135
1.552769
1.552769
1.562192
1.562192
1.565345
1.565345
1.549658
1.549658
1.568918
1.568918
1.566198
1.566198
1.548813
1.548813
1.557280
1.557280
1.562914
1.562914
1.561712
1.561712
1.562231
1.562231
1.552447
1.552447
1.567834
1.567834
1.559224
1.559224
1.552689
1.552689
1.574042
1.574042
1.546407
1.546407
1.563252
1.563252
1.558804
1.558804
1.551305
1.551305
1.558234
1.558234
1.559255
1.559255
1.558857
1.558857
1.562302
1.562302
1.555986
1.555986
1.564870
1.564870
1.552781
1.552781
1.565357
1.565357
1.554688
1.554688
1.556987
1.556987
1.550511
1.550511
1.562551
1.562551
1.563061
1.563061
1.558711
1.558711
1.560775
1.560775
1.567830
1.567830
1.569691
1.569691
1.550251
1.550251
1.551527
1.551527
1.554740
1.554740
1.549444
1.549444
1.565000
1.565000
1.557270
1.557270
1.552286
1.552286
1.576042
1.576042
1.557749
1.557749
1.566374
1.566374
1.559723
1.559723
1.553554
1.553554
1.557724
1.557724
1.552680
1.552680
1.556947
1.556947
1.561651
1.561651
1.567221
1.567221
1.556295
1.556295
1.553377
1.553377
1.560346
1.560346
1.559459
1.559459
1.558066
1.558066
1.566115
1.566115
1.562751
1.562751
1.548501
1.548501
1.554373
1.554373
1.569438
1.569438
1.560743
1.560743
1.557429
1.557429
1.556165
1.556165
1.560905
1.560905
1.561354
1.561354
1.559551
1.559551
1.562251
1.562251
1.548166
1.548166
1.560892
1.560892
1.560403
1.560403
1.565100
1.565100
1.558851
1.558851
1.554093
1.554093
1.559062
1.559062
1.560542
1.560542
1.563835
1.563835
1.549196
1.549196
1.556291
1.556291
1.566208
1.566208
1.559846
1.559846
1.565215
1.565215
1.562926
1.562926
1.556229
1.556229
1.556244
1.556244
1.555338
1.555338
1.566390
1.566390
1.556729
1.556729
1.563965
1.563965
1.559456
1.559456
1.563354
1.563354
1.548555
1.548555
1.558857
1.558857
1.565809
1.565809
1.549175
1.549175
1.561743
1.561743
1.559689
1.559689
1.561460
1.561460
1.556249
1.556249
1.559297
1.559297
1.557010
1.557010
1.562316
1.562316
1.568751
1.568751
1.565022
1.565022
1.551264
1.551264
1.557395
1.557395
1.551010
1.551010
1.558043
1.558043
1.559731
1.559731
1.556759
1.556759
1.562410
1.562410
1.558704
1.558704
1.554364
1.554364
1.560465
1.560465
1.553034
1.553034
1.574428
1.574428
1.551331
1.551331
1.559084
1.559084
1.555644
1.555644
1.566397
1.566397
1.550237
1.550237
1.566255
1.566255
1.563561
1.563561
1.555744
1.555744
1.560499
1.560499
1.554279
1.554279
1.562682
1.562682
1.558624
1.558624
1.559675
1.559675
1.559346
1.559346
1.551726
1.551726
1.568973
1.568973
1.556975
1.556975
1.555983
1.555983
1.557718
1.557718
1.562190
1.562190
1.563341
1.563341
1.558173
1.558173
1.561038
1.561038
1.552048
1.552048
1.568636
1.568636
1.552664
1.552664
1.566329
1.566329
1.561563
1.561563
1.550504
1.550504
1.554435
1.554435
1.561703
1.561703
1.562035
1.562035
1.561086
1.561086
1.548880
1.548880
1.564131
1.564131
1.556813
1.556813
1.561889
1.561889
1.552566
1.552566
1.567902
1.567902
1.555266
1.555266
1.555121
1.555121
1.549217
1.549217
1.566419
1.566419
1.561963
1.561963
1.554250
1.554250
1.563579
1.563579
1.553581
1.553581
1.556220
1.556220
1.554833
1.554833
1.564958
1.564958
1.567057
1.567057
1.568811
1.568811
1.561735
1.561735
1.563185
1.563185
1.550309
1.550309
1.547385
1.547385
1.556957
1.556957
1.559142
1.559142
1.553585
1.553585
1.561830
1.561830
1.564255
1.564255
