2.328358
2.328358
2.329520
2.329520
2.330914
2.330914
2.328349
2.328349
2.329583
2.329583
2.320900
2.320900
2.327759
2.327759
2.327709
2.327709
2.327538
2.327538
2.325641
2.325641
2.324887
2.324887
2.313349
2.313349
2.325035
2.325035
2.322946
2.322946
2.322674
2.322674
2.321798
2.321798
2.321203
2.321203
2.319871
2.319871
2.319190
2.319190
2.318763
2.318763
2.317866
2.317866
2.317972
2.317972
2.316536
2.316536
2.313787
2.313787
2.316118
2.316118
2.311796
2.311796
2.311206
2.311206
2.311667
2.311667
2.313073
2.313073
2.314372
2.314372
2.309248
2.309248
2.307750
2.307750
2.308125
2.308125
2.304668
2.304668
2.304705
2.304705
2.314039
2.314039
2.302913
2.302913
2.302223
2.302223
2.299437
2.299437
2.299348
2.299348
2.298717
2.298717
2.272724
2.272724
2.294953
2.294953
2.295536
2.295536
2.293278
2.293278
2.293316
2.293316
2.290335
2.290335
2.283114
2.283114
2.286593
2.286593
2.287625
2.287625
2.286783
2.286783
2.287015
2.287015
2.280662
2.280662
2.286533
2.286533
2.279668
2.279668
2.277263
2.277263
2.277889
2.277889
2.275733
2.275733
2.275731
2.275731
2.259488
2.259488
2.267932
2.267932
2.267611
2.267611
2.268631
2.268631
2.268601
2.268601
2.266846
2.266846
2.289166
2.289166
2.263160
2.263160
2.256338
2.256338
2.256853
2.256853
2.255561
2.255561
2.256310
2.256310
2.280587
2.280587
2.250462
2.250462
2.248795
2.248795
2.246746
2.246746
2.247136
2.247136
2.238838
2.238838
2.233540
2.233540
2.238087
2.238087
2.231909
2.231909
2.236810
2.236810
2.232810
2.232810
2.231095
2.231095
2.236602
2.236602
2.224109
2.224109
2.225676
2.225676
2.219271
2.219271
2.218466
2.218466
2.216324
2.216324
2.285349
2.285349
2.213684
2.213684
2.212586
2.212586
2.199445
2.199445
2.203978
2.203978
2.202464
2.202464
2.158435
2.158435
2.193116
2.193116
2.194458
2.194458
2.191706
2.191706
2.192531
2.192531
2.183453
2.183453
2.125605
2.125605
2.175684
2.175684
2.175369
2.175369
2.176582
2.176582
2.175980
2.175980
2.169115
2.169115
2.273590
2.273590
2.162884
2.162884
2.162420
2.162420
2.158539
2.158539
2.156565
2.156565
2.145772
2.145772
2.142728
2.142728
2.143857
2.143857
2.143022
2.143022
2.140658
2.140658
2.138059
2.138059
2.130237
2.130237
2.210334
2.210334
2.125429
2.125429
2.128338
2.128338
2.115440
2.115440
2.124906
2.124906
2.108336
2.108336
2.254697
2.254697
2.111320
2.111320
2.098045
2.098045
2.102219
2.102219
2.097374
2.097374
2.098658
2.098658
2.080434
2.080434
2.090071
2.090071
2.083498
2.083498
2.085211
2.085211
2.077899
2.077899
2.074259
2.074259
2.001200
2.001200
2.071047
2.071047
2.060234
2.060234
2.061924
2.061924
2.060885
2.060885
2.058656
2.058656
2.213950
2.213950
2.044790
2.044790
2.035136
2.035136
2.046465
2.046465
2.048926
2.048926
2.040711
2.040711
2.128322
2.128322
2.018103
2.018103
2.029742
2.029742
2.025938
2.025938
2.028719
2.028719
2.018090
2.018090
1.884908
1.884908
2.003214
2.003214
2.005039
2.005039
2.010134
2.010134
2.006802
2.006802
2.000700
2.000700
1.938948
1.938948
1.986506
1.986506
1.989235
1.989235
1.993553
1.993553
1.984203
1.984203
1.980031
1.980031
1.881486
1.881486
1.969735
1.969735
1.969537
1.969537
1.979133
1.979133
1.957792
1.957792
1.965979
1.965979
2.221484
2.221484
1.965265
1.965265
1.946546
1.946546
1.944256
1.944256
1.948584
1.948584
1.951246
1.951246
2.088647
2.088647
1.936128
1.936128
1.936136
1.936136
1.940768
1.940768
1.934726
1.934726
1.924885
1.924885
2.119291
2.119291
1.935737
1.935737
1.912776
1.912776
1.931037
1.931037
1.909570
1.909570
1.904741
1.904741
2.020035
2.020035
1.920395
1.920395
1.898216
1.898216
1.903683
1.903683
1.893515
1.893515
1.904017
1.904017
1.796222
1.796222
1.902223
1.902223
1.882433
1.882433
1.886047
1.886047
1.893844
1.893844
1.882712
1.882712
2.105750
2.105750
1.884090
1.884090
1.877651
1.877651
1.867818
1.867818
1.876433
1.876433
1.875069
1.875069
1.823433
1.823433
1.862158
1.862158
1.868362
1.868362
1.867744
1.867744
1.849992
1.849992
1.869103
1.869103
1.938644
1.938644
1.862916
1.862916
1.860115
1.860115
1.846227
1.846227
1.838640
1.838640
1.849923
1.849923
1.940555
1.940555
1.849045
1.849045
1.846455
1.846455
1.836982
1.836982
1.836151
1.836151
1.833099
1.833099
1.850023
1.850023
1.841154
1.841154
1.826785
1.826785
1.821403
1.821403
1.829624
1.829624
1.829828
1.829828
1.892307
1.892307
1.817549
1.817549
1.817420
1.817420
1.819918
1.819918
1.824915
1.824915
1.819852
1.819852
1.730049
1.730049
1.815281
1.815281
1.809192
1.809192
1.809380
1.809380
1.814526
1.814526
1.804483
1.804483
1.747961
1.747961
1.810132
1.810132
1.797718
1.797718
1.798883
1.798883
1.805538
1.805538
1.796318
1.796318
1.742949
1.742949
1.797988
1.797988
1.795441
1.795441
1.793897
1.793897
1.790268
1.790268
1.788641
1.788641
1.869638
1.869638
1.779512
1.779512
1.791144
1.791144
1.789119
1.789119
1.784021
1.784021
1.782864
1.782864
1.878274
1.878274
1.766926
1.766926
1.782934
1.782934
1.780274
1.780274
1.787733
1.787733
1.772303
1.772303
1.698288
1.698288
1.760034
1.760034
1.770684
1.770684
1.772032
1.772032
1.782899
1.782899
1.768249
1.768249
1.980116
1.980116
1.768253
1.768253
1.760616
1.760616
1.768369
1.768369
1.762841
1.762841
1.761109
1.761109
1.826455
1.826455
1.771454
1.771454
1.761248
1.761248
1.750544
1.750544
1.754821
1.754821
1.751306
1.751306
1.830667
1.830667
1.744073
1.744073
1.758499
1.758499
1.754154
1.754154
1.745200
1.745200
1.757026
1.757026
1.877345
1.877345
1.750980
1.750980
1.759027
1.759027
1.740517
1.740517
1.731976
1.731976
1.748252
1.748252
1.738129
1.738129
1.735481
1.735481
1.745434
1.745434
1.739156
1.739156
1.750561
1.750561
1.732269
1.732269
1.849863
1.849863
1.744358
1.744358
1.749388
1.749388
1.729300
1.729300
1.718466
1.718466
1.735484
1.735484
1.754460
1.754460
1.726259
1.726259
1.735321
1.735321
1.744107
1.744107
1.726723
1.726723
1.719833
1.719833
1.697097
1.697097
1.705408
1.705408
1.735438
1.735438
1.732228
1.732228
1.732582
1.732582
1.722585
1.722585
1.782413
1.782413
1.717140
1.717140
1.711019
1.711019
1.728204
1.728204
1.730736
1.730736
1.719107
1.719107
1.625805
1.625805
1.717014
1.717014
1.709342
1.709342
1.727490
1.727490
1.712804
1.712804
1.717290
1.717290
1.760390
1.760390
1.728427
1.728427
1.710962
1.710962
1.702988
1.702988
1.708441
1.708441
1.712796
1.712796
1.672134
1.672134
1.701276
1.701276
1.716719
1.716719
1.709408
1.709408
1.708099
1.708099
1.708467
1.708467
1.667694
1.667694
1.704006
1.704006
1.709319
1.709319
1.693542
1.693542
1.707475
1.707475
1.711188
1.711188
1.569892
1.569892
1.712202
1.712202
1.700298
1.700298
1.708185
1.708185
1.689463
1.689463
1.697140
1.697140
1.596523
1.596523
1.703808
1.703808
1.697378
1.697378
1.699257
1.699257
1.691641
1.691641
1.696109
1.696109
2.026714
2.026714
1.694485
1.694485
1.692839
1.692839
1.692910
1.692910
1.690413
1.690413
1.702530
1.702530
1.561930
1.561930
1.697192
1.697192
1.690466
1.690466
1.689305
1.689305
1.679442
1.679442
1.700633
1.700633
1.577460
1.577460
1.689385
1.689385
1.676587
1.676587
1.686580
1.686580
1.689960
1.689960
1.698051
1.698051
1.829057
1.829057
1.690776
1.690776
1.686408
1.686408
1.692266
1.692266
1.670112
1.670112
1.685835
1.685835
1.844689
1.844689
1.684472
1.684472
1.684646
1.684646
1.681073
1.681073
1.681672
1.681672
1.680495
1.680495
1.497727
1.497727
1.680882
1.680882
1.685726
1.685726
1.671413
1.671413
1.680482
1.680482
1.679608
1.679608
1.575593
1.575593
1.676578
1.676578
1.676549
1.676549
1.673128
1.673128
1.684778
1.684778
1.673606
1.673606
1.579912
1.579912
1.674659
1.674659
1.671107
1.671107
1.671608
1.671608
1.684185
1.684185
1.670056
1.670056
1.659329
1.659329
1.664097
1.664097
1.679770
1.679770
1.653952
1.653952
1.686550
1.686550
1.674932
1.674932
1.647723
1.647723
1.659417
1.659417
1.670244
1.670244
1.669391
1.669391
1.680853
1.680853
1.667031
1.667031
1.745510
1.745510
1.672408
1.672408
1.665026
1.665026
1.675357
1.675357
1.660184
1.660184
1.662301
1.662301
1.764860
1.764860
1.663650
1.663650
1.661755
1.661755
1.661999
1.661999
1.665180
1.665180
1.672161
1.672161
1.614739
1.614739
1.650902
1.650902
1.673819
1.673819
1.668207
1.668207
1.661073
1.661073
1.659782
1.659782
1.649504
1.649504
1.664771
1.664771
1.664048
1.664048
1.648656
1.648656
1.663308
1.663308
1.661812
1.661812
1.788942
1.788942
1.662336
1.662336
1.663403
1.663403
1.662731
1.662731
1.659753
1.659753
1.645040
1.645040
1.597135
1.597135
1.652831
1.652831
1.662364
1.662364
1.658710
1.658710
1.653441
1.653441
1.654870
1.654870
1.913089
1.913089
1.653085
1.653085
1.649771
1.649771
1.658083
1.658083
1.657323
1.657323
1.654804
1.654804
1.766071
1.766071
1.639891
1.639891
1.657305
1.657305
1.653855
1.653855
1.646204
1.646204
1.667453
1.667453
1.518392
1.518392
1.653161
1.653161
1.649288
1.649288
1.659747
1.659747
1.643696
1.643696
1.649492
1.649492
1.569792
1.569792
1.650758
1.650758
1.657688
1.657688
1.638948
1.638948
1.656527
1.656527
1.642772
1.642772
1.507089
1.507089
1.652455
1.652455
1.645049
1.645049
1.643571
1.643571
1.646527
1.646527
1.649472
1.649472
1.747624
1.747624
1.646782
1.646782
1.646878
1.646878
1.642044
1.642044
1.648665
1.648665
1.644887
1.644887
1.623429
1.623429
1.646079
1.646079
1.647731
1.647731
1.644886
1.644886
1.652421
1.652421
1.630157
1.630157
1.585272
1.585272
1.644456
1.644456
1.642294
1.642294
1.643129
1.643129
1.638120
1.638120
1.645072
1.645072
1.714147
1.714147
1.652179
1.652179
1.627698
1.627698
1.654681
1.654681
1.637328
1.637328
1.634469
1.634469
1.517254
1.517254
1.643922
1.643922
1.651010
1.651010
1.627354
1.627354
1.639424
1.639424
1.636914
1.636914
1.612708
1.612708
1.629518
1.629518
1.631741
1.631741
1.650046
1.650046
1.635346
1.635346
1.644533
1.644533
1.643570
1.643570
1.628682
1.628682
1.629439
1.629439
1.639121
1.639121
1.633528
1.633528
1.652595
1.652595
1.838252
1.838252
1.638178
1.638178
1.627705
1.627705
1.642949
1.642949
1.628210
1.628210
1.640208
1.640208
1.704065
1.704065
1.641605
1.641605
1.621928
1.621928
1.621794
1.621794
1.640646
1.640646
1.644763
1.644763
1.756819
1.756819
1.619080
1.619080
1.645160
1.645160
1.636217
1.636217
1.628753
1.628753
1.636243
1.636243
1.535696
1.535696
1.649690
1.649690
1.622553
1.622553
1.642758
1.642758
1.623383
1.623383
1.620026
1.620026
1.770841
1.770841
1.637636
1.637636
1.632219
1.632219
1.631825
1.631825
1.621592
1.621592
1.629921
1.629921
1.552414
1.552414
1.620218
1.620218
1.630486
1.630486
1.635313
1.635313
1.626627
1.626627
1.633924
1.633924
1.729565
1.729565
1.627411
1.627411
1.633463
1.633463
1.625874
1.625874
1.626287
1.626287
1.628615
1.628615
1.513175
1.513175
1.635228
1.635228
1.612418
1.612418
1.624010
1.624010
1.632008
1.632008
1.631860
1.631860
1.591274
1.591274
1.623296
1.623296
1.630490
1.630490
1.624537
1.624537
1.619013
1.619013
1.631888
1.631888
1.714843
1.714843
1.616754
1.616754
1.623738
1.623738
1.630645
1.630645
1.630566
1.630566
1.622012
1.622012
1.676035
1.676035
1.623200
1.623200
1.627144
1.627144
1.617466
1.617466
1.622491
1.622491
1.627647
1.627647
1.711705
1.711705
1.626730
1.626730
1.634687
1.634687
1.612743
1.612743
1.622289
1.622289
1.616906
1.616906
1.524719
1.524719
1.621798
1.621798
1.619995
1.619995
1.616189
1.616189
1.617652
1.617652
1.631952
1.631952
1.706043
1.706043
1.619836
1.619836
1.609371
1.609371
1.631721
1.631721
1.624590
1.624590
1.617443
1.617443
1.621094
1.621094
1.617513
1.617513
1.626382
1.626382
1.616696
1.616696
1.619342
1.619342
1.618026
1.618026
1.650639
1.650639
1.612486
1.612486
1.610790
1.610790
1.624500
1.624500
1.624917
1.624917
1.620482
1.620482
1.641621
1.641621
1.621641
1.621641
1.612544
1.612544
1.623237
1.623237
1.617978
1.617978
1.613702
1.613702
1.500174
1.500174
1.617478
1.617478
1.633284
1.633284
1.605285
1.605285
1.613441
1.613441
1.613697
1.613697
1.804016
1.804016
1.611251
1.611251
1.610355
1.610355
1.616445
1.616445
1.618446
1.618446
1.623067
1.623067
1.578876
1.578876
1.601401
1.601401
1.621781
1.621781
1.618759
1.618759
1.624592
1.624592
1.608385
1.608385
1.687421
1.687421
1.611452
1.611452
1.619810
1.619810
1.621267
1.621267
1.609626
1.609626
1.609437
1.609437
1.474093
1.474093
1.611522
1.611522
1.609176
1.609176
1.623527
1.623527
1.612329
1.612329
1.609463
1.609463
1.803237
1.803237
1.625161
1.625161
1.616706
1.616706
1.609975
1.609975
1.609899
1.609899
1.601273
1.601273
1.512344
1.512344
1.606788
1.606788
1.611806
1.611806
1.620334
1.620334
1.610374
1.610374
1.609610
1.609610
1.522754
1.522754
1.610868
1.610868
1.609934
1.609934
1.609014
1.609014
1.611427
1.611427
1.612969
1.612969
1.692683
1.692683
1.608741
1.608741
1.603233
1.603233
1.613189
1.613189
1.620553
1.620553
1.605167
1.605167
1.534551
1.534551
1.613936
1.613936
1.602417
1.602417
1.596385
1.596385
1.620298
1.620298
1.613773
1.613773
1.579181
1.579181
1.619901
1.619901
1.596515
1.596515
1.611607
1.611607
1.615053
1.615053
1.599262
1.599262
1.719693
1.719693
1.607804
1.607804
1.606609
1.606609
1.610144
1.610144
1.600810
1.600810
1.614101
1.614101
1.485074
1.485074
1.615973
1.615973
1.622440
1.622440
1.589819
1.589819
1.603951
1.603951
1.603191
1.603191
1.572708
1.572708
1.614727
1.614727
1.609416
1.609416
1.593497
1.593497
1.606431
1.606431
1.607113
1.607113
1.718640
1.718640
1.614226
1.614226
1.603398
1.603398
1.601131
1.601131
1.602645
1.602645
1.607265
1.607265
1.495937
1.495937
1.614709
1.614709
1.598891
1.598891
1.601389
1.601389
1.603549
1.603549
1.605657
1.605657
1.765053
1.765053
1.600674
1.600674
1.597716
1.597716
1.603478
1.603478
1.605756
1.605756
1.614142
1.614142
1.546654
1.546654
1.599527
1.599527
1.593507
1.593507
1.607587
1.607587
1.612816
1.612816
1.605282
1.605282
1.492052
1.492052
1.595118
1.595118
1.608557
1.608557
1.601698
1.601698
1.609522
1.609522
1.600737
1.600737
1.474295
1.474295
1.598345
1.598345
1.608463
1.608463
1.595608
1.595608
1.599802
1.599802
1.608853
1.608853
1.829760
1.829760
1.605636
1.605636
1.593646
1.593646
1.591951
1.591951
1.611726
1.611726
1.605692
1.605692
1.667440
1.667440
1.606169
1.606169
1.591646
1.591646
1.601542
1.601542
1.599021
1.599021
1.607491
1.607491
1.618067
1.618067
1.604732
1.604732
1.609679
1.609679
1.586018
1.586018
1.608274
1.608274
1.594734
1.594734
1.492560
1.492560
1.597393
1.597393
1.607557
1.607557
1.584162
1.584162
1.606571
1.606571
1.604507
1.604507
1.567107
1.567107
1.597033
1.597033
1.594934
1.594934
1.600544
1.600544
1.591890
1.591890
1.612429
1.612429
1.678935
1.678935
1.603251
1.603251
1.599549
1.599549
1.596893
1.596893
1.593877
1.593877
1.601090
1.601090
1.483763
1.483763
1.601067
1.601067
1.595730
1.595730
1.593665
1.593665
1.605887
1.605887
1.595497
1.595497
1.474006
1.474006
1.587935
1.587935
1.598940
1.598940
1.610044
1.610044
1.592840
1.592840
1.597783
1.597783
1.819269
1.819269
1.606416
1.606416
1.590276
1.590276
1.595055
1.595055
1.595489
1.595489
1.598728
1.598728
1.509614
1.509614
1.605516
1.605516
1.596098
1.596098
1.584726
1.584726
1.592443
1.592443
1.604304
1.604304
1.557994
1.557994
1.591870
1.591870
1.604021
1.604021
1.582352
1.582352
1.594002
1.594002
1.608346
1.608346
1.496723
1.496723
1.597835
1.597835
1.589896
1.589896
1.599630
1.599630
1.610638
1.610638
1.579175
1.579175
1.712355
1.712355
1.595739
1.595739
1.594198
1.594198
1.595059
1.595059
1.592075
1.592075
1.598227
1.598227
1.539318
1.539318
1.585878
1.585878
1.608832
1.608832
1.589964
1.589964
1.599314
1.599314
1.588935
1.588935
1.528551
1.528551
1.603611
1.603611
1.590998
1.590998
1.586600
1.586600
1.593168
1.593168
1.596251
1.596251
1.510503
1.510503
1.589321
1.589321
1.589723
1.589723
1.604065
1.604065
1.594572
1.594572
1.590667
1.590667
1.489331
1.489331
1.594321
1.594321
1.585951
1.585951
1.597424
1.597424
1.600077
1.600077
1.587125
1.587125
1.772698
1.772698
1.602181
1.602181
1.572594
1.572594
1.584440
1.584440
1.598472
1.598472
1.605179
1.605179
1.717483
1.717483
1.596702
1.596702
1.593949
1.593949
1.587712
1.587712
1.586257
1.586257
1.596772
1.596772
1.509671
1.509671
1.591704
1.591704
1.602934
1.602934
1.589650
1.589650
1.586266
1.586266
1.587627
1.587627
1.741617
1.741617
1.596519
1.596519
1.593170
1.593170
1.588806
1.588806
1.589581
1.589581
1.587680
1.587680
1.791378
1.791378
1.583081
1.583081
1.598436
1.598436
1.601493
1.601493
1.581465
1.581465
1.590125
1.590125
1.546654
1.546654
1.589094
1.589094
1.593479
1.593479
1.588696
1.588696
1.594848
1.594848
1.586218
1.586218
1.574285
1.574285
1.578872
1.578872
1.596150
1.596150
1.598484
1.598484
1.595747
1.595747
1.581201
1.581201
1.530509
1.530509
1.580169
1.580169
1.587874
1.587874
1.595806
1.595806
1.586208
1.586208
1.597977
1.597977
1.607548
1.607548
1.590470
1.590470
1.592899
1.592899
1.578725
1.578725
1.597134
1.597134
1.587150
1.587150
1.486781
1.486781
1.583756
1.583756
1.587475
1.587475
1.590941
1.590941
1.589523
1.589523
1.592577
1.592577
1.472392
1.472392
1.580017
1.580017
1.588903
1.588903
1.587439
1.587439
1.592287
1.592287
1.593378
1.593378
1.489812
1.489812
1.580382
1.580382
1.584351
1.584351
1.595862
1.595862
1.582820
1.582820
1.595569
1.595569
1.693238
1.693238
1.585027
1.585027
1.585548
1.585548
1.590373
1.590373
1.579953
1.579953
1.595350
1.595350
1.824431
1.824431
1.577727
1.577727
1.588312
1.588312
1.590890
1.590890
1.586012
1.586012
1.592371
1.592371
1.591437
1.591437
1.581222
1.581222
1.596389
1.596389
1.580459
1.580459
1.597072
1.597072
1.578900
1.578900
1.568563
1.568563
1.579452
1.579452
1.584120
1.584120
1.587237
1.587237
1.591131
1.591131
1.590730
1.590730
1.503493
1.503493
1.579993
1.579993
1.588675
1.588675
1.583370
1.583370
1.589249
1.589249
1.589004
1.589004
1.601172
1.601172
1.589409
1.589409
1.578309
1.578309
1.576376
1.576376
1.592413
1.592413
1.590934
1.590934
1.805217
1.805217
1.570843
1.570843
1.577670
1.577670
1.595606
1.595606
1.592099
1.592099
1.589160
1.589160
1.841108
1.841108
1.579474
1.579474
1.591715
1.591715
1.572146
1.572146
1.592770
1.592770
1.588133
1.588133
1.658835
1.658835
1.583802
1.583802
1.597240
1.597240
1.581594
1.581594
1.577161
1.577161
1.583421
1.583421
1.465013
1.465013
1.588749
1.588749
1.589762
1.589762
1.572931
1.572931
1.592841
1.592841
1.577144
1.577144
1.475895
1.475895
1.585991
1.585991
1.580277
1.580277
1.585877
1.585877
1.590819
1.590819
1.575759
1.575759
1.687436
1.687436
1.573850
1.573850
1.586121
1.586121
1.586519
1.586519
1.589845
1.589845
1.581196
1.581196
1.491207
1.491207
1.586381
1.586381
1.591938
1.591938
1.583732
1.583732
1.577073
1.577073
1.576457
1.576457
1.498399
1.498399
1.581629
1.581629
1.577892
1.577892
1.581788
1.581788
1.590146
1.590146
1.582337
1.582337
1.470880
1.470880
1.581681
1.581681
1.587862
1.587862
1.579474
1.579474
1.577215
1.577215
1.585308
1.585308
1.578773
1.578773
1.581993
1.581993
1.580874
1.580874
1.584983
1.584983
1.576545
1.576545
1.584539
1.584539
1.781428
1.781428
1.578044
1.578044
1.572341
1.572341
1.579407
1.579407
1.582429
1.582429
1.596200
1.596200
1.497392
1.497392
1.593157
1.593157
1.577206
1.577206
1.576848
1.576848
1.581839
1.581839
1.577110
1.577110
1.637231
1.637231
1.594035
1.594035
1.581639
1.581639
1.584340
1.584340
1.569771
1.569771
1.574848
1.574848
1.595973
1.595973
1.573540
1.573540
1.579307
1.579307
1.585256
1.585256
1.584560
1.584560
1.580917
1.580917
1.472726
1.472726
1.569928
1.569928
1.584079
1.584079
1.571340
1.571340
1.583919
1.583919
1.592338
1.592338
1.579371
1.579371
1.581639
1.581639
1.578974
1.578974
1.570935
1.570935
1.581717
1.581717
1.587190
1.587190
1.485009
1.485009
1.580639
1.580639
1.570984
1.570984
1.585699
1.585699
1.583722
1.583722
1.577823
1.577823
1.490994
1.490994
1.578380
1.578380
1.584077
1.584077
1.577006
1.577006
1.576392
1.576392
1.580193
1.580193
1.781487
1.781487
1.594828
1.594828
1.582858
1.582858
1.570429
1.570429
1.572996
1.572996
1.574300
1.574300
1.530093
1.530093
1.584692
1.584692
1.568116
1.568116
1.594565
1.594565
1.580673
1.580673
1.565781
1.565781
1.552226
1.552226
1.576468
1.576468
1.577212
1.577212
1.578905
1.578905
1.583854
1.583854
1.576177
1.576177
1.475968
1.475968
1.576636
1.576636
1.583370
1.583370
1.585117
1.585117
1.570831
1.570831
1.574590
1.574590
1.619922
1.619922
1.577324
1.577324
1.584740
1.584740
1.573198
1.573198
1.565777
1.565777
1.587558
1.587558
1.734335
1.734335
1.573434
1.573434
1.582286
1.582286
1.584053
1.584053
1.585930
1.585930
1.562343
1.562343
1.507807
1.507807
1.579516
1.579516
1.587225
1.587225
1.571611
1.571611
1.569372
1.569372
1.578956
1.578956
1.477648
1.477648
1.587220
1.587220
1.568416
1.568416
1.570402
1.570402
1.587765
1.587765
1.570467
1.570467
1.705479
1.705479
1.594467
1.594467
1.560597
1.560597
1.578071
1.578071
1.573281
1.573281
1.576596
1.576596
1.652939
1.652939
1.589952
1.589952
1.568202
1.568202
1.579795
1.579795
1.573174
1.573174
1.571128
1.571128
1.523443
1.523443
1.577657
1.577657
1.575968
1.575968
1.573069
1.573069
1.579363
1.579363
1.574872
1.574872
1.539433
1.539433
1.579394
1.579394
1.580479
1.580479
1.561557
1.561557
1.574872
1.574872
1.582924
1.582924
1.653077
1.653077
1.572244
1.572244
1.587902
1.587902
1.575467
1.575467
1.564941
1.564941
1.577975
1.577975
1.530133
1.530133
1.586008
1.586008
1.568008
1.568008
1.576766
1.576766
1.569490
1.569490
1.577070
1.577070
1.527478
1.527478
1.581363
1.581363
1.570446
1.570446
1.577391
1.577391
1.573909
1.573909
1.572773
1.572773
1.591838
1.591838
1.582908
1.582908
1.565358
1.565358
1.575900
1.575900
1.574042
1.574042
1.576894
1.576894
1.484365
1.484365
1.565748
1.565748
1.575703
1.575703
1.580799
1.580799
1.571213
1.571213
1.579438
1.579438
1.714098
1.714098
1.572040
1.572040
1.578601
1.578601
1.577499
1.577499
1.571323
1.571323
1.572207
1.572207
1.686797
1.686797
1.573983
1.573983
1.577415
1.577415
1.571812
1.571812
1.573963
1.573963
1.573173
1.573173
1.668135
1.668135
1.569522
1.569522
1.574489
1.574489
1.581148
1.581148
1.582216
1.582216
1.562487
1.562487
1.462668
1.462668
1.566831
1.566831
1.579881
1.579881
1.580765
1.580765
1.573720
1.573720
1.566460
1.566460
1.692337
1.692337
1.586533
1.586533
1.557555
1.557555
1.568458
1.568458
1.567340
1.567340
1.587258
1.587258
1.485062
1.485062
1.565168
1.565168
1.575170
1.575170
1.571437
1.571437
1.576610
1.576610
1.576507
1.576507
1.716307
1.716307
1.572328
1.572328
1.571488
1.571488
1.577852
1.577852
1.570473
1.570473
1.572012
1.572012
1.578395
1.578395
1.572384
1.572384
1.572432
1.572432
1.570113
1.570113
1.573456
1.573456
1.574873
1.574873
1.477992
1.477992
1.575399
1.575399
1.563808
1.563808
1.577197
1.577197
1.569883
1.569883
1.575814
1.575814
1.472531
1.472531
1.584286
1.584286
1.561769
1.561769
1.566847
1.566847
1.579495
1.579495
1.568430
1.568430
1.487066
1.487066
1.579311
1.579311
1.569861
1.569861
1.571741
1.571741
1.563084
1.563084
1.574978
1.574978
1.640941
1.640941
1.558172
1.558172
1.575349
1.575349
1.570440
1.570440
1.580946
1.580946
1.573549
1.573549
1.467047
1.467047
1.582089
1.582089
1.568923
1.568923
1.563351
1.563351
1.573286
1.573286
1.569020
1.569020
1.622716
1.622716
1.566990
1.566990
1.565125
1.565125
1.575603
1.575603
1.566300
1.566300
1.582090
1.582090
1.476039
1.476039
1.580531
1.580531
1.568154
1.568154
1.567769
1.567769
1.565570
1.565570
1.572899
1.572899
1.489619
1.489619
1.584321
1.584321
1.567754
1.567754
1.565804
1.565804
1.565655
1.565655
1.569381
1.569381
1.695910
1.695910
1.573354
1.573354
1.570758
1.570758
1.569814
1.569814
1.570444
1.570444
1.568204
1.568204
1.486278
1.486278
1.562428
1.562428
1.567834
1.567834
1.572496
1.572496
1.571423
1.571423
1.576651
1.576651
1.631077
1.631077
1.572701
1.572701
1.565247
1.565247
1.560613
1.560613
1.579365
1.579365
1.571242
1.571242
1.792845
1.792845
1.555242
1.555242
1.567781
1.567781
1.580231
1.580231
1.566132
1.566132
1.580231
1.580231
1.465900
1.465900
1.584552
1.584552
1.571518
1.571518
1.549996
1.549996
1.556477
1.556477
1.585224
1.585224
1.741793
1.741793
1.559261
1.559261
1.565533
1.565533
1.568169
1.568169
1.572883
1.572883
1.582031
1.582031
1.490763
1.490763
1.568226
1.568226
1.565526
1.565526
1.571613
1.571613
1.567655
1.567655
1.574003
1.574003
1.471497
1.471497
1.562556
1.562556
1.567935
1.567935
1.562867
1.562867
1.571187
1.571187
1.581402
1.581402
1.468825
1.468825
1.582516
1.582516
1.561512
1.561512
1.570909
1.570909
1.571538
1.571538
1.558252
1.558252
1.494553
1.494553
1.567554
1.567554
1.564585
1.564585
1.570827
1.570827
1.574883
1.574883
1.565760
1.565760
1.487761
1.487761
1.556279
1.556279
1.577332
1.577332
1.568060
1.568060
1.560664
1.560664
1.579234
1.579234
1.721870
1.721870
1.565564
1.565564
1.569581
1.569581
1.575166
1.575166
1.563654
1.563654
1.566644
1.566644
1.706565
1.706565
1.575857
1.575857
1.563350
1.563350
1.569709
1.569709
1.569641
1.569641
1.561710
1.561710
1.530413
1.530413
1.579012
1.579012
1.550850
1.550850
1.580906
1.580906
1.554787
1.554787
1.573010
1.573010
1.703662
1.703662
1.567188
1.567188
1.583778
1.583778
1.562055
1.562055
1.562998
1.562998
1.562433
1.562433
1.487869
1.487869
1.567371
1.567371
1.573980
1.573980
1.561248
1.561248
1.563979
1.563979
1.570783
1.570783
1.495536
1.495536
1.573003
1.573003
1.578725
1.578725
1.550715
1.550715
1.568304
1.568304
1.565700
1.565700
1.464261
1.464261
1.567284
1.567284
1.575183
1.575183
1.561509
1.561509
1.564443
1.564443
1.566582
1.566582
1.575385
1.575385
1.570175
1.570175
1.564648
1.564648
1.575992
1.575992
1.553315
1.553315
1.570290
1.570290
1.503129
1.503129
1.564269
1.564269
1.569589
1.569589
1.563757
1.563757
1.561766
1.561766
1.573633
1.573633
1.655607
1.655607
1.570712
1.570712
1.573712
1.573712
1.560359
1.560359
1.561310
1.561310
1.566774
1.566774
1.489383
1.489383
1.556795
1.556795
1.572924
1.572924
1.575734
1.575734
1.562281
1.562281
1.564436
1.564436
1.476916
1.476916
1.571604
1.571604
1.568099
1.568099
1.572155
1.572155
1.561810
1.561810
1.557598
1.557598
1.476819
1.476819
1.570733
1.570733
1.563228
1.563228
1.581066
1.581066
1.565246
1.565246
1.549758
1.549758
1.533400
1.533400
1.564698
1.564698
1.569434
1.569434
1.559758
1.559758
1.561834
1.561834
1.573486
1.573486
1.501031
1.501031
1.563421
1.563421
1.574124
1.574124
1.559411
1.559411
1.562728
1.562728
1.568313
1.568313
1.578344
1.578344
1.564695
1.564695
1.556018
1.556018
1.575430
1.575430
1.565108
1.565108
1.565402
1.565402
1.684957
1.684957
1.566422
1.566422
1.567981
1.567981
1.556803
1.556803
1.572631
1.572631
1.562390
1.562390
1.576369
1.576369
1.556175
1.556175
1.571908
1.571908
1.574660
1.574660
1.562261
1.562261
1.560408
1.560408
1.560051
1.560051
1.565316
1.565316
1.570771
1.570771
1.567165
1.567165
1.556967
1.556967
1.564484
1.564484
1.514550
1.514550
1.563295
1.563295
1.566633
1.566633
1.566163
1.566163
1.557536
1.557536
1.570384
1.570384
1.464090
1.464090
1.563849
1.563849
1.567269
1.567269
1.575167
1.575167
1.561175
1.561175
1.555606
1.555606
1.468648
1.468648
1.562541
1.562541
1.562505
1.562505
1.558947
1.558947
1.567468
1.567468
1.570528
1.570528
1.501353
1.501353
1.564755
1.564755
1.559644
1.559644
1.564974
1.564974
1.565191
1.565191
1.565588
1.565588
1.727388
1.727388
1.555408
1.555408
1.559031
1.559031
1.566447
1.566447
1.570732
1.570732
1.567824
1.567824
1.674650
1.674650
1.561017
1.561017
1.563123
1.563123
1.552114
1.552114
1.574108
1.574108
1.568955
1.568955
1.497856
1.497856
1.571206
1.571206
1.562818
1.562818
1.557042
1.557042
1.568037
1.568037
1.559379
1.559379
1.510212
1.510212
1.563829
1.563829
1.563158
1.563158
1.551966
1.551966
1.561830
1.561830
1.576910
1.576910
1.474200
1.474200
1.564120
1.564120
1.567540
1.567540
1.557864
1.557864
1.564250
1.564250
1.562953
1.562953
1.474508
1.474508
1.549936
1.549936
1.561562
1.561562
1.556460
1.556460
1.574376
1.574376
1.573241
1.573241
1.525460
1.525460
1.560387
1.560387
1.568577
1.568577
1.568996
1.568996
1.563607
1.563607
1.553050
1.553050
1.555182
1.555182
1.564115
1.564115
1.564715
1.564715
1.563245
1.563245
1.556688
1.556688
1.565338
1.565338
1.479734
1.479734
1.557928
1.557928
1.558223
1.558223
1.560862
1.560862
1.564093
1.564093
1.572093
1.572093
1.487558
1.487558
1.564427
1.564427
1.550741
1.550741
1.567197
1.567197
1.561909
1.561909
1.568116
1.568116
1.470136
1.470136
1.557048
1.557048
1.557094
1.557094
1.565158
1.565158
1.563900
1.563900
1.568284
1.568284
1.464781
1.464781
1.556726
1.556726
1.553343
1.553343
1.571836
1.571836
1.571112
1.571112
1.556672
1.556672
1.682832
1.682832
1.568900
1.568900
1.562522
1.562522
1.563715
1.563715
1.554983
1.554983
1.559426
1.559426
1.491671
1.491671
1.566636
1.566636
1.566013
1.566013
1.558579
1.558579
1.562461
1.562461
1.554770
1.554770
1.540573
1.540573
1.562299
1.562299
1.565258
1.565258
1.559826
1.559826
1.566704
1.566704
1.553160
1.553160
1.627167
1.627167
1.555476
1.555476
1.571024
1.571024
1.549145
1.549145
1.566441
1.566441
1.564159
1.564159
1.674762
1.674762
1.569207
1.569207
1.558788
1.558788
1.554592
1.554592
1.567296
1.567296
1.555750
1.555750
1.627289
1.627289
1.558925
1.558925
1.557690
1.557690
1.567116
1.567116
1.566588
1.566588
1.554991
1.554991
1.514527
1.514527
1.564115
1.564115
1.571869
1.571869
1.550402
1.550402
1.563519
1.563519
1.554763
1.554763
1.496770
1.496770
1.558819
1.558819
1.567440
1.567440
1.547958
1.547958
1.569386
1.569386
1.559956
1.559956
1.568426
1.568426
1.567189
1.567189
1.559688
1.559688
1.550328
1.550328
1.565746
1.565746
1.559817
1.559817
1.571139
1.571139
1.560949
1.560949
1.559683
1.559683
1.560330
1.560330
1.560125
1.560125
1.561268
1.561268
1.490681
1.490681
1.551327
1.551327
1.569139
1.569139
1.562531
1.562531
1.563424
1.563424
1.555118
1.555118
1.505974
1.505974
1.556419
1.556419
1.558072
1.558072
1.553745
1.553745
1.557635
1.557635
1.574218
1.574218
1.662629
1.662629
1.561525
1.561525
1.560889
1.560889
1.566696
1.566696
1.559103
1.559103
1.551868
1.551868
1.469109
1.469109
1.565822
1.565822
1.561809
1.561809
1.552414
1.552414
1.557255
1.557255
1.561848
1.561848
1.496294
1.496294
1.563623
1.563623
1.551156
1.551156
1.566649
1.566649
1.560239
1.560239
1.555965
1.555965
1.676056
1.676056
1.550398
1.550398
1.565503
1.565503
1.562514
1.562514
1.557466
1.557466
1.561080
1.561080
1.646231
1.646231
1.551629
1.551629
1.554507
1.554507
1.562932
1.562932
1.562040
1.562040
1.565134
1.565134
1.645803
1.645803
1.559189
1.559189
1.572966
1.572966
1.552456
1.552456
1.558045
1.558045
1.552864
1.552864
1.667624
1.667624
1.551636
1.551636
1.564962
1.564962
1.559294
1.559294
1.560493
1.560493
1.557741
1.557741
1.866646
1.866646
1.566724
1.566724
1.553959
1.553959
1.558461
1.558461
1.563440
1.563440
1.551165
1.551165
1.814597
1.814597
1.563050
1.563050
1.560127
1.560127
1.559074
1.559074
1.554306
1.554306
1.558033
1.558033
1.477171
1.477171
1.555500
1.555500
1.565726
1.565726
1.554804
1.554804
1.563152
1.563152
1.553865
1.553865
1.720998
1.720998
1.552164
1.552164
1.564654
1.564654
1.559477
1.559477
1.555248
1.555248
1.561486
1.561486
1.555411
1.555411
1.557687
1.557687
1.562335
1.562335
1.559486
1.559486
1.563924
1.563924
1.549354
1.549354
1.461665
1.461665
1.564572
1.564572
1.555873
1.555873
1.555355
1.555355
1.549110
1.549110
1.566624
1.566624
1.593916
1.593916
1.563715
1.563715
1.555082
1.555082
1.558687
1.558687
1.550342
1.550342
1.561964
1.561964
1.855105
1.855105
1.554464
1.554464
1.547413
1.547413
1.562878
1.562878
1.559843
1.559843
1.565987
1.565987
1.509849
1.509849
1.557419
1.557419
1.552908
1.552908
1.555340
1.555340
1.563200
1.563200
1.561237
1.561237
1.474722
1.474722
1.554076
1.554076
1.558052
1.558052
1.552219
1.552219
1.561848
1.561848
1.562242
1.562242
1.709627
1.709627
1.562785
1.562785
1.564106
1.564106
1.557282
1.557282
1.551394
1.551394
1.551973
1.551973
1.752350
1.752350
1.562879
1.562879
1.559134
1.559134
1.551982
1.551982
1.554946
1.554946
1.558971
1.558971
1.483344
1.483344
1.546636
1.546636
1.565645
1.565645
1.555707
1.555707
1.558933
1.558933
1.560336
1.560336
1.488586
1.488586
1.551915
1.551915
1.553652
1.553652
1.564129
1.564129
1.559959
1.559959
1.556995
1.556995
1.474158
1.474158
1.562018
1.562018
1.563220
1.563220
1.558041
1.558041
1.541235
1.541235
1.561194
1.561194
1.523273
1.523273
1.561016
1.561016
1.555728
1.555728
1.550519
1.550519
1.556845
1.556845
1.561127
1.561127
1.476352
1.476352
1.558255
1.558255
1.555609
1.555609
1.543321
1.543321
1.570983
1.570983
1.555427
1.555427
1.735685
1.735685
1.561578
1.561578
1.558099
1.558099
1.554073
1.554073
1.552767
1.552767
1.556641
1.556641
1.716870
1.716870
1.558834
1.558834
1.551007
1.551007
1.559786
1.559786
1.553643
1.553643
1.560459
1.560459
1.474782
1.474782
1.567746
1.567746
1.563163
1.563163
1.542898
1.542898
1.544062
1.544062
1.563711
1.563711
1.861205
1.861205
1.556381
1.556381
1.550207
1.550207
1.558163
1.558163
1.560750
1.560750
1.555766
1.555766
1.805574
1.805574
1.554343
1.554343
1.551865
1.551865
1.554635
1.554635
1.564836
1.564836
1.556589
1.556589
1.477147
1.477147
1.550960
1.550960
1.564399
1.564399
1.553301
1.553301
1.555122
1.555122
1.558144
1.558144
1.467406
1.467406
1.562200
1.562200
1.556510
1.556510
1.557462
1.557462
1.551913
1.551913
1.551843
1.551843
1.818989
1.818989
1.560936
1.560936
1.554452
1.554452
1.557744
1.557744
1.558635
1.558635
1.548894
1.548894
1.484343
1.484343
1.546505
1.546505
1.561864
1.561864
1.555710
1.555710
1.558544
1.558544
1.557527
1.557527
1.466550
1.466550
1.551054
1.551054
1.557038
1.557038
1.556084
1.556084
1.549959
1.549959
1.564303
1.564303
1.721347
1.721347
1.556072
1.556072
1.554132
1.554132
1.556387
1.556387
1.550024
1.550024
1.562084
1.562084
1.523319
1.523319
1.554497
1.554497
1.553975
1.553975
1.547415
1.547415
1.557821
1.557821
1.564473
1.564473
1.561876
1.561876
1.540091
1.540091
1.552404
1.552404
1.555652
1.555652
1.560855
1.560855
1.568840
1.568840
1.509473
1.509473
1.555786
1.555786
1.548670
1.548670
1.555811
1.555811
1.563768
1.563768
1.553066
1.553066
1.517220
1.517220
1.555138
1.555138
1.561162
1.561162
1.551432
1.551432
1.557364
1.557364
1.550507
1.550507
1.690945
1.690945
1.561946
1.561946
1.540213
1.540213
1.558092
1.558092
1.553349
1.553349
1.561168
1.561168
1.699739
1.699739
1.556754
1.556754
1.548823
1.548823
1.556891
1.556891
1.562404
1.562404
1.550071
1.550071
1.463201
1.463201
1.551017
1.551017
1.552391
1.552391
1.554312
1.554312
1.557032
1.557032
1.559384
1.559384
1.473528
1.473528
1.552153
1.552153
1.555724
1.555724
1.550571
1.550571
1.554654
1.554654
1.560130
1.560130
1.510424
1.510424
1.552144
1.552144
1.555375
1.555375
1.548053
1.548053
1.559068
1.559068
1.557974
1.557974
1.485208
1.485208
1.567160
1.567160
1.553045
1.553045
1.550892
1.550892
1.551431
1.551431
1.548561
1.548561
1.703323
1.703323
1.561934
1.561934
1.554885
1.554885
1.542802
1.542802
1.559944
1.559944
1.551744
1.551744
1.465241
1.465241
1.554928
1.554928
1.555594
1.555594
1.559813
1.559813
1.546524
1.546524
1.553689
1.553689
1.468753
1.468753
1.548449
1.548449
1.554421
1.554421
1.551423
1.551423
1.556632
1.556632
1.558815
1.558815
1.487044
1.487044
1.554360
1.554360
1.550221
1.550221
1.556834
1.556834
1.553664
1.553664
1.552370
1.552370
1.881552
1.881552
1.551783
1.551783
1.544504
1.544504
1.557575
1.557575
1.550149
1.550149
1.564426
1.564426
1.485583
1.485583
1.555873
1.555873
1.559038
1.559038
1.554477
1.554477
1.547876
1.547876
1.549651
1.549651
1.740862
1.740862
1.549759
1.549759
1.548917
1.548917
1.555593
1.555593
1.555598
1.555598
1.557500
1.557500
1.481752
1.481752
1.548846
1.548846
1.549172
1.549172
1.560038
1.560038
1.556204
1.556204
1.552421
1.552421
1.499517
1.499517
1.554760
1.554760
1.555534
1.555534
1.550763
1.550763
1.555279
1.555279
1.549697
1.549697
1.492111
1.492111
1.543693
1.543693
1.553395
1.553395
1.562828
1.562828
1.550730
1.550730
1.554664
1.554664
1.495637
1.495637
1.556185
1.556185
1.554163
1.554163
1.557792
1.557792
1.540041
1.540041
1.556313
1.556313
1.523709
1.523709
1.552366
1.552366
1.551430
1.551430
1.550604
1.550604
1.551424
1.551424
1.558223
1.558223
1.467685
1.467685
1.544105
1.544105
1.552021
1.552021
1.552283
1.552283
1.548741
1.548741
1.566126
1.566126
1.487623
1.487623
1.550462
1.550462
1.553255
1.553255
1.561487
1.561487
1.547773
1.547773
1.549124
1.549124
1.612665
1.612665
1.547583
1.547583
1.562313
1.562313
1.554780
1.554780
1.552608
1.552608
1.544856
1.544856
1.476315
1.476315
1.563569
1.563569
1.548435
1.548435
1.557125
1.557125
1.540182
1.540182
1.552300
1.552300
1.484900
1.484900
1.555409
1.555409
1.548682
1.548682
1.543329
1.543329
1.558034
1.558034
1.555597
1.555597
1.479427
1.479427
1.548608
1.548608
1.552390
1.552390
1.545523
1.545523
1.554966
1.554966
1.557927
1.557927
1.726426
1.726426
1.552723
1.552723
1.550795
1.550795
1.555017
1.555017
1.551119
1.551119
1.550072
1.550072
1.481252
1.481252
1.552490
1.552490
1.553848
1.553848
1.549194
1.549194
1.547397
1.547397
1.556069
1.556069
1.505913
1.505913
1.546408
1.546408
1.545897
1.545897
1.559099
1.559099
1.551932
1.551932
1.554617
1.554617
1.623644
1.623644
1.548898
1.548898
1.550320
1.550320
1.554139
1.554139
1.554132
1.554132
1.549900
1.549900
1.650827
1.650827
1.538075
1.538075
1.545892
1.545892
1.544550
1.544550
1.565033
1.565033
1.564175
1.564175
1.469917
1.469917
1.549510
1.549510
1.550611
1.550611
1.556505
1.556505
1.548672
1.548672
1.551921
1.551921
1.492556
1.492556
1.551435
1.551435
1.551253
1.551253
1.544920
1.544920
1.553797
1.553797
1.555344
1.555344
1.471709
1.471709
1.556998
1.556998
1.557664
1.557664
1.540452
1.540452
1.559455
1.559455
1.541579
1.541579
1.465973
1.465973
1.550542
1.550542
1.555427
1.555427
1.547414
1.547414
1.548957
1.548957
1.553154
1.553154
1.469733
1.469733
1.548486
1.548486
1.547189
1.547189
1.555556
1.555556
1.558232
1.558232
1.545434
1.545434
1.465063
1.465063
1.556558
1.556558
1.549851
1.549851
1.547366
1.547366
1.548474
1.548474
1.551555
1.551555
1.591377
1.591377
1.550233
1.550233
1.550269
1.550269
1.545495
1.545495
1.551366
1.551366
1.556476
1.556476
1.463938
1.463938
1.546048
1.546048
1.553413
1.553413
1.546980
1.546980
1.556152
1.556152
1.550819
1.550819
1.486922
1.486922
1.534799
1.534799
1.555481
1.555481
1.557917
1.557917
1.554046
1.554046
1.550784
1.550784
1.464568
1.464568
1.553840
1.553840
1.556012
1.556012
1.535155
1.535155
1.562384
1.562384
1.544837
1.544837
1.531431
1.531431
1.547757
1.547757
1.542786
1.542786
1.553779
1.553779
1.559925
1.559925
1.546612
1.546612
1.745529
1.745529
1.546298
1.546298
1.548968
1.548968
1.550424
1.550424
1.555040
1.555040
1.550713
1.550713
1.475693
1.475693
1.552658
1.552658
1.548803
1.548803
1.550829
1.550829
1.540101
1.540101
1.557593
1.557593
1.704285
1.704285
1.547802
1.547802
1.552561
1.552561
1.551064
1.551064
1.551703
1.551703
1.547249
1.547249
1.467493
1.467493
1.549536
1.549536
1.549081
1.549081
1.552622
1.552622
1.553144
1.553144
1.545312
1.545312
1.497616
1.497616
1.557638
1.557638
1.549185
1.549185
1.551966
1.551966
1.546663
1.546663
1.543374
1.543374
1.577954
1.577954
1.558390
1.558390
1.546786
1.546786
1.543085
1.543085
1.542005
1.542005
1.558083
1.558083
1.579041
1.579041
1.543006
1.543006
1.541800
1.541800
1.553027
1.553027
1.553260
1.553260
1.556781
1.556781
1.626686
1.626686
1.560274
1.560274
1.548920
1.548920
1.552585
1.552585
1.547994
1.547994
1.538238
1.538238
1.537757
1.537757
1.546176
1.546176
1.545594
1.545594
1.549639
1.549639
1.553482
1.553482
1.552735
1.552735
1.568779
1.568779
1.548084
1.548084
1.544576
1.544576
1.550629
1.550629
1.560244
1.560244
1.544118
1.544118
1.491058
1.491058
1.544261
1.544261
1.548359
1.548359
1.561928
1.561928
1.548949
1.548949
1.543042
1.543042
1.694822
1.694822
1.553337
1.553337
1.550140
1.550140
1.556731
1.556731
1.544566
1.544566
1.541454
1.541454
1.700553
1.700553
1.549216
1.549216
1.543815
1.543815
1.545891
1.545891
1.553963
1.553963
1.553943
1.553943
1.507946
1.507946
1.551200
1.551200
1.544658
1.544658
1.556813
1.556813
1.544871
1.544871
1.548958
1.548958
1.519859
1.519859
1.552861
1.552861
1.556239
1.556239
1.537538
1.537538
1.554909
1.554909
1.543978
1.543978
1.661526
1.661526
1.556903
1.556903
1.546884
1.546884
1.539789
1.539789
1.553758
1.553758
1.548121
1.548121
1.565909
1.565909
1.543874
1.543874
1.552073
1.552073
1.547182
1.547182
1.555538
1.555538
1.546062
1.546062
1.632476
1.632476
1.542472
1.542472
1.555508
1.555508
1.548189
1.548189
1.545126
1.545126
1.553719
1.553719
1.462228
1.462228
1.550856
1.550856
1.547369
1.547369
1.559042
1.559042
1.543199
1.543199
1.543824
1.543824
1.548840
1.548840
1.541950
1.541950
1.555063
1.555063
1.545604
1.545604
1.553640
1.553640
1.547702
1.547702
1.515540
1.515540
1.544693
1.544693
1.544599
1.544599
1.553494
1.553494
1.552448
1.552448
1.548543
1.548543
1.465175
1.465175
1.547354
1.547354
1.543201
1.543201
1.549396
1.549396
1.549194
1.549194
1.552954
1.552954
1.792998
1.792998
1.556715
1.556715
1.542350
1.542350
1.544106
1.544106
1.550338
1.550338
1.548826
1.548826
1.624999
1.624999
1.546470
1.546470
1.546986
1.546986
1.553409
1.553409
1.548604
1.548604
1.547116
1.547116
1.468143
1.468143
1.548426
1.548426
1.541865
1.541865
1.553560
1.553560
1.557487
1.557487
1.539824
1.539824
1.722172
1.722172
1.554309
1.554309
1.543502
1.543502
1.536459
1.536459
1.551273
1.551273
1.556051
1.556051
1.497382
1.497382
1.548238
1.548238
1.555329
1.555329
1.540574
1.540574
1.550493
1.550493
1.546513
1.546513
1.477331
1.477331
1.552866
1.552866
1.549356
1.549356
1.551527
1.551527
1.540409
1.540409
1.546502
1.546502
1.468929
1.468929
1.548398
1.548398
1.547952
1.547952
1.546229
1.546229
1.547127
1.547127
1.550367
1.550367
1.478203
1.478203
1.547743
1.547743
1.554403
1.554403
1.541508
1.541508
1.550881
1.550881
1.544635
1.544635
1.555428
1.555428
1.551650
1.551650
1.542477
1.542477
1.550034
1.550034
1.543648
1.543648
1.550223
1.550223
1.709826
1.709826
1.547213
1.547213
1.540287
1.540287
1.554664
1.554664
1.548796
1.548796
1.547455
1.547455
1.483361
1.483361
1.550107
1.550107
1.549972
1.549972
1.555380
1.555380
1.538689
1.538689
1.542800
1.542800
1.715745
1.715745
1.549829
1.549829
1.547929
1.547929
1.550527
1.550527
1.538898
1.538898
1.550109
1.550109
1.493346
1.493346
1.545030
1.545030
1.552041
1.552041
1.543938
1.543938
1.552738
1.552738
1.543010
1.543010
1.490494
1.490494
1.548690
1.548690
1.545463
1.545463
1.549423
1.549423
1.549686
1.549686
1.543008
1.543008
1.485553
1.485553
1.540923
1.540923
1.546761
1.546761
1.549873
1.549873
1.557207
1.557207
1.541118
1.541118
1.464989
1.464989
1.553679
1.553679
1.543368
1.543368
1.537249
1.537249
1.549073
1.549073
1.552031
1.552031
1.475301
1.475301
1.555709
1.555709
1.549241
1.549241
1.540679
1.540679
1.538616
1.538616
1.549760
1.549760
1.713035
1.713035
1.550005
1.550005
1.545430
1.545430
1.534638
1.534638
1.555524
1.555524
1.548765
1.548765
1.507419
1.507419
1.540157
1.540157
1.546781
1.546781
1.549035
1.549035
1.545721
1.545721
1.552320
1.552320
1.471504
1.471504
1.549663
1.549663
1.552201
1.552201
1.548657
1.548657
1.535058
1.535058
1.547423
1.547423
1.608897
1.608897
1.539371
1.539371
1.555039
1.555039
1.547990
1.547990
1.544077
1.544077
1.546609
1.546609
1.492118
1.492118
1.553097
1.553097
1.538056
1.538056
1.547895
1.547895
1.536483
1.536483
1.556284
1.556284
1.733972
1.733972
1.554666
1.554666
1.551210
1.551210
1.553157
1.553157
1.536046
1.536046
1.537232
1.537232
1.513481
1.513481
1.543867
1.543867
1.556518
1.556518
1.546636
1.546636
1.544410
1.544410
1.540546
1.540546
1.480647
1.480647
1.552357
1.552357
1.546082
1.546082
1.540473
1.540473
1.541855
1.541855
1.550601
1.550601
1.524088
1.524088
1.540803
1.540803
1.542797
1.542797
1.550294
1.550294
1.548898
1.548898
1.548448
1.548448
1.462559
1.462559
1.539691
1.539691
1.549634
1.549634
1.543873
1.543873
1.548144
1.548144
1.548756
1.548756
1.662240
1.662240
1.542427
1.542427
1.547406
1.547406
1.550750
1.550750
1.543435
1.543435
1.546558
1.546558
1.476116
1.476116
1.539137
1.539137
1.539659
1.539659
1.551545
1.551545
1.554559
1.554559
1.545344
1.545344
1.493287
1.493287
1.554815
1.554815
1.539372
1.539372
1.548891
1.548891
1.546947
1.546947
1.539044
1.539044
1.679856
1.679856
1.549408
1.549408
1.536363
1.536363
1.549507
1.549507
1.545555
1.545555
1.548495
1.548495
1.511272
1.511272
1.548030
1.548030
1.545660
1.545660
1.539341
1.539341
1.549488
1.549488
1.546570
1.546570
1.474054
1.474054
1.550712
1.550712
1.547290
1.547290
1.540163
1.540163
1.542940
1.542940
1.547558
1.547558
1.493516
1.493516
1.536448
1.536448
1.549575
1.549575
1.552564
1.552564
1.546506
1.546506
1.543242
1.543242
1.485378
1.485378
1.549044
1.549044
1.548790
1.548790
1.548153
1.548153
1.548435
1.548435
1.533581
1.533581
1.468677
1.468677
1.553053
1.553053
1.545075
1.545075
1.536004
1.536004
1.547971
1.547971
1.545012
1.545012
1.579374
1.579374
1.549177
1.549177
1.543403
1.543403
1.546664
1.546664
1.541806
1.541806
1.545259
1.545259
1.687936
1.687936
1.543559
1.543559
1.550606
1.550606
1.538942
1.538942
1.553529
1.553529
1.540148
1.540148
1.503929
1.503929
1.542290
1.542290
1.544860
1.544860
1.543596
1.543596
1.549515
1.549515
1.546371
1.546371
1.479468
1.479468
1.544860
1.544860
1.538396
1.538396
1.551176
1.551176
1.544984
1.544984
1.545807
1.545807
1.735390
1.735390
1.528385
1.528385
1.556387
1.556387
1.551484
1.551484
1.550108
1.550108
1.539038
1.539038
1.596111
1.596111
1.544823
1.544823
1.537820
1.537820
1.544341
1.544341
1.550942
1.550942
1.547633
1.547633
1.480640
1.480640
1.539123
1.539123
1.554443
1.554443
1.539947
1.539947
1.540058
1.540058
1.551797
1.551797
1.462639
1.462639
1.549817
1.549817
1.542919
1.542919
1.534922
1.534922
1.559505
1.559505
1.537729
1.537729
1.484402
1.484402
1.532382
1.532382
1.550422
1.550422
1.545804
1.545804
1.548833
1.548833
1.546897
1.546897
1.531858
1.531858
1.546371
1.546371
1.551316
1.551316
1.539507
1.539507
1.543332
1.543332
1.543677
1.543677
1.486380
1.486380
1.545770
1.545770
1.542843
1.542843
1.536094
1.536094
1.553767
1.553767
1.545262
1.545262
1.518031
1.518031
1.540554
1.540554
1.546001
1.546001
1.545107
1.545107
1.538627
1.538627
1.553082
1.553082
1.519314
1.519314
1.536430
1.536430
1.536885
1.536885
1.538513
1.538513
1.557367
1.557367
1.554050
1.554050
1.465088
1.465088
1.550715
1.550715
1.542887
1.542887
1.551927
1.551927
1.540233
1.540233
1.537098
1.537098
1.483821
1.483821
1.547102
1.547102
1.535778
1.535778
1.550137
1.550137
1.541344
1.541344
1.546993
1.546993
1.778023
1.778023
1.539817
1.539817
1.538363
1.538363
1.541456
1.541456
1.538644
1.538644
1.564045
1.564045
1.489585
1.489585
1.538004
1.538004
1.547655
1.547655
1.546384
1.546384
1.541938
1.541938
1.548267
1.548267
1.470547
1.470547
1.538765
1.538765
1.552862
1.552862
1.545484
1.545484
1.542884
1.542884
1.541477
1.541477
1.580422
1.580422
1.543039
1.543039
1.538382
1.538382
1.543797
1.543797
1.551772
1.551772
1.543687
1.543687
1.693586
1.693586
1.542834
1.542834
1.551403
1.551403
1.545709
1.545709
1.539147
1.539147
1.542178
1.542178
1.478899
1.478899
1.548711
1.548711
1.544631
1.544631
1.543404
1.543404
1.539515
1.539515
1.544686
1.544686
1.482657
1.482657
1.534499
1.534499
1.547353
1.547353
1.541452
1.541452
1.548027
1.548027
1.549249
1.549249
1.487046
1.487046
1.548775
1.548775
1.549296
1.549296
1.542859
1.542859
1.538688
1.538688
1.540542
1.540542
1.500901
1.500901
1.546978
1.546978
1.540160
1.540160
1.539356
1.539356
1.543650
1.543650
1.549726
1.549726
1.478611
1.478611
1.542866
1.542866
1.553740
1.553740
1.539720
1.539720
1.537876
1.537876
1.545261
1.545261
1.494193
1.494193
1.543911
1.543911
1.554757
1.554757
1.541509
1.541509
1.535088
1.535088
1.543766
1.543766
1.508088
1.508088
1.536767
1.536767
1.547274
1.547274
1.542711
1.542711
1.540692
1.540692
1.550590
1.550590
1.666414
1.666414
1.547849
1.547849
1.542772
1.542772
1.546005
1.546005
1.539054
1.539054
1.542567
1.542567
1.524680
1.524680
1.548662
1.548662
1.545510
1.545510
1.544508
1.544508
1.541192
1.541192
1.538177
1.538177
1.488672
1.488672
1.543557
1.543557
1.543809
1.543809
1.547412
1.547412
1.540570
1.540570
1.542425
1.542425
1.462051
1.462051
1.541248
1.541248
1.540349
1.540349
1.543915
1.543915
1.539310
1.539310
1.552447
1.552447
1.487813
1.487813
1.544755
1.544755
1.540716
1.540716
1.543263
1.543263
1.548337
1.548337
1.538142
1.538142
1.893980
1.893980
1.539044
1.539044
1.543835
1.543835
1.537213
1.537213
1.556886
1.556886
1.539579
1.539579
1.470052
1.470052
1.545691
1.545691
1.551421
1.551421
1.537536
1.537536
1.538090
1.538090
1.543516
1.543516
1.475333
1.475333
1.546171
1.546171
1.538703
1.538703
1.536552
1.536552
1.551108
1.551108
1.543386
1.543386
1.467525
1.467525
1.541602
1.541602
1.539375
1.539375
1.545046
1.545046
1.542996
1.542996
1.546261
1.546261
1.526945
1.526945
1.549011
1.549011
1.538954
1.538954
1.534736
1.534736
1.550671
1.550671
1.541534
1.541534
1.553782
1.553782
1.532887
1.532887
1.534137
1.534137
1.544104
1.544104
1.551701
1.551701
1.552102
1.552102
1.502818
1.502818
1.550282
1.550282
1.546329
1.546329
1.536769
1.536769
1.541946
1.541946
1.539488
1.539488
1.464141
1.464141
1.549743
1.549743
1.541624
1.541624
1.540390
1.540390
1.535406
1.535406
1.547178
1.547178
1.499844
1.499844
1.543428
1.543428
1.539964
1.539964
1.551839
1.551839
1.537041
1.537041
1.541804
1.541804
1.479733
1.479733
1.552228
1.552228
1.542222
1.542222
1.549476
1.549476
1.538050
1.538050
1.531816
1.531816
1.465013
1.465013
1.544951
1.544951
1.535072
1.535072
1.552255
1.552255
1.536256
1.536256
1.544805
1.544805
1.469211
1.469211
1.536861
1.536861
1.538550
1.538550
1.550031
1.550031
1.538619
1.538619
1.548846
1.548846
1.469257
1.469257
1.546020
1.546020
1.550238
1.550238
1.535812
1.535812
1.544169
1.544169
1.535974
1.535974
1.540036
1.540036
1.540918
1.540918
1.547109
1.547109
1.543136
1.543136
1.539110
1.539110
1.541529
1.541529
1.558730
1.558730
1.545420
1.545420
1.547787
1.547787
1.553859
1.553859
1.529597
1.529597
1.535125
1.535125
1.500022
1.500022
1.539449
1.539449
1.541262
1.541262
1.536827
1.536827
1.543717
1.543717
1.549939
1.549939
1.586745
1.586745
1.526620
1.526620
1.537250
1.537250
1.537923
1.537923
1.551544
1.551544
1.557992
1.557992
1.489014
1.489014
1.542375
1.542375
1.538976
1.538976
1.544842
1.544842
1.547940
1.547940
1.536926
1.536926
1.482790
1.482790
1.537155
1.537155
1.547612
1.547612
1.549317
1.549317
1.532272
1.532272
1.544381
1.544381
1.471133
1.471133
1.555579
1.555579
1.546480
1.546480
1.538154
1.538154
1.531133
1.531133
1.538690
1.538690
1.551358
1.551358
1.538806
1.538806
1.546785
1.546785
1.531990
1.531990
1.554518
1.554518
1.537971
1.537971
1.469234
1.469234
1.536031
1.536031
1.524777
1.524777
1.550437
1.550437
1.545049
1.545049
1.552414
1.552414
1.760161
1.760161
1.539974
1.539974
1.544962
1.544962
1.540294
1.540294
1.537599
1.537599
1.546777
1.546777
1.470691
1.470691
1.540407
1.540407
1.537895
1.537895
1.542537
1.542537
1.547803
1.547803
1.540190
1.540190
1.599147
1.599147
1.535300
1.535300
1.538654
1.538654
1.548110
1.548110
1.539593
1.539593
1.547317
1.547317
1.500274
1.500274
1.543352
1.543352
1.537994
1.537994
1.533618
1.533618
1.543641
1.543641
1.550163
1.550163
1.494819
1.494819
1.538397
1.538397
1.542298
1.542298
1.546263
1.546263
1.538610
1.538610
1.542879
1.542879
1.489531
1.489531
1.536408
1.536408
1.545651
1.545651
1.538877
1.538877
1.548917
1.548917
1.538248
1.538248
1.482322
1.482322
1.541633
1.541633
1.538673
1.538673
1.547632
1.547632
1.536282
1.536282
1.543532
1.543532
1.461462
1.461462
1.544626
1.544626
1.541691
1.541691
1.541878
1.541878
1.536159
1.536159
1.542392
1.542392
1.606421
1.606421
1.545549
1.545549
1.537256
1.537256
1.542321
1.542321
1.540675
1.540675
1.541007
1.541007
1.507534
1.507534
1.543939
1.543939
1.543047
1.543047
1.539845
1.539845
1.535782
1.535782
1.544159
1.544159
1.468003
1.468003
1.538924
1.538924
1.545311
1.545311
1.535944
1.535944
1.535223
1.535223
1.551120
1.551120
1.461830
1.461830
1.545174
1.545174
1.527785
1.527785
1.540978
1.540978
1.544482
1.544482
1.547058
1.547058
1.631333
1.631333
1.530021
1.530021
1.542371
1.542371
1.547716
1.547716
1.535682
1.535682
1.549223
1.549223
1.690918
1.690918
1.541168
1.541168
1.532522
1.532522
1.539976
1.539976
1.553717
1.553717
1.537608
1.537608
1.669347
1.669347
1.535186
1.535186
1.535203
1.535203
1.548382
1.548382
1.546119
1.546119
1.540260
1.540260
1.558031
1.558031
1.543992
1.543992
1.539886
1.539886
1.533009
1.533009
1.548889
1.548889
1.539476
1.539476
1.464144
1.464144
1.535008
1.535008
1.542204
1.542204
1.543676
1.543676
1.547333
1.547333
1.536652
1.536652
1.485969
1.485969
1.532186
1.532186
1.548451
1.548451
1.546372
1.546372
1.545247
1.545247
1.532168
1.532168
1.509621
1.509621
1.537098
1.537098
1.538438
1.538438
1.544552
1.544552
1.545445
1.545445
1.538066
1.538066
1.625809
1.625809
1.548364
1.548364
1.541629
1.541629
1.531952
1.531952
1.546649
1.546649
1.535295
1.535295
1.474824
1.474824
1.542284
1.542284
1.541498
1.541498
1.533566
1.533566
1.541238
1.541238
1.545027
1.545027
1.461544
1.461544
1.544390
1.544390
1.538570
1.538570
1.544295
1.544295
1.544570
1.544570
1.531313
1.531313
1.488436
1.488436
1.541786
1.541786
1.536048
1.536048
1.542580
1.542580
1.544120
1.544120
1.538196
1.538196
1.492563
1.492563
1.536855
1.536855
1.533888
1.533888
1.544644
1.544644
1.545892
1.545892
1.539833
1.539833
1.818787
1.818787
1.533107
1.533107
1.538461
1.538461
1.539934
1.539934
1.545532
1.545532
1.545203
1.545203
1.484673
1.484673
1.535124
1.535124
1.540398
1.540398
1.542761
1.542761
1.546155
1.546155
1.537003
1.537003
1.629798
1.629798
1.547994
1.547994
1.545193
1.545193
1.532186
1.532186
1.538447
1.538447
1.538091
1.538091
1.469973
1.469973
1.533331
1.533331
1.545336
1.545336
1.542470
1.542470
1.538936
1.538936
1.540965
1.540965
1.653811
1.653811
1.555375
1.555375
1.537474
1.537474
1.534871
1.534871
1.542163
1.542163
1.531340
1.531340
1.550621
1.550621
1.535205
1.535205
1.545304
1.545304
1.536104
1.536104
1.538113
1.538113
1.545738
1.545738
1.686797
1.686797
1.534983
1.534983
1.535017
1.535017
1.542963
1.542963
1.546158
1.546158
1.541994
1.541994
1.466826
1.466826
1.550635
1.550635
1.532851
1.532851
1.538173
1.538173
1.535385
1.535385
1.543798
1.543798
1.465335
1.465335
1.542427
1.542427
1.540836
1.540836
1.545173
1.545173
1.533163
1.533163
1.537819
1.537819
1.737151
1.737151
1.530082
1.530082
1.540226
1.540226
1.536896
1.536896
1.545602
1.545602
1.546746
1.546746
1.643803
1.643803
1.545150
1.545150
1.541581
1.541581
1.541168
1.541168
1.538206
1.538206
1.533655
1.533655
1.585884
1.585884
1.540781
1.540781
1.529423
1.529423
1.534498
1.534498
1.547987
1.547987
1.547006
1.547006
1.596688
1.596688
1.540074
1.540074
1.537479
1.537479
1.539618
1.539618
1.533673
1.533673
1.549036
1.549036
1.536831
1.536831
1.551931
1.551931
1.540103
1.540103
1.528884
1.528884
1.540460
1.540460
1.537978
1.537978
1.635334
1.635334
1.540614
1.540614
1.551191
1.551191
1.545279
1.545279
1.532042
1.532042
1.530431
1.530431
1.549841
1.549841
1.537592
1.537592
1.541914
1.541914
1.541530
1.541530
1.538334
1.538334
1.539763
1.539763
1.601865
1.601865
1.537757
1.537757
1.544352
1.544352
1.540340
1.540340
1.550419
1.550419
1.526580
1.526580
1.463550
1.463550
1.531769
1.531769
1.535290
1.535290
1.552440
1.552440
1.543004
1.543004
1.536690
1.536690
1.468794
1.468794
1.536456
1.536456
1.541106
1.541106
1.540886
1.540886
1.535292
1.535292
1.545175
1.545175
1.462717
1.462717
1.537539
1.537539
1.536366
1.536366
1.543070
1.543070
1.545436
1.545436
1.535825
1.535825
1.544240
1.544240
1.548530
1.548530
1.536856
1.536856
1.549460
1.549460
1.527243
1.527243
1.536219
1.536219
1.463333
1.463333
1.537672
1.537672
1.532848
1.532848
1.540354
1.540354
1.543043
1.543043
1.544132
1.544132
1.464279
1.464279
1.537425
1.537425
1.548471
1.548471
1.530983
1.530983
1.545156
1.545156
1.535333
1.535333
1.555247
1.555247
1.527569
1.527569
1.536268
1.536268
1.549962
1.549962
1.546917
1.546917
1.536332
1.536332
1.569009
1.569009
1.536373
1.536373
1.544297
1.544297
1.539011
1.539011
1.544356
1.544356
1.533261
1.533261
1.474853
1.474853
1.542512
1.542512
1.535870
1.535870
1.542611
1.542611
1.541373
1.541373
1.534827
1.534827
1.465426
1.465426
1.533156
1.533156
1.543397
1.543397
1.538136
1.538136
1.535547
1.535547
1.546712
1.546712
1.464299
1.464299
1.537297
1.537297
1.543687
1.543687
1.547017
1.547017
1.531674
1.531674
1.536922
1.536922
1.470850
1.470850
1.539465
1.539465
1.536451
1.536451
1.532622
1.532622
1.547376
1.547376
1.540354
1.540354
1.468052
1.468052
1.537866
1.537866
1.539943
1.539943
1.538925
1.538925
1.536789
1.536789
1.542162
1.542162
1.545887
1.545887
1.544017
1.544017
1.540161
1.540161
1.531774
1.531774
1.531435
1.531435
1.548225
1.548225
1.503556
1.503556
1.540032
1.540032
1.538821
1.538821
1.539467
1.539467
1.542425
1.542425
1.534701
1.534701
1.487273
1.487273
1.540092
1.540092
1.543300
1.543300
1.534625
1.534625
1.530626
1.530626
1.544868
1.544868
1.895392
1.895392
1.545836
1.545836
1.542139
1.542139
1.534748
1.534748
1.534052
1.534052
1.538071
1.538071
1.505879
1.505879
1.532840
1.532840
1.536937
1.536937
1.544876
1.544876
1.554612
1.554612
1.524468
1.524468
1.741794
1.741794
1.540371
1.540371
1.543328
1.543328
1.540165
1.540165
1.534700
1.534700
1.536251
1.536251
1.462385
1.462385
1.534322
1.534322
1.543533
1.543533
1.539787
1.539787
1.533242
1.533242
1.543923
1.543923
1.465849
1.465849
1.541723
1.541723
1.539110
1.539110
1.535829
1.535829
1.536118
1.536118
1.541861
1.541861
1.468179
1.468179
1.533303
1.533303
1.546460
1.546460
1.539327
1.539327
1.536662
1.536662
1.537652
1.537652
1.717309
1.717309
1.533668
1.533668
1.548734
1.548734
1.538193
1.538193
1.540141
1.540141
1.532543
1.532543
1.679487
1.679487
1.543706
1.543706
1.536938
1.536938
1.541707
1.541707
1.534497
1.534497
1.536829
1.536829
1.501643
1.501643
1.543517
1.543517
1.540010
1.540010
1.539617
1.539617
1.539616
1.539616
1.530771
1.530771
1.465147
1.465147
1.545755
1.545755
1.540062
1.540062
1.538168
1.538168
1.527664
1.527664
1.541509
1.541509
1.478925
1.478925
1.531117
1.531117
1.550003
1.550003
1.537366
1.537366
1.539848
1.539848
1.533689
1.533689
1.690418
1.690418
1.536743
1.536743
1.536542
1.536542
1.535566
1.535566
1.548094
1.548094
1.534495
1.534495
1.764037
1.764037
1.528110
1.528110
1.539430
1.539430
1.535513
1.535513
1.547873
1.547873
1.540991
1.540991
1.571993
1.571993
1.535658
1.535658
1.543257
1.543257
1.544026
1.544026
1.533365
1.533365
1.535860
1.535860
1.464058
1.464058
1.532735
1.532735
1.542160
1.542160
1.540800
1.540800
1.529068
1.529068
1.547160
1.547160
1.474124
1.474124
1.547426
1.547426
1.540196
1.540196
1.530642
1.530642
1.528973
1.528973
1.543864
1.543864
1.603515
1.603515
1.533748
1.533748
1.533435
1.533435
1.550576
1.550576
1.545992
1.545992
1.527267
1.527267
1.565124
1.565124
1.543752
1.543752
1.541793
1.541793
1.540743
1.540743
1.533647
1.533647
1.531361
1.531361
1.465485
1.465485
1.529540
1.529540
1.540030
1.540030
1.541581
1.541581
1.539370
1.539370
1.540293
1.540293
1.548072
1.548072
1.542140
1.542140
1.532206
1.532206
1.534782
1.534782
1.540208
1.540208
1.541553
1.541553
1.477127
1.477127
1.532575
1.532575
1.536347
1.536347
1.547302
1.547302
1.541031
1.541031
1.533262
1.533262
1.519041
1.519041
1.544458
1.544458
1.544426
1.544426
1.540857
1.540857
1.531764
1.531764
1.528942
1.528942
1.478363
1.478363
1.533161
1.533161
1.534162
1.534162
1.536705
1.536705
1.545976
1.545976
1.540256
1.540256
1.467385
1.467385
1.541742
1.541742
1.542485
1.542485
1.530801
1.530801
1.539353
1.539353
1.535474
1.535474
1.487795
1.487795
1.542198
1.542198
1.538520
1.538520
1.531766
1.531766
1.542565
1.542565
1.534529
1.534529
1.472458
1.472458
1.535087
1.535087
1.538997
1.538997
1.537380
1.537380
1.538289
1.538289
1.539009
1.539009
1.590023
1.590023
1.540682
1.540682
1.537039
1.537039
1.537721
1.537721
1.531327
1.531327
1.540513
1.540513
1.905881
1.905881
1.531271
1.531271
1.548319
1.548319
1.541998
1.541998
1.540902
1.540902
1.526048
1.526048
1.574903
1.574903
1.535999
1.535999
1.541078
1.541078
1.536348
1.536348
1.540615
1.540615
1.534855
1.534855
1.462004
1.462004
1.531903
1.531903
1.541054
1.541054
1.529682
1.529682
1.542309
1.542309
1.542291
1.542291
1.827393
1.827393
1.533905
1.533905
1.531000
1.531000
1.537955
1.537955
1.540767
1.540767
1.544842
1.544842
1.483888
1.483888
1.543929
1.543929
1.534255
1.534255
1.534475
1.534475
1.538365
1.538365
1.537423
1.537423
1.466395
1.466395
1.531694
1.531694
1.532668
1.532668
1.536259
1.536259
1.537411
1.537411
1.548904
1.548904
1.788210
1.788210
1.536578
1.536578
1.538895
1.538895
1.533665
1.533665
1.532919
1.532919
1.545931
1.545931
1.467099
1.467099
1.537658
1.537658
1.536015
1.536015
1.537500
1.537500
1.534657
1.534657
1.541892
1.541892
1.485000
1.485000
1.531476
1.531476
1.542263
1.542263
1.537033
1.537033
1.529963
1.529963
1.546206
1.546206
1.612978
1.612978
1.523334
1.523334
1.538139
1.538139
1.555086
1.555086
1.537089
1.537089
1.533685
1.533685
1.470641
1.470641
1.534541
1.534541
1.535028
1.535028
1.535258
1.535258
1.545787
1.545787
1.535868
1.535868
1.656545
1.656545
1.528790
1.528790
1.543638
1.543638
1.541137
1.541137
1.537844
1.537844
1.535517
1.535517
1.498857
1.498857
1.530312
1.530312
1.539446
1.539446
1.538473
1.538473
1.543914
1.543914
1.534545
1.534545
1.509362
1.509362
1.526710
1.526710
1.541404
1.541404
1.540574
1.540574
1.543328
1.543328
1.533701
1.533701
1.703890
1.703890
1.537794
1.537794
1.534994
1.534994
1.534381
1.534381
1.537876
1.537876
1.541388
1.541388
1.469687
1.469687
1.537730
1.537730
1.529761
1.529761
1.538926
1.538926
1.541815
1.541815
1.536916
1.536916
1.713300
1.713300
1.532533
1.532533
1.535202
1.535202
1.542640
1.542640
1.542480
1.542480
1.532001
1.532001
1.714112
1.714112
1.532537
1.532537
1.539688
1.539688
1.542108
1.542108
1.535196
1.535196
1.536040
1.536040
1.464120
1.464120
1.534473
1.534473
1.533051
1.533051
1.544635
1.544635
1.529485
1.529485
1.543642
1.543642
1.463020
1.463020
1.532751
1.532751
1.542689
1.542689
1.532129
1.532129
1.542059
1.542059
1.535226
1.535226
1.501294
1.501294
1.541120
1.541120
1.533040
1.533040
1.528036
1.528036
1.542525
1.542525
1.540016
1.540016
1.465990
1.465990
1.545001
1.545001
1.533574
1.533574
1.539875
1.539875
1.537784
1.537784
1.528125
1.528125
1.509702
1.509702
1.527798
1.527798
1.535650
1.535650
1.540138
1.540138
1.541276
1.541276
1.539405
1.539405
1.484328
1.484328
1.530379
1.530379
1.539840
1.539840
1.534344
1.534344
1.538549
1.538549
1.539374
1.539374
1.893065
1.893065
1.536703
1.536703
1.541218
1.541218
1.537114
1.537114
1.524948
1.524948
1.543853
1.543853
1.526042
1.526042
1.531889
1.531889
1.539021
1.539021
1.533186
1.533186
1.539056
1.539056
1.540643
1.540643
1.524921
1.524921
1.530888
1.530888
1.543170
1.543170
1.544859
1.544859
1.526267
1.526267
1.538714
1.538714
1.464219
1.464219
1.537364
1.537364
1.544056
1.544056
1.538785
1.538785
1.535740
1.535740
1.527705
1.527705
1.461287
1.461287
1.531063
1.531063
1.535293
1.535293
1.550055
1.550055
1.537075
1.537075
1.529817
1.529817
1.470354
1.470354
1.534963
1.534963
1.535584
1.535584
1.542173
1.542173
1.538315
1.538315
1.531928
1.531928
1.470718
1.470718
1.534316
1.534316
1.541178
1.541178
1.541351
1.541351
1.528195
1.528195
1.537120
1.537120
1.596595
1.596595
1.531801
1.531801
1.545755
1.545755
1.534973
1.534973
1.527613
1.527613
1.542141
1.542141
1.516348
1.516348
1.537351
1.537351
1.529707
1.529707
1.538179
1.538179
1.538057
1.538057
1.538751
1.538751
1.529048
1.529048
1.525845
1.525845
1.543529
1.543529
1.536811
1.536811
1.537860
1.537860
1.537991
1.537991
1.494514
1.494514
1.530788
1.530788
1.535946
1.535946
1.534386
1.534386
1.535322
1.535322
1.545421
1.545421
1.513766
1.513766
1.541597
1.541597
1.531745
1.531745
1.534287
1.534287
1.533493
1.533493
1.540750
1.540750
1.463118
1.463118
1.551049
1.551049
1.532046
1.532046
1.535688
1.535688
1.531047
1.531047
1.531595
1.531595
1.526049
1.526049
1.540021
1.540021
1.543239
1.543239
1.539839
1.539839
1.527461
1.527461
1.530799
1.530799
1.493130
1.493130
1.527366
1.527366
1.535473
1.535473
1.536386
1.536386
1.542078
1.542078
1.539595
1.539595
1.555819
1.555819
1.541119
1.541119
1.548232
1.548232
1.532761
1.532761
1.536685
1.536685
1.522184
1.522184
1.496015
1.496015
1.532964
1.532964
1.537756
1.537756
1.536206
1.536206
1.548506
1.548506
1.525017
1.525017
1.598850
1.598850
1.535621
1.535621
1.545750
1.545750
1.526676
1.526676
1.533443
1.533443
1.538723
1.538723
1.616226
1.616226
1.544807
1.544807
1.531631
1.531631
1.540251
1.540251
1.528061
1.528061
1.535899
1.535899
1.473313
1.473313
1.537614
1.537614
1.543647
1.543647
1.531596
1.531596
1.531231
1.531231
1.535446
1.535446
1.710755
1.710755
1.542359
1.542359
1.538301
1.538301
1.529303
1.529303
1.531911
1.531911
1.538432
1.538432
1.463562
1.463562
1.527253
1.527253
1.541782
1.541782
1.536025
1.536025
1.533907
1.533907
1.540860
1.540860
1.521475
1.521475
1.530376
1.530376
1.534364
1.534364
1.531623
1.531623
1.541076
1.541076
1.542361
1.542361
1.466271
1.466271
1.534498
1.534498
1.534390
1.534390
1.535698
1.535698
1.535437
1.535437
1.539357
1.539357
1.508861
1.508861
1.539422
1.539422
1.539279
1.539279
1.531940
1.531940
1.534744
1.534744
1.533855
1.533855
1.474988
1.474988
1.541323
1.541323
1.534138
1.534138
1.544327
1.544327
1.525776
1.525776
1.533471
1.533471
1.463026
1.463026
1.537485
1.537485
1.535871
1.535871
1.534416
1.534416
1.531587
1.531587
1.539269
1.539269
1.501396
1.501396
1.536947
1.536947
1.528218
1.528218
1.545115
1.545115
1.533423
1.533423
1.534815
1.534815
1.464555
1.464555
1.532660
1.532660
1.535045
1.535045
1.534443
1.534443
1.540793
1.540793
1.535267
1.535267
1.473100
1.473100
1.535227
1.535227
1.526091
1.526091
1.527350
1.527350
1.542734
1.542734
1.546499
1.546499
1.474247
1.474247
1.549766
1.549766
1.529099
1.529099
1.538962
1.538962
1.530522
1.530522
1.529027
1.529027
1.531398
1.531398
1.537165
1.537165
1.538186
1.538186
1.542775
1.542775
1.537226
1.537226
1.521952
1.521952
1.484430
1.484430
1.535324
1.535324
1.533495
1.533495
1.537909
1.537909
1.534797
1.534797
1.535526
1.535526
1.496444
1.496444
1.526997
1.526997
1.534987
1.534987
1.537634
1.537634
1.538724
1.538724
1.538572
1.538572
1.480292
1.480292
1.534886
1.534886
1.536903
1.536903
1.536278
1.536278
1.537046
1.537046
1.531683
1.531683
1.462095
1.462095
1.534492
1.534492
1.536963
1.536963
1.522549
1.522549
1.548428
1.548428
1.534118
1.534118
1.461991
1.461991
1.540439
1.540439
1.525636
1.525636
1.532534
1.532534
1.535648
1.535648
1.541932
1.541932
1.488540
1.488540
1.531120
1.531120
1.530802
1.530802
1.543752
1.543752
1.535232
1.535232
1.535149
1.535149
1.467428
1.467428
1.534042
1.534042
1.532558
1.532558
1.538198
1.538198
1.530589
1.530589
1.540361
1.540361
1.478667
1.478667
1.535537
1.535537
1.543290
1.543290
1.533225
1.533225
1.522157
1.522157
1.541357
1.541357
1.462156
1.462156
1.537097
1.537097
1.540988
1.540988
1.527889
1.527889
1.539070
1.539070
1.530023
1.530023
1.527764
1.527764
1.531020
1.531020
1.537774
1.537774
1.534800
1.534800
1.535363
1.535363
1.535802
1.535802
1.556171
1.556171
1.529278
1.529278
1.545853
1.545853
1.529703
1.529703
1.531071
1.531071
1.539028
1.539028
1.470950
1.470950
1.525796
1.525796
1.546702
1.546702
1.537931
1.537931
1.534509
1.534509
1.529306
1.529306
1.594075
1.594075
1.531434
1.531434
1.534471
1.534471
1.544189
1.544189
1.534723
1.534723
1.529870
1.529870
1.465909
1.465909
1.542005
1.542005
1.533971
1.533971
1.537056
1.537056
1.529011
1.529011
1.532516
1.532516
1.494270
1.494270
1.536293
1.536293
1.542717
1.542717
1.532991
1.532991
1.526813
1.526813
1.535090
1.535090
1.630281
1.630281
1.537861
1.537861
1.534188
1.534188
1.536441
1.536441
1.533189
1.533189
1.532829
1.532829
1.472076
1.472076
1.542161
1.542161
1.538372
1.538372
1.530259
1.530259
1.530683
1.530683
1.532985
1.532985
1.486808
1.486808
1.538716
1.538716
1.526340
1.526340
1.541456
1.541456
1.537357
1.537357
1.530583
1.530583
1.463234
1.463234
1.542384
1.542384
1.525013
1.525013
1.537135
1.537135
1.531566
1.531566
1.537921
1.537921
1.525180
1.525180
1.532945
1.532945
1.538409
1.538409
1.531352
1.531352
1.540328
1.540328
1.530665
1.530665
1.560833
1.560833
1.539541
1.539541
1.532751
1.532751
1.525851
1.525851
1.538051
1.538051
1.537692
1.537692
1.488886
1.488886
1.534129
1.534129
1.541181
1.541181
1.541312
1.541312
1.521964
1.521964
1.534353
1.534353
1.710567
1.710567
1.537166
1.537166
1.535995
1.535995
1.530050
1.530050
1.537333
1.537333
1.532226
1.532226
1.761976
1.761976
1.531061
1.531061
1.535390
1.535390
1.530838
1.530838
1.533694
1.533694
1.542937
1.542937
1.493000
1.493000
1.541255
1.541255
1.522961
1.522961
1.539716
1.539716
1.528690
1.528690
1.540472
1.540472
1.692383
1.692383
1.536823
1.536823
1.527299
1.527299
1.526698
1.526698
1.541409
1.541409
1.541628
1.541628
1.466345
1.466345
1.527724
1.527724
1.531769
1.531769
1.532328
1.532328
1.543206
1.543206
1.537938
1.537938
1.637079
1.637079
1.543579
1.543579
1.531632
1.531632
1.537260
1.537260
1.532506
1.532506
1.528292
1.528292
1.505142
1.505142
1.529649
1.529649
1.535705
1.535705
1.542350
1.542350
1.533639
1.533639
1.531037
1.531037
1.685277
1.685277
1.536495
1.536495
1.529703
1.529703
1.535320
1.535320
1.537214
1.537214
1.533156
1.533156
1.750309
1.750309
1.542087
1.542087
1.542496
1.542496
1.528997
1.528997
1.529556
1.529556
1.529683
1.529683
1.477167
1.477167
1.532534
1.532534
1.539412
1.539412
1.532285
1.532285
1.534895
1.534895
1.532981
1.532981
1.609267
1.609267
1.529164
1.529164
1.527295
1.527295
1.539113
1.539113
1.529348
1.529348
1.547620
1.547620
1.462732
1.462732
1.537459
1.537459
1.536919
1.536919
1.533100
1.533100
1.531408
1.531408
1.533451
1.533451
1.478519
1.478519
1.528393
1.528393
1.539425
1.539425
1.532302
1.532302
1.534400
1.534400
1.537477
1.537477
1.499825
1.499825
1.533905
1.533905
1.529231
1.529231
1.540008
1.540008
1.538720
1.538720
1.529821
1.529821
1.525713
1.525713
1.529258
1.529258
1.542709
1.542709
1.538202
1.538202
1.524359
1.524359
1.537333
1.537333
1.475422
1.475422
1.530937
1.530937
1.537781
1.537781
1.530391
1.530391
1.539087
1.539087
1.532284
1.532284
1.807465
1.807465
1.534111
1.534111
1.530324
1.530324
1.534827
1.534827
1.530634
1.530634
1.540668
1.540668
1.766837
1.766837
1.524678
1.524678
1.530198
1.530198
1.529929
1.529929
1.548646
1.548646
1.538177
1.538177
1.488889
1.488889
1.523017
1.523017
1.540525
1.540525
1.533231
1.533231
1.540861
1.540861
1.533856
1.533856
1.484287
1.484287
1.530912
1.530912
1.535030
1.535030
1.539647
1.539647
1.531027
1.531027
1.534737
1.534737
1.461453
1.461453
1.530140
1.530140
1.539683
1.539683
1.536932
1.536932
1.530293
1.530293
1.533688
1.533688
1.542229
1.542229
1.529964
1.529964
1.542795
1.542795
1.535668
1.535668
1.525548
1.525548
1.536894
1.536894
1.472395
1.472395
1.532689
1.532689
1.532293
1.532293
1.539206
1.539206
1.537045
1.537045
1.529509
1.529509
1.478536
1.478536
1.542659
1.542659
1.534047
1.534047
1.534529
1.534529
1.531192
1.531192
1.528132
1.528132
1.465142
1.465142
1.533684
1.533684
1.528799
1.528799
1.540310
1.540310
1.537218
1.537218
1.529948
1.529948
1.541490
1.541490
1.531615
1.531615
1.536843
1.536843
1.535397
1.535397
1.525535
1.525535
1.540678
1.540678
1.461958
1.461958
1.534676
1.534676
1.532391
1.532391
1.530581
1.530581
1.533077
1.533077
1.539117
1.539117
1.478385
1.478385
1.538429
1.538429
1.539466
1.539466
1.528764
1.528764
1.537092
1.537092
1.525886
1.525886
1.465469
1.465469
1.533468
1.533468
1.547990
1.547990
1.533044
1.533044
1.529429
1.529429
1.525329
1.525329
1.491247
1.491247
1.537248
1.537248
1.533925
1.533925
1.533590
1.533590
1.529130
1.529130
1.535231
1.535231
1.465065
1.465065
1.525476
1.525476
1.530677
1.530677
1.532731
1.532731
1.536071
1.536071
1.543956
1.543956
1.461672
1.461672
1.531341
1.531341
1.527741
1.527741
1.529059
1.529059
1.540400
1.540400
1.540092
1.540092
1.466573
1.466573
1.540457
1.540457
1.532163
1.532163
1.529872
1.529872
1.526597
1.526597
1.539241
1.539241
1.480590
1.480590
1.535159
1.535159
1.538171
1.538171
1.522200
1.522200
1.537590
1.537590
1.535064
1.535064
1.463578
1.463578
1.540929
1.540929
1.528407
1.528407
1.538061
1.538061
1.533953
1.533953
1.525720
1.525720
1.683087
1.683087
1.533898
1.533898
1.537222
1.537222
1.523737
1.523737
1.541580
1.541580
1.531262
1.531262
1.472306
1.472306
1.528265
1.528265
1.535505
1.535505
1.532487
1.532487
1.542617
1.542617
1.528438
1.528438
1.513258
1.513258
1.530300
1.530300
1.525229
1.525229
1.534648
1.534648
1.542746
1.542746
1.534336
1.534336
1.478521
1.478521
1.537413
1.537413
1.541698
1.541698
1.519669
1.519669
1.528824
1.528824
1.539545
1.539545
1.465239
1.465239
1.537735
1.537735
1.532211
1.532211
1.535249
1.535249
1.526028
1.526028
1.534472
1.534472
1.769736
1.769736
1.536414
1.536414
1.525670
1.525670
1.531908
1.531908
1.529757
1.529757
1.542908
1.542908
1.478192
1.478192
1.541507
1.541507
1.528767
1.528767
1.530419
1.530419
1.532349
1.532349
1.533434
1.533434
1.473591
1.473591
1.541854
1.541854
1.531944
1.531944
1.528023
1.528023
1.523062
1.523062
1.540554
1.540554
1.679398
1.679398
1.529460
1.529460
1.536553
1.536553
1.538243
1.538243
1.528396
1.528396
1.533468
1.533468
1.479622
1.479622
1.533060
1.533060
1.529467
1.529467
1.531440
1.531440
1.539776
1.539776
1.532384
1.532384
1.472610
1.472610
1.521384
1.521384
1.538221
1.538221
1.529384
1.529384
1.538491
1.538491
1.538386
1.538386
1.513729
1.513729
1.538805
1.538805
1.521654
1.521654
1.532367
1.532367
1.533505
1.533505
1.539038
1.539038
1.597704
1.597704
1.525923
1.525923
1.530629
1.530629
1.529338
1.529338
1.533145
1.533145
1.546552
1.546552
1.532965
1.532965
1.538952
1.538952
1.525682
1.525682
1.528976
1.528976
1.537994
1.537994
1.533927
1.533927
1.567021
1.567021
1.541304
1.541304
1.531622
1.531622
1.529791
1.529791
1.531902
1.531902
1.531338
1.531338
1.471450
1.471450
1.527204
1.527204
1.546137
1.546137
1.528746
1.528746
1.536794
1.536794
1.526955
1.526955
1.471855
1.471855
1.540737
1.540737
1.535879
1.535879
1.533429
1.533429
1.524112
1.524112
1.531523
1.531523
1.466332
1.466332
1.534184
1.534184
1.529243
1.529243
1.538872
1.538872
1.533288
1.533288
1.529509
1.529509
1.555410
1.555410
1.530103
1.530103
1.533797
1.533797
1.536272
1.536272
1.529149
1.529149
1.535508
1.535508
1.607843
1.607843
1.531477
1.531477
1.529868
1.529868
1.541796
1.541796
1.534847
1.534847
1.527385
1.527385
1.511607
1.511607
1.533601
1.533601
1.526393
1.526393
1.544587
1.544587
1.522893
1.522893
1.538150
1.538150
1.492162
1.492162
1.524811
1.524811
1.540645
1.540645
1.524872
1.524872
1.538409
1.538409
1.536491
1.536491
1.566841
1.566841
1.535287
1.535287
1.527541
1.527541
1.533870
1.533870
1.533479
1.533479
1.535256
1.535256
1.479146
1.479146
1.544052
1.544052
1.531349
1.531349
1.536446
1.536446
1.528816
1.528816
1.524685
1.524685
1.461705
1.461705
1.530280
1.530280
1.533563
1.533563
1.540352
1.540352
1.532038
1.532038
1.528808
1.528808
1.485640
1.485640
1.540289
1.540289
1.524410
1.524410
1.534276
1.534276
1.529733
1.529733
1.536090
1.536090
1.487866
1.487866
1.537674
1.537674
1.534354
1.534354
1.537054
1.537054
1.526720
1.526720
1.527667
1.527667
1.753439
1.753439
1.534171
1.534171
1.533380
1.533380
1.532037
1.532037
1.531328
1.531328
1.533288
1.533288
1.521459
1.521459
1.541304
1.541304
1.533728
1.533728
1.535287
1.535287
1.527913
1.527913
1.526103
1.526103
1.466959
1.466959
1.531863
1.531863
1.532432
1.532432
1.530428
1.530428
1.538095
1.538095
1.530840
1.530840
1.611626
1.611626
1.541921
1.541921
1.536267
1.536267
1.528819
1.528819
1.531324
1.531324
1.525039
1.525039
1.644323
1.644323
1.531360
1.531360
1.530915
1.530915
1.527231
1.527231
1.537695
1.537695
1.536717
1.536717
1.483237
1.483237
1.538092
1.538092
1.523958
1.523958
1.534169
1.534169
1.537141
1.537141
1.530451
1.530451
1.464234
1.464234
1.526690
1.526690
1.536970
1.536970
1.539246
1.539246
1.528829
1.528829
1.531588
1.531588
1.529543
1.529543
1.535847
1.535847
1.532883
1.532883
1.535656
1.535656
1.527464
1.527464
1.531565
1.531565
1.462926
1.462926
1.531734
1.531734
1.536123
1.536123
1.523821
1.523821
1.527501
1.527501
1.544053
1.544053
1.468045
1.468045
1.541115
1.541115
1.533968
1.533968
1.530352
1.530352
1.525258
1.525258
1.532303
1.532303
1.469907
1.469907
1.539450
1.539450
1.534474
1.534474
1.525810
1.525810
1.538289
1.538289
1.524384
1.524384
1.546094
1.546094
1.528756
1.528756
1.530984
1.530984
1.532821
1.532821
1.537019
1.537019
1.532929
1.532929
1.464657
1.464657
1.528707
1.528707
1.539719
1.539719
1.533231
1.533231
1.528011
1.528011
1.532258
1.532258
1.560694
1.560694
1.538398
1.538398
1.530165
1.530165
1.530817
1.530817
1.531008
1.531008
1.531580
1.531580
1.523090
1.523090
1.526951
1.526951
1.527115
1.527115
1.532806
1.532806
1.535496
1.535496
1.539796
1.539796
1.464215
1.464215
1.541010
1.541010
1.530165
1.530165
1.527548
1.527548
1.521314
1.521314
1.541964
1.541964
1.479234
1.479234
1.535442
1.535442
1.527570
1.527570
1.535061
1.535061
1.534693
1.534693
1.529045
1.529045
1.472338
1.472338
1.539124
1.539124
1.538900
1.538900
1.530918
1.530918
1.524912
1.524912
1.527006
1.527006
1.648490
1.648490
1.532494
1.532494
1.526004
1.526004
1.535747
1.535747
1.531253
1.531253
1.535806
1.535806
1.482980
1.482980
1.542922
1.542922
1.532633
1.532633
1.532146
1.532146
1.519723
1.519723
1.533764
1.533764
1.466133
1.466133
1.532735
1.532735
1.528332
1.528332
1.537739
1.537739
1.525478
1.525478
1.536679
1.536679
1.462123
1.462123
1.530043
1.530043
1.533934
1.533934
1.531894
1.531894
1.527598
1.527598
1.537199
1.537199
1.476873
1.476873
1.533069
1.533069
1.532998
1.532998
1.525941
1.525941
1.534044
1.534044
1.534433
1.534433
1.461958
1.461958
1.531889
1.531889
1.524671
1.524671
1.534569
1.534569
1.533421
1.533421
1.535534
1.535534
1.509595
1.509595
1.538643
1.538643
1.530801
1.530801
1.529232
1.529232
1.530230
1.530230
1.530621
1.530621
1.600079
1.600079
1.525399
1.525399
1.531769
1.531769
1.529917
1.529917
1.537802
1.537802
1.535151
1.535151
1.476551
1.476551
1.534443
1.534443
1.528535
1.528535
1.532898
1.532898
1.534063
1.534063
1.530184
1.530184
1.464524
1.464524
1.527759
1.527759
1.532807
1.532807
1.532286
1.532286
1.538315
1.538315
1.528341
1.528341
1.583949
1.583949
1.539040
1.539040
1.535652
1.535652
1.528182
1.528182
1.535608
1.535608
1.521374
1.521374
1.482291
1.482291
1.540651
1.540651
1.535912
1.535912
1.531008
1.531008
1.526511
1.526511
1.525038
1.525038
1.661543
1.661543
1.525693
1.525693
1.536855
1.536855
1.525884
1.525884
1.536795
1.536795
1.534550
1.534550
1.461731
1.461731
1.533859
1.533859
1.531467
1.531467
1.536774
1.536774
1.523793
1.523793
1.533315
1.533315
1.557811
1.557811
1.530121
1.530121
1.534535
1.534535
1.521730
1.521730
1.537297
1.537297
1.535511
1.535511
1.524324
1.524324
1.522918
1.522918
1.541527
1.541527
1.529040
1.529040
1.535410
1.535410
1.530274
1.530274
1.499680
1.499680
1.528374
1.528374
1.528652
1.528652
1.529332
1.529332
1.541978
1.541978
1.530784
1.530784
1.469843
1.469843
1.526818
1.526818
1.523128
1.523128
1.531777
1.531777
1.542753
1.542753
1.534415
1.534415
1.476919
1.476919
1.516342
1.516342
1.539400
1.539400
1.533852
1.533852
1.534159
1.534159
1.534468
1.534468
1.593073
1.593073
1.531306
1.531306
1.528550
1.528550
1.525026
1.525026
1.525816
1.525816
1.546916
1.546916
1.712399
1.712399
1.534654
1.534654
1.534129
1.534129
1.532862
1.532862
1.529257
1.529257
1.527602
1.527602
1.463010
1.463010
1.538898
1.538898
1.533292
1.533292
1.526362
1.526362
1.523048
1.523048
1.536240
1.536240
1.585642
1.585642
1.533480
1.533480
1.533763
1.533763
1.525310
1.525310
1.537259
1.537259
1.528059
1.528059
1.544460
1.544460
1.531538
1.531538
1.537974
1.537974
1.525982
1.525982
1.525520
1.525520
1.537167
1.537167
1.469677
1.469677
1.539066
1.539066
1.528476
1.528476
1.520547
1.520547
1.536288
1.536288
1.532698
1.532698
1.732979
1.732979
1.530319
1.530319
1.526608
1.526608
1.533773
1.533773
1.534631
1.534631
1.531850
1.531850
1.661172
1.661172
1.536000
1.536000
1.533702
1.533702
1.519941
1.519941
1.528082
1.528082
1.539343
1.539343
1.659824
1.659824
1.528603
1.528603
1.526983
1.526983
1.535083
1.535083
1.538896
1.538896
1.527802
1.527802
1.565267
1.565267
1.530878
1.530878
1.530523
1.530523
1.539626
1.539626
1.523132
1.523132
1.533350
1.533350
1.514550
1.514550
1.529960
1.529960
1.528630
1.528630
1.532458
1.532458
1.530379
1.530379
1.535729
1.535729
1.585275
1.585275
1.526830
1.526830
1.532875
1.532875
1.528104
1.528104
1.540805
1.540805
1.527540
1.527540
1.822867
1.822867
1.534922
1.534922
1.542241
1.542241
1.526989
1.526989
1.530844
1.530844
1.522566
1.522566
1.465321
1.465321
1.542613
1.542613
1.520944
1.520944
1.529521
1.529521
1.537627
1.537627
1.526686
1.526686
1.483070
1.483070
1.532300
1.532300
1.538069
1.538069
1.520979
1.520979
1.535249
1.535249
1.530691
1.530691
1.464437
1.464437
1.530137
1.530137
1.528459
1.528459
1.535377
1.535377
1.533434
1.533434
1.529387
1.529387
1.532123
1.532123
1.535728
1.535728
1.530567
1.530567
1.528188
1.528188
1.534870
1.534870
1.527542
1.527542
1.463383
1.463383
1.541694
1.541694
1.530030
1.530030
1.525837
1.525837
1.531686
1.531686
1.527455
1.527455
1.476747
1.476747
1.527655
1.527655
1.532665
1.532665
1.535598
1.535598
1.530292
1.530292
1.529819
1.529819
1.601777
1.601777
1.535655
1.535655
1.518395
1.518395
1.533276
1.533276
1.539552
1.539552
1.529341
1.529341
1.530425
1.530425
1.527204
1.527204
1.542796
1.542796
1.532525
1.532525
1.526200
1.526200
1.526799
1.526799
1.702263
1.702263
1.528020
1.528020
1.535780
1.535780
1.527033
1.527033
1.535092
1.535092
1.530417
1.530417
1.480242
1.480242
1.522131
1.522131
1.540069
1.540069
1.532136
1.532136
1.533166
1.533166
1.528693
1.528693
1.473217
1.473217
1.534865
1.534865
1.536249
1.536249
1.528545
1.528545
1.523622
1.523622
1.530966
1.530966
1.913038
1.913038
1.530375
1.530375
1.525061
1.525061
1.539703
1.539703
1.533587
1.533587
1.527119
1.527119
1.464962
1.464962
1.531644
1.531644
1.530344
1.530344
1.540777
1.540777
1.524653
1.524653
1.528257
1.528257
1.468593
1.468593
1.534582
1.534582
1.532464
1.532464
1.528218
1.528218
1.530419
1.530419
1.528509
1.528509
1.787736
1.787736
1.527877
1.527877
1.536847
1.536847
1.533806
1.533806
1.525030
1.525030
1.530670
1.530670
1.753796
1.753796
1.539042
1.539042
1.520633
1.520633
1.530136
1.530136
1.535142
1.535142
1.530333
1.530333
1.468575
1.468575
1.528263
1.528263
1.531257
1.531257
1.527510
1.527510
1.536343
1.536343
1.531764
1.531764
1.466353
1.466353
1.521627
1.521627
1.536512
1.536512
1.531796
1.531796
1.532118
1.532118
1.532837
1.532837
1.486658
1.486658
1.518343
1.518343
1.528790
1.528790
1.535710
1.535710
1.540096
1.540096
1.531685
1.531685
1.503926
1.503926
1.527117
1.527117
1.535145
1.535145
1.526662
1.526662
1.528856
1.528856
1.536705
1.536705
1.498394
1.498394
1.523237
1.523237
1.534308
1.534308
1.526834
1.526834
1.537405
1.537405
1.532557
1.532557
1.494899
1.494899
1.527767
1.527767
1.534002
1.534002
1.525688
1.525688
1.522942
1.522942
1.543552
1.543552
1.558725
1.558725
1.528501
1.528501
1.532536
1.532536
1.531847
1.531847
1.526537
1.526537
1.534764
1.534764
1.498349
1.498349
1.529123
1.529123
1.523124
1.523124
1.545035
1.545035
1.529758
1.529758
1.527359
1.527359
1.467171
1.467171
1.531278
1.531278
1.529579
1.529579
1.535300
1.535300
1.532368
1.532368
1.525448
1.525448
1.559939
1.559939
1.525856
1.525856
1.516209
1.516209
1.545631
1.545631
1.530719
1.530719
1.534957
1.534957
1.695287
1.695287
1.525030
1.525030
1.538140
1.538140
1.527979
1.527979
1.538986
1.538986
1.523512
1.523512
1.623307
1.623307
1.536398
1.536398
1.532723
1.532723
1.520990
1.520990
1.533649
1.533649
1.530480
1.530480
1.475373
1.475373
1.528204
1.528204
1.532835
1.532835
1.534966
1.534966
1.528424
1.528424
1.529819
1.529819
1.468342
1.468342
1.524277
1.524277
1.535118
1.535118
1.532345
1.532345
1.531255
1.531255
1.531042
1.531042
1.477285
1.477285
1.527266
1.527266
1.531265
1.531265
1.526082
1.526082
1.535798
1.535798
1.533391
1.533391
1.475300
1.475300
1.532386
1.532386
1.528908
1.528908
1.530054
1.530054
1.524419
1.524419
1.537855
1.537855
1.464652
1.464652
1.529883
1.529883
1.532552
1.532552
1.524437
1.524437
1.527592
1.527592
1.538820
1.538820
1.493395
1.493395
1.528564
1.528564
1.522745
1.522745
1.532904
1.532904
1.531147
1.531147
1.537798
1.537798
1.485820
1.485820
1.529850
1.529850
1.532251
1.532251
1.529438
1.529438
1.540232
1.540232
1.519692
1.519692
1.880638
1.880638
1.533919
1.533919
1.534611
1.534611
1.532811
1.532811
1.521304
1.521304
1.529910
1.529910
1.575392
1.575392
1.530776
1.530776
1.517162
1.517162
1.528107
1.528107
1.532407
1.532407
1.544483
1.544483
1.465767
1.465767
1.536318
1.536318
1.529589
1.529589
1.539930
1.539930
1.521819
1.521819
1.524326
1.524326
1.678807
1.678807
1.528727
1.528727
1.522071
1.522071
1.538370
1.538370
1.537515
1.537515
1.525812
1.525812
1.533652
1.533652
1.525116
1.525116
1.524431
1.524431
1.533371
1.533371
1.537229
1.537229
1.532561
1.532561
1.464151
1.464151
1.532170
1.532170
1.539352
1.539352
1.521208
1.521208
1.526057
1.526057
1.533273
1.533273
1.604180
1.604180
1.526385
1.526385
1.529480
1.529480
1.533866
1.533866
1.536955
1.536955
1.525952
1.525952
1.465853
1.465853
1.532836
1.532836
1.531528
1.531528
1.527643
1.527643
1.529981
1.529981
1.529824
1.529824
1.685929
1.685929
1.522855
1.522855
1.534729
1.534729
1.530606
1.530606
1.530044
1.530044
1.534326
1.534326
1.463383
1.463383
1.531998
1.531998
1.532701
1.532701
1.535477
1.535477
1.533410
1.533410
1.518717
1.518717
1.481920
1.481920
1.532905
1.532905
1.530196
1.530196
1.527498
1.527498
1.534224
1.534224
1.527162
1.527162
1.512383
1.512383
1.525294
1.525294
1.531608
1.531608
1.527995
1.527995
1.528310
1.528310
1.538725
1.538725
1.479356
1.479356
1.537950
1.537950
1.528396
1.528396
1.526960
1.526960
1.529074
1.529074
1.529436
1.529436
1.466973
1.466973
1.532834
1.532834
1.537720
1.537720
1.530235
1.530235
1.523885
1.523885
1.526969
1.526969
1.464274
1.464274
1.531062
1.531062
1.528675
1.528675
1.532999
1.532999
1.530843
1.530843
1.527417
1.527417
1.566630
1.566630
1.530775
1.530775
1.537016
1.537016
1.527915
1.527915
1.525749
1.525749
1.528744
1.528744
1.733506
1.733506
1.526428
1.526428
1.525991
1.525991
1.539859
1.539859
1.534775
1.534775
1.523901
1.523901
1.520368
1.520368
1.519884
1.519884
1.522406
1.522406
1.530188
1.530188
1.539292
1.539292
1.538420
1.538420
1.671291
1.671291
1.534161
1.534161
1.527489
1.527489
1.535814
1.535814
1.527331
1.527331
1.526065
1.526065
1.472780
1.472780
1.532819
1.532819
1.531042
1.531042
1.531394
1.531394
1.530311
1.530311
1.525145
1.525145
1.471216
1.471216
1.523500
1.523500
1.527014
1.527014
1.542370
1.542370
1.532997
1.532997
1.524649
1.524649
1.475635
1.475635
1.528798
1.528798
1.535142
1.535142
1.529747
1.529747
1.529294
1.529294
1.527318
1.527318
1.490304
1.490304
1.533461
1.533461
1.537365
1.537365
1.520446
1.520446
1.528278
1.528278
1.530664
1.530664
1.477649
1.477649
1.530054
1.530054
1.533133
1.533133
1.525044
1.525044
1.534761
1.534761
1.527105
1.527105
1.466397
1.466397
1.540580
1.540580
1.536727
1.536727
1.534025
1.534025
1.520840
1.520840
1.517775
1.517775
1.464076
1.464076
1.525865
1.525865
1.522658
1.522658
1.528090
1.528090
1.534599
1.534599
1.538452
1.538452
1.485851
1.485851
1.533967
1.533967
1.524808
1.524808
1.528836
1.528836
1.541713
1.541713
1.518712
1.518712
1.847115
1.847115
1.523693
1.523693
1.533923
1.533923
1.531719
1.531719
1.528721
1.528721
1.531291
1.531291
1.514860
1.514860
1.526593
1.526593
1.528948
1.528948
1.530473
1.530473
1.535288
1.535288
1.528124
1.528124
1.515213
1.515213
1.535993
1.535993
1.525287
1.525287
1.531021
1.531021
1.528520
1.528520
1.528744
1.528744
1.469882
1.469882
1.519414
1.519414
1.531630
1.531630
1.524986
1.524986
1.534448
1.534448
1.538987
1.538987
1.470953
1.470953
1.524608
1.524608
1.526054
1.526054
1.532232
1.532232
1.533140
1.533140
1.533195
1.533195
1.489170
1.489170
1.531770
1.531770
1.532906
1.532906
1.532401
1.532401
1.531296
1.531296
1.520703
1.520703
1.489557
1.489557
1.523032
1.523032
1.532713
1.532713
1.531844
1.531844
1.532545
1.532545
1.528897
1.528897
1.464325
1.464325
1.528918
1.528918
1.526503
1.526503
1.530288
1.530288
1.527795
1.527795
1.535272
1.535272
1.481947
1.481947
1.527177
1.527177
1.510653
1.510653
1.538670
1.538670
1.530124
1.530124
1.541337
1.541337
1.634386
1.634386
1.524896
1.524896
1.528178
1.528178
1.524759
1.524759
1.531322
1.531322
1.539362
1.539362
1.469296
1.469296
1.536929
1.536929
1.544406
1.544406
1.519003
1.519003
1.521259
1.521259
1.525940
1.525940
1.699205
1.699205
1.528831
1.528831
1.528036
1.528036
1.529626
1.529626
1.532466
1.532466
1.529295
1.529295
1.480553
1.480553
1.527598
1.527598
1.533940
1.533940
1.527519
1.527519
1.528642
1.528642
1.530423
1.530423
1.464136
1.464136
1.523847
1.523847
1.543868
1.543868
1.527538
1.527538
1.529930
1.529930
1.522743
1.522743
1.461507
1.461507
1.535807
1.535807
1.534781
1.534781
1.521540
1.521540
1.522607
1.522607
1.532934
1.532934
1.474605
1.474605
1.526150
1.526150
1.525103
1.525103
1.535909
1.535909
1.539052
1.539052
1.521277
1.521277
1.474561
1.474561
1.534259
1.534259
1.517373
1.517373
1.539248
1.539248
1.532469
1.532469
1.523952
1.523952
1.473708
1.473708
1.522830
1.522830
1.532625
1.532625
1.528572
1.528572
1.532752
1.532752
1.530383
1.530383
1.464549
1.464549
1.524616
1.524616
1.529584
1.529584
1.528152
1.528152
1.534064
1.534064
1.530522
1.530522
1.473421
1.473421
1.525658
1.525658
1.527760
1.527760
1.529355
1.529355
1.529706
1.529706
1.534312
1.534312
1.464735
1.464735
1.521770
1.521770
1.534581
1.534581
1.529535
1.529535
1.530765
1.530765
1.529891
1.529891
1.482764
1.482764
1.539019
1.539019
1.527243
1.527243
1.533339
1.533339
1.517742
1.517742
1.528640
1.528640
1.570759
1.570759
1.533994
1.533994
1.521962
1.521962
1.533439
1.533439
1.529817
1.529817
1.527076
1.527076
1.471599
1.471599
1.524649
1.524649
1.537249
1.537249
1.519682
1.519682
1.529121
1.529121
1.535559
1.535559
1.463700
1.463700
1.524817
1.524817
1.530721
1.530721
1.533159
1.533159
1.527334
1.527334
1.530090
1.530090
1.470140
1.470140
1.522852
1.522852
1.528421
1.528421
1.535461
1.535461
1.531212
1.531212
1.527998
1.527998
1.476701
1.476701
1.528944
1.528944
1.527876
1.527876
1.526252
1.526252
1.531302
1.531302
1.531337
1.531337
1.491421
1.491421
1.533732
1.533732
1.526686
1.526686
1.532947
1.532947
1.520287
1.520287
1.531126
1.531126
1.681886
1.681886
1.534423
1.534423
1.526073
1.526073
1.526208
1.526208
1.535278
1.535278
1.523234
1.523234
1.539767
1.539767
1.528173
1.528173
1.528118
1.528118
1.530251
1.530251
1.529642
1.529642
1.529271
1.529271
1.464291
1.464291
1.528116
1.528116
1.536007
1.536007
1.528642
1.528642
1.521859
1.521859
1.530638
1.530638
1.497339
1.497339
1.524491
1.524491
1.526613
1.526613
1.534183
1.534183
1.524678
1.524678
1.534890
1.534890
1.573344
1.573344
1.525519
1.525519
1.525982
1.525982
1.522712
1.522712
1.541517
1.541517
1.529545
1.529545
1.473386
1.473386
1.525110
1.525110
1.535607
1.535607
1.525406
1.525406
1.531363
1.531363
1.527813
1.527813
1.474707
1.474707
1.539348
1.539348
1.520823
1.520823
1.523477
1.523477
1.530041
1.530041
1.531366
1.531366
1.514480
1.514480
1.522425
1.522425
1.530213
1.530213
1.524581
1.524581
1.528836
1.528836
1.538150
1.538150
1.702741
1.702741
1.530776
1.530776
1.527983
1.527983
