3.6001
3.8759
6.6199
10.1821
17.6568
25.9230
41.3660
46.1710
57.3878
61.5685
58.6386
64.6255
64.0320
63.5999
64.7981
64.5809
83.0389
71.7144
64.9593
69.0794
72.4199
73.3077
65.1480
71.3127
57.7545
57.0109
58.7072
67.1620
59.3873
67.9445
64.7875
55.0341
65.8344
63.7209
69.7508
72.7442
62.0739
73.2582
65.9530
53.8039
66.5552
54.6672
71.6411
64.5333
75.5655
68.8258
66.1287
69.6410
67.3405
63.9248
64.8742
64.3666
66.2117
59.0776
48.6877
62.5050
58.2272
64.3256
61.3509
60.6994
81.0964
68.1927
57.5387
88.7103
66.6105
73.2496
58.0237
66.8109
73.3439
60.8596
63.9994
68.2473
63.4099
55.3316
56.9288
63.6598
74.5561
65.3148
54.3918
84.6173
74.9316
74.1469
72.7301
63.7901
83.1615
84.7213
78.0817
70.0035
73.4472
73.8733
86.0556
65.5754
69.5235
61.9341
72.9605
64.4211
70.8472
79.4345
78.7997
64.2001
