2.297875
2.297875
2.298519
2.298519
2.297866
2.297866
2.298640
2.298640
2.299268
2.299268
2.292153
2.292153
2.295856
2.295856
2.296541
2.296541
2.294121
2.294121
2.293053
2.293053
2.294145
2.294145
2.295429
2.295429
2.289001
2.289001
2.288795
2.288795
2.288676
2.288676
2.289644
2.289644
2.286314
2.286314
2.293536
2.293536
2.283368
2.283368
2.281850
2.281850
2.279820
2.279820
2.279912
2.279912
2.278337
2.278337
2.271214
2.271214
2.276264
2.276264
2.271855
2.271855
2.270561
2.270561
2.268268
2.268268
2.265433
2.265433
2.259797
2.259797
2.261765
2.261765
2.257971
2.257971
2.260798
2.260798
2.257421
2.257421
2.256656
2.256656
2.261273
2.261273
2.252627
2.252627
2.251753
2.251753
2.248657
2.248657
2.246793
2.246793
2.248202
2.248202
2.242397
2.242397
2.242120
2.242120
2.240963
2.240963
2.239320
2.239320
2.238214
2.238214
2.235493
2.235493
2.221025
2.221025
2.234150
2.234150
2.228415
2.228415
2.229907
2.229907
2.222095
2.222095
2.218141
2.218141
2.233119
2.233119
2.214792
2.214792
2.217914
2.217914
2.213086
2.213086
2.217314
2.217314
2.205291
2.205291
2.204284
2.204284
2.205582
2.205582
2.197185
2.197185
2.197322
2.197322
2.195204
2.195204
2.199404
2.199404
2.208283
2.208283
2.184096
2.184096
2.189210
2.189210
2.191806
2.191806
2.184232
2.184232
2.172379
2.172379
2.192751
2.192751
2.171866
2.171866
2.171905
2.171905
2.167698
2.167698
2.172492
2.172492
2.167873
2.167873
2.165389
2.165389
2.164369
2.164369
2.163968
2.163968
2.156009
2.156009
2.151518
2.151518
2.147802
2.147802
2.136882
2.136882
2.138644
2.138644
2.145419
2.145419
2.141436
2.141436
2.148462
2.148462
2.142310
2.142310
2.132338
2.132338
2.126585
2.126585
2.133869
2.133869
2.133288
2.133288
2.134273
2.134273
2.122451
2.122451
2.135817
2.135817
2.124530
2.124530
2.114689
2.114689
2.123949
2.123949
2.107537
2.107537
2.106701
2.106701
2.109201
2.109201
2.102279
2.102279
2.101390
2.101390
2.095270
2.095270
2.087679
2.087679
2.098911
2.098911
2.089661
2.089661
2.082900
2.082900
2.082889
2.082889
2.075084
2.075084
2.075677
2.075677
2.079412
2.079412
2.069653
2.069653
2.079161
2.079161
2.064239
2.064239
2.056035
2.056035
2.052905
2.052905
2.051564
2.051564
2.022510
2.022510
2.048084
2.048084
2.045895
2.045895
2.028578
2.028578
2.048573
2.048573
2.038707
2.038707
2.022665
2.022665
2.020904
2.020904
2.028062
2.028062
2.029770
2.029770
2.030391
2.030391
2.015484
2.015484
2.030018
2.030018
2.014627
2.014627
2.005868
2.005868
2.008145
2.008145
2.014517
2.014517
2.009430
2.009430
1.976459
1.976459
2.005724
2.005724
1.996333
1.996333
1.995101
1.995101
1.986961
1.986961
2.000053
2.000053
1.981019
1.981019
1.970783
1.970783
2.002526
2.002526
1.977161
1.977161
1.990129
1.990129
1.979175
1.979175
1.975223
1.975223
1.974731
1.974731
1.967999
1.967999
1.961271
1.961271
1.977926
1.977926
1.975717
1.975717
1.984370
1.984370
1.975733
1.975733
1.959225
1.959225
1.958657
1.958657
1.972239
1.972239
1.953019
1.953019
2.000767
2.000767
1.965143
1.965143
1.955028
1.955028
1.951816
1.951816
1.953955
1.953955
1.959360
1.959360
1.978930
1.978930
1.951180
1.951180
1.950024
1.950024
1.953149
1.953149
1.955653
1.955653
1.935680
1.935680
1.890869
1.890869
1.949917
1.949917
1.943091
1.943091
1.929196
1.929196
1.936792
1.936792
1.930936
1.930936
1.926707
1.926707
1.949566
1.949566
1.927347
1.927347
1.919673
1.919673
1.921053
1.921053
1.920251
1.920251
1.938544
1.938544
1.927923
1.927923
1.926318
1.926318
1.913171
1.913171
1.916499
1.916499
1.911655
1.911655
1.887262
1.887262
1.928122
1.928122
1.917624
1.917624
1.897693
1.897693
1.913526
1.913526
1.898111
1.898111
1.856146
1.856146
1.903537
1.903537
1.895934
1.895934
1.907715
1.907715
1.904521
1.904521
1.895149
1.895149
1.927491
1.927491
1.895016
1.895016
1.896109
1.896109
1.897442
1.897442
1.891815
1.891815
1.890039
1.890039
1.904910
1.904910
1.884379
1.884379
1.898081
1.898081
1.899183
1.899183
1.883721
1.883721
1.869236
1.869236
1.889822
1.889822
1.889559
1.889559
1.866296
1.866296
1.871944
1.871944
1.883364
1.883364
1.885621
1.885621
1.908860
1.908860
1.879776
1.879776
1.874572
1.874572
1.879385
1.879385
1.870113
1.870113
1.866056
1.866056
1.844546
1.844546
1.867882
1.867882
1.877908
1.877908
1.858586
1.858586
1.868849
1.868849
1.861403
1.861403
1.856824
1.856824
1.856811
1.856811
1.861219
1.861219
1.850374
1.850374
1.868466
1.868466
1.866902
1.866902
1.841005
1.841005
1.853463
1.853463
1.859004
1.859004
1.853085
1.853085
1.861615
1.861615
1.844872
1.844872
1.848873
1.848873
1.845973
1.845973
1.844045
1.844045
1.838594
1.838594
1.866496
1.866496
1.848983
1.848983
1.836150
1.836150
1.857602
1.857602
1.834733
1.834733
1.847736
1.847736
1.837602
1.837602
1.840112
1.840112
1.826976
1.826976
1.839903
1.839903
1.834062
1.834062
1.839597
1.839597
1.842256
1.842256
1.840747
1.840747
1.779043
1.779043
1.831756
1.831756
1.827797
1.827797
1.843388
1.843388
1.842098
1.842098
1.817589
1.817589
1.853624
1.853624
1.838948
1.838948
1.826364
1.826364
1.820741
1.820741
1.834227
1.834227
1.820802
1.820802
1.823787
1.823787
1.822785
1.822785
1.815738
1.815738
1.828873
1.828873
1.829497
1.829497
1.821844
1.821844
1.804590
1.804590
1.818273
1.818273
1.815277
1.815277
1.828213
1.828213
1.823424
1.823424
1.805462
1.805462
1.845143
1.845143
1.815755
1.815755
1.807302
1.807302
1.831873
1.831873
1.815224
1.815224
1.805522
1.805522
1.776451
1.776451
1.813938
1.813938
1.827726
1.827726
1.799975
1.799975
1.805185
1.805185
1.799289
1.799289
1.846958
1.846958
1.803330
1.803330
1.812134
1.812134
1.799131
1.799131
1.814316
1.814316
1.804062
1.804062
1.786834
1.786834
1.790744
1.790744
1.792467
1.792467
1.820464
1.820464
1.800853
1.800853
1.809985
1.809985
1.783616
1.783616
1.805003
1.805003
1.798914
1.798914
1.799528
1.799528
1.789315
1.789315
1.805353
1.805353
1.759810
1.759810
1.780145
1.780145
1.804403
1.804403
1.798894
1.798894
1.795143
1.795143
1.796950
1.796950
1.793545
1.793545
1.781502
1.781502
1.809535
1.809535
1.802369
1.802369
1.787752
1.787752
1.779865
1.779865
1.767166
1.767166
1.795038
1.795038
1.792507
1.792507
1.784885
1.784885
1.780761
1.780761
1.792934
1.792934
1.755700
1.755700
1.787222
1.787222
1.769440
1.769440
1.780735
1.780735
1.794839
1.794839
1.793381
1.793381
1.801650
1.801650
1.791113
1.791113
1.780042
1.780042
1.779970
1.779970
1.769971
1.769971
1.793236
1.793236
1.767276
1.767276
1.776095
1.776095
1.780890
1.780890
1.783209
1.783209
1.779887
1.779887
1.780894
1.780894
1.755783
1.755783
1.762907
1.762907
1.774829
1.774829
1.783701
1.783701
1.776543
1.776543
1.784766
1.784766
1.792454
1.792454
1.787368
1.787368
1.767044
1.767044
1.784843
1.784843
1.765473
1.765473
1.767847
1.767847
1.757388
1.757388
1.780696
1.780696
1.764335
1.764335
1.774589
1.774589
1.776010
1.776010
1.763510
1.763510
1.763527
1.763527
1.768544
1.768544
1.780295
1.780295
1.762594
1.762594
1.772136
1.772136
1.762489
1.762489
1.771171
1.771171
1.763154
1.763154
1.766892
1.766892
1.764966
1.764966
1.769409
1.769409
1.766902
1.766902
1.790647
1.790647
1.769612
1.769612
1.770723
1.770723
1.760499
1.760499
1.755734
1.755734
1.769151
1.769151
1.727976
1.727976
1.767502
1.767502
1.761855
1.761855
1.761858
1.761858
1.765062
1.765062
1.759592
1.759592
1.707481
1.707481
1.750577
1.750577
1.770481
1.770481
1.750541
1.750541
1.763394
1.763394
1.759823
1.759823
1.790065
1.790065
1.773675
1.773675
1.764403
1.764403
1.740132
1.740132
1.747401
1.747401
1.765442
1.765442
1.723903
1.723903
1.767619
1.767619
1.743404
1.743404
1.746869
1.746869
1.760013
1.760013
1.759568
1.759568
1.748652
1.748652
1.758922
1.758922
1.745434
1.745434
1.745314
1.745314
1.750576
1.750576
1.763421
1.763421
1.778769
1.778769
1.748427
1.748427
1.751722
1.751722
1.753597
1.753597
1.751022
1.751022
1.750831
1.750831
1.761451
1.761451
1.759384
1.759384
1.752721
1.752721
1.739540
1.739540
1.745477
1.745477
1.748539
1.748539
1.763662
1.763662
1.759529
1.759529
1.742214
1.742214
1.744443
1.744443
1.743387
1.743387
1.750118
1.750118
1.732366
1.732366
1.751129
1.751129
1.735190
1.735190
1.745908
1.745908
1.744597
1.744597
1.752772
1.752772
1.736236
1.736236
1.734772
1.734772
1.740320
1.740320
1.741063
1.741063
1.745428
1.745428
1.755819
1.755819
1.760226
1.760226
1.738849
1.738849
1.740558
1.740558
1.744330
1.744330
1.740035
1.740035
1.749192
1.749192
1.716482
1.716482
1.737247
1.737247
1.737235
1.737235
1.748300
1.748300
1.735557
1.735557
1.742477
1.742477
1.739791
1.739791
1.738487
1.738487
1.753284
1.753284
1.736319
1.736319
1.742544
1.742544
1.725901
1.725901
1.694577
1.694577
1.729950
1.729950
1.725260
1.725260
1.746841
1.746841
1.738927
1.738927
1.738890
1.738890
1.764264
1.764264
1.734341
1.734341
1.738599
1.738599
1.737625
1.737625
1.728851
1.728851
1.733701
1.733701
1.753707
1.753707
1.733814
1.733814
1.731250
1.731250
1.727359
1.727359
1.743419
1.743419
1.731185
1.731185
1.742725
1.742725
1.724338
1.724338
1.746924
1.746924
1.732642
1.732642
1.723944
1.723944
1.734836
1.734836
1.717405
1.717405
1.723252
1.723252
1.719583
1.719583
1.756829
1.756829
1.723611
1.723611
1.729278
1.729278
1.743832
1.743832
1.735601
1.735601
1.717229
1.717229
1.725269
1.725269
1.733618
1.733618
1.733665
1.733665
1.742141
1.742141
1.730285
1.730285
1.727934
1.727934
1.725103
1.725103
1.733605
1.733605
1.724484
1.724484
1.710695
1.710695
1.730117
1.730117
1.719624
1.719624
1.727260
1.727260
1.724342
1.724342
1.730918
1.730918
1.725997
1.725997
1.721917
1.721917
1.729898
1.729898
1.724645
1.724645
1.717626
1.717626
1.726377
1.726377
1.769872
1.769872
1.723907
1.723907
1.734757
1.734757
1.706524
1.706524
1.725249
1.725249
1.722367
1.722367
1.774546
1.774546
1.719901
1.719901
1.712000
1.712000
1.728429
1.728429
1.733399
1.733399
1.718533
1.718533
1.717876
1.717876
1.709596
1.709596
1.713578
1.713578
1.742896
1.742896
1.716511
1.716511
1.727179
1.727179
1.682479
1.682479
1.708699
1.708699
1.733994
1.733994
1.719229
1.719229
1.719380
1.719380
1.720467
1.720467
1.696656
1.696656
1.710095
1.710095
1.717748
1.717748
1.719124
1.719124
1.715859
1.715859
1.731066
1.731066
1.714941
1.714941
1.718668
1.718668
1.724271
1.724271
1.711323
1.711323
1.713337
1.713337
1.718525
1.718525
1.729467
1.729467
1.714320
1.714320
1.728154
1.728154
1.711721
1.711721
1.718601
1.718601
1.713330
1.713330
1.673238
1.673238
1.716040
1.716040
1.713459
1.713459
1.720076
1.720076
1.708650
1.708650
1.713828
1.713828
1.744365
1.744365
1.709270
1.709270
1.718943
1.718943
1.710536
1.710536
1.709133
1.709133
1.727366
1.727366
1.664505
1.664505
1.700954
1.700954
1.726924
1.726924
1.711756
1.711756
1.705410
1.705410
1.719356
1.719356
1.709176
1.709176
1.718005
1.718005
1.722794
1.722794
1.704409
1.704409
1.706176
1.706176
1.714814
1.714814
1.643521
1.643521
1.717479
1.717479
1.716756
1.716756
1.696832
1.696832
1.702768
1.702768
1.722668
1.722668
1.681065
1.681065
1.704146
1.704146
1.718492
1.718492
1.703433
1.703433
1.712195
1.712195
1.713101
1.713101
1.681115
1.681115
1.705373
1.705373
1.707669
1.707669
1.719049
1.719049
1.705460
1.705460
1.707878
1.707878
1.688406
1.688406
1.712291
1.712291
1.711420
1.711420
1.698965
1.698965
1.713741
1.713741
1.698956
1.698956
1.730333
1.730333
1.709796
1.709796
1.715479
1.715479
1.688742
1.688742
1.714207
1.714207
1.709378
1.709378
1.663780
1.663780
1.706527
1.706527
1.713130
1.713130
1.711418
1.711418
1.704388
1.704388
1.694397
1.694397
1.689958
1.689958
1.700643
1.700643
1.706376
1.706376
1.706350
1.706350
1.708285
1.708285
1.705974
1.705974
1.669978
1.669978
1.695747
1.695747
1.693828
1.693828
1.712517
1.712517
1.702414
1.702414
1.712814
1.712814
1.716430
1.716430
1.695906
1.695906
1.719353
1.719353
1.685385
1.685385
1.710867
1.710867
1.701727
1.701727
1.708910
1.708910
1.700020
1.700020
1.701655
1.701655
1.695515
1.695515
1.694622
1.694622
1.713923
1.713923
1.730966
1.730966
1.722770
1.722770
1.702010
1.702010
1.693234
1.693234
1.704020
1.704020
1.685045
1.685045
1.674385
1.674385
1.701219
1.701219
1.695740
1.695740
1.691262
1.691262
1.706041
1.706041
1.708976
1.708976
1.668550
1.668550
1.705378
1.705378
1.691984
1.691984
1.707139
1.707139
1.693359
1.693359
1.699830
1.699830
1.678380
1.678380
1.702518
1.702518
1.689166
1.689166
1.711075
1.711075
1.687851
1.687851
1.698392
1.698392
1.716861
1.716861
1.690142
1.690142
1.686943
1.686943
1.705490
1.705490
1.698498
1.698498
1.706278
1.706278
1.695680
1.695680
1.688839
1.688839
1.694144
1.694144
1.695652
1.695652
1.699515
1.699515
1.704608
1.704608
1.699841
1.699841
1.695054
1.695054
1.703027
1.703027
1.698768
1.698768
1.692365
1.692365
1.690504
1.690504
1.689352
1.689352
1.687542
1.687542
1.696804
1.696804
1.699418
1.699418
1.696101
1.696101
1.692036
1.692036
1.724134
1.724134
1.691432
1.691432
1.693884
1.693884
1.707709
1.707709
1.688243
1.688243
1.689624
1.689624
1.701842
1.701842
1.697011
1.697011
1.706522
1.706522
1.685618
1.685618
1.689138
1.689138
1.688581
1.688581
1.703228
1.703228
1.696740
1.696740
1.692321
1.692321
1.691088
1.691088
1.700157
1.700157
1.682749
1.682749
1.701311
1.701311
1.684081
1.684081
1.687432
1.687432
1.697270
1.697270
1.693078
1.693078
1.697614
1.697614
1.697668
1.697668
1.684904
1.684904
1.699403
1.699403
1.685344
1.685344
1.687443
1.687443
1.695755
1.695755
1.723547
1.723547
1.704599
1.704599
1.693248
1.693248
1.687335
1.687335
1.689726
1.689726
1.679546
1.679546
1.674072
1.674072
1.676704
1.676704
1.694188
1.694188
1.695746
1.695746
1.682634
1.682634
1.694418
1.694418
1.732481
1.732481
1.686577
1.686577
1.691438
1.691438
1.683221
1.683221
1.698540
1.698540
1.688108
1.688108
1.663425
1.663425
1.696210
1.696210
1.681418
1.681418
1.676556
1.676556
1.694879
1.694879
1.692423
1.692423
1.689615
1.689615
1.690824
1.690824
1.688972
1.688972
1.684332
1.684332
1.693036
1.693036
1.679839
1.679839
1.698318
1.698318
1.687750
1.687750
1.695500
1.695500
1.697672
1.697672
1.676965
1.676965
1.681560
1.681560
1.645538
1.645538
1.682727
1.682727
1.686491
1.686491
1.682854
1.682854
1.686292
1.686292
1.691496
1.691496
1.698253
1.698253
1.676828
1.676828
1.687622
1.687622
1.690515
1.690515
1.683775
1.683775
1.684695
1.684695
1.724898
1.724898
1.676704
1.676704
1.689289
1.689289
1.690581
1.690581
1.686805
1.686805
1.679640
1.679640
1.703199
1.703199
1.676741
1.676741
1.683872
1.683872
1.694113
1.694113
1.682341
1.682341
1.682134
1.682134
1.715792
1.715792
1.683421
1.683421
1.683688
1.683688
1.688684
1.688684
1.674227
1.674227
1.688140
1.688140
1.703403
1.703403
1.681625
1.681625
1.694196
1.694196
1.682330
1.682330
1.685064
1.685064
1.680586
1.680586
1.630672
1.630672
1.687934
1.687934
1.703211
1.703211
1.682556
1.682556
1.678081
1.678081
1.668737
1.668737
1.633975
1.633975
1.688694
1.688694
1.676481
1.676481
1.686463
1.686463
1.669005
1.669005
1.685000
1.685000
1.736243
1.736243
1.681259
1.681259
1.672642
1.672642
1.685856
1.685856
1.676954
1.676954
1.691483
1.691483
1.687620
1.687620
1.674045
1.674045
1.688267
1.688267
1.693736
1.693736
1.678836
1.678836
1.670080
1.670080
1.687707
1.687707
1.695001
1.695001
1.696205
1.696205
1.673875
1.673875
1.661966
1.661966
1.676136
1.676136
1.674187
1.674187
1.670855
1.670855
1.687580
1.687580
1.680894
1.680894
1.675749
1.675749
1.680979
1.680979
1.709958
1.709958
1.679500
1.679500
1.676923
1.676923
1.690207
1.690207
1.674047
1.674047
1.674582
1.674582
1.692265
1.692265
1.680346
1.680346
1.675334
1.675334
1.678151
1.678151
1.684430
1.684430
1.674875
1.674875
1.688612
1.688612
1.668051
1.668051
1.674212
1.674212
1.689735
1.689735
1.684459
1.684459
1.674299
1.674299
1.685528
1.685528
1.675871
1.675871
1.677150
1.677150
1.677697
1.677697
1.673762
1.673762
1.681961
1.681961
1.703490
1.703490
1.683536
1.683536
1.672967
1.672967
1.693544
1.693544
1.670620
1.670620
1.669910
1.669910
1.650890
1.650890
1.673741
1.673741
1.682666
1.682666
1.673955
1.673955
1.666568
1.666568
1.680025
1.680025
1.751468
1.751468
1.665081
1.665081
1.685059
1.685059
1.670831
1.670831
1.672129
1.672129
1.684250
1.684250
1.727473
1.727473
1.677776
1.677776
1.675036
1.675036
1.673841
1.673841
1.674896
1.674896
1.678001
1.678001
1.684323
1.684323
1.684380
1.684380
1.666633
1.666633
1.674994
1.674994
1.671842
1.671842
1.683291
1.683291
1.646180
1.646180
1.682335
1.682335
1.664867
1.664867
1.680661
1.680661
1.661412
1.661412
1.685383
1.685383
1.678666
1.678666
1.675140
1.675140
1.678990
1.678990
1.672952
1.672952
1.671794
1.671794
1.677767
1.677767
1.637100
1.637100
1.680893
1.680893
1.678925
1.678925
1.670196
1.670196
1.668881
1.668881
1.671815
1.671815
1.667350
1.667350
1.670463
1.670463
1.682366
1.682366
1.665031
1.665031
1.662512
1.662512
1.690352
1.690352
1.645343
1.645343
1.664480
1.664480
1.682494
1.682494
1.655102
1.655102
1.678145
1.678145
1.677637
1.677637
1.733848
1.733848
1.663577
1.663577
1.674460
1.674460
1.681509
1.681509
1.677453
1.677453
1.663887
1.663887
1.683029
1.683029
1.679279
1.679279
1.672276
1.672276
1.671005
1.671005
1.669777
1.669777
1.666085
1.666085
1.682978
1.682978
1.678232
1.678232
1.695411
1.695411
1.659470
1.659470
1.668151
1.668151
1.659952
1.659952
1.639366
1.639366
1.668386
1.668386
1.670303
1.670303
1.667525
1.667525
1.676710
1.676710
1.670203
1.670203
1.688905
1.688905
1.671137
1.671137
1.687327
1.687327
1.667317
1.667317
1.668192
1.668192
1.658024
1.658024
1.677263
1.677263
1.671214
1.671214
1.659367
1.659367
1.670543
1.670543
1.666213
1.666213
1.682626
1.682626
1.675809
1.675809
1.677757
1.677757
1.664222
1.664222
1.669727
1.669727
1.679758
1.679758
1.661483
1.661483
1.631892
1.631892
1.674073
1.674073
1.680258
1.680258
1.668307
1.668307
1.653954
1.653954
1.671287
1.671287
1.662586
1.662586
1.660056
1.660056
1.682353
1.682353
1.669556
1.669556
1.671664
1.671664
1.669443
1.669443
1.603997
1.603997
1.671614
1.671614
1.657259
1.657259
1.675727
1.675727
1.669175
1.669175
1.671997
1.671997
1.652586
1.652586
1.684853
1.684853
1.667068
1.667068
1.661041
1.661041
1.664130
1.664130
1.667622
1.667622
1.641083
1.641083
1.674996
1.674996
1.653719
1.653719
1.663885
1.663885
1.671200
1.671200
1.674018
1.674018
1.681764
1.681764
1.669505
1.669505
1.674651
1.674651
1.657941
1.657941
1.663332
1.663332
1.668943
1.668943
1.694090
1.694090
1.678722
1.678722
1.661361
1.661361
1.672446
1.672446
1.658088
1.658088
1.661993
1.661993
1.690120
1.690120
1.659165
1.659165
1.668004
1.668004
1.668108
1.668108
1.667765
1.667765
1.668017
1.668017
1.684427
1.684427
1.665823
1.665823
1.659646
1.659646
1.677376
1.677376
1.664537
1.664537
1.659773
1.659773
1.700948
1.700948
1.660883
1.660883
1.664825
1.664825
1.664431
1.664431
1.658697
1.658697
1.673795
1.673795
1.723598
1.723598
1.660780
1.660780
1.658896
1.658896
1.669446
1.669446
1.677059
1.677059
1.660785
1.660785
1.667629
1.667629
1.666135
1.666135
1.674036
1.674036
1.673214
1.673214
1.650824
1.650824
1.656749
1.656749
1.702094
1.702094
1.651662
1.651662
1.663880
1.663880
1.668727
1.668727
1.666297
1.666297
1.670592
1.670592
1.684063
1.684063
1.671352
1.671352
1.671410
1.671410
1.663101
1.663101
1.658341
1.658341
1.657188
1.657188
1.667393
1.667393
1.658093
1.658093
1.665756
1.665756
1.662919
1.662919
1.673638
1.673638
1.664649
1.664649
1.621042
1.621042
1.670632
1.670632
1.669119
1.669119
1.662633
1.662633
1.659942
1.659942
1.652001
1.652001
1.700870
1.700870
1.658813
1.658813
1.659914
1.659914
1.666577
1.666577
1.662596
1.662596
1.671652
1.671652
1.642711
1.642711
1.659297
1.659297
1.670161
1.670161
1.661010
1.661010
1.680098
1.680098
1.643848
1.643848
1.673243
1.673243
1.647778
1.647778
1.675405
1.675405
1.670984
1.670984
1.653861
1.653861
1.663625
1.663625
1.681080
1.681080
1.662482
1.662482
1.654610
1.654610
1.659168
1.659168
1.668373
1.668373
1.668493
1.668493
1.652758
1.652758
1.653313
1.653313
1.658227
1.658227
1.666569
1.666569
1.669275
1.669275
1.660657
1.660657
1.684290
1.684290
1.671793
1.671793
1.656970
1.656970
1.659767
1.659767
1.660825
1.660825
1.662209
1.662209
1.637272
1.637272
1.650680
1.650680
1.672054
1.672054
1.653955
1.653955
1.669675
1.669675
1.659201
1.659201
1.674755
1.674755
1.654991
1.654991
1.673624
1.673624
1.654140
1.654140
1.665295
1.665295
1.659282
1.659282
1.644674
1.644674
1.648052
1.648052
1.666445
1.666445
1.667469
1.667469
1.660141
1.660141
1.661868
1.661868
1.659730
1.659730
1.661389
1.661389
1.661501
1.661501
1.647797
1.647797
1.652804
1.652804
1.675451
1.675451
1.690077
1.690077
1.667426
1.667426
1.645427
1.645427
1.660223
1.660223
1.664926
1.664926
1.665584
1.665584
1.636252
1.636252
1.653383
1.653383
1.657513
1.657513
1.657960
1.657960
1.663530
1.663530
1.669163
1.669163
1.638430
1.638430
1.672592
1.672592
1.652848
1.652848
1.657163
1.657163
1.649921
1.649921
1.661628
1.661628
1.686239
1.686239
1.659905
1.659905
1.651256
1.651256
1.660672
1.660672
1.661285
1.661285
1.662156
1.662156
1.660908
1.660908
1.656596
1.656596
1.673692
1.673692
1.654630
1.654630
1.656231
1.656231
1.653653
1.653653
1.650912
1.650912
1.670125
1.670125
1.649306
1.649306
1.656069
1.656069
1.658028
1.658028
1.657598
1.657598
1.669564
1.669564
1.655563
1.655563
1.655644
1.655644
1.653945
1.653945
1.651755
1.651755
1.670166
1.670166
1.692470
1.692470
1.657304
1.657304
1.656004
1.656004
1.657205
1.657205
1.656134
1.656134
1.659989
1.659989
1.683346
1.683346
1.658392
1.658392
1.644530
1.644530
1.652248
1.652248
1.661750
1.661750
1.665138
1.665138
1.709516
1.709516
1.653275
1.653275
1.646420
1.646420
1.658301
1.658301
1.665452
1.665452
1.666429
1.666429
1.625853
1.625853
1.664048
1.664048
1.660881
1.660881
1.650191
1.650191
1.662560
1.662560
1.651407
1.651407
1.618344
1.618344
1.653951
1.653951
1.651357
1.651357
1.650963
1.650963
1.662230
1.662230
1.664506
1.664506
1.658548
1.658548
1.656429
1.656429
1.651210
1.651210
1.661547
1.661547
1.658142
1.658142
1.655639
1.655639
1.645297
1.645297
1.660813
1.660813
1.648116
1.648116
1.652823
1.652823
1.661539
1.661539
1.654426
1.654426
1.678845
1.678845
1.660820
1.660820
1.658546
1.658546
1.660016
1.660016
1.644260
1.644260
1.659855
1.659855
1.613848
1.613848
1.658963
1.658963
1.656902
1.656902
1.653342
1.653342
1.658863
1.658863
1.644057
1.644057
1.698017
1.698017
1.651520
1.651520
1.661410
1.661410
1.654795
1.654795
1.660323
1.660323
1.646787
1.646787
1.658286
1.658286
1.668011
1.668011
1.640897
1.640897
1.657110
1.657110
1.648792
1.648792
1.658707
1.658707
1.655471
1.655471
1.658649
1.658649
1.659524
1.659524
1.651262
1.651262
1.649340
1.649340
1.650832
1.650832
1.674328
1.674328
1.662420
1.662420
1.655192
1.655192
1.660421
1.660421
1.648846
1.648846
1.643176
1.643176
1.654839
1.654839
1.655534
1.655534
1.639712
1.639712
1.675694
1.675694
1.649663
1.649663
1.645413
1.645413
1.678813
1.678813
1.652194
1.652194
1.659126
1.659126
1.667558
1.667558
1.651491
1.651491
1.634548
1.634548
1.680331
1.680331
1.655226
1.655226
1.661253
1.661253
1.646551
1.646551
1.647835
1.647835
1.655467
1.655467
1.660179
1.660179
1.655728
1.655728
1.645401
1.645401
1.645009
1.645009
1.667403
1.667403
1.654312
1.654312
1.639126
1.639126
1.652267
1.652267
1.645227
1.645227
1.655225
1.655225
1.647171
1.647171
1.667566
1.667566
1.632482
1.632482
1.634961
1.634961
1.666433
1.666433
1.629457
1.629457
1.671395
1.671395
1.664813
1.664813
1.624320
1.624320
1.667126
1.667126
1.651220
1.651220
1.650340
1.650340
1.648523
1.648523
1.640237
1.640237
1.698149
1.698149
1.649904
1.649904
1.649498
1.649498
1.653912
1.653912
1.649918
1.649918
1.661194
1.661194
1.624545
1.624545
1.651523
1.651523
1.648273
1.648273
1.637228
1.637228
1.663898
1.663898
1.658486
1.658486
1.657301
1.657301
1.642439
1.642439
1.641329
1.641329
1.662888
1.662888
1.649618
1.649618
1.661575
1.661575
1.661283
1.661283
1.651375
1.651375
1.655423
1.655423
1.653090
1.653090
1.645780
1.645780
1.649578
1.649578
1.673772
1.673772
1.637275
1.637275
1.663095
1.663095
1.644484
1.644484
1.649171
1.649171
1.662466
1.662466
1.652577
1.652577
1.657219
1.657219
1.658031
1.658031
1.652527
1.652527
1.638909
1.638909
1.649048
1.649048
1.646377
1.646377
1.654247
1.654247
1.650917
1.650917
1.646383
1.646383
1.659364
1.659364
1.647566
1.647566
1.611695
1.611695
1.662832
1.662832
1.652624
1.652624
1.644969
1.644969
1.643234
1.643234
1.645334
1.645334
1.686092
1.686092
1.660506
1.660506
1.643103
1.643103
1.646139
1.646139
1.655623
1.655623
1.647339
1.647339
1.645147
1.645147
1.645391
1.645391
1.641765
1.641765
1.665340
1.665340
1.648246
1.648246
1.651007
1.651007
1.646850
1.646850
1.652292
1.652292
1.640548
1.640548
1.655837
1.655837
1.649376
1.649376
1.654211
1.654211
1.634191
1.634191
1.651452
1.651452
1.651116
1.651116
1.646917
1.646917
1.652402
1.652402
1.647169
1.647169
1.653169
1.653169
1.646658
1.646658
1.642867
1.642867
1.660684
1.660684
1.645283
1.645283
1.650667
1.650667
1.668750
1.668750
1.658962
1.658962
1.640941
1.640941
1.638332
1.638332
1.652402
1.652402
1.656873
1.656873
1.647789
1.647789
1.650079
1.650079
1.657957
1.657957
1.648648
1.648648
1.637611
1.637611
1.649543
1.649543
1.672704
1.672704
1.659594
1.659594
1.633459
1.633459
1.659434
1.659434
1.660025
1.660025
1.633461
1.633461
1.645252
1.645252
1.647840
1.647840
1.660836
1.660836
1.656783
1.656783
1.638046
1.638046
1.642151
1.642151
1.637048
1.637048
1.640260
1.640260
1.653671
1.653671
1.648089
1.648089
1.650541
1.650541
1.644361
1.644361
1.702076
1.702076
1.647707
1.647707
1.655133
1.655133
1.651922
1.651922
1.650416
1.650416
1.636720
1.636720
1.648303
1.648303
1.646011
1.646011
1.658790
1.658790
1.646001
1.646001
1.643975
1.643975
1.648579
1.648579
1.623557
1.623557
1.649093
1.649093
1.631536
1.631536
1.653681
1.653681
1.641009
1.641009
1.661206
1.661206
1.672146
1.672146
1.632118
1.632118
1.657364
1.657364
1.646806
1.646806
1.655069
1.655069
1.647663
1.647663
1.639671
1.639671
1.655639
1.655639
1.654217
1.654217
1.646119
1.646119
1.642723
1.642723
1.641163
1.641163
1.622951
1.622951
1.642302
1.642302
1.631376
1.631376
1.641220
1.641220
1.655908
1.655908
1.665654
1.665654
1.645058
1.645058
1.651266
1.651266
1.652296
1.652296
1.634608
1.634608
1.647027
1.647027
1.649635
1.649635
1.651462
1.651462
1.644263
1.644263
1.651661
1.651661
1.650798
1.650798
1.648115
1.648115
1.641725
1.641725
1.628934
1.628934
1.635577
1.635577
1.646841
1.646841
1.654527
1.654527
1.649612
1.649612
1.647692
1.647692
1.642995
1.642995
1.637669
1.637669
1.647769
1.647769
1.650441
1.650441
1.651826
1.651826
1.646547
1.646547
1.636093
1.636093
1.640963
1.640963
1.652338
1.652338
1.654737
1.654737
1.647898
1.647898
1.637025
1.637025
1.637038
1.637038
1.650519
1.650519
1.644953
1.644953
1.651860
1.651860
1.639912
1.639912
1.646156
1.646156
1.621080
1.621080
1.645372
1.645372
1.636821
1.636821
1.644408
1.644408
1.650546
1.650546
1.652825
1.652825
1.639976
1.639976
1.652088
1.652088
1.646259
1.646259
1.651790
1.651790
1.649342
1.649342
1.630647
1.630647
1.629862
1.629862
1.647496
1.647496
1.641907
1.641907
1.644417
1.644417
1.657080
1.657080
1.637979
1.637979
1.631402
1.631402
1.647159
1.647159
1.653697
1.653697
1.648164
1.648164
1.643801
1.643801
1.636551
1.636551
1.616406
1.616406
1.635125
1.635125
1.639901
1.639901
1.662743
1.662743
1.646080
1.646080
1.638942
1.638942
1.664321
1.664321
1.642498
1.642498
1.642734
1.642734
1.653502
1.653502
1.641043
1.641043
1.643268
1.643268
1.653089
1.653089
1.631189
1.631189
1.646727
1.646727
1.645038
1.645038
1.648030
1.648030
1.648725
1.648725
1.671693
1.671693
1.638534
1.638534
1.633219
1.633219
1.648271
1.648271
1.648880
1.648880
1.656552
1.656552
1.611465
1.611465
1.645635
1.645635
1.644643
1.644643
1.643923
1.643923
1.639631
1.639631
1.648315
1.648315
1.633446
1.633446
1.641021
1.641021
1.653342
1.653342
1.642058
1.642058
1.647899
1.647899
1.636550
1.636550
1.636463
1.636463
1.652706
1.652706
1.644449
1.644449
1.648170
1.648170
1.645113
1.645113
1.633596
1.633596
1.600270
1.600270
1.649633
1.649633
1.646374
1.646374
1.632822
1.632822
1.644084
1.644084
1.646628
1.646628
1.630809
1.630809
1.640767
1.640767
1.640916
1.640916
1.637735
1.637735
1.645594
1.645594
1.651810
1.651810
1.646044
1.646044
1.640605
1.640605
1.640391
1.640391
1.650046
1.650046
1.645618
1.645618
1.642246
1.642246
1.618931
1.618931
1.654093
1.654093
1.645164
1.645164
1.633534
1.633534
1.642411
1.642411
1.638007
1.638007
1.661092
1.661092
1.638195
1.638195
1.650425
1.650425
1.640073
1.640073
1.652669
1.652669
1.634154
1.634154
1.631677
1.631677
1.648667
1.648667
1.653701
1.653701
1.633794
1.633794
1.638430
1.638430
1.640007
1.640007
1.629109
1.629109
1.644551
1.644551
1.650126
1.650126
1.636722
1.636722
1.637571
1.637571
1.645373
1.645373
1.620722
1.620722
1.644327
1.644327
1.643476
1.643476
1.647874
1.647874
1.638936
1.638936
1.639266
1.639266
1.616046
1.616046
1.635964
1.635964
1.642099
1.642099
1.641317
1.641317
1.648851
1.648851
1.644311
1.644311
1.617594
1.617594
1.625720
1.625720
1.650496
1.650496
1.639775
1.639775
1.635354
1.635354
1.658122
1.658122
1.634820
1.634820
1.643310
1.643310
1.649221
1.649221
1.641978
1.641978
1.631088
1.631088
1.645970
1.645970
1.608268
1.608268
1.645116
1.645116
1.640246
1.640246
1.651558
1.651558
1.627145
1.627145
1.647074
1.647074
1.606627
1.606627
1.636244
1.636244
1.648668
1.648668
1.643752
1.643752
1.643432
1.643432
1.636384
1.636384
1.624046
1.624046
1.637664
1.637664
1.645320
1.645320
1.639959
1.639959
1.631628
1.631628
1.654274
1.654274
1.615760
1.615760
1.642743
1.642743
1.630757
1.630757
1.634271
1.634271
1.648620
1.648620
1.652242
1.652242
1.614685
1.614685
1.653907
1.653907
1.631021
1.631021
1.640695
1.640695
1.644055
1.644055
1.637930
1.637930
1.623209
1.623209
1.631825
1.631825
1.642295
1.642295
1.637973
1.637973
1.648085
1.648085
1.643973
1.643973
1.652622
1.652622
1.638482
1.638482
1.643985
1.643985
1.654282
1.654282
1.632548
1.632548
1.635619
1.635619
1.639307
1.639307
1.646133
1.646133
1.641023
1.641023
1.633262
1.633262
1.627539
1.627539
1.653600
1.653600
1.658340
1.658340
1.653730
1.653730
1.635715
1.635715
1.625528
1.625528
1.647676
1.647676
1.641518
1.641518
1.626394
1.626394
1.637475
1.637475
1.632435
1.632435
1.650890
1.650890
1.639469
1.639469
1.643060
1.643060
1.627539
1.627539
1.649918
1.649918
1.631450
1.631450
1.639821
1.639821
1.651777
1.651777
1.626391
1.626391
1.657220
1.657220
1.646581
1.646581
1.642680
1.642680
1.619076
1.619076
1.656776
1.656776
1.636565
1.636565
1.630672
1.630672
1.625420
1.625420
1.645656
1.645656
1.644952
1.644952
1.641249
1.641249
1.644608
1.644608
1.618826
1.618826
1.633179
1.633179
1.641629
1.641629
1.639216
1.639216
1.649510
1.649510
1.631755
1.631755
1.666726
1.666726
1.647604
1.647604
1.634199
1.634199
1.632487
1.632487
1.648728
1.648728
1.636364
1.636364
1.619780
1.619780
1.647797
1.647797
1.636554
1.636554
1.638623
1.638623
1.634564
1.634564
1.640330
1.640330
1.622693
1.622693
1.629522
1.629522
1.643345
1.643345
1.633774
1.633774
1.640141
1.640141
1.645089
1.645089
1.665272
1.665272
1.637838
1.637838
1.646542
1.646542
1.637572
1.637572
1.648447
1.648447
1.621034
1.621034
1.659758
1.659758
1.644443
1.644443
1.633284
1.633284
1.639664
1.639664
1.633697
1.633697
1.644099
1.644099
1.618734
1.618734
1.631749
1.631749
1.626936
1.626936
1.641482
1.641482
1.647244
1.647244
1.645624
1.645624
1.627668
1.627668
1.634618
1.634618
1.632483
1.632483
1.630981
1.630981
1.635577
1.635577
1.657100
1.657100
1.639095
1.639095
1.633646
1.633646
1.638279
1.638279
1.634492
1.634492
1.630434
1.630434
1.649640
1.649640
1.671341
1.671341
1.639739
1.639739
1.631639
1.631639
1.646171
1.646171
1.627767
1.627767
1.645670
1.645670
1.628569
1.628569
1.639753
1.639753
1.627584
1.627584
1.638198
1.638198
1.634347
1.634347
1.647821
1.647821
1.653990
1.653990
1.639998
1.639998
1.638991
1.638991
1.622071
1.622071
1.638972
1.638972
1.651151
1.651151
1.620972
1.620972
1.630396
1.630396
1.637115
1.637115
1.648474
1.648474
1.642019
1.642019
1.634611
1.634611
1.606761
1.606761
1.624606
1.624606
1.649443
1.649443
1.643600
1.643600
1.629176
1.629176
1.643681
1.643681
1.620679
1.620679
1.649922
1.649922
1.628116
1.628116
1.631452
1.631452
1.644973
1.644973
1.627527
1.627527
1.689516
1.689516
1.634391
1.634391
1.636793
1.636793
1.621546
1.621546
1.647311
1.647311
1.652797
1.652797
1.587985
1.587985
1.633063
1.633063
1.640029
1.640029
1.652997
1.652997
1.619926
1.619926
1.640758
1.640758
1.634627
1.634627
1.629370
1.629370
1.641402
1.641402
1.653552
1.653552
1.634622
1.634622
1.625692
1.625692
1.646672
1.646672
1.644474
1.644474
1.633401
1.633401
1.631628
1.631628
1.620830
1.620830
1.650685
1.650685
1.671325
1.671325
1.644279
1.644279
1.638339
1.638339
1.634266
1.634266
1.627000
1.627000
1.637820
1.637820
1.659984
1.659984
1.639949
1.639949
1.653834
1.653834
1.627530
1.627530
1.629047
1.629047
1.630732
1.630732
1.658773
1.658773
1.640546
1.640546
1.634108
1.634108
1.636369
1.636369
1.635887
1.635887
1.636790
1.636790
1.629667
1.629667
1.638664
1.638664
1.643321
1.643321
1.642590
1.642590
1.625496
1.625496
1.630077
1.630077
1.655024
1.655024
1.643808
1.643808
1.631173
1.631173
1.648830
1.648830
1.633051
1.633051
1.628154
1.628154
1.605634
1.605634
1.628201
1.628201
1.640917
1.640917
1.637818
1.637818
1.643744
1.643744
1.628925
1.628925
1.644220
1.644220
1.624505
1.624505
1.641361
1.641361
1.635726
1.635726
1.637154
1.637154
1.641025
1.641025
1.635085
1.635085
1.636368
1.636368
1.621392
1.621392
1.633669
1.633669
1.647869
1.647869
1.636677
1.636677
1.662151
1.662151
1.634296
1.634296
1.636334
1.636334
1.642338
1.642338
1.626046
1.626046
1.641659
1.641659
1.616186
1.616186
1.623910
1.623910
1.638882
1.638882
1.642568
1.642568
1.635920
1.635920
1.637559
1.637559
1.627485
1.627485
1.634889
1.634889
1.636619
1.636619
1.643629
1.643629
1.632000
1.632000
1.632762
1.632762
1.610931
1.610931
1.639685
1.639685
1.627092
1.627092
1.631621
1.631621
1.634255
1.634255
1.641215
1.641215
1.656115
1.656115
1.630647
1.630647
1.632845
1.632845
1.635160
1.635160
1.632982
1.632982
1.643961
1.643961
1.634826
1.634826
1.635707
1.635707
1.630228
1.630228
1.623750
1.623750
1.644494
1.644494
1.639487
1.639487
1.645250
1.645250
1.617405
1.617405
1.661137
1.661137
1.618918
1.618918
1.629768
1.629768
1.649731
1.649731
1.608543
1.608543
1.648998
1.648998
1.650648
1.650648
1.620977
1.620977
1.630286
1.630286
1.627910
1.627910
1.585718
1.585718
1.640370
1.640370
1.642778
1.642778
1.626513
1.626513
1.641708
1.641708
1.620313
1.620313
1.641757
1.641757
1.639994
1.639994
1.637068
1.637068
1.624663
1.624663
1.630528
1.630528
1.638518
1.638518
1.642370
1.642370
1.642790
1.642790
1.630943
1.630943
1.636407
1.636407
1.632495
1.632495
1.629808
1.629808
1.622249
1.622249
1.646755
1.646755
1.625188
1.625188
1.640219
1.640219
1.630779
1.630779
1.630629
1.630629
1.607852
1.607852
1.633508
1.633508
1.624570
1.624570
1.633344
1.633344
1.639405
1.639405
1.633292
1.633292
1.686123
1.686123
1.649722
1.649722
1.646902
1.646902
1.624868
1.624868
1.624147
1.624147
1.622260
1.622260
1.648789
1.648789
1.634761
1.634761
1.625012
1.625012
1.640666
1.640666
1.631700
1.631700
1.631732
1.631732
1.677236
1.677236
1.638167
1.638167
1.628937
1.628937
1.640851
1.640851
1.635310
1.635310
1.629282
1.629282
1.593786
1.593786
1.625602
1.625602
1.643698
1.643698
1.637276
1.637276
1.627646
1.627646
1.628067
1.628067
1.678871
1.678871
1.633429
1.633429
1.635252
1.635252
1.632030
1.632030
1.622776
1.622776
1.646076
1.646076
1.612015
1.612015
1.638458
1.638458
1.650204
1.650204
1.629176
1.629176
1.618348
1.618348
1.626900
1.626900
1.666772
1.666772
1.634009
1.634009
1.633219
1.633219
1.650685
1.650685
1.628709
1.628709
1.623567
1.623567
1.601798
1.601798
1.632675
1.632675
1.633116
1.633116
1.635403
1.635403
1.629696
1.629696
1.635718
1.635718
1.629795
1.629795
1.629079
1.629079
1.641251
1.641251
1.629636
1.629636
1.630813
1.630813
1.636756
1.636756
1.615309
1.615309
1.634066
1.634066
1.635980
1.635980
1.635262
1.635262
1.629839
1.629839
1.626616
1.626616
1.658528
1.658528
1.625238
1.625238
1.633668
1.633668
1.640966
1.640966
1.640276
1.640276
1.628149
1.628149
1.594170
1.594170
1.632610
1.632610
1.624424
1.624424
1.629915
1.629915
1.632085
1.632085
1.639479
1.639479
1.673695
1.673695
1.637979
1.637979
1.641166
1.641166
1.637118
1.637118
1.616201
1.616201
1.631125
1.631125
1.623183
1.623183
1.622568
1.622568
1.642537
1.642537
1.639563
1.639563
1.627166
1.627166
1.632138
1.632138
1.613428
1.613428
1.626438
1.626438
1.632478
1.632478
1.640818
1.640818
1.624989
1.624989
1.632558
1.632558
1.664223
1.664223
1.630098
1.630098
1.637888
1.637888
1.635507
1.635507
1.627218
1.627218
1.628508
1.628508
1.642556
1.642556
1.643145
1.643145
1.628196
1.628196
1.624693
1.624693
1.627345
1.627345
1.633542
1.633542
1.659402
1.659402
1.638150
1.638150
1.648666
1.648666
1.610046
1.610046
1.629055
1.629055
1.631419
1.631419
1.651595
1.651595
1.630260
1.630260
1.624204
1.624204
1.627294
1.627294
1.633314
1.633314
1.640135
1.640135
1.667142
1.667142
1.633097
1.633097
1.638695
1.638695
1.623607
1.623607
1.635399
1.635399
1.626842
1.626842
1.642656
1.642656
1.614834
1.614834
1.637854
1.637854
1.638573
1.638573
1.630721
1.630721
1.633928
1.633928
1.655621
1.655621
1.631104
1.631104
1.631162
1.631162
1.622473
1.622473
1.636500
1.636500
1.636758
1.636758
1.634830
1.634830
1.634974
1.634974
1.627898
1.627898
1.633850
1.633850
1.629377
1.629377
1.632998
1.632998
1.620863
1.620863
1.625973
1.625973
1.627903
1.627903
1.624450
1.624450
1.639597
1.639597
1.637097
1.637097
1.653200
1.653200
1.630738
1.630738
1.630132
1.630132
1.633489
1.633489
1.642888
1.642888
1.620725
1.620725
1.624625
1.624625
1.637879
1.637879
1.636352
1.636352
1.645136
1.645136
1.612728
1.612728
1.629993
1.629993
1.583428
1.583428
1.642053
1.642053
1.633439
1.633439
1.620938
1.620938
1.625992
1.625992
1.631154
1.631154
1.652469
1.652469
1.632034
1.632034
1.629873
1.629873
1.645277
1.645277
1.623062
1.623062
1.626802
1.626802
1.618489
1.618489
1.649145
1.649145
1.632419
1.632419
1.626665
1.626665
1.629216
1.629216
1.620935
1.620935
1.604581
1.604581
1.635289
1.635289
1.625482
1.625482
1.625471
1.625471
1.633174
1.633174
1.635383
1.635383
1.633742
1.633742
1.629584
1.629584
1.628409
1.628409
1.641410
1.641410
1.630800
1.630800
1.625423
1.625423
1.623462
1.623462
1.624786
1.624786
1.630274
1.630274
1.639003
1.639003
1.612475
1.612475
1.645203
1.645203
1.654289
1.654289
1.633845
1.633845
1.625789
1.625789
1.638513
1.638513
1.625853
1.625853
1.629075
1.629075
1.637403
1.637403
1.638034
1.638034
1.627550
1.627550
1.634627
1.634627
1.629947
1.629947
1.624019
1.624019
1.623383
1.623383
1.633414
1.633414
1.622501
1.622501
1.636926
1.636926
1.635069
1.635069
1.625870
1.625870
1.624012
1.624012
1.636034
1.636034
1.625712
1.625712
1.626604
1.626604
1.641718
1.641718
1.621778
1.621778
1.635368
1.635368
1.629540
1.629540
1.619717
1.619717
1.629720
1.629720
1.640510
1.640510
1.634143
1.634143
1.613142
1.613142
1.635073
1.635073
1.621871
1.621871
1.640653
1.640653
1.612545
1.612545
1.639727
1.639727
1.639503
1.639503
1.620127
1.620127
1.629267
1.629267
1.623152
1.623152
1.651116
1.651116
1.628742
1.628742
1.610612
1.610612
1.629074
1.629074
1.633925
1.633925
1.621139
1.621139
1.635954
1.635954
1.628280
1.628280
1.637718
1.637718
1.624629
1.624629
1.632433
1.632433
1.645233
1.645233
1.621168
1.621168
1.623130
1.623130
1.643145
1.643145
1.630731
1.630731
1.618605
1.618605
1.637334
1.637334
1.626635
1.626635
1.631795
1.631795
1.646994
1.646994
1.623696
1.623696
1.629206
1.629206
1.625270
1.625270
1.640290
1.640290
1.627962
1.627962
1.628375
1.628375
1.637608
1.637608
1.615937
1.615937
1.633965
1.633965
1.629090
1.629090
1.632334
1.632334
1.602585
1.602585
1.636539
1.636539
1.626583
1.626583
1.637254
1.637254
1.622920
1.622920
1.621758
1.621758
1.632870
1.632870
1.631144
1.631144
1.631823
1.631823
1.634901
1.634901
1.615996
1.615996
1.628365
1.628365
1.653912
1.653912
1.630177
1.630177
1.643241
1.643241
1.618456
1.618456
1.626366
1.626366
1.624076
1.624076
1.651611
1.651611
1.632858
1.632858
1.627048
1.627048
1.622086
1.622086
1.623402
1.623402
1.637086
1.637086
1.647413
1.647413
1.635524
1.635524
1.626106
1.626106
1.630743
1.630743
1.617023
1.617023
1.633968
1.633968
1.636651
1.636651
1.630131
1.630131
1.614848
1.614848
1.643027
1.643027
1.630223
1.630223
1.623262
1.623262
1.652018
1.652018
1.636972
1.636972
1.636268
1.636268
1.627221
1.627221
1.617099
1.617099
1.623021
1.623021
1.658454
1.658454
1.628289
1.628289
1.624522
1.624522
1.623536
1.623536
1.625754
1.625754
1.645806
1.645806
1.589093
1.589093
1.637480
1.637480
1.628818
1.628818
1.619472
1.619472
1.632184
1.632184
1.620242
1.620242
1.666530
1.666530
1.625782
1.625782
1.636681
1.636681
1.630868
1.630868
1.626600
1.626600
1.619468
1.619468
1.645752
1.645752
1.619704
1.619704
1.636025
1.636025
1.621803
1.621803
1.634762
1.634762
1.624959
1.624959
1.654354
1.654354
1.621575
1.621575
1.625788
1.625788
1.632868
1.632868
1.614280
1.614280
1.643595
1.643595
1.640137
1.640137
1.631951
1.631951
1.625877
1.625877
1.632125
1.632125
1.623203
1.623203
1.627932
1.627932
1.609373
1.609373
1.617393
1.617393
1.617339
1.617339
1.632681
1.632681
1.628911
1.628911
1.639155
1.639155
1.657098
1.657098
1.624180
1.624180
1.634519
1.634519
1.614328
1.614328
1.641823
1.641823
1.622149
1.622149
1.642510
1.642510
1.638865
1.638865
1.620913
1.620913
1.634350
1.634350
1.609657
1.609657
1.632720
1.632720
1.645609
1.645609
1.620524
1.620524
1.632125
1.632125
1.628769
1.628769
1.632687
1.632687
1.630635
1.630635
1.571215
1.571215
1.629898
1.629898
1.627618
1.627618
1.617050
1.617050
1.643766
1.643766
1.621382
1.621382
1.610666
1.610666
1.631014
1.631014
1.622775
1.622775
1.620471
1.620471
1.633495
1.633495
1.626568
1.626568
1.652599
1.652599
1.620565
1.620565
1.628464
1.628464
1.638077
1.638077
1.632229
1.632229
1.619794
1.619794
1.606254
1.606254
1.634575
1.634575
1.615403
1.615403
1.630904
1.630904
1.635138
1.635138
1.619324
1.619324
1.636739
1.636739
1.625295
1.625295
1.618245
1.618245
1.633830
1.633830
1.633289
1.633289
1.624909
1.624909
1.629670
1.629670
1.634576
1.634576
1.630417
1.630417
1.608068
1.608068
1.623148
1.623148
1.634436
1.634436
1.666003
1.666003
1.622399
1.622399
1.626101
1.626101
1.623108
1.623108
1.639108
1.639108
1.627570
1.627570
1.594890
1.594890
1.616754
1.616754
1.616390
1.616390
1.639149
1.639149
1.640491
1.640491
1.623468
1.623468
1.609789
1.609789
1.619111
1.619111
1.628487
1.628487
1.631046
1.631046
1.627379
1.627379
1.625625
1.625625
1.643997
1.643997
1.624167
1.624167
1.620552
1.620552
1.628204
1.628204
1.635908
1.635908
1.622887
1.622887
1.637980
1.637980
1.619392
1.619392
1.638139
1.638139
1.607108
1.607108
1.642146
1.642146
1.626508
1.626508
1.621159
1.621159
1.614972
1.614972
1.609739
1.609739
1.636832
1.636832
1.634166
1.634166
1.636328
1.636328
1.630386
1.630386
1.623091
1.623091
1.636731
1.636731
1.630532
1.630532
1.629575
1.629575
1.616477
1.616477
1.590337
1.590337
1.619035
1.619035
1.641635
1.641635
1.624751
1.624751
1.628338
1.628338
1.621129
1.621129
1.600609
1.600609
1.621024
1.621024
1.630397
1.630397
1.637784
1.637784
1.618355
1.618355
1.626820
1.626820
1.600495
1.600495
1.632790
1.632790
1.621571
1.621571
1.621634
1.621634
1.623510
1.623510
1.628791
1.628791
1.649757
1.649757
1.633986
1.633986
1.625881
1.625881
1.623418
1.623418
1.621683
1.621683
1.623805
1.623805
1.642199
1.642199
1.640988
1.640988
1.620088
1.620088
1.630683
1.630683
1.623908
1.623908
1.618685
1.618685
1.591039
1.591039
1.622274
1.622274
1.622236
1.622236
1.627121
1.627121
1.618078
1.618078
1.640110
1.640110
1.628272
1.628272
1.618080
1.618080
1.647032
1.647032
1.625305
1.625305
1.621409
1.621409
1.623039
1.623039
1.579749
1.579749
1.624390
1.624390
1.640096
1.640096
1.609042
1.609042
1.625302
1.625302
1.630534
1.630534
1.623064
1.623064
1.629591
1.629591
1.615267
1.615267
1.634802
1.634802
1.631022
1.631022
1.623428
1.623428
1.576054
1.576054
1.630166
1.630166
1.616291
1.616291
1.633559
1.633559
1.618648
1.618648
1.629108
1.629108
1.626784
1.626784
1.624985
1.624985
1.615547
1.615547
1.632146
1.632146
1.631164
1.631164
1.627995
1.627995
1.586241
1.586241
1.627233
1.627233
1.629772
1.629772
1.614412
1.614412
1.630975
1.630975
1.627818
1.627818
1.596421
1.596421
1.630878
1.630878
1.624080
1.624080
1.616931
1.616931
1.623094
1.623094
1.633054
1.633054
1.613678
1.613678
1.622243
1.622243
1.625805
1.625805
1.621343
1.621343
1.626797
1.626797
1.629833
1.629833
1.630446
1.630446
1.624427
1.624427
1.622670
1.622670
1.631268
1.631268
1.628477
1.628477
1.621532
1.621532
1.608344
1.608344
1.629077
1.629077
1.629029
1.629029
1.623933
1.623933
1.625912
1.625912
1.622468
1.622468
1.589790
1.589790
1.618292
1.618292
1.629005
1.629005
1.620350
1.620350
1.626988
1.626988
1.632364
1.632364
1.620266
1.620266
1.625493
1.625493
1.623995
1.623995
1.631784
1.631784
1.620292
1.620292
1.630217
1.630217
1.578573
1.578573
1.617786
1.617786
1.621934
1.621934
1.629860
1.629860
1.632491
1.632491
1.620368
1.620368
1.659402
1.659402
1.626021
1.626021
1.624607
1.624607
1.625412
1.625412
1.634618
1.634618
1.617449
1.617449
1.608144
1.608144
1.639157
1.639157
1.630352
1.630352
1.610696
1.610696
1.626593
1.626593
1.619307
1.619307
1.622179
1.622179
1.628189
1.628189
1.628541
1.628541
1.622748
1.622748
1.626014
1.626014
1.615911
1.615911
1.658173
1.658173
1.612605
1.612605
1.626543
1.626543
1.629566
1.629566
1.630024
1.630024
1.624779
1.624779
1.633923
1.633923
1.618679
1.618679
1.632249
1.632249
1.618803
1.618803
1.625592
1.625592
1.629289
1.629289
1.616777
1.616777
1.624654
1.624654
1.639966
1.639966
1.620347
1.620347
1.612731
1.612731
1.628697
1.628697
1.594736
1.594736
1.631365
1.631365
1.627490
1.627490
1.619013
1.619013
1.622959
1.622959
1.618322
1.618322
1.652880
1.652880
1.613667
1.613667
1.619032
1.619032
1.632395
1.632395
1.633841
1.633841
1.615237
1.615237
1.690289
1.690289
1.630289
1.630289
1.614536
1.614536
1.618302
1.618302
1.638680
1.638680
1.616878
1.616878
1.646275
1.646275
1.625272
1.625272
1.616702
1.616702
1.625892
1.625892
1.637453
1.637453
1.616111
1.616111
1.617841
1.617841
1.630453
1.630453
1.630684
1.630684
1.630962
1.630962
1.614868
1.614868
1.613737
1.613737
1.620912
1.620912
1.644154
1.644154
1.609779
1.609779
1.616941
1.616941
1.617885
1.617885
1.635069
1.635069
1.588408
1.588408
1.625592
1.625592
1.616606
1.616606
1.634117
1.634117
1.625091
1.625091
1.619003
1.619003
1.614069
1.614069
1.626539
1.626539
1.617893
1.617893
1.625113
1.625113
1.632087
1.632087
1.612376
1.612376
1.668528
1.668528
1.624437
1.624437
1.615451
1.615451
1.620275
1.620275
1.631345
1.631345
1.628182
1.628182
1.616552
1.616552
1.620115
1.620115
1.625630
1.625630
1.624103
1.624103
1.629885
1.629885
1.623698
1.623698
1.581184
1.581184
1.628431
1.628431
1.616319
1.616319
1.622469
1.622469
1.618874
1.618874
1.633848
1.633848
1.609052
1.609052
1.625657
1.625657
1.629378
1.629378
1.613229
1.613229
1.627995
1.627995
1.622011
1.622011
1.622013
1.622013
1.624156
1.624156
1.608016
1.608016
1.632933
1.632933
1.627418
1.627418
1.621825
1.621825
1.654778
1.654778
1.620607
1.620607
1.612790
1.612790
1.633493
1.633493
1.630575
1.630575
1.615737
1.615737
1.663312
1.663312
1.633721
1.633721
1.602712
1.602712
1.622239
1.622239
1.622805
1.622805
1.633815
1.633815
1.641854
1.641854
1.616628
1.616628
1.622597
1.622597
1.635114
1.635114
1.628135
1.628135
1.616141
1.616141
1.607878
1.607878
1.614675
1.614675
1.604613
1.604613
1.634400
1.634400
1.629579
1.629579
1.628697
1.628697
1.662830
1.662830
1.622123
1.622123
1.630688
1.630688
1.625151
1.625151
1.620987
1.620987
1.617486
1.617486
1.619268
1.619268
1.634635
1.634635
1.618207
1.618207
1.614491
1.614491
1.622006
1.622006
1.625369
1.625369
1.629532
1.629532
1.629281
1.629281
1.626755
1.626755
1.617549
1.617549
1.618161
1.618161
1.621285
1.621285
1.639316
1.639316
1.640802
1.640802
1.615966
1.615966
1.625335
1.625335
1.625150
1.625150
1.605692
1.605692
1.635580
1.635580
1.619151
1.619151
1.622362
1.622362
1.628024
1.628024
1.628343
1.628343
1.616681
1.616681
1.617225
1.617225
1.613133
1.613133
1.635359
1.635359
1.615267
1.615267
1.625743
1.625743
1.632122
1.632122
1.553562
1.553562
1.625968
1.625968
1.619678
1.619678
1.628506
1.628506
1.610413
1.610413
1.626974
1.626974
1.639319
1.639319
1.616489
1.616489
1.620472
1.620472
1.624563
1.624563
1.623129
1.623129
1.624484
1.624484
1.656082
1.656082
1.610130
1.610130
1.624378
1.624378
1.623484
1.623484
1.619094
1.619094
1.636037
1.636037
1.617171
1.617171
1.625273
1.625273
1.621211
1.621211
1.611324
1.611324
1.617649
1.617649
1.638940
1.638940
1.602819
1.602819
1.609423
1.609423
1.618528
1.618528
1.633721
1.633721
1.619432
1.619432
1.632258
1.632258
1.608324
1.608324
1.615403
1.615403
1.630461
1.630461
1.621876
1.621876
1.627418
1.627418
1.617488
1.617488
1.610597
1.610597
1.614076
1.614076
1.622151
1.622151
1.626178
1.626178
1.626403
1.626403
1.625265
1.625265
1.595997
1.595997
1.626804
1.626804
1.609029
1.609029
1.635141
1.635141
1.610927
1.610927
1.627966
1.627966
1.632205
1.632205
1.627230
1.627230
1.625692
1.625692
1.626169
1.626169
1.621338
1.621338
1.611264
1.611264
1.615070
1.615070
1.617299
1.617299
1.622516
1.622516
1.609204
1.609204
1.637936
1.637936
1.625502
1.625502
1.606256
1.606256
1.627780
1.627780
1.623601
1.623601
1.612409
1.612409
1.624900
1.624900
1.619734
1.619734
1.638433
1.638433
1.604080
1.604080
1.624414
1.624414
1.615309
1.615309
1.621995
1.621995
1.643984
1.643984
1.622902
1.622902
1.630777
1.630777
1.617991
1.617991
1.615743
1.615743
1.624634
1.624634
1.619954
1.619954
1.624659
1.624659
1.607469
1.607469
1.617111
1.617111
1.625802
1.625802
1.630695
1.630695
1.626593
1.626593
1.633241
1.633241
1.611838
1.611838
1.636900
1.636900
1.620362
1.620362
1.621150
1.621150
1.621969
1.621969
1.588620
1.588620
1.627873
1.627873
1.623012
1.623012
1.620603
1.620603
1.616524
1.616524
1.620555
1.620555
1.617315
1.617315
1.626910
1.626910
1.625543
1.625543
1.622708
1.622708
1.608256
1.608256
1.625161
1.625161
1.613813
1.613813
1.620187
1.620187
1.619137
1.619137
1.615268
1.615268
1.630143
1.630143
1.620067
1.620067
1.643290
1.643290
1.613746
1.613746
1.622231
1.622231
1.626523
1.626523
1.617361
1.617361
1.625317
1.625317
1.635759
1.635759
1.626619
1.626619
1.620017
1.620017
1.619592
1.619592
1.613824
1.613824
1.626819
1.626819
1.618444
1.618444
1.623625
1.623625
1.617101
1.617101
1.626732
1.626732
1.615541
1.615541
1.621309
1.621309
1.639090
1.639090
1.616735
1.616735
1.620433
1.620433
1.611984
1.611984
1.628662
1.628662
1.624804
1.624804
1.652137
1.652137
1.620672
1.620672
1.625140
1.625140
1.621206
1.621206
1.617285
1.617285
1.615165
1.615165
1.676494
1.676494
1.610090
1.610090
1.611215
1.611215
1.628510
1.628510
1.622475
1.622475
1.632160
1.632160
1.628559
1.628559
1.615838
1.615838
1.632708
1.632708
1.610158
1.610158
1.621541
1.621541
1.626637
1.626637
1.602269
1.602269
1.625034
1.625034
1.625096
1.625096
1.617014
1.617014
1.622738
1.622738
1.615018
1.615018
1.614871
1.614871
1.618713
1.618713
1.631314
1.631314
1.615763
1.615763
1.626269
1.626269
1.611544
1.611544
1.622790
1.622790
1.612262
1.612262
1.621626
1.621626
1.627643
1.627643
1.610993
1.610993
1.634780
1.634780
1.587350
1.587350
1.621632
1.621632
1.626214
1.626214
1.621210
1.621210
1.608152
1.608152
1.624907
1.624907
1.628884
1.628884
1.622979
1.622979
1.622391
1.622391
1.608836
1.608836
1.620840
1.620840
1.623729
1.623729
1.655486
1.655486
1.630585
1.630585
1.615426
1.615426
1.619144
1.619144
1.617408
1.617408
1.613137
1.613137
1.680706
1.680706
1.605218
1.605218
1.625062
1.625062
1.619924
1.619924
1.630289
1.630289
1.618800
1.618800
1.647413
1.647413
1.614040
1.614040
1.622806
1.622806
1.620546
1.620546
1.629693
1.629693
1.617863
1.617863
1.596409
1.596409
1.627664
1.627664
1.626097
1.626097
1.619975
1.619975
1.619627
1.619627
1.605018
1.605018
1.653235
1.653235
1.612227
1.612227
1.628623
1.628623
1.614134
1.614134
1.622373
1.622373
1.620268
1.620268
1.659035
1.659035
1.631279
1.631279
1.613026
1.613026
1.610692
1.610692
1.630387
1.630387
1.617940
1.617940
1.607300
1.607300
1.619109
1.619109
1.627131
1.627131
1.626710
1.626710
1.621035
1.621035
1.606536
1.606536
1.627733
1.627733
1.628506
1.628506
1.628734
1.628734
1.620622
1.620622
1.609903
1.609903
1.613670
1.613670
1.615458
1.615458
1.614127
1.614127
1.622904
1.622904
1.627818
1.627818
1.624398
1.624398
1.611902
1.611902
1.614052
1.614052
1.621704
1.621704
1.626747
1.626747
1.624123
1.624123
1.623657
1.623657
1.606166
1.606166
1.599881
1.599881
1.613896
1.613896
1.608351
1.608351
1.625359
1.625359
1.627628
1.627628
1.622756
1.622756
1.636427
1.636427
1.612194
1.612194
1.620462
1.620462
1.614257
1.614257
1.626864
1.626864
1.621788
1.621788
1.655673
1.655673
1.612919
1.612919
1.613005
1.613005
1.625207
1.625207
1.625978
1.625978
1.625667
1.625667
1.590872
1.590872
1.615508
1.615508
1.631639
1.631639
1.617417
1.617417
1.618729
1.618729
1.613997
1.613997
1.638696
1.638696
1.618027
1.618027
1.625682
1.625682
1.618172
1.618172
1.614241
1.614241
1.623523
1.623523
1.615993
1.615993
1.623941
1.623941
1.619493
1.619493
1.622314
1.622314
1.609675
1.609675
1.625208
1.625208
1.604846
1.604846
1.621886
1.621886
1.613468
1.613468
1.627960
1.627960
1.610067
1.610067
1.619261
1.619261
1.673152
1.673152
1.618163
1.618163
1.618882
1.618882
1.611508
1.611508
1.622850
1.622850
1.624446
1.624446
1.642848
1.642848
1.609069
1.609069
1.616644
1.616644
1.620570
1.620570
1.630431
1.630431
1.617544
1.617544
1.654351
1.654351
1.617862
1.617862
1.645842
1.645842
1.611507
1.611507
1.619696
1.619696
1.604667
1.604667
1.606151
1.606151
1.621107
1.621107
1.609374
1.609374
1.624968
1.624968
1.616542
1.616542
1.623273
1.623273
1.643344
1.643344
1.611263
1.611263
1.623216
1.623216
1.626489
1.626489
1.625438
1.625438
1.610996
1.610996
1.621448
1.621448
1.615229
1.615229
1.624535
1.624535
1.617939
1.617939
1.620553
1.620553
1.621076
1.621076
1.600676
1.600676
1.616359
1.616359
1.612553
1.612553
1.619884
1.619884
1.616276
1.616276
1.632461
1.632461
1.614069
1.614069
1.623390
1.623390
1.622342
1.622342
1.620221
1.620221
1.621683
1.621683
1.613056
1.613056
1.584656
1.584656
1.633511
1.633511
1.611067
1.611067
1.607056
1.607056
1.628330
1.628330
1.618472
1.618472
1.602469
1.602469
1.602782
1.602782
1.623213
1.623213
1.620755
1.620755
1.632501
1.632501
1.617922
1.617922
1.611359
1.611359
1.615291
1.615291
1.621521
1.621521
1.616957
1.616957
1.628969
1.628969
1.614186
1.614186
1.612859
1.612859
1.615552
1.615552
1.622292
1.622292
1.621245
1.621245
1.625615
1.625615
1.611835
1.611835
1.614565
1.614565
1.625625
1.625625
1.614094
1.614094
1.614626
1.614626
1.620973
1.620973
1.624566
1.624566
1.582174
1.582174
1.623040
1.623040
1.620857
1.620857
1.622643
1.622643
1.617865
1.617865
1.607052
1.607052
1.651724
1.651724
1.623176
1.623176
1.610203
1.610203
1.621171
1.621171
1.623694
1.623694
1.618473
1.618473
1.600340
1.600340
1.609698
1.609698
1.619149
1.619149
1.616049
1.616049
1.625691
1.625691
1.627011
1.627011
1.589284
1.589284
1.612310
1.612310
1.615809
1.615809
1.615527
1.615527
1.614984
1.614984
1.634910
1.634910
1.623065
1.623065
1.605880
1.605880
1.623742
1.623742
1.623108
1.623108
1.627130
1.627130
1.611934
1.611934
1.637044
1.637044
1.620561
1.620561
1.608124
1.608124
1.614085
1.614085
1.625804
1.625804
1.620180
1.620180
1.662483
1.662483
1.626902
1.626902
1.610281
1.610281
1.614481
1.614481
1.623581
1.623581
1.619382
1.619382
1.609262
1.609262
1.630764
1.630764
1.616845
1.616845
1.609694
1.609694
1.618365
1.618365
1.617248
1.617248
1.621469
1.621469
1.610530
1.610530
1.611581
1.611581
1.627422
1.627422
1.615052
1.615052
1.626060
1.626060
1.638545
1.638545
1.617899
1.617899
1.619636
1.619636
1.620198
1.620198
1.607693
1.607693
1.628037
1.628037
1.610455
1.610455
1.611696
1.611696
1.616429
1.616429
1.622919
1.622919
1.616533
1.616533
1.622430
1.622430
1.636762
1.636762
1.612759
1.612759
1.614724
1.614724
1.622153
1.622153
1.617459
1.617459
1.627475
1.627475
1.593073
1.593073
1.618844
1.618844
1.618935
1.618935
1.619064
1.619064
1.614298
1.614298
1.619924
1.619924
1.621295
1.621295
1.623957
1.623957
1.623079
1.623079
1.620549
1.620549
1.607649
1.607649
1.616319
1.616319
1.614719
1.614719
1.601750
1.601750
1.624142
1.624142
1.630837
1.630837
1.624296
1.624296
1.611693
1.611693
1.602530
1.602530
1.619224
1.619224
1.612078
1.612078
1.618570
1.618570
1.625093
1.625093
1.617874
1.617874
1.600009
1.600009
1.614208
1.614208
1.618113
1.618113
1.621605
1.621605
1.612701
1.612701
1.627996
1.627996
1.583515
1.583515
1.612447
1.612447
1.615668
1.615668
1.624670
1.624670
1.621037
1.621037
1.620421
1.620421
1.586093
1.586093
1.620798
1.620798
1.608679
1.608679
1.625662
1.625662
1.617838
1.617838
1.617285
1.617285
1.620212
1.620212
1.619427
1.619427
1.638696
1.638696
1.622097
1.622097
1.607009
1.607009
1.603058
1.603058
1.618873
1.618873
1.619351
1.619351
1.615282
1.615282
1.620370
1.620370
1.622706
1.622706
1.614342
1.614342
1.600873
1.600873
1.609776
1.609776
1.615919
1.615919
1.623579
1.623579
1.624925
1.624925
1.614257
1.614257
1.631092
1.631092
1.612663
1.612663
1.614791
1.614791
1.615319
1.615319
1.620886
1.620886
1.619680
1.619680
1.673991
1.673991
1.620463
1.620463
1.611652
1.611652
1.617712
1.617712
1.620960
1.620960
1.620759
1.620759
1.599258
1.599258
1.616347
1.616347
1.611193
1.611193
1.614318
1.614318
1.619366
1.619366
1.631181
1.631181
1.590546
1.590546
1.625599
1.625599
1.617776
1.617776
1.621601
1.621601
1.620575
1.620575
1.609293
1.609293
1.566952
1.566952
1.627435
1.627435
1.622790
1.622790
1.611646
1.611646
1.611221
1.611221
1.615449
1.615449
1.620090
1.620090
1.624808
1.624808
1.629558
1.629558
1.610768
1.610768
1.627512
1.627512
1.599124
1.599124
1.587188
1.587188
1.620784
1.620784
1.627707
1.627707
1.620090
1.620090
1.613506
1.613506
1.605134
1.605134
1.623026
1.623026
1.616698
1.616698
1.616119
1.616119
1.618036
1.618036
1.627869
1.627869
1.608571
1.608571
1.618036
1.618036
1.614173
1.614173
1.610942
1.610942
1.603509
1.603509
1.627455
1.627455
1.629106
1.629106
1.632213
1.632213
1.602499
1.602499
1.615156
1.615156
1.620162
1.620162
1.621844
1.621844
1.626120
1.626120
1.623863
1.623863
1.622702
1.622702
1.626471
1.626471
1.610563
1.610563
1.612981
1.612981
1.613320
1.613320
1.617334
1.617334
1.617924
1.617924
1.624229
1.624229
1.619555
1.619555
1.617354
1.617354
1.607351
1.607351
1.609237
1.609237
1.620611
1.620611
1.612697
1.612697
1.628919
1.628919
1.612570
1.612570
1.606025
1.606025
1.655300
1.655300
1.618667
1.618667
1.613812
1.613812
1.620178
1.620178
1.622091
1.622091
1.606974
1.606974
1.645193
1.645193
1.616205
1.616205
1.606297
1.606297
1.619678
1.619678
1.623215
1.623215
1.618587
1.618587
1.622886
1.622886
1.624511
1.624511
1.604036
1.604036
1.634398
1.634398
1.620690
1.620690
1.600612
1.600612
1.618548
1.618548
1.623852
1.623852
1.614213
1.614213
1.616079
1.616079
1.620096
1.620096
1.613573
1.613573
1.585623
1.585623
1.615879
1.615879
1.628437
1.628437
1.619467
1.619467
1.607629
1.607629
1.615718
1.615718
1.589917
1.589917
1.613371
1.613371
1.620752
1.620752
1.614902
1.614902
1.620351
1.620351
1.613975
1.613975
1.621668
1.621668
1.619938
1.619938
1.611209
1.611209
1.626923
1.626923
1.620662
1.620662
1.607363
1.607363
1.596254
1.596254
1.622655
1.622655
1.621652
1.621652
1.614705
1.614705
1.610716
1.610716
1.616652
1.616652
1.592802
1.592802
1.613729
1.613729
1.629581
1.629581
1.606578
1.606578
1.619538
1.619538
1.612640
1.612640
1.629888
1.629888
1.611969
1.611969
1.615130
1.615130
1.624531
1.624531
1.615317
1.615317
1.619619
1.619619
1.590280
1.590280
1.614068
1.614068
1.622705
1.622705
1.608306
1.608306
1.614127
1.614127
1.623423
1.623423
1.624148
1.624148
1.612958
1.612958
1.616829
1.616829
1.613799
1.613799
1.628867
1.628867
1.608709
1.608709
1.635588
1.635588
1.615794
1.615794
1.615777
1.615777
1.610545
1.610545
1.614329
1.614329
1.623423
1.623423
1.645507
1.645507
1.611308
1.611308
1.612037
1.612037
1.617706
1.617706
1.617766
1.617766
1.620685
1.620685
1.646564
1.646564
1.618042
1.618042
1.610945
1.610945
1.617779
1.617779
1.616047
1.616047
1.620384
1.620384
1.610144
1.610144
1.622903
1.622903
1.626179
1.626179
1.593819
1.593819
1.620034
1.620034
1.618820
1.618820
1.619878
1.619878
1.614142
1.614142
1.628495
1.628495
1.607514
1.607514
1.606220
1.606220
1.628802
1.628802
1.589573
1.589573
1.615362
1.615362
1.617247
1.617247
1.606235
1.606235
1.622796
1.622796
1.620468
1.620468
1.616753
1.616753
1.622072
1.622072
1.613588
1.613588
1.623784
1.623784
1.606748
1.606748
1.615941
1.615941
1.615965
1.615965
1.609286
1.609286
1.614694
1.614694
1.614573
1.614573
1.626444
1.626444
1.615583
1.615583
1.625287
1.625287
1.629539
1.629539
1.615209
1.615209
1.619037
1.619037
1.619805
1.619805
1.598286
1.598286
1.610350
1.610350
1.619580
1.619580
1.618171
1.618171
1.611337
1.611337
1.615031
1.615031
1.617400
1.617400
1.611207
1.611207
1.624579
1.624579
1.603385
1.603385
1.606140
1.606140
1.625945
1.625945
1.625961
1.625961
1.569891
1.569891
1.607001
1.607001
1.619705
1.619705
1.611587
1.611587
1.621970
1.621970
1.619942
1.619942
1.619086
1.619086
1.615531
1.615531
1.616296
1.616296
1.601007
1.601007
1.631250
1.631250
1.616267
1.616267
1.616841
1.616841
1.630995
1.630995
1.616777
1.616777
1.605752
1.605752
1.624317
1.624317
1.603423
1.603423
1.609282
1.609282
1.629432
1.629432
1.609793
1.609793
1.609434
1.609434
1.612027
1.612027
1.617395
1.617395
1.636729
1.636729
1.615895
1.615895
1.606005
1.606005
1.608549
1.608549
1.630821
1.630821
1.622184
1.622184
1.586181
1.586181
1.622044
1.622044
1.626588
1.626588
1.625707
1.625707
1.605882
1.605882
1.601393
1.601393
1.597890
1.597890
1.616933
1.616933
1.615028
1.615028
1.621760
1.621760
1.610602
1.610602
1.612834
1.612834
1.631374
1.631374
1.618535
1.618535
1.618374
1.618374
1.619894
1.619894
1.603846
1.603846
1.610492
1.610492
1.679103
1.679103
1.607928
1.607928
1.615983
1.615983
1.623064
1.623064
1.617861
1.617861
1.613744
1.613744
1.611187
1.611187
1.611534
1.611534
1.619001
1.619001
1.609660
1.609660
1.620411
1.620411
1.619602
1.619602
1.596099
1.596099
1.613863
1.613863
1.610785
1.610785
1.617708
1.617708
1.611807
1.611807
1.624492
1.624492
1.609242
1.609242
1.617843
1.617843
1.615749
1.615749
1.605913
1.605913
1.617399
1.617399
1.619490
1.619490
1.630556
1.630556
1.618836
1.618836
1.616500
1.616500
1.600345
1.600345
1.630018
1.630018
1.611637
1.611637
1.623546
1.623546
1.614112
1.614112
1.623064
1.623064
1.602777
1.602777
1.622182
1.622182
1.618924
1.618924
1.591980
1.591980
1.615830
1.615830
1.616116
1.616116
1.604667
1.604667
1.623785
1.623785
1.617828
1.617828
1.617446
1.617446
1.621088
1.621088
1.614339
1.614339
1.606484
1.606484
1.624779
1.624779
1.611843
1.611843
1.614155
1.614155
1.614445
1.614445
1.606393
1.606393
1.612970
1.612970
1.614829
1.614829
1.627525
1.627525
1.633365
1.633365
1.605172
1.605172
1.625041
1.625041
1.625525
1.625525
1.606314
1.606314
1.617065
1.617065
1.604208
1.604208
1.613558
1.613558
1.603214
1.603214
1.614417
1.614417
1.630771
1.630771
1.614053
1.614053
1.629271
1.629271
1.621176
1.621176
1.612947
1.612947
1.623349
1.623349
1.612309
1.612309
1.606914
1.606914
1.621835
1.621835
1.616957
1.616957
1.617776
1.617776
1.624096
1.624096
1.598916
1.598916
1.621998
1.621998
1.592267
1.592267
1.626713
1.626713
1.607710
1.607710
1.615757
1.615757
1.612764
1.612764
1.612263
1.612263
1.629887
1.629887
1.611435
1.611435
1.617907
1.617907
1.607190
1.607190
1.613507
1.613507
1.628511
1.628511
1.599376
1.599376
1.614094
1.614094
1.611061
1.611061
1.621477
1.621477
1.616166
1.616166
1.616050
1.616050
1.594987
1.594987
1.603161
1.603161
1.613647
1.613647
1.615123
1.615123
1.623486
1.623486
1.624301
1.624301
1.584764
1.584764
1.613603
1.613603
1.612647
1.612647
1.606953
1.606953
1.620100
1.620100
1.621379
1.621379
1.625527
1.625527
1.614459
1.614459
1.614959
1.614959
1.619620
1.619620
1.610951
1.610951
1.611091
1.611091
1.652521
1.652521
1.608089
1.608089
1.616604
1.616604
1.621422
1.621422
1.614374
1.614374
1.615281
1.615281
1.608179
1.608179
1.613957
1.613957
1.614728
1.614728
1.608702
1.608702
1.613132
1.613132
1.622262
1.622262
1.632700
1.632700
1.631788
1.631788
1.616638
1.616638
1.613206
1.613206
1.609596
1.609596
1.605911
1.605911
1.592002
1.592002
1.613531
1.613531
1.608255
1.608255
1.613888
1.613888
1.631034
1.631034
1.608527
1.608527
1.606547
1.606547
1.608061
1.608061
1.610924
1.610924
1.624209
1.624209
1.613818
1.613818
1.612200
1.612200
1.657255
1.657255
1.615725
1.615725
1.609947
1.609947
1.602356
1.602356
1.621376
1.621376
1.625942
1.625942
1.601265
1.601265
1.618549
1.618549
1.603632
1.603632
1.619099
1.619099
1.623220
1.623220
1.611721
1.611721
1.590729
1.590729
1.631365
1.631365
1.599396
1.599396
1.621487
1.621487
1.610898
1.610898
1.610122
1.610122
1.615150
1.615150
1.623226
1.623226
1.608576
1.608576
1.608780
1.608780
1.615681
1.615681
1.614563
1.614563
1.633984
1.633984
1.613109
1.613109
1.605628
1.605628
1.611784
1.611784
1.617396
1.617396
1.624225
1.624225
1.619750
1.619750
1.610114
1.610114
1.628918
1.628918
1.612620
1.612620
1.612036
1.612036
1.613116
1.613116
1.576665
1.576665
1.618425
1.618425
1.629124
1.629124
1.605878
1.605878
1.618999
1.618999
1.602445
1.602445
1.590736
1.590736
1.612114
1.612114
1.622516
1.622516
1.606326
1.606326
1.622199
1.622199
1.606895
1.606895
1.628987
1.628987
1.614800
1.614800
1.619625
1.619625
1.617052
1.617052
1.620466
1.620466
1.602964
1.602964
1.582859
1.582859
1.619674
1.619674
1.614179
1.614179
1.626859
1.626859
1.603930
1.603930
1.607698
1.607698
1.604012
1.604012
1.620151
1.620151
1.619619
1.619619
1.602720
1.602720
1.613605
1.613605
1.612771
1.612771
1.632974
1.632974
1.618930
1.618930
1.614114
1.614114
1.602007
1.602007
1.606860
1.606860
1.628072
1.628072
1.620867
1.620867
1.619845
1.619845
1.616177
1.616177
1.618610
1.618610
1.603288
1.603288
1.612817
1.612817
1.613460
1.613460
1.617233
1.617233
1.617406
1.617406
1.606988
1.606988
1.616415
1.616415
1.612912
1.612912
1.611614
1.611614
1.626691
1.626691
1.609861
1.609861
1.599538
1.599538
1.615965
1.615965
1.620434
1.620434
1.596241
1.596241
1.616835
1.616835
1.617359
1.617359
1.609260
1.609260
1.604337
1.604337
1.621163
1.621163
1.623700
1.623700
1.610196
1.610196
1.619456
1.619456
1.610648
1.610648
1.611569
1.611569
1.617834
1.617834
1.613767
1.613767
1.602868
1.602868
1.619018
1.619018
1.609157
1.609157
1.620913
1.620913
1.614433
1.614433
1.642249
1.642249
1.616899
1.616899
1.608995
1.608995
1.617267
1.617267
1.608150
1.608150
1.616627
1.616627
1.628598
1.628598
1.626316
1.626316
1.598039
1.598039
1.611350
1.611350
1.610450
1.610450
1.619594
1.619594
1.644735
1.644735
1.609242
1.609242
1.612718
1.612718
1.608767
1.608767
1.617117
1.617117
1.620273
1.620273
1.618904
1.618904
1.617102
1.617102
1.616522
1.616522
1.608112
1.608112
1.613398
1.613398
1.613624
1.613624
1.609964
1.609964
1.619086
1.619086
1.612681
1.612681
1.618290
1.618290
1.606505
1.606505
1.614392
1.614392
1.588673
1.588673
1.622673
1.622673
1.612920
1.612920
1.614484
1.614484
1.611466
1.611466
1.607847
1.607847
1.600592
1.600592
1.623017
1.623017
1.609833
1.609833
1.612511
1.612511
1.603213
1.603213
1.618323
1.618323
1.621917
1.621917
1.598362
1.598362
1.622216
1.622216
1.599535
1.599535
1.629625
1.629625
1.618775
1.618775
1.606445
1.606445
1.609887
1.609887
1.624574
1.624574
1.616045
1.616045
1.600336
1.600336
1.615049
1.615049
1.628273
1.628273
1.610377
1.610377
1.607800
1.607800
1.618312
1.618312
1.610197
1.610197
1.617500
1.617500
1.640965
1.640965
1.614042
1.614042
1.616938
1.616938
1.607761
1.607761
1.607360
1.607360
1.621154
1.621154
1.611853
1.611853
1.620918
1.620918
1.607996
1.607996
1.614907
1.614907
1.614405
1.614405
1.604426
1.604426
1.651036
1.651036
1.616169
1.616169
1.610220
1.610220
1.604802
1.604802
1.613981
1.613981
1.624408
1.624408
1.588495
1.588495
1.627517
1.627517
1.605489
1.605489
1.609520
1.609520
1.602704
1.602704
1.620715
1.620715
1.619311
1.619311
1.620610
1.620610
1.603265
1.603265
1.602041
1.602041
1.624353
1.624353
1.615139
1.615139
1.624195
1.624195
1.617359
1.617359
1.626817
1.626817
1.599149
1.599149
1.609057
1.609057
1.608166
1.608166
1.666889
1.666889
1.612561
1.612561
1.612820
1.612820
1.625220
1.625220
1.607713
1.607713
1.608653
1.608653
1.610085
1.610085
1.600094
1.600094
1.613064
1.613064
1.622766
1.622766
1.615183
1.615183
1.617719
1.617719
1.593279
1.593279
1.627214
1.627214
1.608986
1.608986
1.609427
1.609427
1.601638
1.601638
1.616169
1.616169
1.640755
1.640755
1.609841
1.609841
1.600103
1.600103
1.625533
1.625533
1.617406
1.617406
1.608348
1.608348
1.659458
1.659458
1.614415
1.614415
1.611638
1.611638
1.612125
1.612125
1.615671
1.615671
1.611408
1.611408
1.623252
1.623252
1.611913
1.611913
1.611465
1.611465
1.619110
1.619110
1.610931
1.610931
1.612606
1.612606
1.613603
1.613603
1.636374
1.636374
1.614316
1.614316
1.590679
1.590679
1.613807
1.613807
1.612549
1.612549
1.596264
1.596264
1.628571
1.628571
1.613814
1.613814
1.616300
1.616300
1.592932
1.592932
1.613037
1.613037
1.621009
1.621009
1.605221
1.605221
1.611086
1.611086
1.620225
1.620225
1.609931
1.609931
1.621274
1.621274
1.590291
1.590291
1.609182
1.609182
1.610643
1.610643
1.612030
1.612030
1.601783
1.601783
1.631397
1.631397
1.609663
1.609663
1.604744
1.604744
1.623668
1.623668
1.607992
1.607992
1.601389
1.601389
1.627365
1.627365
1.604734
1.604734
1.604358
1.604358
1.615898
1.615898
1.622878
1.622878
1.614212
1.614212
1.610554
1.610554
1.580867
1.580867
1.615673
1.615673
1.624036
1.624036
1.602918
1.602918
1.619700
1.619700
1.602525
1.602525
1.607699
1.607699
1.615670
1.615670
1.617342
1.617342
1.608344
1.608344
1.608804
1.608804
1.613958
1.613958
1.614189
1.614189
1.604239
1.604239
1.615678
1.615678
1.618325
1.618325
1.623260
1.623260
1.603786
1.603786
1.604111
1.604111
1.614249
1.614249
1.614006
1.614006
1.600554
1.600554
1.628334
1.628334
1.608728
1.608728
1.599227
1.599227
1.602689
1.602689
1.604300
1.604300
1.609200
1.609200
1.622971
1.622971
1.623462
1.623462
1.627219
1.627219
1.609157
1.609157
1.615532
1.615532
1.610792
1.610792
1.602671
1.602671
1.622935
1.622935
1.639971
1.639971
1.603838
1.603838
1.612194
1.612194
1.613422
1.613422
1.622408
1.622408
1.618596
1.618596
1.556012
1.556012
1.621304
1.621304
1.602072
1.602072
1.619660
1.619660
1.614138
1.614138
1.605642
1.605642
1.621716
1.621716
1.624414
1.624414
1.612119
1.612119
1.596452
1.596452
1.610751
1.610751
1.618357
1.618357
1.626153
1.626153
1.600514
1.600514
1.621673
1.621673
1.622367
1.622367
1.600819
1.600819
1.617512
1.617512
1.615410
1.615410
1.605895
1.605895
1.617372
1.617372
1.606332
1.606332
1.622315
1.622315
1.609038
1.609038
1.629375
1.629375
1.608302
1.608302
1.609490
1.609490
1.601982
1.601982
1.610416
1.610416
1.629244
1.629244
1.640947
1.640947
1.607522
1.607522
1.616339
1.616339
1.612717
1.612717
1.616714
1.616714
1.610323
1.610323
1.601968
1.601968
1.607364
1.607364
1.632426
1.632426
1.603897
1.603897
1.608577
1.608577
1.612960
1.612960
1.585334
1.585334
1.620315
1.620315
1.608800
1.608800
1.622307
1.622307
1.603350
1.603350
1.608031
1.608031
1.603709
1.603709
1.608570
1.608570
1.615547
1.615547
1.608508
1.608508
1.611585
1.611585
1.616349
1.616349
1.620248
1.620248
1.605098
1.605098
1.617328
1.617328
1.612118
1.612118
1.612099
1.612099
1.618842
1.618842
1.573878
1.573878
1.615884
1.615884
1.608690
1.608690
1.604232
1.604232
1.613732
1.613732
1.619986
1.619986
1.597372
1.597372
1.612289
1.612289
1.604991
1.604991
1.614204
1.614204
1.608632
1.608632
1.620492
1.620492
1.614732
1.614732
1.620676
1.620676
1.600372
1.600372
1.605032
1.605032
1.613843
1.613843
1.622815
1.622815
1.598337
1.598337
1.614626
1.614626
1.611686
1.611686
1.613380
1.613380
1.604726
1.604726
1.616587
1.616587
1.616732
1.616732
1.618580
1.618580
1.614290
1.614290
1.600964
1.600964
1.615760
1.615760
1.607831
1.607831
1.650373
1.650373
1.607225
1.607225
1.630736
1.630736
1.609398
1.609398
1.600063
1.600063
1.613726
1.613726
1.618808
1.618808
1.618647
1.618647
1.612037
1.612037
1.600568
1.600568
1.620928
1.620928
1.611524
1.611524
1.596835
1.596835
1.619470
1.619470
1.609890
1.609890
1.614345
1.614345
1.623779
1.623779
1.601545
1.601545
1.550413
1.550413
1.616509
1.616509
1.599180
1.599180
1.607684
1.607684
1.614784
1.614784
1.624553
1.624553
1.603990
1.603990
1.626403
1.626403
1.608832
1.608832
1.606382
1.606382
1.614559
1.614559
1.607908
1.607908
1.588285
1.588285
1.616084
1.616084
1.613802
1.613802
1.606086
1.606086
1.612168
1.612168
1.612759
1.612759
1.613973
1.613973
1.620630
1.620630
1.602991
1.602991
1.611762
1.611762
1.611437
1.611437
1.615804
1.615804
1.599084
1.599084
1.604514
1.604514
1.608266
1.608266
1.605448
1.605448
1.629999
1.629999
1.614257
1.614257
1.598694
1.598694
1.606877
1.606877
1.601757
1.601757
1.625168
1.625168
1.612625
1.612625
1.612419
1.612419
1.628980
1.628980
1.596573
1.596573
1.619477
1.619477
1.618634
1.618634
1.610547
1.610547
1.609752
1.609752
1.663274
1.663274
1.614663
1.614663
1.607525
1.607525
1.613241
1.613241
1.613627
1.613627
1.609807
1.609807
1.628188
1.628188
1.624705
1.624705
1.607592
1.607592
1.601427
1.601427
1.619529
1.619529
1.609982
1.609982
1.589722
1.589722
1.611964
1.611964
1.610335
1.610335
1.606916
1.606916
1.619968
1.619968
1.614838
1.614838
1.582536
1.582536
1.612586
1.612586
1.598072
1.598072
1.613839
1.613839
1.618512
1.618512
1.619641
1.619641
1.593461
1.593461
1.612435
1.612435
1.609222
1.609222
1.615703
1.615703
1.620478
1.620478
1.603232
1.603232
1.605783
1.605783
1.620908
1.620908
1.597432
1.597432
1.612938
1.612938
1.621698
1.621698
1.610970
1.610970
1.578330
1.578330
1.607142
1.607142
1.609555
1.609555
1.609181
1.609181
1.616048
1.616048
1.614992
1.614992
1.637687
1.637687
1.611810
1.611810
1.615408
1.615408
1.614663
1.614663
1.615684
1.615684
1.605778
1.605778
1.579423
1.579423
1.609551
1.609551
1.608247
1.608247
1.615575
1.615575
1.617684
1.617684
1.605723
1.605723
1.634543
1.634543
1.624923
1.624923
1.611294
1.611294
1.610224
1.610224
1.619974
1.619974
1.593402
1.593402
1.606318
1.606318
1.606409
1.606409
1.605094
1.605094
1.611190
1.611190
1.621931
1.621931
1.614798
1.614798
1.608592
1.608592
1.603684
1.603684
1.626825
1.626825
1.614655
1.614655
1.599952
1.599952
1.609143
1.609143
1.651710
1.651710
1.613496
1.613496
1.616060
1.616060
1.615279
1.615279
1.606806
1.606806
1.608973
1.608973
1.592608
1.592608
1.620186
1.620186
1.603525
1.603525
1.605957
1.605957
1.618045
1.618045
1.607017
1.607017
1.641862
1.641862
1.607360
1.607360
1.611520
1.611520
1.607437
1.607437
1.620906
1.620906
1.609506
1.609506
1.621852
1.621852
1.601104
1.601104
1.622420
1.622420
1.619613
1.619613
1.615180
1.615180
1.602836
1.602836
1.580277
1.580277
1.617236
1.617236
1.613107
1.613107
1.612415
1.612415
1.607982
1.607982
1.610757
1.610757
1.574492
1.574492
1.601988
1.601988
1.617359
1.617359
1.616672
1.616672
1.607106
1.607106
1.608738
1.608738
1.656986
1.656986
1.605313
1.605313
1.611374
1.611374
1.609426
1.609426
1.619536
1.619536
1.611069
1.611069
1.611748
1.611748
1.609388
1.609388
1.605524
1.605524
1.608987
1.608987
1.623135
1.623135
1.608573
1.608573
1.618556
1.618556
1.615066
1.615066
1.616713
1.616713
1.603229
1.603229
1.610510
1.610510
1.607293
1.607293
1.641576
1.641576
1.606398
1.606398
1.622120
1.622120
1.606885
1.606885
1.610738
1.610738
1.608581
1.608581
1.624394
1.624394
1.614133
1.614133
1.618370
1.618370
1.607060
1.607060
1.608941
1.608941
1.604485
1.604485
1.639336
1.639336
1.602854
1.602854
1.608104
1.608104
1.609695
1.609695
1.618378
1.618378
1.615167
1.615167
1.627755
1.627755
1.617922
1.617922
1.616139
1.616139
1.609941
1.609941
1.611930
1.611930
1.597916
1.597916
1.629620
1.629620
1.614724
1.614724
1.608174
1.608174
1.613896
1.613896
1.613065
1.613065
1.607450
1.607450
1.597733
1.597733
1.611156
1.611156
1.602709
1.602709
1.623427
1.623427
1.610228
1.610228
1.611036
1.611036
1.586033
1.586033
1.595254
1.595254
1.625591
1.625591
1.609809
1.609809
1.603664
1.603664
1.620455
1.620455
1.618048
1.618048
1.606401
1.606401
1.611288
1.611288
1.609632
1.609632
1.610310
1.610310
1.617063
1.617063
1.617854
1.617854
1.611962
1.611962
1.607689
1.607689
1.612532
1.612532
1.610431
1.610431
1.616257
1.616257
1.580507
1.580507
1.609243
1.609243
1.611446
1.611446
1.612013
1.612013
1.609760
1.609760
1.611374
1.611374
1.624556
1.624556
1.612241
1.612241
1.620551
1.620551
1.606669
1.606669
1.598870
1.598870
1.618424
1.618424
1.599142
1.599142
1.604782
1.604782
1.615340
1.615340
1.606822
1.606822
1.608032
1.608032
1.620859
1.620859
1.605787
1.605787
1.606255
1.606255
1.614563
1.614563
1.607460
1.607460
1.620671
1.620671
1.598465
1.598465
1.677060
1.677060
1.623680
1.623680
1.595507
1.595507
1.612439
1.612439
1.603580
1.603580
1.620069
1.620069
1.605979
1.605979
1.603268
1.603268
1.606972
1.606972
1.611167
1.611167
1.614373
1.614373
1.617632
1.617632
1.619622
1.619622
1.621774
1.621774
1.604330
1.604330
1.615173
1.615173
1.612043
1.612043
1.600971
1.600971
1.609206
1.609206
1.611578
1.611578
1.607407
1.607407
1.597909
1.597909
1.612671
1.612671
1.621481
1.621481
1.634830
1.634830
1.619476
1.619476
1.612954
1.612954
1.613348
1.613348
1.604677
1.604677
1.604381
1.604381
1.599467
1.599467
1.622227
1.622227
1.603467
1.603467
1.610684
1.610684
1.615708
1.615708
1.603778
1.603778
1.589456
1.589456
1.601812
1.601812
1.609305
1.609305
1.616398
1.616398
1.612031
1.612031
1.611144
1.611144
1.634070
1.634070
1.614685
1.614685
1.613583
1.613583
1.614553
1.614553
1.595148
1.595148
1.615984
1.615984
1.604625
1.604625
1.610963
1.610963
1.605950
1.605950
1.606003
1.606003
1.611966
1.611966
1.619829
1.619829
1.595740
1.595740
1.610637
1.610637
1.608582
1.608582
1.616769
1.616769
1.598056
1.598056
1.619228
1.619228
1.606344
1.606344
1.605135
1.605135
1.614952
1.614952
1.611887
1.611887
1.605671
1.605671
1.616155
1.616155
1.601872
1.601872
1.625229
1.625229
1.598932
1.598932
1.610652
1.610652
1.618706
1.618706
1.601828
1.601828
1.589414
1.589414
1.599117
1.599117
1.615216
1.615216
1.617319
1.617319
1.600129
1.600129
1.614765
1.614765
1.665942
1.665942
1.605726
1.605726
1.625180
1.625180
1.603053
1.603053
1.611742
1.611742
1.608125
1.608125
1.601478
1.601478
1.618086
1.618086
1.587551
1.587551
1.610697
1.610697
1.620162
1.620162
1.614326
1.614326
1.625836
1.625836
1.610632
1.610632
1.612149
1.612149
1.604326
1.604326
1.615738
1.615738
1.612627
1.612627
1.583507
1.583507
1.611925
1.611925
1.607776
1.607776
1.610425
1.610425
1.610013
1.610013
1.611030
1.611030
1.621382
1.621382
1.606466
1.606466
1.606133
1.606133
1.620079
1.620079
1.606756
1.606756
1.609074
1.609074
1.644425
1.644425
1.609531
1.609531
1.605210
1.605210
1.621094
1.621094
1.604504
1.604504
1.611106
1.611106
1.616632
1.616632
1.618916
1.618916
1.608107
1.608107
1.609619
1.609619
1.599496
1.599496
1.613264
1.613264
1.633507
1.633507
1.608205
1.608205
1.607991
1.607991
1.609480
1.609480
1.610124
1.610124
1.616398
1.616398
1.607428
1.607428
1.613754
1.613754
1.615757
1.615757
1.610106
1.610106
1.610324
1.610324
1.602306
1.602306
1.605319
1.605319
1.594178
1.594178
1.614589
1.614589
1.606819
1.606819
1.618971
1.618971
1.615003
1.615003
1.627712
1.627712
1.608598
1.608598
1.617939
1.617939
1.605936
1.605936
1.612794
1.612794
1.602465
1.602465
1.642929
1.642929
1.604925
1.604925
1.615969
1.615969
1.598032
1.598032
1.618550
1.618550
1.614015
1.614015
1.610669
1.610669
1.605130
1.605130
1.613845
1.613845
1.604884
1.604884
1.609592
1.609592
1.619948
1.619948
1.594529
1.594529
1.610017
1.610017
1.610872
1.610872
1.621932
1.621932
1.596207
1.596207
1.614316
1.614316
1.594339
1.594339
1.620314
1.620314
1.595912
1.595912
1.613294
1.613294
1.605661
1.605661
1.615004
1.615004
1.620432
1.620432
1.601725
1.601725
1.619993
1.619993
1.605971
1.605971
1.606763
1.606763
1.614954
1.614954
1.625084
1.625084
1.614430
1.614430
1.608906
1.608906
1.604141
1.604141
1.614307
1.614307
1.611317
1.611317
1.589627
1.589627
1.613290
1.613290
1.601081
1.601081
1.607317
1.607317
1.628082
1.628082
1.602928
1.602928
1.589142
1.589142
1.609369
1.609369
1.613411
1.613411
1.598041
1.598041
1.610820
1.610820
1.613690
1.613690
1.651934
1.651934
1.603370
1.603370
1.605133
1.605133
1.607279
1.607279
1.615826
1.615826
1.615290
1.615290
1.637438
1.637438
1.611704
1.611704
1.604660
1.604660
1.614746
1.614746
1.607751
1.607751
1.610699
1.610699
1.613345
1.613345
1.618634
1.618634
1.604190
1.604190
1.607556
1.607556
1.598959
1.598959
1.618743
1.618743
1.625736
1.625736
1.615613
1.615613
1.611341
1.611341
1.613617
1.613617
1.612429
1.612429
1.593882
1.593882
1.635702
1.635702
1.616511
1.616511
1.612635
1.612635
1.604101
1.604101
1.607486
1.607486
1.604506
1.604506
1.648658
1.648658
1.613834
1.613834
1.611165
1.611165
1.599300
1.599300
1.603129
1.603129
1.623947
1.623947
1.592900
1.592900
1.616031
1.616031
1.590911
1.590911
1.607472
1.607472
1.615639
1.615639
1.619673
1.619673
1.604094
1.604094
1.609744
1.609744
1.613205
1.613205
1.613971
1.613971
1.602638
1.602638
1.611977
1.611977
1.585951
1.585951
1.610763
1.610763
1.611904
1.611904
1.606318
1.606318
1.619505
1.619505
1.597916
1.597916
1.629076
1.629076
1.588924
1.588924
1.614077
1.614077
1.618119
1.618119
1.623353
1.623353
1.599521
1.599521
1.648618
1.648618
1.608571
1.608571
1.607054
1.607054
1.607082
1.607082
1.604194
1.604194
1.617224
1.617224
1.646216
1.646216
1.623800
1.623800
1.614626
1.614626
1.603829
1.603829
1.608599
1.608599
1.602533
1.602533
1.563039
1.563039
1.599044
1.599044
1.615977
1.615977
1.613512
1.613512
1.616576
1.616576
1.607654
1.607654
1.568138
1.568138
1.617877
1.617877
1.602876
1.602876
1.610747
1.610747
1.611803
1.611803
1.603287
1.603287
1.623115
1.623115
1.617808
1.617808
1.602963
1.602963
1.595153
1.595153
1.609481
1.609481
1.622557
1.622557
1.612093
1.612093
1.610163
1.610163
1.606258
1.606258
1.610190
1.610190
1.606719
1.606719
1.614145
1.614145
1.616561
1.616561
1.601306
1.601306
1.601528
1.601528
1.608118
1.608118
1.615266
1.615266
1.623154
1.623154
1.599920
1.599920
1.614826
1.614826
1.620695
1.620695
1.612878
1.612878
1.597464
1.597464
1.604581
1.604581
1.590800
1.590800
1.603592
1.603592
1.604934
1.604934
1.603478
1.603478
1.612369
1.612369
1.620861
1.620861
1.637438
1.637438
1.612118
1.612118
1.602966
1.602966
1.610347
1.610347
1.604306
1.604306
1.613702
1.613702
1.652993
1.652993
1.609730
1.609730
1.613067
1.613067
1.607050
1.607050
1.611614
1.611614
1.608478
1.608478
1.594147
1.594147
1.618016
1.618016
1.614902
1.614902
1.599828
1.599828
1.611274
1.611274
1.607349
1.607349
1.580804
1.580804
1.615004
1.615004
1.601445
1.601445
1.612331
1.612331
1.614782
1.614782
1.600864
1.600864
1.641851
1.641851
1.615210
1.615210
1.601937
1.601937
1.610107
1.610107
1.616675
1.616675
1.600292
1.600292
1.642654
1.642654
1.596943
1.596943
1.612968
1.612968
1.609490
1.609490
1.607200
1.607200
1.614630
1.614630
1.668568
1.668568
1.611422
1.611422
1.609079
1.609079
1.606924
1.606924
1.600737
1.600737
1.618366
1.618366
1.621424
1.621424
1.616679
1.616679
1.600217
1.600217
1.611897
1.611897
1.608978
1.608978
1.610452
1.610452
1.604123
1.604123
1.614537
1.614537
1.601327
1.601327
1.609633
1.609633
1.621508
1.621508
1.603239
1.603239
1.585444
1.585444
1.607984
1.607984
1.602195
1.602195
1.620040
1.620040
1.610605
1.610605
1.608153
1.608153
1.597490
1.597490
1.607876
1.607876
1.620846
1.620846
1.604964
1.604964
1.607101
1.607101
1.606628
1.606628
1.610917
1.610917
1.606918
1.606918
1.613047
1.613047
1.600797
1.600797
1.613665
1.613665
1.613262
1.613262
1.607631
1.607631
1.601483
1.601483
1.611944
1.611944
1.609877
1.609877
1.612445
1.612445
1.610665
1.610665
1.617578
1.617578
1.601956
1.601956
1.617932
1.617932
1.598840
1.598840
1.620523
1.620523
1.611822
1.611822
1.575437
1.575437
1.618454
1.618454
1.599514
1.599514
1.612531
1.612531
1.613558
1.613558
1.608052
1.608052
1.564984
1.564984
1.592868
1.592868
1.624893
1.624893
1.598580
1.598580
1.615276
1.615276
1.613373
1.613373
1.626125
1.626125
1.598387
1.598387
1.620301
1.620301
1.609356
1.609356
1.607136
1.607136
1.616143
1.616143
1.569759
1.569759
1.605266
1.605266
1.601455
1.601455
1.609650
1.609650
1.614430
1.614430
1.614715
1.614715
1.618850
1.618850
1.619359
1.619359
1.599255
1.599255
1.604635
1.604635
1.609359
1.609359
1.615344
1.615344
1.596877
1.596877
1.607964
1.607964
1.603198
1.603198
1.603460
1.603460
1.618026
1.618026
1.609299
1.609299
1.648926
1.648926
1.616360
1.616360
1.615651
1.615651
1.600934
1.600934
1.602418
1.602418
1.611110
1.611110
1.608365
1.608365
1.615749
1.615749
1.621734
1.621734
1.601952
1.601952
1.612551
1.612551
1.596862
1.596862
1.585530
1.585530
1.597176
1.597176
1.607673
1.607673
1.620869
1.620869
1.614021
1.614021
1.610768
1.610768
1.569629
1.569629
1.605218
1.605218
1.605577
1.605577
1.618062
1.618062
1.613086
1.613086
1.600621
1.600621
1.637856
1.637856
1.601254
1.601254
1.611291
1.611291
1.609638
1.609638
1.605683
1.605683
1.616171
1.616171
1.622298
1.622298
1.613725
1.613725
1.615999
1.615999
1.602000
1.602000
1.608246
1.608246
1.608461
1.608461
1.578523
1.578523
1.603987
1.603987
1.606739
1.606739
1.606538
1.606538
1.614540
1.614540
1.612634
1.612634
1.607267
1.607267
1.604611
1.604611
1.610754
1.610754
1.605894
1.605894
1.599605
1.599605
1.618194
1.618194
1.650173
1.650173
1.607781
1.607781
1.613377
1.613377
1.600426
1.600426
1.614390
1.614390
1.604382
1.604382
1.638655
1.638655
1.608170
1.608170
1.613333
1.613333
1.614978
1.614978
1.609218
1.609218
1.599737
1.599737
1.594361
1.594361
1.601013
1.601013
1.619136
1.619136
1.600931
1.600931
1.596563
1.596563
1.626389
1.626389
1.607550
1.607550
1.609667
1.609667
1.621416
1.621416
1.602598
1.602598
1.601184
1.601184
1.609711
1.609711
1.603940
1.603940
1.610086
1.610086
1.589498
1.589498
1.606544
1.606544
1.618250
1.618250
1.618050
1.618050
1.623576
1.623576
1.612386
1.612386
1.596253
1.596253
1.612094
1.612094
1.614124
1.614124
1.602664
1.602664
1.666015
1.666015
1.616235
1.616235
1.604238
1.604238
1.607274
1.607274
1.606066
1.606066
1.604045
1.604045
1.660979
1.660979
1.616768
1.616768
1.619671
1.619671
1.597997
1.597997
1.611514
1.611514
1.600496
1.600496
1.584691
1.584691
1.601862
1.601862
1.610847
1.610847
1.607167
1.607167
1.613079
1.613079
1.611166
1.611166
1.603072
1.603072
1.611992
1.611992
1.615291
1.615291
1.609828
1.609828
1.608127
1.608127
1.599829
1.599829
1.592360
1.592360
1.618073
1.618073
1.609305
1.609305
1.607371
1.607371
1.596414
1.596414
1.603921
1.603921
1.677193
1.677193
1.609726
1.609726
1.601643
1.601643
1.613488
1.613488
1.606228
1.606228
1.614733
1.614733
1.581255
1.581255
1.601053
1.601053
1.622447
1.622447
1.609977
1.609977
1.605033
1.605033
1.603877
1.603877
1.611001
1.611001
1.610357
1.610357
1.599870
1.599870
1.609495
1.609495
1.611639
1.611639
1.609938
1.609938
1.620401
1.620401
1.616340
1.616340
1.592019
1.592019
1.606694
1.606694
1.611025
1.611025
1.614460
1.614460
1.626868
1.626868
1.599132
1.599132
1.609225
1.609225
1.610131
1.610131
1.606726
1.606726
1.619532
1.619532
1.588913
1.588913
1.620299
1.620299
1.604250
1.604250
1.614329
1.614329
1.596824
1.596824
1.610582
1.610582
1.574718
1.574718
1.610612
1.610612
1.604306
1.604306
1.609088
1.609088
1.613350
1.613350
1.608383
1.608383
1.581229
1.581229
1.612381
1.612381
1.607044
1.607044
1.606479
1.606479
1.612021
1.612021
1.606751
1.606751
1.592106
1.592106
1.602048
1.602048
1.606261
1.606261
1.621514
1.621514
1.609396
1.609396
1.606904
1.606904
1.579419
1.579419
1.600000
1.600000
1.605219
1.605219
1.619254
1.619254
1.612974
1.612974
1.608766
1.608766
1.578014
1.578014
1.610140
1.610140
1.613534
1.613534
1.624024
1.624024
1.595682
1.595682
1.602128
1.602128
1.582725
1.582725
1.604592
1.604592
1.609546
1.609546
1.614325
1.614325
1.611601
1.611601
1.601886
1.601886
1.611800
1.611800
1.614754
1.614754
1.610488
1.610488
1.603965
1.603965
1.612955
1.612955
1.597575
1.597575
1.629172
1.629172
1.593234
1.593234
1.601476
1.601476
1.617430
1.617430
1.614328
1.614328
1.611898
1.611898
1.638059
1.638059
1.626366
1.626366
1.603386
1.603386
1.606817
1.606817
1.614536
1.614536
1.590669
1.590669
1.603212
1.603212
1.611825
1.611825
1.591692
1.591692
1.618733
1.618733
1.617264
1.617264
1.598047
1.598047
1.635545
1.635545
1.614005
1.614005
1.603417
1.603417
1.607150
1.607150
1.615177
1.615177
1.605719
1.605719
1.563003
1.563003
1.599488
1.599488
1.631063
1.631063
1.601692
1.601692
1.603119
1.603119
1.607286
1.607286
1.586456
1.586456
1.597844
1.597844
1.605087
1.605087
1.610190
1.610190
1.622333
1.622333
1.608454
1.608454
1.575653
1.575653
1.598877
1.598877
1.614245
1.614245
1.607965
1.607965
1.607974
1.607974
1.607350
1.607350
1.642751
1.642751
1.615167
1.615167
1.596622
1.596622
1.597136
1.597136
1.620019
1.620019
1.610410
1.610410
1.617322
1.617322
1.596329
1.596329
1.603915
1.603915
1.611371
1.611371
1.615569
1.615569
1.612276
1.612276
1.615246
1.615246
1.597690
1.597690
1.629266
1.629266
1.606247
1.606247
1.601130
1.601130
1.602171
1.602171
1.639351
1.639351
1.613820
1.613820
1.615666
1.615666
1.612720
1.612720
1.600307
1.600307
1.601018
1.601018
1.577646
1.577646
1.601500
1.601500
1.608522
1.608522
1.617918
1.617918
1.609249
1.609249
1.601568
1.601568
1.617697
1.617697
1.597965
1.597965
1.613363
1.613363
1.615017
1.615017
1.599864
1.599864
1.609527
1.609527
1.639901
1.639901
1.611518
1.611518
1.606178
1.606178
1.596420
1.596420
1.620198
1.620198
1.597924
1.597924
1.666232
1.666232
1.616772
1.616772
1.598323
1.598323
1.601269
1.601269
1.608983
1.608983
1.609171
1.609171
1.641931
1.641931
1.627058
1.627058
1.608584
1.608584
1.606636
1.606636
1.598928
1.598928
1.593529
1.593529
1.639568
1.639568
1.591949
1.591949
1.606135
1.606135
1.612655
1.612655
1.616592
1.616592
1.610548
1.610548
1.612999
1.612999
1.604025
1.604025
1.603961
1.603961
1.614876
1.614876
1.603300
1.603300
1.611473
1.611473
1.617174
1.617174
1.612983
1.612983
1.610184
1.610184
1.594069
1.594069
1.613225
1.613225
1.606836
1.606836
1.621797
1.621797
1.611947
1.611947
1.610581
1.610581
1.612335
1.612335
1.604718
1.604718
1.598654
1.598654
1.614156
1.614156
1.610453
1.610453
1.616979
1.616979
1.612771
1.612771
1.599841
1.599841
1.599901
1.599901
1.599366
1.599366
1.604155
1.604155
1.616242
1.616242
1.612285
1.612285
1.599635
1.599635
1.605941
1.605941
1.615633
1.615633
1.605498
1.605498
1.600017
1.600017
1.606479
1.606479
1.605021
1.605021
1.617071
1.617071
1.654315
1.654315
1.608960
1.608960
1.610264
1.610264
1.602200
1.602200
1.614921
1.614921
1.601812
1.601812
1.620631
1.620631
1.613854
1.613854
1.604443
1.604443
1.607795
1.607795
1.612885
1.612885
1.599963
1.599963
1.614305
1.614305
1.613695
1.613695
1.594322
1.594322
1.617070
1.617070
1.607216
1.607216
1.607231
1.607231
1.608329
1.608329
1.605956
1.605956
1.615524
1.615524
1.604484
1.604484
1.599151
1.599151
1.621862
1.621862
1.542416
1.542416
1.599438
1.599438
1.616309
1.616309
1.596453
1.596453
1.617689
1.617689
1.606347
1.606347
1.637329
1.637329
1.604605
1.604605
1.608995
1.608995
