0.7429
1.0709
0.9043
0.9012
0.8308
0.7686
0.6077
0.7695
0.7440
0.8492
0.8206
0.9181
0.8036
0.7316
0.7533
0.6803
0.6735
0.9430
0.8058
0.5997
0.8101
0.8244
0.6853
0.6917
0.8299
0.8155
0.7389
0.7179
0.7345
0.7741
0.6473
0.9282
0.7503
0.7821
0.7658
0.7596
0.7314
0.7078
0.6595
0.6606
0.6499
0.9001
0.6605
0.7777
0.6233
0.6676
0.6564
0.7939
0.7315
0.6950
0.8309
0.6666
0.7094
0.6878
0.6270
0.8761
0.7707
0.9531
0.8278
0.6419
0.8645
0.7194
0.7480
0.6525
0.6032
0.7115
0.6865
0.7908
0.6820
0.7406
0.5948
0.7057
0.7416
0.6891
0.7771
